-70
-69.8623
-69.7285
-69.5983
-69.4718
-69.3487
-69.2291
-69.1128
-68.9997
-68.8897
-68.7828
-68.6789
-68.5778
-68.4795
-68.3839
-68.291
-68.2007
-68.1128
-68.0274
-67.9443
-67.8636
-67.7851
-67.7087
-67.6345
-67.5623
-67.4921
-67.4238
-67.3574
-67.2929
-67.2301
-67.1691
-67.1098
-67.0521
-66.996
-66.9414
-66.8884
-66.8368
-66.7866
-66.7378
-66.6904
-66.6443
-66.5994
-66.5558
-66.5133
-66.4721
-66.432
-66.393
-66.355
-66.3181
-66.2823
-66.2474
-66.2134
-66.1805
-66.1484
-66.1172
-66.0868
-66.0573
-66.0286
-66.0007
-65.9736
-65.9472
-65.9215
-65.8966
-65.8723
-65.8487
-65.8257
-65.8034
-65.7817
-65.7606
-65.74
-65.72
-65.7006
-65.6817
-65.6633
-65.6455
-65.6281
-65.6112
-65.5948
-65.5788
-65.5632
-65.5481
-65.5334
-65.5191
-65.5052
-65.4917
-65.4785
-65.4657
-65.4533
-65.4412
-65.4294
-65.418
-65.4068
-65.396
-65.3855
-65.3752
-65.3653
-65.3556
-65.3462
-65.337
-65.3281
-65.3194
-65.311
-65.3028
-65.2948
-65.2871
-65.2795
-65.2722
-65.2651
-65.2581
-65.2514
-65.2448
-65.2385
-65.2322
-65.2262
-65.2203
-65.2146
-65.2091
-65.2037
-65.1984
-65.1933
-65.1884
-65.1835
-65.1788
-65.1743
-65.1698
-65.1655
-65.1613
-65.1572
-65.1532
-65.1493
-65.1456
-65.1419
-65.1384
-65.1349
-65.1315
-65.1283
-65.1251
-65.122
-65.119
-65.1161
-65.1132
-65.1104
-65.1077
-65.1051
-65.1026
-65.1001
-65.0977
-65.0953
-65.0931
-65.0908
-65.0887
-65.0866
-65.0845
-65.0826
-65.0806
-65.0788
-65.0769
-65.0752
-65.0734
-65.0718
-65.0701
-65.0685
-65.067
-65.0655
-65.064
-65.0626
-65.0612
-65.0599
-65.0586
-65.0573
-65.0561
-65.0549
-65.0537
-65.0526
-65.0514
-65.0504
-65.0493
-65.0483
-65.0473
-65.0464
-65.0454
-65.0445
-65.0436
-65.0428
-65.0419
-65.0411
-65.0403
-65.0395
-65.0388
-65.0381
-65.0374
-65.0367
-65.036
-65.0353
-65.0347
-65.0341
-65.0335
-65.0329
-65.0323
-65.0318
-65.0313
-65.0307
-65.0302
-65.0297
-65.0293
-65.0288
-65.0283
-65.0279
-65.0275
-65.027
-65.0266
-65.0262
-65.0259
-65.0255
-65.0251
-65.0248
-65.0244
-65.0241
-65.0238
-65.0234
-65.0231
-65.0228
-65.0225
-65.0223
-65.022
-65.0217
-65.0215
-65.0212
-65.021
-65.0207
-65.0205
-65.0203
-65.02
-65.0198
-65.0196
-65.0194
-65.0192
-65.019
-65.0188
-65.0187
-65.0185
-65.0183
-65.0181
-65.018
-65.0178
-65.0177
-65.0175
-65.0174
-65.0172
-65.0171
-65.017
-65.0168
-65.0167
-65.0166
-65.0165
-65.0163
-65.0162
-65.0161
-65.016
-65.0159
-65.0158
-65.0157
-65.0156
-65.0155
-65.0154
-65.0153
-65.0153
-65.0152
-65.0151
-65.015
-65.0149
-65.0149
-65.0148
-65.0147
-65.0147
-65.0146
-65.0145
-65.0145
-65.0144
-65.0143
-65.0143
-65.0142
-65.0142
-65.0141
-65.0141
-65.014
-65.014
-65.0139
-65.0139
-65.0138
-65.0138
-65.0137
-65.0137
-65.0137
-65.0136
-65.0136
-65.0135
-65.0135
-65.0135
-65.0134
-65.0134
-65.0134
-65.0133
-65.0133
-65.0133
-65.0133
-65.0132
-65.0132
-65.0132
-65.0131
-65.0131
-65.0131
-65.0131
-65.0131
-65.013
-65.013
-65.013
-65.013
-65.0129
-65.0129
-65.0129
-65.0129
-65.0129
-65.0129
-65.0128
-65.0128
-65.0128
-65.0128
-65.0128
-65.0128
-65.0127
-65.0127
-65.0127
-65.0127
-65.0127
-65.0127
-65.0127
-65.0127
-65.0126
-65.0126
-65.0126
-65.0126
-65.0126
-65.0126
-65.0126
-65.0126
-65.0126
-65.0126
-65.0125
-65.0125
-65.0125
-65.0125
-65.0125
-65.0125
-65.0125
-65.0125
-65.0125
-65.0125
-65.0125
-65.0125
-65.0125
-65.0124
-65.0124
-65.0124
-65.0124
-65.0124
-65.0124
-65.0124
-65.0124
-65.0124
-65.0124
-65.0124
-65.0124
-65.0124
-65.0124
-65.0124
-65.0124
-65.0124
-65.0124
-65.0124
-65.0124
-65.0124
-65.0124
-65.0124
-65.0123
-65.0123
-65.0123
-65.0123
-65.0123
-65.0123
-65.0123
-65.0123
-65.0123
-65.0123
-65.0123
-65.0123
-65.0123
-65.0123
-65.0123
-65.0123
-65.0123
-65.0123
-65.0123
-65.0123
-65.0123
-65.0123
-65.0123
-65.0123
-65.0123
-65.0123
-65.0123
-65.0123
-65.0123
-65.0123
-65.0123
-65.0123
-65.0123
-65.0123
-65.0123
-65.0123
-65.0123
-65.0123
-65.0123
-65.0123
-65.0123
-65.0123
-65.0123
-65.0123
-65.0123
-65.0123
-65.0123
-65.0123
-65.0123
-65.0123
-65.0123
-65.0123
-65.0123
-65.0123
-65.0123
-65.0123
-65.0123
-65.0123
-65.0123
-65.0123
-65.0123
-65.0123
-65.0123
-65.0123
-65.0123
-65.0123
-65.0123
-65.0123
-65.0123
-65.0123
-65.0123
-65.0123
-65.0123
-65.0123
-64.9505
-64.8995
-64.8615
-64.8344
-64.8133
-64.7964
-64.7828
-64.772
-64.7634
-64.7568
-64.7518
-64.7482
-64.7458
-64.7444
-64.7439
-64.7441
-64.745
-64.7465
-64.7484
-64.7508
-64.7534
-64.7564
-64.7596
-64.763
-64.7666
-64.7703
-64.7742
-64.7781
-64.7821
-64.7861
-64.7902
-64.7942
-64.7983
-64.8024
-64.7803
-64.7211
-64.6822
-64.6538
-64.634
-64.6191
-64.6078
-64.5995
-64.5936
-64.5897
-64.5876
-64.5868
-64.5873
-64.5889
-64.5913
-64.5945
-64.5983
-64.6026
-64.6074
-64.6126
-64.618
-64.6054
-64.3438
-64.1607
-63.9765
-63.7874
-63.6114
-63.1602
-62.7369
-62.2574
-61.9175
-61.6598
-61.4649
-61.3128
-61.1493
-61.0078
-60.9002
-60.7118
-60.5814
-60.4378
-60.3297
-60.257
-60.2121
-60.1879
-60.18
-60.1856
-60.2027
-60.2294
-60.2642
-60.306
-60.3537
-60.4063
-60.463
-60.5231
-60.5862
-60.6515
-60.7187
-60.7469
-60.7769
-60.8181
-60.8682
-60.9237
-60.9826
-61.044
-61.1073
-61.172
-61.2377
-61.304
-61.3708
-61.4377
-61.5045
-61.5435
-61.5598
-61.591
-61.6303
-61.6757
-61.7243
-61.7751
-61.8275
-61.8809
-61.9351
-61.9897
-62.0446
-62.0994
-62.1541
-62.1712
-62.1823
-62.2049
-62.2352
-62.2704
-62.2667
-62.2361
-62.1844
-62.1063
-62.0272
-61.8734
-61.7373
-61.6482
-61.5567
-61.4737
-61.3529
-61.1409
-60.8538
-60.6585
-60.4681
-60.277
-60.1307
-59.8891
-59.7233
-59.6085
-59.5366
-59.4933
-59.4723
-59.4697
-59.4824
-59.4674
-59.4739
-59.4966
-59.4966
-59.4666
-59.4279
-59.4221
-59.4228
-59.4157
-59.4325
-59.4651
-59.5107
-59.5654
-59.6273
-59.6951
-59.7676
-59.8439
-59.9234
-60.0052
-60.0889
-60.1741
-60.2602
-60.347
-60.4341
-60.5214
-60.6084
-60.6952
-60.7814
-60.867
-60.9517
-61.0356
-61.1184
-61.2001
-61.2806
-61.3599
-61.438
-61.5148
-61.5902
-61.6643
-61.737
-61.8084
-61.8784
-61.947
-62.0142
-62.08
-62.1444
-62.2075
-62.2691
-62.3294
-62.3884
-62.4461
-62.5024
-62.5575
-62.6113
-62.6638
-62.7151
-62.7652
-62.8142
-62.8619
-62.9085
-62.954
-62.9984
-63.0418
-63.084
-63.1253
-63.1655
-63.2047
-63.243
-63.2803
-63.3167
-63.3522
-63.3868
-63.4205
-63.4534
-63.4855
-63.4657
-63.3923
-63.3507
-63.3264
-63.3156
-63.3123
-63.3144
-63.3209
-63.3309
-63.3438
-63.3553
-63.3045
-63.2235
-63.1735
-63.1428
-63.0446
-62.8457
-62.4447
-62.1067
-61.6534
-61.318
-61.07
-60.8892
-60.753
-60.5775
-60.372
-60.2298
-60.1304
-60.0657
-59.9911
-59.9367
-59.9073
-59.8989
-59.9063
-59.9263
-59.9567
-59.996
-60.0427
-60.0956
-60.1537
-60.2161
-60.2449
-60.2857
-60.3354
-60.3935
-60.4539
-60.4774
-60.5166
-60.5648
-60.5863
-60.613
-60.6518
-60.7005
-60.7554
-60.8146
-60.8474
-60.8703
-60.9072
-60.9533
-61.0061
-61.0628
-61.0771
-61.1013
-61.1365
-61.1812
-61.2313
-61.285
-61.3415
-61.4
-61.46
-61.5212
-61.5832
-61.6456
-61.7082
-61.7708
-61.8333
-61.8955
-61.9572
-62.0183
-62.0788
-62.0932
-62.1087
-62.1348
-62.1441
-62.1301
-62.0148
-61.8514
-61.7061
-61.6128
-61.5546
-61.5172
-61.3949
-61.3171
-61.1901
-61.0758
-60.948
-60.8261
-60.7304
-60.6717
-60.59
-60.3793
-60.1373
-59.9782
-59.8746
-59.811
-59.774
-59.758
-59.7592
-59.7746
-59.7815
-59.7811
-59.7664
-59.7707
-59.7932
-59.8275
-59.7986
-59.7602
-59.7465
-59.7581
-59.7873
-59.8128
-59.8246
-59.8556
-59.8987
-59.9245
-59.9456
-59.9834
-60.0326
-60.0905
-60.1541
-60.2222
-60.2939
-60.3683
-60.4448
-60.523
-60.6024
-60.6825
-60.7632
-60.844
-60.9248
-61.0053
-61.0853
-61.1648
-61.2435
-61.3214
-61.3984
-61.4744
-61.5493
-61.6231
-61.6958
-61.7672
-61.8374
-61.9064
-61.9741
-62.0405
-62.1055
-62.1693
-62.2318
-62.293
-62.3529
-62.4115
-62.4689
-62.5249
-62.5798
-62.6334
-62.6857
-62.7369
-62.7869
-62.8358
-62.8834
-62.93
-62.9755
-63.0198
-63.0631
-63.1054
-63.1466
-63.1869
-63.2261
-63.2644
-63.3017
-63.3381
-63.3737
-63.4083
-63.4421
-63.475
-63.5071
-63.5385
-63.569
-63.5988
-63.6278
-63.6561
-63.6837
-63.7106
-63.7369
-63.7625
-63.7874
-63.8117
-63.8354
-63.8585
-63.8811
-63.903
-63.9244
-63.9453
-63.9495
-63.8765
-63.8081
-63.7633
-63.7351
-63.7174
-63.7065
-63.7009
-63.6994
-63.7015
-63.7065
-63.6048
-63.524
-63.4645
-63.285
-62.6381
-62.0946
-61.7032
-61.424
-61.2131
-60.9951
-60.8303
-60.6914
-60.5493
-60.4507
-60.3821
-60.3388
-60.3147
-60.3063
-60.3114
-60.3211
-60.2922
-60.2551
-60.2452
-60.2544
-60.2781
-60.3118
-60.3534
-60.4014
-60.4491
-60.4623
-60.4535
-60.4676
-60.4629
-60.4704
-60.4528
-60.4585
-60.4799
-60.5143
-60.5571
-60.6065
-60.661
-60.7197
-60.7817
-60.8463
-60.9129
-60.9812
-61.0506
-61.1208
-61.1916
-61.1808
-61.1725
-61.1852
-61.2138
-61.2518
-61.2957
-61.3441
-61.3958
-61.4502
-61.5066
-61.5645
-61.6235
-61.6833
-61.7436
-61.7698
-61.7971
-61.8328
-61.815
-61.7708
-61.7557
-61.7589
-61.7751
-61.7993
-61.8294
-61.8643
-61.9028
-61.9443
-61.9882
-62.034
-62.0812
-62.1206
-62.1147
-62.1275
-62.1495
-62.1796
-62.1923
-62.1775
-62.1498
-62.1197
-62.1114
-62.0979
-62.0676
-62.0081
-61.7997
-61.6059
-61.4142
-61.1158
-60.7171
-60.4061
-60.1877
-60.0345
-59.9254
-59.849
-59.7824
-59.7135

