-70
-69.8623
-69.7285
-69.5983
-69.4718
-69.3487
-69.2291
-69.1128
-68.9997
-68.8897
-68.7828
-68.6789
-68.5778
-68.4795
-68.3839
-68.291
-68.2007
-68.1128
-68.0274
-67.9443
-67.8636
-67.7851
-67.7087
-67.6345
-67.5623
-67.4921
-67.4238
-67.3574
-67.2929
-67.2301
-67.1691
-67.1098
-67.0521
-66.996
-66.9414
-66.8884
-66.8368
-66.7866
-66.7378
-66.6904
-66.6443
-66.5994
-66.5558
-66.5133
-66.4721
-66.432
-66.393
-66.355
-66.3181
-66.2823
-66.2474
-66.2134
-66.1805
-66.1484
-66.1172
-66.0868
-66.0573
-66.0286
-66.0007
-65.9736
-65.9472
-65.9215
-65.8966
-65.8723
-65.8487
-65.8257
-65.8034
-65.7817
-65.7606
-65.74
-65.72
-65.7006
-65.6817
-65.6633
-65.6455
-65.6281
-65.6112
-65.5948
-65.5788
-65.5632
-65.5481
-65.5334
-65.5191
-65.5052
-65.4917
-65.4785
-65.4657
-65.4533
-65.4412
-65.4294
-65.418
-65.4068
-65.396
-65.3855
-65.3752
-65.3653
-65.3556
-65.3462
-65.337
-65.3281
-65.3194
-65.311
-65.3028
-65.2948
-65.2871
-65.2795
-65.2722
-65.2651
-65.2581
-65.2514
-65.2448
-65.2385
-65.2322
-65.2262
-65.2203
-65.2146
-65.2091
-65.2037
-65.1984
-65.1933
-65.1884
-65.1835
-65.1788
-65.1743
-65.1698
-65.1655
-65.1613
-65.1572
-65.1532
-65.1493
-65.1456
-65.1419
-65.1384
-65.1349
-65.1315
-65.1283
-65.1251
-65.122
-65.119
-65.1161
-65.1132
-65.1104
-65.1077
-65.1051
-65.1026
-65.1001
-65.0977
-65.0953
-65.0931
-65.0908
-65.0887
-65.0866
-65.0845
-65.0826
-65.0806
-65.0788
-65.0769
-65.0752
-65.0734
-65.0718
-65.0701
-65.0685
-65.067
-65.0655
-65.064
-65.0626
-65.0612
-65.0599
-65.0586
-65.0573
-65.0561
-65.0549
-65.0537
-65.0526
-65.0514
-65.0504
-65.0493
-65.0483
-65.0473
-65.0464
-65.0454
-65.0445
-65.0436
-65.0428
-65.0419
-65.0411
-65.0403
-65.0395
-65.0388
-65.0381
-65.0374
-65.0367
-65.036
-65.0353
-65.0347
-65.0341
-65.0335
-65.0329
-65.0323
-65.0318
-65.0313
-65.0307
-65.0302
-65.0297
-65.0293
-65.0288
-65.0283
-65.0279
-65.0275
-65.027
-65.0266
-65.0262
-65.0259
-65.0255
-65.0251
-65.0248
-65.0244
-65.0241
-65.0238
-65.0234
-65.0231
-65.0228
-65.0225
-65.0223
-65.022
-65.0217
-65.0215
-65.0212
-65.021
-65.0207
-65.0205
-65.0203
-65.02
-65.0198
-65.0196
-65.0194
-65.0192
-65.019
-65.0188
-65.0187
-65.0185
-65.0183
-65.0181
-65.018
-65.0178
-65.0177
-65.0175
-65.0174
-65.0172
-65.0171
-65.017
-65.0168
-65.0167
-65.0166
-65.0165
-65.0163
-65.0162
-65.0161
-65.016
-65.0159
-65.0158
-65.0157
-65.0156
-65.0155
-65.0154
-65.0153
-65.0153
-65.0152
-65.0151
-65.015
-65.0149
-65.0149
-65.0148
-65.0147
-65.0147
-65.0146
-65.0145
-65.0145
-65.0144
-65.0143
-65.0143
-65.0142
-65.0142
-65.0141
-65.0141
-65.014
-65.014
-65.0139
-65.0139
-65.0138
-65.0138
-65.0137
-65.0137
-65.0137
-65.0136
-65.0136
-65.0135
-65.0135
-65.0135
-65.0134
-65.0134
-65.0134
-65.0133
-65.0133
-65.0133
-65.0133
-65.0132
-65.0132
-65.0132
-65.0131
-65.0131
-65.0131
-65.0131
-65.0131
-65.013
-65.013
-65.013
-65.013
-65.0129
-65.0129
-65.0129
-65.0129
-65.0129
-65.0129
-65.0128
-65.0128
-65.0128
-65.0128
-65.0128
-65.0128
-65.0127
-65.0127
-65.0127
-65.0127
-65.0127
-65.0127
-65.0127
-65.0127
-65.0126
-65.0126
-65.0126
-65.0126
-65.0126
-65.0126
-65.0126
-65.0126
-65.0126
-65.0126
-65.0125
-65.0125
-65.0125
-65.0125
-65.0125
-65.0125
-65.0125
-65.0125
-65.0125
-65.0125
-65.0125
-65.0125
-65.0125
-65.0124
-65.0124
-65.0124
-65.0124
-65.0124
-65.0124
-65.0124
-65.0124
-65.0124
-65.0124
-65.0124
-65.0124
-65.0124
-65.0124
-65.0124
-65.0124
-65.0124
-65.0124
-65.0124
-65.0124
-65.0124
-65.0124
-65.0124
-65.0123
-65.0123
-65.0123
-65.0123
-65.0123
-65.0123
-65.0123
-65.0123
-65.0123
-65.0123
-65.0123
-65.0123
-65.0123
-65.0123
-65.0123
-65.0123
-65.0123
-65.0123
-65.0123
-65.0123
-65.0123
-65.0123
-65.0123
-65.0123
-65.0123
-65.0123
-65.0123
-65.0123
-65.0123
-65.0123
-65.0123
-65.0123
-65.0123
-65.0123
-65.0123
-65.0123
-65.0123
-65.0123
-65.0123
-65.0123
-65.0123
-65.0123
-65.0123
-65.0123
-65.0123
-65.0123
-65.0123
-65.0123
-65.0123
-65.0123
-65.0123
-65.0123
-65.0123
-65.0123
-65.0123
-65.0123
-65.0123
-65.0123
-65.0123
-65.0123
-65.0123
-65.0123
-65.0123
-65.0123
-65.0123
-65.0123
-65.0123
-65.0123
-65.0123
-65.0123
-65.0123
-65.0123
-65.0123
-65.0123
-64.8272
-64.6749
-64.5616
-64.4807
-64.4179
-64.3677
-64.3273
-64.2951
-64.2696
-64.2499
-64.2351
-64.2244
-64.2173
-64.2132
-64.2117
-64.2125
-64.2152
-64.2195
-64.2252
-64.2321
-64.2401
-64.2489
-64.2584
-64.2685
-64.2792
-64.2902
-64.3016
-64.3133
-64.3251
-64.3371
-64.3491
-64.3613
-64.3734
-64.3855
-64.2937
-64.0552
-63.8977
-63.7818
-63.7003
-63.6379
-63.5899
-63.5534
-63.5266
-63.5078
-63.4957
-63.4894
-63.488
-63.4906
-63.4968
-63.506
-63.5177
-63.5316
-63.4876
-63.0665
-62.7801
-62.4819
-61.8644
-61.2736
-60.6494
-60.0341
-59.4897
-58.5363
-57.6493
-56.7146
-55.8984
-55.2207
-54.7173
-54.3318
-53.9146
-53.4661
-53.0354
-52.5199
-52.1455
-51.8623
-51.6359
-51.4448
-51.2394
-51.0205
-50.8521
-50.7138
-50.5052
-50.3289
-50.1655
-49.9899
-49.798
-49.5906
-49.4337
-49.3101
-49.2129
-49.1346
-49.0714
-49.0209
-48.9818
-48.953
-48.9085
-48.8055
-48.7036
-48.6236
-48.5583
-48.5022
-48.4515
-48.4047
-48.36
-48.3161
-48.2508
-48.1416
-48.0155
-47.8935
-47.7295
-47.4728
-47.2137
-46.9217
-46.5755
-46.1422
-45.5517
-44.6875
-43.2329
-40.2047
-23.6768
36.4519
-11.4768
-42.9179
-57.5065
-61.4035
-62.6194
-63.0623
-63.1643
-63.0845
-62.7984
-62.3931
-62.0602
-61.7296
-61.4574
-61.078
-60.4316
-59.7801
-59.065
-58.4914
-57.9233
-57.3749
-56.7987
-56.2026
-55.7029
-55.2001
-54.7704
-54.4001
-54.0769
-53.7929
-53.5454
-53.2794
-53.0469
-52.8874
-52.7453
-52.6204
-52.5126
-52.3974
-52.3174
-52.2806
-52.2778
-52.3016
-52.347
-52.4111
-52.4914
-52.5861
-52.6935
-52.8121
-52.9406
-53.0779
-53.2228
-53.3745
-53.532
-53.6943
-53.8606
-54.0302
-54.2024
-54.3766
-54.5525
-54.7296
-54.9072
-55.0849
-55.2623
-55.4392
-55.6152
-55.7902
-55.9639
-56.1359
-56.3061
-56.4745
-56.6408
-56.8049
-56.9668
-57.1263
-57.2832
-57.4376
-57.5895
-57.7387
-57.8854
-58.0294
-58.1706
-58.3092
-58.445
-58.5782
-58.7088
-58.8367
-58.9619
-59.0846
-59.2046
-59.322
-59.437
-59.5494
-59.6594
-59.7669
-59.8721
-59.9749
-60.0754
-60.1737
-60.2697
-60.3634
-60.4551
-60.5446
-60.6321
-60.7176
-60.8011
-60.8623
-60.7419
-60.2792
-59.9747
-59.7645
-59.6295
-59.5077
-59.2514
-59.0696
-58.9439
-58.8649
-58.7616
-58.5478
-57.8583
-57.289
-56.8336
-56.309
-55.7158
-54.9499
-54.3655
-53.7707
-53.3054
-52.9513
-52.5814
-52.2802
-51.9404
-51.5221
-51.2222
-50.9959
-50.8307
-50.6366
-50.3655
-50.1529
-49.993
-49.8593
-49.6955
-49.5353
-49.2577
-49.0301
-48.8095
-48.6201
-48.4006
-48.1304
-47.8076
-47.4906
-47.1674
-46.8175
-46.3845
-45.8169
-45.0829
-44.0096
-42.0984
-37.0862
28.2437
14.6537
-26.0253
-52.6873
-60.988
-63.2567
-63.9299
-64.1058
-64.1024
-64.0035
-63.8015
-63.6323
-63.4888
-63.3715
-63.2727
-63.1471
-63.0421
-62.9575
-62.8906
-62.8367
-62.7932
-62.7586
-62.7316
-62.7113
-62.6966
-62.6403
-62.4979
-62.3847
-62.203
-61.9806
-61.6976
-61.3385
-60.8647
-60.4559
-60.0744
-59.7676
-59.4943
-59.2699
-58.9948
-58.6045
-58.2314
-57.8676
-57.4918
-57.0745
-56.6076
-56.1726
-55.8341
-55.5154
-55.2264
-54.7667
-54.2487
-53.842
-53.4818
-53.2106
-53.0034
-52.8219
-52.6477
-52.5337
-52.4462
-52.3566
-52.2678
-52.1608
-52.1073
-51.9998
-51.9398
-51.8495
-51.7434
-51.6759
-51.6328
-51.6307
-51.6301
-51.6197
-51.6443
-51.6951
-51.7685
-51.8594
-51.9655
-52.0849
-52.216
-52.3576
-52.5086
-52.6676
-52.8333
-53.005
-53.1817
-53.3625
-53.547
-53.7343
-53.9237
-54.1145
-54.3061
-54.4981
-54.6902
-54.882
-55.0729
-55.2625
-55.4507
-55.6374
-55.8222
-56.0051
-56.1855
-56.3636
-56.5392
-56.7122
-56.8826
-57.0503
-57.215
-57.3768
-57.5357
-57.6917
-57.8449
-57.995
-58.1422
-58.2863
-58.4276
-58.5659
-58.7013
-58.8339
-58.9636
-59.0906
-59.2147
-59.336
-59.4547
-59.5707
-59.6841
-59.7949
-59.9033
-60.0091
-60.1125
-60.2134
-60.312
-60.4083
-60.5024
-60.5942
-60.6839
-60.7715
-60.857
-60.9405
-61.0219
-61.1015
-61.1791
-61.2548
-61.3288
-61.401
-61.4714
-61.5401
-61.6072
-61.6727
-61.709
-61.722
-61.6899
-61.6022
-61.3181
-60.8084
-60.4509
-60.0671
-59.7472
-59.4813
-59.2765
-58.9944
-58.7309
-58.5296
-58.1934
-57.9211
-57.7299
-57.3953
-56.4321
-55.3875
-54.6131
-54.0618
-53.6317
-53.1736
-52.836
-52.5286
-52.2583
-51.9837
-51.696
-51.3964
-51.1819
-51.0261
-50.8936
-50.7946
-50.6847
-50.4467
-50.1988
-49.9652
-49.7377
-49.5428
-49.3593
-49.2109
-49.0914
-48.9939
-48.9122
-48.8436
-48.7864
-48.7283
-48.618
-48.4944
-48.3619
-48.2489
-48.1435
-48.0201
-47.8872
-47.7324
-47.5575
-47.3431
-47.1039
-46.8254
-46.4602
-45.9945
-45.3763
-44.4479
-42.9025
-39.4257
-12.4201
30.1173
-17.4942
-49.125
-61.4555
-64.8204
-65.8754
-66.2391
-66.3036
-66.2662
-66.1972
-66.1201
-66.0422
-65.9663
-65.8847
-65.7594
-65.6564
-65.566
-65.4134
-65.2063
-64.9844
-64.8101
-64.6698
-64.5538
-64.4546
-64.3688
-64.2631
-64.0656
-63.8049
-63.5876
-63.3716
-63.1426
-62.9232
-62.7483
-62.4676
-61.9755
-61.4122
-60.8368
-60.1425
-59.5026
-58.8704
-58.2093
-57.6361
-57.1573
-56.4212
-55.7443
-55.2201
-54.813
-54.4889
-54.1897
-53.9542
-53.7466

