-70
-69.8623
-69.7285
-69.5983
-69.4718
-69.3487
-69.2291
-69.1128
-68.9997
-68.8897
-68.7828
-68.6789
-68.5778
-68.4795
-68.3839
-68.291
-68.2007
-68.1128
-68.0274
-67.9443
-67.8636
-67.7851
-67.7087
-67.6345
-67.5623
-67.4921
-67.4238
-67.3574
-67.2929
-67.2301
-67.1691
-67.1098
-67.0521
-66.996
-66.9414
-66.8884
-66.8368
-66.7866
-66.7378
-66.6904
-66.6443
-66.5994
-66.5558
-66.5133
-66.4721
-66.432
-66.393
-66.355
-66.3181
-66.2823
-66.2474
-66.2134
-66.1805
-66.1484
-66.1172
-66.0868
-66.0573
-66.0286
-66.0007
-65.9736
-65.9472
-65.9215
-65.8966
-65.8723
-65.8487
-65.8257
-65.8034
-65.7817
-65.7606
-65.74
-65.72
-65.7006
-65.6817
-65.6633
-65.6455
-65.6281
-65.6112
-65.5948
-65.5788
-65.5632
-65.5481
-65.5334
-65.5191
-65.5052
-65.4917
-65.4785
-65.4657
-65.4533
-65.4412
-65.4294
-65.418
-65.4068
-65.396
-65.3855
-65.3752
-65.3653
-65.3556
-65.3462
-65.337
-65.3281
-65.3194
-65.311
-65.3028
-65.2948
-65.2871
-65.2795
-65.2722
-65.2651
-65.2581
-65.2514
-65.2448
-65.2385
-65.2322
-65.2262
-65.2203
-65.2146
-65.2091
-65.2037
-65.1984
-65.1933
-65.1884
-65.1835
-65.1788
-65.1743
-65.1698
-65.1655
-65.1613
-65.1572
-65.1532
-65.1493
-65.1456
-65.1419
-65.1384
-65.1349
-65.1315
-65.1283
-65.1251
-65.122
-65.119
-65.1161
-65.1132
-65.1104
-65.1077
-65.1051
-65.1026
-65.1001
-65.0977
-65.0953
-65.0931
-65.0908
-65.0887
-65.0866
-65.0845
-65.0826
-65.0806
-65.0788
-65.0769
-65.0752
-65.0734
-65.0718
-65.0701
-65.0685
-65.067
-65.0655
-65.064
-65.0626
-65.0612
-65.0599
-65.0586
-65.0573
-65.0561
-65.0549
-65.0537
-65.0526
-65.0514
-65.0504
-65.0493
-65.0483
-65.0473
-65.0464
-65.0454
-65.0445
-65.0436
-65.0428
-65.0419
-65.0411
-65.0403
-65.0395
-65.0388
-65.0381
-65.0374
-65.0367
-65.036
-65.0353
-65.0347
-65.0341
-65.0335
-65.0329
-65.0323
-65.0318
-65.0313
-65.0307
-65.0302
-65.0297
-65.0293
-65.0288
-65.0283
-65.0279
-65.0275
-65.027
-65.0266
-65.0262
-65.0259
-65.0255
-65.0251
-65.0248
-65.0244
-65.0241
-65.0238
-65.0234
-65.0231
-65.0228
-65.0225
-65.0223
-65.022
-65.0217
-65.0215
-65.0212
-65.021
-65.0207
-65.0205
-65.0203
-65.02
-65.0198
-65.0196
-65.0194
-65.0192
-65.019
-65.0188
-65.0187
-65.0185
-65.0183
-65.0181
-65.018
-65.0178
-65.0177
-65.0175
-65.0174
-65.0172
-65.0171
-65.017
-65.0168
-65.0167
-65.0166
-65.0165
-65.0163
-65.0162
-65.0161
-65.016
-65.0159
-65.0158
-65.0157
-65.0156
-65.0155
-65.0154
-65.0153
-65.0153
-65.0152
-65.0151
-65.015
-65.0149
-65.0149
-65.0148
-65.0147
-65.0147
-65.0146
-65.0145
-65.0145
-65.0144
-65.0143
-65.0143
-65.0142
-65.0142
-65.0141
-65.0141
-65.014
-65.014
-65.0139
-65.0139
-65.0138
-65.0138
-65.0137
-65.0137
-65.0137
-65.0136
-65.0136
-65.0135
-65.0135
-65.0135
-65.0134
-65.0134
-65.0134
-65.0133
-65.0133
-65.0133
-65.0133
-65.0132
-65.0132
-65.0132
-65.0131
-65.0131
-65.0131
-65.0131
-65.0131
-65.013
-65.013
-65.013
-65.013
-65.0129
-65.0129
-65.0129
-65.0129
-65.0129
-65.0129
-65.0128
-65.0128
-65.0128
-65.0128
-65.0128
-65.0128
-65.0127
-65.0127
-65.0127
-65.0127
-65.0127
-65.0127
-65.0127
-65.0127
-65.0126
-65.0126
-65.0126
-65.0126
-65.0126
-65.0126
-65.0126
-65.0126
-65.0126
-65.0126
-65.0125
-65.0125
-65.0125
-65.0125
-65.0125
-65.0125
-65.0125
-65.0125
-65.0125
-65.0125
-65.0125
-65.0125
-65.0125
-65.0124
-65.0124
-65.0124
-65.0124
-65.0124
-65.0124
-65.0124
-65.0124
-65.0124
-65.0124
-65.0124
-65.0124
-65.0124
-65.0124
-65.0124
-65.0124
-65.0124
-65.0124
-65.0124
-65.0124
-65.0124
-65.0124
-65.0124
-65.0123
-65.0123
-65.0123
-65.0123
-65.0123
-65.0123
-65.0123
-65.0123
-65.0123
-65.0123
-65.0123
-65.0123
-65.0123
-65.0123
-65.0123
-65.0123
-65.0123
-65.0123
-65.0123
-65.0123
-65.0123
-65.0123
-65.0123
-65.0123
-65.0123
-65.0123
-65.0123
-65.0123
-65.0123
-65.0123
-65.0123
-65.0123
-65.0123
-65.0123
-65.0123
-65.0123
-65.0123
-65.0123
-65.0123
-65.0123
-65.0123
-65.0123
-65.0123
-65.0123
-65.0123
-65.0123
-65.0123
-65.0123
-65.0123
-65.0123
-65.0123
-65.0123
-65.0123
-65.0123
-65.0123
-65.0123
-65.0123
-65.0123
-65.0123
-65.0123
-65.0123
-65.0123
-65.0123
-65.0123
-65.0123
-65.0123
-65.0123
-65.0123
-65.0123
-65.0123
-65.0123
-65.0123
-65.0123
-65.0123
-64.6429
-64.3402
-64.1155
-63.9555
-63.8313
-63.7321
-63.6525
-63.5889
-63.5388
-63.5
-63.4707
-63.4497
-63.4356
-63.4276
-63.4246
-63.4261
-63.4313
-63.4398
-63.451
-63.4646
-63.4802
-63.4976
-63.5163
-63.5362
-63.5572
-63.5789
-63.6013
-63.6243
-63.6476
-63.6712
-63.695
-63.7189
-63.7428
-63.7667
-63.7391
-63.6384
-63.5776
-63.5373
-63.5138
-63.4997
-63.4925
-63.4908
-63.4937
-63.5004
-63.5102
-63.5225
-63.5371
-63.5534
-63.5712
-63.5571
-63.5177
-63.4975
-63.4437
-63.3345
-63.2654
-63.1172
-62.6556
-62.3121
-61.8789
-61.3143
-60.753
-59.8285
-59.0843
-58.3213
-57.7781
-57.3653
-57.053
-56.812
-56.5024
-56.1658
-55.8608
-55.5019
-55.2145
-54.8704
-54.5827
-54.363
-54.189
-54.0287
-53.925
-53.8635
-53.8377
-53.8396
-53.8649
-53.8915
-53.9184
-53.9295
-53.9694
-53.9945
-54.0057
-54.0511
-54.1195
-54.2071
-54.3083
-54.4205
-54.5421
-54.6495
-54.7446
-54.8551
-54.9415
-55.0086
-55.0501
-55.1122
-55.198
-55.301
-55.4153
-55.5381
-55.6674
-55.7961
-55.8957
-56.0108
-56.0868
-56.1281
-56.1998
-56.2903
-56.3594
-56.431
-56.4892
-56.5551
-56.6395
-56.6779
-56.6551
-56.6704
-56.6946
-56.6256
-56.5514
-56.491
-56.445
-56.4398
-56.3863
-56.3184
-56.2459
-56.1076
-56.0356
-55.9287
-55.7858
-55.6264
-55.4465
-55.0915
-54.7385
-54.4236
-54.0572
-53.7309
-53.4179
-53.1118
-52.8604
-52.6431
-52.4402
-52.2831
-52.1541
-51.9813
-51.8331
-51.7434
-51.6627
-51.5419
-51.441
-51.3906
-51.3787
-51.3967
-51.4009
-51.4338
-51.4902
-51.5679
-51.6627
-51.7724
-51.8953
-52.03
-52.1752
-52.3297
-52.4925
-52.6628
-52.8391
-53.0206
-53.2063
-53.3956
-53.588
-53.7828
-53.9791
-54.1763
-54.374
-54.5717
-54.7692
-54.9659
-55.1614
-55.3553
-55.5477
-55.7382
-55.9266
-56.1127
-56.2962
-56.4771
-56.6554
-56.8309
-57.0036
-57.1733
-57.3399
-57.5035
-57.6641
-57.8216
-57.9761
-58.1275
-58.2758
-58.4211
-58.5633
-58.7024
-58.8387
-58.972
-59.1024
-59.2298
-59.3544
-59.4762
-59.5952
-59.7116
-59.8253
-59.9363
-60.0448
-60.1508
-60.2542
-60.3552
-60.4538
-60.5501
-60.6441
-60.7359
-60.8255
-60.9129
-60.9828
-61.0105
-61.0544
-61.1052
-61.162
-61.2178
-61.227
-61.2533
-61.2884
-61.3311
-61.3703
-61.2424
-60.9085
-60.6094
-60.2634
-59.8599
-59.1616
-58.2628
-57.4908
-56.7517
-56.1698
-55.7377
-55.3642
-55.0839
-54.7015
-54.3987
-54.1815
-54.0248
-53.896
-53.7962
-53.7172
-53.6801
-53.6745
-53.668
-53.6621
-53.6793
-53.7233
-53.7553
-53.8122
-53.8555
-53.8919
-53.8882
-53.8343
-53.8308
-53.864
-53.9058
-53.8767
-53.8509
-53.8509
-53.868
-53.919
-53.9529
-53.9693
-53.944
-53.9145
-53.8626
-53.86
-53.8938
-53.9561
-54.0383
-54.1361
-54.247
-54.3688
-54.4998
-54.6385
-54.7836
-54.9338
-55.0883
-55.2462
-55.4066
-55.5361
-55.6719
-55.8151
-55.9646
-56.1172
-56.2717
-56.4272
-56.5754
-56.6811
-56.8028
-56.8597
-56.898
-56.8818
-56.8673
-56.7073
-56.4887
-56.3655
-56.1889
-56.0353
-55.9458
-55.9032
-55.7574
-55.5921
-55.4577
-55.3867
-55.2901
-55.1056
-54.923
-54.7063
-54.4547
-54.2491
-53.9951
-53.7478
-53.4433
-53.2077
-53.0565
-52.9255
-52.8059
-52.7267
-52.6738
-52.6405
-52.5954
-52.5381
-52.4324
-52.2887
-52.1786
-52.0859
-51.9996
-51.9011
-51.8304
-51.794
-51.7733
-51.7655
-51.7796
-51.8238
-51.8916
-51.9791
-52.0829
-52.2009
-52.3316
-52.4735
-52.6253
-52.7854
-52.9527
-53.1262
-53.305
-53.4883
-53.6753
-53.8654
-54.0574
-54.2508
-54.4452
-54.6401
-54.835
-55.0295
-55.2229
-55.4152
-55.606
-55.7953
-55.9826
-56.1677
-56.3505
-56.5308
-56.7086
-56.8838
-57.0561
-57.2256
-57.3921
-57.5557
-57.7163
-57.8739
-58.0286
-58.1801
-58.3285
-58.474
-58.6164
-58.7558
-58.8924
-59.0259
-59.1566
-59.2843
-59.4092
-59.5312
-59.6506
-59.7672
-59.8812
-59.9925
-60.1012
-60.2074
-60.3111
-60.4124
-60.5112
-60.6077
-60.7019
-60.7939
-60.8837
-60.9713
-61.0568
-61.1402
-61.2216
-61.301
-61.3785
-61.4541
-61.5279
-61.5998
-61.67
-61.7385
-61.8053
-61.8705
-61.9341
-61.9961
-62.0566
-62.1156
-62.1731
-62.0494
-61.8715
-61.7603
-61.6499
-61.5702
-61.5184
-61.4879
-61.3784
-61.1972
-60.9997
-60.7201
-60.5215
-60.3823
-60.22
-59.2497
-58.0977
-57.2795
-56.6978
-56.2706
-55.8929
-55.6085
-55.2675
-54.9979
-54.8039
-54.6476
-54.5362
-54.4666
-54.4323
-54.4267
-54.4452
-54.3869
-54.2472
-54.1108
-53.9894
-53.9053
-53.8422
-53.7974
-53.7431
-53.7356
-53.7596
-53.8101
-53.8802
-53.9665
-54.0644
-54.0113
-53.9868
-54.0056
-54.0608
-54.1393
-54.2344
-54.3101
-54.3973
-54.5017
-54.6203
-54.7489
-54.8539
-54.9698
-55.097
-55.2339
-55.3771
-55.5249
-55.6763
-55.8303
-55.9862
-56.1434
-56.3013
-56.4595
-56.6177
-56.7754
-56.9324
-57.0884
-57.243
-57.3961
-57.5475
-57.6972
-57.845
-57.9907
-58.07
-58.081
-58.1293
-58.1979
-58.2412
-58.2447
-58.2244
-58.2414
-58.2821
-58.3398
-58.4083
-58.4849
-58.5358
-58.5454
-58.5649
-58.5689
-58.6008
-58.6213
-58.5466
-58.4853
-58.335
-58.1972
-57.9969
-57.6789
-57.4085
-57.0309
-56.55
-56.131
-55.7701
-55.3586
-54.8936
-54.4662
-54.1717
-53.9633
-53.7854
-53.613
-53.4054

