-70
-69.8623
-69.7285
-69.5983
-69.4718
-69.3487
-69.2291
-69.1128
-68.9997
-68.8897
-68.7828
-68.6789
-68.5778
-68.4795
-68.3839
-68.291
-68.2007
-68.1128
-68.0274
-67.9443
-67.8636
-67.7851
-67.7087
-67.6345
-67.5623
-67.4921
-67.4238
-67.3574
-67.2929
-67.2301
-67.1691
-67.1098
-67.0521
-66.996
-66.9414
-66.8884
-66.8368
-66.7866
-66.7378
-66.6904
-66.6443
-66.5994
-66.5558
-66.5133
-66.4721
-66.432
-66.393
-66.355
-66.3181
-66.2823
-66.2474
-66.2134
-66.1805
-66.1484
-66.1172
-66.0868
-66.0573
-66.0286
-66.0007
-65.9736
-65.9472
-65.9215
-65.8966
-65.8723
-65.8487
-65.8257
-65.8034
-65.7817
-65.7606
-65.74
-65.72
-65.7006
-65.6817
-65.6633
-65.6455
-65.6281
-65.6112
-65.5948
-65.5788
-65.5632
-65.5481
-65.5334
-65.5191
-65.5052
-65.4917
-65.4785
-65.4657
-65.4533
-65.4412
-65.4294
-65.418
-65.4068
-65.396
-65.3855
-65.3752
-65.3653
-65.3556
-65.3462
-65.337
-65.3281
-65.3194
-65.311
-65.3028
-65.2948
-65.2871
-65.2795
-65.2722
-65.2651
-65.2581
-65.2514
-65.2448
-65.2385
-65.2322
-65.2262
-65.2203
-65.2146
-65.2091
-65.2037
-65.1984
-65.1933
-65.1884
-65.1835
-65.1788
-65.1743
-65.1698
-65.1655
-65.1613
-65.1572
-65.1532
-65.1493
-65.1456
-65.1419
-65.1384
-65.1349
-65.1315
-65.1283
-65.1251
-65.122
-65.119
-65.1161
-65.1132
-65.1104
-65.1077
-65.1051
-65.1026
-65.1001
-65.0977
-65.0953
-65.0931
-65.0908
-65.0887
-65.0866
-65.0845
-65.0826
-65.0806
-65.0788
-65.0769
-65.0752
-65.0734
-65.0718
-65.0701
-65.0685
-65.067
-65.0655
-65.064
-65.0626
-65.0612
-65.0599
-65.0586
-65.0573
-65.0561
-65.0549
-65.0537
-65.0526
-65.0514
-65.0504
-65.0493
-65.0483
-65.0473
-65.0464
-65.0454
-65.0445
-65.0436
-65.0428
-65.0419
-65.0411
-65.0403
-65.0395
-65.0388
-65.0381
-65.0374
-65.0367
-65.036
-65.0353
-65.0347
-65.0341
-65.0335
-65.0329
-65.0323
-65.0318
-65.0313
-65.0307
-65.0302
-65.0297
-65.0293
-65.0288
-65.0283
-65.0279
-65.0275
-65.027
-65.0266
-65.0262
-65.0259
-65.0255
-65.0251
-65.0248
-65.0244
-65.0241
-65.0238
-65.0234
-65.0231
-65.0228
-65.0225
-65.0223
-65.022
-65.0217
-65.0215
-65.0212
-65.021
-65.0207
-65.0205
-65.0203
-65.02
-65.0198
-65.0196
-65.0194
-65.0192
-65.019
-65.0188
-65.0187
-65.0185
-65.0183
-65.0181
-65.018
-65.0178
-65.0177
-65.0175
-65.0174
-65.0172
-65.0171
-65.017
-65.0168
-65.0167
-65.0166
-65.0165
-65.0163
-65.0162
-65.0161
-65.016
-65.0159
-65.0158
-65.0157
-65.0156
-65.0155
-65.0154
-65.0153
-65.0153
-65.0152
-65.0151
-65.015
-65.0149
-65.0149
-65.0148
-65.0147
-65.0147
-65.0146
-65.0145
-65.0145
-65.0144
-65.0143
-65.0143
-65.0142
-65.0142
-65.0141
-65.0141
-65.014
-65.014
-65.0139
-65.0139
-65.0138
-65.0138
-65.0137
-65.0137
-65.0137
-65.0136
-65.0136
-65.0135
-65.0135
-65.0135
-65.0134
-65.0134
-65.0134
-65.0133
-65.0133
-65.0133
-65.0133
-65.0132
-65.0132
-65.0132
-65.0131
-65.0131
-65.0131
-65.0131
-65.0131
-65.013
-65.013
-65.013
-65.013
-65.0129
-65.0129
-65.0129
-65.0129
-65.0129
-65.0129
-65.0128
-65.0128
-65.0128
-65.0128
-65.0128
-65.0128
-65.0127
-65.0127
-65.0127
-65.0127
-65.0127
-65.0127
-65.0127
-65.0127
-65.0126
-65.0126
-65.0126
-65.0126
-65.0126
-65.0126
-65.0126
-65.0126
-65.0126
-65.0126
-65.0125
-65.0125
-65.0125
-65.0125
-65.0125
-65.0125
-65.0125
-65.0125
-65.0125
-65.0125
-65.0125
-65.0125
-65.0125
-65.0124
-65.0124
-65.0124
-65.0124
-65.0124
-65.0124
-65.0124
-65.0124
-65.0124
-65.0124
-65.0124
-65.0124
-65.0124
-65.0124
-65.0124
-65.0124
-65.0124
-65.0124
-65.0124
-65.0124
-65.0124
-65.0124
-65.0124
-65.0123
-65.0123
-65.0123
-65.0123
-65.0123
-65.0123
-65.0123
-65.0123
-65.0123
-65.0123
-65.0123
-65.0123
-65.0123
-65.0123
-65.0123
-65.0123
-65.0123
-65.0123
-65.0123
-65.0123
-65.0123
-65.0123
-65.0123
-65.0123
-65.0123
-65.0123
-65.0123
-65.0123
-65.0123
-65.0123
-65.0123
-65.0123
-65.0123
-65.0123
-65.0123
-65.0123
-65.0123
-65.0123
-65.0123
-65.0123
-65.0123
-65.0123
-65.0123
-65.0123
-65.0123
-65.0123
-65.0123
-65.0123
-65.0123
-65.0123
-65.0123
-65.0123
-65.0123
-65.0123
-65.0123
-65.0123
-65.0123
-65.0123
-65.0123
-65.0123
-65.0123
-65.0123
-65.0123
-65.0123
-65.0123
-65.0123
-65.0123
-65.0123
-65.0123
-65.0123
-65.0123
-65.0123
-65.0123
-65.0123
-64.8272
-64.6749
-64.5616
-64.4807
-64.4179
-64.3677
-64.3273
-64.2951
-64.2696
-64.2499
-64.2351
-64.2244
-64.2173
-64.2132
-64.2117
-64.2125
-64.2152
-64.2195
-64.2252
-64.2321
-64.2401
-64.2489
-64.2584
-64.2685
-64.2792
-64.2902
-64.3016
-64.3133
-64.3251
-64.3371
-64.3491
-64.3613
-64.3734
-64.3855
-64.3197
-64.1436
-64.0281
-63.9438
-63.8854
-63.8412
-63.8079
-63.7833
-63.7658
-63.7543
-63.7479
-63.7457
-63.7472
-63.7518
-63.7589
-63.7682
-63.7795
-63.7922
-63.755
-63.4649
-63.2655
-63.0386
-62.3932
-61.9135
-61.4828
-60.9676
-60.4694
-59.5117
-58.7314
-57.7703
-57.0498
-56.3734
-55.8831
-55.5052
-55.0947
-54.7075
-54.3877
-54.0121
-53.7417
-53.4536
-53.214
-52.9979
-52.8142
-52.6805
-52.5944
-52.5412
-52.4677
-52.3639
-52.2891
-52.2582
-52.2616
-52.2515
-52.2714
-52.2779
-52.3145
-52.3738
-52.4535
-52.5487
-52.6215
-52.669
-52.7349
-52.825
-52.9337
-53.0558
-53.1885
-53.3301
-53.4792
-53.6179
-53.7358
-53.8294
-53.9154
-53.9984
-54.0713
-54.1241
-54.1693
-54.2037
-54.2507
-54.327
-54.3994
-54.4757
-54.5721
-54.683
-54.7755
-54.8582
-54.8699
-54.915
-54.9456
-54.9784
-54.9911
-54.9842
-55.0201
-55.0189
-54.9792
-54.9735
-54.8446
-54.7358
-54.602
-54.5363
-54.4974
-54.3881
-54.2547
-54.0763
-53.9619
-53.8348
-53.5492
-53.2331
-52.7227
-52.0687
-51.4616
-50.9939
-50.6302
-50.351
-50.1169
-49.8988
-49.5717
-49.2424
-48.9698
-48.7396
-48.501
-48.2823
-48.072
-47.8037
-47.4943
-47.1793
-46.8006
-46.3673
-45.8379
-45.137
-44.1142
-42.3538
-37.9206
18.0782
19.5752
-22.7489
-50.1234
-59.4815
-62.1262
-63.046
-63.4228
-63.5795
-63.6406
-63.66
-63.6618
-63.6565
-63.6491
-63.6416
-63.635
-63.6295
-63.6252
-63.6222
-63.6202
-63.6193
-63.6194
-63.6202
-63.6219
-63.6242
-63.6272
-63.6306
-63.6346
-63.6391
-63.6439
-63.6491
-63.6546
-63.6603
-63.6663
-63.6724
-63.6787
-63.6852
-63.6918
-63.6985
-63.7053
-63.7121
-63.719
-63.7259
-63.7328
-63.7397
-63.7467
-63.7536
-63.7605
-63.7673
-63.7742
-63.781
-63.7877
-63.7945
-63.8011
-63.8077
-63.8143
-63.8208
-63.8272
-63.8336
-63.8304
-63.7173
-63.6405
-63.584
-63.5454
-63.5163
-63.3367
-63.1959
-63.0915
-63.0175
-62.8674
-62.5
-61.9834
-61.5388
-61.2202
-60.8352
-60.0791
-59.1599
-58.4601
-57.5936
-56.8832
-56.34
-55.7883
-55.3753
-54.943
-54.5979
-54.342
-54.1446
-53.9823
-53.8511
-53.7057
-53.6175
-53.5422
-53.5047
-53.4456
-53.3853
-53.2675
-53.1635
-53.1163
-53.1103
-53.1191
-53.1029
-53.122
-53.1676
-53.2369
-53.2514
-53.2314
-53.2322
-53.2321
-53.2123
-53.2035
-53.1621
-53.1401
-53.1258
-53.1431
-53.1576
-53.1551
-53.1913
-53.2549
-53.3407
-53.4427
-53.5579
-53.6238
-53.6953
-53.7909
-53.905
-54.0324
-54.1692
-54.3136
-54.4643
-54.6203
-54.7803
-54.9435
-55.1091
-55.2764
-55.445
-55.6142
-55.7759
-55.8821
-55.9687
-56.0372
-56.0799
-56.0689
-55.8797
-55.6847
-55.5444
-55.4662
-55.3716
-55.2072
-55.0706
-54.961
-54.783
-54.68
-54.6159
-54.3802
-54.231
-54.0478
-53.873
-53.6987
-53.4536
-53.0931
-52.5884
-52.1111
-51.75
-51.4511
-51.2381
-51.0608
-50.8811
-50.7016
-50.542
-50.428
-50.3243
-50.2362
-50.1661
-50.0375
-49.9269
-49.845
-49.7551
-49.6281
-49.4991
-49.397
-49.3288
-49.2834
-49.2288
-49.1966
-49.1813
-49.182
-49.1962
-49.2229
-49.2617
-49.3124
-49.3748
-49.4489
-49.5347
-49.6321
-49.7406
-49.8598
-49.9897
-50.1298
-50.2799
-50.4399
-50.6096
-50.7885
-50.9756
-51.1697
-51.3701
-51.5764
-51.7883
-52.0048
-52.2246
-52.447
-52.6717
-52.8982
-53.1255
-53.3528
-53.5798
-53.8062
-54.0316
-54.2551
-54.4765
-54.6958
-54.9127
-55.1267
-55.3376
-55.5453
-55.7498
-55.951
-56.1487
-56.3426
-56.5329
-56.7196
-56.9027
-57.082
-57.2576
-57.4295
-57.5977
-57.7622
-57.9232
-58.0807
-58.2345
-58.3849
-58.5318
-58.6753
-58.8155
-58.9525
-59.0862
-59.2168
-59.3442
-59.4686
-59.5901
-59.7086
-59.8243
-59.9372
-60.0474
-60.1548
-60.2597
-60.362
-60.4618
-60.5591
-60.6541
-60.6952
-60.7483
-60.8082
-60.874
-60.7015
-60.2284
-59.9262
-59.6133
-59.3498
-59.1659
-59.0379
-58.8404
-58.656
-58.5301
-58.2996
-58.1483
-58.0396
-57.8135
-56.7414
-55.7357
-55.0233
-54.5058
-54.1052
-53.7585
-53.5006
-53.2195
-53.0087
-52.8572
-52.6789
-52.5215
-52.4116
-52.349
-52.3231
-52.3259
-52.287
-52.0747
-51.8966
-51.7478
-51.569
-51.4593
-51.3735
-51.233
-51.1333
-51.0799
-51.0645
-51.0603
-51.0706
-50.9874
-50.853
-50.783
-50.7573
-50.7668
-50.8007
-50.8554
-50.9283
-50.9834
-51.0179
-51.081
-51.1675
-51.2736
-51.3947
-51.5288
-51.6743
-51.8296
-51.9937
-52.1655
-52.344
-52.5287
-52.7187
-52.9129
-53.1105
-53.3105
-53.5126
-53.6829
-53.8485
-54.0243
-54.2068
-54.3934
-54.5819
-54.7716
-54.9195
-55.0279
-55.0638
-55.1058
-55.1721
-55.2661
-55.3774
-55.5001
-55.631
-55.7682
-55.9034
-56.0057
-56.1246
-56.2523
-56.3098
-56.3742
-56.4607
-56.5329
-56.5574
-56.5308
-56.4413
-56.3756
-56.2314
-56.0054
-55.696
-55.3254
-54.9474
-54.5221
-54.099
-53.6348
-53.0088
-52.4062
-51.9734
-51.6342
-51.3393
-51.1172
-50.9305
-50.7065

