-70
-70.0758
-70.1508
-70.225
-70.2983
-70.3706
-70.4419
-70.5122
-70.5814
-70.6496
-70.7168
-70.7829
-70.848
-70.9121
-70.9752
-71.0373
-71.0984
-71.1586
-71.2178
-71.2761
-71.3334
-71.3899
-71.4455
-71.5003
-71.5543
-71.6074
-71.6598
-71.7114
-71.7623
-71.8124
-71.8619
-71.9106
-71.9587
-72.006
-72.0527
-72.0988
-72.1442
-72.1889
-72.2331
-72.2766
-72.3196
-72.362
-72.4038
-72.445
-72.4857
-72.5258
-72.5654
-72.6045
-72.6431
-72.6812
-72.7188
-72.756
-72.7927
-72.8289
-72.8647
-72.9
-72.9349
-72.9694
-73.0035
-73.0371
-73.0704
-73.1032
-73.1357
-73.1678
-73.1994
-73.2307
-73.2617
-73.2922
-73.3224
-73.3523
-73.3817
-73.4109
-73.4397
-73.4682
-73.4963
-73.5241
-73.5516
-73.5788
-73.6057
-73.6323
-73.6585
-73.6845
-73.7102
-73.7356
-73.7608
-73.7857
-73.8103
-73.8346
-73.8587
-73.8825
-73.9061
-73.9294
-73.9524
-73.9753
-73.9979
-74.0202
-74.0423
-74.0642
-74.0859
-74.1073
-74.1285
-74.1495
-74.1703
-74.1909
-74.2112
-74.2313
-74.2513
-74.271
-74.2905
-74.3098
-74.329
-74.3479
-74.3666
-74.3852
-74.4036
-74.4217
-74.4397
-74.4575
-74.4752
-74.4926
-74.5099
-74.527
-74.544
-74.5607
-74.5774
-74.5938
-74.6101
-74.6262
-74.6422
-74.658
-74.6736
-74.6891
-74.7045
-74.7197
-74.7347
-74.7496
-74.7644
-74.779
-74.7935
-74.8079
-74.8221
-74.8362
-74.8501
-74.864
-74.8777
-74.8913
-74.9047
-74.918
-74.9313
-74.9443
-74.9573
-74.9701
-74.9829
-74.9955
-75.008
-75.0204
-75.0327
-75.0448
-75.0569
-75.0688
-75.0806
-75.0924
-75.104
-75.1155
-75.1269
-75.1382
-75.1495
-75.1606
-75.1716
-75.1825
-75.1933
-75.204
-75.2147
-75.2252
-75.2356
-75.246
-75.2562
-75.2664
-75.2764
-75.2864
-75.2963
-75.3061
-75.3158
-75.3255
-75.335
-75.3445
-75.3538
-75.3631
-75.3724
-75.3815
-75.3906
-75.3995
-75.4084
-75.4172
-75.426
-75.4346
-75.4432
-75.4518
-75.4602
-75.4686
-75.4769
-75.4851
-75.4932
-75.5013
-75.5093
-75.5173
-75.5251
-75.533
-75.5407
-75.5484
-75.556
-75.5635
-75.571
-75.5784
-75.5858
-75.593
-75.6003
-75.6074
-75.6145
-75.6216
-75.6285
-75.6355
-75.6423
-75.6491
-75.6559
-75.6626
-75.6692
-75.6758
-75.6823
-75.6888
-75.6952
-75.7015
-75.7078
-75.7141
-75.7203
-75.7264
-75.7325
-75.7386
-75.7446
-75.7505
-75.7564
-75.7622
-75.768
-75.7738
-75.7795
-75.7851
-75.7907
-75.7963
-75.8018
-75.8072
-75.8127
-75.818
-75.8234
-75.8287
-75.8339
-75.8391
-75.8443
-75.8494
-75.8545
-75.8595
-75.8645
-75.8695
-75.8744
-75.8793
-75.8841
-75.8889
-75.8937
-75.8984
-75.9031
-75.9077
-75.9123
-75.9169
-75.9214
-75.9259
-75.9304
-75.9348
-75.9392
-75.9436
-75.9479
-75.9522
-75.9565
-75.9607
-75.9649
-75.969
-75.9731
-75.9772
-75.9813
-75.9853
-75.9893
-75.9933
-75.9972
-76.0011
-76.005
-76.0088
-76.0126
-76.0164
-76.0201
-76.0239
-76.0275
-76.0312
-76.0348
-76.0384
-76.042
-76.0456
-76.0491
-76.0526
-76.056
-76.0595
-76.0629
-76.0663
-76.0696
-76.0729
-76.0762
-76.0795
-76.0828
-76.086
-76.0892
-76.0924
-76.0955
-76.0986
-76.1017
-76.1048
-76.1079
-76.1109
-76.1139
-76.1169
-76.1198
-76.1228
-76.1257
-76.1286
-76.1314
-76.1343
-76.1371
-76.1399
-76.1427
-76.1455
-76.1482
-76.1509
-76.1536
-76.1563
-76.1589
-76.1615
-76.1642
-76.1667
-76.1693
-76.1719
-76.1744
-76.1769
-76.1794
-76.1819
-76.1843
-76.1868
-76.1892
-76.1916
-76.1939
-76.1963
-76.1986
-76.201
-76.2033
-76.2056
-76.2078
-76.2101
-76.2123
-76.2145
-76.2167
-76.2189
-76.2211
-76.2232
-76.2254
-76.2275
-76.2296
-76.2317
-76.2337
-76.2358
-76.2378
-76.2398
-76.2418
-76.2438
-76.2458
-76.2478
-76.2497
-76.2516
-76.2536
-76.2554
-76.2573
-76.2592
-76.2611
-76.2629
-76.2647
-76.2665
-76.2683
-76.2701
-76.2719
-76.2737
-76.2754
-76.2771
-76.2788
-76.2806
-76.2822
-76.2839
-76.2856
-76.2872
-76.2889
-76.2905
-76.2921
-76.2937
-76.2953
-76.2969
-76.2985
-76.3
-76.3016
-76.3031
-76.3046
-76.3061
-76.3076
-76.3091
-76.3106
-76.312
-76.3135
-76.3149
-76.3164
-76.3178
-76.3192
-76.3206
-76.322
-76.3233
-76.3247
-76.3261
-76.3274
-76.3287
-76.33
-76.3314
-76.3327
-76.334
-76.3352
-76.3365
-76.3378
-76.339
-76.3403
-76.3415
-76.3427
-76.3439
-76.3452
-76.3464
-76.3475
-76.3487
-76.3499
-76.351
-76.3522
-76.3533
-76.3545
-76.3556
-76.3567
-76.3578
-76.3589
-76.36
-76.3611
-76.3622
-76.3632
-76.3643
-76.3654
-76.3664
-76.3674
-76.3685
-76.3695
-76.3705
-76.3715
-76.3725
-76.3735
-76.3745
-76.3754
-76.3764
-76.3774
-76.3783
-76.3793
-76.3802
-76.3811
-76.382
-76.383
-76.3839
-76.3848
-76.3857
-76.3866
-76.3874
-76.3883
-76.3892
-76.39
-76.3909
-76.3917
-76.3926
-76.3934
-76.3943
-76.3951
-76.3959
-76.3967
-76.3975
-76.3983
-76.3991
-76.3999
-76.4007
-76.4014
-76.4022
-76.403
-76.4037
-76.4045
-76.4052
-76.406
-76.4067
-76.4074
-76.4082
-76.4089
-76.4096
-76.4103
-76.411
-76.4117
-76.4124
-76.4131
-76.4137
-76.4144
-76.4151
-76.4158
-76.4164
-76.4171
-76.4177
-76.4184
-76.419
-76.4196
-76.4203
-76.4209
-76.4215
-76.4221
-76.4227
-76.4234
-76.424
-76.4246
-76.4251
-76.4257
-76.4248
-76.3855
-76.346
-76.315
-76.2878
-76.242
-76.2048
-76.1677
-76.1329
-76.109
-76.0813
-76.0573
-76.0429
-76.0344
-76.0293
-76.0263
-76.0246
-76.0239
-76.0238
-76.0241
-76.0248
-76.0258
-76.027
-76.0284
-76.03
-76.0317
-76.0335
-76.0355
-76.0376
-76.0397
-76.042
-76.0443
-76.0467
-76.0492
-76.0518
-76.0544
-76.057
-76.0597
-76.0624
-76.0652
-76.068
-76.0709
-76.0737
-76.0766
-76.0795
-76.0824
-76.0853
-76.0882
-76.0911
-76.094
-76.097
-76.0999
-76.1028
-76.1057
-76.1086
-76.1115
-76.1144
-76.1173
-76.1202
-76.123
-76.1258
-76.1287
-76.1315
-76.1343
-76.137
-76.1398
-76.1425
-76.1453
-76.148
-76.1507
-76.1483
-76.1365
-76.1265
-76.1095
-76.0945
-76.0837
-76.076
-76.0703
-76.0608
-76.0497
-76.0355
-76.0252
-76.0191
-76.0149
-76.0128
-76.0121
-76.012
-76.0124
-76.013
-76.0139
-76.015
-76.0162
-76.0176
-76.019
-76.0206
-76.0222
-76.024
-76.0259
-76.0278
-76.0299
-76.032
-76.0342
-76.0365
-76.0388
-76.0412
-76.0437
-76.0463
-76.0488
-76.0515
-76.0542
-76.0569
-76.0597
-76.0625
-76.0653
-76.0682
-76.071
-76.0739
-76.0768
-76.0798
-76.0827
-76.0856
-76.0886
-76.0915
-76.0945
-76.0974
-76.1003
-76.1033
-76.1062
-76.1091
-76.112
-76.1149
-76.1178
-76.1207
-76.1235
-76.1264
-76.1292
-76.132
-76.1348
-76.1376
-76.1403
-76.1431
-76.1458
-76.1485
-76.1512
-76.1538
-76.1565
-76.1591
-76.1617
-76.1643
-76.1669
-76.1695
-76.172
-76.1745
-76.177
-76.1795
-76.182
-76.1844
-76.1869
-76.1893
-76.1917
-76.194
-76.1964
-76.1987
-76.201
-76.2034
-76.2056
-76.2079
-76.2102
-76.2124
-76.2146
-76.2168
-76.219
-76.2211
-76.2233
-76.2254
-76.2275
-76.2296
-76.2317
-76.2175
-76.1985
-76.1834
-76.1717
-76.1625
-76.1431
-76.125
-76.1117
-76.1018
-76.0946
-76.0892
-76.08
-76.0577
-76.0431
-76.0345
-76.0294
-76.0263
-76.0246
-76.0238
-76.0237
-76.024
-76.0247
-76.0257
-76.0269
-76.0283
-76.0298
-76.0316
-76.0334
-76.0354
-76.0374
-76.0396
-76.0418
-76.0442
-76.0466
-76.049
-76.0516
-76.0542
-76.0568
-76.0595
-76.0622
-76.065
-76.0678
-76.0706
-76.0735
-76.0764
-76.0792
-76.0821
-76.0851
-76.088
-76.0909
-76.0938
-76.0967
-76.0997
-76.1026
-76.1055
-76.1084
-76.1113
-76.1142
-76.1171
-76.1199
-76.1228
-76.1256
-76.1284
-76.1313
-76.134
-76.1368
-76.1396
-76.1423
-76.1451
-76.1478
-76.1505
-76.1531
-76.1558
-76.1584
-76.1573
-76.1454
-76.1349
-76.127
-76.1209
-76.1164
-76.1075
-76.0955
-76.0865
-76.08
-76.0753
-76.0721
-76.0698
-76.0684
-76.0656
-76.0595
-76.0541
-76.0431
-76.0348
-76.0299
-76.0269
-76.0218
-76.0177
-76.0156
-76.0147
-76.0146
-76.0149
-76.0155
-76.0164
-76.0175
-76.0187
-76.0201
-76.0217
-76.0233
-76.0251
-76.0269
-76.0289
-76.0309
-76.033
-76.0352
-76.0375
-76.0399
-76.0423
-76.0448
-76.0473
-76.0499
-76.0526
-76.0553
-76.058
-76.0608
-76.0636
-76.0664
-76.0693
-76.0722
-76.0751
-76.078
-76.0809
-76.0838
-76.0868
-76.0897
-76.0926
-76.0956
-76.0985
-76.1015
-76.1044
-76.1073
-76.1102
-76.1131
-76.116
-76.1189
-76.1217
-76.1246
-76.1274
-76.1302
-76.133
-76.1358
-76.1386
-76.1414
-76.1441
-76.1468
-76.1495
-76.1522
-76.1548
-76.1575
-76.1601
-76.1627
-76.1653
-76.1679
-76.1704
-76.173
-76.1755
-76.178
-76.1804
-76.1829
-76.1853
-76.1878
-76.1902
-76.1926
-76.1949
-76.1973
-76.1996
-76.2019
-76.2042
-76.2065
-76.2087
-76.211
-76.2132
-76.2154
-76.2176
-76.2198
-76.222
-76.2241
-76.2262
-76.2283
-76.2304
-76.2325
-76.2346
-76.2366
-76.2386
-76.2406
-76.2426
-76.2446
-76.2466
-76.2485
-76.2505
-76.2524
-76.2543
-76.2522
-76.2305
-76.2109
-76.1956
-76.1836
-76.1742
-76.1567
-76.1369
-76.1219
-76.1109
-76.1027
-76.0966
-76.0921
-76.0846
-76.0637
-76.0475
-76.0378
-76.0319
-76.0283
-76.0262
-76.0252
-76.0249
-76.0251
-76.0256
-76.0265
-76.0276
-76.029
-76.0305
-76.0322
-76.034
-76.0359
-76.038
-76.0401
-76.0424
-76.0447
-76.0471
-76.0495
-76.0521
-76.0547
-76.0573
-76.06
-76.0627
-76.0655
-76.0683
-76.0711
-76.0739
-76.0768
-76.0797
-76.0826
-76.0855
-76.0884
-76.0913
-76.0942
-76.0972
-76.1001
-76.103
-76.1059
-76.1088
-76.1117
-76.1146
-76.1175
-76.1203
-76.1232
-76.126
-76.1288
-76.1316
-76.1344
-76.1372
-76.14
-76.1427
-76.1454
-76.1481
-76.1508
-76.1535
-76.1561
-76.1588
-76.1614
-76.164
-76.1666
-76.1691
-76.1717
-76.1742
-76.1767
-76.1792

