-70
-70.0758
-70.1508
-70.225
-70.2983
-70.3706
-70.4419
-70.5122
-70.5814
-70.6496
-70.7168
-70.7829
-70.848
-70.9121
-70.9752
-71.0373
-71.0984
-71.1586
-71.2178
-71.2761
-71.3334
-71.3899
-71.4455
-71.5003
-71.5543
-71.6074
-71.6598
-71.7114
-71.7623
-71.8124
-71.8619
-71.9106
-71.9587
-72.006
-72.0527
-72.0988
-72.1442
-72.1889
-72.2331
-72.2766
-72.3196
-72.362
-72.4038
-72.445
-72.4857
-72.5258
-72.5654
-72.6045
-72.6431
-72.6812
-72.7188
-72.756
-72.7927
-72.8289
-72.8647
-72.9
-72.9349
-72.9694
-73.0035
-73.0371
-73.0704
-73.1032
-73.1357
-73.1678
-73.1994
-73.2307
-73.2617
-73.2922
-73.3224
-73.3523
-73.3817
-73.4109
-73.4397
-73.4682
-73.4963
-73.5241
-73.5516
-73.5788
-73.6057
-73.6323
-73.6585
-73.6845
-73.7102
-73.7356
-73.7608
-73.7857
-73.8103
-73.8346
-73.8587
-73.8825
-73.9061
-73.9294
-73.9524
-73.9753
-73.9979
-74.0202
-74.0423
-74.0642
-74.0859
-74.1073
-74.1285
-74.1495
-74.1703
-74.1909
-74.2112
-74.2313
-74.2513
-74.271
-74.2905
-74.3098
-74.329
-74.3479
-74.3666
-74.3852
-74.4036
-74.4217
-74.4397
-74.4575
-74.4752
-74.4926
-74.5099
-74.527
-74.544
-74.5607
-74.5774
-74.5938
-74.6101
-74.6262
-74.6422
-74.658
-74.6736
-74.6891
-74.7045
-74.7197
-74.7347
-74.7496
-74.7644
-74.779
-74.7935
-74.8079
-74.8221
-74.8362
-74.8501
-74.864
-74.8777
-74.8913
-74.9047
-74.918
-74.9313
-74.9443
-74.9573
-74.9701
-74.9829
-74.9955
-75.008
-75.0204
-75.0327
-75.0448
-75.0569
-75.0688
-75.0806
-75.0924
-75.104
-75.1155
-75.1269
-75.1382
-75.1495
-75.1606
-75.1716
-75.1825
-75.1933
-75.204
-75.2147
-75.2252
-75.2356
-75.246
-75.2562
-75.2664
-75.2764
-75.2864
-75.2963
-75.3061
-75.3158
-75.3255
-75.335
-75.3445
-75.3538
-75.3631
-75.3724
-75.3815
-75.3906
-75.3995
-75.4084
-75.4172
-75.426
-75.4346
-75.4432
-75.4518
-75.4602
-75.4686
-75.4769
-75.4851
-75.4932
-75.5013
-75.5093
-75.5173
-75.5251
-75.533
-75.5407
-75.5484
-75.556
-75.5635
-75.571
-75.5784
-75.5858
-75.593
-75.6003
-75.6074
-75.6145
-75.6216
-75.6285
-75.6355
-75.6423
-75.6491
-75.6559
-75.6626
-75.6692
-75.6758
-75.6823
-75.6888
-75.6952
-75.7015
-75.7078
-75.7141
-75.7203
-75.7264
-75.7325
-75.7386
-75.7446
-75.7505
-75.7564
-75.7622
-75.768
-75.7738
-75.7795
-75.7851
-75.7907
-75.7963
-75.8018
-75.8072
-75.8127
-75.818
-75.8234
-75.8287
-75.8339
-75.8391
-75.8443
-75.8494
-75.8545
-75.8595
-75.8645
-75.8695
-75.8744
-75.8793
-75.8841
-75.8889
-75.8937
-75.8984
-75.9031
-75.9077
-75.9123
-75.9169
-75.9214
-75.9259
-75.9304
-75.9348
-75.9392
-75.9436
-75.9479
-75.9522
-75.9565
-75.9607
-75.9649
-75.969
-75.9731
-75.9772
-75.9813
-75.9853
-75.9893
-75.9933
-75.9972
-76.0011
-76.005
-76.0088
-76.0126
-76.0164
-76.0201
-76.0239
-76.0275
-76.0312
-76.0348
-76.0384
-76.042
-76.0456
-76.0491
-76.0526
-76.056
-76.0595
-76.0629
-76.0663
-76.0696
-76.0729
-76.0762
-76.0795
-76.0828
-76.086
-76.0892
-76.0924
-76.0955
-76.0986
-76.1017
-76.1048
-76.1079
-76.1109
-76.1139
-76.1169
-76.1198
-76.1228
-76.1257
-76.1286
-76.1314
-76.1343
-76.1371
-76.1399
-76.1427
-76.1455
-76.1482
-76.1509
-76.1536
-76.1563
-76.1589
-76.1615
-76.1642
-76.1667
-76.1693
-76.1719
-76.1744
-76.1769
-76.1794
-76.1819
-76.1843
-76.1868
-76.1892
-76.1916
-76.1939
-76.1963
-76.1986
-76.201
-76.2033
-76.2056
-76.2078
-76.2101
-76.2123
-76.2145
-76.2167
-76.2189
-76.2211
-76.2232
-76.2254
-76.2275
-76.2296
-76.2317
-76.2337
-76.2358
-76.2378
-76.2398
-76.2418
-76.2438
-76.2458
-76.2478
-76.2497
-76.2516
-76.2536
-76.2554
-76.2573
-76.2592
-76.2611
-76.2629
-76.2647
-76.2665
-76.2683
-76.2701
-76.2719
-76.2737
-76.2754
-76.2771
-76.2788
-76.2806
-76.2822
-76.2839
-76.2856
-76.2872
-76.2889
-76.2905
-76.2921
-76.2937
-76.2953
-76.2969
-76.2985
-76.3
-76.3016
-76.3031
-76.3046
-76.3061
-76.3076
-76.3091
-76.3106
-76.312
-76.3135
-76.3149
-76.3164
-76.3178
-76.3192
-76.3206
-76.322
-76.3233
-76.3247
-76.3261
-76.3274
-76.3287
-76.33
-76.3314
-76.3327
-76.334
-76.3352
-76.3365
-76.3378
-76.339
-76.3403
-76.3415
-76.3427
-76.3439
-76.3452
-76.3464
-76.3475
-76.3487
-76.3499
-76.351
-76.3522
-76.3533
-76.3545
-76.3556
-76.3567
-76.3578
-76.3589
-76.36
-76.3611
-76.3622
-76.3632
-76.3643
-76.3654
-76.3664
-76.3674
-76.3685
-76.3695
-76.3705
-76.3715
-76.3725
-76.3735
-76.3745
-76.3754
-76.3764
-76.3774
-76.3783
-76.3793
-76.3802
-76.3811
-76.382
-76.383
-76.3839
-76.3848
-76.3857
-76.3866
-76.3874
-76.3883
-76.3892
-76.39
-76.3909
-76.3917
-76.3926
-76.3934
-76.3943
-76.3951
-76.3959
-76.3967
-76.3975
-76.3983
-76.3991
-76.3999
-76.4007
-76.4014
-76.4022
-76.403
-76.4037
-76.4045
-76.4052
-76.406
-76.4067
-76.4074
-76.4082
-76.4089
-76.4096
-76.4103
-76.411
-76.4117
-76.4124
-76.4131
-76.4137
-76.4144
-76.4151
-72.663
-68.6821
-65.6705
-63.3528
-61.4712
-59.7744
-57.908
-54.8005
-3.08847
4.51303
-30.173
-75.7291
-79.0914
-79.0157
-78.8959
-78.7637
-78.6197
-78.464
-78.297
-78.1196
-76.4589
-74.2939
-72.9836
-72.2072
-71.831
-71.5087
-71.5709
-71.9313
-72.1314
-72.1923
-72.1863
-72.1491
-72.0985
-72.0439
-71.9906
-71.9411
-71.8969
-71.8588
-72.0129
-72.6494
-73.2016
-73.5686
-73.8184
-73.9944
-74.1222
-74.2177
-74.2909
-74.3485
-74.395
-74.4333
-74.4657
-74.4936
-74.5182
-74.5403
-74.5604
-73.1351
-69.2287
-66.171
-63.9148
-62.1755
-60.7335
-59.3888
-57.8739
-55.4868
-44.3422
17.5762
-23.9039
-68.2422
-79.6554
-79.7486
-79.7193
-79.6838
-79.6444
-78.7398
-76.6626
-75.6783
-75.0936
-74.6148
-74.1702
-73.7406
-73.3219
-72.915
-72.5221
-71.691
-68.8451
-66.4798
-64.75
-63.425
-62.3612
-62.2416
-62.9072
-64.0814
-65.4947
-66.4939
-67.4759
-68.6717
-69.716
-70.7703
-71.4683
-71.9658
-72.6177
-73.0811
-73.3827
-73.5866
-73.8306
-74.1261
-74.3301
-74.4696
-74.5684
-74.6407
-74.7079
-74.8673
-74.9967
-75.0886
-75.191
-75.338
-75.4717
-75.5591
-75.617
-75.657
-75.6856
-75.7069
-75.7232
-75.7362
-75.7467
-75.7557
-75.7633
-75.7702
-75.7763
-75.7985
-75.8236
-75.8431
-75.8585
-75.8709
-75.8812
-75.8899
-75.8975
-75.9042
-75.9102
-75.9157
-75.9208
-75.9256
-75.9301
-75.9345
-75.9388
-75.9429
-75.947
-75.951
-75.9549
-75.9588
-75.9626
-75.9665
-75.9703
-75.9741
-75.9778
-75.9816
-75.9853
-75.9891
-75.9928
-75.9965
-76.0002
-76.0039
-76.0076
-76.0112
-76.0149
-76.0185
-76.0221
-76.0257
-76.0293
-76.0328
-76.0363
-76.0399
-76.0433
-76.0468
-76.0503
-72.3455
-68.4157
-65.4433
-63.1527
-61.2838
-59.5775
-57.6484
-54.1944
40.4496
-0.928596
-33.4752
-77.1943
-79.0877
-78.9982
-78.8764
-78.7424
-78.5964
-78.4388
-78.27
-78.0909
-77.138
-74.6049
-72.9621
-71.8928
-71.086
-70.419
-69.932
-69.935
-69.9163
-69.8367
-69.7491
-70.1348
-70.7035
-69.5964
-67.7812
-66.6346
-65.9169
-65.4504
-65.1404
-64.9327
-64.7952
-64.7083
-64.6593
-64.6398
-64.6438
-64.6671
-64.7066
-64.7598
-64.8248
-64.9
-64.9842
-65.0763
-65.1753
-65.451
-66.529
-67.4898
-68.2451
-68.8469
-69.3328
-69.7302
-70.0593
-70.3351
-70.5687
-70.7689
-70.9421
-69.8273
-66.4965
-63.8654
-61.888
-60.2934
-58.8426
-57.2326
-54.6632
-40.06
10.5901
-27.3963
-72.592
-79.6145
-79.683
-79.6464
-79.6024
-79.5538
-79.5008
-77.9504
-75.7201
-74.5572
-73.8235
-73.5229
-73.3433
-73.1183
-72.8772
-72.6373
-72.4069
-72.1898
-71.9884
-71.8035
-69.4837
-66.833
-64.958
-63.6071
-62.5884
-61.7819
-61.1089
-60.5152
-60.3216
-61.3025
-62.2798
-63.0961
-64.3664
-65.8909
-67.0254
-68.3293
-69.5402
-70.3865
-70.9854
-71.6658
-72.3615
-72.8477
-73.3938
-73.8451
-74.1481
-74.3566
-74.5049
-74.6136
-74.6953
-74.7585
-74.8084
-74.8488
-74.8822
-74.9103
-74.9346
-74.9558
-74.9747
-74.9919
-75.0076
-75.0223
-75.036
-75.0491
-75.0617
-75.0738
-75.0855
-75.097
-75.1082
-75.1276
-75.2213
-75.3085
-75.3777
-75.4334
-75.479
-75.5167
-75.5484
-75.5753
-75.5984
-75.6185
-75.6362
-75.6519
-75.666
-75.6787
-75.6902
-75.7009
-75.7108
-75.72
-75.7286
-75.7368
-75.7446
-75.752
-75.7591
-75.766
-75.7726
-75.7791
-75.7853
-75.7915
-75.7974
-75.8033
-75.8091
-75.8147
-75.8203
-75.8258
-75.8312
-75.8366
-75.8418
-75.8471
-75.8522
-75.8573
-75.8624
-75.8674
-75.8724
-75.8773
-75.8822
-75.887
-75.8918
-75.8965
-75.9012
-75.9059
-75.9105
-75.9151
-75.9197
-75.9242
-75.9287
-75.9331
-75.9375
-72.6811
-68.678
-65.6318
-63.2914
-61.3926
-59.6764
-57.771
-54.4977
23.0107
1.68214
-31.8424
-76.5581
-79.0579
-78.9708
-78.8459
-78.7083
-78.5586
-78.3968
-78.2236
-78.0398
-77.8466
-77.5269
-74.6969
-72.4409
-70.979
-69.9225
-69.093
-68.8184
-68.8297
-68.7818
-68.6943
-68.762
-69.2794
-69.9232
-70.6662
-71.1647
-71.4946
-71.7204
-72.1299
-72.573
-72.8914
-73.3497
-73.7003
-73.9353
-74.0978
-74.2141
-74.2999
-74.3651
-74.416
-74.4569
-74.4905
-74.5189
-74.5434
-74.565
-74.5846
-74.6025
-71.9766
-68.2617
-65.5027
-63.4534
-61.8549
-60.5057
-59.2171
-57.7227
-55.2757
-41.9085
14.4838
-25.2886
-70.6169
-79.6834
-79.7545
-79.7255
-79.6908
-79.6523
-79.6101
-79.5642
-79.5146
-79.4617
-79.4057
-79.347
-79.2862
-79.2238
-79.1605
-79.097
-79.0337
-78.9714
-78.9105
-78.8515
-78.7947
-78.7404
-75.6725
-71.3112
-68.0036
-65.5107
-63.5755
-62.0021
-60.6217
-59.2499
-57.5719
-54.4646
17.9236
1.88894
-31.4177
-76.3767

