-70
-70.0758
-70.1508
-70.225
-70.2983
-70.3706
-70.4419
-70.5122
-70.5814
-70.6496
-70.7168
-70.7829
-70.848
-70.9121
-70.9752
-71.0373
-71.0984
-71.1586
-71.2178
-71.2761
-71.3334
-71.3899
-71.4455
-71.5003
-71.5543
-71.6074
-71.6598
-71.7114
-71.7623
-71.8124
-71.8619
-71.9106
-71.9587
-72.006
-72.0527
-72.0988
-72.1442
-72.1889
-72.2331
-72.2766
-72.3196
-72.362
-72.4038
-72.445
-72.4857
-72.5258
-72.5654
-72.6045
-72.6431
-72.6812
-72.7188
-72.756
-72.7927
-72.8289
-72.8647
-72.9
-72.9349
-72.9694
-73.0035
-73.0371
-73.0704
-73.1032
-73.1357
-73.1678
-73.1994
-73.2307
-73.2617
-73.2922
-73.3224
-73.3523
-73.3817
-73.4109
-73.4397
-73.4682
-73.4963
-73.5241
-73.5516
-73.5788
-73.6057
-73.6323
-73.6585
-73.6845
-73.7102
-73.7356
-73.7608
-73.7857
-73.8103
-73.8346
-73.8587
-73.8825
-73.9061
-73.9294
-73.9524
-73.9753
-73.9979
-74.0202
-74.0423
-74.0642
-74.0859
-74.1073
-74.1285
-74.1495
-74.1703
-74.1909
-74.2112
-74.2313
-74.2513
-74.271
-74.2905
-74.3098
-74.329
-74.3479
-74.3666
-74.3852
-74.4036
-74.4217
-74.4397
-74.4575
-74.4752
-74.4926
-74.5099
-74.527
-74.544
-74.5607
-74.5774
-74.5938
-74.6101
-74.6262
-74.6422
-74.658
-74.6736
-74.6891
-74.7045
-74.7197
-74.7347
-74.7496
-74.7644
-74.779
-74.7935
-74.8079
-74.8221
-74.8362
-74.8501
-74.864
-74.8777
-74.8913
-74.9047
-74.918
-74.9313
-74.9443
-74.9573
-74.9701
-74.9829
-74.9955
-75.008
-75.0204
-75.0327
-75.0448
-75.0569
-75.0688
-75.0806
-75.0924
-75.104
-75.1155
-75.1269
-75.1382
-75.1495
-75.1606
-75.1716
-75.1825
-75.1933
-75.204
-75.2147
-75.2252
-75.2356
-75.246
-75.2562
-75.2664
-75.2764
-75.2864
-75.2963
-75.3061
-75.3158
-75.3255
-75.335
-75.3445
-75.3538
-75.3631
-75.3724
-75.3815
-75.3906
-75.3995
-75.4084
-75.4172
-75.426
-75.4346
-75.4432
-75.4518
-75.4602
-75.4686
-75.4769
-75.4851
-75.4932
-75.5013
-75.5093
-75.5173
-75.5251
-75.533
-75.5407
-75.5484
-75.556
-75.5635
-75.571
-75.5784
-75.5858
-75.593
-75.6003
-75.6074
-75.6145
-75.6216
-75.6285
-75.6355
-75.6423
-75.6491
-75.6559
-75.6626
-75.6692
-75.6758
-75.6823
-75.6888
-75.6952
-75.7015
-75.7078
-75.7141
-75.7203
-75.7264
-75.7325
-75.7386
-75.7446
-75.7505
-75.7564
-75.7622
-75.768
-75.7738
-75.7795
-75.7851
-75.7907
-75.7963
-75.8018
-75.8072
-75.8127
-75.818
-75.8234
-75.8287
-75.8339
-75.8391
-75.8443
-75.8494
-75.8545
-75.8595
-75.8645
-75.8695
-75.8744
-75.8793
-75.8841
-75.8889
-75.8937
-75.8984
-75.9031
-75.9077
-75.9123
-75.9169
-75.9214
-75.9259
-75.9304
-75.9348
-75.9392
-75.9436
-75.9479
-75.9522
-75.9565
-75.9607
-75.9649
-75.969
-75.9731
-75.9772
-75.9813
-75.9853
-75.9893
-75.9933
-75.9972
-76.0011
-76.005
-76.0088
-76.0126
-76.0164
-76.0201
-76.0239
-76.0275
-76.0312
-76.0348
-76.0384
-76.042
-76.0456
-76.0491
-76.0526
-76.056
-76.0595
-76.0629
-76.0663
-76.0696
-76.0729
-76.0762
-76.0795
-76.0828
-76.086
-76.0892
-76.0924
-76.0955
-76.0986
-76.1017
-76.1048
-76.1079
-76.1109
-76.1139
-76.1169
-76.1198
-76.1228
-76.1257
-76.1286
-76.1314
-76.1343
-76.1371
-76.1399
-76.1427
-76.1455
-76.1482
-76.1509
-76.1536
-76.1563
-76.1589
-76.1615
-76.1642
-76.1667
-76.1693
-76.1719
-76.1744
-76.1769
-76.1794
-76.1819
-76.1843
-76.1868
-76.1892
-76.1916
-76.1939
-76.1963
-76.1986
-76.201
-76.2033
-76.2056
-76.2078
-76.2101
-76.2123
-76.2145
-76.2167
-76.2189
-76.2211
-76.2232
-76.2254
-76.2275
-76.2296
-76.2317
-76.2337
-76.2358
-76.2378
-76.2398
-76.2418
-76.2438
-76.2458
-76.2478
-76.2497
-76.2516
-76.2536
-76.2554
-76.2573
-76.2592
-76.2611
-76.2629
-76.2647
-76.2665
-76.2683
-76.2701
-76.2719
-76.2737
-76.2754
-76.2771
-76.2788
-76.2806
-76.2822
-76.2839
-76.2856
-76.2872
-76.2889
-76.2905
-76.2921
-76.2937
-76.2953
-76.2969
-76.2985
-76.3
-76.3016
-76.3031
-76.3046
-76.3061
-76.3076
-76.3091
-76.3106
-76.312
-76.3135
-76.3149
-76.3164
-76.3178
-76.3192
-76.3206
-76.322
-76.3233
-76.3247
-76.3261
-76.3274
-76.3287
-76.33
-76.3314
-76.3327
-76.334
-76.3352
-76.3365
-76.3378
-76.339
-76.3403
-76.3415
-76.3427
-76.3439
-76.3452
-76.3464
-76.3475
-76.3487
-76.3499
-76.351
-76.3522
-76.3533
-76.3545
-76.3556
-76.3567
-76.3578
-76.3589
-76.36
-76.3611
-76.3622
-76.3632
-76.3643
-76.3654
-76.3664
-76.3674
-76.3685
-76.3695
-76.3705
-76.3715
-76.3725
-76.3735
-76.3745
-76.3754
-76.3764
-76.3774
-76.3783
-76.3793
-76.3802
-76.3811
-76.382
-76.383
-76.3839
-76.3848
-76.3857
-76.3866
-76.3874
-76.3883
-76.3892
-76.39
-76.3909
-76.3917
-76.3926
-76.3934
-76.3943
-76.3951
-76.3959
-76.3967
-76.3975
-76.3983
-76.3991
-76.3999
-76.4007
-76.4014
-76.4022
-76.403
-76.4037
-76.4045
-76.4052
-76.406
-75.6444
-71.3632
-67.6824
-64.9095
-62.7487
-60.9504
-59.2505
-57.2008
-52.8624
43.9501
-9.03746
-40.2725
-78.4855
-78.8854
-78.7339
-78.5814
-78.4154
-78.2354
-78.042
-77.8357
-77.6179
-75.8395
-73.8578
-72.6306
-71.764
-71.0691
-70.4704
-69.9358
-69.4506
-69.0079
-68.6046
-68.7246
-69.1086
-69.3721
-69.5454
-69.6615
-69.741
-69.7973
-69.8986
-68.2475
-66.2398
-64.9096
-64.0206
-63.4062
-62.9712
-62.6586
-62.4328
-62.2722
-62.1629
-62.0949
-62.0614
-62.0573
-62.0787
-62.1227
-62.1867
-62.2689
-62.3672
-62.4803
-62.6065
-62.7446
-62.8932
-63.0512
-63.2167
-63.3878
-63.5634
-63.7425
-63.9243
-64.1081
-64.2929
-64.4776
-64.6614
-64.844
-65.025
-65.2042
-65.3813
-65.5556
-65.7269
-65.8953
-66.0605
-66.2226
-65.6074
-62.825
-60.4544
-58.4555
-56.3417
-52.6709
37.2275
-7.40045
-38.6115
-77.9149
-79.5342
-78.5676
-77.9728
-77.6947
-77.4403
-77.1752
-76.8968
-76.6067
-76.3073
-76.0015
-75.6925
-75.3837
-75.0783
-74.8429
-74.6625
-74.4871
-74.3184
-74.1593
-74.141
-74.1705
-74.1784
-74.1725
-74.1593
-74.1428
-74.1255
-74.1088
-74.1006
-74.2611
-74.4175
-74.5342
-74.6229
-74.6919
-74.7466
-74.791
-74.8277
-74.8587
-74.8853
-74.9085
-74.9291
-74.9477
-74.9648
-74.9806
-74.9954
-75.0094
-75.0228
-75.0356
-75.0481
-75.0602
-75.0721
-75.0837
-75.0951
-75.1064
-75.1175
-75.1285
-75.1394
-75.1501
-75.1608
-75.1715
-75.182
-75.1924
-75.2028
-75.2131
-75.2234
-75.2336
-75.2437
-75.2537
-75.2637
-75.2735
-75.2834
-75.2931
-75.3028
-75.3124
-75.3219
-75.3314
-75.3408
-75.3501
-75.3594
-75.3685
-75.3776
-75.3867
-75.3956
-75.4045
-75.4133
-75.422
-75.4307
-75.4393
-75.4478
-75.4563
-75.4646
-75.473
-75.4812
-72.2757
-68.3344
-65.3346
-63.0249
-61.1372
-59.4005
-57.3925
-53.5262
46.2564
-5.49045
-36.7785
-78.1592
-78.9001
-78.7198
-78.5648
-78.3968
-78.2147
-78.0188
-77.81
-77.5894
-76.8928
-74.4742
-72.7978
-71.706
-70.8839
-70.2065
-69.6191
-69.1188
-69.2128
-68.5785
-66.5873
-65.0787
-64.0198
-63.2411
-62.6455
-62.1731
-61.7893
-61.4688
-61.195
-60.9587
-60.148
-59.6516
-59.3804
-59.1302
-58.8844
-58.6295
-58.3463
-57.9998
-57.5489
-56.9073
-55.8376
-53.43
-27.3874
1.82359
-32.1514
-75.8895
-79.7153
-79.7735
-79.7488
-79.7176
-79.683
-79.6452
-79.6043
-79.5604
-79.5139
-79.4649
-79.414
-79.3615
-79.308
-79.254
-79.2001
-79.1466
-79.0942
-79.043
-78.9936
-78.946
-78.9005
-78.8572
-78.816
-75.2528
-70.913
-67.6312
-65.1419
-63.1947
-61.5891
-60.1367
-58.599
-56.4353
-49.9169
31.0483
-17.6102
-54.6195
-78.8967
-79.0281
-78.9124
-78.7813
-78.6379
-78.4824
-78.3151
-78.1367
-77.455
-75.0397
-73.4499
-72.4417
-71.682
-71.0473
-70.849
-70.7238
-70.5527
-70.362
-70.1685
-69.9816
-69.8067
-69.6468
-69.5034
-69.377
-69.2677
-69.1752
-69.0989
-69.3157
-69.8796
-70.3406
-70.7
-70.9854
-71.216
-71.4053
-71.5633
-71.697
-71.8119
-71.912
-72.0004
-72.0793
-72.1506
-72.2158
-72.2759
-72.3319
-72.3845
-72.4342
-72.4815
-72.5267
-72.5703
-72.6123
-72.6531
-72.6929
-72.7316
-72.7695
-72.8066
-72.843
-72.9083
-73.2383
-73.5468
-73.7918
-73.9888
-74.1493
-74.2816
-74.392
-74.4849
-74.5639
-74.6316
-74.6902
-74.7414
-74.7863
-74.8261
-74.8616
-74.8936
-74.9225
-74.9488
-74.973
-74.9953
-75.016
-75.0354
-75.0535
-75.0707
-75.0869
-75.1024
-75.1172
-75.1314
-75.1451
-75.1583
-75.1712
-75.1836
-75.1957
-75.2076
-75.2192
-75.2305
-75.2416
-75.2525
-75.2633
-75.2738
-75.2842
-75.2945
-75.3046
-75.3146
-75.3245
-75.3342
-75.3438
-75.3534
-75.3628
-75.3721
-75.3813
-75.3905
-74.2909
-70.1232
-66.6732
-64.0627
-62.0012
-60.2277
-58.4252
-55.8723
-45.247
19.6524
-22.8276
-66.4315
-78.9596
-78.8003
-78.6509
-78.4908
-78.3167
-78.1287
-77.9275
-77.7139
-77.4893
-75.6315
-73.5154
-72.1811
-71.2404
-70.496
-69.8652
-69.3106
-68.8141
-68.6038
-67.8927
-66.0603
-64.7061
-63.7541
-63.0533
-62.5176
-62.0938
-61.7516
-61.4678
-61.2285
-61.0253
-60.8527
-60.9467
-62.248
-63.4912
-64.4899
-65.2892
-65.684
-63.7657
-62.0042
-60.6911
-59.6225
-58.6438
-57.5978
-56.208
-53.4888
-19.6784
0.520511
-32.8261
-76.2948
-79.6362
-79.6696
-79.6313
-79.586
-79.5361
-79.4818
-79.4233
-79.3609
-79.2948
-79.2257
-79.1541
-79.0807
-79.0064
-78.9318
-78.8578
-78.785
-78.714
-78.6454
-78.5796
-78.5169
-78.4576
-78.4017
-78.3492
-78.3003
-78.2547
-78.2124
-78.1732
-76.5037
-71.9596
-68.3072
-65.5519
-63.4137
-61.6682
-60.103
-58.4423
-56.0148
-46.3335
21.7085
-21.881
-64.6715
-78.9824
-78.9881
-78.866
-78.7298
-78.5812
-78.4202
-78.2472
-77.9628
-75.772
-74.2226
-73.2856

