-70
-70.0758
-70.1508
-70.225
-70.2983
-70.3706
-70.4419
-70.5122
-70.5814
-70.6496
-70.7168
-70.7829
-70.848
-70.9121
-70.9752
-71.0373
-71.0984
-71.1586
-71.2178
-71.2761
-71.3334
-71.3899
-71.4455
-71.5003
-71.5543
-71.6074
-71.6598
-71.7114
-71.7623
-71.8124
-71.8619
-71.9106
-71.9587
-72.006
-72.0527
-72.0988
-72.1442
-72.1889
-72.2331
-72.2766
-72.3196
-72.362
-72.4038
-72.445
-72.4857
-72.5258
-72.5654
-72.6045
-72.6431
-72.6812
-72.7188
-72.756
-72.7927
-72.8289
-72.8647
-72.9
-72.9349
-72.9694
-73.0035
-73.0371
-73.0704
-73.1032
-73.1357
-73.1678
-73.1994
-73.2307
-73.2617
-73.2922
-73.3224
-73.3523
-73.3817
-73.4109
-73.4397
-73.4682
-73.4963
-73.5241
-73.5516
-73.5788
-73.6057
-73.6323
-73.6585
-73.6845
-73.7102
-73.7356
-73.7608
-73.7857
-73.8103
-73.8346
-73.8587
-73.8825
-73.9061
-73.9294
-73.9524
-73.9753
-73.9979
-74.0202
-74.0423
-74.0642
-74.0859
-74.1073
-74.1285
-74.1495
-74.1703
-74.1909
-74.2112
-74.2313
-74.2513
-74.271
-74.2905
-74.3098
-74.329
-74.3479
-74.3666
-74.3852
-74.4036
-74.4217
-74.4397
-74.4575
-74.4752
-74.4926
-74.5099
-74.527
-74.544
-74.5607
-74.5774
-74.5938
-74.6101
-74.6262
-74.6422
-74.658
-74.6736
-74.6891
-74.7045
-74.7197
-74.7347
-74.7496
-74.7644
-74.779
-74.7935
-74.8079
-74.8221
-74.8362
-74.8501
-74.864
-74.8777
-74.8913
-74.9047
-74.918
-74.9313
-74.9443
-74.9573
-74.9701
-74.9829
-74.9955
-75.008
-75.0204
-75.0327
-75.0448
-75.0569
-75.0688
-75.0806
-75.0924
-75.104
-75.1155
-75.1269
-75.1382
-75.1495
-75.1606
-75.1716
-75.1825
-75.1933
-75.204
-75.2147
-75.2252
-75.2356
-75.246
-75.2562
-75.2664
-75.2764
-75.2864
-75.2963
-75.3061
-75.3158
-75.3255
-75.335
-75.3445
-75.3538
-75.3631
-75.3724
-75.3815
-75.3906
-75.3995
-75.4084
-75.4172
-75.426
-75.4346
-75.4432
-75.4518
-75.4602
-75.4686
-75.4769
-75.4851
-75.4932
-75.5013
-75.5093
-75.5173
-75.5251
-75.533
-75.5407
-75.5484
-75.556
-75.5635
-75.571
-75.5784
-75.5858
-75.593
-75.6003
-75.6074
-75.6145
-75.6216
-75.6285
-75.6355
-75.6423
-75.6491
-75.6559
-75.6626
-75.6692
-75.6758
-75.6823
-75.6888
-75.6952
-75.7015
-75.7078
-75.7141
-75.7203
-75.7264
-75.7325
-75.7386
-75.7446
-75.7505
-75.7564
-75.7622
-75.768
-75.7738
-75.7795
-75.7851
-75.7907
-75.7963
-75.8018
-75.8072
-75.8127
-75.818
-75.8234
-75.8287
-75.8339
-75.8391
-75.8443
-75.8494
-75.8545
-75.8595
-75.8645
-75.8695
-75.8744
-75.8793
-75.8841
-75.8889
-75.8937
-75.8984
-75.9031
-75.9077
-75.9123
-75.9169
-75.9214
-75.9259
-75.9304
-75.9348
-75.9392
-75.9436
-75.9479
-75.9522
-75.9565
-75.9607
-75.9649
-75.969
-75.9731
-75.9772
-75.9813
-75.9853
-75.9893
-75.9933
-75.9972
-76.0011
-76.005
-76.0088
-76.0126
-76.0164
-76.0201
-76.0239
-76.0275
-76.0312
-76.0348
-76.0384
-76.042
-76.0456
-76.0491
-76.0526
-76.056
-76.0595
-76.0629
-76.0663
-76.0696
-76.0729
-76.0762
-76.0795
-76.0828
-76.086
-76.0892
-76.0924
-76.0955
-76.0986
-76.1017
-76.1048
-76.1079
-76.1109
-76.1139
-76.1169
-76.1198
-76.1228
-76.1257
-76.1286
-76.1314
-76.1343
-76.1371
-76.1399
-76.1427
-76.1455
-76.1482
-76.1509
-76.1536
-76.1563
-76.1589
-76.1615
-76.1642
-76.1667
-76.1693
-76.1719
-76.1744
-76.1769
-76.1794
-76.1819
-76.1843
-76.1868
-76.1892
-76.1916
-76.1939
-76.1963
-76.1986
-76.201
-76.2033
-76.2056
-76.2078
-76.2101
-76.2123
-76.2145
-76.2167
-76.2189
-76.2211
-76.2232
-76.2254
-76.2275
-76.2296
-76.2317
-76.2337
-76.2358
-76.2378
-76.2398
-76.2418
-76.2438
-76.2458
-76.2478
-76.2497
-76.2516
-76.2536
-76.2554
-76.2573
-76.2592
-76.2611
-76.2629
-76.2647
-76.2665
-76.2683
-76.2701
-76.2719
-76.2737
-76.2754
-76.2771
-76.2788
-76.2806
-76.2822
-76.2839
-76.2856
-76.2872
-76.2889
-76.2905
-76.2921
-76.2937
-76.2953
-76.2969
-76.2985
-76.3
-76.3016
-76.3031
-76.3046
-76.3061
-76.3076
-76.3091
-76.3106
-76.312
-76.3135
-76.3149
-76.3164
-76.3178
-76.3192
-76.3206
-76.322
-76.3233
-76.3247
-76.3261
-76.3274
-76.3287
-76.33
-76.3314
-76.3327
-76.334
-76.3352
-76.3365
-76.3378
-76.339
-76.3403
-76.3415
-76.3427
-76.3439
-76.3452
-76.3464
-76.3475
-76.3487
-76.3499
-76.351
-76.3522
-76.3533
-76.3545
-76.3556
-76.3567
-76.3578
-76.3589
-76.36
-76.3611
-76.3622
-76.3632
-76.3643
-76.3654
-76.3664
-76.3674
-76.3685
-76.3695
-76.3705
-76.3715
-76.3725
-76.3735
-76.3745
-76.3754
-76.3764
-76.3774
-76.3783
-76.3793
-76.3802
-76.3811
-76.382
-76.383
-76.3839
-76.3848
-76.3857
-76.3866
-76.3874
-76.3883
-76.3892
-76.39
-76.3909
-76.3917
-76.3926
-76.3934
-76.3943
-76.3951
-76.3959
-76.3967
-76.3975
-76.3983
-76.3991
-76.3999
-76.4007
-76.4014
-76.4022
-76.403
-76.4037
-76.4045
-76.4052
-76.406
-76.4067
-76.4074
-76.4082
-76.4089
-76.4096
-76.4103
-76.411
-76.4117
-76.4124
-76.4131
-76.4137
-76.4144
-76.4151
-76.4158
-76.4164
-76.4171
-76.4177
-76.4184
-76.419
-76.4196
-76.4203
-76.4209
-76.4215
-76.4221
-76.4227
-76.4234
-76.424
-76.4246
-76.4251
-76.4106
-76.3318
-76.2681
-76.2232
-76.1908
-76.167
-76.1493
-76.136
-76.1238
-76.1046
-76.0897
-76.0793
-76.0719
-76.0654
-76.0557
-76.0485
-76.0438
-76.0407
-76.0389
-76.0378
-76.0375
-76.0376
-76.0357
-76.033
-76.0314
-76.0306
-76.0305
-76.0308
-76.0314
-76.0324
-76.0336
-76.035
-76.0366
-76.0384
-76.0403
-76.0423
-76.0444
-76.0466
-76.0489
-76.0513
-76.0538
-76.0563
-76.0589
-76.0615
-76.0642
-76.0669
-76.0697
-76.0725
-76.0753
-76.0781
-76.081
-76.0839
-76.0868
-76.0897
-76.0926
-76.0955
-76.0984
-76.1013
-76.1042
-76.1071
-76.11
-76.1128
-76.1157
-76.1186
-76.1214
-76.1243
-76.1271
-76.1299
-76.1315
-76.1222
-76.1085
-76.0923
-76.0802
-76.0652
-76.052
-76.0404
-76.0332
-76.0288
-76.0252
-76.0218
-76.0199
-76.019
-76.0188
-76.0176
-76.0169
-76.0168
-76.0172
-76.0179
-76.0188
-76.02
-76.0213
-76.0224
-76.0219
-76.0218
-76.0221
-76.0227
-76.0237
-76.0248
-76.0262
-76.0277
-76.0294
-76.0312
-76.0331
-76.0351
-76.0372
-76.0395
-76.0417
-76.0441
-76.0466
-76.0491
-76.0516
-76.0542
-76.0569
-76.0596
-76.0624
-76.0652
-76.068
-76.0708
-76.0737
-76.0765
-76.0794
-76.0823
-76.0853
-76.0882
-76.0911
-76.094
-76.097
-76.0999
-76.1028
-76.1057
-76.1086
-76.1115
-76.1144
-76.1173
-76.1202
-76.123
-76.1259
-76.1287
-76.1315
-76.1343
-76.1371
-76.1398
-76.1426
-76.1453
-76.148
-76.1507
-76.1534
-76.156
-76.1587
-76.1613
-76.1639
-76.1664
-76.169
-76.1715
-76.1741
-76.1766
-76.1791
-76.1815
-76.184
-76.1864
-76.1888
-76.1912
-76.1936
-76.196
-76.1983
-76.2006
-76.2029
-76.2052
-76.2075
-76.2097
-76.212
-76.2142
-76.2164
-76.2186
-76.2207
-76.2229
-76.2157
-76.1968
-76.1813
-76.1573
-76.1344
-76.1177
-76.1055
-76.0965
-76.0899
-76.0851
-76.0816
-76.0792
-76.077
-76.0694
-76.063
-76.0585
-76.0555
-76.0535
-76.0483
-76.0437
-76.0406
-76.0387
-76.0377
-76.0373
-76.0375
-76.038
-76.0389
-76.04
-76.0414
-76.042
-76.0397
-76.0381
-76.0372
-76.037
-76.0373
-76.0379
-76.0388
-76.04
-76.0414
-76.0431
-76.0448
-76.0467
-76.0488
-76.0509
-76.0531
-76.0555
-76.0579
-76.0604
-76.0629
-76.0655
-76.0682
-76.0658
-76.0618
-76.0589
-76.0571
-76.0561
-76.0557
-76.0557
-76.0562
-76.057
-76.0581
-76.0594
-76.061
-76.0627
-76.0645
-76.0665
-76.0687
-76.0709
-76.0732
-76.0756
-76.078
-76.0806
-76.0831
-76.0858
-76.0884
-76.0911
-76.0935
-76.0884
-76.081
-76.0702
-76.0621
-76.0566
-76.0528
-76.0503
-76.0457
-76.0407
-76.0374
-76.0353
-76.0343
-76.0338
-76.034
-76.0322
-76.0303
-76.0292
-76.0289
-76.029
-76.0296
-76.0305
-76.0309
-76.0294
-76.0285
-76.0283
-76.0285
-76.0292
-76.0301
-76.0313
-76.0327
-76.0342
-76.0359
-76.0378
-76.0398
-76.0419
-76.044
-76.0463
-76.0487
-76.0511
-76.0536
-76.0562
-76.0588
-76.0615
-76.0642
-76.0669
-76.0697
-76.0725
-76.0753
-76.0782
-76.0811
-76.084
-76.0869
-76.0898
-76.0927
-76.0956
-76.0985
-76.1014
-76.1043
-76.1072
-76.1101
-76.113
-76.1159
-76.1187
-76.1216
-76.1244
-76.1272
-76.1301
-76.1328
-76.1356
-76.1384
-76.1411
-76.1439
-76.1466
-76.1493
-76.152
-76.1546
-76.1573
-76.1599
-76.1625
-76.1651
-76.1677
-76.1702
-76.1727
-76.1753
-76.1778
-76.1802
-76.1827
-76.1851
-76.1876
-76.19
-76.1923
-76.1947
-76.1971
-76.1994
-76.2017
-76.204
-76.2063
-76.2085
-76.2108
-76.213
-76.2152
-76.2174
-76.2196
-76.2218
-76.2239
-76.226
-76.2281
-76.2302
-76.2323
-76.2344
-76.2364
-76.2385
-76.2405
-76.2425
-76.2444
-76.2464
-76.2484
-76.2503
-76.2522
-76.2541
-76.256
-76.2579
-76.2598
-76.2616
-76.2626
-76.2419
-76.2206
-76.204
-76.1776
-76.152
-76.1332
-76.1194
-76.1091
-76.1014
-76.0957
-76.0916
-76.0886
-76.0866
-76.0853
-76.0788
-76.0714
-76.066
-76.0572
-76.0498
-76.0421
-76.0356
-76.0315
-76.029
-76.0277
-76.0271
-76.0271
-76.0276
-76.0284
-76.0294
-76.0307
-76.0321
-76.0338
-76.0356
-76.0375
-76.0395
-76.0416
-76.0438
-76.0462
-76.0486
-76.051
-76.0535
-76.0561
-76.0588
-76.057
-76.0539
-76.0518
-76.0505
-76.0499
-76.0499
-76.0503
-76.051
-76.052
-76.0533
-76.0548
-76.0565
-76.0583
-76.0603
-76.0624
-76.0646
-76.0669
-76.0692
-76.0717
-76.0742
-76.0768
-76.0794
-76.0821
-76.0847
-76.0875
-76.0902
-76.093
-76.0958
-76.0986
-76.1014
-76.1042
-76.107
-76.1099
-76.1127
-76.1155
-76.1183
-76.1211
-76.1239
-76.1267
-76.1295
-76.1323
-76.1351
-76.1346

