-70
-69.8623
-69.7285
-69.5983
-69.4718
-69.3487
-69.2291
-69.1128
-68.9997
-68.8897
-68.7828
-68.6789
-68.5778
-68.4795
-68.3839
-68.291
-68.2007
-68.1128
-68.0274
-67.9443
-67.8636
-67.7851
-67.7087
-67.6345
-67.5623
-67.4921
-67.4238
-67.3574
-67.2929
-67.2301
-67.1691
-67.1098
-67.0521
-66.996
-66.9414
-66.8884
-66.8368
-66.7866
-66.7378
-66.6904
-66.6443
-66.5994
-66.5558
-66.5133
-66.4721
-66.432
-66.393
-66.355
-66.3181
-66.2823
-66.2474
-66.2134
-66.1805
-66.1484
-66.1172
-66.0868
-66.0573
-66.0286
-66.0007
-65.9736
-65.9472
-65.9215
-65.8966
-65.8723
-65.8487
-65.8257
-65.8034
-65.7817
-65.7606
-65.74
-65.72
-65.7006
-65.6817
-65.6633
-65.6455
-65.6281
-65.6112
-65.5948
-65.5788
-65.5632
-65.5481
-65.5334
-65.5191
-65.5052
-65.4917
-65.4785
-65.4657
-65.4533
-65.4412
-65.4294
-65.418
-65.4068
-65.396
-65.3855
-65.3752
-65.3653
-65.3556
-65.3462
-65.337
-65.3281
-65.3194
-65.311
-65.3028
-65.2948
-65.2871
-65.2795
-65.2722
-65.2651
-65.2581
-65.2514
-65.2448
-65.2385
-65.2322
-65.2262
-65.2203
-65.2146
-65.2091
-65.2037
-65.1984
-65.1933
-65.1884
-65.1835
-65.1788
-65.1743
-65.1698
-65.1655
-65.1613
-65.1572
-65.1532
-65.1493
-65.1456
-65.1419
-65.1384
-65.1349
-65.1315
-65.1283
-65.1251
-65.122
-65.119
-65.1161
-65.1132
-65.1104
-65.1077
-65.1051
-65.1026
-65.1001
-65.0977
-65.0953
-65.0931
-65.0908
-65.0887
-65.0866
-65.0845
-65.0826
-65.0806
-65.0788
-65.0769
-65.0752
-65.0734
-65.0718
-65.0701
-65.0685
-65.067
-65.0655
-65.064
-65.0626
-65.0612
-65.0599
-65.0586
-65.0573
-65.0561
-65.0549
-65.0537
-65.0526
-65.0514
-65.0504
-65.0493
-65.0483
-65.0473
-65.0464
-65.0454
-65.0445
-65.0436
-65.0428
-65.0419
-65.0411
-65.0403
-65.0395
-65.0388
-65.0381
-65.0374
-65.0367
-65.036
-65.0353
-65.0347
-65.0341
-65.0335
-65.0329
-65.0323
-65.0318
-65.0313
-65.0307
-65.0302
-65.0297
-65.0293
-65.0288
-65.0283
-65.0279
-65.0275
-65.027
-65.0266
-65.0262
-65.0259
-65.0255
-65.0251
-65.0248
-65.0244
-65.0241
-65.0238
-65.0234
-65.0231
-65.0228
-65.0225
-65.0223
-65.022
-65.0217
-65.0215
-65.0212
-65.021
-65.0207
-65.0205
-65.0203
-65.02
-65.0198
-65.0196
-65.0194
-65.0192
-65.019
-65.0188
-65.0187
-65.0185
-65.0183
-65.0181
-65.018
-65.0178
-65.0177
-65.0175
-65.0174
-65.0172
-65.0171
-65.017
-65.0168
-65.0167
-65.0166
-65.0165
-65.0163
-65.0162
-65.0161
-65.016
-65.0159
-65.0158
-65.0157
-65.0156
-65.0155
-65.0154
-65.0153
-65.0153
-65.0152
-65.0151
-65.015
-65.0149
-65.0149
-65.0148
-65.0147
-65.0147
-65.0146
-65.0145
-65.0145
-65.0144
-65.0143
-65.0143
-65.0142
-65.0142
-65.0141
-65.0141
-65.014
-65.014
-65.0139
-65.0139
-65.0138
-65.0138
-65.0137
-65.0137
-65.0137
-65.0136
-65.0136
-65.0135
-65.0135
-65.0135
-65.0134
-65.0134
-65.0134
-65.0133
-65.0133
-65.0133
-65.0133
-65.0132
-65.0132
-65.0132
-65.0131
-65.0131
-65.0131
-65.0131
-65.0131
-65.013
-65.013
-65.013
-65.013
-65.0129
-65.0129
-65.0129
-65.0129
-65.0129
-65.0129
-65.0128
-65.0128
-65.0128
-65.0128
-65.0128
-65.0128
-65.0127
-65.0127
-65.0127
-65.0127
-65.0127
-65.0127
-65.0127
-65.0127
-65.0126
-65.0126
-65.0126
-65.0126
-65.0126
-65.0126
-65.0126
-65.0126
-65.0126
-65.0126
-65.0125
-65.0125
-65.0125
-65.0125
-65.0125
-65.0125
-65.0125
-65.0125
-65.0125
-65.0125
-65.0125
-65.0125
-65.0125
-65.0124
-65.0124
-65.0124
-65.0124
-65.0124
-65.0124
-65.0124
-65.0124
-65.0124
-65.0124
-65.0124
-65.0124
-65.0124
-65.0124
-65.0124
-65.0124
-65.0124
-65.0124
-65.0124
-65.0124
-65.0124
-65.0124
-65.0124
-65.0123
-65.0123
-65.0123
-65.0123
-65.0123
-65.0123
-65.0123
-65.0123
-65.0123
-65.0123
-65.0123
-65.0123
-65.0123
-65.0123
-65.0123
-65.0123
-65.0123
-65.0123
-65.0123
-65.0123
-65.0123
-65.0123
-65.0123
-65.0123
-65.0123
-65.0123
-65.0123
-65.0123
-65.0123
-65.0123
-65.0123
-65.0123
-65.0123
-65.0123
-65.0123
-65.0123
-65.0123
-65.0123
-65.0123
-65.0123
-65.0123
-65.0123
-65.0123
-65.0123
-65.0123
-65.0123
-65.0123
-65.0123
-65.0123
-65.0123
-65.0123
-65.0123
-65.0123
-65.0123
-65.0123
-65.0123
-65.0123
-65.0123
-65.0123
-65.0123
-65.0123
-65.0123
-65.0123
-65.0123
-65.0123
-65.0123
-65.0123
-65.0123
-65.0123
-65.0123
-65.0123
-65.0123
-65.0123
-65.0123
-64.8272
-64.6749
-64.5616
-64.4807
-64.4179
-64.3677
-64.3273
-64.2951
-64.2696
-64.2499
-64.2351
-64.2244
-64.2173
-64.2132
-64.2117
-64.2125
-64.2152
-64.2195
-64.2252
-64.2321
-64.2401
-64.2489
-64.2584
-64.2685
-64.2792
-64.2902
-64.3016
-64.3133
-64.3251
-64.3371
-64.3491
-64.3613
-64.3734
-64.3855
-64.3197
-64.1436
-64.0281
-63.9438
-63.8854
-63.8412
-63.8079
-63.7833
-63.7658
-63.7543
-63.7479
-63.7457
-63.7472
-63.7518
-63.7589
-63.7682
-63.7795
-63.7922
-63.7797
-63.6061
-63.4581
-63.2096
-62.4088
-61.8588
-61.3579
-60.9793
-60.6418
-59.5128
-58.5938
-57.5858
-56.7801
-56.1394
-55.6601
-55.2912
-54.8837
-54.4983
-54.1797
-53.8496
-53.6119
-53.3487
-53.1272
-52.9532
-52.8368
-52.7626
-52.6975
-52.6451
-52.5958
-52.5846
-52.6012
-52.6417
-52.7011
-52.7769
-52.8669
-52.9509
-53.0295
-53.1277
-53.2186
-53.303
-53.4079
-53.5267
-53.6571
-53.7959
-53.9416
-54.0931
-54.2493
-54.3766
-54.4946
-54.5887
-54.672
-54.7619
-54.8719
-54.9951
-55.1275
-55.266
-55.4013
-55.4715
-55.5403
-55.633
-55.7419
-55.8615
-55.9527
-56.0431
-56.0761
-56.116
-56.1829
-56.2356
-56.2956
-56.326
-56.3834
-56.4592
-56.5495
-56.6312
-56.6505
-56.6906
-56.7192
-56.692
-56.6231
-56.576
-56.534
-56.4173
-56.2323
-55.7748
-55.3662
-55.0268
-54.6578
-54.2391
-53.6735
-53.0554
-52.416
-51.9498
-51.5607
-51.1935
-50.8399
-50.5206
-50.2522
-50.0029
-49.7713
-49.5775
-49.42
-49.2867
-49.1478
-49.0349
-48.9395
-48.8592
-48.7909
-48.7325
-48.683
-48.6413
-48.6065
-48.578
-48.5552
-48.5375
-48.5248
-48.5166
-48.5126
-48.5127
-48.5163
-48.5235
-48.5341
-48.5481
-48.5657
-48.5869
-48.6118
-48.6403
-48.6724
-48.7083
-48.748
-48.7917
-48.8396
-48.8921
-48.9493
-49.0115
-49.0789
-49.1517
-49.2302
-49.3148
-49.4058
-49.5036
-49.6086
-49.7212
-49.8414
-49.969
-50.1041
-50.2468
-50.3971
-50.5551
-50.7209
-50.8945
-51.0749
-51.262
-51.4554
-51.6548
-51.8599
-52.0697
-52.2836
-52.5009
-52.7213
-52.9442
-53.1686
-53.3938
-53.6194
-53.845
-54.07
-54.2937
-54.5156
-54.7356
-54.9535
-55.1686
-55.3807
-55.5897
-55.7352
-55.7901
-55.8872
-56.0043
-56.1373
-56.2694
-56.3247
-56.4009
-56.4967
-56.6084
-56.7058
-56.4928
-56.0827
-55.7419
-55.5252
-55.3365
-55.0811
-54.3426
-53.7543
-52.9593
-52.2743
-51.7693
-51.3508
-51.0272
-50.6482
-50.3156
-50.042
-49.8251
-49.6481
-49.4558
-49.2534
-49.0744
-48.9249
-48.7955
-48.6581
-48.4874
-48.3138
-48.1373
-47.9231
-47.7088
-47.4565
-47.1761
-46.8448
-46.4606
-45.9836
-45.3241
-44.351
-42.7234
-38.9895
-5.23934
27.7067
-18.0047
-47.1532
-58.4596
-61.5146
-62.4829
-62.8264
-62.9285
-62.9329
-62.9007
-62.8582
-62.8164
-62.7796
-62.7494
-62.7173
-62.6471
-62.5998
-62.5657
-62.5436
-62.5292
-62.5211
-62.5182
-62.5197
-62.525
-62.5335
-62.5416
-62.4371
-62.345
-62.2834
-62.2452
-62.1884
-62.1187
-61.98
-61.7362
-61.5055
-61.2516
-61.0777
-60.9482
-60.7689
-60.5978
-60.4377
-60.2217
-60.0303
-59.7846
-59.4954
-59.0285
-58.6775
-58.2906
-57.8412
-57.3845
-56.8313
-56.2468
-55.6626
-55.183
-54.7997
-54.4977
-54.2666
-54.086
-53.8834
-53.742
-53.6499
-53.5517
-53.4991
-53.4661
-53.4063
-53.3923
-53.4028
-53.3976
-53.3969
-53.4302
-53.4886
-53.5672
-53.6611
-53.7417
-53.8285
-53.9326
-54.0504
-54.1788
-54.3154
-54.4587
-54.6076
-54.761
-54.9181
-55.0781
-55.2403
-55.4041
-55.5692
-55.7349
-55.9009
-56.0667
-56.2319
-56.3962
-56.5596
-56.7216
-56.8822
-57.0411
-57.198
-57.353
-57.5058
-57.6566
-57.805
-57.9512
-58.0949
-58.2362
-58.3749
-58.5112
-58.6449
-58.7762
-58.9049
-59.0311
-59.1548
-59.2759
-59.3945
-59.5106
-59.6243
-59.7356
-59.8444
-59.951
-60.0551
-60.1569
-60.2565
-60.3538
-60.4489
-60.5418
-60.6327
-60.7214
-60.8081
-60.8928
-60.9755
-61.0563
-61.1352
-61.2122
-61.2874
-61.3609
-61.4326
-61.5026
-61.5709
-61.6376
-61.7027
-61.7663
-61.8283
-61.8889
-61.948
-62.0058
-62.0621
-62.117
-62.1707
-62.223
-62.2741
-62.324
-62.3727
-62.4202
-62.4105
-62.3035
-62.1046
-61.8826
-61.7362
-61.5796
-61.4711
-61.3936
-61.3413
-61.1976
-61.0357
-60.8532
-60.3696
-59.9666
-59.6791
-59.3806
-58.0836
-56.911
-56.0608
-55.4564
-55.0014
-54.5994
-54.2933
-53.9721
-53.7037
-53.4135
-53.1885
-53.0295
-52.9245
-52.8601
-52.8283
-52.8244
-52.8272
-52.7613
-52.7113
-52.7014
-52.7145
-52.7345
-52.7477
-52.7868
-52.8354
-52.8339
-52.8466
-52.8934
-52.9668
-53.0402
-52.999
-52.9965
-53.0063
-53.057
-53.1321
-53.2268
-53.3363
-53.4582
-53.5906
-53.7317
-53.8802
-54.0006
-54.1266
-54.2629
-54.3734
-54.502
-54.6411
-54.7893
-54.943
-55.0728
-55.1938
-55.3282
-55.471
-55.62
-55.7724
-55.9272
-56.0835
-56.2406
-56.3982
-56.5557
-56.6775
-56.7932
-56.9188
-57.0428
-57.1281
-57.2312
-57.3428
-57.4618
-57.4951
-57.5501
-57.6235
-57.7124
-57.8095
-57.9122
-58.0188
-58.1284
-58.207
-58.2822
-58.3688
-58.4246
-58.4626
-58.4427
-58.3686
-58.2325
-57.986
-57.7391
-57.4287
-57.0276
-56.453
-55.9087
-55.4534
-54.9546
-54.2634
-53.6185
-53.0809
-52.6508
-52.3238
-52.0794
-51.8483
-51.6239

