-70
-70.0758
-70.1508
-70.225
-70.2983
-70.3706
-70.4419
-70.5122
-70.5814
-70.6496
-70.7168
-70.7829
-70.848
-70.9121
-70.9752
-71.0373
-71.0984
-71.1586
-71.2178
-71.2761
-71.3334
-71.3899
-71.4455
-71.5003
-71.5543
-71.6074
-71.6598
-71.7114
-71.7623
-71.8124
-71.8619
-71.9106
-71.9587
-72.006
-72.0527
-72.0988
-72.1442
-72.1889
-72.2331
-72.2766
-72.3196
-72.362
-72.4038
-72.445
-72.4857
-72.5258
-72.5654
-72.6045
-72.6431
-72.6812
-72.7188
-72.756
-72.7927
-72.8289
-72.8647
-72.9
-72.9349
-72.9694
-73.0035
-73.0371
-73.0704
-73.1032
-73.1357
-73.1678
-73.1994
-73.2307
-73.2617
-73.2922
-73.3224
-73.3523
-73.3817
-73.4109
-73.4397
-73.4682
-73.4963
-73.5241
-73.5516
-73.5788
-73.6057
-73.6323
-73.6585
-73.6845
-73.7102
-73.7356
-73.7608
-73.7857
-73.8103
-73.8346
-73.8587
-73.8825
-73.9061
-73.9294
-73.9524
-73.9753
-73.9979
-74.0202
-74.0423
-74.0642
-74.0859
-74.1073
-74.1285
-74.1495
-74.1703
-74.1909
-74.2112
-74.2313
-74.2513
-74.271
-74.2905
-74.3098
-74.329
-74.3479
-74.3666
-74.3852
-74.4036
-74.4217
-74.4397
-74.4575
-74.4752
-74.4926
-74.5099
-74.527
-74.544
-74.5607
-74.5774
-74.5938
-74.6101
-74.6262
-74.6422
-74.658
-74.6736
-74.6891
-74.7045
-74.7197
-74.7347
-74.7496
-74.7644
-74.779
-74.7935
-74.8079
-74.8221
-74.8362
-74.8501
-74.864
-74.8777
-74.8913
-74.9047
-74.918
-74.9313
-74.9443
-74.9573
-74.9701
-74.9829
-74.9955
-75.008
-75.0204
-75.0327
-75.0448
-75.0569
-75.0688
-75.0806
-75.0924
-75.104
-75.1155
-75.1269
-75.1382
-75.1495
-75.1606
-75.1716
-75.1825
-75.1933
-75.204
-75.2147
-75.2252
-75.2356
-75.246
-75.2562
-75.2664
-75.2764
-75.2864
-75.2963
-75.3061
-75.3158
-75.3255
-75.335
-75.3445
-75.3538
-75.3631
-75.3724
-75.3815
-75.3906
-75.3995
-75.4084
-75.4172
-75.426
-75.4346
-75.4432
-75.4518
-75.4602
-75.4686
-75.4769
-75.4851
-75.4932
-75.5013
-75.5093
-75.5173
-75.5251
-75.533
-75.5407
-75.5484
-75.556
-75.5635
-75.571
-75.5784
-75.5858
-75.593
-75.6003
-75.6074
-75.6145
-75.6216
-75.6285
-75.6355
-75.6423
-75.6491
-75.6559
-75.6626
-75.6692
-75.6758
-75.6823
-75.6888
-75.6952
-75.7015
-75.7078
-75.7141
-75.7203
-75.7264
-75.7325
-75.7386
-75.7446
-75.7505
-75.7564
-75.7622
-75.768
-75.7738
-75.7795
-75.7851
-75.7907
-75.7963
-75.8018
-75.8072
-75.8127
-75.818
-75.8234
-75.8287
-75.8339
-75.8391
-75.8443
-75.8494
-75.8545
-75.8595
-75.8645
-75.8695
-75.8744
-75.8793
-75.8841
-75.8889
-75.8937
-75.8984
-75.9031
-75.9077
-75.9123
-75.9169
-75.9214
-75.9259
-75.9304
-75.9348
-75.9392
-75.9436
-75.9479
-75.9522
-75.9565
-75.9607
-75.9649
-75.969
-75.9731
-75.9772
-75.9813
-75.9853
-75.9893
-75.9933
-75.9972
-76.0011
-76.005
-76.0088
-76.0126
-76.0164
-76.0201
-76.0239
-76.0275
-76.0312
-76.0348
-76.0384
-76.042
-76.0456
-76.0491
-76.0526
-76.056
-76.0595
-76.0629
-76.0663
-76.0696
-76.0729
-76.0762
-76.0795
-76.0828
-76.086
-76.0892
-76.0924
-76.0955
-76.0986
-76.1017
-76.1048
-76.1079
-76.1109
-76.1139
-76.1169
-76.1198
-76.1228
-76.1257
-76.1286
-76.1314
-76.1343
-76.1371
-76.1399
-76.1427
-76.1455
-76.1482
-76.1509
-76.1536
-76.1563
-76.1589
-76.1615
-76.1642
-76.1667
-76.1693
-76.1719
-76.1744
-76.1769
-76.1794
-76.1819
-76.1843
-76.1868
-76.1892
-76.1916
-76.1939
-76.1963
-76.1986
-76.201
-76.2033
-76.2056
-76.2078
-76.2101
-76.2123
-76.2145
-76.2167
-76.2189
-76.2211
-76.2232
-76.2254
-76.2275
-76.2296
-76.2317
-76.2337
-76.2358
-76.2378
-76.2398
-76.2418
-76.2438
-76.2458
-76.2478
-76.2497
-76.2516
-76.2536
-76.2554
-76.2573
-76.2592
-76.2611
-76.2629
-76.2647
-76.2665
-76.2683
-76.2701
-76.2719
-76.2737
-76.2754
-76.2771
-76.2788
-76.2806
-76.2822
-76.2839
-76.2856
-76.2872
-76.2889
-76.2905
-76.2921
-76.2937
-76.2953
-76.2969
-76.2985
-76.3
-76.3016
-76.3031
-76.3046
-76.3061
-76.3076
-76.3091
-76.3106
-76.312
-76.3135
-76.3149
-76.3164
-76.3178
-76.3192
-76.3206
-76.322
-76.3233
-76.3247
-76.3261
-76.3274
-76.3287
-76.33
-76.3314
-76.3327
-76.334
-76.3352
-76.3365
-76.3378
-76.339
-76.3403
-76.3415
-76.3427
-76.3439
-76.3452
-76.3464
-76.3475
-76.3487
-76.3499
-76.351
-76.3522
-76.3533
-76.3545
-76.3556
-76.3567
-76.3578
-76.3589
-76.36
-76.3611
-76.3622
-76.3632
-76.3643
-76.3654
-76.3664
-76.3674
-76.3685
-76.3695
-76.3705
-76.3715
-76.3725
-76.3735
-76.3745
-76.3754
-76.3764
-76.3774
-76.3783
-76.3793
-76.3802
-76.3811
-76.382
-76.383
-76.3839
-76.3848
-76.3857
-76.3866
-76.3874
-76.3883
-76.3892
-76.39
-76.3909
-76.3917
-76.3926
-76.3934
-76.3943
-76.3951
-76.3959
-76.3967
-76.3975
-76.3983
-76.3991
-76.3999
-76.4007
-76.4014
-76.4022
-76.403
-76.4037
-76.4045
-76.4052
-73.0945
-69.0255
-65.9295
-63.0994
-58.7849
-53.6476
46.0679
-5.75489
-36.7893
-78.0726
-79.1657
-79.0765
-77.9472
-77.2652
-76.4862
-74.7747
-73.8874
-73.2855
-72.7376
-72.2026
-71.6744
-69.4048
-67.4078
-65.4295
-62.9078
-61.1139
-59.7514
-58.5198
-57.1454
-55.0335
-47.6326
23.1606
-22.1145
-63.6859
-78.5808
-78.5988
-78.4421
-78.1473
-76.3094
-75.4717
-74.9896
-74.5576
-74.1588
-72.5331
-70.5954
-69.4925
-68.7697
-68.2162
-67.7542
-67.3522
-67.4553
-67.8701
-68.0968
-68.201
-68.2391
-68.2421
-68.228
-68.2069
-68.1853
-68.1667
-68.1535
-68.1468
-68.1473
-68.1551
-68.1702
-67.375
-64.3714
-61.9223
-60.0079
-58.2717
-56.2046
-51.7107
41.4979
-13.053
-45.273
-78.9027
-79.5996
-79.5672
-79.5139
-79.4545
-79.3895
-78.9187
-74.2517
-71.2344
-69.7972
-68.8727
-68.1381
-67.4936
-66.9052
-66.3603
-65.8547
-64.5505
-60.9501
-57.8541
-54.53
-34.8146
7.43859
-28.6725
-73.6251
-78.9325
-78.1001
-77.6346
-77.3195
-77.0401
-76.7558
-76.4604
-76.1554
-75.8435
-75.5276
-75.2108
-74.8964
-74.5874
-74.2868
-74.1189
-74.001
-73.8706
-73.7367
-73.606
-73.4824
-73.3678
-73.2633
-73.1692
-73.0856
-73.1892
-73.3873
-73.5385
-73.652
-73.7392
-73.808
-73.8633
-73.909
-73.9476
-73.9809
-74.0103
-74.0367
-74.061
-74.0835
-74.1049
-74.1253
-74.145
-74.1641
-74.1829
-74.2013
-74.2195
-74.2375
-74.2554
-74.2731
-74.2908
-74.3083
-74.3258
-74.3433
-74.3606
-74.3779
-74.3951
-74.4123
-74.4293
-74.4463
-74.4632
-74.48
-74.4967
-74.5133
-74.5298
-74.5462
-74.5625
-74.5786
-74.5947
-74.6106
-74.6264
-74.6421
-74.6576
-74.6731
-74.6884
-74.7035
-74.7186
-74.7335
-74.7483
-74.763
-74.7775
-74.7919
-74.8062
-74.8204
-72.1108
-68.1843
-65.1698
-61.1834
-56.8178
-47.3828
23.9054
-20.6862
-61.379
-79.0489
-79.1022
-78.9941
-77.7801
-76.9088
-75.0893
-74.1296
-73.525
-72.9809
-72.4475
-71.9178
-71.3938
-69.2948
-66.9761
-63.9216
-61.7189
-60.7665
-60.8154
-60.8204
-60.7542
-60.5145
-59.43
-59.2161
-58.0488
-56.7598
-55.016
-50.2005
34.8092
-17.2955
-52.1647
-78.6635
-78.2463
-77.7491
-77.4745
-77.1605
-76.8571
-76.5606
-76.2574
-75.9472
-75.6324
-75.3159
-75.001
-74.6907
-74.3881
-74.096
-73.8165
-73.5519
-73.3035
-73.0725
-72.8597
-72.6653
-72.4894
-72.3317
-72.1917
-69.6591
-66.1411
-63.4864
-61.4369
-60.7884
-60.7973
-60.8404
-60.3328
-58.194
-55.6335
-48.1568
24.861
-20.846
-60.9772
-79.1049
-79.2311
-79.1416
-79.0383
-78.9253
-78.8029
-78.6714
-77.8701
-74.9755
-73.2792
-72.2661
-70.1672
-67.2194
-65.3229
-64.0416
-63.0825
-62.3062
-61.4825
-59.3494
-57.1065
-53.1573
43.0922
-5.96727
-36.9533
-77.3867
-78.7206
-78.5864
-78.4234
-77.2219
-76.1943
-75.5866
-73.5267
-72.3866
-71.7178
-71.1729
-70.6749
-70.2047
-69.7584
-69.336
-68.9389
-68.5686
-68.2263
-67.9126
-67.628
-67.3728
-67.1464
-66.9481
-66.7772
-66.6326
-66.5132
-66.4176
-66.7323
-67.5331
-68.1908
-68.7055
-69.1152
-69.4467
-69.7193
-69.9467
-70.1393
-70.3047
-70.4487
-70.5756
-70.6889
-70.7912
-70.8846
-70.9706
-71.0507
-71.1256
-71.1965
-71.2638
-71.3281
-71.3898
-71.4494
-71.5071
-71.5631
-71.6176
-71.6709
-71.723
-71.7741
-71.8242
-71.8734
-71.9218
-71.9695
-72.0163
-72.0625
-72.108
-72.1529
-72.1971
-72.2408
-72.2838
-72.3263
-72.3682
-72.4096
-72.4504
-72.4907
-72.5305
-72.5698
-72.6086
-72.6469
-72.6848
-72.7222
-72.7591
-72.7956
-72.8317
-72.8673
-72.9025
-72.9373
-72.9717
-73.0056
-73.0392
-73.0723
-73.1051
-73.1375
-73.1695
-73.2011
-73.2323
-73.2632
-71.5045
-67.6849
-64.6697
-62.3505
-60.4307
-58.5859
-56.196
-47.5068
23.5709
-21.0857
-61.7431
-78.9161
-78.9731
-78.8511
-77.635
-76.6907
-76.2405
-75.8557
-75.4673
-73.2551
-71.3775
-70.2594
-69.368
-67.0081
-65.1219
-63.8492
-62.8983
-62.1267
-60.1927
-58.1588
-55.9455
-51.2581
40.4097
-13.5651
-45.5427
-78.1191
-78.6225
-77.6446
-76.9874
-76.6356
-76.3078
-74.7348
-73.3841
-72.6337
-72.0573
-71.5357
-71.0407
-70.5663
-69.2363
-66.6846
-64.902
-63.6779
-63.4871
-64.6842
-65.6349
-66.1819
-66.5017
-66.6938
-66.8128
-66.89
-66.9434
-66.9843
-67.0193
-67.0528
-67.0875
-67.1249
-67.166
-67.2114
-67.2614
-67.3159
-67.3748
-67.4379
-67.5051
-67.5758
-67.6498
-67.7267
-67.8062
-67.8879
-67.9716
-68.0569
-68.1435
-68.2313
-68.3199
-68.4091
-68.4988
-68.5887
-68.6786
-68.7683
-68.8578
-68.9467
-69.0352
-69.1229
-69.21
-68.9684
-65.816
-62.9553
-60.7316
-57.8825
-52.9382
44.757
-7.91961
-38.7964
-77.8083
-78.9509
-78.8472
-78.7097
-77.8897
-76.11
-73.8973
-72.7662
-72.0538
-71.4399
-70.8576
-70.293
-69.7453
-68.8437
-66.2385
-63.0523

