-70
-70.0758
-70.1508
-70.225
-70.2983
-70.3706
-70.4419
-70.5122
-70.5814
-70.6496
-70.7168
-70.7829
-70.848
-70.9121
-70.9752
-71.0373
-71.0984
-71.1586
-71.2178
-71.2761
-71.3334
-71.3899
-71.4455
-71.5003
-71.5543
-71.6074
-71.6598
-71.7114
-71.7623
-71.8124
-71.8619
-71.9106
-71.9587
-72.006
-72.0527
-72.0988
-72.1442
-72.1889
-72.2331
-72.2766
-72.3196
-72.362
-72.4038
-72.445
-72.4857
-72.5258
-72.5654
-72.6045
-72.6431
-72.6812
-72.7188
-72.756
-72.7927
-72.8289
-72.8647
-72.9
-72.9349
-72.9694
-73.0035
-73.0371
-73.0704
-73.1032
-73.1357
-73.1678
-73.1994
-73.2307
-73.2617
-73.2922
-73.3224
-73.3523
-73.3817
-73.4109
-73.4397
-73.4682
-73.4963
-73.5241
-73.5516
-73.5788
-73.6057
-73.6323
-73.6585
-73.6845
-73.7102
-73.7356
-73.7608
-73.7857
-73.8103
-73.8346
-73.8587
-73.8825
-73.9061
-73.9294
-73.9524
-73.9753
-73.9979
-74.0202
-74.0423
-74.0642
-74.0859
-74.1073
-74.1285
-74.1495
-74.1703
-74.1909
-74.2112
-74.2313
-74.2513
-74.271
-74.2905
-74.3098
-74.329
-74.3479
-74.3666
-74.3852
-74.4036
-74.4217
-74.4397
-74.4575
-74.4752
-74.4926
-74.5099
-74.527
-74.544
-74.5607
-74.5774
-74.5938
-74.6101
-74.6262
-74.6422
-74.658
-74.6736
-74.6891
-74.7045
-74.7197
-74.7347
-74.7496
-74.7644
-74.779
-74.7935
-74.8079
-74.8221
-74.8362
-74.8501
-74.864
-74.8777
-74.8913
-74.9047
-74.918
-74.9313
-74.9443
-74.9573
-74.9701
-74.9829
-74.9955
-75.008
-75.0204
-75.0327
-75.0448
-75.0569
-75.0688
-75.0806
-75.0924
-75.104
-75.1155
-75.1269
-75.1382
-75.1495
-75.1606
-75.1716
-75.1825
-75.1933
-75.204
-75.2147
-75.2252
-75.2356
-75.246
-75.2562
-75.2664
-75.2764
-75.2864
-75.2963
-75.3061
-75.3158
-75.3255
-75.335
-75.3445
-75.3538
-75.3631
-75.3724
-75.3815
-75.3906
-75.3995
-75.4084
-75.4172
-75.426
-75.4346
-75.4432
-75.4518
-75.4602
-75.4686
-75.4769
-75.4851
-75.4932
-75.5013
-75.5093
-75.5173
-75.5251
-75.533
-75.5407
-75.5484
-75.556
-75.5635
-75.571
-75.5784
-75.5858
-75.593
-75.6003
-75.6074
-75.6145
-75.6216
-75.6285
-75.6355
-75.6423
-75.6491
-75.6559
-75.6626
-75.6692
-75.6758
-75.6823
-75.6888
-75.6952
-75.7015
-75.7078
-75.7141
-75.7203
-75.7264
-75.7325
-75.7386
-75.7446
-75.7505
-75.7564
-75.7622
-75.768
-75.7738
-75.7795
-75.7851
-75.7907
-75.7963
-75.8018
-75.8072
-75.8127
-75.818
-75.8234
-75.8287
-75.8339
-75.8391
-75.8443
-75.8494
-75.8545
-75.8595
-75.8645
-75.8695
-75.8744
-75.8793
-75.8841
-75.8889
-75.8937
-75.8984
-75.9031
-75.9077
-75.9123
-75.9169
-75.9214
-75.9259
-75.9304
-75.9348
-75.9392
-75.9436
-75.9479
-75.9522
-75.9565
-75.9607
-75.9649
-75.969
-75.9731
-75.9772
-75.9813
-75.9853
-75.9893
-75.9933
-75.9972
-76.0011
-76.005
-76.0088
-76.0126
-76.0164
-76.0201
-76.0239
-76.0275
-76.0312
-76.0348
-76.0384
-76.042
-76.0456
-76.0491
-76.0526
-76.056
-76.0595
-76.0629
-76.0663
-76.0696
-76.0729
-76.0762
-76.0795
-76.0828
-76.086
-76.0892
-76.0924
-76.0955
-76.0986
-76.1017
-76.1048
-76.1079
-76.1109
-76.1139
-76.1169
-76.1198
-76.1228
-76.1257
-76.1286
-76.1314
-76.1343
-76.1371
-76.1399
-76.1427
-76.1455
-76.1482
-76.1509
-76.1536
-76.1563
-76.1589
-76.1615
-76.1642
-76.1667
-76.1693
-76.1719
-76.1744
-76.1769
-76.1794
-76.1819
-76.1843
-76.1868
-76.1892
-76.1916
-76.1939
-76.1963
-76.1986
-76.201
-76.2033
-76.2056
-76.2078
-76.2101
-76.2123
-76.2145
-76.2167
-76.2189
-76.2211
-76.2232
-76.2254
-76.2275
-76.2296
-76.2317
-76.2337
-76.2358
-76.2378
-76.2398
-76.2418
-76.2438
-76.2458
-76.2478
-76.2497
-76.2516
-76.2536
-76.2554
-76.2573
-76.2592
-76.2611
-76.2629
-76.2647
-76.2665
-76.2683
-76.2701
-76.2719
-76.2737
-76.2754
-76.2771
-76.2788
-76.2806
-76.2822
-76.2839
-76.2856
-76.2872
-76.2889
-76.2905
-76.2921
-76.2937
-76.2953
-76.2969
-76.2985
-76.3
-76.3016
-76.3031
-76.3046
-76.3061
-76.3076
-76.3091
-76.3106
-76.312
-76.3135
-76.3149
-76.3164
-76.3178
-76.3192
-76.3206
-76.322
-76.3233
-76.3247
-76.3261
-76.3274
-76.3287
-76.33
-76.3314
-76.3327
-76.334
-76.3352
-76.3365
-76.3378
-76.339
-76.3403
-76.3415
-76.3427
-76.3439
-76.3452
-76.3464
-76.3475
-76.3487
-76.3499
-76.351
-76.3522
-76.3533
-76.3545
-76.3556
-76.3567
-76.3578
-76.3589
-76.36
-76.3611
-76.3622
-76.3632
-76.3643
-76.3654
-76.3664
-76.3674
-76.3685
-76.3695
-76.3705
-76.3715
-76.3725
-76.3735
-76.3745
-76.3754
-76.3764
-76.3774
-76.3783
-76.3793
-76.3802
-76.3811
-76.382
-76.383
-76.3839
-76.3848
-76.3857
-76.3866
-76.3874
-76.3883
-76.3892
-76.39
-76.3909
-76.3917
-76.3926
-76.3934
-76.3943
-76.3951
-76.3959
-76.3967
-76.3975
-76.3983
-76.3991
-76.3999
-76.4007
-76.4014
-76.4022
-76.403
-76.4037
-76.4045
-76.4052
-76.406
-76.4067
-76.4074
-75.6458
-71.3644
-67.6835
-64.9104
-62.7495
-60.9512
-59.2514
-57.2021
-52.8667
43.9686
-9.01768
-40.4998
-78.3979
-79.0597
-78.9539
-78.8271
-78.688
-78.5369
-78.3739
-77.9444
-75.8546
-74.5108
-73.6947
-73.0675
-72.5215
-72.0196
-71.5488
-71.1048
-70.6873
-70.2969
-69.9346
-69.6013
-69.2976
-69.0236
-68.779
-69.0415
-69.568
-67.455
-65.2287
-63.6757
-62.558
-61.7112
-61.0324
-60.4565
-59.9318
-60.3425
-61.6465
-62.7882
-63.7077
-64.4421
-65.0319
-65.5117
-65.9074
-66.239
-66.5215
-66.7657
-66.9801
-67.1712
-67.3438
-67.5018
-67.6479
-68.4933
-69.3734
-70.058
-70.5942
-71.0208
-71.365
-71.6466
-71.8797
-72.0751
-72.2406
-72.3823
-72.5049
-72.6118
-72.7061
-72.7899
-72.865
-72.933
-72.3196
-68.6056
-65.4447
-63.079
-61.2136
-59.5915
-57.9111
-55.4932
-46.2215
19.9892
-23.0409
-66.1971
-78.872
-78.8852
-78.7532
-78.6054
-78.4445
-78.2709
-78.0851
-77.888
-75.7196
-73.9877
-72.9351
-72.2032
-71.9038
-71.6411
-71.3602
-71.0798
-70.8281
-71.044
-71.598
-72.2295
-72.726
-73.007
-73.1676
-73.3714
-73.6352
-73.8063
-73.9148
-73.9862
-74.035
-74.0698
-74.0955
-74.1156
-74.132
-74.1462
-74.1589
-74.1708
-74.1824
-74.1939
-74.2054
-74.2171
-74.2291
-74.2413
-74.2539
-74.2669
-74.2802
-74.2937
-74.3076
-74.3218
-74.3362
-74.3509
-74.3658
-74.3808
-74.396
-74.4113
-74.4268
-74.4423
-74.4579
-74.4735
-74.4892
-74.5049
-74.5206
-74.5363
-74.552
-74.5676
-74.5832
-74.5987
-74.6142
-74.6295
-74.6448
-74.6601
-74.6752
-74.6902
-74.7052
-74.72
-74.7347
-74.7494
-74.7639
-74.7783
-74.7926
-74.8068
-74.8209
-74.8348
-74.8487
-74.8624
-74.876
-74.8895
-74.9029
-74.9162
-74.9294
-74.9424
-74.9553
-73.4816
-69.3818
-66.0808
-63.572
-61.5681
-59.7981
-57.8982
-54.8288
-13.4188
5.32228
-29.7191
-75.3573
-79.0094
-78.9281
-78.7984
-78.6554
-78.4998
-78.3318
-78.1519
-77.2962
-75.1698
-73.8578
-73.0112
-72.3501
-71.7781
-71.2588
-70.7781
-70.3307
-68.6976
-66.223
-64.3362
-62.9028
-61.7505
-60.7608
-59.8388
-58.885
-57.8021
-58.0145
-58.6144
-59.2443
-58.4523
-57.2221
-55.9779
-55.4781
-54.261
-51.0943
42.3528
-12.9488
-44.9513
-78.6821
-79.4658
-79.4238
-79.3561
-79.2813
-79.2004
-79.1136
-79.0215
-78.9245
-78.8236
-78.7196
-78.6135
-78.5065
-78.3997
-78.2942
-78.191
-78.0909
-77.9949
-77.9033
-77.8167
-77.7354
-77.6596
-77.5892
-77.5243
-77.4646
-77.41
-77.3602
-77.315
-77.2739
-77.2367
-76.0357
-71.6165
-67.969
-65.2247
-63.095
-61.3454
-59.7451
-57.9678
-55.0456
-22.6377
7.41744
-28.6719
-74.6282
-79.069
-79.0004
-78.879
-78.7449
-78.5987
-78.4407
-78.2712
-78.0911
-76.9123
-74.5429
-73.0613
-72.0819
-71.3291
-70.6962
-70.1382
-69.6349
-69.6385
-69.7911
-69.8508
-69.9089
-70.4166
-70.8259
-71.0948
-71.567
-72.2611
-72.872
-73.2634
-73.5181
-73.6901
-73.8103
-73.8971
-73.9617
-74.0115
-74.0509
-74.0832
-74.1104
-74.1341
-74.2625
-74.436
-74.5708
-74.6749
-74.757
-74.823
-74.8769
-74.9217
-74.9596
-74.992
-75.0202
-75.045
-75.0671
-75.0871
-75.1053
-75.1221
-75.1377
-75.1523
-75.1662
-75.1793
-75.1919
-75.2041
-75.2158
-75.2272
-75.2383
-75.2491
-75.2597
-75.2701
-75.2803
-75.2904
-75.3004
-75.3102
-75.3199
-75.3295
-75.3389
-75.3483
-75.3576
-75.3668
-75.376
-75.385
-75.394
-75.4028
-75.4117
-75.4204
-75.429
-75.4376
-75.4461
-75.4546
-75.463
-75.4713
-75.4795
-75.4877
-75.4958
-75.5038
-75.5118
-75.5197
-75.5275
-75.5353
-75.543
-75.5506
-75.5582
-75.5657
-75.5731
-75.5805
-75.5878
-75.5951
-75.6023
-75.6094
-75.6165
-75.6235
-72.8339
-68.7946
-65.6945
-63.3184
-61.3963
-59.6644
-57.7463
-54.4502
25.1543
1.33285
-31.8731
-76.9915
-79.0117
-78.6938
-78.5252
-78.3519
-78.1644
-77.9628
-77.7476
-77.5202
-77.2821
-75.6266
-73.3514
-71.8807
-70.8544
-70.0549
-69.3883
-68.8106
-68.2998
-67.8442
-66.5037
-64.1215
-62.2218
-60.6991
-59.3323
-57.8748
-55.8024
-49.7238
30.5987
-18.5373
-56.6994
-79.3633
-79.6031
-79.5604
-78.1885
-77.4823
-77.1476
-76.8526
-76.5532
-76.2449
-75.9278
-75.6253
-75.3498
-75.1306
-74.9213
-74.7184
-74.5251
-74.3434
-74.1742
-74.0179
-73.8749
-73.745
-73.6279
-73.5233
-73.4306
-73.3491
-73.2783
-73.2175
-73.1658
-73.1226
-73.0873
-73.059
-73.0372
-73.0213
-73.0106
-73.0047
-73.0031
-73.0053
-73.0108
-73.0193
-73.0305
-73.0439
-73.0595
-73.0768
-73.0956
-73.1158
-73.1371
-73.1595
-73.1827
-73.2065
-70.2677
-66.6525
-63.8967
-61.742
-59.8946
-57.9924
-55.1291
-34.7764
9.94561
-27.3414
-73.1471
-78.9118
-78.8313
-78.6909
-78.536
-78.3676
-78.1861
-77.9919
-77.786
-76.4333
-74.2761

