-70
-69.8623
-69.7285
-69.5983
-69.4718
-69.3487
-69.2291
-69.1128
-68.9997
-68.8897
-68.7828
-68.6789
-68.5778
-68.4795
-68.3839
-68.291
-68.2007
-68.1128
-68.0274
-67.9443
-67.8636
-67.7851
-67.7087
-67.6345
-67.5623
-67.4921
-67.4238
-67.3574
-67.2929
-67.2301
-67.1691
-67.1098
-67.0521
-66.996
-66.9414
-66.8884
-66.8368
-66.7866
-66.7378
-66.6904
-66.6443
-66.5994
-66.5558
-66.5133
-66.4721
-66.432
-66.393
-66.355
-66.3181
-66.2823
-66.2474
-66.2134
-66.1805
-66.1484
-66.1172
-66.0868
-66.0573
-66.0286
-66.0007
-65.9736
-65.9472
-65.9215
-65.8966
-65.8723
-65.8487
-65.8257
-65.8034
-65.7817
-65.7606
-65.74
-65.72
-65.7006
-65.6817
-65.6633
-65.6455
-65.6281
-65.6112
-65.5948
-65.5788
-65.5632
-65.5481
-65.5334
-65.5191
-65.5052
-65.4917
-65.4785
-65.4657
-65.4533
-65.4412
-65.4294
-65.418
-65.4068
-65.396
-65.3855
-65.3752
-65.3653
-65.3556
-65.3462
-65.337
-65.3281
-65.3194
-65.311
-65.3028
-65.2948
-65.2871
-65.2795
-65.2722
-65.2651
-65.2581
-65.2514
-65.2448
-65.2385
-65.2322
-65.2262
-65.2203
-65.2146
-65.2091
-65.2037
-65.1984
-65.1933
-65.1884
-65.1835
-65.1788
-65.1743
-65.1698
-65.1655
-65.1613
-65.1572
-65.1532
-65.1493
-65.1456
-65.1419
-65.1384
-65.1349
-65.1315
-65.1283
-65.1251
-65.122
-65.119
-65.1161
-65.1132
-65.1104
-65.1077
-65.1051
-65.1026
-65.1001
-65.0977
-65.0953
-65.0931
-65.0908
-65.0887
-65.0866
-65.0845
-65.0826
-65.0806
-65.0788
-65.0769
-65.0752
-65.0734
-65.0718
-65.0701
-65.0685
-65.067
-65.0655
-65.064
-65.0626
-65.0612
-65.0599
-65.0586
-65.0573
-65.0561
-65.0549
-65.0537
-65.0526
-65.0514
-65.0504
-65.0493
-65.0483
-65.0473
-65.0464
-65.0454
-65.0445
-65.0436
-65.0428
-65.0419
-65.0411
-65.0403
-65.0395
-65.0388
-65.0381
-65.0374
-65.0367
-65.036
-65.0353
-65.0347
-65.0341
-65.0335
-65.0329
-65.0323
-65.0318
-65.0313
-65.0307
-65.0302
-65.0297
-65.0293
-65.0288
-65.0283
-65.0279
-65.0275
-65.027
-65.0266
-65.0262
-65.0259
-65.0255
-65.0251
-65.0248
-65.0244
-65.0241
-65.0238
-65.0234
-65.0231
-65.0228
-65.0225
-65.0223
-65.022
-65.0217
-65.0215
-65.0212
-65.021
-65.0207
-65.0205
-65.0203
-65.02
-65.0198
-65.0196
-65.0194
-65.0192
-65.019
-65.0188
-65.0187
-65.0185
-65.0183
-65.0181
-65.018
-65.0178
-65.0177
-65.0175
-65.0174
-65.0172
-65.0171
-65.017
-65.0168
-65.0167
-65.0166
-65.0165
-65.0163
-65.0162
-65.0161
-65.016
-65.0159
-65.0158
-65.0157
-65.0156
-65.0155
-65.0154
-65.0153
-65.0153
-65.0152
-65.0151
-65.015
-65.0149
-65.0149
-65.0148
-65.0147
-65.0147
-65.0146
-65.0145
-65.0145
-65.0144
-65.0143
-65.0143
-65.0142
-65.0142
-65.0141
-65.0141
-65.014
-65.014
-65.0139
-65.0139
-65.0138
-65.0138
-65.0137
-65.0137
-65.0137
-65.0136
-65.0136
-65.0135
-65.0135
-65.0135
-65.0134
-65.0134
-65.0134
-65.0133
-65.0133
-65.0133
-65.0133
-65.0132
-65.0132
-65.0132
-65.0131
-65.0131
-65.0131
-65.0131
-65.0131
-65.013
-65.013
-65.013
-65.013
-65.0129
-65.0129
-65.0129
-65.0129
-65.0129
-65.0129
-65.0128
-65.0128
-65.0128
-65.0128
-65.0128
-65.0128
-65.0127
-65.0127
-65.0127
-65.0127
-65.0127
-65.0127
-65.0127
-65.0127
-65.0126
-65.0126
-65.0126
-65.0126
-65.0126
-65.0126
-65.0126
-65.0126
-65.0126
-65.0126
-65.0125
-65.0125
-65.0125
-65.0125
-65.0125
-65.0125
-65.0125
-65.0125
-65.0125
-65.0125
-65.0125
-65.0125
-65.0125
-65.0124
-65.0124
-65.0124
-65.0124
-65.0124
-65.0124
-65.0124
-65.0124
-65.0124
-65.0124
-65.0124
-65.0124
-65.0124
-65.0124
-65.0124
-65.0124
-65.0124
-65.0124
-65.0124
-65.0124
-65.0124
-65.0124
-65.0124
-65.0123
-65.0123
-65.0123
-65.0123
-65.0123
-65.0123
-65.0123
-65.0123
-65.0123
-65.0123
-65.0123
-65.0123
-65.0123
-65.0123
-65.0123
-65.0123
-65.0123
-65.0123
-65.0123
-65.0123
-65.0123
-65.0123
-65.0123
-65.0123
-65.0123
-65.0123
-65.0123
-65.0123
-65.0123
-65.0123
-65.0123
-65.0123
-65.0123
-65.0123
-65.0123
-65.0123
-65.0123
-65.0123
-65.0123
-65.0123
-65.0123
-65.0123
-65.0123
-65.0123
-65.0123
-65.0123
-65.0123
-65.0123
-65.0123
-65.0123
-65.0123
-65.0123
-65.0123
-65.0123
-65.0123
-65.0123
-65.0123
-65.0123
-65.0123
-65.0123
-65.0123
-65.0123
-65.0123
-65.0123
-65.0123
-65.0123
-65.0123
-65.0123
-65.0123
-65.0123
-65.0123
-65.0123
-65.0123
-65.0123
-65.0123
-65.0123
-65.0123
-65.0123
-65.0123
-65.0123
-65.0123
-65.0123
-65.0122
-65.0122
-65.0122
-65.0122
-65.0122
-65.0122
-65.0122
-65.0122
-65.0122
-65.0122
-65.0122
-65.0122
-65.0122
-65.0122
-65.0122
-65.0122
-65.0122
-65.0122
-65.0122
-65.0122
-65.0122
-65.0122
-65.0122
-65.0122
-65.0122
-65.0122
-65.0122
-65.0122
-65.0122
-65.0122
-65.0122
-65.0122
-65.0122
-65.0122
-65.0122
-65.0122
-65.0122
-65.0122
-65.0122
-65.0122
-65.0122
-65.0122
-65.0122
-65.0122
-65.0122
-65.0122
-65.0122
-64.9938
-64.7922
-64.6504
-64.5436
-64.4191
-64.274
-63.8498
-63.4897
-62.9449
-62.5638
-62.2732
-62.0552
-61.8837
-61.5193
-61.0921
-60.7115
-60.3778
-60.1348
-59.9528
-59.8171
-59.7164
-59.6444
-59.5963
-59.5685
-59.558
-59.5622
-59.5789
-59.6064
-59.643
-59.6874
-59.6933
-59.7163
-59.7521
-59.7995
-59.8543
-59.9147
-59.9796
-60.0482
-60.1196
-60.1935
-60.2693
-60.3465
-60.4249
-60.504
-60.5836
-60.6633
-60.743
-60.8226
-60.9019
-60.9807
-61.0588
-61.1363
-61.2128
-61.2885
-61.3352
-61.3584
-61.396
-61.4412
-61.4922
-61.5373
-61.5377
-61.5574
-61.5867
-61.6245
-61.6669
-61.7124
-61.7573
-61.7579
-61.775
-61.7854
-61.7629
-61.7163
-61.6839
-61.6273
-61.588
-61.5707
-61.57
-61.5805
-61.59
-61.4878
-61.3262
-61.1765
-61.063
-60.9929
-60.9093
-60.594
-60.1441
-59.7418
-59.4084
-59.1781
-58.9882
-58.8359
-58.7304
-58.6611
-58.6211
-58.5717
-58.5041
-58.4726
-58.4681
-58.4598
-58.4559
-58.475
-58.5114
-58.5615
-58.6219
-58.6905
-58.7661
-58.8472
-58.9331
-59.0227
-59.1154
-59.2105
-59.3074
-59.4058
-59.5051
-59.605
-59.7052
-59.8054
-59.9054
-60.005
-60.104
-60.2022
-60.2996
-60.3959
-60.4911
-60.585
-60.6777
-60.769
-60.8589
-60.9473
-61.0342
-61.1196
-61.2034
-61.2856
-61.3663
-61.4454
-61.5229
-61.5988
-61.6732
-61.746
-61.8172
-61.8869
-61.9551
-62.0217
-62.0868
-62.1505
-62.2127
-62.2735
-62.3328
-62.3908
-62.4474
-62.5027
-62.5567
-62.6093
-62.6607
-62.7109
-62.7599
-62.8077
-62.8543
-62.8998
-62.9442
-62.9875
-63.0297
-63.0709
-63.1111
-63.1502
-63.1884
-63.2257
-63.262
-63.268
-63.2497
-63.247
-63.2526
-63.2646
-63.2799
-63.2976
-63.3171
-63.3381
-63.3601
-63.3609
-63.3274
-63.1998
-63.1107
-63.0508
-62.9926
-62.8003
-62.1908
-61.7748
-61.2465
-60.807
-60.4796
-60.1827
-59.964
-59.7639
-59.5944
-59.4729
-59.3879
-59.3325
-59.2752
-59.2263
-59.2043
-59.2029
-59.2183
-59.2467
-59.2858
-59.334
-59.3898
-59.452
-59.5196
-59.5916
-59.6371
-59.6802
-59.7354
-59.7995
-59.8377
-59.868
-59.874
-59.9038
-59.9471
-60.0015
-60.0311
-60.0606
-60.1041
-60.1578
-60.2188
-60.2816
-60.302
-60.3404
-60.389
-60.4281
-60.4454
-60.4808
-60.5265
-60.5806
-60.6397
-60.7025
-60.7683
-60.8361
-60.9056
-60.9763
-61.0478
-61.1197
-61.1918
-61.2556
-61.2758
-61.3127
-61.3573
-61.4087
-61.4247
-61.4371
-61.4554
-61.4412
-61.4499
-61.4312
-61.417
-61.4216
-61.4366
-61.4183
-61.4206
-61.4318
-61.4021
-61.3968
-61.4058
-61.378
-61.2906
-61.2022
-61.0123
-60.8495
-60.5585
-60.2309
-59.9003
-59.5838
-59.3647
-59.1787
-59.0422
-58.9485
-58.8892
-58.8568
-58.8461
-58.8535
-58.8376
-58.8446
-58.8692
-58.9093
-58.9187
-58.9478
-58.9915
-59.0482
-59.1134
-59.1829
-59.2181
-59.2704
-59.3331
-59.4051
-59.4826
-59.5643
-59.6491
-59.7364
-59.8256
-59.916
-60.0074
-60.0994
-60.1915
-60.2837
-60.3757
-60.4672
-60.5581
-60.6482
-60.7375
-60.8257
-60.9129
-60.9988
-61.0835
-61.1668
-61.2488
-61.3295
-61.4086
-61.4864
-61.5627
-61.6375
-61.7109
-61.7828
-61.8532
-61.9222
-61.9897
-62.0557
-62.1203
-62.1835
-62.2453
-62.3056
-62.3646
-62.4223
-62.4786
-62.5336
-62.5873
-62.6398
-62.691
-62.741
-62.7898
-62.8375
-62.8839
-62.9293
-62.9736
-63.0168
-63.0589
-63.1
-63.14
-63.1791
-63.2172
-63.2544
-63.2907
-63.326
-63.3605
-63.3941
-63.4269
-63.4589
-63.4901
-63.5205
-63.5501
-63.579
-63.6072
-63.6347
-63.6615
-63.6876
-63.7131
-63.7379
-63.7622
-63.7858
-63.8088
-63.8313
-63.8532
-63.8745
-63.8954
-63.9157
-63.9355
-63.9548
-63.9737
-63.992
-64.01
-64.0274
-64.001
-63.9681
-63.9132
-63.8534
-63.8144
-63.7881
-63.7026
-62.9099
-62.0507
-61.4258
-60.9782
-60.6418
-60.3247
-60.0828
-59.896
-59.7552
-59.6502
-59.5749
-59.5245
-59.4953
-59.4841
-59.4882
-59.5054
-59.5337
-59.5716
-59.6176
-59.6705
-59.7293
-59.793
-59.8609
-59.9322
-60.0063
-60.0827
-60.161
-60.2407
-60.3214
-60.3843
-60.3822
-60.4061
-60.4437
-60.4939
-60.5505
-60.6117
-60.6763
-60.7435
-60.8127
-60.8833
-60.955
-61.0273
-61.1
-61.1728
-61.2455
-61.3178
-61.3898
-61.4611
-61.5318
-61.6017
-61.6707
-61.7387
-61.786
-61.8037
-61.8359
-61.8749
-61.9196
-61.9669
-62.0159
-62.0659
-62.0781
-62.0851
-62.1047
-62.1329
-62.1666
-62.1949
-62.1588
-62.113
-62.0936
-62.0914
-62.1012
-62.1184
-62.1413
-62.1687
-62.1997
-62.1995
-62.1879
-62.1924
-62.2071
-62.2294
-62.2563
-62.2868
-62.2737
-62.2647
-62.2693
-62.2181
-62.0101
-61.6931
-61.3022
-60.8711
-60.5557
-60.2188
-59.9304
-59.6688
-59.4832
-59.3435
-59.1895
-59.0631
-58.9797
-58.9299

