-70
-70.0758
-70.1508
-70.225
-70.2983
-70.3706
-70.4419
-70.5122
-70.5814
-70.6496
-70.7168
-70.7829
-70.848
-70.9121
-70.9752
-71.0373
-71.0984
-71.1586
-71.2178
-71.2761
-71.3334
-71.3899
-71.4455
-71.5003
-71.5543
-71.6074
-71.6598
-71.7114
-71.7623
-71.8124
-71.8619
-71.9106
-71.9587
-72.006
-72.0527
-72.0988
-72.1442
-72.1889
-72.2331
-72.2766
-72.3196
-72.362
-72.4038
-72.445
-72.4857
-72.5258
-72.5654
-72.6045
-72.6431
-72.6812
-72.7188
-72.756
-72.7927
-72.8289
-72.8647
-72.9
-72.9349
-72.9694
-73.0035
-73.0371
-73.0704
-73.1032
-73.1357
-73.1678
-73.1994
-73.2307
-73.2617
-73.2922
-73.3224
-73.3523
-73.3817
-73.4109
-73.4397
-73.4682
-73.4963
-73.5241
-73.5516
-73.5788
-73.6057
-73.6323
-73.6585
-73.6845
-73.7102
-73.7356
-73.7608
-73.7857
-73.8103
-73.8346
-73.8587
-73.8825
-73.9061
-73.9294
-73.9524
-73.9753
-73.9979
-74.0202
-74.0423
-74.0642
-74.0859
-74.1073
-74.1285
-74.1495
-74.1703
-74.1909
-74.2112
-74.2313
-74.2513
-74.271
-74.2905
-74.3098
-74.329
-74.3479
-74.3666
-74.3852
-74.4036
-74.4217
-74.4397
-74.4575
-74.4752
-74.4926
-74.5099
-74.527
-74.544
-74.5607
-74.5774
-74.5938
-74.6101
-74.6262
-74.6422
-74.658
-74.6736
-74.6891
-74.7045
-74.7197
-74.7347
-74.7496
-74.7644
-74.779
-74.7935
-74.8079
-74.8221
-74.8362
-74.8501
-74.864
-74.8777
-74.8913
-74.9047
-74.918
-74.9313
-74.9443
-74.9573
-74.9701
-74.9829
-74.9955
-75.008
-75.0204
-75.0327
-75.0448
-75.0569
-75.0688
-75.0806
-75.0924
-75.104
-75.1155
-75.1269
-75.1382
-75.1495
-75.1606
-75.1716
-75.1825
-75.1933
-75.204
-75.2147
-75.2252
-75.2356
-75.246
-75.2562
-75.2664
-75.2764
-75.2864
-75.2963
-75.3061
-75.3158
-75.3255
-75.335
-75.3445
-75.3538
-75.3631
-75.3724
-75.3815
-75.3906
-75.3995
-75.4084
-75.4172
-75.426
-75.4346
-75.4432
-75.4518
-75.4602
-75.4686
-75.4769
-75.4851
-75.4932
-75.5013
-75.5093
-75.5173
-75.5251
-75.533
-75.5407
-75.5484
-75.556
-75.5635
-75.571
-75.5784
-75.5858
-75.593
-75.6003
-75.6074
-75.6145
-75.6216
-75.6285
-75.6355
-75.6423
-75.6491
-75.6559
-75.6626
-75.6692
-75.6758
-75.6823
-75.6888
-75.6952
-75.7015
-75.7078
-75.7141
-75.7203
-75.7264
-75.7325
-75.7386
-75.7446
-75.7505
-75.7564
-75.7622
-75.768
-75.7738
-75.7795
-75.7851
-75.7907
-75.7963
-75.8018
-75.8072
-75.8127
-75.818
-75.8234
-75.8287
-75.8339
-75.8391
-75.8443
-75.8494
-75.8545
-75.8595
-75.8645
-75.8695
-75.8744
-75.8793
-75.8841
-75.8889
-75.8937
-75.8984
-75.9031
-75.9077
-75.9123
-75.9169
-75.9214
-75.9259
-75.9304
-75.9348
-75.9392
-75.9436
-75.9479
-75.9522
-75.9565
-75.9607
-75.9649
-75.969
-75.9731
-75.9772
-75.9813
-75.9853
-75.9893
-75.9933
-75.9972
-76.0011
-76.005
-76.0088
-76.0126
-76.0164
-76.0201
-76.0239
-76.0275
-76.0312
-76.0348
-76.0384
-76.042
-76.0456
-76.0491
-76.0526
-76.056
-76.0595
-76.0629
-76.0663
-76.0696
-76.0729
-76.0762
-76.0795
-76.0828
-76.086
-76.0892
-76.0924
-76.0955
-76.0986
-76.1017
-76.1048
-76.1079
-76.1109
-76.1139
-76.1169
-76.1198
-76.1228
-76.1257
-76.1286
-76.1314
-76.1343
-76.1371
-76.1399
-76.1427
-76.1455
-76.1482
-76.1509
-76.1536
-76.1563
-76.1589
-76.1615
-76.1642
-76.1667
-76.1693
-76.1719
-76.1744
-76.1769
-76.1794
-76.1819
-76.1843
-76.1868
-76.1892
-76.1916
-76.1939
-76.1963
-76.1986
-76.201
-76.2033
-76.2056
-76.2078
-76.2101
-76.2123
-76.2145
-76.2167
-76.2189
-76.2211
-76.2232
-76.2254
-76.2275
-76.2296
-76.2317
-76.2337
-76.2358
-76.2378
-76.2398
-76.2418
-76.2438
-76.2458
-76.2478
-76.2497
-76.2516
-76.2536
-76.2554
-76.2573
-76.2592
-76.2611
-76.2629
-76.2647
-76.2665
-76.2683
-76.2701
-76.2719
-76.2737
-76.2754
-76.2771
-76.2788
-76.2806
-76.2822
-76.2839
-76.2856
-76.2872
-76.2889
-76.2905
-76.2921
-76.2937
-76.2953
-76.2969
-76.2985
-76.3
-76.3016
-76.3031
-76.3046
-76.3061
-76.3076
-76.3091
-76.3106
-76.312
-76.3135
-76.3149
-76.3164
-76.3178
-76.3192
-76.3206
-76.322
-76.3233
-76.3247
-76.3261
-76.3274
-76.3287
-76.33
-76.3314
-76.3327
-76.334
-76.3352
-76.3365
-76.3378
-76.339
-76.3403
-76.3415
-76.3427
-76.3439
-76.3452
-76.3464
-76.3475
-76.3487
-76.3499
-76.351
-76.3522
-76.3533
-76.3545
-76.3556
-76.3567
-76.3578
-76.3589
-76.36
-76.3611
-76.3622
-76.3632
-76.3643
-76.3654
-76.3664
-76.3674
-76.3685
-76.3695
-76.3705
-76.3715
-76.3725
-76.3735
-76.3745
-76.3754
-76.3764
-76.3774
-76.3783
-76.3793
-76.3802
-76.3811
-76.382
-76.383
-76.3839
-76.3848
-76.3857
-76.3866
-76.3874
-76.3883
-76.3892
-76.39
-76.3909
-76.3917
-76.3926
-76.3934
-76.3943
-76.3951
-76.3959
-76.3967
-76.3975
-76.3983
-76.3991
-76.3999
-76.4007
-76.4014
-76.4022
-76.403
-76.4037
-76.4045
-76.4052
-76.406
-76.4067
-76.4074
-76.4082
-76.4089
-76.4096
-76.4103
-76.411
-76.4117
-76.4124
-76.4131
-76.4137
-76.4144
-76.4151
-76.4158
-76.4164
-76.4171
-76.4177
-76.4184
-76.419
-76.4196
-76.4203
-76.4209
-76.4215
-76.4221
-76.4227
-76.4234
-76.424
-76.4246
-76.4251
-76.4257
-76.3982
-76.329
-76.2666
-76.2222
-76.1901
-76.1666
-76.149
-76.1359
-76.1259
-76.1183
-76.1126
-76.1084
-76.1052
-76.1013
-76.0899
-76.0805
-76.0738
-76.0691
-76.0658
-76.0635
-76.0622
-76.0615
-76.0613
-76.0616
-76.0622
-76.0632
-76.0644
-76.0658
-76.0675
-76.0692
-76.0712
-76.0732
-76.0754
-76.0777
-76.08
-76.0824
-76.0849
-76.0874
-76.09
-76.0927
-76.0953
-76.098
-76.1007
-76.1034
-76.1062
-76.1089
-76.1117
-76.1144
-76.1172
-76.12
-76.1227
-76.1255
-76.1283
-76.131
-76.1338
-76.1365
-76.1392
-76.1419
-76.1446
-76.1473
-76.15
-76.1526
-76.1552
-76.1579
-76.1605
-76.1631
-76.1656
-76.1682
-76.1707
-76.1732
-76.1729
-76.1591
-76.1389
-76.1141
-76.0886
-76.0712
-76.0597
-76.0521
-76.0468
-76.0395
-76.0341
-76.0308
-76.0288
-76.0278
-76.0275
-76.0275
-76.0257
-76.0244
-76.0239
-76.024
-76.0245
-76.0253
-76.0264
-76.0276
-76.0291
-76.0307
-76.0314
-76.03
-76.0292
-76.029
-76.0293
-76.0299
-76.0309
-76.0321
-76.0335
-76.0351
-76.0368
-76.0387
-76.0407
-76.0428
-76.045
-76.0473
-76.0496
-76.0521
-76.0546
-76.0572
-76.0598
-76.0625
-76.0652
-76.0679
-76.0707
-76.0735
-76.0764
-76.0792
-76.0821
-76.085
-76.0879
-76.0908
-76.0937
-76.0966
-76.0995
-76.1024
-76.1053
-76.1082
-76.1111
-76.114
-76.1169
-76.1197
-76.1226
-76.1254
-76.1282
-76.131
-76.1338
-76.1366
-76.1394
-76.1421
-76.1448
-76.1475
-76.1502
-76.1529
-76.1556
-76.1582
-76.1608
-76.1634
-76.166
-76.1686
-76.1711
-76.1736
-76.1761
-76.1786
-76.1811
-76.1835
-76.186
-76.1884
-76.1908
-76.1932
-76.1955
-76.1979
-76.2002
-76.2025
-76.2048
-76.2071
-76.2093
-76.2116
-76.2138
-76.216
-76.2182
-76.2169
-76.1987
-76.1695
-76.1426
-76.1232
-76.1091
-76.0988
-76.0912
-76.0856
-76.0816
-76.0788
-76.0769
-76.0758
-76.0753
-76.0752
-76.0756
-76.0763
-76.0773
-76.0785
-76.08
-76.0816
-76.0834
-76.0854
-76.0874
-76.0834
-76.0775
-76.0732
-76.0702
-76.0682
-76.067
-76.0664
-76.0663
-76.0667
-76.0673
-76.0683
-76.0696
-76.071
-76.0727
-76.0745
-76.0764
-76.0785
-76.0807
-76.0829
-76.0853
-76.0877
-76.0902
-76.0927
-76.0953
-76.0979
-76.1005
-76.1032
-76.1059
-76.1086
-76.1113
-76.114
-76.1168
-76.1195
-76.1223
-76.125
-76.1277
-76.1305
-76.1332
-76.1359
-76.1386
-76.1413
-76.144
-76.1467
-76.1494
-76.152
-76.1546
-76.1573
-76.1599
-76.1624
-76.165
-76.1676
-76.1701
-76.1726
-76.1751
-76.172
-76.1583
-76.1421
-76.1212
-76.1054
-76.0941
-76.0859
-76.0799
-76.0756
-76.0673
-76.0535
-76.0438
-76.0377
-76.0338
-76.0315
-76.0302
-76.0297
-76.0297
-76.0302
-76.031
-76.032
-76.0333
-76.0348
-76.0365
-76.0383
-76.0402
-76.0423
-76.0444
-76.0467
-76.049
-76.0514
-76.0539
-76.0565
-76.0591
-76.0617
-76.0644
-76.0666
-76.0634
-76.0602
-76.0582
-76.0569
-76.0563
-76.0563
-76.0566
-76.0574
-76.0584
-76.0597
-76.0611
-76.0628
-76.0646
-76.0666
-76.0687
-76.0709
-76.0732
-76.0755
-76.078
-76.0805
-76.083
-76.0856
-76.0883
-76.0909
-76.0936
-76.0964
-76.0991
-76.1019
-76.1047
-76.1074
-76.1102
-76.113
-76.1158
-76.1186
-76.1214
-76.1242
-76.127
-76.1297
-76.1325
-76.1352
-76.138
-76.1407
-76.1434
-76.1461
-76.1488
-76.1514
-76.1541
-76.1567
-76.1593
-76.1619
-76.1645
-76.1671
-76.1696
-76.1722
-76.1747
-76.1772
-76.1796
-76.1821
-76.1845
-76.187
-76.1894
-76.1918
-76.1941
-76.1965
-76.1988
-76.2011
-76.2034
-76.2057
-76.208
-76.2102
-76.2125
-76.2147
-76.2169
-76.2191
-76.2212
-76.2234
-76.2255
-76.2276
-76.2297
-76.2318
-76.2339
-76.2359
-76.2379
-76.24
-76.242
-76.2439
-76.2459
-76.2479
-76.2281
-76.1893
-76.1587
-76.1368
-76.1208
-76.1091
-76.1004
-76.0939
-76.0892
-76.0858
-76.0835
-76.0819
-76.0811
-76.0807
-76.0809
-76.0814
-76.0822
-76.0833
-76.0846
-76.0861
-76.0878
-76.0897
-76.0871
-76.0808
-76.0759
-76.0725
-76.0702
-76.0687
-76.0679
-76.0677
-76.0679
-76.0685
-76.0694
-76.0705
-76.0719
-76.0735
-76.0752
-76.0771
-76.0791
-76.0813
-76.0835
-76.0858
-76.0882
-76.0907
-76.0932
-76.0957
-76.0983
-76.1009
-76.1036
-76.1063
-76.109
-76.1117
-76.1144
-76.1171
-76.1198
-76.1226
-76.1253
-76.128
-76.1308
-76.1335
-76.1362
-76.1389
-76.1416
-76.1443
-76.147
-76.1496
-76.1523
-76.1549
-76.1575
-76.1601
-76.1627
-76.1653
-76.1678
-76.1704
-76.1729
-76.1754
-76.1779
-76.1803
-76.1828
-76.1852
-76.1876
-76.19
-76.1924

