-70
-70.0758
-70.1508
-70.225
-70.2983
-70.3706
-70.4419
-70.5122
-70.5814
-70.6496
-70.7168
-70.7829
-70.848
-70.9121
-70.9752
-71.0373
-71.0984
-71.1586
-71.2178
-71.2761
-71.3334
-71.3899
-71.4455
-71.5003
-71.5543
-71.6074
-71.6598
-71.7114
-71.7623
-71.8124
-71.8619
-71.9106
-71.9587
-72.006
-72.0527
-72.0988
-72.1442
-72.1889
-72.2331
-72.2766
-72.3196
-72.362
-72.4038
-72.445
-72.4857
-72.5258
-72.5654
-72.6045
-72.6431
-72.6812
-72.7188
-72.756
-72.7927
-72.8289
-72.8647
-72.9
-72.9349
-72.9694
-73.0035
-73.0371
-73.0704
-73.1032
-73.1357
-73.1678
-73.1994
-73.2307
-73.2617
-73.2922
-73.3224
-73.3523
-73.3817
-73.4109
-73.4397
-73.4682
-73.4963
-73.5241
-73.5516
-73.5788
-73.6057
-73.6323
-73.6585
-73.6845
-73.7102
-73.7356
-73.7608
-73.7857
-73.8103
-73.8346
-73.8587
-73.8825
-73.9061
-73.9294
-73.9524
-73.9753
-73.9979
-74.0202
-74.0423
-74.0642
-74.0859
-74.1073
-74.1285
-74.1495
-74.1703
-74.1909
-74.2112
-74.2313
-74.2513
-74.271
-74.2905
-74.3098
-74.329
-74.3479
-74.3666
-74.3852
-74.4036
-74.4217
-74.4397
-74.4575
-74.4752
-74.4926
-74.5099
-74.527
-74.544
-74.5607
-74.5774
-74.5938
-74.6101
-74.6262
-74.6422
-74.658
-74.6736
-74.6891
-74.7045
-74.7197
-74.7347
-74.7496
-74.7644
-74.779
-74.7935
-74.8079
-74.8221
-74.8362
-74.8501
-74.864
-74.8777
-74.8913
-74.9047
-74.918
-74.9313
-74.9443
-74.9573
-74.9701
-74.9829
-74.9955
-75.008
-75.0204
-75.0327
-75.0448
-75.0569
-75.0688
-75.0806
-75.0924
-75.104
-75.1155
-75.1269
-75.1382
-75.1495
-75.1606
-75.1716
-75.1825
-75.1933
-75.204
-75.2147
-75.2252
-75.2356
-75.246
-75.2562
-75.2664
-75.2764
-75.2864
-75.2963
-75.3061
-75.3158
-75.3255
-75.335
-75.3445
-75.3538
-75.3631
-75.3724
-75.3815
-75.3906
-75.3995
-75.4084
-75.4172
-75.426
-75.4346
-75.4432
-75.4518
-75.4602
-75.4686
-75.4769
-75.4851
-75.4932
-75.5013
-75.5093
-75.5173
-75.5251
-75.533
-75.5407
-75.5484
-75.556
-75.5635
-75.571
-75.5784
-75.5858
-75.593
-75.6003
-75.6074
-75.6145
-75.6216
-75.6285
-75.6355
-75.6423
-75.6491
-75.6559
-75.6626
-75.6692
-75.6758
-75.6823
-75.6888
-75.6952
-75.7015
-75.7078
-75.7141
-75.7203
-75.7264
-75.7325
-75.7386
-75.7446
-75.7505
-75.7564
-75.7622
-75.768
-75.7738
-75.7795
-75.7851
-75.7907
-75.7963
-75.8018
-75.8072
-75.8127
-75.818
-75.8234
-75.8287
-75.8339
-75.8391
-75.8443
-75.8494
-75.8545
-75.8595
-75.8645
-75.8695
-75.8744
-75.8793
-75.8841
-75.8889
-75.8937
-75.8984
-75.9031
-75.9077
-75.9123
-75.9169
-75.9214
-75.9259
-75.9304
-75.9348
-75.9392
-75.9436
-75.9479
-75.9522
-75.9565
-75.9607
-75.9649
-75.969
-75.9731
-75.9772
-75.9813
-75.9853
-75.9893
-75.9933
-75.9972
-76.0011
-76.005
-76.0088
-76.0126
-76.0164
-76.0201
-76.0239
-76.0275
-76.0312
-76.0348
-76.0384
-76.042
-76.0456
-76.0491
-76.0526
-76.056
-76.0595
-76.0629
-76.0663
-76.0696
-76.0729
-76.0762
-76.0795
-76.0828
-76.086
-76.0892
-76.0924
-76.0955
-76.0986
-76.1017
-76.1048
-76.1079
-76.1109
-76.1139
-76.1169
-76.1198
-76.1228
-76.1257
-76.1286
-76.1314
-76.1343
-76.1371
-76.1399
-76.1427
-76.1455
-76.1482
-76.1509
-76.1536
-76.1563
-76.1589
-76.1615
-76.1642
-76.1667
-76.1693
-76.1719
-76.1744
-76.1769
-76.1794
-76.1819
-76.1843
-76.1868
-76.1892
-76.1916
-76.1939
-76.1963
-76.1986
-76.201
-76.2033
-76.2056
-76.2078
-76.2101
-76.2123
-76.2145
-76.2167
-76.2189
-76.2211
-76.2232
-76.2254
-76.2275
-76.2296
-76.2317
-76.2337
-76.2358
-76.2378
-76.2398
-76.2418
-76.2438
-76.2458
-76.2478
-76.2497
-76.2516
-76.2536
-76.2554
-76.2573
-76.2592
-76.2611
-76.2629
-76.2647
-76.2665
-76.2683
-76.2701
-76.2719
-76.2737
-76.2754
-76.2771
-76.2788
-76.2806
-76.2822
-76.2839
-76.2856
-76.2872
-76.2889
-76.2905
-76.2921
-76.2937
-76.2953
-76.2969
-76.2985
-76.3
-76.3016
-76.3031
-76.3046
-76.3061
-76.3076
-76.3091
-76.3106
-76.312
-76.3135
-76.3149
-76.3164
-76.3178
-76.3192
-76.3206
-76.322
-76.3233
-76.3247
-76.3261
-76.3274
-76.3287
-76.33
-76.3314
-76.3327
-76.334
-76.3352
-76.3365
-76.3378
-76.339
-76.3403
-76.3415
-76.3427
-76.3439
-76.3452
-76.3464
-76.3475
-76.3487
-76.3499
-76.351
-76.3522
-76.3533
-76.3545
-76.3556
-76.3567
-76.3578
-76.3589
-76.36
-76.3611
-76.3622
-76.3632
-76.3643
-76.3654
-76.3664
-76.3674
-76.3685
-76.3695
-76.3705
-76.3715
-76.3725
-76.3735
-76.3745
-76.3754
-76.3764
-76.3774
-76.3783
-76.3793
-76.3802
-76.3811
-76.382
-76.383
-76.3839
-76.3848
-76.3857
-76.3866
-76.3874
-76.3883
-76.3892
-76.39
-76.3909
-76.3917
-76.3926
-76.3934
-76.3943
-76.3951
-76.3959
-76.3967
-76.3975
-76.3983
-76.3991
-76.3999
-76.4007
-76.4014
-76.4022
-76.403
-76.4037
-76.4045
-76.4052
-76.406
-76.4067
-76.4074
-76.4082
-76.4089
-76.4096
-76.4103
-76.411
-76.4117
-76.4124
-76.4131
-76.4137
-76.4144
-76.4151
-76.4158
-76.4164
-76.4171
-76.4177
-76.4184
-76.419
-76.4196
-76.4203
-76.4209
-76.4215
-76.4221
-76.4227
-76.4234
-76.424
-76.4246
-76.4251
-76.4257
-76.4263
-76.4269
-76.4275
-76.428
-76.4286
-76.4292
-76.4297
-76.4303
-76.4308
-76.4029
-76.3291
-76.2622
-76.1962
-76.151
-76.1211
-76.1007
-76.0865
-76.0765
-76.0694
-76.0645
-76.061
-76.0587
-76.053
-76.0472
-76.0433
-76.0408
-76.0393
-76.0386
-76.0385
-76.0388
-76.0395
-76.0401
-76.0374
-76.0353
-76.034
-76.0335
-76.0336
-76.034
-76.0348
-76.0359
-76.0372
-76.0387
-76.0404
-76.0422
-76.0442
-76.0463
-76.0484
-76.0507
-76.0531
-76.0555
-76.058
-76.0606
-76.0632
-76.0659
-76.0686
-76.0713
-76.0741
-76.0769
-76.0797
-76.0826
-76.0854
-76.0883
-76.0912
-76.0941
-76.097
-76.0999
-76.1028
-76.1057
-76.1085
-76.1114
-76.1143
-76.1172
-76.1169
-76.1074
-76.0948
-76.0799
-76.0692
-76.0618
-76.0549
-76.0439
-76.0351
-76.0298
-76.0248
-76.0213
-76.0194
-76.0185
-76.0183
-76.0186
-76.0193
-76.0202
-76.0214
-76.0227
-76.0242
-76.0258
-76.0275
-76.0294
-76.0313
-76.0334
-76.0341
-76.033
-76.0324
-76.0324
-76.0328
-76.0335
-76.0346
-76.0359
-76.0373
-76.039
-76.0408
-76.0427
-76.0448
-76.0469
-76.0492
-76.0511
-76.0484
-76.0459
-76.0444
-76.0436
-76.0435
-76.0437
-76.0444
-76.0454
-76.0466
-76.048
-76.0496
-76.0514
-76.0534
-76.0554
-76.0576
-76.0599
-76.0622
-76.0646
-76.0671
-76.0697
-76.0723
-76.075
-76.0777
-76.0804
-76.0831
-76.0859
-76.0887
-76.0916
-76.0944
-76.0972
-76.1001
-76.1029
-76.1058
-76.1086
-76.1115
-76.1143
-76.1172
-76.12
-76.1228
-76.1256
-76.1284
-76.1312
-76.134
-76.1368
-76.1395
-76.1422
-76.145
-76.1477
-76.1503
-76.153
-76.1556
-76.1583
-76.1609
-76.1635
-76.1661
-76.1686
-76.1712
-76.1737
-76.1762
-76.1787
-76.1811
-76.1836
-76.186
-76.1884
-76.1908
-76.1932
-76.1956
-76.1979
-76.2002
-76.2026
-76.2048
-76.2071
-76.2094
-76.2116
-76.2138
-76.2126
-76.1949
-76.1662
-76.1398
-76.1134
-76.0905
-76.0685
-76.0534
-76.0411
-76.032
-76.0267
-76.0236
-76.022
-76.0213
-76.0212
-76.0215
-76.0222
-76.0232
-76.0244
-76.0258
-76.0274
-76.029
-76.0309
-76.0328
-76.0348
-76.037
-76.0392
-76.0415
-76.0439
-76.0463
-76.0488
-76.0514
-76.054
-76.0567
-76.0594
-76.0622
-76.0649
-76.0678
-76.0706
-76.0735
-76.0763
-76.0735
-76.0689
-76.0655
-76.0633
-76.0619
-76.0611
-76.061
-76.0612
-76.0618
-76.0628
-76.064
-76.0654
-76.067
-76.0688
-76.0707
-76.069
-76.0643
-76.0606
-76.0531
-76.047
-76.043
-76.0404
-76.0389
-76.0381
-76.0379
-76.0382
-76.0389
-76.0399
-76.0411
-76.0425
-76.0442
-76.0459
-76.0479
-76.0499
-76.0521
-76.0543
-76.0567
-76.0589
-76.0564
-76.0538
-76.05
-76.0447
-76.0411
-76.0388
-76.0375
-76.0369
-76.0369
-76.0373
-76.0365
-76.0342
-76.0328
-76.0322
-76.0321
-76.0325
-76.0332
-76.0342
-76.0355
-76.0369
-76.0386
-76.0403
-76.0423
-76.0443
-76.0465
-76.0487
-76.051
-76.0535
-76.0559
-76.0585
-76.0611
-76.0637
-76.0664
-76.0692
-76.0719
-76.0747
-76.0776
-76.0804
-76.0833
-76.0861
-76.089
-76.0919
-76.0948
-76.0977
-76.1006
-76.1035
-76.1064
-76.1093
-76.1122
-76.115
-76.1179
-76.1207
-76.1236
-76.1264
-76.1292
-76.132
-76.1348
-76.1376
-76.1403
-76.1431
-76.1458
-76.1485
-76.1512
-76.1538
-76.1565
-76.1591
-76.1617
-76.1643
-76.1669
-76.1694
-76.172
-76.1745
-76.177
-76.1795
-76.1819
-76.1844
-76.1868
-76.1892
-76.1916
-76.194
-76.1963
-76.1987
-76.201
-76.2033
-76.2056
-76.2079
-76.2101
-76.2123
-76.2146
-76.2168
-76.2189
-76.2211
-76.2232
-76.2254
-76.2275
-76.2296
-76.2317
-76.2337
-76.2358
-76.2378
-76.2398
-76.2419
-76.2438
-76.2458
-76.2478
-76.2497
-76.2516
-76.2536
-76.2555
-76.2573
-76.2592
-76.2611
-76.2629
-76.2647
-76.2665
-76.2683
-76.2701
-76.2719
-76.2737
-76.2754
-76.2771
-76.2789
-76.2806
-76.2798
-76.2562
-76.2174
-76.1817
-76.1558
-76.137
-76.1156
-76.0924
-76.0708
-76.0519
-76.0397
-76.0324
-76.0281
-76.0256
-76.0242
-76.0237
-76.0237
-76.0242
-76.025
-76.026
-76.0273
-76.0288
-76.0304
-76.0321
-76.034
-76.036
-76.0381
-76.0403
-76.0426
-76.0449
-76.0474
-76.0499
-76.0524
-76.055
-76.0577
-76.0604
-76.0632
-76.0631
-76.0594
-76.0566
-76.0509
-76.0452
-76.0414
-76.0391
-76.0377
-76.037
-76.037
-76.0373
-76.0381
-76.0391
-76.0404
-76.0418
-76.0435
-76.0453
-76.0472
-76.0493
-76.0515
-76.0538
-76.0561
-76.0585
-76.061
-76.0636
-76.0662
-76.0689
-76.0716
-76.0743
-76.0771
-76.0799
-76.0827
-76.0856
-76.0884
-76.0913

