-70
-70.0758
-70.1508
-70.225
-70.2983
-70.3706
-70.4419
-70.5122
-70.5814
-70.6496
-70.7168
-70.7829
-70.848
-70.9121
-70.9752
-71.0373
-71.0984
-71.1586
-71.2178
-71.2761
-71.3334
-71.3899
-71.4455
-71.5003
-71.5543
-71.6074
-71.6598
-71.7114
-71.7623
-71.8124
-71.8619
-71.9106
-71.9587
-72.006
-72.0527
-72.0988
-72.1442
-72.1889
-72.2331
-72.2766
-72.3196
-72.362
-72.4038
-72.445
-72.4857
-72.5258
-72.5654
-72.6045
-72.6431
-72.6812
-72.7188
-72.756
-72.7927
-72.8289
-72.8647
-72.9
-72.9349
-72.9694
-73.0035
-73.0371
-73.0704
-73.1032
-73.1357
-73.1678
-73.1994
-73.2307
-73.2617
-73.2922
-73.3224
-73.3523
-73.3817
-73.4109
-73.4397
-73.4682
-73.4963
-73.5241
-73.5516
-73.5788
-73.6057
-73.6323
-73.6585
-73.6845
-73.7102
-73.7356
-73.7608
-73.7857
-73.8103
-73.8346
-73.8587
-73.8825
-73.9061
-73.9294
-73.9524
-73.9753
-73.9979
-74.0202
-74.0423
-74.0642
-74.0859
-74.1073
-74.1285
-74.1495
-74.1703
-74.1909
-74.2112
-74.2313
-74.2513
-74.271
-74.2905
-74.3098
-74.329
-74.3479
-74.3666
-74.3852
-74.4036
-74.4217
-74.4397
-74.4575
-74.4752
-74.4926
-74.5099
-74.527
-74.544
-74.5607
-74.5774
-74.5938
-74.6101
-74.6262
-74.6422
-74.658
-74.6736
-74.6891
-74.7045
-74.7197
-74.7347
-74.7496
-74.7644
-74.779
-74.7935
-74.8079
-74.8221
-74.8362
-74.8501
-74.864
-74.8777
-74.8913
-74.9047
-74.918
-74.9313
-74.9443
-74.9573
-74.9701
-74.9829
-74.9955
-75.008
-75.0204
-75.0327
-75.0448
-75.0569
-75.0688
-75.0806
-75.0924
-75.104
-75.1155
-75.1269
-75.1382
-75.1495
-75.1606
-75.1716
-75.1825
-75.1933
-75.204
-75.2147
-75.2252
-75.2356
-75.246
-75.2562
-75.2664
-75.2764
-75.2864
-75.2963
-75.3061
-75.3158
-75.3255
-75.335
-75.3445
-75.3538
-75.3631
-75.3724
-75.3815
-75.3906
-75.3995
-75.4084
-75.4172
-75.426
-75.4346
-75.4432
-75.4518
-75.4602
-75.4686
-75.4769
-75.4851
-75.4932
-75.5013
-75.5093
-75.5173
-75.5251
-75.533
-75.5407
-75.5484
-75.556
-75.5635
-75.571
-75.5784
-75.5858
-75.593
-75.6003
-75.6074
-75.6145
-75.6216
-75.6285
-75.6355
-75.6423
-75.6491
-75.6559
-75.6626
-75.6692
-75.6758
-75.6823
-75.6888
-75.6952
-75.7015
-75.7078
-75.7141
-75.7203
-75.7264
-75.7325
-75.7386
-75.7446
-75.7505
-75.7564
-75.7622
-75.768
-75.7738
-75.7795
-75.7851
-75.7907
-75.7963
-75.8018
-75.8072
-75.8127
-75.818
-75.8234
-75.8287
-75.8339
-75.8391
-75.8443
-75.8494
-75.8545
-75.8595
-75.8645
-75.8695
-75.8744
-75.8793
-75.8841
-75.8889
-75.8937
-75.8984
-75.9031
-75.9077
-75.9123
-75.9169
-75.9214
-75.9259
-75.9304
-75.9348
-75.9392
-75.9436
-75.9479
-75.9522
-75.9565
-75.9607
-75.9649
-75.969
-75.9731
-75.9772
-75.9813
-75.9853
-75.9893
-75.9933
-75.9972
-76.0011
-76.005
-76.0088
-76.0126
-76.0164
-76.0201
-76.0239
-76.0275
-76.0312
-76.0348
-76.0384
-76.042
-76.0456
-76.0491
-76.0526
-76.056
-76.0595
-76.0629
-76.0663
-76.0696
-76.0729
-76.0762
-76.0795
-76.0828
-76.086
-76.0892
-76.0924
-76.0955
-76.0986
-76.1017
-76.1048
-76.1079
-76.1109
-76.1139
-76.1169
-76.1198
-76.1228
-76.1257
-76.1286
-76.1314
-76.1343
-76.1371
-76.1399
-76.1427
-76.1455
-76.1482
-76.1509
-76.1536
-76.1563
-76.1589
-76.1615
-76.1642
-76.1667
-76.1693
-76.1719
-76.1744
-76.1769
-76.1794
-76.1819
-76.1843
-76.1868
-76.1892
-76.1916
-76.1939
-76.1963
-76.1986
-76.201
-76.2033
-76.2056
-76.2078
-76.2101
-76.2123
-76.2145
-76.2167
-76.2189
-76.2211
-76.2232
-76.2254
-76.2275
-76.2296
-76.2317
-76.2337
-76.2358
-76.2378
-76.2398
-76.2418
-76.2438
-76.2458
-76.2478
-76.2497
-76.2516
-76.2536
-76.2554
-76.2573
-76.2592
-76.2611
-76.2629
-76.2647
-76.2665
-76.2683
-76.2701
-76.2719
-76.2737
-76.2754
-76.2771
-76.2788
-76.2806
-76.2822
-76.2839
-76.2856
-76.2872
-76.2889
-76.2905
-76.2921
-76.2937
-76.2953
-76.2969
-76.2985
-76.3
-76.3016
-76.3031
-76.3046
-76.3061
-76.3076
-76.3091
-76.3106
-76.312
-76.3135
-76.3149
-76.3164
-76.3178
-76.3192
-76.3206
-76.322
-76.3233
-76.3247
-76.3261
-76.3274
-76.3287
-76.33
-76.3314
-76.3327
-76.334
-76.3352
-76.3365
-76.3378
-76.339
-76.3403
-76.3415
-76.3427
-76.3439
-76.3452
-76.3464
-76.3475
-76.3487
-76.3499
-76.351
-76.3522
-76.3533
-76.3545
-76.3556
-76.3567
-76.3578
-76.3589
-76.36
-76.3611
-76.3622
-76.3632
-76.3643
-76.3654
-76.3664
-76.3674
-76.3685
-76.3695
-76.3705
-76.3715
-76.3725
-76.3735
-76.3745
-76.3754
-76.3764
-76.3774
-76.3783
-76.3793
-76.3802
-76.3811
-76.382
-76.383
-76.3839
-76.3848
-76.3857
-76.3866
-76.3874
-76.3883
-76.3892
-76.39
-76.3909
-76.3917
-76.3926
-76.3934
-76.3943
-76.3951
-76.3959
-76.3967
-76.3975
-76.3983
-76.3991
-76.3999
-76.4007
-76.4014
-76.4022
-76.403
-76.4037
-76.4045
-76.4052
-76.406
-76.4067
-76.4074
-76.4082
-76.4089
-76.4096
-76.4103
-76.411
-76.4117
-76.4124
-76.4131
-76.4137
-76.4144
-76.4151
-76.4158
-76.4164
-76.4171
-76.4177
-76.4184
-76.419
-76.4196
-76.4203
-76.4209
-76.4215
-76.4221
-76.4227
-76.4234
-76.424
-76.4246
-76.4251
-76.4146
-76.3721
-76.3353
-76.3065
-76.2838
-76.2658
-76.2513
-76.2397
-76.2304
-76.2229
-76.2169
-76.1937
-76.1706
-76.1531
-76.1399
-76.1299
-76.1223
-76.1165
-76.1122
-76.109
-76.1067
-76.1053
-76.1044
-76.104
-76.1041
-76.1045
-76.1053
-76.1063
-76.1076
-76.109
-76.1106
-76.1124
-76.1142
-76.1162
-76.1183
-76.1205
-76.1227
-76.125
-76.1273
-76.1297
-76.1321
-76.1346
-76.137
-76.1395
-76.142
-76.1445
-76.147
-76.1496
-76.1521
-76.1546
-76.1572
-76.1597
-76.1622
-76.1647
-76.1672
-76.1697
-76.1722
-76.1746
-76.1771
-76.1795
-76.182
-76.1844
-76.1868
-76.1892
-76.1915
-76.1939
-76.1962
-76.1985
-76.2008
-76.2031
-76.1968
-76.1733
-76.1392
-76.1053
-76.0826
-76.0654
-76.0501
-76.0405
-76.0345
-76.0298
-76.0252
-76.0225
-76.0211
-76.0205
-76.0206
-76.021
-76.0218
-76.0228
-76.023
-76.0221
-76.0218
-76.0219
-76.0225
-76.0234
-76.0245
-76.0258
-76.0273
-76.0289
-76.0307
-76.0326
-76.0345
-76.0366
-76.0388
-76.0411
-76.0434
-76.0459
-76.0484
-76.0509
-76.0535
-76.0562
-76.0589
-76.0616
-76.0644
-76.0672
-76.07
-76.0729
-76.0757
-76.0786
-76.0815
-76.0845
-76.0874
-76.0903
-76.0932
-76.0962
-76.0991
-76.102
-76.1049
-76.1078
-76.1107
-76.1136
-76.1165
-76.1194
-76.1222
-76.1251
-76.1279
-76.1307
-76.1335
-76.1363
-76.1391
-76.1418
-76.1445
-76.1473
-76.1499
-76.1526
-76.1553
-76.1579
-76.1605
-76.1631
-76.1657
-76.1683
-76.1708
-76.1734
-76.1759
-76.1784
-76.1809
-76.1833
-76.1857
-76.1882
-76.1906
-76.1929
-76.1953
-76.1977
-76.2
-76.2023
-76.2046
-76.2069
-76.2091
-76.2114
-76.2136
-76.2158
-76.218
-76.2201
-76.2223
-76.2244
-76.2266
-76.2287
-76.2308
-76.2328
-76.2349
-76.2204
-76.2011
-76.1857
-76.1738
-76.1645
-76.1572
-76.1516
-76.1473
-76.144
-76.1416
-76.1399
-76.1388
-76.1383
-76.1285
-76.1166
-76.1075
-76.1007
-76.0957
-76.092
-76.0894
-76.0877
-76.0866
-76.0862
-76.0861
-76.0865
-76.0873
-76.0883
-76.0895
-76.091
-76.0926
-76.0944
-76.0963
-76.0983
-76.1004
-76.1027
-76.1049
-76.1073
-76.1097
-76.1122
-76.1147
-76.1172
-76.1197
-76.1223
-76.1249
-76.1275
-76.1302
-76.1328
-76.1354
-76.138
-76.1407
-76.1433
-76.1459
-76.1485
-76.1512
-76.1538
-76.1563
-76.1589
-76.1615
-76.164
-76.1666
-76.1691
-76.1716
-76.1741
-76.1766
-76.1791
-76.1815
-76.1839
-76.1864
-76.1888
-76.1911
-76.1935
-76.1959
-76.1982
-76.2005
-76.2028
-76.2004
-76.1841
-76.1699
-76.1589
-76.1504
-76.136
-76.1179
-76.0987
-76.076
-76.0577
-76.0462
-76.0389
-76.0344
-76.0316
-76.0299
-76.0269
-76.0247
-76.0236
-76.0232
-76.0233
-76.0226
-76.0214
-76.0208
-76.0209
-76.0213
-76.0221
-76.0231
-76.0244
-76.0258
-76.0274
-76.0291
-76.0309
-76.0328
-76.0349
-76.037
-76.0393
-76.0416
-76.044
-76.0464
-76.0489
-76.0515
-76.0541
-76.0568
-76.0595
-76.0623
-76.0651
-76.0679
-76.0707
-76.0736
-76.0765
-76.0794
-76.0823
-76.0852
-76.0881
-76.0911
-76.094
-76.0969
-76.0998
-76.1028
-76.1057
-76.1086
-76.1115
-76.1144
-76.1173
-76.1201
-76.123
-76.1258
-76.1287
-76.1315
-76.1343
-76.137
-76.1398
-76.1425
-76.1453
-76.148
-76.1507
-76.1533
-76.156
-76.1586
-76.1612
-76.1638
-76.1664
-76.169
-76.1715
-76.174
-76.1766
-76.179
-76.1815
-76.184
-76.1864
-76.1888
-76.1912
-76.1936
-76.1959
-76.1983
-76.2006
-76.2029
-76.2052
-76.2075
-76.2097
-76.2119
-76.2142
-76.2164
-76.2186
-76.2207
-76.2229
-76.225
-76.2271
-76.2292
-76.2313
-76.2334
-76.2354
-76.2375
-76.2395
-76.2415
-76.2435
-76.2455
-76.2474
-76.2494
-76.2513
-76.2532
-76.2551
-76.257
-76.2589
-76.2607
-76.2626
-76.2644
-76.2477
-76.2255
-76.2079
-76.1942
-76.1833
-76.1748
-76.1682
-76.163
-76.1589
-76.1559
-76.1537
-76.1522
-76.1512
-76.1402
-76.1269
-76.1167
-76.1091
-76.1034
-76.0991
-76.0961
-76.094
-76.0926
-76.0918
-76.0916
-76.0918
-76.0923
-76.0932
-76.0943
-76.0956
-76.0971
-76.0988
-76.1006
-76.1026
-76.1046
-76.1068
-76.109
-76.1113
-76.1137
-76.1161
-76.1185
-76.121
-76.1235
-76.1261
-76.1286
-76.1312
-76.1338
-76.1364
-76.139
-76.1416
-76.1442
-76.1468
-76.1494
-76.152
-76.1546
-76.1571
-76.1597
-76.1622
-76.1648
-76.1673
-76.1698
-76.1723
-76.1748
-76.1773
-76.1797
-76.1822
-76.1846
-76.187
-76.1894
-76.1918
-76.1941
-76.1965
-76.1988
-76.2011
-76.2034
-76.2057
-76.208
-76.2102
-76.2124
-76.2146
-76.2168
-76.219
-76.2212
-76.2233

