-70
-69.8623
-69.7285
-69.5983
-69.4718
-69.3487
-69.2291
-69.1128
-68.9997
-68.8897
-68.7828
-68.6789
-68.5778
-68.4795
-68.3839
-68.291
-68.2007
-68.1128
-68.0274
-67.9443
-67.8636
-67.7851
-67.7087
-67.6345
-67.5623
-67.4921
-67.4238
-67.3574
-67.2929
-67.2301
-67.1691
-67.1098
-67.0521
-66.996
-66.9414
-66.8884
-66.8368
-66.7866
-66.7378
-66.6904
-66.6443
-66.5994
-66.5558
-66.5133
-66.4721
-66.432
-66.393
-66.355
-66.3181
-66.2823
-66.2474
-66.2134
-66.1805
-66.1484
-66.1172
-66.0868
-66.0573
-66.0286
-66.0007
-65.9736
-65.9472
-65.9215
-65.8966
-65.8723
-65.8487
-65.8257
-65.8034
-65.7817
-65.7606
-65.74
-65.72
-65.7006
-65.6817
-65.6633
-65.6455
-65.6281
-65.6112
-65.5948
-65.5788
-65.5632
-65.5481
-65.5334
-65.5191
-65.5052
-65.4917
-65.4785
-65.4657
-65.4533
-65.4412
-65.4294
-65.418
-65.4068
-65.396
-65.3855
-65.3752
-65.3653
-65.3556
-65.3462
-65.337
-65.3281
-65.3194
-65.311
-65.3028
-65.2948
-65.2871
-65.2795
-65.2722
-65.2651
-65.2581
-65.2514
-65.2448
-65.2385
-65.2322
-65.2262
-65.2203
-65.2146
-65.2091
-65.2037
-65.1984
-65.1933
-65.1884
-65.1835
-65.1788
-65.1743
-65.1698
-65.1655
-65.1613
-65.1572
-65.1532
-65.1493
-65.1456
-65.1419
-65.1384
-65.1349
-65.1315
-65.1283
-65.1251
-65.122
-65.119
-65.1161
-65.1132
-65.1104
-65.1077
-65.1051
-65.1026
-65.1001
-65.0977
-65.0953
-65.0931
-65.0908
-65.0887
-65.0866
-65.0845
-65.0826
-65.0806
-65.0788
-65.0769
-65.0752
-65.0734
-65.0718
-65.0701
-65.0685
-65.067
-65.0655
-65.064
-65.0626
-65.0612
-65.0599
-65.0586
-65.0573
-65.0561
-65.0549
-65.0537
-65.0526
-65.0514
-65.0504
-65.0493
-65.0483
-65.0473
-65.0464
-65.0454
-65.0445
-65.0436
-65.0428
-65.0419
-65.0411
-65.0403
-65.0395
-65.0388
-65.0381
-65.0374
-65.0367
-65.036
-65.0353
-65.0347
-65.0341
-65.0335
-65.0329
-65.0323
-65.0318
-65.0313
-65.0307
-65.0302
-65.0297
-65.0293
-65.0288
-65.0283
-65.0279
-65.0275
-65.027
-65.0266
-65.0262
-65.0259
-65.0255
-65.0251
-65.0248
-65.0244
-65.0241
-65.0238
-65.0234
-65.0231
-65.0228
-65.0225
-65.0223
-65.022
-65.0217
-65.0215
-65.0212
-65.021
-65.0207
-65.0205
-65.0203
-65.02
-65.0198
-65.0196
-65.0194
-65.0192
-65.019
-65.0188
-65.0187
-65.0185
-65.0183
-65.0181
-65.018
-65.0178
-65.0177
-65.0175
-65.0174
-65.0172
-65.0171
-65.017
-65.0168
-65.0167
-65.0166
-65.0165
-65.0163
-65.0162
-65.0161
-65.016
-65.0159
-65.0158
-65.0157
-65.0156
-65.0155
-65.0154
-65.0153
-65.0153
-65.0152
-65.0151
-65.015
-65.0149
-65.0149
-65.0148
-65.0147
-65.0147
-65.0146
-65.0145
-65.0145
-65.0144
-65.0143
-65.0143
-65.0142
-65.0142
-65.0141
-65.0141
-65.014
-65.014
-65.0139
-65.0139
-65.0138
-65.0138
-65.0137
-65.0137
-65.0137
-65.0136
-65.0136
-65.0135
-65.0135
-65.0135
-65.0134
-65.0134
-65.0134
-65.0133
-65.0133
-65.0133
-65.0133
-65.0132
-65.0132
-65.0132
-65.0131
-65.0131
-65.0131
-65.0131
-65.0131
-65.013
-65.013
-65.013
-65.013
-65.0129
-65.0129
-65.0129
-65.0129
-65.0129
-65.0129
-65.0128
-65.0128
-65.0128
-65.0128
-65.0128
-65.0128
-65.0127
-65.0127
-65.0127
-65.0127
-65.0127
-65.0127
-65.0127
-65.0127
-65.0126
-65.0126
-65.0126
-65.0126
-65.0126
-65.0126
-65.0126
-65.0126
-65.0126
-65.0126
-65.0125
-65.0125
-65.0125
-65.0125
-65.0125
-65.0125
-65.0125
-65.0125
-65.0125
-65.0125
-65.0125
-65.0125
-65.0125
-65.0124
-65.0124
-65.0124
-65.0124
-65.0124
-65.0124
-65.0124
-65.0124
-65.0124
-65.0124
-65.0124
-65.0124
-65.0124
-65.0124
-65.0124
-65.0124
-65.0124
-65.0124
-65.0124
-65.0124
-65.0124
-65.0124
-65.0124
-65.0123
-65.0123
-65.0123
-65.0123
-65.0123
-65.0123
-65.0123
-65.0123
-65.0123
-65.0123
-65.0123
-65.0123
-65.0123
-65.0123
-65.0123
-65.0123
-65.0123
-65.0123
-65.0123
-65.0123
-65.0123
-65.0123
-65.0123
-65.0123
-65.0123
-65.0123
-65.0123
-65.0123
-65.0123
-65.0123
-65.0123
-65.0123
-65.0123
-65.0123
-65.0123
-65.0123
-65.0123
-65.0123
-65.0123
-65.0123
-65.0123
-65.0123
-65.0123
-65.0123
-65.0123
-65.0123
-65.0123
-65.0123
-65.0123
-65.0123
-65.0123
-65.0123
-65.0123
-65.0123
-65.0123
-65.0123
-65.0123
-65.0123
-65.0123
-65.0123
-65.0123
-65.0123
-65.0123
-65.0123
-65.0123
-65.0123
-65.0123
-65.0123
-65.0123
-65.0123
-65.0123
-65.0123
-65.0123
-65.0123
-65.0123
-65.0123
-65.0123
-65.0123
-65.0123
-65.0123
-65.0123
-65.0123
-65.0122
-65.0122
-65.0122
-65.0122
-65.0122
-65.0122
-65.0122
-65.0122
-65.0122
-65.0122
-65.0122
-65.0122
-65.0122
-65.0122
-65.0122
-65.0122
-65.0122
-65.0122
-65.0122
-65.0122
-65.0122
-65.0122
-65.0122
-65.0122
-65.0122
-65.0122
-64.986
-64.9225
-64.8795
-64.847
-64.8232
-64.8044
-64.7892
-64.7771
-64.7674
-64.7598
-64.7541
-64.7498
-64.7468
-64.7449
-64.744
-64.7439
-64.7445
-64.7457
-64.743
-64.5413
-64.3996
-64.2831
-64.0079
-63.81
-63.6591
-63.5484
-63.4513
-63.1196
-62.8303
-62.5316
-62.3025
-62.08
-61.9181
-61.7944
-61.6561
-61.5351
-61.444
-61.2673
-61.1456
-61.0596
-61.0045
-60.9699
-60.9515
-60.9465
-60.9526
-60.9568
-60.9019
-60.8676
-60.8547
-60.8609
-60.8792
-60.9063
-60.9406
-60.9808
-61.0259
-61.075
-61.1274
-61.1826
-61.232
-61.2392
-61.2645
-61.2993
-61.3425
-61.3903
-61.4414
-61.495
-61.5505
-61.6074
-61.6654
-61.7241
-61.7833
-61.8428
-61.9023
-61.9616
-62.012
-61.9629
-61.9406
-61.9377
-61.9515
-61.9741
-62.0027
-62.0359
-62.0726
-62.1122
-62.154
-62.1976
-62.2425
-62.2508
-62.2542
-62.2702
-62.2948
-62.3251
-62.3333
-62.3235
-62.2927
-62.25
-62.1435
-62.063
-61.9664
-61.8365
-61.6575
-61.459
-61.319
-61.1937
-61.042
-60.9279
-60.8487
-60.7044
-60.5428
-60.4334
-60.3191
-60.2487
-60.2065
-60.1876
-60.1859
-60.1979
-60.1629
-60.133
-60.1276
-60.1361
-60.1257
-60.1373
-60.1628
-60.2008
-60.2471
-60.3001
-60.3585
-60.4212
-60.4874
-60.5565
-60.6279
-60.701
-60.7754
-60.8509
-60.9269
-61.0033
-61.0799
-61.1563
-61.2325
-61.3082
-61.3834
-61.4578
-61.5316
-61.6044
-61.6763
-61.7473
-61.8171
-61.8859
-61.9535
-62.02
-62.0852
-62.1493
-62.2121
-62.2738
-62.3342
-62.3933
-62.4513
-62.508
-62.5635
-62.6178
-62.671
-62.7229
-62.7737
-62.8233
-62.8718
-62.9191
-62.9654
-63.0105
-63.0546
-63.0977
-63.1397
-63.1807
-63.2207
-63.2597
-63.2978
-63.3349
-63.3712
-63.4065
-63.441
-63.4746
-63.5074
-63.5394
-63.5706
-63.601
-63.6306
-63.6595
-63.6877
-63.7152
-63.742
-63.7681
-63.7782
-63.7481
-63.7355
-63.7313
-63.7342
-63.7371
-63.585
-63.4722
-63.3925
-63.3407
-63.3047
-63.2798
-63.1652
-63.0697
-63.0029
-62.9052
-62.7284
-62.4049
-62.1709
-61.8676
-61.6285
-61.4533
-61.3269
-61.2345
-61.1386
-61.0411
-60.9773
-60.9371
-60.9163
-60.8896
-60.836
-60.7935
-60.775
-60.7749
-60.7883
-60.7746
-60.701
-60.6535
-60.6332
-60.6351
-60.6512
-60.6778
-60.7128
-60.7545
-60.8019
-60.8539
-60.9097
-60.9686
-61.0299
-61.0861
-61.1042
-61.1386
-61.1812
-61.2021
-61.2147
-61.2422
-61.2795
-61.324
-61.373
-61.4253
-61.4301
-61.4047
-61.3975
-61.3668
-61.3607
-61.3702
-61.3924
-61.4227
-61.4593
-61.5007
-61.5461
-61.5947
-61.6457
-61.6987
-61.7532
-61.8089
-61.8654
-61.9224
-61.9798
-62.0372
-62.0946
-62.1517
-62.1818
-62.1904
-62.2132
-62.2438
-62.2166
-62.1681
-62.1341
-62.0834
-62.0358
-61.9838
-61.9551
-61.8885
-61.8532
-61.7909
-61.7446
-61.6611
-61.4748
-61.2836
-61.0892
-60.9071
-60.7113
-60.5783
-60.4879
-60.4307
-60.3968
-60.3816
-60.3817
-60.3946
-60.4054
-60.4053
-60.4227
-60.452
-60.4915
-60.538
-60.5902
-60.6469
-60.7074
-60.7709
-60.8369
-60.9049
-60.9743
-61.0448
-61.1161
-61.1878
-61.2599
-61.3319
-61.4038
-61.4754
-61.5465
-61.6171
-61.687
-61.7562
-61.8246
-61.892
-61.9585
-62.0241
-62.0885
-62.1519
-62.2142
-62.2754
-62.3354
-62.3943
-62.452
-62.5086
-62.564
-62.6183
-62.6714
-62.7233
-62.7742
-62.8239
-62.8725
-62.92
-62.9664
-63.0118
-63.0561
-63.0994
-63.1416
-63.1829
-63.2231
-63.2624
-63.3007
-63.3381
-63.3746
-63.4102
-63.445
-63.4789
-63.5119
-63.5441
-63.5756
-63.6062
-63.6361
-63.6652
-63.6937
-63.7214
-63.7484
-63.7747
-63.8004
-63.8254
-63.8498
-63.8736
-63.8968
-63.9194
-63.9414
-63.9629
-63.9839
-64.0043
-64.0242
-64.0436
-64.0625
-64.0809
-64.0989
-64.1164
-64.1335
-64.1501
-64.1664
-64.1822
-64.1976
-64.2126
-64.2273
-64.2416
-64.198
-64.1663
-64.0392
-63.8168
-63.6662
-63.4681
-63.2974
-63.1713
-63.0778
-63.0075
-62.9052
-62.81
-62.6968
-62.6205
-62.5661
-62.4558
-62.1417
-61.8849
-61.7029
-61.5767
-61.47
-61.3481
-61.2655
-61.2089
-61.1556
-61.1021
-61.072
-61.0592
-61.0607
-61.0729
-61.0939
-61.1221
-61.1056
-60.9945
-60.8912
-60.7336
-60.6326
-60.57
-60.5384
-60.5268
-60.5304
-60.5464
-60.5726
-60.6073
-60.649
-60.6801
-60.6592
-60.6499
-60.661
-60.6882
-60.7257
-60.7704
-60.8207
-60.8754
-60.9339
-60.9717
-60.993
-61.029
-61.0736
-61.1252
-61.1807
-61.2036
-61.2234
-61.2562
-61.2982
-61.3464
-61.3984
-61.4533
-61.5103
-61.569
-61.629
-61.6897
-61.751
-61.8125
-61.8741
-61.9356
-61.9968
-62.0575
-62.1178
-62.1774
-62.2364
-62.2945
-62.3519
-62.4084
-62.464
-62.5187
-62.5724
-62.6251
-62.6769
-62.7276
-62.7774
-62.8262
-62.8739
-62.9207
-62.9348
-62.9354
-62.9108
-62.888
-62.8735
-62.7664
-62.651
-62.5771
-62.5112
-62.3795
-62.2
-62.0181
-61.8716
-61.6207
-61.3159
-61.0696
-60.8976
-60.7767
-60.6914
-60.6327
-60.5956
-60.5763

