-70
-70.0758
-70.1508
-70.225
-70.2983
-70.3706
-70.4419
-70.5122
-70.5814
-70.6496
-70.7168
-70.7829
-70.848
-70.9121
-70.9752
-71.0373
-71.0984
-71.1586
-71.2178
-71.2761
-71.3334
-71.3899
-71.4455
-71.5003
-71.5543
-71.6074
-71.6598
-71.7114
-71.7623
-71.8124
-71.8619
-71.9106
-71.9587
-72.006
-72.0527
-72.0988
-72.1442
-72.1889
-72.2331
-72.2766
-72.3196
-72.362
-72.4038
-72.445
-72.4857
-72.5258
-72.5654
-72.6045
-72.6431
-72.6812
-72.7188
-72.756
-72.7927
-72.8289
-72.8647
-72.9
-72.9349
-72.9694
-73.0035
-73.0371
-73.0704
-73.1032
-73.1357
-73.1678
-73.1994
-73.2307
-73.2617
-73.2922
-73.3224
-73.3523
-73.3817
-73.4109
-73.4397
-73.4682
-73.4963
-73.5241
-73.5516
-73.5788
-73.6057
-73.6323
-73.6585
-73.6845
-73.7102
-73.7356
-73.7608
-73.7857
-73.8103
-73.8346
-73.8587
-73.8825
-73.9061
-73.9294
-73.9524
-73.9753
-73.9979
-74.0202
-74.0423
-74.0642
-74.0859
-74.1073
-74.1285
-74.1495
-74.1703
-74.1909
-74.2112
-74.2313
-74.2513
-74.271
-74.2905
-74.3098
-74.329
-74.3479
-74.3666
-74.3852
-74.4036
-74.4217
-74.4397
-74.4575
-74.4752
-74.4926
-74.5099
-74.527
-74.544
-74.5607
-74.5774
-74.5938
-74.6101
-74.6262
-74.6422
-74.658
-74.6736
-74.6891
-74.7045
-74.7197
-74.7347
-74.7496
-74.7644
-74.779
-74.7935
-74.8079
-74.8221
-74.8362
-74.8501
-74.864
-74.8777
-74.8913
-74.9047
-74.918
-74.9313
-74.9443
-74.9573
-74.9701
-74.9829
-74.9955
-75.008
-75.0204
-75.0327
-75.0448
-75.0569
-75.0688
-75.0806
-75.0924
-75.104
-75.1155
-75.1269
-75.1382
-75.1495
-75.1606
-75.1716
-75.1825
-75.1933
-75.204
-75.2147
-75.2252
-75.2356
-75.246
-75.2562
-75.2664
-75.2764
-75.2864
-75.2963
-75.3061
-75.3158
-75.3255
-75.335
-75.3445
-75.3538
-75.3631
-75.3724
-75.3815
-75.3906
-75.3995
-75.4084
-75.4172
-75.426
-75.4346
-75.4432
-75.4518
-75.4602
-75.4686
-75.4769
-75.4851
-75.4932
-75.5013
-75.5093
-75.5173
-75.5251
-75.533
-75.5407
-75.5484
-75.556
-75.5635
-75.571
-75.5784
-75.5858
-75.593
-75.6003
-75.6074
-75.6145
-75.6216
-75.6285
-75.6355
-75.6423
-75.6491
-75.6559
-75.6626
-75.6692
-75.6758
-75.6823
-75.6888
-75.6952
-75.7015
-75.7078
-75.7141
-75.7203
-75.7264
-75.7325
-75.7386
-75.7446
-75.7505
-75.7564
-75.7622
-75.768
-75.7738
-75.7795
-75.7851
-75.7907
-75.7963
-75.8018
-75.8072
-75.8127
-75.818
-75.8234
-75.8287
-75.8339
-75.8391
-75.8443
-75.8494
-75.8545
-75.8595
-75.8645
-75.8695
-75.8744
-75.8793
-75.8841
-75.8889
-75.8937
-75.8984
-75.9031
-75.9077
-75.9123
-75.9169
-75.9214
-75.9259
-75.9304
-75.9348
-75.9392
-75.9436
-75.9479
-75.9522
-75.9565
-75.9607
-75.9649
-75.969
-75.9731
-75.9772
-75.9813
-75.9853
-75.9893
-75.9933
-75.9972
-76.0011
-76.005
-76.0088
-76.0126
-76.0164
-76.0201
-76.0239
-76.0275
-76.0312
-76.0348
-76.0384
-76.042
-76.0456
-76.0491
-76.0526
-76.056
-76.0595
-76.0629
-76.0663
-76.0696
-76.0729
-76.0762
-76.0795
-76.0828
-76.086
-76.0892
-76.0924
-76.0955
-76.0986
-76.1017
-76.1048
-76.1079
-76.1109
-76.1139
-76.1169
-76.1198
-76.1228
-76.1257
-76.1286
-76.1314
-76.1343
-76.1371
-76.1399
-76.1427
-76.1455
-76.1482
-76.1509
-76.1536
-76.1563
-76.1589
-76.1615
-76.1642
-76.1667
-76.1693
-76.1719
-76.1744
-76.1769
-76.1794
-76.1819
-76.1843
-76.1868
-76.1892
-76.1916
-76.1939
-76.1963
-76.1986
-76.201
-76.2033
-76.2056
-76.2078
-76.2101
-76.2123
-76.2145
-76.2167
-76.2189
-76.2211
-76.2232
-76.2254
-76.2275
-76.2296
-76.2317
-76.2337
-76.2358
-76.2378
-76.2398
-76.2418
-76.2438
-76.2458
-76.2478
-76.2497
-76.2516
-76.2536
-76.2554
-76.2573
-76.2592
-76.2611
-76.2629
-76.2647
-76.2665
-76.2683
-76.2701
-76.2719
-76.2737
-76.2754
-76.2771
-76.2788
-76.2806
-76.2822
-76.2839
-76.2856
-76.2872
-76.2889
-76.2905
-76.2921
-76.2937
-76.2953
-76.2969
-76.2985
-76.3
-76.3016
-76.3031
-76.3046
-76.3061
-76.3076
-76.3091
-76.3106
-76.312
-76.3135
-76.3149
-76.3164
-76.3178
-76.3192
-76.3206
-76.322
-76.3233
-76.3247
-76.3261
-76.3274
-76.3287
-76.33
-76.3314
-76.3327
-76.334
-76.3352
-76.3365
-76.3378
-76.339
-76.3403
-76.3415
-76.3427
-76.3439
-76.3452
-76.3464
-76.3475
-76.3487
-76.3499
-76.351
-76.3522
-76.3533
-76.3545
-76.3556
-76.3567
-76.3578
-76.3589
-76.36
-76.3611
-76.3622
-76.3632
-76.3643
-76.3654
-76.3664
-76.3674
-76.3685
-76.3695
-76.3705
-76.3715
-76.3725
-76.3735
-76.3745
-76.3754
-76.3764
-76.3774
-76.3783
-76.3793
-76.3802
-76.3811
-76.382
-76.383
-76.3839
-76.3848
-74.8282
-70.5201
-67.0513
-64.4239
-62.3561
-60.6007
-58.8768
-56.6354
-50.5571
33.4334
-16.2327
-51.469
-79.4443
-79.7444
-79.7174
-79.6815
-79.6415
-79.5976
-79.5496
-79.4977
-79.442
-79.3828
-79.3206
-79.2558
-79.1891
-79.1212
-79.0527
-78.9844
-78.9168
-78.8506
-78.7864
-78.7245
-78.6652
-78.6089
-78.5556
-77.2989
-72.7326
-68.9791
-66.1661
-64.0021
-62.2666
-60.7703
-59.3098
-57.5423
-53.6831
46.1988
-5.01337
-36.2327
-78.0354
-79.3317
-79.2663
-79.1759
-79.076
-78.967
-78.8489
-78.722
-78.5869
-78.4445
-78.296
-78.1428
-77.9794
-77.6649
-77.3861
-77.1596
-76.9663
-76.7933
-76.5786
-76.3978
-76.2541
-76.1273
-73.844
-70.4841
-68.3359
-66.9756
-66.0795
-65.4704
-65.424
-66.133
-66.6896
-67.0866
-67.3805
-67.6063
-67.7858
-67.9337
-68.0594
-68.1695
-68.2686
-68.3599
-68.4457
-67.7487
-64.9217
-62.6143
-60.842
-59.3147
-57.7201
-55.3879
-46.4384
20.3017
-23.3325
-67.1003
-79.4887
-79.5794
-79.5308
-79.4739
-79.4116
-79.3439
-79.271
-79.1933
-79.1112
-77.6515
-74.4807
-72.4954
-71.2175
-70.2888
-69.5554
-68.9451
-68.4213
-67.9644
-67.0229
-64.6327
-62.6508
-61.1006
-59.756
-58.3987
-56.6561
-53.0058
45.2312
-7.06828
-38.25
-78.3902
-79.6396
-79.5147
-79.3799
-79.298
-79.2193
-79.0596
-78.8454
-78.7002
-78.5771
-78.4594
-78.3233
-78.0435
-77.8191
-77.6467
-77.465
-77.2177
-77.0288
-76.8854
-76.7389
-76.5877
-76.4751
-76.3898
-76.3231
-76.2693
-76.2252
-76.1886
-76.1579
-76.1319
-76.11
-76.0913
-76.0755
-76.0622
-76.051
-76.0415
-76.0337
-76.0273
-76.0221
-76.018
-76.0148
-76.0124
-76.0108
-76.0098
-76.0093
-76.0094
-76.0099
-76.0107
-76.0119
-76.0134
-76.0151
-76.0171
-76.0193
-76.0216
-76.0241
-76.0266
-76.0293
-76.0321
-76.035
-76.0379
-76.0409
-76.044
-76.047
-76.0501
-76.0532
-76.0564
-76.0595
-76.0627
-76.0659
-76.069
-76.0722
-76.0754
-76.0785
-76.0816
-76.0848
-76.0879
-76.091
-73.2542
-69.149
-65.9991
-63.5895
-61.6527
-59.9356
-58.101
-55.2294
-31.2638
9.60784
-27.4058
-73.772
-79.4913
-78.7463
-78.4783
-78.2946
-78.1001
-77.8911
-77.6679
-77.4319
-77.1846
-76.248
-73.8022
-72.1154
-70.9813
-70.1212
-69.4164
-68.8123
-68.2818
-67.8104
-65.8968
-63.677
-61.9628
-60.5626
-59.3356
-59.5255
-60.0256
-60.4877
-60.9075
-60.3009
-59.017
-58.4724
-58.9999
-59.5678
-60.0925
-60.5612
-60.9784
-61.3478
-61.7234
-63.1935
-64.5959
-66.516
-67.9927
-68.9971
-69.6991
-70.2043
-70.578
-70.8615
-71.0819
-71.2571
-71.3994
-71.5176
-71.6176
-71.7039
-71.7798
-71.8477
-71.9093
-70.6706
-67.1853
-64.4396
-62.3891
-60.7624
-59.3326
-57.8445
-55.7774
-49.9526
31.7138
-18.1968
-54.897
-79.3608
-79.6182
-79.5672
-79.5143
-79.4566
-78.3116
-76.464
-75.6199
-75.0972
-74.6575
-74.2447
-73.8447
-73.4553
-73.0777
-72.7141
-71.1965
-68.4456
-66.3805
-64.8731
-63.7223
-62.8063
-62.0465
-61.3904
-60.7967
-60.2331
-59.2792
-56.9345
-52.8457
45.0045
-7.93633
-38.9874
-78.2143
-79.3618
-79.2598
-79.166
-79.0593
-78.824
-78.6586
-78.5177
-78.3776
-78.2347
-77.9854
-77.7304
-77.5288
-77.3556
-77.1992
-77.0549
-76.9208
-76.796
-76.6802
-76.5731
-76.4747
-76.3847
-76.3027
-76.2285
-76.1616
-76.1016
-76.0441
-75.9947
-75.955
-75.9228
-75.8965
-75.875
-75.8574
-75.843
-75.8312
-75.8217
-75.8141
-75.8082
-75.8037
-75.8004
-75.7981
-75.7968
-75.7963
-75.7965
-75.7973
-75.7986
-75.8004
-75.8026
-75.8052
-75.8081
-75.8112
-75.8146
-75.8181
-75.8219
-75.8258
-75.8298
-75.834
-75.8382
-75.8425
-75.8469
-75.8513
-75.8558
-75.8603
-75.8648
-75.8693
-75.8739
-75.8784
-75.883
-75.8875
-75.8921
-75.8966
-75.9012
-75.9057
-75.9102
-75.9146
-75.9191
-75.9235
-75.9279
-75.9323
-72.6696
-68.6602
-65.6102
-63.2672
-61.3656
-59.6436
-57.7219
-54.3714
32.2822
0.53467
-32.3591
-77.2297
-79.7265
-79.724
-79.6894
-79.6501
-79.6068
-79.5594
-79.1371
-76.4195
-74.8374
-73.9407
-73.2824
-72.7231
-72.2149
-71.7405
-71.2942
-70.8746
-68.4871
-66.0644
-64.2726
-62.899
-61.7863
-60.8249
-59.9265
-58.9976
-57.892
-55.0399
-40.426
11.6621
-26.6979
-71.7751
-79.2801
-79.2986
-79.2146
-79.1193
-77.622
-76.7838
-76.3272
-75.9498
-75.6028
-75.2626
-74.9252
-74.5917
-74.3268
-74.1472
-73.4632
-70.728
-68.6664
-67.3103
-66.5173
-66.9541
-67.8153
-68.3586
-68.6858
-68.8909
-69.0251
-69.117
-69.1837
-69.2353
-69.2782
-69.3165
-69.3527
-69.3884
-69.4249
-69.4626
-69.9117
-70.542
-71.0311
-71.4074
-71.7027
-71.9386
-72.1302
-72.2883
-72.4207
-72.5332
-72.6299
-72.7143
-72.7888
-72.8552
-72.9152
-72.9698
-73.0201
-73.0667
-73.1103
-73.1514
-73.1904
-70.2714
-66.6972
-63.9958
-61.9071
-60.1538
-58.4343
-56.171
-49.7286
30.4081
-18.2333
-55.4474
-79.4399
-79.7031
-79.6717
-78.5034
-77.6038
-77.2242
-76.9185
-76.612
-76.2957
-75.9701
-75.6379
-75.3024
-73.3127
-70.81
-69.0568
-67.7847
-66.8045

