-70
-70.0758
-70.1508
-70.225
-70.2983
-70.3706
-70.4419
-70.5122
-70.5814
-70.6496
-70.7168
-70.7829
-70.848
-70.9121
-70.9752
-71.0373
-71.0984
-71.1586
-71.2178
-71.2761
-71.3334
-71.3899
-71.4455
-71.5003
-71.5543
-71.6074
-71.6598
-71.7114
-71.7623
-71.8124
-71.8619
-71.9106
-71.9587
-72.006
-72.0527
-72.0988
-72.1442
-72.1889
-72.2331
-72.2766
-72.3196
-72.362
-72.4038
-72.445
-72.4857
-72.5258
-72.5654
-72.6045
-72.6431
-72.6812
-72.7188
-72.756
-72.7927
-72.8289
-72.8647
-72.9
-72.9349
-72.9694
-73.0035
-73.0371
-73.0704
-73.1032
-73.1357
-73.1678
-73.1994
-73.2307
-73.2617
-73.2922
-73.3224
-73.3523
-73.3817
-73.4109
-73.4397
-73.4682
-73.4963
-73.5241
-73.5516
-73.5788
-73.6057
-73.6323
-73.6585
-73.6845
-73.7102
-73.7356
-73.7608
-73.7857
-73.8103
-73.8346
-73.8587
-73.8825
-73.9061
-73.9294
-73.9524
-73.9753
-73.9979
-74.0202
-74.0423
-74.0642
-74.0859
-74.1073
-74.1285
-74.1495
-74.1703
-74.1909
-74.2112
-74.2313
-74.2513
-74.271
-74.2905
-74.3098
-74.329
-74.3479
-74.3666
-74.3852
-74.4036
-74.4217
-74.4397
-74.4575
-74.4752
-74.4926
-74.5099
-74.527
-74.544
-74.5607
-74.5774
-74.5938
-74.6101
-74.6262
-74.6422
-74.658
-74.6736
-74.6891
-74.7045
-74.7197
-74.7347
-74.7496
-74.7644
-74.779
-74.7935
-74.8079
-74.8221
-74.8362
-74.8501
-74.864
-74.8777
-74.8913
-74.9047
-74.918
-74.9313
-74.9443
-74.9573
-74.9701
-74.9829
-74.9955
-75.008
-75.0204
-75.0327
-75.0448
-75.0569
-75.0688
-75.0806
-75.0924
-75.104
-75.1155
-75.1269
-75.1382
-75.1495
-75.1606
-75.1716
-75.1825
-75.1933
-75.204
-75.2147
-75.2252
-75.2356
-75.246
-75.2562
-75.2664
-75.2764
-75.2864
-75.2963
-75.3061
-75.3158
-75.3255
-75.335
-75.3445
-75.3538
-75.3631
-75.3724
-75.3815
-75.3906
-75.3995
-75.4084
-75.4172
-75.426
-75.4346
-75.4432
-75.4518
-75.4602
-75.4686
-75.4769
-75.4851
-75.4932
-75.5013
-75.5093
-75.5173
-75.5251
-75.533
-75.5407
-75.5484
-75.556
-75.5635
-75.571
-75.5784
-75.5858
-75.593
-75.6003
-75.6074
-75.6145
-75.6216
-75.6285
-75.6355
-75.6423
-75.6491
-75.6559
-75.6626
-75.6692
-75.6758
-75.6823
-75.6888
-75.6952
-75.7015
-75.7078
-75.7141
-75.7203
-75.7264
-75.7325
-75.7386
-75.7446
-75.7505
-75.7564
-75.7622
-75.768
-75.7738
-75.7795
-75.7851
-75.7907
-75.7963
-75.8018
-75.8072
-75.8127
-75.818
-75.8234
-75.8287
-75.8339
-75.8391
-75.8443
-75.8494
-75.8545
-75.8595
-75.8645
-75.8695
-75.8744
-75.8793
-75.8841
-75.8889
-75.8937
-75.8984
-75.9031
-75.9077
-75.9123
-75.9169
-75.9214
-75.9259
-75.9304
-75.9348
-75.9392
-75.9436
-75.9479
-75.9522
-75.9565
-75.9607
-75.9649
-75.969
-75.9731
-75.9772
-75.9813
-75.9853
-75.9893
-75.9933
-75.9972
-76.0011
-76.005
-76.0088
-76.0126
-76.0164
-76.0201
-76.0239
-76.0275
-76.0312
-76.0348
-76.0384
-76.042
-76.0456
-76.0491
-76.0526
-76.056
-76.0595
-76.0629
-76.0663
-76.0696
-76.0729
-76.0762
-76.0795
-76.0828
-76.086
-76.0892
-76.0924
-76.0955
-76.0986
-76.1017
-76.1048
-76.1079
-76.1109
-76.1139
-76.1169
-76.1198
-76.1228
-76.1257
-76.1286
-76.1314
-76.1343
-76.1371
-76.1399
-76.1427
-76.1455
-76.1482
-76.1509
-76.1536
-76.1563
-76.1589
-76.1615
-76.1642
-76.1667
-76.1693
-76.1719
-76.1744
-76.1769
-76.1794
-76.1819
-76.1843
-76.1868
-76.1892
-76.1916
-76.1939
-76.1963
-76.1986
-76.201
-76.2033
-76.2056
-76.2078
-76.2101
-76.2123
-76.2145
-76.2167
-76.2189
-76.2211
-76.2232
-76.2254
-76.2275
-76.2296
-76.2317
-76.2337
-76.2358
-76.2378
-76.2398
-76.2418
-76.2438
-76.2458
-76.2478
-76.2497
-76.2516
-76.2536
-76.2554
-76.2573
-76.2592
-76.2611
-76.2629
-76.2647
-76.2665
-76.2683
-76.2701
-76.2719
-76.2737
-76.2754
-76.2771
-76.2788
-76.2806
-76.2822
-76.2839
-76.2856
-76.2872
-76.2889
-76.2905
-76.2921
-76.2937
-76.2953
-76.2969
-76.2985
-76.3
-76.3016
-76.3031
-76.3046
-76.3061
-76.3076
-76.3091
-76.3106
-76.312
-76.3135
-76.3149
-76.3164
-76.3178
-76.3192
-76.3206
-76.322
-76.3233
-76.3247
-76.3261
-76.3274
-76.3287
-76.33
-76.3314
-76.3327
-76.334
-76.3352
-76.3365
-76.3378
-76.339
-76.3403
-76.3415
-76.3427
-76.3439
-76.3452
-76.3464
-76.3475
-76.3487
-76.3499
-76.351
-76.3522
-76.3533
-76.3545
-76.3556
-76.3567
-76.3578
-76.3589
-76.36
-76.3611
-76.3622
-76.3632
-76.3643
-76.3654
-76.3664
-76.3674
-76.3685
-76.3695
-76.3705
-76.3715
-76.3725
-76.3735
-76.3745
-76.3754
-76.3764
-76.3774
-76.3783
-76.3793
-76.3802
-76.3811
-76.382
-76.383
-76.3839
-76.3848
-76.3857
-76.3866
-76.3874
-76.3883
-76.3892
-76.39
-76.3909
-76.3917
-76.3926
-76.3934
-76.3943
-76.3951
-76.3959
-76.3967
-76.3975
-76.3983
-76.3991
-76.3999
-76.4007
-76.4014
-76.4022
-76.403
-76.4037
-76.4045
-76.4052
-73.0945
-69.0255
-65.9295
-63.5553
-61.6413
-59.9385
-58.1125
-55.246
-31.2515
9.69463
-27.3558
-73.7447
-79.0249
-78.7511
-78.5907
-78.4241
-78.2434
-78.0487
-77.8404
-77.6198
-77.3884
-75.137
-73.2319
-72.0281
-71.1533
-70.4465
-69.8396
-69.3018
-68.8181
-68.3811
-67.9865
-67.6319
-67.949
-68.4637
-68.8363
-69.1043
-69.3666
-70.0174
-67.9735
-66.0855
-64.8551
-64.4349
-64.9497
-65.3745
-65.6772
-65.9032
-66.0805
-66.2261
-66.3509
-66.4619
-66.5638
-66.6597
-66.7519
-66.8418
-66.9307
-67.0191
-67.1077
-67.1967
-67.2864
-67.3769
-67.4682
-67.5603
-67.6531
-67.7464
-67.8402
-67.1237
-64.1617
-61.686
-59.6973
-57.8183
-55.3678
-47.5952
22.7609
-22.2358
-63.6557
-79.4169
-79.6001
-79.5567
-79.502
-79.4415
-79.3756
-79.3043
-77.1561
-74.9988
-73.8089
-73.0086
-72.37
-71.8125
-71.3048
-70.8348
-70.3977
-68.9542
-66.3746
-64.3751
-62.8614
-61.6469
-60.6005
-59.6137
-58.5634
-57.2301
-53.9123
12.3964
-0.821203
-34.2986
-77.3098
-79.1743
-79.0349
-78.9013
-78.7782
-78.6481
-78.4134
-78.2003
-78.0265
-77.8611
-77.697
-77.5282
-77.2565
-77.0273
-76.8421
-76.6518
-76.4622
-76.3138
-76.1934
-76.0923
-76.0054
-75.9299
-75.8638
-75.8058
-75.7549
-75.7104
-75.6715
-75.6376
-75.6082
-75.583
-75.5614
-75.543
-75.5276
-75.5149
-75.5045
-75.4962
-75.4898
-75.485
-75.4817
-75.4797
-75.4789
-75.4791
-75.4802
-75.4821
-75.4847
-75.488
-75.4917
-75.496
-75.5006
-75.5056
-75.5109
-75.5165
-75.5222
-75.5282
-75.5344
-75.5407
-75.5471
-75.5536
-75.5601
-75.5668
-75.5734
-75.5802
-75.5869
-75.5936
-75.6004
-75.6071
-75.6139
-75.6206
-75.6273
-75.634
-75.6406
-75.6473
-75.6539
-75.6604
-75.6669
-75.6734
-75.6799
-72.8842
-68.8367
-65.7306
-63.3506
-61.4268
-59.6969
-57.7898
-54.5502
17.1214
2.22846
-31.3368
-76.7308
-79.0127
-78.6989
-78.531
-78.3583
-78.1714
-77.9703
-77.7558
-77.5289
-77.2914
-75.2146
-73.1633
-71.8576
-70.9217
-70.1766
-69.5449
-68.9909
-68.4968
-68.3664
-66.6843
-65.1932
-64.1631
-63.4184
-62.8579
-62.4216
-63.127
-63.9841
-64.6276
-65.2837
-65.2459
-64.4112
-63.8415
-63.4778
-63.2432
-63.0946
-63.0061
-62.9613
-62.9498
-62.9648
-63.0016
-63.0568
-63.1275
-63.2115
-63.3071
-63.4128
-63.5275
-63.6502
-63.7798
-63.9155
-64.0567
-64.2026
-64.352
-64.504
-64.658
-64.8136
-64.9702
-65.1275
-65.2851
-65.4424
-64.865
-62.2286
-59.9584
-57.9821
-55.731
-50.9141
39.0338
-15.6918
-49.2674
-78.8988
-79.5291
-79.4923
-79.4308
-79.3622
-79.2875
-79.2067
-79.1204
-79.0288
-77.2492
-74.1773
-72.2285
-70.9285
-69.9616
-69.1874
-68.5381
-67.9788
-67.49
-65.9509
-63.6242
-61.7814
-60.2667
-58.842
-57.1853
-54.3124
-20.5092
3.69126
-30.7531
-75.9339
-78.7566
-78.5413
-78.3721
-78.1915
-77.9977
-77.7916
-77.5741
-77.3022
-76.9841
-76.6859
-76.4385
-76.2154
-76.0063
-75.8083
-75.621
-75.4445
-75.2793
-75.1256
-75.0429
-75.0055
-74.9652
-74.9236
-74.8832
-74.8454
-74.8109
-74.78
-74.7529
-74.7295
-74.7096
-74.693
-74.6795
-74.6689
-74.6609
-74.6553
-74.6519
-74.6505
-74.6508
-74.6527
-74.656
-74.6606
-74.6663
-74.6731
-74.6807
-74.6891
-74.6981
-74.7078
-74.718
-74.7286
-74.7396
-74.751
-74.7626
-74.7745
-74.7866
-74.7988
-74.8112
-74.8237
-74.8362
-74.8488
-74.8615
-74.8741
-74.8868
-74.8994
-74.9121
-74.9247
-74.9373
-74.9498
-74.9622
-74.9746
-74.987
-74.9992
-75.0114
-75.0235
-75.0356
-75.0475
-75.0594
-75.0711
-75.0828
-75.0944
-75.1059
-75.1173
-75.1286
-75.1399
-75.151
-75.162
-75.173
-75.1839
-75.1946
-75.2053
-75.2159
-75.2264
-75.2368
-75.2471
-75.2573
-75.2674
-72.5058
-68.507
-65.4388
-63.0838
-61.1671
-59.4129
-57.397
-53.5438
46.2391
-5.36508
-36.67
-78.3998
-78.9576
-78.655
-78.4851
-78.3081
-78.1168
-77.9113
-77.6923
-77.4613
-77.2198
-74.9143
-72.9298
-71.6608
-70.7398
-70.0019
-69.3748
-68.8246
-68.4003
-68.6129
-67.4201
-65.5842
-64.2748
-63.3395
-62.6403
-62.0952
-61.6563
-62.0186
-63.0342
-63.8586
-64.495
-64.9086
-64.1935
-63.6254
-63.266
-63.0367
-62.8928
-62.8077
-62.7655
-62.7564
-62.7735
-62.8122
-62.8692
-62.9419
-63.0285
-63.1271
-63.2358
-63.3534
-63.4789
-63.6113
-63.7499
-63.8937
-64.0422
-64.1948
-64.3502
-64.5076
-64.6665
-64.8263
-64.9868
-65.1474
-65.308
-65.4678
-65.6264
-65.7836
-65.9392
-66.093
-66.245
-66.395
-66.5427
-66.6881
-66.831
-66.9714
-67.1093
-67.2447
-67.3777
-67.5082
-67.6361
-67.7616
-67.8845
-68.005
-66.6627
-63.623
-61.1847
-59.1816
-57.208
-54.3728
-38.581
8.15632
-28.7186
-73.4683
-79.3106
-78.537
-78.2178
-78.0046
-77.7833
-77.5475
-77.2979
-77.0358
-76.7636
-76.2196
-73.6244

