-70
-69.8623
-69.7285
-69.5983
-69.4718
-69.3487
-69.2291
-69.1128
-68.9997
-68.8897
-68.7828
-68.6789
-68.5778
-68.4795
-68.3839
-68.291
-68.2007
-68.1128
-68.0274
-67.9443
-67.8636
-67.7851
-67.7087
-67.6345
-67.5623
-67.4921
-67.4238
-67.3574
-67.2929
-67.2301
-67.1691
-67.1098
-67.0521
-66.996
-66.9414
-66.8884
-66.8368
-66.7866
-66.7378
-66.6904
-66.6443
-66.5994
-66.5558
-66.5133
-66.4721
-66.432
-66.393
-66.355
-66.3181
-66.2823
-66.2474
-66.2134
-66.1805
-66.1484
-66.1172
-66.0868
-66.0573
-66.0286
-66.0007
-65.9736
-65.9472
-65.9215
-65.8966
-65.8723
-65.8487
-65.8257
-65.8034
-65.7817
-65.7606
-65.74
-65.72
-65.7006
-65.6817
-65.6633
-65.6455
-65.6281
-65.6112
-65.5948
-65.5788
-65.5632
-65.5481
-65.5334
-65.5191
-65.5052
-65.4917
-65.4785
-65.4657
-65.4533
-65.4412
-65.4294
-65.418
-65.4068
-65.396
-65.3855
-65.3752
-65.3653
-65.3556
-65.3462
-65.337
-65.3281
-65.3194
-65.311
-65.3028
-65.2948
-65.2871
-65.2795
-65.2722
-65.2651
-65.2581
-65.2514
-65.2448
-65.2385
-65.2322
-65.2262
-65.2203
-65.2146
-65.2091
-65.2037
-65.1984
-65.1933
-65.1884
-65.1835
-65.1788
-65.1743
-65.1698
-65.1655
-65.1613
-65.1572
-65.1532
-65.1493
-65.1456
-65.1419
-65.1384
-65.1349
-65.1315
-65.1283
-65.1251
-65.122
-65.119
-65.1161
-65.1132
-65.1104
-65.1077
-65.1051
-65.1026
-65.1001
-65.0977
-65.0953
-65.0931
-65.0908
-65.0887
-65.0866
-65.0845
-65.0826
-65.0806
-65.0788
-65.0769
-65.0752
-65.0734
-65.0718
-65.0701
-65.0685
-65.067
-65.0655
-65.064
-65.0626
-65.0612
-65.0599
-65.0586
-65.0573
-65.0561
-65.0549
-65.0537
-65.0526
-65.0514
-65.0504
-65.0493
-65.0483
-65.0473
-65.0464
-65.0454
-65.0445
-65.0436
-65.0428
-65.0419
-65.0411
-65.0403
-65.0395
-65.0388
-65.0381
-65.0374
-65.0367
-65.036
-65.0353
-65.0347
-65.0341
-65.0335
-65.0329
-65.0323
-65.0318
-65.0313
-65.0307
-65.0302
-65.0297
-65.0293
-65.0288
-65.0283
-65.0279
-65.0275
-65.027
-65.0266
-65.0262
-65.0259
-65.0255
-65.0251
-65.0248
-65.0244
-65.0241
-65.0238
-65.0234
-65.0231
-65.0228
-65.0225
-65.0223
-65.022
-65.0217
-65.0215
-65.0212
-65.021
-65.0207
-65.0205
-65.0203
-65.02
-65.0198
-65.0196
-65.0194
-65.0192
-65.019
-65.0188
-65.0187
-65.0185
-65.0183
-65.0181
-65.018
-65.0178
-65.0177
-65.0175
-65.0174
-65.0172
-65.0171
-65.017
-65.0168
-65.0167
-65.0166
-65.0165
-65.0163
-65.0162
-65.0161
-65.016
-65.0159
-65.0158
-65.0157
-65.0156
-65.0155
-65.0154
-65.0153
-65.0153
-65.0152
-65.0151
-65.015
-65.0149
-65.0149
-65.0148
-65.0147
-65.0147
-65.0146
-65.0145
-65.0145
-65.0144
-65.0143
-65.0143
-65.0142
-65.0142
-65.0141
-65.0141
-65.014
-65.014
-65.0139
-65.0139
-65.0138
-65.0138
-65.0137
-65.0137
-65.0137
-65.0136
-65.0136
-65.0135
-65.0135
-65.0135
-65.0134
-65.0134
-65.0134
-65.0133
-65.0133
-65.0133
-65.0133
-65.0132
-65.0132
-65.0132
-65.0131
-65.0131
-65.0131
-65.0131
-65.0131
-65.013
-65.013
-65.013
-65.013
-65.0129
-65.0129
-65.0129
-65.0129
-65.0129
-65.0129
-65.0128
-65.0128
-65.0128
-65.0128
-65.0128
-65.0128
-65.0127
-65.0127
-65.0127
-65.0127
-65.0127
-65.0127
-65.0127
-65.0127
-65.0126
-65.0126
-65.0126
-65.0126
-65.0126
-65.0126
-65.0126
-65.0126
-65.0126
-65.0126
-65.0125
-65.0125
-65.0125
-65.0125
-65.0125
-65.0125
-65.0125
-65.0125
-65.0125
-65.0125
-65.0125
-65.0125
-65.0125
-65.0124
-65.0124
-65.0124
-65.0124
-65.0124
-65.0124
-65.0124
-65.0124
-65.0124
-65.0124
-65.0124
-65.0124
-65.0124
-65.0124
-65.0124
-65.0124
-65.0124
-65.0124
-65.0124
-65.0124
-65.0124
-65.0124
-65.0124
-65.0123
-65.0123
-65.0123
-65.0123
-65.0123
-65.0123
-65.0123
-65.0123
-65.0123
-65.0123
-65.0123
-65.0123
-65.0123
-65.0123
-65.0123
-65.0123
-65.0123
-65.0123
-65.0123
-65.0123
-65.0123
-65.0123
-65.0123
-65.0123
-65.0123
-65.0123
-65.0123
-65.0123
-65.0123
-65.0123
-65.0123
-65.0123
-65.0123
-65.0123
-65.0123
-65.0123
-65.0123
-65.0123
-65.0123
-65.0123
-65.0123
-65.0123
-65.0123
-65.0123
-65.0123
-65.0123
-65.0123
-65.0123
-65.0123
-65.0123
-65.0123
-65.0123
-65.0123
-65.0123
-65.0123
-65.0123
-65.0123
-65.0123
-65.0123
-65.0123
-65.0123
-65.0123
-65.0123
-65.0123
-65.0123
-65.0123
-65.0123
-65.0123
-65.0123
-65.0123
-65.0123
-65.0123
-65.0123
-65.0123
-64.6429
-64.3402
-64.1155
-63.9555
-63.8313
-63.7321
-63.6525
-63.5889
-63.5388
-63.5
-63.4707
-63.4497
-63.4356
-63.4276
-63.4246
-63.4261
-63.4313
-63.4398
-63.451
-63.4646
-63.4802
-63.4976
-63.5163
-63.5362
-63.5572
-63.5789
-63.6013
-63.6243
-63.6476
-63.6712
-63.695
-63.7189
-63.7428
-63.7667
-63.6362
-63.2886
-63.0614
-62.8959
-62.7813
-62.6947
-62.6293
-62.581
-62.5466
-62.5241
-62.5114
-62.507
-62.5097
-62.5184
-62.5322
-62.5503
-62.5721
-62.597
-62.6244
-62.328
-62.125
-61.9289
-61.2279
-60.7151
-60.0688
-59.2487
-58.4875
-57.2504
-56.1914
-54.9604
-54.0071
-53.1589
-52.5268
-52.0261
-51.549
-51.0014
-50.425
-49.7168
-49.145
-48.6135
-48.1316
-47.671
-47.205
-46.704
-46.1296
-45.4193
-44.4051
-42.792
-39.2776
-9.56532
30.478
-14.9407
-44.5009
-57.2388
-60.4013
-61.1944
-61.3745
-61.3496
-61.2505
-61.1325
-61.0186
-60.9179
-60.7984
-60.6891
-60.6058
-60.5439
-60.499
-60.4677
-60.4019
-60.3535
-60.3233
-60.2596
-60.2154
-60.1902
-60.1727
-60.0876
-60.0154
-59.9727
-59.9524
-59.9475
-59.9454
-59.8655
-59.8172
-59.7924
-59.732
-59.6798
-59.4166
-59.0998
-58.8528
-58.6496
-58.4252
-58.2313
-58.0549
-57.9174
-57.7896
-57.6815
-57.3762
-57.1138
-56.9273
-56.721
-56.5418
-56.144
-55.7511
-55.3316
-54.8019
-54.1846
-53.2969
-52.3569
-51.4596
-50.6936
-50.0824
-49.5336
-49.0533
-48.5851
-48.0759
-47.4605
-46.7895
-46.0582
-45.1627
-43.9482
-41.9257
-36.5969
32.7799
13.7765
-25.3999
-52.0748
-60.4481
-62.5761
-63.1044
-63.1884
-63.1157
-62.9908
-62.8558
-62.7277
-62.6126
-62.5121
-62.4258
-62.3527
-62.2915
-62.2408
-62.1994
-62.1664
-62.1406
-62.1212
-62.1074
-62.0986
-62.0941
-62.0935
-62.0963
-62.1022
-62.1107
-62.1216
-62.1344
-62.1491
-62.1654
-62.183
-62.2018
-62.2216
-62.2423
-62.2637
-62.2857
-62.3082
-62.3311
-62.3544
-62.3778
-62.4015
-62.4252
-62.449
-62.4728
-62.4966
-62.5203
-62.5439
-62.5674
-62.5907
-62.6138
-62.6368
-62.6595
-62.6819
-62.7041
-62.7261
-62.7478
-62.7692
-62.7903
-62.8111
-62.8317
-62.8519
-62.8719
-62.8916
-62.9109
-62.93
-62.8815
-62.6796
-62.5457
-62.449
-62.3836
-62.3318
-62.0442
-61.8064
-61.6324
-61.5102
-61.3857
-61.0926
-60.7192
-60.4211
-60.1833
-59.6733
-58.5466
-57.0759
-55.839
-54.524
-53.4516
-52.6462
-51.9294
-51.3589
-50.8278
-50.3732
-49.9968
-49.6769
-49.3998
-49.0868
-48.7075
-48.3725
-48.06
-47.759
-47.422
-47.0541
-46.5063
-45.8537
-45.0261
-43.8687
-41.8346
-36.1149
36.2906
10.1684
-28.7247
-54.8041
-62.2957
-64.073
-64.4163
-64.3574
-64.1429
-63.8345
-63.4497
-63.0352
-62.7081
-62.4411
-62.1642
-61.8493
-61.5509
-61.2767
-61.0492
-60.7591
-60.5221
-60.2994
-60.1329
-60.0058
-59.9104
-59.8394
-59.7884
-59.7544
-59.735
-59.728
-59.7317
-59.7446
-59.7654
-59.7931
-59.8266
-59.8383
-59.8322
-59.8117
-59.7779
-59.72
-59.4836
-59.1523
-58.87
-58.5676
-58.2684
-57.9184
-57.5383
-57.1378
-56.7765
-56.3716
-56.0213
-55.6988
-55.2471
-54.8175
-54.4158
-54.0183
-53.6403
-53.2218
-52.7076
-52.1697
-51.5744
-50.964
-50.3965
-49.9562
-49.5991
-49.2991
-49.008
-48.7461
-48.5053
-48.2766
-48.0081
-47.6542
-47.2717
-46.8006
-46.232
-45.5452
-44.4796
-42.9022
-39.6773
-19.2927
34.1184
-13.7262
-46.6208
-61.0512
-64.7271
-65.6398
-65.8247
-65.7726
-65.6411
-65.4887
-65.3376
-65.1957
-65.0655
-64.9472
-64.8401
-64.7432
-64.6554
-64.5759
-64.5037
-64.4381
-64.3784
-64.324
-64.2743
-64.2289
-64.1874
-64.1494
-64.1147
-64.0828
-64.0537
-64.0269
-64.0024
-63.98
-63.9594
-63.9406
-63.9233
-63.9075
-63.893
-63.8797
-63.8675
-63.8563
-63.8461
-63.8368
-63.8283
-63.8206
-63.8135
-63.8071
-63.8013
-63.796
-63.7912
-63.7869
-63.7831
-63.7797
-63.7767
-63.774
-63.7717
-63.7696
-63.7679
-63.7665
-63.7653
-63.7644
-63.7637
-63.7632
-63.7629
-63.7628
-63.7629
-63.7632
-63.7636
-63.7642
-63.765
-63.7659
-63.7669
-63.768
-63.7693
-63.7707
-63.7722
-63.7737
-63.7754
-63.7772
-63.7791
-63.7811
-63.7308
-63.664
-63.0947
-62.38
-61.8749
-61.3651
-60.9039
-60.557
-60.2896
-60.0111
-59.7594
-59.543
-59.2825
-59.0564
-58.8932
-58.6249
-57.0633
-55.3525
-54.1163
-53.2327
-52.5685
-51.994
-51.5349
-51.1166
-50.762
-50.417
-50.0771
-49.799
-49.5663
-49.3693
-49.198
-49.0476
-48.784
-48.2733
-47.8286
-47.3169
-46.7504
-46.1397
-45.4139
-44.4213
-42.8881
-39.617
-17.6264
33.2135
-14.5377
-47.6584
-61.5808
-64.8862
-65.5236
-65.5139
-65.317
-65.0716
-64.7975
-64.5218
-64.2396
-63.9805
-63.7374
-63.5381
-63.3701
-63.2282
-63.1069
-62.9667
-62.8364
-62.731
-62.6452
-62.5749
-62.5168
-62.4691
-62.4304
-62.3995
-62.3754
-62.3573
-62.3445
-62.3362
-62.3321
-62.3315
-62.334
-62.3393
-62.347
-62.3569
-62.3687
-62.3463
-62.1599
-61.9803
-61.8035
-61.6241
-61.4991
-61.4071
-61.341
-61.2931
-61.2596
-61.2383
-61.227
-61.2242
-61.2198
-61.0757
-60.8577
-60.4851
-60.0472
-59.5197
-59.0434
-58.5018
-57.9244
-57.3777
-56.7629
-56.0251
-55.2937
-54.5239
-53.6095
-52.7638
-52.0467
-51.4927
-50.9726
-50.5572
-50.1575
-49.8257

