-70
-70.0758
-70.1508
-70.225
-70.2983
-70.3706
-70.4419
-70.5122
-70.5814
-70.6496
-70.7168
-70.7829
-70.848
-70.9121
-70.9752
-71.0373
-71.0984
-71.1586
-71.2178
-71.2761
-71.3334
-71.3899
-71.4455
-71.5003
-71.5543
-71.6074
-71.6598
-71.7114
-71.7623
-71.8124
-71.8619
-71.9106
-71.9587
-72.006
-72.0527
-72.0988
-72.1442
-72.1889
-72.2331
-72.2766
-72.3196
-72.362
-72.4038
-72.445
-72.4857
-72.5258
-72.5654
-72.6045
-72.6431
-72.6812
-72.7188
-72.756
-72.7927
-72.8289
-72.8647
-72.9
-72.9349
-72.9694
-73.0035
-73.0371
-73.0704
-73.1032
-73.1357
-73.1678
-73.1994
-73.2307
-73.2617
-73.2922
-73.3224
-73.3523
-73.3817
-73.4109
-73.4397
-73.4682
-73.4963
-73.5241
-73.5516
-73.5788
-73.6057
-73.6323
-73.6585
-73.6845
-73.7102
-73.7356
-73.7608
-73.7857
-73.8103
-73.8346
-73.8587
-73.8825
-73.9061
-73.9294
-73.9524
-73.9753
-73.9979
-74.0202
-74.0423
-74.0642
-74.0859
-74.1073
-74.1285
-74.1495
-74.1703
-74.1909
-74.2112
-74.2313
-74.2513
-74.271
-74.2905
-74.3098
-74.329
-74.3479
-74.3666
-74.3852
-74.4036
-74.4217
-74.4397
-74.4575
-74.4752
-74.4926
-74.5099
-74.527
-74.544
-74.5607
-74.5774
-74.5938
-74.6101
-74.6262
-74.6422
-74.658
-74.6736
-74.6891
-74.7045
-74.7197
-74.7347
-74.7496
-74.7644
-74.779
-74.7935
-74.8079
-74.8221
-74.8362
-74.8501
-74.864
-74.8777
-74.8913
-74.9047
-74.918
-74.9313
-74.9443
-74.9573
-74.9701
-74.9829
-74.9955
-75.008
-75.0204
-75.0327
-75.0448
-75.0569
-75.0688
-75.0806
-75.0924
-75.104
-75.1155
-75.1269
-75.1382
-75.1495
-75.1606
-75.1716
-75.1825
-75.1933
-75.204
-75.2147
-75.2252
-75.2356
-75.246
-75.2562
-75.2664
-75.2764
-75.2864
-75.2963
-75.3061
-75.3158
-75.3255
-75.335
-75.3445
-75.3538
-75.3631
-75.3724
-75.3815
-75.3906
-75.3995
-75.4084
-75.4172
-75.426
-75.4346
-75.4432
-75.4518
-75.4602
-75.4686
-75.4769
-75.4851
-75.4932
-75.5013
-75.5093
-75.5173
-75.5251
-75.533
-75.5407
-75.5484
-75.556
-75.5635
-75.571
-75.5784
-75.5858
-75.593
-75.6003
-75.6074
-75.6145
-75.6216
-75.6285
-75.6355
-75.6423
-75.6491
-75.6559
-75.6626
-75.6692
-75.6758
-75.6823
-75.6888
-75.6952
-75.7015
-75.7078
-75.7141
-75.7203
-75.7264
-75.7325
-75.7386
-75.7446
-75.7505
-75.7564
-75.7622
-75.768
-75.7738
-75.7795
-75.7851
-75.7907
-75.7963
-75.8018
-75.8072
-75.8127
-75.818
-75.8234
-75.8287
-75.8339
-75.8391
-75.8443
-75.8494
-75.8545
-75.8595
-75.8645
-75.8695
-75.8744
-75.8793
-75.8841
-75.8889
-75.8937
-75.8984
-75.9031
-75.9077
-75.9123
-75.9169
-75.9214
-75.9259
-75.9304
-75.9348
-75.9392
-75.9436
-75.9479
-75.9522
-75.9565
-75.9607
-75.9649
-75.969
-75.9731
-75.9772
-75.9813
-75.9853
-75.9893
-75.9933
-75.9972
-76.0011
-76.005
-76.0088
-76.0126
-76.0164
-76.0201
-76.0239
-76.0275
-76.0312
-76.0348
-76.0384
-76.042
-76.0456
-76.0491
-76.0526
-76.056
-76.0595
-76.0629
-76.0663
-76.0696
-76.0729
-76.0762
-76.0795
-76.0828
-76.086
-76.0892
-76.0924
-76.0955
-76.0986
-76.1017
-76.1048
-76.1079
-76.1109
-76.1139
-76.1169
-76.1198
-76.1228
-76.1257
-76.1286
-76.1314
-76.1343
-76.1371
-76.1399
-76.1427
-76.1455
-76.1482
-76.1509
-76.1536
-76.1563
-76.1589
-76.1615
-76.1642
-76.1667
-76.1693
-76.1719
-76.1744
-76.1769
-76.1794
-76.1819
-76.1843
-76.1868
-76.1892
-76.1916
-76.1939
-76.1963
-76.1986
-76.201
-76.2033
-76.2056
-76.2078
-76.2101
-76.2123
-76.2145
-76.2167
-76.2189
-76.2211
-76.2232
-76.2254
-76.2275
-76.2296
-76.2317
-76.2337
-76.2358
-76.2378
-76.2398
-76.2418
-76.2438
-76.2458
-76.2478
-76.2497
-76.2516
-76.2536
-76.2554
-76.2573
-76.2592
-76.2611
-76.2629
-76.2647
-76.2665
-76.2683
-76.2701
-76.2719
-76.2737
-76.2754
-76.2771
-76.2788
-76.2806
-76.2822
-76.2839
-76.2856
-76.2872
-76.2889
-76.2905
-76.2921
-76.2937
-76.2953
-76.2969
-76.2985
-76.3
-76.3016
-76.3031
-76.3046
-76.3061
-76.3076
-76.3091
-76.3106
-76.312
-76.3135
-76.3149
-76.3164
-76.3178
-76.3192
-76.3206
-76.322
-76.3233
-76.3247
-76.3261
-76.3274
-76.3287
-76.33
-76.3314
-76.3327
-76.334
-76.3352
-76.3365
-76.3378
-76.339
-76.3403
-76.3415
-76.3427
-76.3439
-76.3452
-76.3464
-76.3475
-76.3487
-76.3499
-76.351
-76.3522
-76.3533
-76.3545
-76.3556
-76.3567
-76.3578
-76.3589
-76.36
-76.3611
-76.3622
-76.3632
-76.3643
-76.3654
-76.3664
-76.3674
-76.3685
-76.3695
-76.3705
-76.3715
-76.3725
-76.3735
-76.3745
-76.3754
-76.3764
-76.3774
-76.3783
-76.3793
-76.3802
-76.3811
-76.382
-76.383
-76.3839
-76.3848
-76.3857
-76.3866
-76.3874
-76.3883
-76.3892
-76.39
-76.3909
-76.3917
-76.3926
-76.3934
-76.3943
-76.3951
-76.3959
-76.3967
-76.3975
-76.3983
-76.3991
-76.3999
-76.4007
-76.4014
-76.4022
-76.403
-76.4037
-76.4045
-76.4052
-76.406
-76.4067
-76.4074
-76.4082
-76.4089
-76.4096
-76.4103
-76.411
-76.4117
-76.4124
-76.4131
-76.4137
-76.4144
-76.4151
-76.4158
-76.4164
-76.4171
-76.4177
-76.4184
-76.419
-76.4196
-76.4203
-76.4209
-76.4215
-76.4221
-76.4227
-76.4234
-76.424
-76.4246
-76.4251
-76.4257
-76.4263
-76.4269
-76.4275
-76.428
-76.4286
-76.4292
-76.4297
-76.4303
-76.4308
-76.4314
-76.4319
-76.4325
-76.433
-76.3906
-76.3122
-76.2549
-76.1976
-76.1524
-76.1221
-76.1014
-76.0871
-76.077
-76.0699
-76.0648
-76.0613
-76.059
-76.0576
-76.0568
-76.0567
-76.0569
-76.0576
-76.0585
-76.0597
-76.0612
-76.0628
-76.0646
-76.0665
-76.0686
-76.0708
-76.0731
-76.0754
-76.0778
-76.0803
-76.0829
-76.0855
-76.0881
-76.0908
-76.0935
-76.0962
-76.0989
-76.1017
-76.1045
-76.1073
-76.1101
-76.1128
-76.1156
-76.1184
-76.1212
-76.124
-76.1268
-76.1295
-76.1323
-76.1351
-76.1378
-76.1405
-76.1432
-76.1459
-76.1486
-76.1513
-76.1539
-76.1565
-76.1592
-76.1602
-76.1469
-76.1342
-76.1246
-76.1173
-76.1118
-76.1077
-76.1047
-76.1027
-76.1013
-76.0946
-76.0764
-76.0555
-76.0393
-76.0274
-76.0207
-76.0172
-76.0156
-76.0149
-76.0149
-76.0153
-76.016
-76.017
-76.0181
-76.0194
-76.0209
-76.0224
-76.0241
-76.0259
-76.0278
-76.0298
-76.0319
-76.034
-76.0363
-76.0386
-76.041
-76.0434
-76.0459
-76.0485
-76.0511
-76.0538
-76.0565
-76.0593
-76.0621
-76.0649
-76.0677
-76.0706
-76.0735
-76.0764
-76.0793
-76.0822
-76.0852
-76.0881
-76.091
-76.094
-76.0969
-76.0998
-76.1028
-76.1057
-76.1086
-76.1115
-76.1144
-76.1173
-76.1202
-76.123
-76.1259
-76.1287
-76.1315
-76.1343
-76.1371
-76.1398
-76.1426
-76.1453
-76.148
-76.1507
-76.1534
-76.156
-76.1587
-76.1613
-76.1639
-76.1665
-76.169
-76.1716
-76.1741
-76.1766
-76.1791
-76.1816
-76.184
-76.1864
-76.1889
-76.1912
-76.1936
-76.196
-76.1983
-76.2006
-76.203
-76.2052
-76.2075
-76.2098
-76.212
-76.2142
-76.2164
-76.2186
-76.2208
-76.2229
-76.2251
-76.2272
-76.2293
-76.2314
-76.2334
-76.2355
-76.2375
-76.2395
-76.2416
-76.2435
-76.2455
-76.2475
-76.2494
-76.2514
-76.2533
-76.2552
-76.2571
-76.2482
-76.2258
-76.2074
-76.193
-76.1714
-76.1332
-76.106
-76.0877
-76.0752
-76.0665
-76.0604
-76.0563
-76.0535
-76.0517
-76.0507
-76.0503
-76.0505
-76.051
-76.0519
-76.053
-76.0544
-76.0559
-76.0577
-76.0596
-76.0616
-76.0637
-76.066
-76.0683
-76.0707
-76.0732
-76.0757
-76.0783
-76.081
-76.0836
-76.0863
-76.0891
-76.0918
-76.0946
-76.0974
-76.1002
-76.103
-76.1058
-76.1087
-76.1115
-76.1143
-76.1171
-76.1199
-76.1228
-76.1256
-76.1283
-76.1311
-76.1339
-76.1366
-76.1394
-76.1421
-76.1448
-76.1475
-76.1502
-76.1528
-76.1555
-76.1581
-76.1607
-76.1633
-76.1659
-76.1684
-76.171
-76.1735
-76.176
-76.1755
-76.1605
-76.147
-76.1367
-76.1288
-76.1228
-76.1183
-76.1149
-76.1125
-76.1109
-76.1099
-76.1013
-76.0913
-76.0809
-76.0681
-76.059
-76.0529
-76.0487
-76.046
-76.0443
-76.0405
-76.034
-76.0292
-76.0263
-76.0248
-76.0241
-76.024
-76.0244
-76.0251
-76.0261
-76.0273
-76.0287
-76.0303
-76.032
-76.0339
-76.0358
-76.0379
-76.0401
-76.0423
-76.0447
-76.0471
-76.0496
-76.0521
-76.0547
-76.0574
-76.0601
-76.0628
-76.0656
-76.0684
-76.0712
-76.0741
-76.0769
-76.0798
-76.0827
-76.0856
-76.0886
-76.0915
-76.0944
-76.0973
-76.1002
-76.1032
-76.1061
-76.109
-76.1119
-76.1148
-76.1176
-76.1205
-76.1233
-76.1262
-76.129
-76.1318
-76.1346
-76.1374
-76.1401
-76.1429
-76.1456
-76.1483
-76.151
-76.1537
-76.1563
-76.1589
-76.1615
-76.1641
-76.1667
-76.1693
-76.1718
-76.1743
-76.1768
-76.1793
-76.1818
-76.1842
-76.1867
-76.1891
-76.1915
-76.1939
-76.1962
-76.1985
-76.2009
-76.2032
-76.2055
-76.2077
-76.21
-76.2122
-76.2144
-76.2166
-76.2188
-76.221
-76.2231
-76.2253
-76.2274
-76.2295
-76.2316
-76.2336
-76.2357
-76.2377
-76.2397
-76.2417
-76.2437
-76.2457
-76.2477
-76.2496
-76.2515
-76.2535
-76.2554
-76.2572
-76.2591
-76.2446
-76.2216
-76.2032
-76.189
-76.1778
-76.169
-76.1622
-76.1569
-76.1528
-76.1497
-76.1451
-76.1304
-76.1179
-76.1085
-76.0964
-76.0829
-76.0731
-76.0663
-76.0615
-76.0582
-76.056
-76.0547
-76.0541
-76.054
-76.0543
-76.055
-76.056
-76.0573
-76.0587
-76.0604
-76.0622
-76.0642
-76.0663
-76.0685
-76.0708
-76.0731
-76.0756
-76.0781
-76.0806
-76.0832
-76.0859
-76.0886
-76.0913
-76.094
-76.0968
-76.0995
-76.1023
-76.1051
-76.1079
-76.1107
-76.1135
-76.1163
-76.1191
-76.1219
-76.1247
-76.1275
-76.1303
-76.133
-76.1358
-76.1385
-76.1413
-76.144
-76.1467
-76.1493
-76.152
-76.1547
-76.1573
-76.1599
-76.1625
-76.1651
-76.1676
-76.1702
-76.1727
-76.1752
-76.1777

