-70
-69.8623
-69.7285
-69.5983
-69.4718
-69.3487
-69.2291
-69.1128
-68.9997
-68.8897
-68.7828
-68.6789
-68.5778
-68.4795
-68.3839
-68.291
-68.2007
-68.1128
-68.0274
-67.9443
-67.8636
-67.7851
-67.7087
-67.6345
-67.5623
-67.4921
-67.4238
-67.3574
-67.2929
-67.2301
-67.1691
-67.1098
-67.0521
-66.996
-66.9414
-66.8884
-66.8368
-66.7866
-66.7378
-66.6904
-66.6443
-66.5994
-66.5558
-66.5133
-66.4721
-66.432
-66.393
-66.355
-66.3181
-66.2823
-66.2474
-66.2134
-66.1805
-66.1484
-66.1172
-66.0868
-66.0573
-66.0286
-66.0007
-65.9736
-65.9472
-65.9215
-65.8966
-65.8723
-65.8487
-65.8257
-65.8034
-65.7817
-65.7606
-65.74
-65.72
-65.7006
-65.6817
-65.6633
-65.6455
-65.6281
-65.6112
-65.5948
-65.5788
-65.5632
-65.5481
-65.5334
-65.5191
-65.5052
-65.4917
-65.4785
-65.4657
-65.4533
-65.4412
-65.4294
-65.418
-65.4068
-65.396
-65.3855
-65.3752
-65.3653
-65.3556
-65.3462
-65.337
-65.3281
-65.3194
-65.311
-65.3028
-65.2948
-65.2871
-65.2795
-65.2722
-65.2651
-65.2581
-65.2514
-65.2448
-65.2385
-65.2322
-65.2262
-65.2203
-65.2146
-65.2091
-65.2037
-65.1984
-65.1933
-65.1884
-65.1835
-65.1788
-65.1743
-65.1698
-65.1655
-65.1613
-65.1572
-65.1532
-65.1493
-65.1456
-65.1419
-65.1384
-65.1349
-65.1315
-65.1283
-65.1251
-65.122
-65.119
-65.1161
-65.1132
-65.1104
-65.1077
-65.1051
-65.1026
-65.1001
-65.0977
-65.0953
-65.0931
-65.0908
-65.0887
-65.0866
-65.0845
-65.0826
-65.0806
-65.0788
-65.0769
-65.0752
-65.0734
-65.0718
-65.0701
-65.0685
-65.067
-65.0655
-65.064
-65.0626
-65.0612
-65.0599
-65.0586
-65.0573
-65.0561
-65.0549
-65.0537
-65.0526
-65.0514
-65.0504
-65.0493
-65.0483
-65.0473
-65.0464
-65.0454
-65.0445
-65.0436
-65.0428
-65.0419
-65.0411
-65.0403
-65.0395
-65.0388
-65.0381
-65.0374
-65.0367
-65.036
-65.0353
-65.0347
-65.0341
-65.0335
-65.0329
-65.0323
-65.0318
-65.0313
-65.0307
-65.0302
-65.0297
-65.0293
-65.0288
-65.0283
-65.0279
-65.0275
-65.027
-65.0266
-65.0262
-65.0259
-65.0255
-65.0251
-65.0248
-65.0244
-65.0241
-65.0238
-65.0234
-65.0231
-65.0228
-65.0225
-65.0223
-65.022
-65.0217
-65.0215
-65.0212
-65.021
-65.0207
-65.0205
-65.0203
-65.02
-65.0198
-65.0196
-65.0194
-65.0192
-65.019
-65.0188
-65.0187
-65.0185
-65.0183
-65.0181
-65.018
-65.0178
-65.0177
-65.0175
-65.0174
-65.0172
-65.0171
-65.017
-65.0168
-65.0167
-65.0166
-65.0165
-65.0163
-65.0162
-65.0161
-65.016
-65.0159
-65.0158
-65.0157
-65.0156
-65.0155
-65.0154
-65.0153
-65.0153
-65.0152
-65.0151
-65.015
-65.0149
-65.0149
-65.0148
-65.0147
-65.0147
-65.0146
-65.0145
-65.0145
-65.0144
-65.0143
-65.0143
-65.0142
-65.0142
-65.0141
-65.0141
-65.014
-65.014
-65.0139
-65.0139
-65.0138
-65.0138
-65.0137
-65.0137
-65.0137
-65.0136
-65.0136
-65.0135
-65.0135
-65.0135
-65.0134
-65.0134
-65.0134
-65.0133
-65.0133
-65.0133
-65.0133
-65.0132
-65.0132
-65.0132
-65.0131
-65.0131
-65.0131
-65.0131
-65.0131
-65.013
-65.013
-65.013
-65.013
-65.0129
-65.0129
-65.0129
-65.0129
-65.0129
-65.0129
-65.0128
-65.0128
-65.0128
-65.0128
-65.0128
-65.0128
-65.0127
-65.0127
-65.0127
-65.0127
-65.0127
-65.0127
-65.0127
-65.0127
-65.0126
-65.0126
-65.0126
-65.0126
-65.0126
-65.0126
-65.0126
-65.0126
-65.0126
-65.0126
-65.0125
-65.0125
-65.0125
-65.0125
-65.0125
-65.0125
-65.0125
-65.0125
-65.0125
-65.0125
-65.0125
-65.0125
-65.0125
-65.0124
-65.0124
-65.0124
-65.0124
-65.0124
-65.0124
-65.0124
-65.0124
-65.0124
-65.0124
-65.0124
-65.0124
-65.0124
-65.0124
-65.0124
-65.0124
-65.0124
-65.0124
-65.0124
-65.0124
-65.0124
-65.0124
-65.0124
-65.0123
-65.0123
-65.0123
-65.0123
-65.0123
-65.0123
-65.0123
-65.0123
-65.0123
-65.0123
-65.0123
-65.0123
-65.0123
-65.0123
-65.0123
-65.0123
-65.0123
-65.0123
-65.0123
-65.0123
-65.0123
-65.0123
-65.0123
-65.0123
-65.0123
-65.0123
-65.0123
-65.0123
-65.0123
-65.0123
-65.0123
-65.0123
-65.0123
-65.0123
-65.0123
-65.0123
-65.0123
-65.0123
-65.0123
-65.0123
-65.0123
-65.0123
-65.0123
-65.0123
-65.0123
-65.0123
-65.0123
-65.0123
-65.0123
-65.0123
-65.0123
-65.0123
-65.0123
-65.0123
-65.0123
-65.0123
-65.0123
-65.0123
-65.0123
-65.0123
-65.0123
-65.0123
-65.0123
-65.0123
-65.0123
-65.0123
-65.0123
-65.0123
-65.0123
-65.0123
-65.0123
-65.0123
-65.0123
-65.0123
-64.7657
-64.5631
-64.4124
-64.305
-64.2215
-64.1548
-64.1013
-64.0585
-64.0247
-63.9986
-63.9789
-63.9648
-63.9553
-63.9499
-63.9479
-63.9489
-63.9525
-63.9582
-63.9658
-63.975
-63.9855
-63.9972
-64.0098
-64.0233
-64.0374
-64.052
-64.0671
-64.0826
-64.0983
-64.1142
-64.1302
-64.1463
-64.1624
-64.1784
-64.0134
-63.5939
-63.3163
-63.1112
-62.9658
-62.8535
-62.7661
-62.6988
-62.6481
-62.6113
-62.5862
-62.571
-62.5642
-62.5647
-62.5712
-62.5829
-62.5991
-62.6191
-62.6423
-62.2124
-61.9139
-61.5969
-60.5204
-59.7494
-58.8956
-58.0273
-57.2943
-55.9182
-54.7675
-53.5275
-52.5989
-51.7589
-51.1153
-50.5879
-49.8497
-49.0695
-48.3496
-47.3186
-46.3685
-45.1908
-43.7216
-41.3876
-34.5433
40.821
7.64119
-27.5377
-51.3269
-58.1583
-59.6251
-59.7294
-59.5132
-59.0457
-58.6266
-58.2688
-57.9774
-57.738
-57.5437
-57.3886
-57.2676
-57.1761
-57.1103
-57.0203
-56.9589
-56.8281
-56.7473
-56.6994
-56.6801
-56.6802
-56.6961
-56.6835
-56.6832
-56.6601
-56.6164
-56.5061
-56.3978
-56.2937
-56.1914
-56.0774
-56.0157
-55.9892
-55.9738
-55.9114
-55.8883
-55.892
-55.9191
-55.9164
-55.8663
-55.8003
-55.7704
-55.7313
-55.6841
-55.6331
-55.5902
-55.3977
-55.0351
-54.6325
-54.2467
-53.9011
-53.5622
-53.2425
-52.7701
-52.2179
-51.5562
-50.8433
-50.18
-49.5685
-48.6812
-47.7206
-46.5678
-45.2188
-43.4873
-40.8303
-32.3802
41.6865
2.30226
-31.8114
-53.9707
-59.8259
-60.9919
-60.9475
-60.5831
-60.1412
-59.717
-59.3187
-58.9865
-58.7104
-58.4845
-58.3013
-58.1547
-58.04
-57.9526
-57.8888
-57.8455
-57.82
-57.8098
-57.8131
-57.8281
-57.8532
-57.8873
-57.929
-57.9776
-58.032
-58.0916
-58.1556
-58.2234
-58.2945
-58.3682
-58.4443
-58.5222
-58.6017
-58.6823
-58.7639
-58.8461
-58.9288
-59.0117
-59.0947
-59.1776
-59.2602
-59.3424
-59.4241
-59.5052
-59.5857
-59.6653
-59.7441
-59.822
-59.899
-59.9749
-60.0498
-60.1236
-60.1963
-60.2679
-60.3384
-60.4077
-60.4759
-60.5429
-60.6087
-60.6734
-60.737
-60.7993
-60.8606
-60.9206
-60.9796
-61.0374
-61.0941
-61.1497
-61.2042
-61.2576
-61.31
-61.3613
-61.4117
-61.4083
-61.1768
-61.0356
-60.9389
-60.8812
-60.7933
-60.4141
-60.1377
-59.9384
-59.803
-59.6676
-59.309
-58.8188
-58.4081
-58.0672
-57.4342
-56.2749
-54.6566
-53.3852
-52.0104
-50.8873
-50.0079
-49.189
-48.4594
-47.5505
-46.6208
-45.6628
-44.5248
-42.8932
-39.554
-16.2896
33.8033
-12.1642
-43.8976
-58.9089
-62.3285
-62.6396
-62.3605
-61.9272
-61.5108
-61.0734
-60.6798
-60.3143
-60.0152
-59.739
-59.3679
-58.9843
-58.5868
-58.2958
-58.0621
-57.7851
-57.485
-57.2145
-56.9141
-56.6675
-56.4019
-56.1782
-55.9907
-55.8484
-55.7534
-55.6941
-55.5634
-55.4082
-55.315
-55.2648
-55.248
-55.2546
-55.2803
-55.322
-55.3773
-55.4443
-55.4941
-55.548
-55.6175
-55.6992
-55.7902
-55.8881
-55.9555
-55.9493
-55.9454
-55.9492
-55.9297
-55.7197
-55.5237
-55.1768
-54.7572
-54.3229
-53.9792
-53.6279
-53.2873
-53.0129
-52.6281
-52.2877
-51.9932
-51.7194
-51.371
-50.8953
-50.3878
-49.7228
-48.9328
-48.1917
-47.3243
-46.3177
-44.9712
-43.353
-40.6813
-31.2852
41.6458
-1.07626
-35.8379
-57.2454
-62.612
-63.5981
-63.4414
-62.9825
-62.3405
-61.693
-61.1405
-60.6124
-60.1434
-59.7456
-59.3748
-59.0387
-58.7626
-58.5201
-58.3143
-58.1573
-58.038
-57.9498
-57.8869
-57.8454
-57.8224
-57.8153
-57.822
-57.8407
-57.8698
-57.9079
-57.9539
-58.0067
-58.0654
-58.1291
-58.1971
-58.2688
-58.3436
-58.421
-58.5006
-58.582
-58.6647
-58.7486
-58.8333
-58.9185
-59.0041
-59.0898
-59.1755
-59.261
-59.3461
-59.4308
-59.5148
-59.5982
-59.6808
-59.7626
-59.8435
-59.9233
-60.0022
-60.0799
-60.1565
-60.232
-60.3063
-60.3794
-60.4514
-60.5221
-60.5916
-60.6599
-60.727
-60.7929
-60.8575
-60.9209
-60.9832
-61.0442
-61.104
-61.1627
-61.2202
-61.2766
-61.3318
-61.3859
-61.439
-61.4909
-61.5418
-61.5917
-61.6405
-61.6883
-61.7352
-61.781
-61.8259
-61.8699
-61.913
-61.9551
-61.9964
-62.0368
-62.0764
-62.0431
-61.9965
-61.9734
-61.9652
-61.4554
-60.5744
-59.9112
-59.1909
-58.6183
-58.1571
-57.7939
-57.3371
-56.9186
-56.5526
-56.1937
-55.8976
-55.683
-55.3245
-53.596
-52.1063
-51.0051
-50.1726
-49.4713
-48.7407
-48.0911
-47.3277
-46.5183
-45.6363
-44.5377
-42.8838
-39.5714
-16.98
33.7179
-12.9819
-45.852
-60.372
-63.4698
-63.5371
-63.0493
-62.475
-61.9171
-61.361
-60.875
-60.4077
-60.0308
-59.701
-59.4206
-59.1482
-58.8015
-58.4266
-58.1077
-57.8309
-57.6273
-57.4506
-57.3104
-57.2091
-57.108
-56.9966
-56.9214
-56.848
-56.8011
-56.7806
-56.782
-56.8003
-56.7996
-56.8056
-56.7935
-56.7984
-56.8247
-56.8678
-56.9228
-56.9872
-57.0592
-57.1022
-57.1104
-57.1354
-57.1804
-57.2404
-57.2841
-57.3244
-57.2826
-57.2787
-57.2208
-57.1927
-57.1954
-57.2195
-57.1929
-57.1252
-57.1025
-57.1092
-57.1387
-57.1828
-57.2385
-57.2638
-57.2414
-57.2548
-57.253
-57.1541
-56.978
-56.6738
-56.217
-55.7311
-55.2222
-54.7029
-54.0455
-53.2381
-52.2052
-51.1947
-50.3997
-49.5884
-48.5236
-47.5114
-46.5296
-45.5309
-44.3347
-42.5744
-38.7554
-2.18746

