-70
-70.0758
-70.1508
-70.225
-70.2983
-70.3706
-70.4419
-70.5122
-70.5814
-70.6496
-70.7168
-70.7829
-70.848
-70.9121
-70.9752
-71.0373
-71.0984
-71.1586
-71.2178
-71.2761
-71.3334
-71.3899
-71.4455
-71.5003
-71.5543
-71.6074
-71.6598
-71.7114
-71.7623
-71.8124
-71.8619
-71.9106
-71.9587
-72.006
-72.0527
-72.0988
-72.1442
-72.1889
-72.2331
-72.2766
-72.3196
-72.362
-72.4038
-72.445
-72.4857
-72.5258
-72.5654
-72.6045
-72.6431
-72.6812
-72.7188
-72.756
-72.7927
-72.8289
-72.8647
-72.9
-72.9349
-72.9694
-73.0035
-73.0371
-73.0704
-73.1032
-73.1357
-73.1678
-73.1994
-73.2307
-73.2617
-73.2922
-73.3224
-73.3523
-73.3817
-73.4109
-73.4397
-73.4682
-73.4963
-73.5241
-73.5516
-73.5788
-73.6057
-73.6323
-73.6585
-73.6845
-73.7102
-73.7356
-73.7608
-73.7857
-73.8103
-73.8346
-73.8587
-73.8825
-73.9061
-73.9294
-73.9524
-73.9753
-73.9979
-74.0202
-74.0423
-74.0642
-74.0859
-74.1073
-74.1285
-74.1495
-74.1703
-74.1909
-74.2112
-74.2313
-74.2513
-74.271
-74.2905
-74.3098
-74.329
-74.3479
-74.3666
-74.3852
-74.4036
-74.4217
-74.4397
-74.4575
-74.4752
-74.4926
-74.5099
-74.527
-74.544
-74.5607
-74.5774
-74.5938
-74.6101
-74.6262
-74.6422
-74.658
-74.6736
-74.6891
-74.7045
-74.7197
-74.7347
-74.7496
-74.7644
-74.779
-74.7935
-74.8079
-74.8221
-74.8362
-74.8501
-74.864
-74.8777
-74.8913
-74.9047
-74.918
-74.9313
-74.9443
-74.9573
-74.9701
-74.9829
-74.9955
-75.008
-75.0204
-75.0327
-75.0448
-75.0569
-75.0688
-75.0806
-75.0924
-75.104
-75.1155
-75.1269
-75.1382
-75.1495
-75.1606
-75.1716
-75.1825
-75.1933
-75.204
-75.2147
-75.2252
-75.2356
-75.246
-75.2562
-75.2664
-75.2764
-75.2864
-75.2963
-75.3061
-75.3158
-75.3255
-75.335
-75.3445
-75.3538
-75.3631
-75.3724
-75.3815
-75.3906
-75.3995
-75.4084
-75.4172
-75.426
-75.4346
-75.4432
-75.4518
-75.4602
-75.4686
-75.4769
-75.4851
-75.4932
-75.5013
-75.5093
-75.5173
-75.5251
-75.533
-75.5407
-75.5484
-75.556
-75.5635
-75.571
-75.5784
-75.5858
-75.593
-75.6003
-75.6074
-75.6145
-75.6216
-75.6285
-75.6355
-75.6423
-75.6491
-75.6559
-75.6626
-75.6692
-75.6758
-75.6823
-75.6888
-75.6952
-75.7015
-75.7078
-75.7141
-75.7203
-75.7264
-75.7325
-75.7386
-75.7446
-75.7505
-75.7564
-75.7622
-75.768
-75.7738
-75.7795
-75.7851
-75.7907
-75.7963
-75.8018
-75.8072
-75.8127
-75.818
-75.8234
-75.8287
-75.8339
-75.8391
-75.8443
-75.8494
-75.8545
-75.8595
-75.8645
-75.8695
-75.8744
-75.8793
-75.8841
-75.8889
-75.8937
-75.8984
-75.9031
-75.9077
-75.9123
-75.9169
-75.9214
-75.9259
-75.9304
-75.9348
-75.9392
-75.9436
-75.9479
-75.9522
-75.9565
-75.9607
-75.9649
-75.969
-75.9731
-75.9772
-75.9813
-75.9853
-75.9893
-75.9933
-75.9972
-76.0011
-76.005
-76.0088
-76.0126
-76.0164
-76.0201
-76.0239
-76.0275
-76.0312
-76.0348
-76.0384
-76.042
-76.0456
-76.0491
-76.0526
-76.056
-76.0595
-76.0629
-76.0663
-76.0696
-76.0729
-76.0762
-76.0795
-76.0828
-76.086
-76.0892
-76.0924
-76.0955
-76.0986
-76.1017
-76.1048
-76.1079
-76.1109
-76.1139
-76.1169
-76.1198
-76.1228
-76.1257
-76.1286
-76.1314
-76.1343
-76.1371
-76.1399
-76.1427
-76.1455
-76.1482
-76.1509
-76.1536
-76.1563
-76.1589
-76.1615
-76.1642
-76.1667
-76.1693
-76.1719
-76.1744
-76.1769
-76.1794
-76.1819
-76.1843
-76.1868
-76.1892
-76.1916
-76.1939
-76.1963
-76.1986
-76.201
-76.2033
-76.2056
-76.2078
-76.2101
-76.2123
-76.2145
-76.2167
-76.2189
-76.2211
-76.2232
-76.2254
-76.2275
-76.2296
-76.2317
-76.2337
-76.2358
-76.2378
-76.2398
-76.2418
-76.2438
-76.2458
-76.2478
-76.2497
-76.2516
-76.2536
-76.2554
-76.2573
-76.2592
-76.2611
-76.2629
-76.2647
-76.2665
-76.2683
-76.2701
-76.2719
-76.2737
-76.2754
-76.2771
-76.2788
-76.2806
-76.2822
-76.2839
-76.2856
-76.2872
-76.2889
-76.2905
-76.2921
-76.2937
-76.2953
-76.2969
-76.2985
-76.3
-76.3016
-76.3031
-76.3046
-76.3061
-76.3076
-76.3091
-76.3106
-76.312
-76.3135
-76.3149
-76.3164
-76.3178
-76.3192
-76.3206
-76.322
-76.3233
-76.3247
-76.3261
-76.3274
-76.3287
-76.33
-76.3314
-76.3327
-76.334
-76.3352
-76.3365
-76.3378
-76.339
-76.3403
-76.3415
-76.3427
-76.3439
-76.3452
-76.3464
-76.3475
-76.3487
-76.3499
-76.351
-76.3522
-76.3533
-76.3545
-76.3556
-76.3567
-76.3578
-76.3589
-76.36
-76.3611
-76.3622
-76.3632
-76.3643
-76.3654
-76.3664
-76.3674
-76.3685
-76.3695
-76.3705
-76.3715
-76.3725
-76.3735
-76.3745
-76.3754
-76.3764
-76.3774
-76.3783
-76.3793
-76.3802
-76.3811
-76.382
-76.383
-76.3839
-76.3848
-76.3857
-76.3866
-76.3874
-76.3883
-76.3892
-76.39
-76.3909
-76.3917
-76.3926
-76.3934
-76.3943
-76.3951
-76.3959
-76.3967
-76.3975
-76.3983
-76.3991
-76.3999
-76.4007
-76.4014
-76.4022
-76.403
-76.4037
-76.4045
-76.4052
-76.406
-76.4067
-76.4074
-76.4082
-76.4089
-76.4096
-76.4103
-76.411
-76.4117
-76.4124
-76.4131
-76.4137
-76.4144
-76.4151
-76.4158
-76.4164
-76.4171
-76.4177
-76.4184
-76.419
-76.4196
-76.4203
-76.4209
-76.4215
-76.4221
-76.4227
-76.4234
-76.424
-76.4246
-76.4251
-76.4257
-76.4263
-76.4269
-76.4275
-76.3954
-76.348
-76.2835
-76.2344
-76.1991
-76.1733
-76.1542
-76.1399
-76.129
-76.1208
-76.1146
-76.1099
-76.1065
-76.104
-76.1024
-76.1014
-76.1009
-76.1009
-76.1013
-76.102
-76.103
-76.1042
-76.1056
-76.1072
-76.1089
-76.1108
-76.1128
-76.1149
-76.117
-76.1192
-76.1215
-76.1239
-76.1263
-76.1287
-76.1312
-76.1336
-76.1361
-76.1387
-76.1412
-76.1437
-76.1463
-76.1488
-76.1514
-76.1539
-76.1564
-76.159
-76.1615
-76.164
-76.1665
-76.169
-76.1715
-76.174
-76.1765
-76.1789
-76.1814
-76.1838
-76.172
-76.1562
-76.1438
-76.1344
-76.1272
-76.1217
-76.1175
-76.1145
-76.1124
-76.1109
-76.1101
-76.1098
-76.1099
-76.0975
-76.0664
-76.0434
-76.0292
-76.0218
-76.0179
-76.0156
-76.0135
-76.0126
-76.0116
-76.011
-76.011
-76.0114
-76.0121
-76.013
-76.0141
-76.0153
-76.0166
-76.018
-76.0195
-76.0212
-76.0229
-76.0247
-76.0266
-76.0286
-76.0307
-76.0329
-76.0351
-76.0374
-76.0398
-76.0422
-76.0448
-76.0473
-76.0499
-76.0526
-76.0553
-76.0581
-76.0608
-76.0637
-76.0665
-76.0694
-76.0723
-76.0752
-76.0781
-76.081
-76.0839
-76.0869
-76.0898
-76.0928
-76.0957
-76.0986
-76.1016
-76.1045
-76.1074
-76.1103
-76.1132
-76.1161
-76.119
-76.1219
-76.1247
-76.1276
-76.1304
-76.1332
-76.136
-76.1387
-76.1415
-76.1442
-76.1469
-76.1496
-76.1523
-76.155
-76.1576
-76.1602
-76.1628
-76.1654
-76.168
-76.1706
-76.1731
-76.1756
-76.1781
-76.1806
-76.183
-76.1855
-76.1879
-76.1903
-76.1927
-76.195
-76.1974
-76.1997
-76.202
-76.2043
-76.2066
-76.2089
-76.2111
-76.2133
-76.2155
-76.2177
-76.2199
-76.2221
-76.2242
-76.2263
-76.2284
-76.2305
-76.2326
-76.2347
-76.2367
-76.2387
-76.2407
-76.2427
-76.2323
-76.2116
-76.1811
-76.1528
-76.1322
-76.1172
-76.1061
-76.098
-76.0919
-76.0875
-76.0844
-76.0822
-76.0808
-76.0801
-76.0799
-76.0801
-76.0807
-76.0816
-76.0827
-76.0841
-76.0857
-76.0874
-76.0893
-76.0913
-76.0934
-76.0956
-76.0979
-76.1002
-76.1026
-76.1051
-76.1076
-76.1101
-76.1127
-76.1153
-76.1179
-76.1206
-76.1232
-76.1259
-76.1286
-76.1312
-76.1339
-76.1366
-76.1392
-76.1414
-76.1311
-76.1205
-76.1125
-76.1064
-76.1019
-76.0986
-76.0963
-76.0948
-76.0939
-76.0936
-76.0937
-76.0941
-76.0949
-76.0959
-76.0972
-76.0987
-76.1003
-76.1021
-76.104
-76.1061
-76.1082
-76.1104
-76.1127
-76.115
-76.1174
-76.111
-76.1021
-76.0953
-76.0903
-76.0867
-76.0842
-76.0825
-76.0815
-76.0804
-76.0712
-76.0595
-76.0514
-76.0433
-76.0295
-76.0216
-76.0175
-76.0155
-76.0146
-76.0137
-76.0129
-76.0128
-76.0131
-76.0138
-76.0147
-76.0158
-76.017
-76.0183
-76.0198
-76.0214
-76.0231
-76.0249
-76.0268
-76.0287
-76.0308
-76.033
-76.0352
-76.0375
-76.0399
-76.0423
-76.0448
-76.0474
-76.05
-76.0526
-76.0553
-76.0581
-76.0609
-76.0637
-76.0665
-76.0694
-76.0723
-76.0752
-76.0781
-76.081
-76.0839
-76.0869
-76.0898
-76.0928
-76.0957
-76.0986
-76.1016
-76.1045
-76.1074
-76.1103
-76.1132
-76.1161
-76.119
-76.1219
-76.1247
-76.1275
-76.1304
-76.1332
-76.1359
-76.1387
-76.1415
-76.1442
-76.1469
-76.1496
-76.1523
-76.155
-76.1576
-76.1602
-76.1628
-76.1654
-76.168
-76.1705
-76.1731
-76.1756
-76.1781
-76.1806
-76.183
-76.1854
-76.1879
-76.1903
-76.1927
-76.195
-76.1974
-76.1997
-76.202
-76.2043
-76.2066
-76.2088
-76.2111
-76.2133
-76.2155
-76.2177
-76.2199
-76.222
-76.2242
-76.2263
-76.2284
-76.2305
-76.2326
-76.2346
-76.2367
-76.2387
-76.2407
-76.2427
-76.2447
-76.2467
-76.2486
-76.2506
-76.2525
-76.2544
-76.2563
-76.2582
-76.26
-76.2619
-76.2637
-76.2655
-76.2673
-76.2691
-76.2709
-76.2727
-76.2579
-76.2346
-76.2159
-76.1891
-76.1611
-76.1404
-76.1252
-76.1139
-76.1055
-76.0993
-76.0946
-76.0913
-76.0889
-76.0874
-76.0865
-76.0862
-76.0863
-76.0868
-76.0876
-76.0887
-76.09
-76.0915
-76.0931
-76.095
-76.0969
-76.099
-76.1011
-76.1034
-76.1057
-76.1081
-76.1105
-76.113
-76.1155
-76.118
-76.1206
-76.1231
-76.1179
-76.1084
-76.1011
-76.0957
-76.0917
-76.0889
-76.087
-76.0812
-76.0726
-76.0663
-76.0619
-76.0589
-76.057
-76.0558
-76.0553
-76.0553
-76.0557
-76.0565
-76.0575
-76.0588
-76.0603
-76.062
-76.0639
-76.0659
-76.068
-76.0702
-76.0725
-76.0749
-76.0773
-76.0798
-76.0824
-76.085
-76.0877
-76.0903
-76.0931
-76.0958
-76.0985
-76.1013
-76.1041
-76.1069
-76.1097
-76.1125
-76.1153
-76.1181

