-70
-69.8623
-69.7285
-69.5983
-69.4718
-69.3487
-69.2291
-69.1128
-68.9997
-68.8897
-68.7828
-68.6789
-68.5778
-68.4795
-68.3839
-68.291
-68.2007
-68.1128
-68.0274
-67.9443
-67.8636
-67.7851
-67.7087
-67.6345
-67.5623
-67.4921
-67.4238
-67.3574
-67.2929
-67.2301
-67.1691
-67.1098
-67.0521
-66.996
-66.9414
-66.8884
-66.8368
-66.7866
-66.7378
-66.6904
-66.6443
-66.5994
-66.5558
-66.5133
-66.4721
-66.432
-66.393
-66.355
-66.3181
-66.2823
-66.2474
-66.2134
-66.1805
-66.1484
-66.1172
-66.0868
-66.0573
-66.0286
-66.0007
-65.9736
-65.9472
-65.9215
-65.8966
-65.8723
-65.8487
-65.8257
-65.8034
-65.7817
-65.7606
-65.74
-65.72
-65.7006
-65.6817
-65.6633
-65.6455
-65.6281
-65.6112
-65.5948
-65.5788
-65.5632
-65.5481
-65.5334
-65.5191
-65.5052
-65.4917
-65.4785
-65.4657
-65.4533
-65.4412
-65.4294
-65.418
-65.4068
-65.396
-65.3855
-65.3752
-65.3653
-65.3556
-65.3462
-65.337
-65.3281
-65.3194
-65.311
-65.3028
-65.2948
-65.2871
-65.2795
-65.2722
-65.2651
-65.2581
-65.2514
-65.2448
-65.2385
-65.2322
-65.2262
-65.2203
-65.2146
-65.2091
-65.2037
-65.1984
-65.1933
-65.1884
-65.1835
-65.1788
-65.1743
-65.1698
-65.1655
-65.1613
-65.1572
-65.1532
-65.1493
-65.1456
-65.1419
-65.1384
-65.1349
-65.1315
-65.1283
-65.1251
-65.122
-65.119
-65.1161
-65.1132
-65.1104
-65.1077
-65.1051
-65.1026
-65.1001
-65.0977
-65.0953
-65.0931
-65.0908
-65.0887
-65.0866
-65.0845
-65.0826
-65.0806
-65.0788
-65.0769
-65.0752
-65.0734
-65.0718
-65.0701
-65.0685
-65.067
-65.0655
-65.064
-65.0626
-65.0612
-65.0599
-65.0586
-65.0573
-65.0561
-65.0549
-65.0537
-65.0526
-65.0514
-65.0504
-65.0493
-65.0483
-65.0473
-65.0464
-65.0454
-65.0445
-65.0436
-65.0428
-65.0419
-65.0411
-65.0403
-65.0395
-65.0388
-65.0381
-65.0374
-65.0367
-65.036
-65.0353
-65.0347
-65.0341
-65.0335
-65.0329
-65.0323
-65.0318
-65.0313
-65.0307
-65.0302
-65.0297
-65.0293
-65.0288
-65.0283
-65.0279
-65.0275
-65.027
-65.0266
-65.0262
-65.0259
-65.0255
-65.0251
-65.0248
-65.0244
-65.0241
-65.0238
-65.0234
-65.0231
-65.0228
-65.0225
-65.0223
-65.022
-65.0217
-65.0215
-65.0212
-65.021
-65.0207
-65.0205
-65.0203
-65.02
-65.0198
-65.0196
-65.0194
-65.0192
-65.019
-65.0188
-65.0187
-65.0185
-65.0183
-65.0181
-65.018
-65.0178
-65.0177
-65.0175
-65.0174
-65.0172
-65.0171
-65.017
-65.0168
-65.0167
-65.0166
-65.0165
-65.0163
-65.0162
-65.0161
-65.016
-65.0159
-65.0158
-65.0157
-65.0156
-65.0155
-65.0154
-65.0153
-65.0153
-65.0152
-65.0151
-65.015
-65.0149
-65.0149
-65.0148
-65.0147
-65.0147
-65.0146
-65.0145
-65.0145
-65.0144
-65.0143
-65.0143
-65.0142
-65.0142
-65.0141
-65.0141
-65.014
-65.014
-65.0139
-65.0139
-65.0138
-65.0138
-65.0137
-65.0137
-65.0137
-65.0136
-65.0136
-65.0135
-65.0135
-65.0135
-65.0134
-65.0134
-65.0134
-65.0133
-65.0133
-65.0133
-65.0133
-65.0132
-65.0132
-65.0132
-65.0131
-65.0131
-65.0131
-65.0131
-65.0131
-65.013
-65.013
-65.013
-65.013
-65.0129
-65.0129
-65.0129
-65.0129
-65.0129
-65.0129
-65.0128
-65.0128
-65.0128
-65.0128
-65.0128
-65.0128
-65.0127
-65.0127
-65.0127
-65.0127
-65.0127
-65.0127
-65.0127
-65.0127
-65.0126
-65.0126
-65.0126
-65.0126
-65.0126
-65.0126
-65.0126
-65.0126
-65.0126
-65.0126
-65.0125
-65.0125
-65.0125
-65.0125
-65.0125
-65.0125
-65.0125
-65.0125
-65.0125
-65.0125
-65.0125
-65.0125
-65.0125
-65.0124
-65.0124
-65.0124
-65.0124
-65.0124
-65.0124
-65.0124
-65.0124
-65.0124
-65.0124
-65.0124
-65.0124
-65.0124
-65.0124
-65.0124
-65.0124
-65.0124
-65.0124
-65.0124
-65.0124
-65.0124
-65.0124
-65.0124
-65.0123
-65.0123
-65.0123
-65.0123
-65.0123
-65.0123
-65.0123
-65.0123
-65.0123
-65.0123
-65.0123
-65.0123
-65.0123
-65.0123
-65.0123
-65.0123
-65.0123
-65.0123
-65.0123
-65.0123
-65.0123
-65.0123
-65.0123
-65.0123
-65.0123
-65.0123
-65.0123
-65.0123
-65.0123
-65.0123
-65.0123
-65.0123
-65.0123
-65.0123
-65.0123
-65.0123
-65.0123
-65.0123
-65.0123
-65.0123
-65.0123
-65.0123
-65.0123
-65.0123
-65.0123
-65.0123
-65.0123
-65.0123
-65.0123
-65.0123
-65.0123
-65.0123
-65.0123
-65.0123
-65.0123
-65.0123
-65.0123
-65.0123
-65.0123
-65.0123
-65.0123
-65.0123
-65.0123
-65.0123
-65.0123
-65.0123
-65.0123
-65.0123
-65.0123
-65.0123
-65.0123
-65.0123
-65.0123
-65.0123
-64.7657
-64.5631
-64.4124
-64.305
-64.2215
-64.1548
-64.1013
-64.0585
-64.0247
-63.9986
-63.9789
-63.9648
-63.9553
-63.9499
-63.9479
-63.9489
-63.9525
-63.9582
-63.9658
-63.975
-63.9855
-63.9972
-64.0098
-64.0233
-64.0374
-64.052
-64.0671
-64.0826
-64.0983
-64.1142
-64.1302
-64.1463
-64.1624
-64.1784
-64.1427
-64.0335
-63.9644
-63.9161
-63.8848
-63.863
-63.8483
-63.8392
-63.8349
-63.8344
-63.8372
-63.8427
-63.8505
-63.8603
-63.8717
-63.8844
-63.8982
-63.9129
-63.906
-63.6678
-63.5037
-63.3054
-62.8416
-62.4959
-62.0134
-61.5016
-61.0429
-59.7548
-58.7096
-57.4672
-56.5286
-55.6429
-54.9283
-54.383
-53.8417
-53.1845
-52.4798
-51.7636
-51.2243
-50.7147
-50.2891
-49.937
-49.6167
-49.3293
-49.0751
-48.8441
-48.5958
-48.3642
-48.0974
-47.8121
-47.5093
-47.0929
-46.6541
-46.0925
-45.3881
-44.4318
-42.8942
-39.5682
-15.9962
32.7271
-13.9396
-44.1046
-57.4226
-60.863
-61.8382
-62.1455
-62.212
-62.1493
-62.0474
-61.9496
-61.8641
-61.7922
-61.7331
-61.6403
-61.5599
-61.449
-61.3645
-61.3034
-61.2613
-61.2324
-61.1756
-61.1215
-61.0455
-60.942
-60.8668
-60.8097
-60.6956
-60.5984
-60.5339
-60.494
-60.4681
-60.3851
-60.291
-60.1548
-59.9849
-59.6633
-59.1918
-58.7076
-58.2466
-57.7801
-57.3356
-56.8547
-56.3775
-55.854
-55.2673
-54.5981
-53.855
-53.1423
-52.4194
-51.8064
-51.2523
-50.8076
-50.4363
-50.0686
-49.6953
-49.3157
-48.9745
-48.6782
-48.3737
-48.0161
-47.642
-47.2479
-46.836
-46.3687
-45.8041
-45.0623
-43.9587
-42.0333
-36.8316
31.7863
13.4113
-26.3951
-52.9895
-61.2444
-63.5053
-64.2116
-64.4445
-64.4943
-64.4706
-64.419
-64.3587
-64.2979
-64.2401
-64.1863
-64.137
-64.0919
-64.0509
-64.0135
-63.9796
-63.9486
-63.9205
-63.8949
-63.8717
-63.8505
-63.8313
-63.8138
-63.7979
-63.7836
-63.7705
-63.7587
-63.7481
-63.7384
-63.7298
-63.722
-63.715
-63.7088
-63.7033
-63.6984
-63.6941
-63.6903
-63.687
-63.6842
-63.6818
-63.6798
-63.6782
-63.6769
-63.6759
-63.6752
-63.6748
-63.6746
-63.6747
-63.675
-63.6755
-63.6762
-63.677
-63.678
-63.6792
-63.6806
-63.682
-63.6836
-63.623
-63.4088
-63.2653
-63.1576
-63.0803
-63.0161
-62.8207
-62.6501
-62.5232
-62.4308
-62.3452
-62.1244
-61.6273
-61.2025
-60.8459
-60.4627
-59.7118
-58.1186
-56.9247
-55.6408
-54.6636
-53.924
-53.2854
-52.775
-52.1463
-51.6212
-51.2107
-50.8873
-50.6263
-50.3746
-50.1356
-49.9445
-49.7891
-49.6629
-49.5597
-49.451
-49.1861
-48.9474
-48.7241
-48.529
-48.3137
-48.0142
-47.6849
-47.3515
-47.0065
-46.6165
-46.017
-45.2624
-44.2039
-42.5068
-38.5692
2.9724
24.5782
-20.3751
-50.5314
-61.3243
-64.1404
-64.9019
-65.0803
-65.0509
-64.9476
-64.7638
-64.5694
-64.4023
-64.259
-64.1356
-63.979
-63.8443
-63.7317
-63.6381
-63.5584
-63.4898
-63.4309
-63.3802
-63.3367
-63.2996
-63.2506
-63.1814
-63.048
-62.8834
-62.6693
-62.4619
-62.2393
-61.869
-61.4125
-61.0187
-60.719
-60.4594
-60.1855
-59.805
-59.3906
-58.9494
-58.5623
-58.2115
-57.7553
-57.1874
-56.6356
-56.0183
-55.4017
-54.9083
-54.3766
-53.8085
-53.1929
-52.619
-52.1361
-51.7778
-51.5034
-51.2925
-51.1278
-50.9719
-50.7722
-50.589
-50.3944
-50.1508
-49.9184
-49.6836
-49.4942
-49.3121
-49.164
-49.0017
-48.8501
-48.6917
-48.5536
-48.4288
-48.3135
-48.2033
-48.0941
-47.9826
-47.8654
-47.7394
-47.6015
-47.4474
-47.2711
-47.0622
-46.8083
-46.4922
-46.0868
-45.5376
-44.7473
-43.4739
-40.908
-29.9915
40.2908
-7.08597
-42.6806
-60.8524
-65.7145
-67.1552
-67.6494
-67.8128
-67.8455
-67.823
-67.7755
-67.7156
-67.6491
-67.5786
-67.5059
-67.4316
-67.3566
-67.2812
-67.2058
-67.1307
-67.056
-66.982
-66.9087
-66.8364
-66.765
-66.6948
-66.6257
-66.5579
-66.4913
-66.426
-66.362
-66.2994
-66.2381
-66.1781
-66.1195
-66.0623
-66.0064
-65.9518
-65.8986
-65.8466
-65.796
-65.7466
-65.6985
-65.6517
-65.606
-65.5616
-65.5183
-65.4762
-65.4352
-65.3953
-65.3565
-65.3188
-65.2821
-65.2464
-65.2118
-65.1781
-65.1453
-65.1135
-65.0536
-64.9716
-64.9031
-64.7892
-64.5147
-63.8481
-63.3819
-62.9119
-62.5075
-62.197
-61.9527
-61.63
-61.3418
-61.0936
-60.694
-60.3622
-60.0733
-59.5545
-58.26
-56.7347
-55.621
-54.815
-54.2028
-53.5918
-53.1218
-52.6118
-52.2014
-51.8819
-51.5799
-51.3097
-51.1024
-50.9447
-50.8272
-50.7416
-50.6497
-50.3367
-50.0707
-49.7658
-49.4842
-49.2545
-49.062
-48.8325
-48.6064
-48.357
-48.0717
-47.777
-47.4856
-47.0822
-46.5177
-45.8813
-45.0911
-43.998
-42.1567
-37.4527
23.266
16.7375
-25.722
-54.7193
-63.7589
-66.0697
-66.6543
-66.7508
-66.6821
-66.5584
-66.4204
-66.2834
-66.1531
-66.0311
-65.9175
-65.8121
-65.6747
-65.5385
-65.4213
-65.2781
-65.1007
-64.9463
-64.8182
-64.7101
-64.616
-64.5327
-64.4498
-64.3286
-64.1982
-64.0267
-63.7134
-63.3559
-62.9975
-62.7263
-62.4896
-62.2765
-62.1024
-61.9217
-61.7336
-61.4497
-61.2312
-61.0436
-60.8505
-60.6376
-60.4624
-60.2013
-59.9268
-59.5365
-59.1257
-58.7013
-58.166
-57.6577
-56.9727
-56.3929
-55.8964
-55.3867
-54.6314
-53.8799
-53.2973
-52.8429
-52.3586
-51.9347
-51.5718
-51.2546

