-70
-69.8623
-69.7285
-69.5983
-69.4718
-69.3487
-69.2291
-69.1128
-68.9997
-68.8897
-68.7828
-68.6789
-68.5778
-68.4795
-68.3839
-68.291
-68.2007
-68.1128
-68.0274
-67.9443
-67.8636
-67.7851
-67.7087
-67.6345
-67.5623
-67.4921
-67.4238
-67.3574
-67.2929
-67.2301
-67.1691
-67.1098
-67.0521
-66.996
-66.9414
-66.8884
-66.8368
-66.7866
-66.7378
-66.6904
-66.6443
-66.5994
-66.5558
-66.5133
-66.4721
-66.432
-66.393
-66.355
-66.3181
-66.2823
-66.2474
-66.2134
-66.1805
-66.1484
-66.1172
-66.0868
-66.0573
-66.0286
-66.0007
-65.9736
-65.9472
-65.9215
-65.8966
-65.8723
-65.8487
-65.8257
-65.8034
-65.7817
-65.7606
-65.74
-65.72
-65.7006
-65.6817
-65.6633
-65.6455
-65.6281
-65.6112
-65.5948
-65.5788
-65.5632
-65.5481
-65.5334
-65.5191
-65.5052
-65.4917
-65.4785
-65.4657
-65.4533
-65.4412
-65.4294
-65.418
-65.4068
-65.396
-65.3855
-65.3752
-65.3653
-65.3556
-65.3462
-65.337
-65.3281
-65.3194
-65.311
-65.3028
-65.2948
-65.2871
-65.2795
-65.2722
-65.2651
-65.2581
-65.2514
-65.2448
-65.2385
-65.2322
-65.2262
-65.2203
-65.2146
-65.2091
-65.2037
-65.1984
-65.1933
-65.1884
-65.1835
-65.1788
-65.1743
-65.1698
-65.1655
-65.1613
-65.1572
-65.1532
-65.1493
-65.1456
-65.1419
-65.1384
-65.1349
-65.1315
-65.1283
-65.1251
-65.122
-65.119
-65.1161
-65.1132
-65.1104
-65.1077
-65.1051
-65.1026
-65.1001
-65.0977
-65.0953
-65.0931
-65.0908
-65.0887
-65.0866
-65.0845
-65.0826
-65.0806
-65.0788
-65.0769
-65.0752
-65.0734
-65.0718
-65.0701
-65.0685
-65.067
-65.0655
-65.064
-65.0626
-65.0612
-65.0599
-65.0586
-65.0573
-65.0561
-65.0549
-65.0537
-65.0526
-65.0514
-65.0504
-65.0493
-65.0483
-65.0473
-65.0464
-65.0454
-65.0445
-65.0436
-65.0428
-65.0419
-65.0411
-65.0403
-65.0395
-65.0388
-65.0381
-65.0374
-65.0367
-65.036
-65.0353
-65.0347
-65.0341
-65.0335
-65.0329
-65.0323
-65.0318
-65.0313
-65.0307
-65.0302
-65.0297
-65.0293
-65.0288
-65.0283
-65.0279
-65.0275
-65.027
-65.0266
-65.0262
-65.0259
-65.0255
-65.0251
-65.0248
-65.0244
-65.0241
-65.0238
-65.0234
-65.0231
-65.0228
-65.0225
-65.0223
-65.022
-65.0217
-65.0215
-65.0212
-65.021
-65.0207
-65.0205
-65.0203
-65.02
-65.0198
-65.0196
-65.0194
-65.0192
-65.019
-65.0188
-65.0187
-65.0185
-65.0183
-65.0181
-65.018
-65.0178
-65.0177
-65.0175
-65.0174
-65.0172
-65.0171
-65.017
-65.0168
-65.0167
-65.0166
-65.0165
-65.0163
-65.0162
-65.0161
-65.016
-65.0159
-65.0158
-65.0157
-65.0156
-65.0155
-65.0154
-65.0153
-65.0153
-65.0152
-65.0151
-65.015
-65.0149
-65.0149
-65.0148
-65.0147
-65.0147
-65.0146
-65.0145
-65.0145
-65.0144
-65.0143
-65.0143
-65.0142
-65.0142
-65.0141
-65.0141
-65.014
-65.014
-65.0139
-65.0139
-65.0138
-65.0138
-65.0137
-65.0137
-65.0137
-65.0136
-65.0136
-65.0135
-65.0135
-65.0135
-65.0134
-65.0134
-65.0134
-65.0133
-65.0133
-65.0133
-65.0133
-65.0132
-65.0132
-65.0132
-65.0131
-65.0131
-65.0131
-65.0131
-65.0131
-65.013
-65.013
-65.013
-65.013
-65.0129
-65.0129
-65.0129
-65.0129
-65.0129
-65.0129
-65.0128
-65.0128
-65.0128
-65.0128
-65.0128
-65.0128
-65.0127
-65.0127
-65.0127
-65.0127
-65.0127
-65.0127
-65.0127
-65.0127
-65.0126
-65.0126
-65.0126
-65.0126
-65.0126
-65.0126
-65.0126
-65.0126
-65.0126
-65.0126
-65.0125
-65.0125
-65.0125
-65.0125
-65.0125
-65.0125
-65.0125
-65.0125
-65.0125
-65.0125
-65.0125
-65.0125
-65.0125
-65.0124
-65.0124
-65.0124
-65.0124
-65.0124
-65.0124
-65.0124
-65.0124
-65.0124
-65.0124
-65.0124
-65.0124
-65.0124
-65.0124
-65.0124
-65.0124
-65.0124
-65.0124
-65.0124
-65.0124
-65.0124
-65.0124
-65.0124
-65.0123
-65.0123
-65.0123
-65.0123
-65.0123
-65.0123
-65.0123
-65.0123
-65.0123
-65.0123
-65.0123
-65.0123
-65.0123
-65.0123
-65.0123
-65.0123
-65.0123
-65.0123
-65.0123
-65.0123
-65.0123
-65.0123
-65.0123
-65.0123
-65.0123
-65.0123
-65.0123
-65.0123
-65.0123
-65.0123
-65.0123
-65.0123
-65.0123
-65.0123
-65.0123
-65.0123
-65.0123
-65.0123
-65.0123
-65.0123
-65.0123
-65.0123
-65.0123
-65.0123
-65.0123
-65.0123
-65.0123
-65.0123
-65.0123
-65.0123
-65.0123
-65.0123
-65.0123
-65.0123
-65.0123
-65.0123
-65.0123
-65.0123
-65.0123
-65.0123
-65.0123
-65.0123
-65.0123
-65.0123
-65.0123
-65.0123
-65.0123
-65.0123
-65.0123
-65.0123
-65.0123
-65.0123
-65.0123
-65.0123
-64.8888
-64.7871
-64.7113
-64.6572
-64.6152
-64.5815
-64.5545
-64.5329
-64.5159
-64.5027
-64.4927
-64.4856
-64.4808
-64.478
-64.477
-64.4776
-64.4793
-64.4822
-64.4861
-64.4907
-64.496
-64.5019
-64.5083
-64.5151
-64.5223
-64.5297
-64.5373
-64.5451
-64.553
-64.5611
-64.5691
-64.5773
-64.5854
-64.5935
-64.5495
-64.4315
-64.3542
-64.2976
-64.2584
-64.2288
-64.2064
-64.1898
-64.1781
-64.1704
-64.1661
-64.1647
-64.1657
-64.1688
-64.1736
-64.1799
-64.1874
-64.196
-64.2055
-64.1487
-64.111
-64.0677
-63.7478
-63.4735
-63.1875
-62.8818
-62.5963
-62.207
-61.8742
-61.4815
-61.2009
-60.9884
-60.8303
-60.7098
-60.5295
-60.3624
-60.237
-59.9307
-59.7209
-59.5206
-59.3747
-59.2743
-59.2091
-59.1703
-59.1526
-59.1525
-59.1522
-59.1399
-59.1191
-59.1137
-59.1295
-59.1617
-59.2055
-59.2584
-59.3186
-59.3849
-59.4562
-59.5317
-59.6105
-59.692
-59.7758
-59.837
-59.8792
-59.9357
-60.0005
-60.0718
-60.1466
-60.2239
-60.303
-60.3834
-60.4381
-60.4718
-60.5203
-60.5772
-60.6405
-60.7071
-60.7331
-60.7619
-60.8028
-60.853
-60.9088
-60.9681
-61.0299
-61.0937
-61.1588
-61.2249
-61.2496
-61.276
-61.291
-61.2827
-61.244
-61.2316
-61.2381
-61.2584
-61.2155
-61.1282
-61.0546
-61.0136
-60.8857
-60.8086
-60.6642
-60.4879
-60.3298
-60.1364
-59.8941
-59.7011
-59.4843
-59.2191
-58.937
-58.7409
-58.5864
-58.4615
-58.382
-58.3357
-58.3166
-58.3081
-58.2885
-58.2962
-58.2716
-58.2382
-58.2058
-58.2081
-58.2335
-58.2766
-58.3323
-58.3981
-58.4722
-58.5531
-58.6395
-58.7306
-58.8253
-58.923
-59.0229
-59.1246
-59.2276
-59.3315
-59.4358
-59.5403
-59.6448
-59.7489
-59.8525
-59.9554
-60.0574
-60.1584
-60.2583
-60.3569
-60.4542
-60.5501
-60.6445
-60.7374
-60.8288
-60.9186
-61.0068
-61.0934
-61.1783
-61.2615
-61.3432
-61.4231
-61.5014
-61.5781
-61.6531
-61.7266
-61.7984
-61.8686
-61.9373
-62.0044
-62.07
-62.1341
-62.1967
-62.2579
-62.3176
-62.3759
-62.4328
-62.4884
-62.5426
-62.5955
-62.6472
-62.6976
-62.7468
-62.7948
-62.8416
-62.8873
-62.9318
-62.9753
-63.0177
-63.0591
-63.0994
-63.1387
-63.177
-63.2144
-63.2414
-63.2178
-63.2128
-63.2166
-63.228
-63.2432
-63.2127
-63.1862
-63.1735
-63.1714
-63.149
-63.0616
-62.8744
-62.6893
-62.5633
-62.3479
-62.0036
-61.6174
-61.3029
-60.878
-60.528
-60.2722
-60.0864
-59.9454
-59.6736
-59.4827
-59.3465
-59.257
-59.1986
-59.1494
-59.0968
-59.0736
-59.0713
-59.087
-59.0844
-59.0973
-59.0783
-59.0523
-59.0552
-59.0787
-59.1182
-59.1436
-59.1667
-59.207
-59.2489
-59.2716
-59.2926
-59.2722
-59.2741
-59.298
-59.3279
-59.3374
-59.3693
-59.37
-59.3918
-59.3867
-59.4084
-59.4459
-59.4969
-59.5566
-59.623
-59.6947
-59.7707
-59.8501
-59.932
-60.016
-60.1015
-60.1881
-60.2753
-60.3629
-60.4506
-60.5381
-60.6253
-60.7119
-60.7979
-60.883
-60.9672
-61.0503
-61.1324
-61.2132
-61.2929
-61.3712
-61.3683
-61.324
-61.2488
-61.2045
-61.1887
-61.186
-61.0969
-61.0006
-60.8713
-60.6557
-60.491
-60.3296
-60.198
-60.0916
-60.0259
-59.9883
-59.9695
-59.9087
-59.7342
-59.5688
-59.4025
-59.1363
-58.9699
-58.8595
-58.7951
-58.7604
-58.7491
-58.7568
-58.7803
-58.817
-58.8471
-58.8241
-58.8337
-58.8628
-58.9095
-58.9314
-58.9627
-58.9861
-59.0123
-59.0569
-59.0791
-59.1165
-59.1679
-59.2309
-59.3017
-59.3782
-59.4593
-59.5439
-59.6313
-59.7209
-59.812
-59.9042
-59.9972
-60.0905
-60.184
-60.2773
-60.3702
-60.4626
-60.5542
-60.645
-60.7348
-60.8235
-60.911
-60.9973
-61.0823
-61.1659
-61.2481
-61.3288
-61.4082
-61.486
-61.5624
-61.6372
-61.7106
-61.7825
-61.853
-61.9219
-61.9894
-62.0554
-62.1199
-62.1831
-62.2448
-62.3051
-62.364
-62.4216
-62.4778
-62.5327
-62.5864
-62.6387
-62.6898
-62.7397
-62.7884
-62.836
-62.8824
-62.9276
-62.9718
-63.0149
-63.0569
-63.0979
-63.1379
-63.1769
-63.2149
-63.252
-63.2882
-63.3234
-63.3578
-63.3914
-63.4241
-63.456
-63.4871
-63.5174
-63.547
-63.5758
-63.6039
-63.6313
-63.6581
-63.6841
-63.7095
-63.7343
-63.7585
-63.7821
-63.805
-63.8052
-63.66
-63.447
-63.3033
-63.1799
-63.0553
-62.9665
-62.9007
-62.8257
-62.7424
-62.6856
-62.6464
-62.6216
-62.6071
-62.5255
-61.9426
-61.3812
-60.986
-60.7077
-60.4818
-60.2209
-60.031
-59.8395
-59.6988
-59.5774
-59.4536
-59.3592
-59.2995
-59.2678
-59.2574
-59.2637
-59.2444
-59.1666
-59.1264
-59.0857
-59.0643
-59.0677
-59.0898
-59.0858
-59.1031
-59.1363
-59.1835
-59.2402
-59.3044
-59.3746
-59.3742
-59.3891
-59.4229
-59.4733
-59.5337
-59.5663
-59.6048
-59.6089
-59.5908
-59.6031
-59.6348
-59.681
-59.7364
-59.7988
-59.8667
-59.939
-60.0148
-60.0933
-60.1739
-60.2561
-60.3394
-60.4235
-60.508
-60.5926
-60.6771
-60.7614
-60.8451
-60.9282
-61.0105
-61.0919
-61.1723
-61.2516
-61.3298
-61.3801
-61.4078
-61.4491
-61.4974
-61.551
-61.607
-61.6645
-61.7231
-61.7822
-61.8417
-61.9012
-61.957
-61.9603
-61.9809
-62.0101
-62.0469
-62.0873
-62.0895
-61.9767
-61.8136
-61.7139
-61.6304
-61.5014
-61.4083
-61.2337
-61.0131
-60.7322
-60.481
-60.1366
-59.8045
-59.5001
-59.2825
-59.1289
-59.0226
-58.951
-58.9045
-58.839

