-70
-70.0758
-70.1508
-70.225
-70.2983
-70.3706
-70.4419
-70.5122
-70.5814
-70.6496
-70.7168
-70.7829
-70.848
-70.9121
-70.9752
-71.0373
-71.0984
-71.1586
-71.2178
-71.2761
-71.3334
-71.3899
-71.4455
-71.5003
-71.5543
-71.6074
-71.6598
-71.7114
-71.7623
-71.8124
-71.8619
-71.9106
-71.9587
-72.006
-72.0527
-72.0988
-72.1442
-72.1889
-72.2331
-72.2766
-72.3196
-72.362
-72.4038
-72.445
-72.4857
-72.5258
-72.5654
-72.6045
-72.6431
-72.6812
-72.7188
-72.756
-72.7927
-72.8289
-72.8647
-72.9
-72.9349
-72.9694
-73.0035
-73.0371
-73.0704
-73.1032
-73.1357
-73.1678
-73.1994
-73.2307
-73.2617
-73.2922
-73.3224
-73.3523
-73.3817
-73.4109
-73.4397
-73.4682
-73.4963
-73.5241
-73.5516
-73.5788
-73.6057
-73.6323
-73.6585
-73.6845
-73.7102
-73.7356
-73.7608
-73.7857
-73.8103
-73.8346
-73.8587
-73.8825
-73.9061
-73.9294
-73.9524
-73.9753
-73.9979
-74.0202
-74.0423
-74.0642
-74.0859
-74.1073
-74.1285
-74.1495
-74.1703
-74.1909
-74.2112
-74.2313
-74.2513
-74.271
-74.2905
-74.3098
-74.329
-74.3479
-74.3666
-74.3852
-74.4036
-74.4217
-74.4397
-74.4575
-74.4752
-74.4926
-74.5099
-74.527
-74.544
-74.5607
-74.5774
-74.5938
-74.6101
-74.6262
-74.6422
-74.658
-74.6736
-74.6891
-74.7045
-74.7197
-74.7347
-74.7496
-74.7644
-74.779
-74.7935
-74.8079
-74.8221
-74.8362
-74.8501
-74.864
-74.8777
-74.8913
-74.9047
-74.918
-74.9313
-74.9443
-74.9573
-74.9701
-74.9829
-74.9955
-75.008
-75.0204
-75.0327
-75.0448
-75.0569
-75.0688
-75.0806
-75.0924
-75.104
-75.1155
-75.1269
-75.1382
-75.1495
-75.1606
-75.1716
-75.1825
-75.1933
-75.204
-75.2147
-75.2252
-75.2356
-75.246
-75.2562
-75.2664
-75.2764
-75.2864
-75.2963
-75.3061
-75.3158
-75.3255
-75.335
-75.3445
-75.3538
-75.3631
-75.3724
-75.3815
-75.3906
-75.3995
-75.4084
-75.4172
-75.426
-75.4346
-75.4432
-75.4518
-75.4602
-75.4686
-75.4769
-75.4851
-75.4932
-75.5013
-75.5093
-75.5173
-75.5251
-75.533
-75.5407
-75.5484
-75.556
-75.5635
-75.571
-75.5784
-75.5858
-75.593
-75.6003
-75.6074
-75.6145
-75.6216
-75.6285
-75.6355
-75.6423
-75.6491
-75.6559
-75.6626
-75.6692
-75.6758
-75.6823
-75.6888
-75.6952
-75.7015
-75.7078
-75.7141
-75.7203
-75.7264
-75.7325
-75.7386
-75.7446
-75.7505
-75.7564
-75.7622
-75.768
-75.7738
-75.7795
-75.7851
-75.7907
-75.7963
-75.8018
-75.8072
-75.8127
-75.818
-75.8234
-75.8287
-75.8339
-75.8391
-75.8443
-75.8494
-75.8545
-75.8595
-75.8645
-75.8695
-75.8744
-75.8793
-75.8841
-75.8889
-75.8937
-75.8984
-75.9031
-75.9077
-75.9123
-75.9169
-75.9214
-75.9259
-75.9304
-75.9348
-75.9392
-75.9436
-75.9479
-75.9522
-75.9565
-75.9607
-75.9649
-75.969
-75.9731
-75.9772
-75.9813
-75.9853
-75.9893
-75.9933
-75.9972
-76.0011
-76.005
-76.0088
-76.0126
-76.0164
-76.0201
-76.0239
-76.0275
-76.0312
-76.0348
-76.0384
-76.042
-76.0456
-76.0491
-76.0526
-76.056
-76.0595
-76.0629
-76.0663
-76.0696
-76.0729
-76.0762
-76.0795
-76.0828
-76.086
-76.0892
-76.0924
-76.0955
-76.0986
-76.1017
-76.1048
-76.1079
-76.1109
-76.1139
-76.1169
-76.1198
-76.1228
-76.1257
-76.1286
-76.1314
-76.1343
-76.1371
-76.1399
-76.1427
-76.1455
-76.1482
-76.1509
-76.1536
-76.1563
-76.1589
-76.1615
-76.1642
-76.1667
-76.1693
-76.1719
-76.1744
-76.1769
-76.1794
-76.1819
-76.1843
-76.1868
-76.1892
-76.1916
-76.1939
-76.1963
-76.1986
-76.201
-76.2033
-76.2056
-76.2078
-76.2101
-76.2123
-76.2145
-76.2167
-76.2189
-76.2211
-76.2232
-76.2254
-76.2275
-76.2296
-76.2317
-76.2337
-76.2358
-76.2378
-76.2398
-76.2418
-76.2438
-76.2458
-76.2478
-76.2497
-76.2516
-76.2536
-76.2554
-76.2573
-76.2592
-76.2611
-76.2629
-76.2647
-76.2665
-76.2683
-76.2701
-76.2719
-76.2737
-76.2754
-76.2771
-76.2788
-76.2806
-76.2822
-76.2839
-76.2856
-76.2872
-76.2889
-76.2905
-76.2921
-76.2937
-76.2953
-76.2969
-76.2985
-76.3
-76.3016
-76.3031
-76.3046
-76.3061
-76.3076
-76.3091
-76.3106
-76.312
-76.3135
-76.3149
-76.3164
-76.3178
-76.3192
-76.3206
-76.322
-76.3233
-76.3247
-76.3261
-76.3274
-76.3287
-76.33
-76.3314
-76.3327
-76.334
-76.3352
-76.3365
-76.3378
-76.339
-76.3403
-76.3415
-76.3427
-76.3439
-76.3452
-76.3464
-76.3475
-76.3487
-76.3499
-76.351
-76.3522
-76.3533
-76.3545
-76.3556
-76.3567
-76.3578
-76.3589
-76.36
-76.3611
-76.3622
-76.3632
-76.3643
-76.3654
-76.3664
-76.3674
-76.3685
-76.3695
-76.3705
-76.3715
-76.3725
-76.3735
-76.3745
-76.3754
-76.3764
-76.3774
-76.3783
-76.3793
-76.3802
-76.3811
-76.382
-76.383
-76.3839
-76.3848
-76.3857
-76.3866
-76.3874
-76.3883
-76.3892
-76.39
-76.3909
-76.3917
-76.3926
-76.3934
-76.3943
-76.3951
-76.3959
-76.3967
-76.3975
-76.3983
-76.3991
-76.3999
-76.4007
-76.4014
-76.4022
-76.403
-76.4037
-76.4045
-76.4052
-76.406
-75.2607
-70.9439
-67.3697
-64.6701
-62.5566
-60.7809
-59.0723
-56.9387
-51.9103
39.4016
-12.6824
-45.0732
-78.6373
-78.9118
-78.783
-78.6368
-78.4771
-78.304
-78.1179
-77.9195
-77.6101
-75.321
-73.6179
-72.559
-71.7767
-71.1299
-70.5619
-70.0487
-69.5796
-69.1497
-68.7569
-68.8762
-69.2549
-69.6276
-70.3841
-70.9513
-71.38
-72.4364
-71.4426
-69.759
-68.8683
-68.5272
-69.0115
-69.8251
-70.3033
-70.5643
-70.7179
-70.8156
-70.8826
-70.9323
-70.9721
-71.0062
-71.0371
-71.0662
-71.0947
-71.1232
-71.1519
-71.1813
-71.2115
-71.2425
-71.2744
-71.3073
-71.3411
-71.3758
-71.4114
-71.4479
-71.485
-71.5229
-71.5615
-71.6006
-71.6403
-71.6804
-71.7209
-71.7617
-71.8028
-68.6768
-65.7966
-64.3906
-63.4849
-62.8469
-62.3829
-62.0376
-61.7783
-61.5806
-61.4303
-61.3186
-60.9401
-59.0879
-56.9977
-53.6682
15.8765
-1.56911
-33.8807
-77.0379
-79.4499
-79.09
-78.1634
-77.787
-77.5287
-77.2676
-76.9936
-76.7073
-76.4108
-76.0957
-75.8007
-75.5676
-75.4083
-75.3543
-75.2932
-75.2222
-75.2096
-75.1906
-75.2617
-75.3085
-75.3214
-75.3952
-75.5015
-75.5537
-75.5737
-75.5804
-75.5817
-75.5807
-75.579
-75.5771
-75.5755
-75.5742
-75.5734
-75.5731
-75.5732
-75.5738
-75.5749
-75.5763
-75.5782
-75.5804
-75.583
-75.5859
-75.5891
-75.5925
-75.5963
-75.6002
-75.6044
-75.6088
-75.6134
-75.6181
-75.623
-75.628
-75.6332
-75.6385
-75.6438
-75.6493
-75.6548
-75.6604
-75.666
-75.6717
-75.6775
-75.6832
-75.689
-75.6948
-75.7006
-75.7064
-75.7122
-75.7181
-75.7239
-75.7296
-75.7354
-75.7412
-75.7469
-75.7526
-75.7583
-75.764
-75.7696
-75.7752
-75.7808
-75.7863
-75.7918
-75.7972
-72.5561
-68.5722
-65.5408
-63.2109
-61.3168
-59.5963
-57.6644
-54.243
38.1121
-0.490898
-33.022
-77.4795
-79.7277
-79.7228
-79.2297
-77.9755
-77.5025
-77.2044
-76.9143
-76.6142
-76.3032
-75.9835
-75.658
-74.6496
-71.9682
-69.9578
-68.5468
-67.4829
-66.6386
-65.9451
-65.3623
-64.8659
-63.8492
-62.7432
-62.0607
-61.5599
-61.1672
-60.8474
-61.2063
-62.376
-63.5357
-66.7781
-68.3836
-67.7951
-67.3379
-67.0933
-66.9597
-68.0017
-69.036
-69.6229
-69.9672
-70.182
-70.5608
-71.1033
-71.4627
-71.6971
-71.8574
-71.9721
-72.0578
-72.1246
-72.1788
-72.2245
-72.2645
-72.3004
-72.3337
-72.3651
-72.3953
-72.4248
-72.4538
-72.4826
-72.5113
-72.5401
-72.569
-72.598
-72.6273
-72.6568
-72.6865
-72.7163
-72.7464
-71.413
-67.6865
-64.7053
-62.4379
-60.5907
-58.8723
-56.8194
-52.4836
43.4486
-10.3734
-41.7953
-78.8939
-79.698
-79.675
-78.4615
-77.728
-77.401
-77.1174
-76.8274
-76.5259
-76.2141
-75.8948
-75.571
-75.2462
-73.6535
-70.7922
-68.704
-67.2013
-66.0603
-65.1581
-64.4226
-63.8094
-64.2172
-64.8059
-65.712
-66.9686
-66.4572
-65.8771
-65.8557
-67.129
-68.5192
-69.3777
-69.8393
-70.1028
-70.2635
-70.3684
-70.7261
-71.6311
-72.3096
-72.9141
-73.3903
-73.7914
-74.0237
-74.2317
-74.4416
-74.5708
-74.6507
-74.703
-74.7391
-74.7652
-74.7851
-74.8011
-74.8145
-74.8261
-74.8476
-74.9623
-75.0624
-75.1364
-75.1924
-75.2359
-75.2706
-75.2988
-75.3223
-75.3422
-75.3594
-75.3746
-75.3881
-75.4004
-75.4117
-75.4223
-75.4322
-75.4416
-75.4506
-75.4593
-75.4678
-75.476
-75.4841
-75.492
-75.4998
-75.5075
-75.5151
-75.5226
-75.5301
-75.5375
-75.5449
-75.5522
-75.5594
-75.5667
-75.5738
-75.581
-75.588
-75.5951
-75.6021
-75.609
-75.6159
-75.6228
-75.6296
-75.6364
-75.6431
-75.6498
-75.6565
-75.6631
-75.6696
-75.6761
-75.6825
-75.6889
-75.6953
-75.7016
-75.7079
-75.7141
-75.7202
-75.7263
-75.7324
-75.7384
-75.7444
-75.7503
-75.7562
-75.762
-72.0884
-68.1913
-65.2428
-62.9667
-61.099
-59.3704
-57.3528
-53.383
46.0652
-6.35927
-37.5509
-78.2078
-78.8893
-78.7283
-78.5749
-78.408
-78.2271
-78.0326
-77.8252
-77.6061
-76.9067
-74.4689
-72.7801
-71.6809
-70.8542
-70.1738
-69.5845
-69.0606
-68.8185
-68.9514
-67.124
-65.3954
-64.1953
-64.1346
-64.4685
-65.4415
-66.5812
-68.5595
-69.8376
-70.5598
-70.9898
-71.2592
-71.4361
-71.8111
-72.1309
-69.9844
-68.408
-67.5326
-67.4647
-67.8369
-68.0905
-68.258
-68.3769
-68.4676
-68.5416
-68.6055
-68.6634
-68.7179
-68.7706
-68.8226
-68.8746
-68.9272
-68.9806
-69.0349
-69.0904
-69.1471
-69.205
-69.264
-69.3241
-69.3853
-69.4474
-69.5105
-69.5743
-69.6388
-69.7039
-69.7694
-69.8353
-69.9014
-69.9677
-70.034
-70.1003
-70.1664
-70.2324
-70.2981
-70.3635
-70.4286
-70.4932
-70.5574
-70.6211
-70.6843
-70.7469
-70.809
-68.877
-65.4669
-62.8038
-60.6932
-58.7979
-56.6054
-51.9737
41.65
-12.3173
-44.3126
-78.3953
-78.8252
-78.6915
-78.5361
-78.3666
-78.1834
-77.9869
-77.7783

