-70
-70.0758
-70.1508
-70.225
-70.2983
-70.3706
-70.4419
-70.5122
-70.5814
-70.6496
-70.7168
-70.7829
-70.848
-70.9121
-70.9752
-71.0373
-71.0984
-71.1586
-71.2178
-71.2761
-71.3334
-71.3899
-71.4455
-71.5003
-71.5543
-71.6074
-71.6598
-71.7114
-71.7623
-71.8124
-71.8619
-71.9106
-71.9587
-72.006
-72.0527
-72.0988
-72.1442
-72.1889
-72.2331
-72.2766
-72.3196
-72.362
-72.4038
-72.445
-72.4857
-72.5258
-72.5654
-72.6045
-72.6431
-72.6812
-72.7188
-72.756
-72.7927
-72.8289
-72.8647
-72.9
-72.9349
-72.9694
-73.0035
-73.0371
-73.0704
-73.1032
-73.1357
-73.1678
-73.1994
-73.2307
-73.2617
-73.2922
-73.3224
-73.3523
-73.3817
-73.4109
-73.4397
-73.4682
-73.4963
-73.5241
-73.5516
-73.5788
-73.6057
-73.6323
-73.6585
-73.6845
-73.7102
-73.7356
-73.7608
-73.7857
-73.8103
-73.8346
-73.8587
-73.8825
-73.9061
-73.9294
-73.9524
-73.9753
-73.9979
-74.0202
-74.0423
-74.0642
-74.0859
-74.1073
-74.1285
-74.1495
-74.1703
-74.1909
-74.2112
-74.2313
-74.2513
-74.271
-74.2905
-74.3098
-74.329
-74.3479
-74.3666
-74.3852
-74.4036
-74.4217
-74.4397
-74.4575
-74.4752
-74.4926
-74.5099
-74.527
-74.544
-74.5607
-74.5774
-74.5938
-74.6101
-74.6262
-74.6422
-74.658
-74.6736
-74.6891
-74.7045
-74.7197
-74.7347
-74.7496
-74.7644
-74.779
-74.7935
-74.8079
-74.8221
-74.8362
-74.8501
-74.864
-74.8777
-74.8913
-74.9047
-74.918
-74.9313
-74.9443
-74.9573
-74.9701
-74.9829
-74.9955
-75.008
-75.0204
-75.0327
-75.0448
-75.0569
-75.0688
-75.0806
-75.0924
-75.104
-75.1155
-75.1269
-75.1382
-75.1495
-75.1606
-75.1716
-75.1825
-75.1933
-75.204
-75.2147
-75.2252
-75.2356
-75.246
-75.2562
-75.2664
-75.2764
-75.2864
-75.2963
-75.3061
-75.3158
-75.3255
-75.335
-75.3445
-75.3538
-75.3631
-75.3724
-75.3815
-75.3906
-75.3995
-75.4084
-75.4172
-75.426
-75.4346
-75.4432
-75.4518
-75.4602
-75.4686
-75.4769
-75.4851
-75.4932
-75.5013
-75.5093
-75.5173
-75.5251
-75.533
-75.5407
-75.5484
-75.556
-75.5635
-75.571
-75.5784
-75.5858
-75.593
-75.6003
-75.6074
-75.6145
-75.6216
-75.6285
-75.6355
-75.6423
-75.6491
-75.6559
-75.6626
-75.6692
-75.6758
-75.6823
-75.6888
-75.6952
-75.7015
-75.7078
-75.7141
-75.7203
-75.7264
-75.7325
-75.7386
-75.7446
-75.7505
-75.7564
-75.7622
-75.768
-75.7738
-75.7795
-75.7851
-75.7907
-75.7963
-75.8018
-75.8072
-75.8127
-75.818
-75.8234
-75.8287
-75.8339
-75.8391
-75.8443
-75.8494
-75.8545
-75.8595
-75.8645
-75.8695
-75.8744
-75.8793
-75.8841
-75.8889
-75.8937
-75.8984
-75.9031
-75.9077
-75.9123
-75.9169
-75.9214
-75.9259
-75.9304
-75.9348
-75.9392
-75.9436
-75.9479
-75.9522
-75.9565
-75.9607
-75.9649
-75.969
-75.9731
-75.9772
-75.9813
-75.9853
-75.9893
-75.9933
-75.9972
-76.0011
-76.005
-76.0088
-76.0126
-76.0164
-76.0201
-76.0239
-76.0275
-76.0312
-76.0348
-76.0384
-76.042
-76.0456
-76.0491
-76.0526
-76.056
-76.0595
-76.0629
-76.0663
-76.0696
-76.0729
-76.0762
-76.0795
-76.0828
-76.086
-76.0892
-76.0924
-76.0955
-76.0986
-76.1017
-76.1048
-76.1079
-76.1109
-76.1139
-76.1169
-76.1198
-76.1228
-76.1257
-76.1286
-76.1314
-76.1343
-76.1371
-76.1399
-76.1427
-76.1455
-76.1482
-76.1509
-76.1536
-76.1563
-76.1589
-76.1615
-76.1642
-76.1667
-76.1693
-76.1719
-76.1744
-76.1769
-76.1794
-76.1819
-76.1843
-76.1868
-76.1892
-76.1916
-76.1939
-76.1963
-76.1986
-76.201
-76.2033
-76.2056
-76.2078
-76.2101
-76.2123
-76.2145
-76.2167
-76.2189
-76.2211
-76.2232
-76.2254
-76.2275
-76.2296
-76.2317
-76.2337
-76.2358
-76.2378
-76.2398
-76.2418
-76.2438
-76.2458
-76.2478
-76.2497
-76.2516
-76.2536
-76.2554
-76.2573
-76.2592
-76.2611
-76.2629
-76.2647
-76.2665
-76.2683
-76.2701
-76.2719
-76.2737
-76.2754
-76.2771
-76.2788
-76.2806
-76.2822
-76.2839
-76.2856
-76.2872
-76.2889
-76.2905
-76.2921
-76.2937
-76.2953
-76.2969
-76.2985
-76.3
-76.3016
-76.3031
-76.3046
-76.3061
-76.3076
-76.3091
-76.3106
-76.312
-76.3135
-76.3149
-76.3164
-76.3178
-76.3192
-76.3206
-76.322
-76.3233
-76.3247
-76.3261
-76.3274
-76.3287
-76.33
-76.3314
-76.3327
-76.334
-76.3352
-76.3365
-76.3378
-76.339
-76.3403
-76.3415
-76.3427
-76.3439
-76.3452
-76.3464
-76.3475
-76.3487
-76.3499
-76.351
-76.3522
-76.3533
-76.3545
-76.3556
-76.3567
-76.3578
-76.3589
-76.36
-76.3611
-76.3622
-76.3632
-76.3643
-76.3654
-76.3664
-76.3674
-76.3685
-76.3695
-76.3705
-76.3715
-76.3725
-76.3735
-76.3745
-76.3754
-76.3764
-76.3774
-76.3783
-76.3793
-76.3802
-76.3811
-76.382
-76.383
-76.3839
-76.3848
-74.8282
-70.5201
-67.0513
-64.4239
-62.3561
-60.6007
-58.8768
-56.6354
-50.5571
33.4334
-16.2327
-51.469
-79.4443
-79.7444
-79.7174
-79.6815
-79.6415
-79.5976
-79.5496
-79.4977
-79.442
-79.3828
-79.3206
-79.2558
-79.1891
-79.1212
-79.0527
-78.9844
-78.9168
-78.8506
-78.7864
-78.7245
-78.6652
-78.6089
-78.5556
-77.2989
-72.7326
-68.9791
-66.1661
-64.0021
-62.2666
-60.7703
-59.3098
-57.5423
-53.6831
46.1988
-5.01337
-36.2327
-78.0354
-79.3317
-79.2663
-79.1759
-79.076
-78.967
-78.8489
-78.722
-78.5869
-78.4445
-78.2588
-77.9358
-77.674
-77.459
-77.2131
-76.9437
-76.7307
-76.5572
-76.4103
-76.259
-76.1302
-76.0289
-73.7405
-70.2172
-67.8399
-66.2555
-65.1605
-64.3793
-63.8074
-63.3795
-63.056
-62.8106
-62.6241
-62.4851
-62.3855
-62.3198
-62.2836
-62.2737
-62.2875
-62.323
-62.3784
-61.8712
-59.6608
-57.3889
-54.119
-13.5405
1.95127
-31.6938
-76.1076
-79.4619
-79.3832
-79.2629
-79.1712
-79.0765
-78.9752
-78.8673
-78.7534
-78.6343
-78.5111
-78.3849
-78.257
-76.6965
-72.9789
-70.3285
-68.4999
-67.1647
-66.146
-65.3424
-64.6923
-64.1565
-63.2572
-61.1116
-59.1151
-56.9862
-53.0633
45.5835
-7.17183
-38.285
-78.3581
-79.484
-79.4244
-79.3542
-79.2775
-79.1943
-79.1045
-78.9119
-78.6756
-78.2925
-77.9166
-77.5843
-77.3235
-77.1414
-76.997
-76.8733
-76.7607
-76.6031
-76.4424
-76.3137
-76.223
-76.1552
-76.102
-76.0588
-76.023
-75.9928
-75.9673
-75.9455
-75.927
-75.9112
-75.8978
-75.8865
-75.877
-75.8692
-75.8628
-75.8577
-75.8537
-75.8508
-75.8487
-75.8474
-75.8468
-75.8468
-75.8474
-75.8485
-75.85
-75.8519
-75.8541
-75.8566
-75.8594
-75.8624
-75.8656
-75.8689
-75.8724
-75.8761
-75.8798
-75.8837
-75.8876
-75.8916
-75.8956
-75.8997
-75.9039
-75.908
-75.9122
-75.9164
-75.9206
-75.9248
-75.929
-75.9332
-75.9374
-75.9416
-75.9458
-75.95
-75.9541
-75.9583
-75.9624
-75.9664
-75.9705
-75.9746
-75.9786
-73.1529
-69.0634
-65.9253
-63.5237
-61.5906
-59.8701
-58.0168
-55.0532
-23.3463
7.46718
-28.4799
-74.7989
-79.4951
-78.7317
-78.4594
-78.2736
-78.0771
-77.866
-77.6409
-77.4029
-77.1537
-76.215
-73.762
-72.0658
-70.9242
-70.0587
-69.3503
-68.744
-68.2121
-67.7402
-65.8306
-64.181
-63.5489
-63.128
-62.8125
-62.5693
-62.3801
-62.7923
-63.8847
-63.6026
-62.5737
-61.8158
-61.2657
-61.7217
-62.6764
-63.4106
-63.9597
-64.3806
-64.7118
-64.9801
-65.2419
-66.3514
-67.355
-68.0891
-68.6363
-69.0541
-69.3802
-69.6405
-69.8526
-70.0288
-70.1779
-70.3064
-70.4191
-70.5195
-70.6103
-70.6935
-70.7706
-69.6005
-66.2598
-63.6068
-61.5935
-59.9391
-58.3737
-56.4776
-52.6144
44.9576
-8.95359
-40.1449
-78.5305
-79.6704
-79.6548
-79.6123
-79.5643
-79.5117
-78.3011
-76.1397
-75.0508
-74.3767
-73.8355
-73.3468
-72.8855
-72.4443
-72.0221
-71.6202
-70.1071
-67.3656
-65.2608
-63.6879
-62.4528
-61.4274
-60.5177
-59.641
-58.7
-57.5232
-55.3177
-44.5369
16.411
-24.8082
-69.5343
-79.1603
-79.1826
-79.0867
-78.9789
-78.8616
-78.7012
-78.3669
-78.0775
-77.8728
-77.6938
-77.523
-77.3565
-77.1941
-77.0276
-76.7828
-76.5364
-76.3548
-76.2156
-76.1031
-76.0091
-75.9312
-75.8714
-75.8235
-75.784
-75.7509
-75.7229
-75.6993
-75.6792
-75.6623
-75.6481
-75.6362
-75.6264
-75.6185
-75.6122
-75.6074
-75.6038
-75.6014
-75.6001
-75.5996
-75.6
-75.601
-75.6065
-75.6462
-75.6836
-75.7134
-75.7375
-75.7575
-75.7742
-75.7884
-75.8008
-75.8116
-75.8212
-75.8299
-75.8379
-75.8452
-75.852
-75.8584
-75.8645
-75.8703
-75.8758
-75.8812
-75.8864
-75.8915
-75.8964
-75.9012
-75.906
-75.9107
-75.9153
-75.9198
-75.9243
-75.9288
-75.9332
-75.9375
-75.9419
-75.9461
-75.9504
-75.9546
-75.9588
-75.963
-75.9671
-72.7015
-68.6907
-65.6415
-63.3009
-61.404
-59.6917
-57.7957
-54.5618
17.5541
2.27318
-31.3061
-76.7309
-79.723
-79.7256
-79.6913
-79.6523
-79.6092
-79.5621
-79.1404
-76.4305
-74.857
-73.9661
-73.3115
-72.7546
-72.248
-71.7747
-71.3292
-70.9099
-68.5206
-66.0966
-64.3044
-62.9313
-61.8201
-60.8616
-59.9687
-59.0501
-57.966
-55.1735
-42.3548
13.6027
-25.829
-70.5688
-79.271
-79.3035
-79.1386
-79.003
-77.5357
-76.743
-76.3254
-75.9702
-75.6222
-75.3077
-75.0079
-74.7106
-74.4194
-74.1375
-73.3724
-70.632
-68.9277
-67.9124
-67.2334
-66.7533
-66.4001
-66.1333
-65.9287
-65.7716
-65.6523
-65.5642
-65.5027
-65.464
-65.4454
-65.4446
-65.4596
-65.4888
-65.5306
-65.5837
-66.3047
-67.3415
-68.1669
-68.8152
-69.3319
-69.7495
-70.0918
-70.3759
-70.6146
-70.8176
-70.9921
-71.1438
-71.277
-71.3951
-71.5008
-71.5963
-71.6833
-71.7632
-71.8372
-71.9061
-71.9707
-69.2018
-65.7972
-63.2146
-61.1935
-59.4442
-57.6108
-54.7985
-35.2829
8.6903
-28.1148
-73.7735
-79.6318
-79.672
-79.6327
-78.3891
-77.3737
-76.9383
-76.6012
-76.2705
-75.9332
-75.5888
-75.2398
-74.8895
-72.8944
-70.363
-68.5704
-67.2639
-66.2577

