-70
-69.8623
-69.7285
-69.5983
-69.4718
-69.3487
-69.2291
-69.1128
-68.9997
-68.8897
-68.7828
-68.6789
-68.5778
-68.4795
-68.3839
-68.291
-68.2007
-68.1128
-68.0274
-67.9443
-67.8636
-67.7851
-67.7087
-67.6345
-67.5623
-67.4921
-67.4238
-67.3574
-67.2929
-67.2301
-67.1691
-67.1098
-67.0521
-66.996
-66.9414
-66.8884
-66.8368
-66.7866
-66.7378
-66.6904
-66.6443
-66.5994
-66.5558
-66.5133
-66.4721
-66.432
-66.393
-66.355
-66.3181
-66.2823
-66.2474
-66.2134
-66.1805
-66.1484
-66.1172
-66.0868
-66.0573
-66.0286
-66.0007
-65.9736
-65.9472
-65.9215
-65.8966
-65.8723
-65.8487
-65.8257
-65.8034
-65.7817
-65.7606
-65.74
-65.72
-65.7006
-65.6817
-65.6633
-65.6455
-65.6281
-65.6112
-65.5948
-65.5788
-65.5632
-65.5481
-65.5334
-65.5191
-65.5052
-65.4917
-65.4785
-65.4657
-65.4533
-65.4412
-65.4294
-65.418
-65.4068
-65.396
-65.3855
-65.3752
-65.3653
-65.3556
-65.3462
-65.337
-65.3281
-65.3194
-65.311
-65.3028
-65.2948
-65.2871
-65.2795
-65.2722
-65.2651
-65.2581
-65.2514
-65.2448
-65.2385
-65.2322
-65.2262
-65.2203
-65.2146
-65.2091
-65.2037
-65.1984
-65.1933
-65.1884
-65.1835
-65.1788
-65.1743
-65.1698
-65.1655
-65.1613
-65.1572
-65.1532
-65.1493
-65.1456
-65.1419
-65.1384
-65.1349
-65.1315
-65.1283
-65.1251
-65.122
-65.119
-65.1161
-65.1132
-65.1104
-65.1077
-65.1051
-65.1026
-65.1001
-65.0977
-65.0953
-65.0931
-65.0908
-65.0887
-65.0866
-65.0845
-65.0826
-65.0806
-65.0788
-65.0769
-65.0752
-65.0734
-65.0718
-65.0701
-65.0685
-65.067
-65.0655
-65.064
-65.0626
-65.0612
-65.0599
-65.0586
-65.0573
-65.0561
-65.0549
-65.0537
-65.0526
-65.0514
-65.0504
-65.0493
-65.0483
-65.0473
-65.0464
-65.0454
-65.0445
-65.0436
-65.0428
-65.0419
-65.0411
-65.0403
-65.0395
-65.0388
-65.0381
-65.0374
-65.0367
-65.036
-65.0353
-65.0347
-65.0341
-65.0335
-65.0329
-65.0323
-65.0318
-65.0313
-65.0307
-65.0302
-65.0297
-65.0293
-65.0288
-65.0283
-65.0279
-65.0275
-65.027
-65.0266
-65.0262
-65.0259
-65.0255
-65.0251
-65.0248
-65.0244
-65.0241
-65.0238
-65.0234
-65.0231
-65.0228
-65.0225
-65.0223
-65.022
-65.0217
-65.0215
-65.0212
-65.021
-65.0207
-65.0205
-65.0203
-65.02
-65.0198
-65.0196
-65.0194
-65.0192
-65.019
-65.0188
-65.0187
-65.0185
-65.0183
-65.0181
-65.018
-65.0178
-65.0177
-65.0175
-65.0174
-65.0172
-65.0171
-65.017
-65.0168
-65.0167
-65.0166
-65.0165
-65.0163
-65.0162
-65.0161
-65.016
-65.0159
-65.0158
-65.0157
-65.0156
-65.0155
-65.0154
-65.0153
-65.0153
-65.0152
-65.0151
-65.015
-65.0149
-65.0149
-65.0148
-65.0147
-65.0147
-65.0146
-65.0145
-65.0145
-65.0144
-65.0143
-65.0143
-65.0142
-65.0142
-65.0141
-65.0141
-65.014
-65.014
-65.0139
-65.0139
-65.0138
-65.0138
-65.0137
-65.0137
-65.0137
-65.0136
-65.0136
-65.0135
-65.0135
-65.0135
-65.0134
-65.0134
-65.0134
-65.0133
-65.0133
-65.0133
-65.0133
-65.0132
-65.0132
-65.0132
-65.0131
-65.0131
-65.0131
-65.0131
-65.0131
-65.013
-65.013
-65.013
-65.013
-65.0129
-65.0129
-65.0129
-65.0129
-65.0129
-65.0129
-65.0128
-65.0128
-65.0128
-65.0128
-65.0128
-65.0128
-65.0127
-65.0127
-65.0127
-65.0127
-65.0127
-65.0127
-65.0127
-65.0127
-65.0126
-65.0126
-65.0126
-65.0126
-65.0126
-65.0126
-65.0126
-65.0126
-65.0126
-65.0126
-65.0125
-65.0125
-65.0125
-65.0125
-65.0125
-65.0125
-65.0125
-65.0125
-65.0125
-65.0125
-65.0125
-65.0125
-65.0125
-65.0124
-65.0124
-65.0124
-65.0124
-65.0124
-65.0124
-65.0124
-65.0124
-65.0124
-65.0124
-65.0124
-65.0124
-65.0124
-65.0124
-65.0124
-65.0124
-65.0124
-65.0124
-65.0124
-65.0124
-65.0124
-65.0124
-65.0124
-65.0123
-65.0123
-65.0123
-65.0123
-65.0123
-65.0123
-65.0123
-65.0123
-65.0123
-65.0123
-65.0123
-65.0123
-65.0123
-65.0123
-65.0123
-65.0123
-65.0123
-65.0123
-65.0123
-65.0123
-65.0123
-65.0123
-65.0123
-65.0123
-65.0123
-65.0123
-65.0123
-65.0123
-65.0123
-65.0123
-65.0123
-65.0123
-65.0123
-65.0123
-65.0123
-65.0123
-65.0123
-65.0123
-65.0123
-65.0123
-65.0123
-65.0123
-65.0123
-65.0123
-65.0123
-65.0123
-65.0123
-65.0123
-65.0123
-65.0123
-65.0123
-65.0123
-65.0123
-65.0123
-65.0123
-65.0123
-65.0123
-65.0123
-65.0123
-65.0123
-65.0123
-65.0123
-65.0123
-65.0123
-65.0123
-65.0123
-65.0123
-65.0123
-65.0123
-65.0123
-65.0123
-65.0123
-65.0123
-65.0123
-64.6429
-64.3402
-64.1155
-63.9555
-63.8313
-63.7321
-63.6525
-63.5889
-63.5388
-63.5
-63.4707
-63.4497
-63.4356
-63.4276
-63.4246
-63.4261
-63.4313
-63.4398
-63.451
-63.4646
-63.4802
-63.4976
-63.5163
-63.5362
-63.5572
-63.5789
-63.6013
-63.6243
-63.6476
-63.6712
-63.695
-63.7189
-63.7428
-63.7667
-63.6877
-63.4632
-63.3188
-63.2154
-63.146
-63.0954
-63.0588
-63.0336
-63.0177
-63.0096
-63.0081
-63.012
-63.0206
-63.0331
-63.0489
-63.0675
-63.0884
-63.1113
-63.1137
-62.9727
-62.862
-62.684
-61.8715
-61.1999
-60.4723
-59.8612
-59.3271
-58.0734
-57.0492
-55.8958
-54.9738
-54.1404
-53.457
-52.9334
-52.2903
-51.6484
-51.0877
-50.3724
-49.8157
-49.3077
-48.8675
-48.4689
-48.0699
-47.6236
-47.1513
-46.6474
-46.0204
-45.203
-44.0122
-42.0724
-37.0496
29.8181
15.6688
-23.7684
-50.0348
-58.6317
-60.8194
-61.3701
-61.4815
-61.435
-61.2854
-61.1381
-60.9727
-60.8232
-60.7039
-60.5441
-60.3873
-60.2528
-60.1213
-60.029
-59.9541
-59.8561
-59.7838
-59.6837
-59.5756
-59.4296
-59.2524
-58.9909
-58.8065
-58.6789
-58.5956
-58.5414
-58.5026
-58.3958
-58.3277
-58.2898
-58.2033
-58.0458
-57.9248
-57.8118
-57.7487
-57.6325
-57.4984
-57.3708
-57.0621
-56.6974
-56.4418
-56.2185
-55.9529
-55.6403
-55.1204
-54.5884
-54.0406
-53.4777
-52.9592
-52.4331
-51.8885
-51.2516
-50.5438
-49.8873
-49.2284
-48.65
-48.0679
-47.5243
-46.948
-46.3048
-45.4961
-44.4666
-42.8882
-39.6343
-17.8475
34.0423
-12.7097
-43.9595
-58.3725
-62.024
-62.9369
-63.1377
-63.1023
-62.9842
-62.8445
-62.7077
-62.5833
-62.4742
-62.3804
-62.301
-62.2345
-62.1796
-62.1348
-62.0991
-62.0712
-62.0503
-62.0356
-62.0262
-62.0216
-62.0212
-62.0246
-62.0311
-62.0405
-62.0524
-62.0665
-62.0825
-62.1001
-62.1192
-62.1396
-62.161
-62.1834
-62.2065
-62.2302
-62.2545
-62.2792
-62.3043
-62.3296
-62.355
-62.3806
-62.4062
-62.4318
-62.4574
-62.4828
-62.5082
-62.5333
-62.5583
-62.5831
-62.6077
-62.632
-62.656
-62.6798
-62.7032
-62.7264
-62.7492
-62.7718
-62.794
-62.8159
-62.8375
-62.8587
-62.8797
-62.9003
-62.9206
-62.9405
-62.9601
-62.8946
-62.7583
-62.6679
-62.6054
-62.5636
-62.5248
-62.4481
-62.3972
-62.3614
-62.3232
-62.2245
-61.9527
-61.4326
-61.0349
-60.622
-59.9548
-58.9088
-57.3929
-56.0855
-54.8233
-53.8371
-53.0859
-52.412
-51.8772
-51.2944
-50.7649
-50.3421
-49.9952
-49.703
-49.4166
-49.1278
-48.877
-48.65
-48.3924
-48.1367
-47.8514
-47.5434
-47.2254
-46.847
-46.3737
-45.7047
-44.8188
-43.4722
-40.9878
-31.8028
41.9508
-2.24987
-37.1439
-57.4625
-62.5859
-63.6762
-63.8032
-63.6467
-63.3894
-63.061
-62.752
-62.4127
-62.094
-61.8387
-61.6329
-61.4661
-61.3295
-61.187
-61.0536
-60.9517
-60.8484
-60.7448
-60.6707
-60.6174
-60.5815
-60.5228
-60.4811
-60.4561
-60.4457
-60.446
-60.4516
-60.4188
-60.349
-60.2689
-60.1479
-60.0396
-59.8938
-59.5555
-59.0711
-58.6234
-58.2664
-57.8946
-57.5533
-57.2991
-57.1169
-56.985
-56.803
-56.5845
-56.2657
-55.9356
-55.514
-54.9985
-54.599
-54.1215
-53.5641
-53.0849
-52.6124
-52.1399
-51.5785
-51.0389
-50.6107
-50.2251
-49.8427
-49.4656
-49.1173
-48.8007
-48.48
-48.1456
-47.7631
-47.308
-46.8496
-46.2994
-45.5901
-44.5966
-43.1461
-40.2944
-26.4926
38.8482
-9.07609
-43.111
-60.1839
-64.5481
-65.64
-65.8863
-65.8643
-65.7505
-65.61
-65.4674
-65.332
-65.2068
-65.0922
-64.9879
-64.8931
-64.8067
-64.7281
-64.6563
-64.5908
-64.5308
-64.4758
-64.4254
-64.379
-64.3364
-64.2972
-64.2611
-64.2278
-64.197
-64.1687
-64.1425
-64.1183
-64.096
-64.0753
-64.0561
-64.0384
-64.022
-64.0068
-63.9928
-63.9797
-63.9676
-63.9565
-63.9461
-63.9365
-63.9276
-63.9194
-63.9118
-63.9047
-63.8982
-63.8923
-63.8867
-63.8817
-63.877
-63.8727
-63.8688
-63.8653
-63.862
-63.8591
-63.8565
-63.8541
-63.852
-63.8501
-63.8485
-63.8471
-63.8459
-63.8449
-63.8441
-63.8435
-63.843
-63.8427
-63.8426
-63.8426
-63.8428
-63.8431
-63.8435
-63.8441
-63.8448
-63.8456
-63.8465
-63.8475
-63.8487
-63.8312
-63.4709
-62.9967
-62.6628
-62.3622
-62.1399
-61.9657
-61.7883
-61.4601
-61.1437
-60.7508
-60.0553
-59.5176
-59.0988
-58.5808
-57.0339
-55.4909
-54.3786
-53.5722
-52.945
-52.3152
-51.8254
-51.3834
-51.0333
-50.7305
-50.472
-50.2611
-50.0886
-49.9487
-49.8355
-49.7449
-49.5322
-49.0952
-48.7521
-48.3989
-47.9696
-47.5439
-47.0702
-46.4703
-45.7491
-44.8029
-43.4216
-40.9398
-31.9706
41.9178
-2.00656
-37.8008
-58.7918
-64.0713
-65.2225
-65.3455
-65.1813
-64.9357
-64.6805
-64.4411
-64.2254
-63.994
-63.7735
-63.5637
-63.3918
-63.2472
-63.1254
-63.0217
-62.9332
-62.8262
-62.6815
-62.5662
-62.4755
-62.4052
-62.3491
-62.3043
-62.269
-62.2419
-62.2218
-62.208
-62.1995
-62.1956
-62.1781
-62.0724
-61.9662
-61.862
-61.7286
-61.6305
-61.5609
-61.5135
-61.4543
-61.3857
-61.3415
-61.3137
-61.2749
-61.163
-61.0932
-61.0476
-61.0138
-60.946
-60.8589
-60.6399
-60.2856
-59.8419
-59.1821
-58.6206
-57.9671
-57.3143
-56.6141
-55.8841
-55.2651
-54.5919
-53.702
-52.9132
-52.1719
-51.624
-51.1644
-50.7984
-50.4979
-50.215

