-70
-70.0758
-70.1508
-70.225
-70.2983
-70.3706
-70.4419
-70.5122
-70.5814
-70.6496
-70.7168
-70.7829
-70.848
-70.9121
-70.9752
-71.0373
-71.0984
-71.1586
-71.2178
-71.2761
-71.3334
-71.3899
-71.4455
-71.5003
-71.5543
-71.6074
-71.6598
-71.7114
-71.7623
-71.8124
-71.8619
-71.9106
-71.9587
-72.006
-72.0527
-72.0988
-72.1442
-72.1889
-72.2331
-72.2766
-72.3196
-72.362
-72.4038
-72.445
-72.4857
-72.5258
-72.5654
-72.6045
-72.6431
-72.6812
-72.7188
-72.756
-72.7927
-72.8289
-72.8647
-72.9
-72.9349
-72.9694
-73.0035
-73.0371
-73.0704
-73.1032
-73.1357
-73.1678
-73.1994
-73.2307
-73.2617
-73.2922
-73.3224
-73.3523
-73.3817
-73.4109
-73.4397
-73.4682
-73.4963
-73.5241
-73.5516
-73.5788
-73.6057
-73.6323
-73.6585
-73.6845
-73.7102
-73.7356
-73.7608
-73.7857
-73.8103
-73.8346
-73.8587
-73.8825
-73.9061
-73.9294
-73.9524
-73.9753
-73.9979
-74.0202
-74.0423
-74.0642
-74.0859
-74.1073
-74.1285
-74.1495
-74.1703
-74.1909
-74.2112
-74.2313
-74.2513
-74.271
-74.2905
-74.3098
-74.329
-74.3479
-74.3666
-74.3852
-74.4036
-74.4217
-74.4397
-74.4575
-74.4752
-74.4926
-74.5099
-74.527
-74.544
-74.5607
-74.5774
-74.5938
-74.6101
-74.6262
-74.6422
-74.658
-74.6736
-74.6891
-74.7045
-74.7197
-74.7347
-74.7496
-74.7644
-74.779
-74.7935
-74.8079
-74.8221
-74.8362
-74.8501
-74.864
-74.8777
-74.8913
-74.9047
-74.918
-74.9313
-74.9443
-74.9573
-74.9701
-74.9829
-74.9955
-75.008
-75.0204
-75.0327
-75.0448
-75.0569
-75.0688
-75.0806
-75.0924
-75.104
-75.1155
-75.1269
-75.1382
-75.1495
-75.1606
-75.1716
-75.1825
-75.1933
-75.204
-75.2147
-75.2252
-75.2356
-75.246
-75.2562
-75.2664
-75.2764
-75.2864
-75.2963
-75.3061
-75.3158
-75.3255
-75.335
-75.3445
-75.3538
-75.3631
-75.3724
-75.3815
-75.3906
-75.3995
-75.4084
-75.4172
-75.426
-75.4346
-75.4432
-75.4518
-75.4602
-75.4686
-75.4769
-75.4851
-75.4932
-75.5013
-75.5093
-75.5173
-75.5251
-75.533
-75.5407
-75.5484
-75.556
-75.5635
-75.571
-75.5784
-75.5858
-75.593
-75.6003
-75.6074
-75.6145
-75.6216
-75.6285
-75.6355
-75.6423
-75.6491
-75.6559
-75.6626
-75.6692
-75.6758
-75.6823
-75.6888
-75.6952
-75.7015
-75.7078
-75.7141
-75.7203
-75.7264
-75.7325
-75.7386
-75.7446
-75.7505
-75.7564
-75.7622
-75.768
-75.7738
-75.7795
-75.7851
-75.7907
-75.7963
-75.8018
-75.8072
-75.8127
-75.818
-75.8234
-75.8287
-75.8339
-75.8391
-75.8443
-75.8494
-75.8545
-75.8595
-75.8645
-75.8695
-75.8744
-75.8793
-75.8841
-75.8889
-75.8937
-75.8984
-75.9031
-75.9077
-75.9123
-75.9169
-75.9214
-75.9259
-75.9304
-75.9348
-75.9392
-75.9436
-75.9479
-75.9522
-75.9565
-75.9607
-75.9649
-75.969
-75.9731
-75.9772
-75.9813
-75.9853
-75.9893
-75.9933
-75.9972
-76.0011
-76.005
-76.0088
-76.0126
-76.0164
-76.0201
-76.0239
-76.0275
-76.0312
-76.0348
-76.0384
-76.042
-76.0456
-76.0491
-76.0526
-76.056
-76.0595
-76.0629
-76.0663
-76.0696
-76.0729
-76.0762
-76.0795
-76.0828
-76.086
-76.0892
-76.0924
-76.0955
-76.0986
-76.1017
-76.1048
-76.1079
-76.1109
-76.1139
-76.1169
-76.1198
-76.1228
-76.1257
-76.1286
-76.1314
-76.1343
-76.1371
-76.1399
-76.1427
-76.1455
-76.1482
-76.1509
-76.1536
-76.1563
-76.1589
-76.1615
-76.1642
-76.1667
-76.1693
-76.1719
-76.1744
-76.1769
-76.1794
-76.1819
-76.1843
-76.1868
-76.1892
-76.1916
-76.1939
-76.1963
-76.1986
-76.201
-76.2033
-76.2056
-76.2078
-76.2101
-76.2123
-76.2145
-76.2167
-76.2189
-76.2211
-76.2232
-76.2254
-76.2275
-76.2296
-76.2317
-76.2337
-76.2358
-76.2378
-76.2398
-76.2418
-76.2438
-76.2458
-76.2478
-76.2497
-76.2516
-76.2536
-76.2554
-76.2573
-76.2592
-76.2611
-76.2629
-76.2647
-76.2665
-76.2683
-76.2701
-76.2719
-76.2737
-76.2754
-76.2771
-76.2788
-76.2806
-76.2822
-76.2839
-76.2856
-76.2872
-76.2889
-76.2905
-76.2921
-76.2937
-76.2953
-76.2969
-76.2985
-76.3
-76.3016
-76.3031
-76.3046
-76.3061
-76.3076
-76.3091
-76.3106
-76.312
-76.3135
-76.3149
-76.3164
-76.3178
-76.3192
-76.3206
-76.322
-76.3233
-76.3247
-76.3261
-76.3274
-76.3287
-76.33
-76.3314
-76.3327
-76.334
-76.3352
-76.3365
-76.3378
-76.339
-76.3403
-76.3415
-76.3427
-76.3439
-76.3452
-76.3464
-76.3475
-76.3487
-76.3499
-76.351
-76.3522
-76.3533
-76.3545
-76.3556
-76.3567
-76.3578
-76.3589
-76.36
-76.3611
-76.3622
-76.3632
-76.3643
-76.3654
-76.3664
-76.3674
-76.3685
-76.3695
-76.3705
-76.3715
-76.3725
-76.3735
-76.3745
-76.3754
-76.3764
-76.3774
-76.3783
-76.3793
-76.3802
-76.3811
-76.382
-76.383
-76.3839
-76.3848
-76.3857
-76.3866
-76.3874
-76.3883
-76.3892
-76.39
-76.3909
-76.3917
-76.3926
-76.3934
-76.3943
-76.3951
-76.3959
-76.3967
-76.3975
-76.3983
-76.3991
-76.3999
-76.4007
-76.4014
-76.4022
-76.403
-76.4037
-76.4045
-76.4052
-73.0945
-69.0255
-65.9295
-63.5553
-61.6413
-59.9385
-58.1125
-55.246
-31.2515
9.69463
-27.3558
-73.7447
-79.0249
-78.7511
-78.5907
-78.4241
-78.2434
-78.0487
-77.8404
-77.6198
-77.3884
-75.137
-73.2319
-72.0281
-71.1533
-70.4465
-69.8396
-69.3018
-68.8181
-68.3811
-67.9865
-67.6319
-67.3156
-67.0358
-66.7911
-66.58
-66.4009
-66.1579
-64.3525
-63.0886
-62.2364
-61.619
-61.1483
-60.7748
-60.466
-60.1983
-59.9587
-59.7385
-59.5282
-59.3144
-59.0883
-58.8403
-58.5585
-58.2164
-57.7676
-57.1397
-56.1288
-54.0367
-42.2915
10.7503
-27.8594
-72.2636
-79.7722
-79.9191
-79.9156
-79.0453
-77.2141
-76.4908
-76.082
-75.7271
-75.3815
-75.0379
-74.6967
-74.3603
-74.0315
-73.7133
-73.4082
-73.1185
-72.8459
-72.5919
-72.3573
-72.1427
-69.8141
-66.613
-64.2088
-62.3827
-60.8994
-59.5622
-58.143
-56.1617
-50.8329
35.3954
-15.8969
-50.0476
-78.8124
-79.1385
-79.0411
-78.9253
-78.7985
-78.6609
-77.0214
-75.7396
-75.0591
-74.6172
-74.3259
-74.0973
-73.977
-73.8205
-73.6414
-73.4598
-73.2934
-73.3421
-73.3792
-73.5763
-73.7327
-73.8136
-73.8527
-73.8693
-73.8737
-73.8718
-74.0217
-74.1944
-74.3144
-74.3985
-74.4596
-74.5052
-74.5404
-74.5685
-74.5917
-74.6113
-74.6284
-74.6438
-74.658
-74.6713
-74.684
-74.6964
-74.7084
-74.7203
-74.7322
-74.744
-74.7558
-74.7676
-74.7795
-74.7915
-74.8035
-74.8155
-74.8276
-74.8397
-74.8519
-74.8641
-74.8764
-74.8886
-74.9008
-74.9131
-74.9253
-74.9375
-74.9497
-74.9619
-74.974
-74.9861
-74.9981
-75.0101
-75.022
-75.0339
-75.0456
-75.0574
-75.069
-75.0806
-75.0921
-75.1035
-75.1148
-75.1261
-75.1372
-75.1483
-75.1593
-75.1702
-75.1811
-75.1918
-75.2025
-75.213
-75.2235
-72.4735
-68.4902
-65.4328
-63.0855
-61.1749
-59.4277
-57.4255
-53.6418
46.1337
-4.73976
-36.1453
-78.3008
-78.9945
-78.6498
-78.4748
-78.2964
-78.1038
-77.897
-77.6766
-77.444
-77.201
-75.1106
-73.03
-71.6972
-70.7415
-69.9826
-69.342
-68.7825
-68.2856
-67.6448
-65.3123
-63.2164
-61.6032
-60.2521
-58.9717
-57.5123
-55.225
-45.7905
18.7431
-23.776
-68.1614
-78.7948
-78.7706
-78.6278
-78.4698
-78.2989
-78.1155
-77.9205
-77.715
-77.5007
-77.2793
-77.0532
-76.8169
-76.5324
-76.2817
-76.0614
-75.8623
-75.6802
-75.513
-75.3598
-75.2198
-75.0925
-74.9773
-74.8736
-74.781
-74.6987
-74.6261
-74.5626
-74.5074
-74.46
-73.3699
-69.4123
-66.1765
-63.7537
-61.8524
-60.2254
-58.5983
-56.4364
-50.5275
33.4461
-16.4633
-51.8129
-79.4168
-79.7322
-79.7046
-79.6671
-79.6256
-79.5799
-78.1108
-76.1318
-75.1612
-74.5394
-74.0261
-73.5546
-73.1051
-72.6723
-72.2563
-70.5434
-67.9499
-66.009
-64.5655
-63.4416
-62.5281
-61.7527
-61.0632
-60.419
-59.7764
-59.0366
-57.7623
-57.1252
-58.0485
-59.7451
-62.3636
-64.2447
-65.4607
-66.2624
-66.809
-67.1951
-67.4781
-68.1194
-69.5417
-70.5764
-71.2415
-71.6851
-71.9921
-72.212
-72.3745
-72.4983
-72.5954
-72.6736
-72.7384
-72.7934
-72.8412
-72.8837
-72.9223
-72.958
-72.9914
-73.0231
-73.0535
-73.083
-73.1118
-73.14
-73.1678
-73.1953
-73.2226
-73.2496
-73.2765
-73.3033
-73.33
-73.3565
-73.383
-73.4094
-73.4356
-73.4618
-73.4878
-73.5138
-73.5396
-73.5652
-73.5907
-73.6161
-73.6413
-73.6663
-73.6912
-73.7159
-73.7404
-73.7647
-73.7889
-73.8128
-73.8366
-73.8601
-73.8835
-73.9067
-73.9296
-73.9524
-73.9749
-73.9973
-74.0194
-74.0413
-74.063
-74.0845
-74.1058
-74.1269
-74.1478
-74.1685
-74.189
-74.2093
-74.2294
-74.2493
-74.269
-74.2885
-74.3078
-74.3269
-74.3458
-74.3645
-74.3831
-74.4014
-74.4196
-74.4376
-74.4554
-74.4731
-74.4905
-74.5078
-71.8216
-67.9287
-64.9405
-62.6377
-60.738
-58.9415
-56.7168
-51.285
36.7943
-14.5716
-48.1498
-79.3053
-78.9005
-78.5596
-78.3772
-78.1895
-77.9874
-77.7709
-77.5411
-77.2994
-77.0477
-74.7138
-72.6757
-71.3588
-70.4027
-69.6406
-68.9979
-68.4384
-67.9434
-67.5028
-65.7639
-63.4528
-61.6428
-60.1463
-58.7281
-57.061
-54.1118
-11.8848
2.15882
-31.5838
-76.3717
-79.0316
-78.5043
-78.2853
-78.0904
-77.8829
-77.6619
-77.4283
-77.1837
-76.9301
-76.6699
-76.4058
-76.1405
-75.8768
-75.6188
-75.409
-75.226
-75.0564
-74.8996
-74.7554
-74.6237
-74.5042
-74.3965
-74.3001
-74.2145
-74.1391
-74.0732
-74.0161
-73.9672
-73.9259
-73.8914
-73.8631
-73.8406
-73.8231
-73.8103
-73.8016
-73.7966
-73.7949
-73.7961
-73.7999
-73.806
-73.814
-73.8239
-73.8353
-73.848
-73.862
-73.8769
-73.8927
-73.9092
-73.9264
-72.1113
-68.1903
-65.1011
-62.7364
-60.8035
-59
-56.8142
-51.7905
39.2395
-13.0968
-45.6697
-78.5907
-78.9086
-78.7818
-78.6359
-78.4764
-78.3036
-78.118
-77.9203
-77.4475
-75.1138

