-70
-70.0758
-70.1508
-70.225
-70.2983
-70.3706
-70.4419
-70.5122
-70.5814
-70.6496
-70.7168
-70.7829
-70.848
-70.9121
-70.9752
-71.0373
-71.0984
-71.1586
-71.2178
-71.2761
-71.3334
-71.3899
-71.4455
-71.5003
-71.5543
-71.6074
-71.6598
-71.7114
-71.7623
-71.8124
-71.8619
-71.9106
-71.9587
-72.006
-72.0527
-72.0988
-72.1442
-72.1889
-72.2331
-72.2766
-72.3196
-72.362
-72.4038
-72.445
-72.4857
-72.5258
-72.5654
-72.6045
-72.6431
-72.6812
-72.7188
-72.756
-72.7927
-72.8289
-72.8647
-72.9
-72.9349
-72.9694
-73.0035
-73.0371
-73.0704
-73.1032
-73.1357
-73.1678
-73.1994
-73.2307
-73.2617
-73.2922
-73.3224
-73.3523
-73.3817
-73.4109
-73.4397
-73.4682
-73.4963
-73.5241
-73.5516
-73.5788
-73.6057
-73.6323
-73.6585
-73.6845
-73.7102
-73.7356
-73.7608
-73.7857
-73.8103
-73.8346
-73.8587
-73.8825
-73.9061
-73.9294
-73.9524
-73.9753
-73.9979
-74.0202
-74.0423
-74.0642
-74.0859
-74.1073
-74.1285
-74.1495
-74.1703
-74.1909
-74.2112
-74.2313
-74.2513
-74.271
-74.2905
-74.3098
-74.329
-74.3479
-74.3666
-74.3852
-74.4036
-74.4217
-74.4397
-74.4575
-74.4752
-74.4926
-74.5099
-74.527
-74.544
-74.5607
-74.5774
-74.5938
-74.6101
-74.6262
-74.6422
-74.658
-74.6736
-74.6891
-74.7045
-74.7197
-74.7347
-74.7496
-74.7644
-74.779
-74.7935
-74.8079
-74.8221
-74.8362
-74.8501
-74.864
-74.8777
-74.8913
-74.9047
-74.918
-74.9313
-74.9443
-74.9573
-74.9701
-74.9829
-74.9955
-75.008
-75.0204
-75.0327
-75.0448
-75.0569
-75.0688
-75.0806
-75.0924
-75.104
-75.1155
-75.1269
-75.1382
-75.1495
-75.1606
-75.1716
-75.1825
-75.1933
-75.204
-75.2147
-75.2252
-75.2356
-75.246
-75.2562
-75.2664
-75.2764
-75.2864
-75.2963
-75.3061
-75.3158
-75.3255
-75.335
-75.3445
-75.3538
-75.3631
-75.3724
-75.3815
-75.3906
-75.3995
-75.4084
-75.4172
-75.426
-75.4346
-75.4432
-75.4518
-75.4602
-75.4686
-75.4769
-75.4851
-75.4932
-75.5013
-75.5093
-75.5173
-75.5251
-75.533
-75.5407
-75.5484
-75.556
-75.5635
-75.571
-75.5784
-75.5858
-75.593
-75.6003
-75.6074
-75.6145
-75.6216
-75.6285
-75.6355
-75.6423
-75.6491
-75.6559
-75.6626
-75.6692
-75.6758
-75.6823
-75.6888
-75.6952
-75.7015
-75.7078
-75.7141
-75.7203
-75.7264
-75.7325
-75.7386
-75.7446
-75.7505
-75.7564
-75.7622
-75.768
-75.7738
-75.7795
-75.7851
-75.7907
-75.7963
-75.8018
-75.8072
-75.8127
-75.818
-75.8234
-75.8287
-75.8339
-75.8391
-75.8443
-75.8494
-75.8545
-75.8595
-75.8645
-75.8695
-75.8744
-75.8793
-75.8841
-75.8889
-75.8937
-75.8984
-75.9031
-75.9077
-75.9123
-75.9169
-75.9214
-75.9259
-75.9304
-75.9348
-75.9392
-75.9436
-75.9479
-75.9522
-75.9565
-75.9607
-75.9649
-75.969
-75.9731
-75.9772
-75.9813
-75.9853
-75.9893
-75.9933
-75.9972
-76.0011
-76.005
-76.0088
-76.0126
-76.0164
-76.0201
-76.0239
-76.0275
-76.0312
-76.0348
-76.0384
-76.042
-76.0456
-76.0491
-76.0526
-76.056
-76.0595
-76.0629
-76.0663
-76.0696
-76.0729
-76.0762
-76.0795
-76.0828
-76.086
-76.0892
-76.0924
-76.0955
-76.0986
-76.1017
-76.1048
-76.1079
-76.1109
-76.1139
-76.1169
-76.1198
-76.1228
-76.1257
-76.1286
-76.1314
-76.1343
-76.1371
-76.1399
-76.1427
-76.1455
-76.1482
-76.1509
-76.1536
-76.1563
-76.1589
-76.1615
-76.1642
-76.1667
-76.1693
-76.1719
-76.1744
-76.1769
-76.1794
-76.1819
-76.1843
-76.1868
-76.1892
-76.1916
-76.1939
-76.1963
-76.1986
-76.201
-76.2033
-76.2056
-76.2078
-76.2101
-76.2123
-76.2145
-76.2167
-76.2189
-76.2211
-76.2232
-76.2254
-76.2275
-76.2296
-76.2317
-76.2337
-76.2358
-76.2378
-76.2398
-76.2418
-76.2438
-76.2458
-76.2478
-76.2497
-76.2516
-76.2536
-76.2554
-76.2573
-76.2592
-76.2611
-76.2629
-76.2647
-76.2665
-76.2683
-76.2701
-76.2719
-76.2737
-76.2754
-76.2771
-76.2788
-76.2806
-76.2822
-76.2839
-76.2856
-76.2872
-76.2889
-76.2905
-76.2921
-76.2937
-76.2953
-76.2969
-76.2985
-76.3
-76.3016
-76.3031
-76.3046
-76.3061
-76.3076
-76.3091
-76.3106
-76.312
-76.3135
-76.3149
-76.3164
-76.3178
-76.3192
-76.3206
-76.322
-76.3233
-76.3247
-76.3261
-76.3274
-76.3287
-76.33
-76.3314
-76.3327
-76.334
-76.3352
-76.3365
-76.3378
-76.339
-76.3403
-76.3415
-76.3427
-76.3439
-76.3452
-76.3464
-76.3475
-76.3487
-76.3499
-76.351
-76.3522
-76.3533
-76.3545
-76.3556
-76.3567
-76.3578
-76.3589
-76.36
-76.3611
-76.3622
-76.3632
-76.3643
-76.3654
-76.3664
-76.3674
-76.3685
-76.3695
-76.3705
-76.3715
-76.3725
-76.3735
-76.3745
-76.3754
-76.3764
-76.3774
-76.3783
-76.3793
-76.3802
-76.3811
-76.382
-76.383
-76.3839
-76.3848
-74.8282
-70.5201
-67.0513
-64.4239
-62.3561
-60.6007
-58.8768
-56.6354
-50.5571
33.4334
-16.2327
-51.469
-79.4443
-79.7444
-79.7174
-79.6815
-79.6415
-79.5976
-79.5496
-79.4977
-79.442
-79.3828
-79.3206
-79.2558
-79.1891
-79.1212
-79.0527
-78.9844
-78.9168
-78.8506
-78.7864
-78.7245
-78.6652
-78.6089
-78.5556
-77.2989
-72.7326
-68.9791
-66.1661
-64.0021
-62.2666
-60.7703
-59.3098
-57.5423
-53.6831
46.1988
-5.01337
-36.2327
-78.0354
-79.3317
-79.2663
-79.1759
-79.076
-78.967
-78.8489
-78.722
-78.5869
-78.4445
-78.296
-78.1428
-77.9864
-77.8286
-77.6127
-77.2877
-76.8514
-76.5476
-76.3299
-76.1611
-76.0449
-75.9604
-73.7323
-70.4397
-68.3517
-67.0401
-66.1825
-65.604
-65.5762
-66.2853
-66.8378
-67.2298
-67.5189
-67.74
-67.9153
-68.0593
-68.1816
-68.2886
-68.3849
-68.5462
-69.334
-69.2173
-66.8144
-64.9856
-63.7526
-62.8863
-62.2533
-61.7748
-61.401
-61.1003
-60.8548
-60.651
-60.4762
-60.324
-60.1902
-60.0718
-59.9669
-59.8739
-59.792
-59.7205
-59.6582
-58.9277
-56.6738
-53.0923
20.9065
-4.5389
-36.1352
-77.2849
-79.3474
-79.3185
-78.7034
-77.5685
-77.0715
-76.7326
-76.4071
-76.0753
-75.7355
-75.3951
-75.1095
-74.8369
-74.5682
-74.3078
-74.088
-74.0208
-73.9687
-74.1291
-74.322
-74.5128
-74.6647
-74.746
-74.7882
-74.8094
-74.8191
-74.8226
-74.8228
-74.8217
-74.82
-74.8185
-74.8176
-74.8174
-74.867
-74.9731
-75.0571
-75.1211
-75.171
-75.2108
-75.2432
-75.2701
-75.2929
-75.3125
-75.3296
-75.3449
-75.3586
-75.3712
-75.3829
-75.3938
-75.4041
-75.4139
-75.4234
-75.4325
-75.4413
-75.4499
-75.4584
-75.4667
-75.4748
-75.4829
-75.4908
-75.4987
-75.5065
-75.5142
-75.5218
-75.5294
-75.537
-75.5445
-75.5519
-75.5593
-75.5666
-75.5739
-75.5811
-75.5883
-75.5954
-75.6025
-75.6095
-75.6165
-75.6234
-75.6303
-75.6371
-75.6439
-75.6506
-75.6573
-75.6639
-75.6705
-75.677
-75.6835
-75.6899
-75.6962
-75.7026
-72.9044
-68.8535
-65.7449
-63.3633
-61.4389
-59.7099
-57.8073
-54.5915
13.2933
2.61946
-31.107
-76.6103
-79.5025
-78.7028
-78.4218
-78.2316
-78.0312
-77.8162
-77.5871
-77.3451
-77.0922
-76.1496
-73.6825
-71.9684
-70.8121
-69.9361
-69.2207
-68.6099
-68.0755
-67.6025
-65.701
-63.4935
-61.7819
-60.3716
-59.0585
-58.3571
-58.6742
-59.6237
-61.7533
-63.4651
-64.1093
-65.239
-65.9843
-66.4266
-66.7054
-66.9241
-67.7893
-68.4909
-68.9477
-69.2567
-69.4753
-69.6365
-69.7606
-69.86
-69.9429
-70.0145
-70.0784
-70.137
-70.1921
-70.2449
-70.2962
-70.3465
-70.3965
-70.4463
-70.4961
-70.5461
-70.5963
-69.4127
-66.0695
-63.4018
-61.3576
-59.6413
-57.9372
-55.6234
-48.3392
25.2679
-20.941
-61.2051
-79.4619
-79.6568
-79.5237
-79.4468
-79.3801
-79.3094
-78.0772
-75.8965
-74.8052
-74.14
-73.6147
-73.1468
-72.7102
-72.2966
-71.9043
-71.5337
-70.0572
-67.3699
-65.3282
-63.8203
-62.6515
-61.6971
-60.8705
-60.1045
-59.3324
-59.0675
-59.6901
-59.1427
-58.4505
-57.6852
-56.661
-54.8263
-47.5284
22.2822
-22.5826
-64.4813
-79.3518
-79.4507
-79.3429
-79.1006
-78.9001
-78.7737
-78.6561
-78.5364
-78.4141
-78.2898
-78.1646
-78.0399
-77.9168
-77.7964
-77.6797
-77.5676
-77.4608
-77.3598
-77.2651
-77.1768
-77.095
-77.0197
-76.9507
-76.8878
-76.8308
-76.7792
-76.7327
-76.691
-76.6538
-76.6205
-76.591
-76.5648
-76.5416
-76.5211
-76.503
-76.4872
-76.4733
-76.4611
-76.4505
-76.4413
-76.4333
-76.4263
-76.4203
-76.4151
-76.4107
-76.4069
-76.4037
-76.4011
-76.3988
-76.3969
-76.3954
-76.3942
-76.3932
-76.3925
-76.3919
-76.3916
-76.3914
-76.3913
-76.3913
-76.3914
-76.3917
-76.392
-76.3923
-76.3927
-76.3932
-76.3937
-76.3943
-76.3948
-76.3954
-76.3961
-76.3967
-76.3974
-76.398
-76.3987
-76.3994
-73.0829
-69.0082
-65.9087
-63.5321
-61.6155
-59.9076
-58.0687
-55.1465
-26.861
8.43062
-27.9826
-74.3765
-79.7105
-79.7343
-79.7015
-79.6636
-79.6218
-79.576
-79.157
-76.4846
-74.9528
-74.0898
-73.453
-72.9077
-72.4088
-71.9406
-71.4982
-71.0808
-68.6809
-66.249
-64.4542
-63.0823
-61.9768
-61.0305
-60.1602
-59.2835
-58.2852
-55.7165
-47.4307
22.6972
-21.9252
-63.252
-79.2025
-79.3251
-79.2465
-79.1548
-77.6925
-76.8898
-76.4565
-76.0815
-75.7386
-75.43
-75.1392
-74.9127
-74.7092
-74.5766
-73.9775
-71.4538
-69.7319
-68.7121
-68.4329
-69.1995
-69.6852
-69.9378
-70.0737
-70.149
-70.1921
-70.2181
-70.2355
-70.2492
-70.2618
-70.2751
-70.2902
-70.3075
-70.3273
-70.3498
-70.375
-70.4028
-70.4332
-70.466
-70.501
-70.5381
-70.5772
-70.618
-70.6604
-70.7042
-70.7493
-70.7955
-70.8427
-70.8906
-70.9393
-70.9886
-71.0382
-71.0883
-71.1386
-71.189
-71.2396
-68.5317
-65.1931
-62.6374
-60.5918
-58.7208
-56.4845
-51.327
37.7904
-14.5643
-47.9287
-79.1881
-79.6651
-79.6334
-79.5875
-78.265
-77.1181
-76.6147
-76.2397
-75.8815
-75.5212
-75.1567
-74.7902
-74.4251
-72.4279
-69.8741
-68.047
-66.7091
-65.6782

