-70
-70.0758
-70.1508
-70.225
-70.2983
-70.3706
-70.4419
-70.5122
-70.5814
-70.6496
-70.7168
-70.7829
-70.848
-70.9121
-70.9752
-71.0373
-71.0984
-71.1586
-71.2178
-71.2761
-71.3334
-71.3899
-71.4455
-71.5003
-71.5543
-71.6074
-71.6598
-71.7114
-71.7623
-71.8124
-71.8619
-71.9106
-71.9587
-72.006
-72.0527
-72.0988
-72.1442
-72.1889
-72.2331
-72.2766
-72.3196
-72.362
-72.4038
-72.445
-72.4857
-72.5258
-72.5654
-72.6045
-72.6431
-72.6812
-72.7188
-72.756
-72.7927
-72.8289
-72.8647
-72.9
-72.9349
-72.9694
-73.0035
-73.0371
-73.0704
-73.1032
-73.1357
-73.1678
-73.1994
-73.2307
-73.2617
-73.2922
-73.3224
-73.3523
-73.3817
-73.4109
-73.4397
-73.4682
-73.4963
-73.5241
-73.5516
-73.5788
-73.6057
-73.6323
-73.6585
-73.6845
-73.7102
-73.7356
-73.7608
-73.7857
-73.8103
-73.8346
-73.8587
-73.8825
-73.9061
-73.9294
-73.9524
-73.9753
-73.9979
-74.0202
-74.0423
-74.0642
-74.0859
-74.1073
-74.1285
-74.1495
-74.1703
-74.1909
-74.2112
-74.2313
-74.2513
-74.271
-74.2905
-74.3098
-74.329
-74.3479
-74.3666
-74.3852
-74.4036
-74.4217
-74.4397
-74.4575
-74.4752
-74.4926
-74.5099
-74.527
-74.544
-74.5607
-74.5774
-74.5938
-74.6101
-74.6262
-74.6422
-74.658
-74.6736
-74.6891
-74.7045
-74.7197
-74.7347
-74.7496
-74.7644
-74.779
-74.7935
-74.8079
-74.8221
-74.8362
-74.8501
-74.864
-74.8777
-74.8913
-74.9047
-74.918
-74.9313
-74.9443
-74.9573
-74.9701
-74.9829
-74.9955
-75.008
-75.0204
-75.0327
-75.0448
-75.0569
-75.0688
-75.0806
-75.0924
-75.104
-75.1155
-75.1269
-75.1382
-75.1495
-75.1606
-75.1716
-75.1825
-75.1933
-75.204
-75.2147
-75.2252
-75.2356
-75.246
-75.2562
-75.2664
-75.2764
-75.2864
-75.2963
-75.3061
-75.3158
-75.3255
-75.335
-75.3445
-75.3538
-75.3631
-75.3724
-75.3815
-75.3906
-75.3995
-75.4084
-75.4172
-75.426
-75.4346
-75.4432
-75.4518
-75.4602
-75.4686
-75.4769
-75.4851
-75.4932
-75.5013
-75.5093
-75.5173
-75.5251
-75.533
-75.5407
-75.5484
-75.556
-75.5635
-75.571
-75.5784
-75.5858
-75.593
-75.6003
-75.6074
-75.6145
-75.6216
-75.6285
-75.6355
-75.6423
-75.6491
-75.6559
-75.6626
-75.6692
-75.6758
-75.6823
-75.6888
-75.6952
-75.7015
-75.7078
-75.7141
-75.7203
-75.7264
-75.7325
-75.7386
-75.7446
-75.7505
-75.7564
-75.7622
-75.768
-75.7738
-75.7795
-75.7851
-75.7907
-75.7963
-75.8018
-75.8072
-75.8127
-75.818
-75.8234
-75.8287
-75.8339
-75.8391
-75.8443
-75.8494
-75.8545
-75.8595
-75.8645
-75.8695
-75.8744
-75.8793
-75.8841
-75.8889
-75.8937
-75.8984
-75.9031
-75.9077
-75.9123
-75.9169
-75.9214
-75.9259
-75.9304
-75.9348
-75.9392
-75.9436
-75.9479
-75.9522
-75.9565
-75.9607
-75.9649
-75.969
-75.9731
-75.9772
-75.9813
-75.9853
-75.9893
-75.9933
-75.9972
-76.0011
-76.005
-76.0088
-76.0126
-76.0164
-76.0201
-76.0239
-76.0275
-76.0312
-76.0348
-76.0384
-76.042
-76.0456
-76.0491
-76.0526
-76.056
-76.0595
-76.0629
-76.0663
-76.0696
-76.0729
-76.0762
-76.0795
-76.0828
-76.086
-76.0892
-76.0924
-76.0955
-76.0986
-76.1017
-76.1048
-76.1079
-76.1109
-76.1139
-76.1169
-76.1198
-76.1228
-76.1257
-76.1286
-76.1314
-76.1343
-76.1371
-76.1399
-76.1427
-76.1455
-76.1482
-76.1509
-76.1536
-76.1563
-76.1589
-76.1615
-76.1642
-76.1667
-76.1693
-76.1719
-76.1744
-76.1769
-76.1794
-76.1819
-76.1843
-76.1868
-76.1892
-76.1916
-76.1939
-76.1963
-76.1986
-76.201
-76.2033
-76.2056
-76.2078
-76.2101
-76.2123
-76.2145
-76.2167
-76.2189
-76.2211
-76.2232
-76.2254
-76.2275
-76.2296
-76.2317
-76.2337
-76.2358
-76.2378
-76.2398
-76.2418
-76.2438
-76.2458
-76.2478
-76.2497
-76.2516
-76.2536
-76.2554
-76.2573
-76.2592
-76.2611
-76.2629
-76.2647
-76.2665
-76.2683
-76.2701
-76.2719
-76.2737
-76.2754
-76.2771
-76.2788
-76.2806
-76.2822
-76.2839
-76.2856
-76.2872
-76.2889
-76.2905
-76.2921
-76.2937
-76.2953
-76.2969
-76.2985
-76.3
-76.3016
-76.3031
-76.3046
-76.3061
-76.3076
-76.3091
-76.3106
-76.312
-76.3135
-76.3149
-76.3164
-76.3178
-76.3192
-76.3206
-76.322
-76.3233
-76.3247
-76.3261
-76.3274
-76.3287
-76.33
-76.3314
-76.3327
-76.334
-76.3352
-76.3365
-76.3378
-76.339
-76.3403
-76.3415
-76.3427
-76.3439
-76.3452
-76.3464
-76.3475
-76.3487
-76.3499
-76.351
-76.3522
-76.3533
-76.3545
-76.3556
-76.3567
-76.3578
-76.3589
-76.36
-76.3611
-76.3622
-76.3632
-76.3643
-76.3654
-76.3664
-76.3674
-76.3685
-76.3695
-76.3705
-76.3715
-76.3725
-76.3735
-76.3745
-76.3754
-76.3764
-76.3774
-76.3783
-76.3793
-76.3802
-76.3811
-76.382
-76.383
-76.3839
-76.3848
-76.3857
-76.3866
-76.3874
-76.3883
-76.3892
-76.39
-76.3909
-76.3917
-76.3926
-76.3934
-76.3943
-76.3951
-76.3959
-76.3967
-76.3975
-76.3983
-76.3991
-76.3999
-76.4007
-76.4014
-76.4022
-76.403
-76.4037
-76.4045
-76.4052
-76.406
-76.4067
-76.4074
-76.4082
-76.4089
-76.4096
-76.4103
-76.411
-76.4117
-76.4124
-73.9857
-69.7641
-66.4866
-63.9897
-62.0028
-60.2797
-58.5179
-56.0299
-46.3611
21.6001
-21.8092
-63.9917
-79.1502
-79.1926
-79.095
-78.9849
-78.8645
-78.7336
-78.5927
-78.4423
-78.2832
-78.1166
-77.9441
-77.7674
-77.5884
-77.4091
-77.1992
-76.8393
-76.5303
-76.2571
-76.0749
-75.9538
-75.8665
-75.7997
-75.7646
-75.7419
-75.7224
-75.7054
-75.6907
-75.6782
-75.6674
-75.6584
-75.2435
-71.4082
-68.2335
-66.0562
-64.5151
-63.3833
-62.5175
-61.8242
-61.2408
-60.7224
-60.232
-59.7333
-59.1863
-58.5185
-57.5918
-55.9969
-51.2331
37.7241
-14.7829
-48.3938
-79.3733
-78.979
-78.4637
-78.2513
-78.0502
-77.8355
-77.6064
-77.364
-77.11
-76.8463
-76.5757
-76.3008
-76.0247
-73.4449
-70.5983
-68.6055
-67.1559
-66.0475
-65.1672
-64.448
-63.8478
-63.3382
-61.4588
-59.3681
-57.2531
-53.8439
23.6432
-1.3425
-33.6893
-77.1736
-79.5213
-79.5017
-79.4405
-79.2585
-79.1265
-78.8103
-78.2587
-77.9933
-77.8222
-77.6738
-77.4563
-77.2503
-77.0923
-76.9592
-76.8045
-76.6389
-76.5129
-76.413
-76.3048
-76.2136
-76.1448
-76.0851
-76.0362
-75.9999
-75.9719
-75.9497
-75.9316
-75.9168
-75.9046
-75.8945
-75.8861
-75.8793
-75.8738
-75.8694
-75.8661
-75.8636
-75.8619
-75.8609
-75.8605
-75.8606
-75.8613
-75.8624
-75.8639
-75.8657
-75.8678
-75.8702
-75.8728
-75.8757
-75.8787
-75.8819
-75.8853
-75.8888
-75.8924
-75.896
-75.8998
-75.9036
-75.9075
-75.9115
-75.9154
-75.9195
-75.9235
-75.9275
-75.9316
-75.9357
-75.9398
-75.9439
-75.948
-75.952
-75.9561
-75.9602
-75.9642
-75.9682
-75.9722
-75.9762
-75.9802
-75.9842
-75.9881
-75.992
-75.9959
-75.5804
-71.4454
-67.7142
-64.9042
-62.7192
-60.9031
-59.1852
-57.1011
-52.5587
42.6625
-10.3327
-41.7976
-78.4812
-78.8969
-78.7648
-78.6165
-78.4545
-78.2788
-78.09
-77.8886
-77.676
-75.4886
-73.6969
-72.5895
-71.7832
-71.1226
-70.5458
-70.0263
-69.5523
-68.5648
-66.0935
-64.0675
-62.5333
-62.0043
-62.2862
-62.5354
-62.843
-65.3672
-67.8821
-69.1347
-67.9378
-66.8863
-66.2749
-66.2191
-66.7753
-67.1753
-67.4389
-67.6231
-67.7595
-67.8666
-67.9554
-68.0327
-68.1028
-68.1687
-68.2322
-68.2946
-68.3568
-68.4193
-68.4824
-68.5465
-68.6117
-68.6779
-68.7452
-68.8136
-68.8829
-68.9531
-69.0241
-69.0958
-66.3754
-63.4841
-61.2649
-59.4157
-57.5663
-54.9172
-42.507
13.2094
-26.192
-71.0287
-79.5448
-79.6239
-79.5804
-79.5284
-79.4711
-79.4087
-79.3411
-79.1247
-76.1315
-74.05
-72.8213
-71.9535
-71.2593
-70.6631
-70.132
-69.6509
-69.1334
-66.7395
-64.4825
-62.7855
-61.4352
-60.2681
-59.1399
-57.8604
-55.9808
-50.8218
35.9127
-16.1067
-50.4318
-78.7092
-79.0301
-78.9206
-78.6965
-78.4828
-78.2446
-78.0371
-77.7132
-77.343
-77.0901
-76.8906
-76.7106
-76.5413
-76.3808
-76.2287
-76.0855
-75.9513
-75.8342
-75.7367
-75.6516
-75.5764
-75.51
-75.4512
-75.3993
-75.3537
-75.3139
-75.2791
-75.2492
-75.2234
-75.2016
-75.1833
-75.1681
-75.1637
-75.2333
-75.2996
-75.3512
-75.392
-75.4249
-75.452
-75.4747
-75.494
-75.5107
-75.5254
-75.5384
-75.5503
-75.5611
-75.5711
-75.5805
-75.5893
-75.5977
-75.6057
-75.6135
-75.621
-75.6283
-75.6354
-75.6423
-75.6492
-75.6559
-75.6626
-75.6691
-75.6756
-75.6821
-75.6884
-75.6947
-75.7009
-75.7071
-75.7133
-75.7194
-75.7254
-75.7314
-75.7374
-75.7433
-75.7492
-75.755
-75.7608
-75.7665
-75.7722
-75.7779
-75.7835
-75.789
-75.7946
-75.8
-75.8055
-75.8109
-75.8163
-75.8216
-75.8269
-75.8321
-75.8373
-75.8425
-75.8476
-75.8527
-75.8577
-75.8627
-75.8677
-75.8726
-73.0533
-68.973
-65.8425
-63.4458
-61.5132
-59.7849
-57.9014
-54.7954
-5.45044
4.6144
-29.9726
-75.6581
-78.9325
-78.8182
-78.6754
-78.5187
-78.3485
-78.1649
-77.9685
-77.7604
-76.6299
-74.3779
-72.9466
-71.9898
-71.2483
-70.6216
-70.0674
-69.5667
-69.1107
-68.1291
-65.6273
-63.5684
-62.0387
-61.9535
-62.1489
-62.3003
-62.9476
-65.4777
-67.8507
-69.2773
-70.1319
-70.6683
-71.0197
-71.5318
-72.0436
-72.3866
-72.6198
-72.7844
-72.9045
-72.9953
-73.0661
-73.1231
-73.1703
-73.2106
-73.246
-73.2777
-73.3069
-73.3341
-73.36
-73.3849
-73.409
-73.4327
-73.4561
-73.4792
-73.5021
-70.955
-67.2951
-64.521
-62.4044
-60.6739
-59.0677
-57.1945
-53.6758
43.0943
-3.58504
-35.2756
-77.9456
-79.7076
-79.6991
-79.6616
-79.6192
-79.5726
-79.5216
-79.4665
-79.4073
-79.3443
-79.2781
-79.2091
-78.3843
-74.4658
-71.5075
-69.4909
-68.0221
-66.8974
-66.0038
-65.2742
-64.667
-64.1544
-63.718
-61.7399
-59.5403
-57.3319
-53.7198
39.3254
-2.99764
-34.8074
-77.6359
-79.4562
-78.6129
-78.2763

