-70
-69.8623
-69.7285
-69.5983
-69.4718
-69.3487
-69.2291
-69.1128
-68.9997
-68.8897
-68.7828
-68.6789
-68.5778
-68.4795
-68.3839
-68.291
-68.2007
-68.1128
-68.0274
-67.9443
-67.8636
-67.7851
-67.7087
-67.6345
-67.5623
-67.4921
-67.4238
-67.3574
-67.2929
-67.2301
-67.1691
-67.1098
-67.0521
-66.996
-66.9414
-66.8884
-66.8368
-66.7866
-66.7378
-66.6904
-66.6443
-66.5994
-66.5558
-66.5133
-66.4721
-66.432
-66.393
-66.355
-66.3181
-66.2823
-66.2474
-66.2134
-66.1805
-66.1484
-66.1172
-66.0868
-66.0573
-66.0286
-66.0007
-65.9736
-65.9472
-65.9215
-65.8966
-65.8723
-65.8487
-65.8257
-65.8034
-65.7817
-65.7606
-65.74
-65.72
-65.7006
-65.6817
-65.6633
-65.6455
-65.6281
-65.6112
-65.5948
-65.5788
-65.5632
-65.5481
-65.5334
-65.5191
-65.5052
-65.4917
-65.4785
-65.4657
-65.4533
-65.4412
-65.4294
-65.418
-65.4068
-65.396
-65.3855
-65.3752
-65.3653
-65.3556
-65.3462
-65.337
-65.3281
-65.3194
-65.311
-65.3028
-65.2948
-65.2871
-65.2795
-65.2722
-65.2651
-65.2581
-65.2514
-65.2448
-65.2385
-65.2322
-65.2262
-65.2203
-65.2146
-65.2091
-65.2037
-65.1984
-65.1933
-65.1884
-65.1835
-65.1788
-65.1743
-65.1698
-65.1655
-65.1613
-65.1572
-65.1532
-65.1493
-65.1456
-65.1419
-65.1384
-65.1349
-65.1315
-65.1283
-65.1251
-65.122
-65.119
-65.1161
-65.1132
-65.1104
-65.1077
-65.1051
-65.1026
-65.1001
-65.0977
-65.0953
-65.0931
-65.0908
-65.0887
-65.0866
-65.0845
-65.0826
-65.0806
-65.0788
-65.0769
-65.0752
-65.0734
-65.0718
-65.0701
-65.0685
-65.067
-65.0655
-65.064
-65.0626
-65.0612
-65.0599
-65.0586
-65.0573
-65.0561
-65.0549
-65.0537
-65.0526
-65.0514
-65.0504
-65.0493
-65.0483
-65.0473
-65.0464
-65.0454
-65.0445
-65.0436
-65.0428
-65.0419
-65.0411
-65.0403
-65.0395
-65.0388
-65.0381
-65.0374
-65.0367
-65.036
-65.0353
-65.0347
-65.0341
-65.0335
-65.0329
-65.0323
-65.0318
-65.0313
-65.0307
-65.0302
-65.0297
-65.0293
-65.0288
-65.0283
-65.0279
-65.0275
-65.027
-65.0266
-65.0262
-65.0259
-65.0255
-65.0251
-65.0248
-65.0244
-65.0241
-65.0238
-65.0234
-65.0231
-65.0228
-65.0225
-65.0223
-65.022
-65.0217
-65.0215
-65.0212
-65.021
-65.0207
-65.0205
-65.0203
-65.02
-65.0198
-65.0196
-65.0194
-65.0192
-65.019
-65.0188
-65.0187
-65.0185
-65.0183
-65.0181
-65.018
-65.0178
-65.0177
-65.0175
-65.0174
-65.0172
-65.0171
-65.017
-65.0168
-65.0167
-65.0166
-65.0165
-65.0163
-65.0162
-65.0161
-65.016
-65.0159
-65.0158
-65.0157
-65.0156
-65.0155
-65.0154
-65.0153
-65.0153
-65.0152
-65.0151
-65.015
-65.0149
-65.0149
-65.0148
-65.0147
-65.0147
-65.0146
-65.0145
-65.0145
-65.0144
-65.0143
-65.0143
-65.0142
-65.0142
-65.0141
-65.0141
-65.014
-65.014
-65.0139
-65.0139
-65.0138
-65.0138
-65.0137
-65.0137
-65.0137
-65.0136
-65.0136
-65.0135
-65.0135
-65.0135
-65.0134
-65.0134
-65.0134
-65.0133
-65.0133
-65.0133
-65.0133
-65.0132
-65.0132
-65.0132
-65.0131
-65.0131
-65.0131
-65.0131
-65.0131
-65.013
-65.013
-65.013
-65.013
-65.0129
-65.0129
-65.0129
-65.0129
-65.0129
-65.0129
-65.0128
-65.0128
-65.0128
-65.0128
-65.0128
-65.0128
-65.0127
-65.0127
-65.0127
-65.0127
-65.0127
-65.0127
-65.0127
-65.0127
-65.0126
-65.0126
-65.0126
-65.0126
-65.0126
-65.0126
-65.0126
-65.0126
-65.0126
-65.0126
-65.0125
-65.0125
-65.0125
-65.0125
-65.0125
-65.0125
-65.0125
-65.0125
-65.0125
-65.0125
-65.0125
-65.0125
-65.0125
-65.0124
-65.0124
-65.0124
-65.0124
-65.0124
-65.0124
-65.0124
-65.0124
-65.0124
-65.0124
-65.0124
-65.0124
-65.0124
-65.0124
-65.0124
-65.0124
-65.0124
-65.0124
-65.0124
-65.0124
-65.0124
-65.0124
-65.0124
-65.0123
-65.0123
-65.0123
-65.0123
-65.0123
-65.0123
-65.0123
-65.0123
-65.0123
-65.0123
-65.0123
-65.0123
-65.0123
-65.0123
-65.0123
-65.0123
-65.0123
-65.0123
-65.0123
-65.0123
-65.0123
-65.0123
-65.0123
-65.0123
-65.0123
-65.0123
-65.0123
-65.0123
-65.0123
-65.0123
-65.0123
-65.0123
-65.0123
-65.0123
-65.0123
-65.0123
-65.0123
-65.0123
-65.0123
-65.0123
-65.0123
-65.0123
-65.0123
-65.0123
-65.0123
-65.0123
-65.0123
-65.0123
-65.0123
-65.0123
-65.0123
-65.0123
-65.0123
-65.0123
-65.0123
-65.0123
-65.0123
-65.0123
-65.0123
-65.0123
-65.0123
-65.0123
-65.0123
-65.0123
-65.0123
-65.0123
-65.0123
-65.0123
-65.0123
-65.0123
-65.0123
-65.0123
-65.0123
-65.0123
-64.2764
-63.6781
-63.2365
-62.9232
-62.6807
-62.4873
-62.3322
-62.2086
-62.1111
-62.0356
-61.9788
-61.9378
-61.9103
-61.8945
-61.8886
-61.8912
-61.9011
-61.9173
-61.9389
-61.965
-61.9951
-62.0285
-62.0646
-62.1032
-62.1436
-62.1857
-62.2291
-62.2735
-62.3187
-62.3645
-62.4106
-62.457
-62.5035
-62.55
-62.4955
-62.298
-62.1788
-62.0997
-62.0536
-62.0256
-62.0111
-62.0076
-62.0128
-62.0254
-62.0441
-62.0679
-62.0959
-62.1274
-62.1618
-62.1987
-62.1845
-62.174
-62.1521
-61.9191
-61.7675
-61.5298
-60.5449
-59.8677
-58.9061
-58.0929
-57.4247
-56.0594
-54.8636
-53.2978
-52.0931
-51.0956
-50.3249
-49.6835
-48.9806
-48.1745
-47.2952
-46.088
-44.8158
-43.0843
-39.9783
-24.2206
38.4823
-6.82961
-37.4396
-54.6682
-58.7785
-59.5355
-59.4608
-59.1966
-58.8957
-58.4869
-58.1356
-57.7858
-57.4448
-57.1839
-56.9581
-56.7621
-56.6142
-56.4337
-56.296
-56.1052
-55.8711
-55.6328
-55.4727
-55.3663
-55.2935
-55.2101
-55.1654
-55.148
-55.1542
-55.1785
-55.218
-55.2703
-55.3274
-55.3588
-55.3692
-55.3143
-55.2908
-55.2649
-55.2689
-55.2534
-55.2418
-55.2461
-55.2773
-55.2943
-55.2268
-55.1185
-55.0159
-54.9203
-54.833
-54.737
-54.6209
-54.5237
-54.4292
-54.3499
-54.1263
-53.9231
-53.6803
-53.2798
-52.7486
-52.1232
-51.3847
-50.6579
-49.8321
-48.9816
-48.022
-46.9252
-45.6807
-44.0802
-41.8165
-36.5901
28.021
16.7737
-22.6429
-49.5942
-58.4707
-60.3933
-60.5377
-60.255
-59.8308
-59.3861
-58.9767
-58.6281
-58.3367
-58.0966
-57.901
-57.7443
-57.6213
-57.5273
-57.4586
-57.4117
-57.3836
-57.372
-57.3747
-57.3899
-57.416
-57.4516
-57.4955
-57.5466
-57.604
-57.6669
-57.7346
-57.8064
-57.8816
-57.9599
-58.0406
-58.1234
-58.2078
-58.2936
-58.3805
-58.4682
-58.5563
-58.6448
-58.7334
-58.8219
-58.9101
-58.9979
-59.0853
-59.172
-59.2579
-59.3431
-59.4274
-59.5108
-59.5931
-59.6744
-59.7546
-59.8337
-59.9116
-59.9883
-60.0638
-60.1381
-60.2112
-60.283
-60.3535
-60.4229
-60.491
-60.5579
-60.6235
-60.6879
-60.7511
-60.8132
-60.874
-60.9337
-60.9921
-61.0495
-61.1057
-61.1608
-61.2147
-61.2472
-61.1446
-60.8409
-60.6486
-60.515
-60.4289
-60.3556
-60.1776
-60.0352
-59.9367
-59.8733
-59.7827
-59.4954
-58.8797
-58.3326
-57.9498
-57.4292
-56.7037
-55.3777
-54.0072
-52.4083
-51.0835
-50.0716
-49.143
-48.3497
-47.3917
-46.3564
-45.2745
-43.9306
-41.8059
-36.1509
35.5949
12.8386
-25.4713
-52.5592
-60.7444
-62.441
-62.3605
-61.9582
-61.4796
-61.0427
-60.621
-60.2658
-59.9667
-59.7187
-59.4965
-59.158
-58.8671
-58.5958
-58.3276
-58.0538
-57.6975
-57.3825
-57.1349
-56.9577
-56.8283
-56.6731
-56.5083
-56.399
-56.3024
-56.1884
-56.1011
-55.9214
-55.7445
-55.6328
-55.569
-55.5403
-55.5366
-55.5529
-55.5862
-55.6337
-55.6934
-55.7635
-55.8425
-55.9291
-56.0221
-56.1206
-56.2236
-56.2759
-56.3088
-56.3515
-56.2851
-56.2316
-56.0556
-55.6281
-55.1007
-54.6888
-54.3293
-54.0631
-53.8369
-53.6345
-53.3745
-53.0551
-52.7278
-52.2702
-51.7468
-51.1146
-50.4335
-49.7316
-49.0822
-48.4721
-47.797
-46.8747
-45.73
-44.2819
-42.2018
-37.8431
11.5768
22.9606
-20.041
-50.0017
-60.7244
-63.1031
-63.2779
-62.7453
-62.0128
-61.3279
-60.7578
-60.2856
-59.8866
-59.5081
-59.1806
-58.9172
-58.6716
-58.475
-58.3205
-58.202
-58.1125
-58.0473
-58.0029
-57.9765
-57.9658
-57.9685
-57.9831
-58.0078
-58.0416
-58.0831
-58.1314
-58.1856
-58.245
-58.3086
-58.3761
-58.4467
-58.52
-58.5956
-58.673
-58.7519
-58.832
-58.913
-58.9947
-59.0768
-59.1592
-59.2416
-59.3238
-59.4058
-59.4874
-59.5685
-59.649
-59.7288
-59.8078
-59.8859
-59.9631
-60.0394
-60.1147
-60.1889
-60.262
-60.334
-60.4049
-60.4747
-60.5433
-60.6108
-60.6771
-60.7423
-60.8063
-60.8691
-60.9308
-60.9913
-61.0507
-61.1089
-61.166
-61.222
-61.2769
-61.3307
-61.3835
-61.4352
-61.4858
-61.5355
-61.5841
-61.6317
-61.6784
-61.7241
-61.7689
-61.8128
-61.8558
-61.8979
-61.9391
-61.9795
-62.019
-62.0577
-62.0957
-62.1328
-62.1692
-62.2048
-62.2397
-62.2479
-62.0391
-61.6602
-61.3996
-61.0702
-60.7626
-60.5398
-60.375
-60.0258
-59.6467
-59.2791
-58.4342
-57.7837
-57.3059
-56.7759
-54.9724
-53.0099
-51.6018
-50.5571
-49.7104
-48.7774
-47.97
-47.128
-46.2685
-45.2758
-43.951
-41.8089
-36.1875
35.749
12.3486
-26.6542
-54.5735
-62.6494
-64.1925
-64.0579
-63.4888
-62.9385
-62.4176
-61.8717
-61.4269
-61.0147
-60.5386
-60.1701
-59.8722
-59.5452
-59.0484
-58.6106
-58.2563
-57.9942
-57.7938
-57.6236
-57.4318
-57.2551
-57.087
-56.9416
-56.838
-56.7379
-56.672
-56.635
-56.6224
-56.6285
-56.6501
-56.6848
-56.7307
-56.7862
-56.85
-56.9208
-56.9977
-57.0797
-57.1661
-57.2562
-57.3494
-57.4451
-57.5428
-57.6422
-57.7428
-57.8443
-57.9298
-57.9919
-58.0003
-57.9621
-57.8425
-57.718
-57.5958
-57.5166
-57.4783
-57.4688
-57.4801
-57.5072
-57.5023
-57.4601
-57.423
-57.4039
-57.3671
-57.2143
-57.0139
-56.6735
-56.381
-55.9618
-55.5537
-55.2316
-54.6706
-53.8835
-53.0215
-52.0644
-51.3128
-50.4188
-49.3959
-48.3416
-47.2672
-46.2305
-45.026
-43.4795
-40.9113
-32.1628

