-70
-70.0758
-70.1508
-70.225
-70.2983
-70.3706
-70.4419
-70.5122
-70.5814
-70.6496
-70.7168
-70.7829
-70.848
-70.9121
-70.9752
-71.0373
-71.0984
-71.1586
-71.2178
-71.2761
-71.3334
-71.3899
-71.4455
-71.5003
-71.5543
-71.6074
-71.6598
-71.7114
-71.7623
-71.8124
-71.8619
-71.9106
-71.9587
-72.006
-72.0527
-72.0988
-72.1442
-72.1889
-72.2331
-72.2766
-72.3196
-72.362
-72.4038
-72.445
-72.4857
-72.5258
-72.5654
-72.6045
-72.6431
-72.6812
-72.7188
-72.756
-72.7927
-72.8289
-72.8647
-72.9
-72.9349
-72.9694
-73.0035
-73.0371
-73.0704
-73.1032
-73.1357
-73.1678
-73.1994
-73.2307
-73.2617
-73.2922
-73.3224
-73.3523
-73.3817
-73.4109
-73.4397
-73.4682
-73.4963
-73.5241
-73.5516
-73.5788
-73.6057
-73.6323
-73.6585
-73.6845
-73.7102
-73.7356
-73.7608
-73.7857
-73.8103
-73.8346
-73.8587
-73.8825
-73.9061
-73.9294
-73.9524
-73.9753
-73.9979
-74.0202
-74.0423
-74.0642
-74.0859
-74.1073
-74.1285
-74.1495
-74.1703
-74.1909
-74.2112
-74.2313
-74.2513
-74.271
-74.2905
-74.3098
-74.329
-74.3479
-74.3666
-74.3852
-74.4036
-74.4217
-74.4397
-74.4575
-74.4752
-74.4926
-74.5099
-74.527
-74.544
-74.5607
-74.5774
-74.5938
-74.6101
-74.6262
-74.6422
-74.658
-74.6736
-74.6891
-74.7045
-74.7197
-74.7347
-74.7496
-74.7644
-74.779
-74.7935
-74.8079
-74.8221
-74.8362
-74.8501
-74.864
-74.8777
-74.8913
-74.9047
-74.918
-74.9313
-74.9443
-74.9573
-74.9701
-74.9829
-74.9955
-75.008
-75.0204
-75.0327
-75.0448
-75.0569
-75.0688
-75.0806
-75.0924
-75.104
-75.1155
-75.1269
-75.1382
-75.1495
-75.1606
-75.1716
-75.1825
-75.1933
-75.204
-75.2147
-75.2252
-75.2356
-75.246
-75.2562
-75.2664
-75.2764
-75.2864
-75.2963
-75.3061
-75.3158
-75.3255
-75.335
-75.3445
-75.3538
-75.3631
-75.3724
-75.3815
-75.3906
-75.3995
-75.4084
-75.4172
-75.426
-75.4346
-75.4432
-75.4518
-75.4602
-75.4686
-75.4769
-75.4851
-75.4932
-75.5013
-75.5093
-75.5173
-75.5251
-75.533
-75.5407
-75.5484
-75.556
-75.5635
-75.571
-75.5784
-75.5858
-75.593
-75.6003
-75.6074
-75.6145
-75.6216
-75.6285
-75.6355
-75.6423
-75.6491
-75.6559
-75.6626
-75.6692
-75.6758
-75.6823
-75.6888
-75.6952
-75.7015
-75.7078
-75.7141
-75.7203
-75.7264
-75.7325
-75.7386
-75.7446
-75.7505
-75.7564
-75.7622
-75.768
-75.7738
-75.7795
-75.7851
-75.7907
-75.7963
-75.8018
-75.8072
-75.8127
-75.818
-75.8234
-75.8287
-75.8339
-75.8391
-75.8443
-75.8494
-75.8545
-75.8595
-75.8645
-75.8695
-75.8744
-75.8793
-75.8841
-75.8889
-75.8937
-75.8984
-75.9031
-75.9077
-75.9123
-75.9169
-75.9214
-75.9259
-75.9304
-75.9348
-75.9392
-75.9436
-75.9479
-75.9522
-75.9565
-75.9607
-75.9649
-75.969
-75.9731
-75.9772
-75.9813
-75.9853
-75.9893
-75.9933
-75.9972
-76.0011
-76.005
-76.0088
-76.0126
-76.0164
-76.0201
-76.0239
-76.0275
-76.0312
-76.0348
-76.0384
-76.042
-76.0456
-76.0491
-76.0526
-76.056
-76.0595
-76.0629
-76.0663
-76.0696
-76.0729
-76.0762
-76.0795
-76.0828
-76.086
-76.0892
-76.0924
-76.0955
-76.0986
-76.1017
-76.1048
-76.1079
-76.1109
-76.1139
-76.1169
-76.1198
-76.1228
-76.1257
-76.1286
-76.1314
-76.1343
-76.1371
-76.1399
-76.1427
-76.1455
-76.1482
-76.1509
-76.1536
-76.1563
-76.1589
-76.1615
-76.1642
-76.1667
-76.1693
-76.1719
-76.1744
-76.1769
-76.1794
-76.1819
-76.1843
-76.1868
-76.1892
-76.1916
-76.1939
-76.1963
-76.1986
-76.201
-76.2033
-76.2056
-76.2078
-76.2101
-76.2123
-76.2145
-76.2167
-76.2189
-76.2211
-76.2232
-76.2254
-76.2275
-76.2296
-76.2317
-76.2337
-76.2358
-76.2378
-76.2398
-76.2418
-76.2438
-76.2458
-76.2478
-76.2497
-76.2516
-76.2536
-76.2554
-76.2573
-76.2592
-76.2611
-76.2629
-76.2647
-76.2665
-76.2683
-76.2701
-76.2719
-76.2737
-76.2754
-76.2771
-76.2788
-76.2806
-76.2822
-76.2839
-76.2856
-76.2872
-76.2889
-76.2905
-76.2921
-76.2937
-76.2953
-76.2969
-76.2985
-76.3
-76.3016
-76.3031
-76.3046
-76.3061
-76.3076
-76.3091
-76.3106
-76.312
-76.3135
-76.3149
-76.3164
-76.3178
-76.3192
-76.3206
-76.322
-76.3233
-76.3247
-76.3261
-76.3274
-76.3287
-76.33
-76.3314
-76.3327
-76.334
-76.3352
-76.3365
-76.3378
-76.339
-76.3403
-76.3415
-76.3427
-76.3439
-76.3452
-76.3464
-76.3475
-76.3487
-76.3499
-76.351
-76.3522
-76.3533
-76.3545
-76.3556
-76.3567
-76.3578
-76.3589
-76.36
-76.3611
-76.3622
-76.3632
-76.3643
-76.3654
-76.3664
-76.3674
-76.3685
-76.3695
-76.3705
-76.3715
-76.3725
-76.3735
-76.3745
-76.3754
-76.3764
-76.3774
-76.3783
-76.3793
-76.3802
-76.3811
-76.382
-76.383
-76.3839
-76.3848
-76.3857
-76.3866
-76.3874
-76.3883
-76.3892
-76.39
-76.3909
-76.3917
-76.3926
-76.3934
-76.3943
-76.3951
-76.3959
-76.3967
-76.3975
-76.3983
-76.3991
-76.3999
-76.4007
-76.4014
-76.4022
-76.403
-76.4037
-76.4045
-76.4052
-76.406
-75.6444
-71.3632
-67.6824
-64.9095
-62.7487
-60.9504
-59.2505
-57.2008
-52.8624
43.9501
-9.03746
-40.2725
-78.4855
-78.8854
-78.7339
-78.5814
-78.4154
-78.2354
-78.042
-77.8357
-77.6179
-75.8395
-73.8578
-72.6306
-71.764
-71.0691
-70.4704
-69.9358
-69.4506
-69.0079
-68.6046
-68.2388
-67.9093
-67.6151
-67.3553
-67.1603
-68.157
-69.5048
-70.448
-68.9662
-67.546
-66.7657
-66.3068
-66.0297
-65.8617
-65.7629
-65.7103
-65.69
-65.6933
-65.7144
-65.7496
-65.7961
-65.852
-65.9158
-65.9865
-66.0631
-66.145
-66.2315
-66.322
-66.4162
-66.5133
-66.6129
-66.7147
-66.8183
-66.9234
-67.0296
-67.1368
-67.2446
-67.353
-67.4616
-67.5702
-67.6785
-67.7864
-67.8937
-68.0004
-68.1061
-68.211
-68.3148
-68.4176
-68.5193
-67.7637
-64.6297
-62.0073
-59.9131
-57.9685
-55.5065
-48.2122
24.739
-21.4036
-61.8591
-79.3938
-78.7798
-78.3176
-78.095
-77.8793
-77.6499
-77.4062
-77.1495
-76.8816
-76.6051
-76.3226
-76.0371
-75.7518
-75.4815
-75.2766
-75.147
-75.0288
-75.0266
-75.0795
-75.0939
-75.0864
-75.0907
-75.1444
-75.1774
-75.1934
-75.2001
-75.2019
-75.2013
-75.1995
-75.2635
-75.3279
-75.3732
-75.4058
-75.4301
-75.4487
-75.4635
-75.4756
-75.4859
-75.4948
-75.5029
-75.5102
-75.5171
-75.5237
-75.53
-75.5362
-75.5423
-75.5484
-75.5544
-75.5605
-75.5665
-75.5726
-75.5787
-75.5848
-75.591
-75.5972
-75.6034
-75.6096
-75.6159
-75.6221
-75.6284
-75.6347
-75.641
-75.6472
-75.6535
-75.6598
-75.666
-75.6723
-75.6785
-75.6847
-75.6909
-75.697
-75.7032
-75.7092
-75.7153
-75.7213
-75.7273
-75.7333
-75.7392
-75.7451
-75.7509
-75.7568
-75.7625
-75.7682
-75.7739
-75.7796
-75.7852
-75.7907
-75.7962
-75.8017
-75.8072
-75.8126
-72.5693
-68.5824
-65.5484
-63.2162
-61.3203
-59.5983
-57.6649
-54.24
38.3135
-0.523852
-33.0435
-77.2417
-78.9234
-78.758
-78.6074
-78.4437
-78.2659
-78.0745
-77.8701
-77.6539
-76.9621
-74.5631
-72.912
-71.8403
-71.0324
-70.3645
-69.7832
-69.2641
-68.7954
-67.6281
-65.1897
-63.5191
-63.1627
-62.9972
-62.8664
-63.2967
-64.3316
-65.1119
-65.6719
-66.0846
-65.4259
-63.6039
-62.4362
-62.6321
-62.9349
-63.1723
-63.3665
-63.5323
-63.6797
-63.8153
-63.9438
-64.0682
-64.1907
-64.3122
-64.4336
-64.5557
-64.6789
-64.8036
-64.9297
-65.0576
-65.187
-65.318
-65.45
-65.5828
-65.7162
-65.85
-65.9841
-66.1182
-66.2522
-66.3859
-66.519
-66.6512
-66.7824
-66.9125
-67.0413
-67.1687
-67.2946
-67.4191
-67.542
-65.2996
-62.4853
-60.2661
-58.3268
-56.1511
-51.8256
43.1236
-12.3871
-44.225
-78.7093
-79.5773
-79.2993
-78.0377
-77.5335
-77.2332
-76.9441
-76.6453
-76.3355
-76.0166
-75.6916
-75.364
-74.5499
-71.6661
-69.3786
-67.7668
-66.5606
-65.6161
-64.8516
-64.2173
-64.0589
-64.6774
-65.1955
-65.5803
-66.0274
-67.6508
-69.163
-70.1601
-70.8302
-71.2958
-71.6293
-72.1726
-72.9313
-73.4859
-73.8449
-74.0854
-74.2523
-74.3721
-74.4606
-74.5278
-74.5804
-74.6224
-74.6569
-74.6859
-74.7108
-74.7327
-74.7522
-74.7699
-74.7863
-74.8017
-74.8163
-74.8302
-74.8437
-74.8568
-74.8697
-74.8823
-74.8947
-74.9069
-74.9191
-74.9312
-74.9432
-74.9551
-74.967
-74.9788
-74.9905
-75.0022
-75.0139
-75.0255
-75.0371
-75.0486
-75.0601
-75.0715
-75.0828
-75.0941
-75.1053
-75.1165
-75.1275
-75.1386
-75.1495
-75.1604
-75.1712
-75.1819
-75.1925
-75.2031
-75.2136
-75.224
-75.2343
-75.2446
-75.2548
-75.2649
-75.2749
-75.2848
-75.2946
-75.3044
-75.3141
-75.3237
-75.3332
-75.3427
-75.352
-75.3613
-75.3705
-75.3797
-75.3887
-75.3977
-75.4066
-75.4154
-75.4242
-75.4328
-75.4414
-75.45
-75.4584
-75.4668
-75.4751
-74.3716
-70.1913
-66.7305
-64.112
-62.0457
-60.2714
-58.4757
-55.9579
-46.0767
21.0324
-22.1964
-65.1173
-78.9561
-78.81
-78.6619
-78.5029
-78.33
-78.1432
-77.9431
-77.7307
-77.5074
-75.6523
-73.5428
-72.2147
-71.2787
-70.5374
-69.9086
-69.3553
-68.8595
-68.4124
-67.047
-64.612
-62.6852
-61.7518
-61.8405
-61.9661
-62.0652
-63.1998
-64.3522
-65.1897
-65.8023
-66.2609
-66.6135
-67.2634
-68.247
-68.9865
-69.528
-69.6378
-67.1189
-64.9654
-63.4846
-62.4251
-61.6325
-61.0103
-60.4992
-60.0545
-59.6484
-59.2536
-58.8395
-58.3779
-57.8063
-57.0191
-55.7184
-52.5752
36.3826
-7.26376
-38.607
-78.1531
-79.8431
-79.8712
-79.8567
-79.8383
-79.8178
-79.7952
-79.7706
-79.7439
-79.7154
-79.6851
-79.6533
-79.6202
-79.5861
-79.5513
-79.5161
-79.4807
-79.4455
-79.4107
-79.3766
-77.6608
-73.0297
-69.3541
-66.6099
-64.5077
-62.8391
-61.438
-60.1509
-58.7869
-56.9499
-52.6936
43.521
-9.71966
-40.8556
-78.4779
-79.1686
-79.077
-78.9645
-78.8409
-78.7065
-78.4628
-76.5142
-75.2795
-74.5677

