-70
-70.0758
-70.1508
-70.225
-70.2983
-70.3706
-70.4419
-70.5122
-70.5814
-70.6496
-70.7168
-70.7829
-70.848
-70.9121
-70.9752
-71.0373
-71.0984
-71.1586
-71.2178
-71.2761
-71.3334
-71.3899
-71.4455
-71.5003
-71.5543
-71.6074
-71.6598
-71.7114
-71.7623
-71.8124
-71.8619
-71.9106
-71.9587
-72.006
-72.0527
-72.0988
-72.1442
-72.1889
-72.2331
-72.2766
-72.3196
-72.362
-72.4038
-72.445
-72.4857
-72.5258
-72.5654
-72.6045
-72.6431
-72.6812
-72.7188
-72.756
-72.7927
-72.8289
-72.8647
-72.9
-72.9349
-72.9694
-73.0035
-73.0371
-73.0704
-73.1032
-73.1357
-73.1678
-73.1994
-73.2307
-73.2617
-73.2922
-73.3224
-73.3523
-73.3817
-73.4109
-73.4397
-73.4682
-73.4963
-73.5241
-73.5516
-73.5788
-73.6057
-73.6323
-73.6585
-73.6845
-73.7102
-73.7356
-73.7608
-73.7857
-73.8103
-73.8346
-73.8587
-73.8825
-73.9061
-73.9294
-73.9524
-73.9753
-73.9979
-74.0202
-74.0423
-74.0642
-74.0859
-74.1073
-74.1285
-74.1495
-74.1703
-74.1909
-74.2112
-74.2313
-74.2513
-74.271
-74.2905
-74.3098
-74.329
-74.3479
-74.3666
-74.3852
-74.4036
-74.4217
-74.4397
-74.4575
-74.4752
-74.4926
-74.5099
-74.527
-74.544
-74.5607
-74.5774
-74.5938
-74.6101
-74.6262
-74.6422
-74.658
-74.6736
-74.6891
-74.7045
-74.7197
-74.7347
-74.7496
-74.7644
-74.779
-74.7935
-74.8079
-74.8221
-74.8362
-74.8501
-74.864
-74.8777
-74.8913
-74.9047
-74.918
-74.9313
-74.9443
-74.9573
-74.9701
-74.9829
-74.9955
-75.008
-75.0204
-75.0327
-75.0448
-75.0569
-75.0688
-75.0806
-75.0924
-75.104
-75.1155
-75.1269
-75.1382
-75.1495
-75.1606
-75.1716
-75.1825
-75.1933
-75.204
-75.2147
-75.2252
-75.2356
-75.246
-75.2562
-75.2664
-75.2764
-75.2864
-75.2963
-75.3061
-75.3158
-75.3255
-75.335
-75.3445
-75.3538
-75.3631
-75.3724
-75.3815
-75.3906
-75.3995
-75.4084
-75.4172
-75.426
-75.4346
-75.4432
-75.4518
-75.4602
-75.4686
-75.4769
-75.4851
-75.4932
-75.5013
-75.5093
-75.5173
-75.5251
-75.533
-75.5407
-75.5484
-75.556
-75.5635
-75.571
-75.5784
-75.5858
-75.593
-75.6003
-75.6074
-75.6145
-75.6216
-75.6285
-75.6355
-75.6423
-75.6491
-75.6559
-75.6626
-75.6692
-75.6758
-75.6823
-75.6888
-75.6952
-75.7015
-75.7078
-75.7141
-75.7203
-75.7264
-75.7325
-75.7386
-75.7446
-75.7505
-75.7564
-75.7622
-75.768
-75.7738
-75.7795
-75.7851
-75.7907
-75.7963
-75.8018
-75.8072
-75.8127
-75.818
-75.8234
-75.8287
-75.8339
-75.8391
-75.8443
-75.8494
-75.8545
-75.8595
-75.8645
-75.8695
-75.8744
-75.8793
-75.8841
-75.8889
-75.8937
-75.8984
-75.9031
-75.9077
-75.9123
-75.9169
-75.9214
-75.9259
-75.9304
-75.9348
-75.9392
-75.9436
-75.9479
-75.9522
-75.9565
-75.9607
-75.9649
-75.969
-75.9731
-75.9772
-75.9813
-75.9853
-75.9893
-75.9933
-75.9972
-76.0011
-76.005
-76.0088
-76.0126
-76.0164
-76.0201
-76.0239
-76.0275
-76.0312
-76.0348
-76.0384
-76.042
-76.0456
-76.0491
-76.0526
-76.056
-76.0595
-76.0629
-76.0663
-76.0696
-76.0729
-76.0762
-76.0795
-76.0828
-76.086
-76.0892
-76.0924
-76.0955
-76.0986
-76.1017
-76.1048
-76.1079
-76.1109
-76.1139
-76.1169
-76.1198
-76.1228
-76.1257
-76.1286
-76.1314
-76.1343
-76.1371
-76.1399
-76.1427
-76.1455
-76.1482
-76.1509
-76.1536
-76.1563
-76.1589
-76.1615
-76.1642
-76.1667
-76.1693
-76.1719
-76.1744
-76.1769
-76.1794
-76.1819
-76.1843
-76.1868
-76.1892
-76.1916
-76.1939
-76.1963
-76.1986
-76.201
-76.2033
-76.2056
-76.2078
-76.2101
-76.2123
-76.2145
-76.2167
-76.2189
-76.2211
-76.2232
-76.2254
-76.2275
-76.2296
-76.2317
-76.2337
-76.2358
-76.2378
-76.2398
-76.2418
-76.2438
-76.2458
-76.2478
-76.2497
-76.2516
-76.2536
-76.2554
-76.2573
-76.2592
-76.2611
-76.2629
-76.2647
-76.2665
-76.2683
-76.2701
-76.2719
-76.2737
-76.2754
-76.2771
-76.2788
-76.2806
-76.2822
-76.2839
-76.2856
-76.2872
-76.2889
-76.2905
-76.2921
-76.2937
-76.2953
-76.2969
-76.2985
-76.3
-76.3016
-76.3031
-76.3046
-76.3061
-76.3076
-76.3091
-76.3106
-76.312
-76.3135
-76.3149
-76.3164
-76.3178
-76.3192
-76.3206
-76.322
-76.3233
-76.3247
-76.3261
-76.3274
-76.3287
-76.33
-76.3314
-76.3327
-76.334
-76.3352
-76.3365
-76.3378
-76.339
-76.3403
-76.3415
-76.3427
-76.3439
-76.3452
-76.3464
-76.3475
-76.3487
-76.3499
-76.351
-76.3522
-76.3533
-76.3545
-76.3556
-76.3567
-76.3578
-76.3589
-76.36
-76.3611
-76.3622
-76.3632
-76.3643
-76.3654
-76.3664
-76.3674
-76.3685
-76.3695
-76.3705
-76.3715
-76.3725
-76.3735
-76.3745
-76.3754
-76.3764
-76.3774
-76.3783
-76.3793
-76.3802
-76.3811
-76.382
-76.383
-76.3839
-76.3848
-74.8282
-70.5201
-67.0513
-64.4239
-62.3561
-60.6007
-58.8768
-56.6354
-50.5571
33.4334
-16.2327
-51.469
-79.4443
-79.7444
-79.7174
-79.6815
-79.6415
-79.5976
-79.5496
-79.4977
-79.442
-79.3828
-79.3206
-79.2558
-79.1891
-79.1212
-78.2473
-73.9202
-70.4935
-68.0736
-66.2867
-64.9162
-63.8277
-62.9329
-62.1699
-60.8962
-57.8981
-53.6632
44.8827
-4.36857
-35.5395
-77.289
-78.705
-78.5692
-77.6975
-76.8537
-76.4299
-74.9036
-73.6005
-72.8458
-72.2374
-71.6692
-71.1185
-70.5819
-70.0614
-69.5604
-69.0825
-68.8145
-69.0713
-69.2557
-70.3735
-71.665
-72.5478
-73.1731
-73.502
-71.2734
-69.0302
-68.287
-68.2656
-68.8184
-67.5755
-65.615
-64.5623
-64.0048
-63.6972
-63.5265
-63.437
-63.3989
-63.3954
-63.4165
-63.456
-63.5101
-63.5761
-63.6523
-63.7373
-63.8302
-63.9302
-64.0368
-64.1493
-63.629
-61.3272
-59.3116
-57.4391
-54.9707
-46.501
19.4536
-23.8072
-66.3924
-79.3505
-79.502
-79.4472
-79.3798
-79.3057
-79.2251
-79.1383
-79.0457
-77.8547
-74.4863
-72.3972
-69.9819
-66.5639
-64.346
-62.8608
-61.7475
-60.8239
-59.9816
-59.1331
-57.2233
-53.2164
43.5612
-5.99443
-36.9267
-77.3164
-78.6586
-78.5225
-78.3489
-78.1235
-77.8041
-77.523
-77.1517
-76.848
-76.5802
-76.3376
-76.1236
-75.9453
-75.7977
-75.6986
-75.6334
-75.6034
-75.566
-75.5244
-75.4839
-75.4465
-75.4126
-75.3823
-75.3555
-75.332
-75.3115
-75.2938
-75.2787
-75.2659
-75.2553
-75.2466
-75.2397
-75.2344
-75.2306
-75.2281
-75.2268
-75.2266
-75.2274
-75.2291
-75.2316
-75.2348
-75.2386
-75.2431
-75.2481
-75.2535
-75.2594
-75.2656
-75.2722
-75.279
-75.2861
-75.2934
-75.301
-75.3087
-75.3165
-75.3244
-75.3325
-75.3406
-75.3488
-75.3571
-75.3654
-75.3737
-75.3821
-75.3905
-75.3988
-75.4072
-75.4155
-75.4238
-75.4321
-75.4404
-75.4486
-75.4568
-75.465
-75.4731
-75.4811
-75.4892
-75.4971
-75.505
-75.5129
-75.5207
-75.5284
-75.5361
-75.5438
-75.5514
-72.7682
-68.7385
-63.4358
-58.7079
-53.4428
45.4176
-6.79687
-37.7333
-78.1988
-79.1511
-79.0586
-78.9437
-78.5426
-76.4671
-74.3236
-73.341
-72.6967
-72.1182
-71.5571
-71.0056
-70.4652
-69.381
-66.6396
-63.2409
-60.8913
-59.1732
-57.5742
-55.4734
-49.5173
29.9066
-19.1876
-56.6405
-77.8064
-77.7886
-77.4705
-77.1956
-76.9257
-76.6259
-76.3267
-74.7459
-73.3752
-72.6634
-71.0942
-69.3145
-68.9394
-68.7585
-68.5457
-68.3306
-68.1265
-67.9385
-67.7683
-67.6168
-67.4838
-67.3689
-67.2714
-67.1906
-67.1257
-67.0759
-67.0404
-67.0183
-67.0086
-67.0107
-67.0235
-67.0463
-67.0783
-67.1186
-67.1664
-66.1537
-63.2782
-60.9432
-59.0116
-57.0363
-53.9146
-14.5452
1.23838
-32.2158
-76.2612
-79.548
-79.556
-79.5027
-79.4417
-77.3619
-76.0917
-75.4858
-73.9338
-71.3863
-69.9136
-68.9477
-68.1905
-67.5389
-66.9541
-66.42
-65.7183
-63.2948
-60.5143
-57.3897
-53.5284
9.92585
-1.17504
-33.4489
-76.5464
-78.9367
-78.501
-77.5108
-76.5258
-75.1268
-74.467
-74.0163
-73.6736
-73.4188
-73.1669
-73.2126
-73.1584
-73.0049
-72.8698
-72.9042
-72.8761
-72.8041
-72.7176
-72.8234
-72.9839
-73.065
-73.2452
-73.6759
-73.9919
-74.2814
-74.4495
-74.5446
-74.6011
-74.6362
-74.659
-74.6748
-74.6863
-74.6953
-74.7029
-74.7098
-74.7164
-74.7229
-74.7295
-74.7363
-74.7435
-74.7509
-74.7587
-74.7669
-74.7754
-74.7843
-74.7935
-74.8029
-74.8127
-74.8227
-74.833
-74.8434
-74.8541
-74.865
-74.876
-74.8871
-74.8984
-74.9097
-74.9211
-74.9326
-74.9442
-74.9558
-74.9674
-74.979
-74.9907
-75.0023
-75.0139
-75.0255
-75.0371
-75.0486
-75.0601
-75.0715
-75.0829
-75.0942
-75.1054
-75.1166
-75.1278
-75.1388
-75.1498
-75.1607
-75.1716
-75.1823
-75.193
-75.2036
-75.2141
-75.2245
-75.2349
-75.2452
-75.2554
-72.0709
-68.156
-65.1766
-62.8801
-60.9953
-59.2428
-57.1658
-52.8465
44.0878
-9.05092
-40.2783
-78.8812
-79.7281
-79.7071
-78.9017
-77.5541
-77.0623
-76.7271
-76.0604
-73.3843
-71.8136
-70.872
-70.1459
-69.512
-68.9303
-68.3873
-66.1768
-63.8504
-60.8529
-58.2157
-55.4773
-47.6759
23.3007
-21.6831
-62.4432
-78.3911
-78.2128
-77.0748
-76.5089
-76.1256
-75.7398
-75.3373
-74.9632
-74.5905
-73.163
-71.1374
-68.6354
-67.3596
-67.2073
-67.3801
-67.3654
-67.8283
-68.1446
-68.2557
-68.2736
-68.2512
-67.8126
-65.9233
-65.7485
-66.0804
-66.2789
-66.1444
-64.0292
-62.4911
-61.5662
-60.9631
-60.5426
-60.229
-59.9838
-59.7857
-59.6208
-59.4755
-59.3426
-59.2171
-59.0955
-58.9744
-58.8507
-58.7214
-58.5829
-58.4266
-58.2403
-58.0108
-57.719
-57.3341
-56.7777
-55.8873
-54.1217
-51.2651
39.5228
-11.4353
-43.0198
-78.4621
-79.8283
-79.8604
-79.8461
-79.827
-79.8058
-77.2835
-75.3869
-74.4254
-73.7749
-71.9795
-68.7195
-66.6468
-65.2938
-64.3109
-63.5387
-62.8974
-62.3431
-61.85
-61.4003
-59.9507
-57.5177
-52.93
44.0122
-7.37859
-38.2154
-77.5311
-78.7481
-78.6229
-77.5302
-76.696
-74.9889
-74.0488
-73.4443

