-70
-70.0758
-70.1508
-70.225
-70.2983
-70.3706
-70.4419
-70.5122
-70.5814
-70.6496
-70.7168
-70.7829
-70.848
-70.9121
-70.9752
-71.0373
-71.0984
-71.1586
-71.2178
-71.2761
-71.3334
-71.3899
-71.4455
-71.5003
-71.5543
-71.6074
-71.6598
-71.7114
-71.7623
-71.8124
-71.8619
-71.9106
-71.9587
-72.006
-72.0527
-72.0988
-72.1442
-72.1889
-72.2331
-72.2766
-72.3196
-72.362
-72.4038
-72.445
-72.4857
-72.5258
-72.5654
-72.6045
-72.6431
-72.6812
-72.7188
-72.756
-72.7927
-72.8289
-72.8647
-72.9
-72.9349
-72.9694
-73.0035
-73.0371
-73.0704
-73.1032
-73.1357
-73.1678
-73.1994
-73.2307
-73.2617
-73.2922
-73.3224
-73.3523
-73.3817
-73.4109
-73.4397
-73.4682
-73.4963
-73.5241
-73.5516
-73.5788
-73.6057
-73.6323
-73.6585
-73.6845
-73.7102
-73.7356
-73.7608
-73.7857
-73.8103
-73.8346
-73.8587
-73.8825
-73.9061
-73.9294
-73.9524
-73.9753
-73.9979
-74.0202
-74.0423
-74.0642
-74.0859
-74.1073
-74.1285
-74.1495
-74.1703
-74.1909
-74.2112
-74.2313
-74.2513
-74.271
-74.2905
-74.3098
-74.329
-74.3479
-74.3666
-74.3852
-74.4036
-74.4217
-74.4397
-74.4575
-74.4752
-74.4926
-74.5099
-74.527
-74.544
-74.5607
-74.5774
-74.5938
-74.6101
-74.6262
-74.6422
-74.658
-74.6736
-74.6891
-74.7045
-74.7197
-74.7347
-74.7496
-74.7644
-74.779
-74.7935
-74.8079
-74.8221
-74.8362
-74.8501
-74.864
-74.8777
-74.8913
-74.9047
-74.918
-74.9313
-74.9443
-74.9573
-74.9701
-74.9829
-74.9955
-75.008
-75.0204
-75.0327
-75.0448
-75.0569
-75.0688
-75.0806
-75.0924
-75.104
-75.1155
-75.1269
-75.1382
-75.1495
-75.1606
-75.1716
-75.1825
-75.1933
-75.204
-75.2147
-75.2252
-75.2356
-75.246
-75.2562
-75.2664
-75.2764
-75.2864
-75.2963
-75.3061
-75.3158
-75.3255
-75.335
-75.3445
-75.3538
-75.3631
-75.3724
-75.3815
-75.3906
-75.3995
-75.4084
-75.4172
-75.426
-75.4346
-75.4432
-75.4518
-75.4602
-75.4686
-75.4769
-75.4851
-75.4932
-75.5013
-75.5093
-75.5173
-75.5251
-75.533
-75.5407
-75.5484
-75.556
-75.5635
-75.571
-75.5784
-75.5858
-75.593
-75.6003
-75.6074
-75.6145
-75.6216
-75.6285
-75.6355
-75.6423
-75.6491
-75.6559
-75.6626
-75.6692
-75.6758
-75.6823
-75.6888
-75.6952
-75.7015
-75.7078
-75.7141
-75.7203
-75.7264
-75.7325
-75.7386
-75.7446
-75.7505
-75.7564
-75.7622
-75.768
-75.7738
-75.7795
-75.7851
-75.7907
-75.7963
-75.8018
-75.8072
-75.8127
-75.818
-75.8234
-75.8287
-75.8339
-75.8391
-75.8443
-75.8494
-75.8545
-75.8595
-75.8645
-75.8695
-75.8744
-75.8793
-75.8841
-75.8889
-75.8937
-75.8984
-75.9031
-75.9077
-75.9123
-75.9169
-75.9214
-75.9259
-75.9304
-75.9348
-75.9392
-75.9436
-75.9479
-75.9522
-75.9565
-75.9607
-75.9649
-75.969
-75.9731
-75.9772
-75.9813
-75.9853
-75.9893
-75.9933
-75.9972
-76.0011
-76.005
-76.0088
-76.0126
-76.0164
-76.0201
-76.0239
-76.0275
-76.0312
-76.0348
-76.0384
-76.042
-76.0456
-76.0491
-76.0526
-76.056
-76.0595
-76.0629
-76.0663
-76.0696
-76.0729
-76.0762
-76.0795
-76.0828
-76.086
-76.0892
-76.0924
-76.0955
-76.0986
-76.1017
-76.1048
-76.1079
-76.1109
-76.1139
-76.1169
-76.1198
-76.1228
-76.1257
-76.1286
-76.1314
-76.1343
-76.1371
-76.1399
-76.1427
-76.1455
-76.1482
-76.1509
-76.1536
-76.1563
-76.1589
-76.1615
-76.1642
-76.1667
-76.1693
-76.1719
-76.1744
-76.1769
-76.1794
-76.1819
-76.1843
-76.1868
-76.1892
-76.1916
-76.1939
-76.1963
-76.1986
-76.201
-76.2033
-76.2056
-76.2078
-76.2101
-76.2123
-76.2145
-76.2167
-76.2189
-76.2211
-76.2232
-76.2254
-76.2275
-76.2296
-76.2317
-76.2337
-76.2358
-76.2378
-76.2398
-76.2418
-76.2438
-76.2458
-76.2478
-76.2497
-76.2516
-76.2536
-76.2554
-76.2573
-76.2592
-76.2611
-76.2629
-76.2647
-76.2665
-76.2683
-76.2701
-76.2719
-76.2737
-76.2754
-76.2771
-76.2788
-76.2806
-76.2822
-76.2839
-76.2856
-76.2872
-76.2889
-76.2905
-76.2921
-76.2937
-76.2953
-76.2969
-76.2985
-76.3
-76.3016
-76.3031
-76.3046
-76.3061
-76.3076
-76.3091
-76.3106
-76.312
-76.3135
-76.3149
-76.3164
-76.3178
-76.3192
-76.3206
-76.322
-76.3233
-76.3247
-76.3261
-76.3274
-76.3287
-76.33
-76.3314
-76.3327
-76.334
-76.3352
-76.3365
-76.3378
-76.339
-76.3403
-76.3415
-76.3427
-76.3439
-76.3452
-76.3464
-76.3475
-76.3487
-76.3499
-76.351
-76.3522
-76.3533
-76.3545
-76.3556
-76.3567
-76.3578
-76.3589
-76.36
-76.3611
-76.3622
-76.3632
-76.3643
-76.3654
-76.3664
-76.3674
-76.3685
-76.3695
-76.3705
-76.3715
-76.3725
-76.3735
-76.3745
-76.3754
-76.3764
-76.3774
-76.3783
-76.3793
-76.3802
-76.3811
-76.382
-76.383
-76.3839
-76.3848
-76.3857
-76.3866
-76.3874
-76.3883
-76.3892
-76.39
-76.3909
-76.3917
-76.3926
-76.3934
-76.3943
-76.3951
-76.3959
-76.3967
-76.3975
-76.3983
-76.3991
-76.3999
-76.4007
-76.4014
-76.4022
-76.403
-76.4037
-76.4045
-76.4052
-76.406
-76.4067
-76.4074
-73.0964
-69.0272
-65.9309
-63.5565
-61.6425
-59.9397
-58.1142
-55.2494
-31.3797
9.73798
-27.4461
-73.5564
-79.0274
-78.9617
-78.8359
-78.6967
-78.5451
-78.3812
-78.2055
-77.1501
-75.153
-73.9654
-73.1817
-72.5563
-72.0065
-71.5018
-71.031
-70.5904
-70.179
-69.7973
-69.4457
-69.1248
-68.8345
-69.0197
-70.1475
-70.9791
-70.9125
-68.904
-67.8879
-67.7729
-67.75
-67.7451
-67.7517
-67.7663
-67.7872
-67.8132
-67.8437
-67.8784
-67.9168
-67.9587
-68.004
-68.0525
-68.104
-68.1583
-68.2154
-68.2749
-68.3369
-68.401
-68.4672
-68.5352
-68.6048
-68.6759
-68.7483
-68.8217
-68.896
-68.9711
-69.0468
-69.1229
-69.1993
-69.2759
-69.3526
-69.4293
-69.5059
-69.5822
-69.6583
-67.4963
-64.3265
-61.8634
-59.8543
-57.9231
-55.322
-45.4291
17.9921
-24.0265
-67.6917
-79.4326
-78.6899
-78.3731
-78.1749
-77.9688
-77.7481
-77.5133
-77.2657
-77.0071
-76.2801
-73.7671
-71.9394
-70.7184
-69.803
-69.0625
-68.4351
-67.8896
-68.8959
-70.7527
-71.7536
-72.2794
-72.8169
-73.1539
-73.4227
-73.8583
-74.178
-74.3506
-74.4471
-74.5039
-74.5389
-74.5618
-74.5775
-74.5891
-74.5983
-74.6062
-74.6133
-74.6202
-74.627
-74.634
-74.6412
-74.6488
-74.6567
-74.665
-74.6736
-74.6826
-74.692
-74.7017
-74.7117
-74.722
-74.7326
-74.7434
-74.7545
-74.7658
-74.7772
-74.7889
-74.8006
-74.8125
-74.8245
-74.8366
-74.8487
-74.8609
-74.8732
-74.8855
-74.8977
-74.91
-74.9223
-74.9346
-74.9469
-74.9591
-74.9713
-74.9834
-74.9955
-75.0075
-75.0195
-75.0314
-75.0432
-75.055
-74.9148
-71.0713
-67.3659
-64.57
-62.3926
-60.5661
-58.7927
-56.5008
-50.1476
31.9065
-17.1544
-53.34
-79.4547
-79.7258
-79.6964
-79.6579
-79.6152
-79.5682
-79.5171
-79.4618
-79.4025
-79.3397
-79.2737
-78.4619
-74.6727
-71.8858
-70.0191
-68.6665
-67.6278
-66.7963
-66.1116
-65.537
-63.7002
-61.5549
-59.7512
-57.9579
-55.4205
-44.6908
17.5805
-23.9851
-67.9738
-78.858
-78.7739
-78.6267
-78.4647
-78.2888
-78.0991
-77.8964
-77.6817
-75.6073
-74.1242
-73.3575
-72.8342
-72.4106
-72.0516
-72.0162
-71.9713
-71.8725
-71.7516
-70.4631
-68.2916
-67.2314
-66.6103
-66.2078
-65.9375
-65.7523
-65.6255
-65.5409
-65.4881
-65.4604
-65.4531
-65.4628
-65.4871
-65.5238
-65.5716
-65.629
-65.6951
-65.7687
-65.8491
-65.9354
-66.027
-66.1233
-66.2236
-66.3274
-65.9356
-63.2319
-60.849
-58.8568
-56.7709
-53.216
34.8583
-4.88983
-36.3907
-77.7262
-79.5607
-79.5462
-79.491
-79.4288
-79.3606
-79.2866
-79.207
-77.5577
-74.9359
-73.414
-72.4273
-71.6761
-71.0468
-70.4921
-69.9911
-69.5342
-68.334
-65.8004
-63.779
-62.9249
-62.963
-63.0221
-63.0622
-63.0938
-63.1236
-63.1562
-62.3947
-60.6378
-59.0917
-57.5513
-55.4215
-49.1345
29.2493
-19.6042
-58.7144
-79.1901
-79.3711
-79.3024
-79.2009
-79.0073
-78.7654
-78.5746
-78.4318
-78.2983
-78.1661
-78.0343
-77.8976
-77.6417
-77.4254
-77.2556
-77.1134
-76.9896
-76.8796
-76.7808
-76.6918
-76.6115
-76.5391
-76.474
-76.4155
-76.3633
-76.3167
-76.2753
-76.2387
-76.2064
-76.178
-76.1531
-76.1315
-76.1127
-76.0965
-76.0826
-76.0707
-76.0606
-76.0522
-76.0453
-76.0396
-76.035
-76.0314
-76.0287
-76.0268
-76.0255
-76.0249
-76.0248
-76.0251
-76.0258
-76.0269
-76.0283
-76.03
-76.0319
-76.0339
-76.0362
-76.0386
-76.0411
-76.0437
-76.0465
-76.0493
-76.0521
-76.0551
-76.058
-76.061
-76.064
-76.0671
-76.0702
-76.0732
-76.0763
-76.0794
-76.0825
-76.0856
-76.0886
-76.0917
-76.0948
-76.0978
-76.1008
-76.1038
-76.1068
-76.1098
-76.1128
-76.1157
-76.1187
-76.1216
-76.1245
-76.1274
-76.1302
-76.1331
-75.7117
-71.5296
-67.7593
-64.9227
-62.7186
-60.8871
-59.1515
-57.03
-52.254
41.0888
-11.5176
-43.3583
-78.7579
-78.8591
-78.6853
-78.527
-78.3554
-78.1695
-77.9699
-77.7574
-77.5332
-76.6067
-74.2027
-72.5956
-71.531
-70.7213
-70.0504
-69.4675
-68.9486
-68.4818
-67.983
-65.6401
-63.4142
-61.708
-60.4791
-61.8915
-63.374
-64.4046
-65.122
-66.0515
-67.2335
-67.6572
-66.0618
-64.7662
-64.4941
-64.8684
-65.1577
-65.3671
-65.5277
-65.6582
-65.7699
-65.8701
-65.9632
-66.0524
-66.1397
-66.2264
-66.3134
-66.4014
-66.4905
-66.5809
-66.6729
-66.7663
-66.8611
-66.9573
-67.0548
-67.1534
-67.2531
-67.3536
-67.4547
-67.5564
-67.6584
-67.7604
-67.8624
-68.0981
-68.9615
-69.7326
-70.343
-70.8327
-71.2307
-71.5578
-71.8296
-72.0579
-72.2513
-72.4168
-72.5596
-72.6837
-72.7926
-72.8889
-72.9746
-72.3685
-68.6279
-65.4501
-63.0768
-61.2093
-59.5892
-57.9163
-55.5243
-46.6529
20.9003
-22.669
-65.2022
-78.8039
-78.8044
-78.6631
-78.5054
-78.3339
-78.149
-77.9514
-77.742
-76.8283
-74.4751
-72.9363

