-70
-69.8623
-69.7285
-69.5983
-69.4718
-69.3487
-69.2291
-69.1128
-68.9997
-68.8897
-68.7828
-68.6789
-68.5778
-68.4795
-68.3839
-68.291
-68.2007
-68.1128
-68.0274
-67.9443
-67.8636
-67.7851
-67.7087
-67.6345
-67.5623
-67.4921
-67.4238
-67.3574
-67.2929
-67.2301
-67.1691
-67.1098
-67.0521
-66.996
-66.9414
-66.8884
-66.8368
-66.7866
-66.7378
-66.6904
-66.6443
-66.5994
-66.5558
-66.5133
-66.4721
-66.432
-66.393
-66.355
-66.3181
-66.2823
-66.2474
-66.2134
-66.1805
-66.1484
-66.1172
-66.0868
-66.0573
-66.0286
-66.0007
-65.9736
-65.9472
-65.9215
-65.8966
-65.8723
-65.8487
-65.8257
-65.8034
-65.7817
-65.7606
-65.74
-65.72
-65.7006
-65.6817
-65.6633
-65.6455
-65.6281
-65.6112
-65.5948
-65.5788
-65.5632
-65.5481
-65.5334
-65.5191
-65.5052
-65.4917
-65.4785
-65.4657
-65.4533
-65.4412
-65.4294
-65.418
-65.4068
-65.396
-65.3855
-65.3752
-65.3653
-65.3556
-65.3462
-65.337
-65.3281
-65.3194
-65.311
-65.3028
-65.2948
-65.2871
-65.2795
-65.2722
-65.2651
-65.2581
-65.2514
-65.2448
-65.2385
-65.2322
-65.2262
-65.2203
-65.2146
-65.2091
-65.2037
-65.1984
-65.1933
-65.1884
-65.1835
-65.1788
-65.1743
-65.1698
-65.1655
-65.1613
-65.1572
-65.1532
-65.1493
-65.1456
-65.1419
-65.1384
-65.1349
-65.1315
-65.1283
-65.1251
-65.122
-65.119
-65.1161
-65.1132
-65.1104
-65.1077
-65.1051
-65.1026
-65.1001
-65.0977
-65.0953
-65.0931
-65.0908
-65.0887
-65.0866
-65.0845
-65.0826
-65.0806
-65.0788
-65.0769
-65.0752
-65.0734
-65.0718
-65.0701
-65.0685
-65.067
-65.0655
-65.064
-65.0626
-65.0612
-65.0599
-65.0586
-65.0573
-65.0561
-65.0549
-65.0537
-65.0526
-65.0514
-65.0504
-65.0493
-65.0483
-65.0473
-65.0464
-65.0454
-65.0445
-65.0436
-65.0428
-65.0419
-65.0411
-65.0403
-65.0395
-65.0388
-65.0381
-65.0374
-65.0367
-65.036
-65.0353
-65.0347
-65.0341
-65.0335
-65.0329
-65.0323
-65.0318
-65.0313
-65.0307
-65.0302
-65.0297
-65.0293
-65.0288
-65.0283
-65.0279
-65.0275
-65.027
-65.0266
-65.0262
-65.0259
-65.0255
-65.0251
-65.0248
-65.0244
-65.0241
-65.0238
-65.0234
-65.0231
-65.0228
-65.0225
-65.0223
-65.022
-65.0217
-65.0215
-65.0212
-65.021
-65.0207
-65.0205
-65.0203
-65.02
-65.0198
-65.0196
-65.0194
-65.0192
-65.019
-65.0188
-65.0187
-65.0185
-65.0183
-65.0181
-65.018
-65.0178
-65.0177
-65.0175
-65.0174
-65.0172
-65.0171
-65.017
-65.0168
-65.0167
-65.0166
-65.0165
-65.0163
-65.0162
-65.0161
-65.016
-65.0159
-65.0158
-65.0157
-65.0156
-65.0155
-65.0154
-65.0153
-65.0153
-65.0152
-65.0151
-65.015
-65.0149
-65.0149
-65.0148
-65.0147
-65.0147
-65.0146
-65.0145
-65.0145
-65.0144
-65.0143
-65.0143
-65.0142
-65.0142
-65.0141
-65.0141
-65.014
-65.014
-65.0139
-65.0139
-65.0138
-65.0138
-65.0137
-65.0137
-65.0137
-65.0136
-65.0136
-65.0135
-65.0135
-65.0135
-65.0134
-65.0134
-65.0134
-65.0133
-65.0133
-65.0133
-65.0133
-65.0132
-65.0132
-65.0132
-65.0131
-65.0131
-65.0131
-65.0131
-65.0131
-65.013
-65.013
-65.013
-65.013
-65.0129
-65.0129
-65.0129
-65.0129
-65.0129
-65.0129
-65.0128
-65.0128
-65.0128
-65.0128
-65.0128
-65.0128
-65.0127
-65.0127
-65.0127
-65.0127
-65.0127
-65.0127
-65.0127
-65.0127
-65.0126
-65.0126
-65.0126
-65.0126
-65.0126
-65.0126
-65.0126
-65.0126
-65.0126
-65.0126
-65.0125
-65.0125
-65.0125
-65.0125
-65.0125
-65.0125
-65.0125
-65.0125
-65.0125
-65.0125
-65.0125
-65.0125
-65.0125
-65.0124
-65.0124
-65.0124
-65.0124
-65.0124
-65.0124
-65.0124
-65.0124
-65.0124
-65.0124
-65.0124
-65.0124
-65.0124
-65.0124
-65.0124
-65.0124
-65.0124
-65.0124
-65.0124
-65.0124
-65.0124
-65.0124
-65.0124
-65.0123
-65.0123
-65.0123
-65.0123
-65.0123
-65.0123
-65.0123
-65.0123
-65.0123
-65.0123
-65.0123
-65.0123
-65.0123
-65.0123
-65.0123
-65.0123
-65.0123
-65.0123
-65.0123
-65.0123
-65.0123
-65.0123
-65.0123
-65.0123
-65.0123
-65.0123
-65.0123
-65.0123
-65.0123
-65.0123
-65.0123
-65.0123
-65.0123
-65.0123
-65.0123
-65.0123
-65.0123
-65.0123
-65.0123
-65.0123
-65.0123
-65.0123
-65.0123
-65.0123
-65.0123
-65.0123
-65.0123
-65.0123
-65.0123
-65.0123
-65.0123
-65.0123
-65.0123
-65.0123
-65.0123
-65.0123
-65.0123
-65.0123
-65.0123
-65.0123
-65.0123
-65.0123
-65.0123
-65.0123
-65.0123
-65.0123
-65.0123
-65.0123
-65.0123
-65.0123
-65.0123
-65.0123
-65.0123
-65.0123
-64.8272
-64.6749
-64.5616
-64.4807
-64.4179
-64.3677
-64.3273
-64.2951
-64.2696
-64.2499
-64.2351
-64.2244
-64.2173
-64.2132
-64.2117
-64.2125
-64.2152
-64.2195
-64.2252
-64.2321
-64.2401
-64.2489
-64.2584
-64.2685
-64.2792
-64.2902
-64.3016
-64.3133
-64.3251
-64.3371
-64.3491
-64.3613
-64.3734
-64.3855
-64.2678
-63.967
-63.7677
-63.6204
-63.516
-63.4354
-63.3729
-63.3248
-63.2887
-63.2626
-63.245
-63.2345
-63.2302
-63.231
-63.2362
-63.2452
-63.2575
-63.2321
-63.1887
-62.9694
-62.8204
-62.6718
-61.736
-61.0467
-60.3761
-59.813
-59.3624
-58.6652
-58.0645
-57.4075
-56.9081
-56.4006
-56.0334
-55.7553
-55.386
-55.0497
-54.8054
-54.4437
-54.1902
-53.9011
-53.6622
-53.4971
-53.3529
-53.2597
-53.2055
-53.1832
-53.1517
-53.108
-53.074
-53.0783
-53.1114
-53.087
-53.0995
-53.1401
-53.2063
-53.2904
-53.3675
-53.4384
-53.5243
-53.5869
-53.6765
-53.7825
-53.9028
-54.033
-54.1713
-54.3162
-54.4667
-54.5917
-54.7145
-54.8492
-54.9688
-55.042
-55.1322
-55.2404
-55.3489
-55.3755
-55.4019
-55.4623
-55.5467
-55.6333
-55.6939
-55.7786
-55.8777
-55.9886
-56.1073
-56.1982
-56.2302
-56.1392
-56.0919
-56.0924
-56.1289
-56.1509
-56.1893
-56.1977
-56.2163
-56.1927
-56.113
-56.0666
-55.9948
-55.9287
-55.7651
-55.4199
-55.0995
-54.8269
-54.5209
-54.2048
-53.6929
-53.1387
-52.6708
-52.2252
-51.8534
-51.5426
-51.2692
-51.0696
-50.9054
-50.7388
-50.5466
-50.3811
-50.2647
-50.1869
-50.1393
-50.0914
-50.059
-50.0516
-50.066
-50.0994
-50.1497
-50.2156
-50.2963
-50.3909
-50.4987
-50.6189
-50.7504
-50.8926
-51.0448
-51.2063
-51.3764
-51.5545
-51.74
-51.9316
-52.1283
-52.3293
-52.5342
-52.7425
-52.9532
-53.1655
-53.3788
-53.5927
-53.8068
-54.0206
-54.2333
-54.4447
-54.6547
-54.8629
-55.0691
-55.2727
-55.4737
-55.672
-55.8676
-56.0602
-56.2496
-56.4357
-56.6186
-56.7983
-56.9747
-57.1477
-57.3173
-57.4834
-57.6462
-57.8057
-57.9619
-58.1147
-58.2642
-58.4105
-58.5535
-58.6934
-58.8301
-58.9638
-59.0944
-59.2221
-59.3467
-59.4685
-59.5874
-59.7036
-59.817
-59.9278
-60.036
-60.1416
-60.2446
-60.3251
-60.351
-60.305
-60.3004
-60.3177
-60.352
-60.3915
-60.3372
-60.3079
-60.3036
-60.2844
-60.2368
-60.1449
-60.0846
-60.0129
-59.9717
-59.6033
-59.0288
-58.2999
-57.6349
-56.7321
-55.9796
-55.4213
-54.8385
-54.4048
-53.9302
-53.5903
-53.3355
-53.1511
-53.0185
-52.897
-52.7731
-52.6716
-52.5894
-52.5464
-52.5378
-52.5576
-52.5625
-52.569
-52.5916
-52.6069
-52.6283
-52.6626
-52.6974
-52.7624
-52.829
-52.8069
-52.812
-52.7871
-52.7987
-52.8447
-52.907
-52.9603
-53.0408
-53.14
-53.241
-53.2982
-53.3286
-53.3666
-53.4013
-53.4653
-53.554
-53.6616
-53.7827
-53.8775
-53.9905
-54.117
-54.2138
-54.3251
-54.451
-54.589
-54.735
-54.8866
-55.0428
-55.2024
-55.3646
-55.5287
-55.6942
-55.8604
-56.0268
-56.1702
-56.2174
-56.2849
-56.2886
-56.1671
-56.118
-56.0735
-56.0211
-56.0178
-56.0151
-55.9953
-55.9826
-55.9545
-55.9089
-55.8633
-55.8054
-55.7271
-55.6026
-55.4389
-55.2158
-55.0217
-54.6566
-54.0057
-53.4833
-53.008
-52.6114
-52.3287
-52.1241
-51.956
-51.8327
-51.7234
-51.5831
-51.4972
-51.4358
-51.3964
-51.3606
-51.3267
-51.3141
-51.3028
-51.286
-51.2837
-51.2997
-51.3461
-51.4151
-51.5031
-51.6069
-51.7246
-51.8547
-51.996
-52.1471
-52.307
-52.4747
-52.6495
-52.83
-53.0152
-53.2044
-53.3969
-53.5921
-53.7895
-53.9882
-54.1875
-54.387
-54.5864
-54.7853
-54.9833
-55.1799
-55.3748
-55.5679
-55.759
-55.9479
-56.1344
-56.3182
-56.4993
-56.6776
-56.8532
-57.0258
-57.1954
-57.3619
-57.5253
-57.6857
-57.8429
-57.9972
-58.1482
-58.2961
-58.441
-58.5828
-58.7216
-58.8574
-58.9902
-59.1201
-59.2471
-59.3713
-59.4926
-59.6112
-59.7271
-59.8403
-59.9509
-60.0589
-60.1644
-60.2674
-60.3679
-60.4661
-60.562
-60.6555
-60.7469
-60.836
-60.9231
-61.008
-61.0909
-61.1717
-61.2506
-61.3276
-61.4027
-61.476
-61.5475
-61.6173
-61.6854
-61.7518
-61.8166
-61.8798
-61.9415
-61.9491
-61.9698
-61.9985
-62.0266
-61.8325
-61.5462
-61.3574
-61.1184
-60.8994
-60.746
-60.6384
-60.4897
-60.3158
-60.1711
-59.9178
-59.7412
-59.618
-59.4051
-58.2037
-57.0939
-56.3162
-55.7487
-55.3026
-54.9238
-54.6308
-54.319
-54.0905
-53.9139
-53.7577
-53.6377
-53.5635
-53.5266
-53.5203
-53.5182
-53.4574
-53.2953
-53.1927
-53.0689
-52.9881
-52.9554
-52.9507
-52.9479
-52.9675
-52.9822
-53.0299
-53.0819
-53.1446
-53.157
-53.104
-53.0663
-53.0547
-53.086
-53.1458
-53.2005
-53.2668
-53.3192
-53.3945
-53.4701
-53.5458
-53.6292
-53.7153
-53.8225
-53.9439
-54.077
-54.2188
-54.3452
-54.4592
-54.5898
-54.7308
-54.8799
-55.0012
-55.1018
-55.1995
-55.3167
-55.4459
-55.5838
-55.7272
-55.8746
-56.0248
-56.1771
-56.2816
-56.4001
-56.5275
-56.6624
-56.801
-56.9417
-57.0836
-57.2262
-57.3689
-57.5114
-57.6533
-57.7944
-57.9343
-58.0729
-58.2098
-58.3231
-58.3777
-58.3743
-58.295
-58.1177
-57.9261
-57.7163
-57.3894
-57.0934
-56.7429
-56.2297
-55.6686
-55.2436
-54.9028
-54.5248
-54.0182
-53.576
-53.1881
-52.9201
-52.6938
-52.5209
-52.3832
-52.2507

