-70
-70.0758
-70.1508
-70.225
-70.2983
-70.3706
-70.4419
-70.5122
-70.5814
-70.6496
-70.7168
-70.7829
-70.848
-70.9121
-70.9752
-71.0373
-71.0984
-71.1586
-71.2178
-71.2761
-71.3334
-71.3899
-71.4455
-71.5003
-71.5543
-71.6074
-71.6598
-71.7114
-71.7623
-71.8124
-71.8619
-71.9106
-71.9587
-72.006
-72.0527
-72.0988
-72.1442
-72.1889
-72.2331
-72.2766
-72.3196
-72.362
-72.4038
-72.445
-72.4857
-72.5258
-72.5654
-72.6045
-72.6431
-72.6812
-72.7188
-72.756
-72.7927
-72.8289
-72.8647
-72.9
-72.9349
-72.9694
-73.0035
-73.0371
-73.0704
-73.1032
-73.1357
-73.1678
-73.1994
-73.2307
-73.2617
-73.2922
-73.3224
-73.3523
-73.3817
-73.4109
-73.4397
-73.4682
-73.4963
-73.5241
-73.5516
-73.5788
-73.6057
-73.6323
-73.6585
-73.6845
-73.7102
-73.7356
-73.7608
-73.7857
-73.8103
-73.8346
-73.8587
-73.8825
-73.9061
-73.9294
-73.9524
-73.9753
-73.9979
-74.0202
-74.0423
-74.0642
-74.0859
-74.1073
-74.1285
-74.1495
-74.1703
-74.1909
-74.2112
-74.2313
-74.2513
-74.271
-74.2905
-74.3098
-74.329
-74.3479
-74.3666
-74.3852
-74.4036
-74.4217
-74.4397
-74.4575
-74.4752
-74.4926
-74.5099
-74.527
-74.544
-74.5607
-74.5774
-74.5938
-74.6101
-74.6262
-74.6422
-74.658
-74.6736
-74.6891
-74.7045
-74.7197
-74.7347
-74.7496
-74.7644
-74.779
-74.7935
-74.8079
-74.8221
-74.8362
-74.8501
-74.864
-74.8777
-74.8913
-74.9047
-74.918
-74.9313
-74.9443
-74.9573
-74.9701
-74.9829
-74.9955
-75.008
-75.0204
-75.0327
-75.0448
-75.0569
-75.0688
-75.0806
-75.0924
-75.104
-75.1155
-75.1269
-75.1382
-75.1495
-75.1606
-75.1716
-75.1825
-75.1933
-75.204
-75.2147
-75.2252
-75.2356
-75.246
-75.2562
-75.2664
-75.2764
-75.2864
-75.2963
-75.3061
-75.3158
-75.3255
-75.335
-75.3445
-75.3538
-75.3631
-75.3724
-75.3815
-75.3906
-75.3995
-75.4084
-75.4172
-75.426
-75.4346
-75.4432
-75.4518
-75.4602
-75.4686
-75.4769
-75.4851
-75.4932
-75.5013
-75.5093
-75.5173
-75.5251
-75.533
-75.5407
-75.5484
-75.556
-75.5635
-75.571
-75.5784
-75.5858
-75.593
-75.6003
-75.6074
-75.6145
-75.6216
-75.6285
-75.6355
-75.6423
-75.6491
-75.6559
-75.6626
-75.6692
-75.6758
-75.6823
-75.6888
-75.6952
-75.7015
-75.7078
-75.7141
-75.7203
-75.7264
-75.7325
-75.7386
-75.7446
-75.7505
-75.7564
-75.7622
-75.768
-75.7738
-75.7795
-75.7851
-75.7907
-75.7963
-75.8018
-75.8072
-75.8127
-75.818
-75.8234
-75.8287
-75.8339
-75.8391
-75.8443
-75.8494
-75.8545
-75.8595
-75.8645
-75.8695
-75.8744
-75.8793
-75.8841
-75.8889
-75.8937
-75.8984
-75.9031
-75.9077
-75.9123
-75.9169
-75.9214
-75.9259
-75.9304
-75.9348
-75.9392
-75.9436
-75.9479
-75.9522
-75.9565
-75.9607
-75.9649
-75.969
-75.9731
-75.9772
-75.9813
-75.9853
-75.9893
-75.9933
-75.9972
-76.0011
-76.005
-76.0088
-76.0126
-76.0164
-76.0201
-76.0239
-76.0275
-76.0312
-76.0348
-76.0384
-76.042
-76.0456
-76.0491
-76.0526
-76.056
-76.0595
-76.0629
-76.0663
-76.0696
-76.0729
-76.0762
-76.0795
-76.0828
-76.086
-76.0892
-76.0924
-76.0955
-76.0986
-76.1017
-76.1048
-76.1079
-76.1109
-76.1139
-76.1169
-76.1198
-76.1228
-76.1257
-76.1286
-76.1314
-76.1343
-76.1371
-76.1399
-76.1427
-76.1455
-76.1482
-76.1509
-76.1536
-76.1563
-76.1589
-76.1615
-76.1642
-76.1667
-76.1693
-76.1719
-76.1744
-76.1769
-76.1794
-76.1819
-76.1843
-76.1868
-76.1892
-76.1916
-76.1939
-76.1963
-76.1986
-76.201
-76.2033
-76.2056
-76.2078
-76.2101
-76.2123
-76.2145
-76.2167
-76.2189
-76.2211
-76.2232
-76.2254
-76.2275
-76.2296
-76.2317
-76.2337
-76.2358
-76.2378
-76.2398
-76.2418
-76.2438
-76.2458
-76.2478
-76.2497
-76.2516
-76.2536
-76.2554
-76.2573
-76.2592
-76.2611
-76.2629
-76.2647
-76.2665
-76.2683
-76.2701
-76.2719
-76.2737
-76.2754
-76.2771
-76.2788
-76.2806
-76.2822
-76.2839
-76.2856
-76.2872
-76.2889
-76.2905
-76.2921
-76.2937
-76.2953
-76.2969
-76.2985
-76.3
-76.3016
-76.3031
-76.3046
-76.3061
-76.3076
-76.3091
-76.3106
-76.312
-76.3135
-76.3149
-76.3164
-76.3178
-76.3192
-76.3206
-76.322
-76.3233
-76.3247
-76.3261
-76.3274
-76.3287
-76.33
-76.3314
-76.3327
-76.334
-76.3352
-76.3365
-76.3378
-76.339
-76.3403
-76.3415
-76.3427
-76.3439
-76.3452
-76.3464
-76.3475
-76.3487
-76.3499
-76.351
-76.3522
-76.3533
-76.3545
-76.3556
-76.3567
-76.3578
-76.3589
-76.36
-76.3611
-76.3622
-76.3632
-76.3643
-76.3654
-76.3664
-76.3674
-76.3685
-76.3695
-76.3705
-76.3715
-76.3725
-76.3735
-76.3745
-76.3754
-76.3764
-76.3774
-76.3783
-76.3793
-76.3802
-76.3811
-76.382
-76.383
-76.3839
-76.3848
-76.3857
-76.3866
-76.3874
-76.3883
-76.3892
-76.39
-76.3909
-76.3917
-76.3926
-76.3934
-76.3943
-76.3951
-76.3959
-76.3967
-76.3975
-76.3983
-76.3991
-76.3999
-76.4007
-76.4014
-76.4022
-76.403
-76.4037
-76.4045
-76.4052
-76.406
-75.9818
-71.7886
-68.0041
-65.1549
-62.9445
-61.1211
-59.4257
-57.4468
-53.6233
46.3408
-5.00849
-36.5335
-77.8894
-79.0176
-78.9118
-78.78
-78.6355
-78.4783
-78.3089
-78.1277
-76.6415
-74.785
-73.6945
-72.9403
-72.3251
-71.7798
-71.2785
-70.8115
-70.3755
-69.9696
-69.5942
-69.2496
-68.9362
-68.6538
-68.8881
-69.39
-69.771
-67.8144
-65.3979
-63.6825
-62.4379
-61.4832
-60.7019
-60.0129
-59.3517
-59.616
-60.8663
-62.0269
-62.9951
-63.7849
-64.4276
-64.954
-65.3905
-65.7572
-66.0696
-66.3399
-66.5771
-66.7879
-66.9778
-67.151
-67.3107
-67.4596
-67.5996
-67.7322
-67.8586
-67.9797
-68.0965
-68.2095
-68.3193
-68.4263
-68.5307
-68.6329
-69.1385
-68.7588
-66.242
-64.3581
-63.0531
-62.11
-61.3978
-60.834
-60.3678
-59.9602
-59.5888
-59.2272
-58.851
-58.4374
-56.5537
-52.9814
24.5235
-5.0967
-36.5529
-77.3435
-79.2997
-79.2633
-79.1756
-77.7459
-76.9747
-76.5655
-76.2124
-75.8638
-75.5329
-75.2123
-74.9655
-74.7376
-74.5734
-74.4591
-74.3296
-74.1955
-74.0648
-73.9413
-73.8269
-73.7224
-73.628
-73.5437
-73.4691
-73.4037
-73.3471
-73.3416
-73.5439
-73.7228
-73.8576
-73.9613
-74.0431
-74.1088
-74.1628
-74.208
-74.2466
-74.2801
-74.3098
-74.3365
-74.3608
-74.3834
-74.4045
-74.4245
-74.4435
-74.4618
-74.4796
-74.4969
-74.5137
-74.5303
-74.5466
-74.5626
-74.5785
-74.5942
-74.6097
-74.6251
-74.6404
-74.6555
-74.6706
-74.6855
-74.7003
-74.715
-74.7296
-74.7441
-74.7586
-74.7729
-74.7871
-74.8012
-74.8152
-74.829
-74.8428
-74.8565
-74.8701
-74.8836
-74.8969
-74.9102
-74.9233
-74.9364
-74.9493
-74.9621
-74.9748
-74.9874
-75
-75.0123
-75.0246
-75.0368
-75.0489
-75.0609
-75.0728
-75.0845
-75.0962
-71.5134
-67.711
-64.8321
-62.6007
-60.7475
-58.9831
-56.7899
-51.4865
37.6324
-13.9966
-47.1809
-78.6659
-78.9149
-78.7876
-78.6422
-78.4834
-78.3113
-78.1264
-77.9294
-77.2634
-74.9833
-73.4704
-72.504
-71.7687
-71.1489
-70.5986
-70.098
-69.6387
-67.8331
-65.4635
-63.6664
-62.2801
-61.7323
-62.1205
-62.4751
-62.7501
-62.971
-62.5571
-60.9911
-59.612
-58.3449
-56.885
-54.4362
-39.6959
9.8841
-27.7538
-72.8156
-79.4641
-79.4756
-79.4123
-79.3426
-79.2668
-79.185
-79.0732
-78.8082
-78.6164
-78.4678
-78.334
-78.2065
-78.0831
-77.9632
-77.8473
-77.736
-77.6298
-77.5292
-77.4346
-77.3463
-77.2642
-77.1885
-77.1189
-77.0554
-76.9975
-76.9451
-76.8894
-76.7234
-76.5527
-76.4302
-73.6278
-70.0562
-67.6833
-66.1051
-65.0194
-64.2496
-63.6903
-63.2753
-62.965
-62.7317
-62.5569
-62.429
-62.0104
-60.0099
-57.8988
-55.0068
-36.8205
10.2952
-27.2113
-72.9251
-79.469
-79.4873
-79.3301
-78.0269
-77.4598
-77.142
-76.8442
-76.5385
-76.2225
-75.8981
-75.5681
-75.236
-74.9054
-74.6196
-74.4256
-74.2357
-74.0476
-73.8667
-73.6961
-73.5377
-73.3922
-73.2601
-73.1414
-73.0358
-72.9428
-72.8618
-72.7922
-72.733
-72.6837
-72.6433
-72.6112
-72.5866
-72.5688
-72.5572
-72.5511
-72.5498
-72.553
-72.5601
-72.5707
-72.5843
-72.6005
-72.6191
-72.6398
-72.6622
-72.6861
-72.7113
-72.7376
-72.7649
-72.7929
-72.8216
-72.8508
-72.8805
-72.9105
-72.9407
-72.9711
-73.0016
-73.0321
-73.0626
-73.0932
-73.1236
-73.1539
-73.1841
-73.2141
-73.2439
-73.2736
-73.303
-73.3322
-73.3611
-73.3898
-73.4183
-73.4465
-73.4744
-73.5021
-73.5295
-73.5566
-73.5834
-73.61
-73.6363
-73.6624
-73.6881
-73.7137
-73.7389
-73.7639
-73.7886
-73.8131
-73.8374
-73.8613
-73.8851
-73.9086
-73.9318
-73.9548
-73.9776
-74.0001
-74.0224
-74.0445
-74.0663
-74.0879
-74.1093
-74.1305
-74.1515
-71.0998
-67.3436
-64.4811
-62.2586
-60.3946
-58.5702
-56.1412
-48.2616
25.703
-20.191
-60.2978
-79.5436
-79.2137
-78.4667
-78.1979
-77.987
-77.7651
-77.5288
-77.2788
-77.0167
-76.7449
-74.8717
-72.6438
-71.1742
-70.1259
-69.3055
-68.6245
-68.0396
-67.5278
-67.0762
-65.1832
-62.9719
-61.2347
-59.7593
-58.2962
-56.4248
-52.3083
43.7131
-10.7676
-42.5207
-78.2595
-78.9067
-78.7152
-78.5533
-78.3927
-78.2219
-78.0406
-77.8499
-77.6511
-77.446
-77.2366
-77.0249
-76.8133
-76.5706
-76.3286
-76.1212
-75.9388
-75.7754
-75.6279
-75.4945
-75.3739
-75.2653
-75.1678
-75.0808
-75.0034
-74.9351
-74.8752
-74.823
-74.7779
-74.7436
-74.8246
-74.9128
-74.9817
-75.0363
-75.0804
-75.1166
-75.1469
-75.1727
-75.195
-75.2147
-75.2321
-75.2479
-75.2624
-75.2758
-75.2883
-75.3001
-75.3113
-75.3221
-75.3324
-75.3425
-75.3522
-75.3618
-75.3712
-75.3803
-75.3894
-74.6617
-70.5419
-67.0126
-64.3602
-62.2867
-60.5368
-58.8275
-56.623
-50.8413
34.6509
-15.8193
-50.5232
-78.8385
-79.0599
-78.9493
-78.8223
-78.6833
-78.5325
-78.3702
-77.7408

