-70
-69.8623
-69.7285
-69.5983
-69.4718
-69.3487
-69.2291
-69.1128
-68.9997
-68.8897
-68.7828
-68.6789
-68.5778
-68.4795
-68.3839
-68.291
-68.2007
-68.1128
-68.0274
-67.9443
-67.8636
-67.7851
-67.7087
-67.6345
-67.5623
-67.4921
-67.4238
-67.3574
-67.2929
-67.2301
-67.1691
-67.1098
-67.0521
-66.996
-66.9414
-66.8884
-66.8368
-66.7866
-66.7378
-66.6904
-66.6443
-66.5994
-66.5558
-66.5133
-66.4721
-66.432
-66.393
-66.355
-66.3181
-66.2823
-66.2474
-66.2134
-66.1805
-66.1484
-66.1172
-66.0868
-66.0573
-66.0286
-66.0007
-65.9736
-65.9472
-65.9215
-65.8966
-65.8723
-65.8487
-65.8257
-65.8034
-65.7817
-65.7606
-65.74
-65.72
-65.7006
-65.6817
-65.6633
-65.6455
-65.6281
-65.6112
-65.5948
-65.5788
-65.5632
-65.5481
-65.5334
-65.5191
-65.5052
-65.4917
-65.4785
-65.4657
-65.4533
-65.4412
-65.4294
-65.418
-65.4068
-65.396
-65.3855
-65.3752
-65.3653
-65.3556
-65.3462
-65.337
-65.3281
-65.3194
-65.311
-65.3028
-65.2948
-65.2871
-65.2795
-65.2722
-65.2651
-65.2581
-65.2514
-65.2448
-65.2385
-65.2322
-65.2262
-65.2203
-65.2146
-65.2091
-65.2037
-65.1984
-65.1933
-65.1884
-65.1835
-65.1788
-65.1743
-65.1698
-65.1655
-65.1613
-65.1572
-65.1532
-65.1493
-65.1456
-65.1419
-65.1384
-65.1349
-65.1315
-65.1283
-65.1251
-65.122
-65.119
-65.1161
-65.1132
-65.1104
-65.1077
-65.1051
-65.1026
-65.1001
-65.0977
-65.0953
-65.0931
-65.0908
-65.0887
-65.0866
-65.0845
-65.0826
-65.0806
-65.0788
-65.0769
-65.0752
-65.0734
-65.0718
-65.0701
-65.0685
-65.067
-65.0655
-65.064
-65.0626
-65.0612
-65.0599
-65.0586
-65.0573
-65.0561
-65.0549
-65.0537
-65.0526
-65.0514
-65.0504
-65.0493
-65.0483
-65.0473
-65.0464
-65.0454
-65.0445
-65.0436
-65.0428
-65.0419
-65.0411
-65.0403
-65.0395
-65.0388
-65.0381
-65.0374
-65.0367
-65.036
-65.0353
-65.0347
-65.0341
-65.0335
-65.0329
-65.0323
-65.0318
-65.0313
-65.0307
-65.0302
-65.0297
-65.0293
-65.0288
-65.0283
-65.0279
-65.0275
-65.027
-65.0266
-65.0262
-65.0259
-65.0255
-65.0251
-65.0248
-65.0244
-65.0241
-65.0238
-65.0234
-65.0231
-65.0228
-65.0225
-65.0223
-65.022
-65.0217
-65.0215
-65.0212
-65.021
-65.0207
-65.0205
-65.0203
-65.02
-65.0198
-65.0196
-65.0194
-65.0192
-65.019
-65.0188
-65.0187
-65.0185
-65.0183
-65.0181
-65.018
-65.0178
-65.0177
-65.0175
-65.0174
-65.0172
-65.0171
-65.017
-65.0168
-65.0167
-65.0166
-65.0165
-65.0163
-65.0162
-65.0161
-65.016
-65.0159
-65.0158
-65.0157
-65.0156
-65.0155
-65.0154
-65.0153
-65.0153
-65.0152
-65.0151
-65.015
-65.0149
-65.0149
-65.0148
-65.0147
-65.0147
-65.0146
-65.0145
-65.0145
-65.0144
-65.0143
-65.0143
-65.0142
-65.0142
-65.0141
-65.0141
-65.014
-65.014
-65.0139
-65.0139
-65.0138
-65.0138
-65.0137
-65.0137
-65.0137
-65.0136
-65.0136
-65.0135
-65.0135
-65.0135
-65.0134
-65.0134
-65.0134
-65.0133
-65.0133
-65.0133
-65.0133
-65.0132
-65.0132
-65.0132
-65.0131
-65.0131
-65.0131
-65.0131
-65.0131
-65.013
-65.013
-65.013
-65.013
-65.0129
-65.0129
-65.0129
-65.0129
-65.0129
-65.0129
-65.0128
-65.0128
-65.0128
-65.0128
-65.0128
-65.0128
-65.0127
-65.0127
-65.0127
-65.0127
-65.0127
-65.0127
-65.0127
-65.0127
-65.0126
-65.0126
-65.0126
-65.0126
-65.0126
-65.0126
-65.0126
-65.0126
-65.0126
-65.0126
-65.0125
-65.0125
-65.0125
-65.0125
-65.0125
-65.0125
-65.0125
-65.0125
-65.0125
-65.0125
-65.0125
-65.0125
-65.0125
-65.0124
-65.0124
-65.0124
-65.0124
-65.0124
-65.0124
-65.0124
-65.0124
-65.0124
-65.0124
-65.0124
-65.0124
-65.0124
-65.0124
-65.0124
-65.0124
-65.0124
-65.0124
-65.0124
-65.0124
-65.0124
-65.0124
-65.0124
-65.0123
-65.0123
-65.0123
-65.0123
-65.0123
-65.0123
-65.0123
-65.0123
-65.0123
-65.0123
-65.0123
-65.0123
-65.0123
-65.0123
-65.0123
-65.0123
-65.0123
-65.0123
-65.0123
-65.0123
-65.0123
-65.0123
-65.0123
-65.0123
-65.0123
-65.0123
-65.0123
-65.0123
-65.0123
-65.0123
-65.0123
-65.0123
-65.0123
-65.0123
-65.0123
-65.0123
-65.0123
-65.0123
-65.0123
-65.0123
-65.0123
-65.0123
-65.0123
-65.0123
-65.0123
-65.0123
-65.0123
-65.0123
-65.0123
-65.0123
-65.0123
-65.0123
-65.0123
-65.0123
-65.0123
-65.0123
-65.0123
-65.0123
-65.0123
-65.0123
-65.0123
-65.0123
-65.0123
-65.0123
-65.0123
-65.0123
-65.0123
-65.0123
-65.0123
-65.0123
-65.0123
-65.0123
-65.0123
-65.0123
-64.7043
-64.4515
-64.2637
-64.1299
-64.026
-63.943
-63.8763
-63.8231
-63.7811
-63.7486
-63.7241
-63.7065
-63.6948
-63.688
-63.6856
-63.6868
-63.6912
-63.6983
-63.7077
-63.7191
-63.7322
-63.7467
-63.7624
-63.7792
-63.7967
-63.8149
-63.8337
-63.8529
-63.8724
-63.8922
-63.9121
-63.9321
-63.9522
-63.9722
-63.9147
-63.7476
-63.6407
-63.5647
-63.5142
-63.4779
-63.4522
-63.435
-63.4248
-63.4205
-63.4211
-63.4259
-63.4341
-63.4452
-63.4588
-63.4414
-63.3996
-63.3775
-63.338
-62.8433
-62.4764
-62.1309
-61.1892
-60.529
-59.8565
-59.2463
-58.6803
-57.5967
-56.6527
-55.6693
-54.8649
-53.9205
-53.2424
-52.7156
-52.0016
-51.2219
-50.499
-49.6512
-48.9433
-48.2045
-47.5121
-46.8354
-46.0862
-45.1542
-43.8943
-41.8191
-36.0695
36.6581
11.9845
-25.3671
-50.6869
-58.4992
-60.3713
-60.7361
-60.7319
-60.5774
-60.3461
-60.0659
-59.7991
-59.5297
-59.3166
-59.1275
-58.923
-58.7036
-58.5041
-58.3602
-58.2572
-58.1537
-58.039
-57.8993
-57.7976
-57.6898
-57.5882
-57.5041
-57.4287
-57.326
-57.2031
-57.0862
-56.9889
-56.9129
-56.8392
-56.7435
-56.6843
-56.6185
-56.5926
-56.581
-56.4667
-56.3251
-56.1451
-56.0062
-55.9267
-55.8523
-55.8085
-55.7355
-55.4144
-55.1654
-55.0036
-54.9091
-54.7733
-54.4303
-53.927
-53.35
-52.7109
-52.0608
-51.5093
-50.9465
-50.1747
-49.2692
-48.283
-47.3477
-46.3968
-45.3411
-44.0082
-41.9989
-37.1506
25.8402
17.8919
-22.4075
-49.9208
-59.1568
-61.3112
-61.6452
-61.5185
-61.2607
-60.943
-60.6427
-60.3816
-60.1617
-59.9788
-59.8285
-59.7069
-59.6104
-59.5357
-59.4799
-59.4405
-59.4154
-59.4029
-59.4011
-59.4088
-59.4247
-59.4478
-59.4773
-59.5122
-59.5519
-59.5958
-59.6431
-59.6935
-59.7465
-59.8017
-59.8586
-59.9171
-59.9769
-60.0376
-60.0991
-60.1611
-60.2235
-60.2861
-60.3487
-60.4113
-60.4736
-60.5357
-60.5974
-60.6587
-60.7194
-60.7795
-60.839
-60.8978
-60.9559
-61.0132
-61.0697
-61.1254
-61.1803
-61.2343
-61.2874
-61.3397
-61.3911
-61.4416
-61.4912
-61.54
-61.5879
-61.6349
-61.681
-61.7263
-61.7707
-61.8143
-61.8571
-61.899
-61.9401
-61.9804
-62.02
-62.0007
-61.9348
-61.9001
-61.8825
-61.8784
-61.7924
-61.4455
-61.1939
-61.0139
-60.8755
-60.6518
-60.3389
-59.814
-59.4226
-59.0762
-58.5544
-57.4895
-56.0438
-54.7508
-53.5321
-52.5479
-51.8002
-51.0679
-50.4824
-49.7214
-49.0481
-48.4697
-47.9406
-47.4051
-46.8057
-46.1018
-45.2776
-44.1764
-42.3602
-37.9489
18.1637
20.7962
-21.4756
-50.8262
-60.9646
-63.3447
-63.6923
-63.354
-62.9491
-62.5636
-62.0865
-61.5901
-61.1371
-60.7017
-60.3199
-59.9437
-59.6131
-59.3058
-58.9486
-58.6322
-58.3429
-58.1057
-57.8536
-57.6159
-57.4391
-57.3135
-57.2271
-57.1063
-57.0072
-56.9465
-56.8927
-56.8432
-56.8248
-56.8285
-56.8507
-56.887
-56.935
-56.9538
-56.9824
-57.0202
-57.0315
-57.0681
-57.1196
-57.1839
-57.2568
-57.301
-57.2665
-57.141
-56.8438
-56.5495
-56.2301
-56.0206
-55.7389
-55.4234
-55.1331
-54.7807
-54.3935
-54.0267
-53.7119
-53.357
-52.9667
-52.4155
-51.8193
-51.1895
-50.5397
-49.9766
-49.265
-48.5882
-47.905
-47.1622
-46.4308
-45.5852
-44.4858
-42.8889
-39.6898
-19.6081
34.8177
-12.4079
-45.0834
-60.0543
-63.5727
-64.1685
-63.9652
-63.4744
-62.9323
-62.3581
-61.8509
-61.4374
-61.0661
-60.7659
-60.5191
-60.3181
-60.1541
-60.0214
-59.9154
-59.8324
-59.7693
-59.7235
-59.6926
-59.6746
-59.6287
-59.5993
-59.5867
-59.5887
-59.6012
-59.622
-59.65
-59.6839
-59.7229
-59.7663
-59.8134
-59.8638
-59.9168
-59.972
-60.0292
-60.0878
-60.1477
-60.2086
-60.2703
-60.3325
-60.395
-60.4577
-60.5205
-60.5831
-60.6456
-60.7077
-60.7694
-60.8306
-60.8913
-60.9513
-61.0107
-61.0693
-61.1272
-61.1843
-61.2406
-61.296
-61.3506
-61.4044
-61.4572
-61.5092
-61.5602
-61.6104
-61.6597
-61.7081
-61.7556
-61.8022
-61.8479
-61.8928
-61.9368
-61.9799
-62.0222
-62.0637
-62.1043
-62.1441
-62.1832
-62.2214
-62.2588
-62.2955
-62.3315
-62.3667
-62.4012
-62.435
-62.4681
-62.5005
-62.5323
-62.5634
-62.5938
-62.6237
-62.6494
-62.4289
-61.8487
-61.4379
-60.9656
-60.468
-60.0818
-59.7946
-59.5323
-59.296
-59.0242
-58.5493
-58.1981
-57.942
-57.5754
-56.0763
-54.3895
-53.1711
-52.29
-51.623
-50.9115
-50.3233
-49.7124
-49.1947
-48.7313
-48.2563
-47.7884
-47.3082
-46.7947
-46.2242
-45.5367
-44.5318
-42.7528
-39.1038
-8.39596
29.4683
-16.5713
-48.6787
-61.5276
-64.4881
-64.8533
-64.602
-64.2358
-63.8591
-63.3129
-62.7159
-62.2456
-61.8653
-61.5151
-61.2317
-60.9922
-60.7601
-60.576
-60.3942
-60.2387
-60.1183
-59.9605
-59.8187
-59.6609
-59.5299
-59.4374
-59.3739
-59.3323
-59.3077
-59.2973
-59.2989
-59.3109
-59.3126
-59.2949
-59.2984
-59.3152
-59.3432
-59.3788
-59.4206
-59.4675
-59.5187
-59.5616
-59.5769
-59.5252
-59.369
-59.2422
-59.1212
-59.0526
-58.943
-58.8451
-58.7875
-58.759
-58.752
-58.7607
-58.7421
-58.6405
-58.5569
-58.4356
-58.3177
-58.1889
-58.021
-57.8036
-57.5631
-57.2369
-56.5556
-55.9188
-55.2924
-54.596
-53.8723
-53.1345
-52.4635
-51.7689
-50.9314
-50.1224
-49.4336
-48.8448
-48.2862
-47.7709
-47.1951
-46.4933

