-70
-70.0758
-70.1508
-70.225
-70.2983
-70.3706
-70.4419
-70.5122
-70.5814
-70.6496
-70.7168
-70.7829
-70.848
-70.9121
-70.9752
-71.0373
-71.0984
-71.1586
-71.2178
-71.2761
-71.3334
-71.3899
-71.4455
-71.5003
-71.5543
-71.6074
-71.6598
-71.7114
-71.7623
-71.8124
-71.8619
-71.9106
-71.9587
-72.006
-72.0527
-72.0988
-72.1442
-72.1889
-72.2331
-72.2766
-72.3196
-72.362
-72.4038
-72.445
-72.4857
-72.5258
-72.5654
-72.6045
-72.6431
-72.6812
-72.7188
-72.756
-72.7927
-72.8289
-72.8647
-72.9
-72.9349
-72.9694
-73.0035
-73.0371
-73.0704
-73.1032
-73.1357
-73.1678
-73.1994
-73.2307
-73.2617
-73.2922
-73.3224
-73.3523
-73.3817
-73.4109
-73.4397
-73.4682
-73.4963
-73.5241
-73.5516
-73.5788
-73.6057
-73.6323
-73.6585
-73.6845
-73.7102
-73.7356
-73.7608
-73.7857
-73.8103
-73.8346
-73.8587
-73.8825
-73.9061
-73.9294
-73.9524
-73.9753
-73.9979
-74.0202
-74.0423
-74.0642
-74.0859
-74.1073
-74.1285
-74.1495
-74.1703
-74.1909
-74.2112
-74.2313
-74.2513
-74.271
-74.2905
-74.3098
-74.329
-74.3479
-74.3666
-74.3852
-74.4036
-74.4217
-74.4397
-74.4575
-74.4752
-74.4926
-74.5099
-74.527
-74.544
-74.5607
-74.5774
-74.5938
-74.6101
-74.6262
-74.6422
-74.658
-74.6736
-74.6891
-74.7045
-74.7197
-74.7347
-74.7496
-74.7644
-74.779
-74.7935
-74.8079
-74.8221
-74.8362
-74.8501
-74.864
-74.8777
-74.8913
-74.9047
-74.918
-74.9313
-74.9443
-74.9573
-74.9701
-74.9829
-74.9955
-75.008
-75.0204
-75.0327
-75.0448
-75.0569
-75.0688
-75.0806
-75.0924
-75.104
-75.1155
-75.1269
-75.1382
-75.1495
-75.1606
-75.1716
-75.1825
-75.1933
-75.204
-75.2147
-75.2252
-75.2356
-75.246
-75.2562
-75.2664
-75.2764
-75.2864
-75.2963
-75.3061
-75.3158
-75.3255
-75.335
-75.3445
-75.3538
-75.3631
-75.3724
-75.3815
-75.3906
-75.3995
-75.4084
-75.4172
-75.426
-75.4346
-75.4432
-75.4518
-75.4602
-75.4686
-75.4769
-75.4851
-75.4932
-75.5013
-75.5093
-75.5173
-75.5251
-75.533
-75.5407
-75.5484
-75.556
-75.5635
-75.571
-75.5784
-75.5858
-75.593
-75.6003
-75.6074
-75.6145
-75.6216
-75.6285
-75.6355
-75.6423
-75.6491
-75.6559
-75.6626
-75.6692
-75.6758
-75.6823
-75.6888
-75.6952
-75.7015
-75.7078
-75.7141
-75.7203
-75.7264
-75.7325
-75.7386
-75.7446
-75.7505
-75.7564
-75.7622
-75.768
-75.7738
-75.7795
-75.7851
-75.7907
-75.7963
-75.8018
-75.8072
-75.8127
-75.818
-75.8234
-75.8287
-75.8339
-75.8391
-75.8443
-75.8494
-75.8545
-75.8595
-75.8645
-75.8695
-75.8744
-75.8793
-75.8841
-75.8889
-75.8937
-75.8984
-75.9031
-75.9077
-75.9123
-75.9169
-75.9214
-75.9259
-75.9304
-75.9348
-75.9392
-75.9436
-75.9479
-75.9522
-75.9565
-75.9607
-75.9649
-75.969
-75.9731
-75.9772
-75.9813
-75.9853
-75.9893
-75.9933
-75.9972
-76.0011
-76.005
-76.0088
-76.0126
-76.0164
-76.0201
-76.0239
-76.0275
-76.0312
-76.0348
-76.0384
-76.042
-76.0456
-76.0491
-76.0526
-76.056
-76.0595
-76.0629
-76.0663
-76.0696
-76.0729
-76.0762
-76.0795
-76.0828
-76.086
-76.0892
-76.0924
-76.0955
-76.0986
-76.1017
-76.1048
-76.1079
-76.1109
-76.1139
-76.1169
-76.1198
-76.1228
-76.1257
-76.1286
-76.1314
-76.1343
-76.1371
-76.1399
-76.1427
-76.1455
-76.1482
-76.1509
-76.1536
-76.1563
-76.1589
-76.1615
-76.1642
-76.1667
-76.1693
-76.1719
-76.1744
-76.1769
-76.1794
-76.1819
-76.1843
-76.1868
-76.1892
-76.1916
-76.1939
-76.1963
-76.1986
-76.201
-76.2033
-76.2056
-76.2078
-76.2101
-76.2123
-76.2145
-76.2167
-76.2189
-76.2211
-76.2232
-76.2254
-76.2275
-76.2296
-76.2317
-76.2337
-76.2358
-76.2378
-76.2398
-76.2418
-76.2438
-76.2458
-76.2478
-76.2497
-76.2516
-76.2536
-76.2554
-76.2573
-76.2592
-76.2611
-76.2629
-76.2647
-76.2665
-76.2683
-76.2701
-76.2719
-76.2737
-76.2754
-76.2771
-76.2788
-76.2806
-76.2822
-76.2839
-76.2856
-76.2872
-76.2889
-76.2905
-76.2921
-76.2937
-76.2953
-76.2969
-76.2985
-76.3
-76.3016
-76.3031
-76.3046
-76.3061
-76.3076
-76.3091
-76.3106
-76.312
-76.3135
-76.3149
-76.3164
-76.3178
-76.3192
-76.3206
-76.322
-76.3233
-76.3247
-76.3261
-76.3274
-76.3287
-76.33
-76.3314
-76.3327
-76.334
-76.3352
-76.3365
-76.3378
-76.339
-76.3403
-76.3415
-76.3427
-76.3439
-76.3452
-76.3464
-76.3475
-76.3487
-76.3499
-76.351
-76.3522
-76.3533
-76.3545
-76.3556
-76.3567
-76.3578
-76.3589
-76.36
-76.3611
-76.3622
-76.3632
-76.3643
-76.3654
-76.3664
-76.3674
-76.3685
-76.3695
-76.3705
-76.3715
-76.3725
-76.3735
-76.3745
-76.3754
-76.3764
-76.3774
-76.3783
-76.3793
-76.3802
-76.3811
-76.382
-76.383
-76.3839
-76.3848
-76.3857
-76.3866
-76.3874
-76.3883
-76.3892
-76.39
-76.3909
-76.3917
-76.3926
-76.3934
-76.3943
-76.3951
-76.3959
-76.3967
-76.3975
-76.3983
-76.3991
-76.3999
-76.4007
-76.4014
-76.4022
-76.403
-76.4037
-76.4045
-76.4052
-76.406
-76.4067
-76.4074
-75.6458
-71.3644
-67.6835
-64.9104
-62.7495
-60.9512
-59.2514
-57.2021
-52.8667
43.9686
-9.01768
-40.3284
-78.3431
-78.9732
-78.8568
-78.7189
-78.5679
-78.4039
-78.2273
-78.0388
-76.9591
-74.8756
-73.6035
-72.7604
-72.0952
-71.519
-70.9971
-70.6513
-70.7125
-69.2821
-67.2736
-65.8721
-65.1669
-65.829
-67.039
-68.4577
-69.3461
-69.8569
-70.625
-71.2018
-70.1281
-68.6945
-68.0304
-67.6816
-67.49
-67.3848
-67.3303
-67.3074
-67.6052
-68.3827
-69.4562
-70.3434
-70.9067
-71.2756
-71.5276
-71.7067
-71.839
-71.9403
-72.0206
-72.0865
-72.1422
-72.1907
-72.2341
-72.2738
-72.3109
-72.3461
-72.38
-72.4129
-72.4452
-72.4771
-72.5087
-72.5401
-72.5715
-72.6028
-72.6342
-72.6655
-72.697
-72.7285
-72.3873
-68.7505
-65.4845
-63.0238
-61.0646
-59.3188
-57.3897
-54.0379
29.2805
-0.842555
-33.3327
-76.8912
-78.9166
-78.8119
-78.6694
-78.5131
-78.3434
-78.1608
-77.9659
-77.6993
-77.4019
-77.148
-76.9125
-76.6852
-76.4436
-76.204
-75.9963
-75.8196
-75.6911
-75.594
-75.55
-75.5986
-75.6406
-75.6514
-75.6492
-75.6421
-75.6334
-75.6247
-75.6166
-75.6462
-75.6974
-75.7291
-75.7574
-75.7863
-75.8039
-75.8148
-75.8219
-75.8269
-75.8375
-75.854
-75.8659
-75.8744
-75.8808
-75.8859
-75.8902
-75.8939
-75.8972
-75.9003
-75.9033
-75.9063
-75.9092
-75.9121
-75.915
-75.918
-75.9211
-75.9241
-75.9273
-75.9305
-75.9337
-75.937
-75.9403
-75.9437
-75.9472
-75.9507
-75.9542
-75.9577
-75.9613
-75.9649
-75.9685
-75.9722
-75.9758
-75.9795
-75.9832
-75.9868
-75.9905
-75.9942
-75.9979
-76.0016
-76.0052
-76.0089
-76.0125
-76.0162
-76.0198
-76.0234
-76.027
-76.0305
-76.0341
-76.0376
-76.0411
-76.0446
-76.0481
-76.0515
-76.055
-73.2217
-69.1217
-65.9759
-63.5692
-61.6342
-59.9167
-58.0776
-55.182
-29.4603
9.03241
-27.7234
-73.8422
-78.9994
-78.9281
-78.7984
-78.6552
-78.4992
-78.3306
-78.15
-77.6984
-75.4797
-73.9871
-73.064
-72.3659
-71.7728
-71.5234
-71.3771
-71.1863
-70.5737
-68.1889
-66.3442
-65.8313
-65.6145
-65.4532
-66.0213
-67.1567
-68.2635
-69.2427
-70.18
-70.7636
-71.2827
-71.8841
-72.2759
-72.5262
-72.6934
-72.8099
-72.8943
-72.9581
-73.0081
-73.0489
-73.0835
-73.1137
-73.141
-73.1663
-73.1902
-73.2132
-73.2357
-73.2579
-73.28
-73.302
-70.8007
-67.226
-64.537
-62.5013
-60.855
-59.3616
-57.7131
-55.0925
-38.9727
11.7793
-26.5634
-72.2763
-79.6632
-79.717
-79.6832
-79.6333
-79.4476
-79.3398
-79.259
-79.1796
-79.0976
-78.3037
-74.937
-72.7173
-71.3441
-70.3783
-69.6345
-69.0267
-68.512
-68.0673
-67.6795
-67.1295
-65.2742
-64.1521
-63.4208
-62.901
-62.5177
-62.2274
-62.0053
-61.8355
-62.0315
-63.1884
-63.1679
-62.1267
-61.3227
-60.7213
-60.241
-61.0347
-62.0533
-62.8575
-63.5893
-65.0626
-66.2432
-67.0742
-67.7454
-68.9041
-70.538
-71.8457
-72.6212
-73.1667
-73.6903
-74.1487
-74.4654
-74.6536
-74.7703
-74.8462
-74.8979
-74.9347
-74.962
-74.983
-75
-75.0141
-75.0264
-75.0373
-75.0473
-75.0568
-75.0658
-75.0746
-75.0832
-75.0918
-75.1003
-75.1089
-75.1174
-75.1261
-75.1348
-75.1436
-75.1525
-75.1614
-75.1704
-75.1795
-75.1886
-75.1978
-75.2071
-75.2163
-75.2256
-75.2349
-75.2443
-75.2536
-75.2629
-75.2723
-75.2816
-75.2909
-75.3002
-75.3095
-75.3187
-75.3279
-75.337
-75.3461
-75.3552
-75.3642
-75.3732
-75.3821
-75.3909
-75.3997
-75.4085
-75.4171
-75.4257
-75.4343
-75.4428
-75.4512
-75.4596
-75.4679
-75.4761
-75.4843
-75.4924
-75.5005
-75.5084
-75.5163
-75.5242
-75.532
-75.5397
-75.5474
-73.6214
-69.4696
-66.1955
-63.7032
-61.7133
-59.9652
-58.1189
-55.2763
-33.9891
10.4578
-27.0069
-73.2848
-79.6923
-79.7254
-78.7093
-78.005
-77.7108
-77.4554
-77.1906
-76.9126
-76.6228
-76.3235
-75.9217
-73.4173
-71.2986
-69.8655
-68.8076
-67.972
-67.2821
-66.6967
-66.1924
-65.7545
-63.7458
-61.6311
-59.8921
-59.4431
-59.5928
-59.7438
-59.8806
-60.0058
-60.2637
-60.8166
-60.7357
-60.643
-61.3805
-63.6668
-65.3346
-66.8334
-68.1326
-68.9281
-69.4246
-70.1043
-70.7588
-71.2611
-71.9352
-72.6771
-73.1632
-73.4546
-73.6379
-73.7588
-73.8422
-73.9023
-73.9474
-73.9827
-74.0113
-74.0355
-74.0566
-74.0756
-74.0931
-74.1097
-74.1256
-74.1411
-74.1564
-74.1715
-74.1866
-74.2017
-74.2169
-74.2321
-74.2475
-74.263
-74.2786
-74.2944
-74.3102
-74.3261
-74.3421
-74.3582
-74.3743
-74.3905
-74.4067
-74.4229
-74.4392
-74.4554
-74.4716
-74.0895
-70.1784
-66.655
-64.0007
-61.9166
-60.132
-58.3234
-55.7608
-44.9869
18.9387
-23.2116
-67.0695
-79.6215
-79.2049
-78.4295
-78.1513
-77.9353
-77.7089
-77.4681
-77.2137
-76.9476
-76.6718
-75.9189
-73.287
-71.3223

