-70
-70.0758
-70.1508
-70.225
-70.2983
-70.3706
-70.4419
-70.5122
-70.5814
-70.6496
-70.7168
-70.7829
-70.848
-70.9121
-70.9752
-71.0373
-71.0984
-71.1586
-71.2178
-71.2761
-71.3334
-71.3899
-71.4455
-71.5003
-71.5543
-71.6074
-71.6598
-71.7114
-71.7623
-71.8124
-71.8619
-71.9106
-71.9587
-72.006
-72.0527
-72.0988
-72.1442
-72.1889
-72.2331
-72.2766
-72.3196
-72.362
-72.4038
-72.445
-72.4857
-72.5258
-72.5654
-72.6045
-72.6431
-72.6812
-72.7188
-72.756
-72.7927
-72.8289
-72.8647
-72.9
-72.9349
-72.9694
-73.0035
-73.0371
-73.0704
-73.1032
-73.1357
-73.1678
-73.1994
-73.2307
-73.2617
-73.2922
-73.3224
-73.3523
-73.3817
-73.4109
-73.4397
-73.4682
-73.4963
-73.5241
-73.5516
-73.5788
-73.6057
-73.6323
-73.6585
-73.6845
-73.7102
-73.7356
-73.7608
-73.7857
-73.8103
-73.8346
-73.8587
-73.8825
-73.9061
-73.9294
-73.9524
-73.9753
-73.9979
-74.0202
-74.0423
-74.0642
-74.0859
-74.1073
-74.1285
-74.1495
-74.1703
-74.1909
-74.2112
-74.2313
-74.2513
-74.271
-74.2905
-74.3098
-74.329
-74.3479
-74.3666
-74.3852
-74.4036
-74.4217
-74.4397
-74.4575
-74.4752
-74.4926
-74.5099
-74.527
-74.544
-74.5607
-74.5774
-74.5938
-74.6101
-74.6262
-74.6422
-74.658
-74.6736
-74.6891
-74.7045
-74.7197
-74.7347
-74.7496
-74.7644
-74.779
-74.7935
-74.8079
-74.8221
-74.8362
-74.8501
-74.864
-74.8777
-74.8913
-74.9047
-74.918
-74.9313
-74.9443
-74.9573
-74.9701
-74.9829
-74.9955
-75.008
-75.0204
-75.0327
-75.0448
-75.0569
-75.0688
-75.0806
-75.0924
-75.104
-75.1155
-75.1269
-75.1382
-75.1495
-75.1606
-75.1716
-75.1825
-75.1933
-75.204
-75.2147
-75.2252
-75.2356
-75.246
-75.2562
-75.2664
-75.2764
-75.2864
-75.2963
-75.3061
-75.3158
-75.3255
-75.335
-75.3445
-75.3538
-75.3631
-75.3724
-75.3815
-75.3906
-75.3995
-75.4084
-75.4172
-75.426
-75.4346
-75.4432
-75.4518
-75.4602
-75.4686
-75.4769
-75.4851
-75.4932
-75.5013
-75.5093
-75.5173
-75.5251
-75.533
-75.5407
-75.5484
-75.556
-75.5635
-75.571
-75.5784
-75.5858
-75.593
-75.6003
-75.6074
-75.6145
-75.6216
-75.6285
-75.6355
-75.6423
-75.6491
-75.6559
-75.6626
-75.6692
-75.6758
-75.6823
-75.6888
-75.6952
-75.7015
-75.7078
-75.7141
-75.7203
-75.7264
-75.7325
-75.7386
-75.7446
-75.7505
-75.7564
-75.7622
-75.768
-75.7738
-75.7795
-75.7851
-75.7907
-75.7963
-75.8018
-75.8072
-75.8127
-75.818
-75.8234
-75.8287
-75.8339
-75.8391
-75.8443
-75.8494
-75.8545
-75.8595
-75.8645
-75.8695
-75.8744
-75.8793
-75.8841
-75.8889
-75.8937
-75.8984
-75.9031
-75.9077
-75.9123
-75.9169
-75.9214
-75.9259
-75.9304
-75.9348
-75.9392
-75.9436
-75.9479
-75.9522
-75.9565
-75.9607
-75.9649
-75.969
-75.9731
-75.9772
-75.9813
-75.9853
-75.9893
-75.9933
-75.9972
-76.0011
-76.005
-76.0088
-76.0126
-76.0164
-76.0201
-76.0239
-76.0275
-76.0312
-76.0348
-76.0384
-76.042
-76.0456
-76.0491
-76.0526
-76.056
-76.0595
-76.0629
-76.0663
-76.0696
-76.0729
-76.0762
-76.0795
-76.0828
-76.086
-76.0892
-76.0924
-76.0955
-76.0986
-76.1017
-76.1048
-76.1079
-76.1109
-76.1139
-76.1169
-76.1198
-76.1228
-76.1257
-76.1286
-76.1314
-76.1343
-76.1371
-76.1399
-76.1427
-76.1455
-76.1482
-76.1509
-76.1536
-76.1563
-76.1589
-76.1615
-76.1642
-76.1667
-76.1693
-76.1719
-76.1744
-76.1769
-76.1794
-76.1819
-76.1843
-76.1868
-76.1892
-76.1916
-76.1939
-76.1963
-76.1986
-76.201
-76.2033
-76.2056
-76.2078
-76.2101
-76.2123
-76.2145
-76.2167
-76.2189
-76.2211
-76.2232
-76.2254
-76.2275
-76.2296
-76.2317
-76.2337
-76.2358
-76.2378
-76.2398
-76.2418
-76.2438
-76.2458
-76.2478
-76.2497
-76.2516
-76.2536
-76.2554
-76.2573
-76.2592
-76.2611
-76.2629
-76.2647
-76.2665
-76.2683
-76.2701
-76.2719
-76.2737
-76.2754
-76.2771
-76.2788
-76.2806
-76.2822
-76.2839
-76.2856
-76.2872
-76.2889
-76.2905
-76.2921
-76.2937
-76.2953
-76.2969
-76.2985
-76.3
-76.3016
-76.3031
-76.3046
-76.3061
-76.3076
-76.3091
-76.3106
-76.312
-76.3135
-76.3149
-76.3164
-76.3178
-76.3192
-76.3206
-76.322
-76.3233
-76.3247
-76.3261
-76.3274
-76.3287
-76.33
-76.3314
-76.3327
-76.334
-76.3352
-76.3365
-76.3378
-76.339
-76.3403
-76.3415
-76.3427
-76.3439
-76.3452
-76.3464
-76.3475
-76.3487
-76.3499
-76.351
-76.3522
-76.3533
-76.3545
-76.3556
-76.3567
-76.3578
-76.3589
-76.36
-76.3611
-76.3622
-76.3632
-76.3643
-76.3654
-76.3664
-76.3674
-76.3685
-76.3695
-76.3705
-76.3715
-76.3725
-76.3735
-76.3745
-76.3754
-76.3764
-76.3774
-76.3783
-76.3793
-76.3802
-76.3811
-76.382
-76.383
-76.3839
-76.3848
-76.3857
-76.3866
-76.3874
-76.3883
-76.3892
-76.39
-76.3909
-76.3917
-76.3926
-76.3934
-76.3943
-76.3951
-76.3959
-76.3967
-76.3975
-76.3983
-76.3991
-76.3999
-76.4007
-76.4014
-76.4022
-76.403
-76.4037
-76.4045
-76.4052
-76.406
-76.4067
-76.4074
-76.4082
-76.4089
-74.8509
-70.5394
-67.0677
-64.4383
-62.3694
-60.6139
-58.8923
-56.6604
-50.6804
33.9118
-16.0888
-50.9472
-78.9028
-79.1134
-79.0087
-78.8884
-78.7566
-78.6135
-78.2127
-76.3092
-75.1594
-74.474
-73.9313
-73.4415
-72.978
-72.5331
-72.1058
-71.6976
-71.3104
-70.9463
-70.9918
-71.1664
-71.2664
-71.396
-71.8476
-72.1988
-72.4382
-71.0721
-68.5195
-67.134
-66.3117
-65.7958
-65.4646
-65.2515
-65.1169
-65.0368
-64.9961
-64.9852
-64.9974
-65.0279
-65.0734
-65.1314
-65.1999
-65.2775
-65.3626
-65.9316
-67.0569
-67.9652
-68.6684
-69.2217
-69.6639
-70.0225
-70.3174
-70.5633
-70.7709
-70.9484
-71.1018
-71.2359
-71.3545
-71.4602
-71.5556
-71.6423
-71.7219
-70.8294
-67.2777
-64.3633
-62.1581
-60.3686
-58.7117
-56.7617
-52.9137
45.3276
-7.77384
-38.9257
-78.4712
-78.8442
-78.5548
-78.3762
-78.189
-77.9873
-77.7715
-77.5424
-77.3016
-76.7907
-74.3349
-72.505
-71.3113
-70.4241
-69.7046
-69.0903
-68.7225
-68.8882
-68.997
-69.3063
-70.3556
-71.139
-71.682
-72.3107
-72.7248
-72.9811
-73.146
-73.2561
-73.3323
-73.5029
-73.8331
-74.2438
-74.6342
-74.8761
-75.0228
-75.1161
-75.1783
-75.2214
-75.2525
-75.2758
-75.2939
-75.3085
-75.3207
-75.3312
-75.3406
-75.3491
-75.3571
-75.3646
-75.3719
-75.379
-75.386
-75.3929
-75.3999
-75.4068
-75.4137
-75.4207
-75.4277
-75.4347
-75.4418
-75.4489
-75.4561
-75.4633
-75.4705
-75.4778
-75.485
-75.4923
-75.4996
-75.5069
-75.5142
-75.5215
-75.5288
-75.5361
-75.5434
-75.5506
-75.5578
-75.565
-75.5722
-75.5793
-75.5864
-75.5935
-75.6005
-75.6075
-75.6144
-75.6213
-75.6282
-75.635
-75.6418
-75.6485
-75.6552
-75.6618
-75.6684
-75.6749
-72.0179
-68.1378
-65.2016
-62.934
-61.0715
-59.3442
-57.3211
-53.3041
45.8628
-6.78621
-37.9542
-78.6145
-78.9561
-78.6484
-78.4776
-78.2999
-78.1079
-77.9017
-77.6821
-77.4503
-77.2083
-74.9047
-72.918
-71.6457
-70.722
-69.9821
-69.3539
-68.8031
-68.3127
-67.5204
-65.1441
-63.1011
-61.5234
-61.1012
-61.3885
-61.6455
-61.8561
-62.158
-63.5006
-64.6796
-65.185
-63.8251
-62.6368
-61.8046
-61.8918
-63.9044
-65.3722
-66.3082
-66.9271
-67.353
-67.6582
-67.8857
-68.062
-68.2039
-68.3225
-68.4251
-68.5166
-68.6004
-68.6788
-68.7537
-68.8261
-68.8969
-68.9668
-69.0361
-69.1053
-69.1743
-69.2435
-69.3128
-69.3823
-69.452
-69.5219
-69.592
-69.6621
-69.7322
-69.8023
-69.8723
-69.942
-70.0115
-70.0807
-70.1495
-68.2862
-64.991
-62.4157
-60.363
-58.4923
-56.2638
-51.1789
37.7795
-15.0338
-48.5901
-79.1401
-79.0592
-78.4181
-78.1682
-77.9561
-77.732
-77.4935
-77.2415
-76.9777
-76.7044
-76.4242
-75.1362
-72.3543
-70.3663
-68.9766
-67.929
-67.0961
-66.4099
-65.8318
-65.338
-65.7195
-66.2362
-66.611
-66.8841
-67.0891
-67.248
-67.9461
-69.1951
-70.3487
-71.1393
-71.689
-72.0828
-72.3726
-72.7732
-73.2296
-73.5588
-73.815
-74.1605
-74.4238
-74.6083
-74.7414
-74.8401
-74.9152
-74.9737
-75.0203
-75.0582
-75.0896
-75.1162
-75.1391
-75.1591
-75.1769
-75.1929
-75.2076
-75.2211
-75.2338
-75.2458
-75.2572
-75.2681
-75.2787
-75.2889
-75.2989
-75.3087
-75.3183
-75.3278
-75.3371
-75.3463
-75.3553
-75.3643
-75.3733
-75.3821
-75.3909
-75.3996
-75.4082
-75.4168
-75.4253
-75.4338
-75.4422
-75.4505
-75.4588
-75.467
-75.4752
-75.4833
-75.4913
-75.4993
-75.5072
-75.5151
-75.5229
-75.5306
-75.5383
-75.546
-75.5535
-75.561
-75.5685
-75.5759
-75.5832
-75.5905
-75.5977
-75.6049
-75.612
-71.9637
-68.0923
-65.1625
-62.8988
-61.0374
-59.3066
-57.2672
-53.1457
45.3061
-7.61461
-38.759
-78.7227
-79.7327
-79.7143
-79.6781
-79.6376
-79.5931
-79.5443
-79.4915
-76.7584
-74.8189
-73.7418
-72.9899
-72.376
-71.8331
-71.3354
-70.873
-70.0519
-67.4923
-65.3374
-63.7399
-62.4921
-61.4594
-60.5449
-59.6643
-58.7196
-57.4245
-53.9362
12.0921
-0.571286
-33.1526
-76.7476
-79.3177
-79.2777
-79.19
-78.9981
-77.4517
-76.6232
-76.1703
-75.8052
-75.4566
-75.1111
-74.8305
-74.5755
-74.3168
-74.0623
-73.8171
-73.6049
-73.5885
-73.5686
-73.6685
-73.806
-73.8813
-73.918
-73.933
-73.936
-73.9325
-73.9261
-73.9188
-73.9117
-73.9057
-73.9012
-73.8983
-73.8973
-73.8981
-73.9006
-73.9048
-73.9106
-73.9178
-73.9264
-73.9363
-73.9472
-73.9592
-73.9721
-73.9859
-74.0003
-74.0154
-74.0311
-74.0472
-74.0638
-74.0807
-74.0979
-74.1155
-74.1332
-74.1511
-74.1691
-74.1872
-72.3613
-68.4163
-65.3088
-62.9346
-61.0068
-59.2385
-57.1818
-53.0794
45.3775
-7.77496
-38.9111
-78.6822
-79.7135
-79.694
-78.3741
-77.8346
-77.5564
-77.2923
-77.0171
-76.7293
-76.4307
-76.1238
-75.8117
-73.3502
-71.0421
-69.4647
-68.3093

