-70
-69.8623
-69.7285
-69.5983
-69.4718
-69.3487
-69.2291
-69.1128
-68.9997
-68.8897
-68.7828
-68.6789
-68.5778
-68.4795
-68.3839
-68.291
-68.2007
-68.1128
-68.0274
-67.9443
-67.8636
-67.7851
-67.7087
-67.6345
-67.5623
-67.4921
-67.4238
-67.3574
-67.2929
-67.2301
-67.1691
-67.1098
-67.0521
-66.996
-66.9414
-66.8884
-66.8368
-66.7866
-66.7378
-66.6904
-66.6443
-66.5994
-66.5558
-66.5133
-66.4721
-66.432
-66.393
-66.355
-66.3181
-66.2823
-66.2474
-66.2134
-66.1805
-66.1484
-66.1172
-66.0868
-66.0573
-66.0286
-66.0007
-65.9736
-65.9472
-65.9215
-65.8966
-65.8723
-65.8487
-65.8257
-65.8034
-65.7817
-65.7606
-65.74
-65.72
-65.7006
-65.6817
-65.6633
-65.6455
-65.6281
-65.6112
-65.5948
-65.5788
-65.5632
-65.5481
-65.5334
-65.5191
-65.5052
-65.4917
-65.4785
-65.4657
-65.4533
-65.4412
-65.4294
-65.418
-65.4068
-65.396
-65.3855
-65.3752
-65.3653
-65.3556
-65.3462
-65.337
-65.3281
-65.3194
-65.311
-65.3028
-65.2948
-65.2871
-65.2795
-65.2722
-65.2651
-65.2581
-65.2514
-65.2448
-65.2385
-65.2322
-65.2262
-65.2203
-65.2146
-65.2091
-65.2037
-65.1984
-65.1933
-65.1884
-65.1835
-65.1788
-65.1743
-65.1698
-65.1655
-65.1613
-65.1572
-65.1532
-65.1493
-65.1456
-65.1419
-65.1384
-65.1349
-65.1315
-65.1283
-65.1251
-65.122
-65.119
-65.1161
-65.1132
-65.1104
-65.1077
-65.1051
-65.1026
-65.1001
-65.0977
-65.0953
-65.0931
-65.0908
-65.0887
-65.0866
-65.0845
-65.0826
-65.0806
-65.0788
-65.0769
-65.0752
-65.0734
-65.0718
-65.0701
-65.0685
-65.067
-65.0655
-65.064
-65.0626
-65.0612
-65.0599
-65.0586
-65.0573
-65.0561
-65.0549
-65.0537
-65.0526
-65.0514
-65.0504
-65.0493
-65.0483
-65.0473
-65.0464
-65.0454
-65.0445
-65.0436
-65.0428
-65.0419
-65.0411
-65.0403
-65.0395
-65.0388
-65.0381
-65.0374
-65.0367
-65.036
-65.0353
-65.0347
-65.0341
-65.0335
-65.0329
-65.0323
-65.0318
-65.0313
-65.0307
-65.0302
-65.0297
-65.0293
-65.0288
-65.0283
-65.0279
-65.0275
-65.027
-65.0266
-65.0262
-65.0259
-65.0255
-65.0251
-65.0248
-65.0244
-65.0241
-65.0238
-65.0234
-65.0231
-65.0228
-65.0225
-65.0223
-65.022
-65.0217
-65.0215
-65.0212
-65.021
-65.0207
-65.0205
-65.0203
-65.02
-65.0198
-65.0196
-65.0194
-65.0192
-65.019
-65.0188
-65.0187
-65.0185
-65.0183
-65.0181
-65.018
-65.0178
-65.0177
-65.0175
-65.0174
-65.0172
-65.0171
-65.017
-65.0168
-65.0167
-65.0166
-65.0165
-65.0163
-65.0162
-65.0161
-65.016
-65.0159
-65.0158
-65.0157
-65.0156
-65.0155
-65.0154
-65.0153
-65.0153
-65.0152
-65.0151
-65.015
-65.0149
-65.0149
-65.0148
-65.0147
-65.0147
-65.0146
-65.0145
-65.0145
-65.0144
-65.0143
-65.0143
-65.0142
-65.0142
-65.0141
-65.0141
-65.014
-65.014
-65.0139
-65.0139
-65.0138
-65.0138
-65.0137
-65.0137
-65.0137
-65.0136
-65.0136
-65.0135
-65.0135
-65.0135
-65.0134
-65.0134
-65.0134
-65.0133
-65.0133
-65.0133
-65.0133
-65.0132
-65.0132
-65.0132
-65.0131
-65.0131
-65.0131
-65.0131
-65.0131
-65.013
-65.013
-65.013
-65.013
-65.0129
-65.0129
-65.0129
-65.0129
-65.0129
-65.0129
-65.0128
-65.0128
-65.0128
-65.0128
-65.0128
-65.0128
-65.0127
-65.0127
-65.0127
-65.0127
-65.0127
-65.0127
-65.0127
-65.0127
-65.0126
-65.0126
-65.0126
-65.0126
-65.0126
-65.0126
-65.0126
-65.0126
-65.0126
-65.0126
-65.0125
-65.0125
-65.0125
-65.0125
-65.0125
-65.0125
-65.0125
-65.0125
-65.0125
-65.0125
-65.0125
-65.0125
-65.0125
-65.0124
-65.0124
-65.0124
-65.0124
-65.0124
-65.0124
-65.0124
-65.0124
-65.0124
-65.0124
-65.0124
-65.0124
-65.0124
-65.0124
-65.0124
-65.0124
-65.0124
-65.0124
-65.0124
-65.0124
-65.0124
-65.0124
-65.0124
-65.0123
-65.0123
-65.0123
-65.0123
-65.0123
-65.0123
-65.0123
-65.0123
-65.0123
-65.0123
-65.0123
-65.0123
-65.0123
-65.0123
-65.0123
-65.0123
-65.0123
-65.0123
-65.0123
-65.0123
-65.0123
-65.0123
-65.0123
-65.0123
-65.0123
-65.0123
-65.0123
-65.0123
-65.0123
-65.0123
-65.0123
-65.0123
-65.0123
-65.0123
-65.0123
-65.0123
-65.0123
-65.0123
-65.0123
-65.0123
-65.0123
-65.0123
-65.0123
-65.0123
-65.0123
-65.0123
-65.0123
-65.0123
-65.0123
-65.0123
-65.0123
-65.0123
-65.0123
-65.0123
-65.0123
-65.0123
-65.0123
-65.0123
-65.0123
-65.0123
-65.0123
-65.0123
-65.0123
-65.0123
-65.0123
-65.0123
-65.0123
-65.0123
-65.0123
-65.0123
-65.0123
-65.0123
-65.0123
-65.0123
-64.7657
-64.5631
-64.4124
-64.305
-64.2215
-64.1548
-64.1013
-64.0585
-64.0247
-63.9986
-63.9789
-63.9648
-63.9553
-63.9499
-63.9479
-63.9489
-63.9525
-63.9582
-63.9658
-63.975
-63.9855
-63.9972
-64.0098
-64.0233
-64.0374
-64.052
-64.0671
-64.0826
-64.0983
-64.1142
-64.1302
-64.1463
-64.1624
-64.1784
-64.1168
-63.9452
-63.834
-63.7539
-63.6995
-63.6593
-63.6297
-63.6088
-63.595
-63.5872
-63.5843
-63.5856
-63.5904
-63.5983
-63.6087
-63.6212
-63.6355
-63.6108
-63.5711
-63.4168
-63.3105
-63.1568
-62.5292
-62.0952
-61.5459
-60.8881
-60.2954
-59.0104
-57.77
-56.4028
-55.3178
-54.3105
-53.5721
-52.9942
-52.2684
-51.5167
-50.8492
-50.1931
-49.6644
-49.1985
-48.7708
-48.3786
-48.0032
-47.629
-47.2385
-46.8038
-46.2754
-45.6374
-44.7887
-43.5102
-41.0677
-31.7538
42.4306
-1.30524
-34.6467
-54.7931
-60.2018
-61.681
-62.1427
-62.2095
-62.1499
-62.0107
-61.8303
-61.6856
-61.5673
-61.4731
-61.3896
-61.2811
-61.1707
-61.0665
-60.9925
-60.799
-60.5883
-60.3528
-60.1772
-60.051
-59.9529
-59.8346
-59.7541
-59.6839
-59.5816
-59.4738
-59.4056
-59.3165
-59.2565
-59.1729
-59.0661
-59.0023
-58.9382
-58.8696
-58.7897
-58.7198
-58.6525
-58.62
-58.5914
-58.5333
-58.3524
-58.1089
-57.8338
-57.4312
-56.9563
-56.4019
-55.8277
-55.218
-54.5513
-54.0494
-53.2665
-52.2403
-51.3547
-50.6199
-49.9688
-49.4055
-48.8513
-48.3659
-47.8779
-47.3391
-46.7857
-46.1524
-45.3793
-44.3477
-42.7246
-39.1265
-7.18536
29.4118
-16.1055
-46.5733
-59.2224
-62.4694
-63.3189
-63.5342
-63.5308
-63.4473
-63.3396
-63.2304
-63.1288
-63.0379
-62.9583
-62.8894
-62.8304
-62.7802
-62.738
-62.7029
-62.674
-62.6506
-62.6321
-62.6179
-62.6076
-62.6006
-62.5967
-62.5955
-62.5967
-62.5999
-62.6051
-62.6119
-62.6201
-62.6296
-62.6403
-62.6519
-62.6644
-62.6777
-62.6916
-62.706
-62.7209
-62.7362
-62.7518
-62.7677
-62.7837
-62.8
-62.8163
-62.8328
-62.8492
-62.8657
-62.8822
-62.8986
-62.915
-62.9313
-62.9475
-62.9636
-62.9795
-62.9953
-63.011
-63.0266
-63.0419
-63.0571
-63.0722
-63.087
-63.1017
-63.1162
-63.1306
-63.1447
-63.0288
-62.6532
-62.4004
-62.214
-62.0823
-61.9808
-61.81
-61.6616
-61.5516
-61.4363
-61.2709
-60.9584
-60.4228
-59.9516
-59.5543
-59.1169
-58.2129
-56.8315
-55.6876
-54.4341
-53.4466
-52.6965
-51.9806
-51.4237
-50.9436
-50.5118
-50.1463
-49.8394
-49.5777
-49.2414
-48.8431
-48.4769
-48.1458
-47.8217
-47.4753
-47.1071
-46.5637
-45.9204
-45.1199
-44.0143
-42.1194
-37.1808
27.9766
15.5321
-25.3791
-53.2772
-62.0662
-64.3486
-64.8764
-64.8345
-64.6211
-64.3498
-64.1067
-63.8158
-63.5382
-63.2398
-62.9876
-62.7503
-62.5632
-62.4098
-62.1823
-61.9558
-61.7261
-61.5021
-61.3347
-61.2056
-61.0597
-60.9441
-60.8564
-60.7922
-60.7458
-60.7137
-60.6937
-60.684
-60.6831
-60.6869
-60.6077
-60.5614
-60.5358
-60.4906
-60.451
-60.4288
-60.2732
-59.9252
-59.4985
-59.0297
-58.6818
-58.386
-58.159
-57.8862
-57.5965
-57.2818
-57.0424
-56.7164
-56.358
-55.9428
-55.508
-55.0504
-54.5451
-53.9933
-53.3368
-52.6262
-51.9711
-51.3958
-50.8827
-50.4648
-50.1048
-49.7953
-49.477
-49.1789
-48.9233
-48.6858
-48.3307
-47.9509
-47.5199
-46.9901
-46.4433
-45.7764
-44.92
-43.7052
-41.5538
-35.0026
39.9646
5.6789
-32.231
-56.9874
-63.8375
-65.5895
-66.0338
-66.0927
-66.0175
-65.8977
-65.7673
-65.6395
-65.519
-65.4071
-65.304
-65.2091
-65.1217
-65.0412
-64.9669
-64.8982
-64.8346
-64.7757
-64.7209
-64.6699
-64.6224
-64.5782
-64.5369
-64.4983
-64.4622
-64.4284
-64.3967
-64.367
-64.3391
-64.3129
-64.2883
-64.2651
-64.2433
-64.2227
-64.2033
-64.185
-64.1677
-64.1514
-64.136
-64.1214
-64.1077
-64.0946
-64.0823
-64.0707
-64.0596
-64.0492
-64.0393
-64.03
-64.0212
-64.0128
-64.0049
-63.9974
-63.9904
-63.9837
-63.9774
-63.9715
-63.9659
-63.9607
-63.9557
-63.9511
-63.9468
-63.9427
-63.9389
-63.9353
-63.932
-63.929
-63.9261
-63.9235
-63.9211
-63.9189
-63.9169
-63.9151
-63.9135
-63.912
-63.8821
-63.83
-63.7937
-63.7116
-63.4287
-62.7439
-62.2673
-61.8494
-61.4936
-61.2233
-61.0118
-60.703
-60.3944
-60.1673
-59.6496
-59.1922
-58.8585
-58.3528
-56.67
-55.0691
-53.9106
-53.0748
-52.439
-51.8843
-51.4374
-51.0439
-50.7198
-50.428
-50.1712
-49.9389
-49.7487
-49.5896
-49.4564
-49.3249
-49.1536
-48.7043
-48.3034
-47.8885
-47.4226
-46.9176
-46.3798
-45.7263
-44.8872
-43.6408
-41.3459
-34.0268
41.348
2.55042
-34.7139
-58.1814
-64.3863
-65.8706
-66.1641
-66.117
-65.9615
-65.7781
-65.5094
-65.2611
-65.0171
-64.732
-64.4699
-64.2528
-64.0304
-63.8013
-63.5724
-63.347
-63.1403
-62.9765
-62.8428
-62.7329
-62.6038
-62.4849
-62.3912
-62.2786
-62.1383
-62.0241
-61.9381
-61.8739
-61.7974
-61.7219
-61.668
-61.5847
-61.5265
-61.4859
-61.3792
-61.2867
-61.2237
-61.1833
-61.1319
-61.0316
-60.9499
-60.8969
-60.8448
-60.7785
-60.7393
-60.7176
-60.7103
-60.6149
-60.5102
-60.4118
-60.2798
-60.0216
-59.654
-59.3303
-58.8555
-58.1534
-57.3088
-56.5185
-55.7917
-54.8704
-53.7863
-52.7718
-51.9975
-51.4092
-50.9111
-50.5055
-50.1682
-49.8847

