-70
-70.0758
-70.1508
-70.225
-70.2983
-70.3706
-70.4419
-70.5122
-70.5814
-70.6496
-70.7168
-70.7829
-70.848
-70.9121
-70.9752
-71.0373
-71.0984
-71.1586
-71.2178
-71.2761
-71.3334
-71.3899
-71.4455
-71.5003
-71.5543
-71.6074
-71.6598
-71.7114
-71.7623
-71.8124
-71.8619
-71.9106
-71.9587
-72.006
-72.0527
-72.0988
-72.1442
-72.1889
-72.2331
-72.2766
-72.3196
-72.362
-72.4038
-72.445
-72.4857
-72.5258
-72.5654
-72.6045
-72.6431
-72.6812
-72.7188
-72.756
-72.7927
-72.8289
-72.8647
-72.9
-72.9349
-72.9694
-73.0035
-73.0371
-73.0704
-73.1032
-73.1357
-73.1678
-73.1994
-73.2307
-73.2617
-73.2922
-73.3224
-73.3523
-73.3817
-73.4109
-73.4397
-73.4682
-73.4963
-73.5241
-73.5516
-73.5788
-73.6057
-73.6323
-73.6585
-73.6845
-73.7102
-73.7356
-73.7608
-73.7857
-73.8103
-73.8346
-73.8587
-73.8825
-73.9061
-73.9294
-73.9524
-73.9753
-73.9979
-74.0202
-74.0423
-74.0642
-74.0859
-74.1073
-74.1285
-74.1495
-74.1703
-74.1909
-74.2112
-74.2313
-74.2513
-74.271
-74.2905
-74.3098
-74.329
-74.3479
-74.3666
-74.3852
-74.4036
-74.4217
-74.4397
-74.4575
-74.4752
-74.4926
-74.5099
-74.527
-74.544
-74.5607
-74.5774
-74.5938
-74.6101
-74.6262
-74.6422
-74.658
-74.6736
-74.6891
-74.7045
-74.7197
-74.7347
-74.7496
-74.7644
-74.779
-74.7935
-74.8079
-74.8221
-74.8362
-74.8501
-74.864
-74.8777
-74.8913
-74.9047
-74.918
-74.9313
-74.9443
-74.9573
-74.9701
-74.9829
-74.9955
-75.008
-75.0204
-75.0327
-75.0448
-75.0569
-75.0688
-75.0806
-75.0924
-75.104
-75.1155
-75.1269
-75.1382
-75.1495
-75.1606
-75.1716
-75.1825
-75.1933
-75.204
-75.2147
-75.2252
-75.2356
-75.246
-75.2562
-75.2664
-75.2764
-75.2864
-75.2963
-75.3061
-75.3158
-75.3255
-75.335
-75.3445
-75.3538
-75.3631
-75.3724
-75.3815
-75.3906
-75.3995
-75.4084
-75.4172
-75.426
-75.4346
-75.4432
-75.4518
-75.4602
-75.4686
-75.4769
-75.4851
-75.4932
-75.5013
-75.5093
-75.5173
-75.5251
-75.533
-75.5407
-75.5484
-75.556
-75.5635
-75.571
-75.5784
-75.5858
-75.593
-75.6003
-75.6074
-75.6145
-75.6216
-75.6285
-75.6355
-75.6423
-75.6491
-75.6559
-75.6626
-75.6692
-75.6758
-75.6823
-75.6888
-75.6952
-75.7015
-75.7078
-75.7141
-75.7203
-75.7264
-75.7325
-75.7386
-75.7446
-75.7505
-75.7564
-75.7622
-75.768
-75.7738
-75.7795
-75.7851
-75.7907
-75.7963
-75.8018
-75.8072
-75.8127
-75.818
-75.8234
-75.8287
-75.8339
-75.8391
-75.8443
-75.8494
-75.8545
-75.8595
-75.8645
-75.8695
-75.8744
-75.8793
-75.8841
-75.8889
-75.8937
-75.8984
-75.9031
-75.9077
-75.9123
-75.9169
-75.9214
-75.9259
-75.9304
-75.9348
-75.9392
-75.9436
-75.9479
-75.9522
-75.9565
-75.9607
-75.9649
-75.969
-75.9731
-75.9772
-75.9813
-75.9853
-75.9893
-75.9933
-75.9972
-76.0011
-76.005
-76.0088
-76.0126
-76.0164
-76.0201
-76.0239
-76.0275
-76.0312
-76.0348
-76.0384
-76.042
-76.0456
-76.0491
-76.0526
-76.056
-76.0595
-76.0629
-76.0663
-76.0696
-76.0729
-76.0762
-76.0795
-76.0828
-76.086
-76.0892
-76.0924
-76.0955
-76.0986
-76.1017
-76.1048
-76.1079
-76.1109
-76.1139
-76.1169
-76.1198
-76.1228
-76.1257
-76.1286
-76.1314
-76.1343
-76.1371
-76.1399
-76.1427
-76.1455
-76.1482
-76.1509
-76.1536
-76.1563
-76.1589
-76.1615
-76.1642
-76.1667
-76.1693
-76.1719
-76.1744
-76.1769
-76.1794
-76.1819
-76.1843
-76.1868
-76.1892
-76.1916
-76.1939
-76.1963
-76.1986
-76.201
-76.2033
-76.2056
-76.2078
-76.2101
-76.2123
-76.2145
-76.2167
-76.2189
-76.2211
-76.2232
-76.2254
-76.2275
-76.2296
-76.2317
-76.2337
-76.2358
-76.2378
-76.2398
-76.2418
-76.2438
-76.2458
-76.2478
-76.2497
-76.2516
-76.2536
-76.2554
-76.2573
-76.2592
-76.2611
-76.2629
-76.2647
-76.2665
-76.2683
-76.2701
-76.2719
-76.2737
-76.2754
-76.2771
-76.2788
-76.2806
-76.2822
-76.2839
-76.2856
-76.2872
-76.2889
-76.2905
-76.2921
-76.2937
-76.2953
-76.2969
-76.2985
-76.3
-76.3016
-76.3031
-76.3046
-76.3061
-76.3076
-76.3091
-76.3106
-76.312
-76.3135
-76.3149
-76.3164
-76.3178
-76.3192
-76.3206
-76.322
-76.3233
-76.3247
-76.3261
-76.3274
-76.3287
-76.33
-76.3314
-76.3327
-76.334
-76.3352
-76.3365
-76.3378
-76.339
-76.3403
-76.3415
-76.3427
-76.3439
-76.3452
-76.3464
-76.3475
-76.3487
-76.3499
-76.351
-76.3522
-76.3533
-76.3545
-76.3556
-76.3567
-76.3578
-76.3589
-76.36
-76.3611
-76.3622
-76.3632
-76.3643
-76.3654
-76.3664
-76.3674
-76.3685
-76.3695
-76.3705
-76.3715
-76.3725
-76.3735
-76.3745
-76.3754
-76.3764
-76.3774
-76.3783
-76.3793
-76.3802
-76.3811
-76.382
-76.383
-76.3839
-76.3848
-76.3857
-76.3866
-76.3874
-76.3883
-76.3892
-76.39
-76.3909
-76.3917
-76.3926
-76.3934
-76.3943
-76.3951
-76.3959
-76.3967
-76.3975
-76.3983
-76.3991
-76.3999
-76.4007
-76.4014
-76.4022
-76.403
-76.4037
-76.4045
-76.4052
-76.406
-76.4067
-76.4074
-76.4082
-76.4089
-76.4096
-76.4103
-76.411
-76.4117
-73.1002
-69.0304
-65.9337
-63.559
-61.6448
-59.9422
-58.1173
-55.256
-31.6259
9.70686
-27.2581
-73.2824
-79.1833
-79.1424
-79.0377
-78.9215
-78.7944
-78.5614
-76.7384
-75.6259
-74.9906
-74.4876
-74.0271
-73.5849
-73.155
-72.7679
-72.5741
-70.383
-68.9654
-68.1891
-67.6779
-67.3177
-67.0514
-66.8486
-66.6919
-66.5706
-66.4781
-66.4097
-66.362
-66.3324
-66.3189
-66.3198
-66.3336
-66.3592
-66.3954
-66.441
-66.4952
-66.557
-66.6256
-66.7002
-66.7801
-66.8646
-66.9531
-67.045
-67.1399
-67.2371
-67.3364
-67.4374
-67.5395
-67.6424
-68.4628
-69.3424
-70.0405
-70.5966
-71.0456
-71.4123
-71.7152
-71.9682
-72.1814
-72.3628
-72.5185
-72.6533
-72.7709
-71.1248
-67.4933
-64.6791
-62.5626
-60.8726
-59.3739
-57.7832
-55.4511
-46.7308
20.9642
-23.0414
-66.3278
-78.7743
-78.6964
-78.544
-78.3769
-78.1964
-78.0029
-77.7972
-77.5806
-77.3548
-77.1217
-76.8837
-76.6162
-76.3174
-76.0648
-75.8562
-75.6752
-75.514
-75.3687
-75.2374
-75.1186
-75.0116
-74.9155
-74.8297
-74.7535
-74.6862
-74.6882
-74.7722
-74.8391
-74.8884
-74.9259
-74.955
-74.9782
-74.9974
-75.0136
-75.0277
-75.0403
-75.0518
-75.0625
-75.0728
-75.0826
-75.0923
-75.1018
-75.1112
-75.1205
-75.1298
-75.1392
-75.1485
-75.1579
-75.1674
-75.1768
-75.1863
-75.1958
-75.2053
-75.2148
-75.2244
-75.2339
-75.2435
-75.253
-75.2625
-75.272
-75.2815
-75.2909
-75.3003
-75.3097
-75.319
-75.3283
-75.3375
-75.3467
-75.3558
-75.3649
-75.3739
-75.3828
-75.3917
-75.4005
-75.4093
-75.418
-75.4266
-75.4352
-75.4437
-75.4522
-75.4605
-75.4689
-75.4771
-75.4853
-75.4934
-75.5014
-75.5094
-75.5173
-75.5252
-75.533
-75.5407
-75.5484
-75.5559
-71.9139
-68.0491
-65.1241
-62.8633
-61.002
-59.2665
-57.2077
-52.958
44.5097
-8.70284
-39.8505
-78.3541
-79.1023
-79.0029
-78.8818
-78.7488
-78.6042
-78.4482
-78.1791
-76.0164
-74.5375
-73.659
-73.0012
-72.4379
-71.925
-71.5148
-71.4474
-71.3575
-70.3598
-67.9305
-66.7705
-66.2299
-65.8666
-65.6078
-65.4194
-65.2815
-65.182
-65.1126
-65.068
-65.0446
-65.0395
-65.0506
-65.0762
-65.1147
-65.7398
-66.8034
-67.648
-68.3014
-68.8156
-69.2268
-69.6681
-70.5211
-71.2169
-71.7361
-72.1319
-72.4396
-72.6831
-72.8789
-73.0389
-73.1713
-73.2826
-73.3771
-73.4584
-73.5292
-73.5915
-73.6469
-73.6966
-73.7417
-73.7829
-73.821
-73.8563
-73.8894
-73.9206
-73.9502
-73.9784
-74.0054
-74.0313
-74.0564
-74.0807
-73.3993
-69.4692
-66.1007
-63.5615
-61.5526
-59.8021
-57.968
-55.1778
-36.7084
10.9055
-26.8973
-72.643
-78.9017
-78.8176
-78.6755
-78.5189
-78.3488
-78.1652
-77.969
-77.761
-77.5429
-77.3163
-77.0835
-74.5808
-72.0841
-70.6606
-69.7218
-69.0332
-68.4944
-68.0547
-68.0052
-68.3634
-68.6103
-68.7623
-68.8572
-68.9177
-68.958
-68.9869
-69.01
-69.0312
-69.0527
-69.0759
-69.102
-69.1312
-69.164
-69.2003
-69.2401
-69.2833
-69.3296
-69.3789
-69.4308
-69.4851
-69.5416
-69.5999
-69.6599
-69.7213
-69.7838
-69.8473
-69.9115
-69.9762
-70.0414
-70.1068
-70.1723
-70.2379
-70.3033
-70.3686
-70.4335
-70.4982
-70.5624
-70.6262
-70.6895
-70.7523
-70.8145
-70.8761
-70.937
-70.9972
-71.0568
-71.1157
-71.1738
-71.2312
-71.288
-71.3439
-71.3992
-71.4537
-71.5075
-71.5606
-71.613
-71.6647
-71.7157
-71.766
-71.8157
-71.8647
-71.9131
-71.9608
-72.0079
-72.0544
-72.1002
-72.1454
-72.19
-72.234
-72.2774
-72.3203
-72.3625
-72.4042
-72.4454
-72.486
-72.5261
-72.5656
-72.6047
-72.6432
-72.6813
-72.7189
-72.756
-72.7927
-72.8289
-72.8647
-72.9
-72.9349
-70.0247
-66.4375
-63.6982
-61.5486
-59.6887
-57.733
-54.6217
-12.9641
4.23626
-30.2712
-75.8702
-79.6702
-78.7198
-78.3527
-78.1476
-77.9383
-77.7147
-77.4768
-77.2261
-76.9643
-76.6939
-75.9255
-73.1757
-71.1094
-69.7037
-68.6571
-67.8273
-67.1418
-66.5607
-66.0612
-65.9548
-65.782
-64.2574
-63.055
-62.1884
-61.5277
-61.7293
-62.6134
-63.3248
-63.8668
-64.2879
-64.6228
-64.8959
-65.1252
-65.3229
-65.4975
-65.6551
-65.8004
-66.7664
-67.9726
-69.4293
-70.4884
-71.2327
-71.7704
-72.169
-72.4713
-72.7055
-72.8904
-73.0392
-73.1609
-73.262
-73.3474
-73.4204
-73.4839
-73.5397
-73.5893
-73.6341
-73.6748
-73.7123
-73.7471
-73.7797
-73.8104
-73.8396
-73.8676
-73.8944
-73.9203
-73.9454
-73.9698
-73.9936
-74.0169
-74.0397
-74.0621
-74.0841
-74.1057
-74.1271
-74.1482
-74.169
-74.1895
-74.2098
-74.2299
-74.2497
-71.1887
-67.4239
-64.558
-62.3377
-60.4851
-58.694
-56.3813
-49.905
31.0192
-17.717
-54.5206
-78.7864
-78.8995
-78.7693
-78.6223
-78.4619
-78.2883
-78.102
-77.9039

