-70
-70.0758
-70.1508
-70.225
-70.2983
-70.3706
-70.4419
-70.5122
-70.5814
-70.6496
-70.7168
-70.7829
-70.848
-70.9121
-70.9752
-71.0373
-71.0984
-71.1586
-71.2178
-71.2761
-71.3334
-71.3899
-71.4455
-71.5003
-71.5543
-71.6074
-71.6598
-71.7114
-71.7623
-71.8124
-71.8619
-71.9106
-71.9587
-72.006
-72.0527
-72.0988
-72.1442
-72.1889
-72.2331
-72.2766
-72.3196
-72.362
-72.4038
-72.445
-72.4857
-72.5258
-72.5654
-72.6045
-72.6431
-72.6812
-72.7188
-72.756
-72.7927
-72.8289
-72.8647
-72.9
-72.9349
-72.9694
-73.0035
-73.0371
-73.0704
-73.1032
-73.1357
-73.1678
-73.1994
-73.2307
-73.2617
-73.2922
-73.3224
-73.3523
-73.3817
-73.4109
-73.4397
-73.4682
-73.4963
-73.5241
-73.5516
-73.5788
-73.6057
-73.6323
-73.6585
-73.6845
-73.7102
-73.7356
-73.7608
-73.7857
-73.8103
-73.8346
-73.8587
-73.8825
-73.9061
-73.9294
-73.9524
-73.9753
-73.9979
-74.0202
-74.0423
-74.0642
-74.0859
-74.1073
-74.1285
-74.1495
-74.1703
-74.1909
-74.2112
-74.2313
-74.2513
-74.271
-74.2905
-74.3098
-74.329
-74.3479
-74.3666
-74.3852
-74.4036
-74.4217
-74.4397
-74.4575
-74.4752
-74.4926
-74.5099
-74.527
-74.544
-74.5607
-74.5774
-74.5938
-74.6101
-74.6262
-74.6422
-74.658
-74.6736
-74.6891
-74.7045
-74.7197
-74.7347
-74.7496
-74.7644
-74.779
-74.7935
-74.8079
-74.8221
-74.8362
-74.8501
-74.864
-74.8777
-74.8913
-74.9047
-74.918
-74.9313
-74.9443
-74.9573
-74.9701
-74.9829
-74.9955
-75.008
-75.0204
-75.0327
-75.0448
-75.0569
-75.0688
-75.0806
-75.0924
-75.104
-75.1155
-75.1269
-75.1382
-75.1495
-75.1606
-75.1716
-75.1825
-75.1933
-75.204
-75.2147
-75.2252
-75.2356
-75.246
-75.2562
-75.2664
-75.2764
-75.2864
-75.2963
-75.3061
-75.3158
-75.3255
-75.335
-75.3445
-75.3538
-75.3631
-75.3724
-75.3815
-75.3906
-75.3995
-75.4084
-75.4172
-75.426
-75.4346
-75.4432
-75.4518
-75.4602
-75.4686
-75.4769
-75.4851
-75.4932
-75.5013
-75.5093
-75.5173
-75.5251
-75.533
-75.5407
-75.5484
-75.556
-75.5635
-75.571
-75.5784
-75.5858
-75.593
-75.6003
-75.6074
-75.6145
-75.6216
-75.6285
-75.6355
-75.6423
-75.6491
-75.6559
-75.6626
-75.6692
-75.6758
-75.6823
-75.6888
-75.6952
-75.7015
-75.7078
-75.7141
-75.7203
-75.7264
-75.7325
-75.7386
-75.7446
-75.7505
-75.7564
-75.7622
-75.768
-75.7738
-75.7795
-75.7851
-75.7907
-75.7963
-75.8018
-75.8072
-75.8127
-75.818
-75.8234
-75.8287
-75.8339
-75.8391
-75.8443
-75.8494
-75.8545
-75.8595
-75.8645
-75.8695
-75.8744
-75.8793
-75.8841
-75.8889
-75.8937
-75.8984
-75.9031
-75.9077
-75.9123
-75.9169
-75.9214
-75.9259
-75.9304
-75.9348
-75.9392
-75.9436
-75.9479
-75.9522
-75.9565
-75.9607
-75.9649
-75.969
-75.9731
-75.9772
-75.9813
-75.9853
-75.9893
-75.9933
-75.9972
-76.0011
-76.005
-76.0088
-76.0126
-76.0164
-76.0201
-76.0239
-76.0275
-76.0312
-76.0348
-76.0384
-76.042
-76.0456
-76.0491
-76.0526
-76.056
-76.0595
-76.0629
-76.0663
-76.0696
-76.0729
-76.0762
-76.0795
-76.0828
-76.086
-76.0892
-76.0924
-76.0955
-76.0986
-76.1017
-76.1048
-76.1079
-76.1109
-76.1139
-76.1169
-76.1198
-76.1228
-76.1257
-76.1286
-76.1314
-76.1343
-76.1371
-76.1399
-76.1427
-76.1455
-76.1482
-76.1509
-76.1536
-76.1563
-76.1589
-76.1615
-76.1642
-76.1667
-76.1693
-76.1719
-76.1744
-76.1769
-76.1794
-76.1819
-76.1843
-76.1868
-76.1892
-76.1916
-76.1939
-76.1963
-76.1986
-76.201
-76.2033
-76.2056
-76.2078
-76.2101
-76.2123
-76.2145
-76.2167
-76.2189
-76.2211
-76.2232
-76.2254
-76.2275
-76.2296
-76.2317
-76.2337
-76.2358
-76.2378
-76.2398
-76.2418
-76.2438
-76.2458
-76.2478
-76.2497
-76.2516
-76.2536
-76.2554
-76.2573
-76.2592
-76.2611
-76.2629
-76.2647
-76.2665
-76.2683
-76.2701
-76.2719
-76.2737
-76.2754
-76.2771
-76.2788
-76.2806
-76.2822
-76.2839
-76.2856
-76.2872
-76.2889
-76.2905
-76.2921
-76.2937
-76.2953
-76.2969
-76.2985
-76.3
-76.3016
-76.3031
-76.3046
-76.3061
-76.3076
-76.3091
-76.3106
-76.312
-76.3135
-76.3149
-76.3164
-76.3178
-76.3192
-76.3206
-76.322
-76.3233
-76.3247
-76.3261
-76.3274
-76.3287
-76.33
-76.3314
-76.3327
-76.334
-76.3352
-76.3365
-76.3378
-76.339
-76.3403
-76.3415
-76.3427
-76.3439
-76.3452
-76.3464
-76.3475
-76.3487
-76.3499
-76.351
-76.3522
-76.3533
-76.3545
-76.3556
-76.3567
-76.3578
-76.3589
-76.36
-76.3611
-76.3622
-76.3632
-76.3643
-76.3654
-76.3664
-76.3674
-76.3685
-76.3695
-76.3705
-76.3715
-76.3725
-76.3735
-76.3745
-76.3754
-76.3764
-76.3774
-76.3783
-76.3793
-76.3802
-76.3811
-76.382
-76.383
-76.3839
-76.3848
-76.3857
-76.3866
-76.3874
-76.3883
-76.3892
-76.39
-76.3909
-76.3917
-76.3926
-76.3934
-76.3943
-76.3951
-76.3959
-76.3967
-76.3975
-76.3983
-76.3991
-76.3999
-76.4007
-76.4014
-76.4022
-76.403
-76.4037
-76.4045
-76.4052
-76.406
-76.4067
-76.4074
-76.4082
-76.4089
-76.4096
-76.4103
-76.411
-76.4117
-76.4124
-76.4131
-76.4137
-76.4144
-76.4151
-76.4158
-76.4164
-76.4171
-76.4177
-76.4184
-76.419
-76.4196
-76.4203
-76.4209
-76.4215
-76.4221
-76.4227
-76.4234
-76.424
-76.4246
-76.4251
-76.4257
-76.4263
-76.4269
-76.4275
-76.428
-76.4286
-76.4292
-76.4297
-76.4261
-76.3847
-76.3456
-76.2875
-76.2353
-76.1798
-76.1404
-76.114
-76.0958
-76.0831
-76.0742
-76.0679
-76.0634
-76.0604
-76.0584
-76.0572
-76.0567
-76.0567
-76.0571
-76.0578
-76.0589
-76.0602
-76.0617
-76.0634
-76.0652
-76.0672
-76.0693
-76.0715
-76.0738
-76.0762
-76.0787
-76.0812
-76.0837
-76.0863
-76.089
-76.0917
-76.0944
-76.0971
-76.0999
-76.1026
-76.1054
-76.1082
-76.111
-76.1138
-76.1166
-76.1194
-76.1221
-76.1249
-76.1277
-76.1305
-76.1332
-76.136
-76.1387
-76.1414
-76.1441
-76.1468
-76.1495
-76.1521
-76.1548
-76.1574
-76.16
-76.1626
-76.1652
-76.1678
-76.1703
-76.1728
-76.1753
-76.1778
-76.1803
-76.1768
-76.1619
-76.1495
-76.1399
-76.1314
-76.1126
-76.0896
-76.0733
-76.0622
-76.0498
-76.0409
-76.0354
-76.032
-76.0299
-76.0289
-76.0285
-76.0287
-76.0292
-76.0301
-76.0312
-76.0326
-76.0341
-76.0358
-76.0376
-76.0396
-76.0417
-76.0438
-76.0461
-76.0485
-76.0509
-76.0534
-76.0559
-76.0585
-76.0612
-76.0639
-76.0666
-76.0694
-76.0722
-76.0751
-76.0779
-76.0808
-76.0837
-76.0866
-76.0895
-76.0924
-76.0953
-76.0982
-76.1011
-76.104
-76.1069
-76.1098
-76.1127
-76.1156
-76.1184
-76.1213
-76.1241
-76.127
-76.1298
-76.1326
-76.1353
-76.1381
-76.1409
-76.1436
-76.1463
-76.149
-76.1517
-76.1544
-76.157
-76.1596
-76.1622
-76.1648
-76.1674
-76.17
-76.1725
-76.175
-76.1775
-76.18
-76.1824
-76.1849
-76.1873
-76.1897
-76.1921
-76.1945
-76.1968
-76.1992
-76.2015
-76.2038
-76.2061
-76.2083
-76.2106
-76.2128
-76.215
-76.2172
-76.2194
-76.2215
-76.2237
-76.2258
-76.2279
-76.23
-76.2321
-76.2342
-76.2362
-76.2382
-76.2403
-76.2423
-76.2442
-76.2462
-76.2482
-76.2501
-76.252
-76.254
-76.2475
-76.2254
-76.2067
-76.1841
-76.1565
-76.1358
-76.1144
-76.0938
-76.0795
-76.0695
-76.0626
-76.0578
-76.0546
-76.0524
-76.0512
-76.0506
-76.0506
-76.0509
-76.0517
-76.0527
-76.054
-76.0555
-76.0572
-76.059
-76.061
-76.0631
-76.0653
-76.0676
-76.07
-76.0724
-76.0749
-76.0775
-76.0801
-76.0828
-76.0855
-76.0882
-76.091
-76.0937
-76.0965
-76.0993
-76.1021
-76.105
-76.1078
-76.1106
-76.1134
-76.1162
-76.1191
-76.1219
-76.1247
-76.1275
-76.1302
-76.133
-76.1358
-76.1385
-76.1412
-76.1439
-76.1466
-76.1493
-76.152
-76.1546
-76.1573
-76.1599
-76.1625
-76.1651
-76.1676
-76.1702
-76.1727
-76.1752
-76.1777
-76.1802
-76.1826
-76.1851
-76.1875
-76.1899
-76.1923
-76.1947
-76.197
-76.1931
-76.1772
-76.1639
-76.1535
-76.1455
-76.1337
-76.1172
-76.1013
-76.0839
-76.0714
-76.0629
-76.057
-76.0497
-76.0426
-76.038
-76.0351
-76.0334
-76.0325
-76.0323
-76.0326
-76.0332
-76.0341
-76.0353
-76.0367
-76.0383
-76.0401
-76.042
-76.044
-76.0461
-76.0483
-76.0507
-76.053
-76.0555
-76.058
-76.0606
-76.0633
-76.066
-76.0687
-76.0714
-76.0742
-76.0771
-76.0799
-76.0827
-76.0856
-76.0885
-76.0914
-76.0943
-76.0972
-76.1001
-76.103
-76.1059
-76.1088
-76.1116
-76.1145
-76.1174
-76.1202
-76.1231
-76.1259
-76.1287
-76.1315
-76.1343
-76.1371
-76.1398
-76.1426
-76.1453
-76.148
-76.1507
-76.1533
-76.156
-76.1586
-76.1612
-76.1638
-76.1664
-76.169
-76.1715
-76.174
-76.1765
-76.179
-76.1815
-76.1839
-76.1864
-76.1888
-76.1912
-76.1936
-76.1959
-76.1983
-76.2006
-76.2029
-76.2052
-76.2074
-76.2097
-76.2119
-76.2142
-76.2164
-76.2185
-76.2207
-76.2229
-76.225
-76.2271
-76.2292
-76.2313
-76.2334
-76.2354
-76.2375
-76.2395
-76.2415
-76.2435
-76.2455
-76.2474
-76.2494
-76.2513
-76.2532
-76.2551
-76.257
-76.2589
-76.2607
-76.2626
-76.2644
-76.2662
-76.268
-76.2698
-76.2716
-76.2733
-76.2751
-76.2768
-76.2741
-76.2503
-76.2286
-76.2009
-76.1702
-76.137
-76.1099
-76.0913
-76.0785
-76.0696
-76.0634
-76.059
-76.0561
-76.0542
-76.0531
-76.0526
-76.0527
-76.0532
-76.054
-76.0551
-76.0564
-76.0579
-76.0597
-76.0615
-76.0635
-76.0656
-76.0679
-76.0702
-76.0726
-76.0751
-76.0776
-76.0802
-76.0828
-76.0854
-76.0881
-76.0909
-76.0936
-76.0964
-76.0992
-76.102
-76.1048
-76.1076
-76.1104
-76.1132
-76.116
-76.1188
-76.1216
-76.1244
-76.1272
-76.13
-76.1327
-76.1355
-76.1382
-76.141
-76.1437
-76.1464
-76.1491
-76.1517
-76.1544
-76.157
-76.1596
-76.1622
-76.1648
-76.1674
-76.1699
-76.1725
-76.175
-76.1775
-76.1799
-76.1824
-76.1848
-76.1873
-76.1897
-76.192

