-70
-70.0758
-70.1508
-70.225
-70.2983
-70.3706
-70.4419
-70.5122
-70.5814
-70.6496
-70.7168
-70.7829
-70.848
-70.9121
-70.9752
-71.0373
-71.0984
-71.1586
-71.2178
-71.2761
-71.3334
-71.3899
-71.4455
-71.5003
-71.5543
-71.6074
-71.6598
-71.7114
-71.7623
-71.8124
-71.8619
-71.9106
-71.9587
-72.006
-72.0527
-72.0988
-72.1442
-72.1889
-72.2331
-72.2766
-72.3196
-72.362
-72.4038
-72.445
-72.4857
-72.5258
-72.5654
-72.6045
-72.6431
-72.6812
-72.7188
-72.756
-72.7927
-72.8289
-72.8647
-72.9
-72.9349
-72.9694
-73.0035
-73.0371
-73.0704
-73.1032
-73.1357
-73.1678
-73.1994
-73.2307
-73.2617
-73.2922
-73.3224
-73.3523
-73.3817
-73.4109
-73.4397
-73.4682
-73.4963
-73.5241
-73.5516
-73.5788
-73.6057
-73.6323
-73.6585
-73.6845
-73.7102
-73.7356
-73.7608
-73.7857
-73.8103
-73.8346
-73.8587
-73.8825
-73.9061
-73.9294
-73.9524
-73.9753
-73.9979
-74.0202
-74.0423
-74.0642
-74.0859
-74.1073
-74.1285
-74.1495
-74.1703
-74.1909
-74.2112
-74.2313
-74.2513
-74.271
-74.2905
-74.3098
-74.329
-74.3479
-74.3666
-74.3852
-74.4036
-74.4217
-74.4397
-74.4575
-74.4752
-74.4926
-74.5099
-74.527
-74.544
-74.5607
-74.5774
-74.5938
-74.6101
-74.6262
-74.6422
-74.658
-74.6736
-74.6891
-74.7045
-74.7197
-74.7347
-74.7496
-74.7644
-74.779
-74.7935
-74.8079
-74.8221
-74.8362
-74.8501
-74.864
-74.8777
-74.8913
-74.9047
-74.918
-74.9313
-74.9443
-74.9573
-74.9701
-74.9829
-74.9955
-75.008
-75.0204
-75.0327
-75.0448
-75.0569
-75.0688
-75.0806
-75.0924
-75.104
-75.1155
-75.1269
-75.1382
-75.1495
-75.1606
-75.1716
-75.1825
-75.1933
-75.204
-75.2147
-75.2252
-75.2356
-75.246
-75.2562
-75.2664
-75.2764
-75.2864
-75.2963
-75.3061
-75.3158
-75.3255
-75.335
-75.3445
-75.3538
-75.3631
-75.3724
-75.3815
-75.3906
-75.3995
-75.4084
-75.4172
-75.426
-75.4346
-75.4432
-75.4518
-75.4602
-75.4686
-75.4769
-75.4851
-75.4932
-75.5013
-75.5093
-75.5173
-75.5251
-75.533
-75.5407
-75.5484
-75.556
-75.5635
-75.571
-75.5784
-75.5858
-75.593
-75.6003
-75.6074
-75.6145
-75.6216
-75.6285
-75.6355
-75.6423
-75.6491
-75.6559
-75.6626
-75.6692
-75.6758
-75.6823
-75.6888
-75.6952
-75.7015
-75.7078
-75.7141
-75.7203
-75.7264
-75.7325
-75.7386
-75.7446
-75.7505
-75.7564
-75.7622
-75.768
-75.7738
-75.7795
-75.7851
-75.7907
-75.7963
-75.8018
-75.8072
-75.8127
-75.818
-75.8234
-75.8287
-75.8339
-75.8391
-75.8443
-75.8494
-75.8545
-75.8595
-75.8645
-75.8695
-75.8744
-75.8793
-75.8841
-75.8889
-75.8937
-75.8984
-75.9031
-75.9077
-75.9123
-75.9169
-75.9214
-75.9259
-75.9304
-75.9348
-75.9392
-75.9436
-75.9479
-75.9522
-75.9565
-75.9607
-75.9649
-75.969
-75.9731
-75.9772
-75.9813
-75.9853
-75.9893
-75.9933
-75.9972
-76.0011
-76.005
-76.0088
-76.0126
-76.0164
-76.0201
-76.0239
-76.0275
-76.0312
-76.0348
-76.0384
-76.042
-76.0456
-76.0491
-76.0526
-76.056
-76.0595
-76.0629
-76.0663
-76.0696
-76.0729
-76.0762
-76.0795
-76.0828
-76.086
-76.0892
-76.0924
-76.0955
-76.0986
-76.1017
-76.1048
-76.1079
-76.1109
-76.1139
-76.1169
-76.1198
-76.1228
-76.1257
-76.1286
-76.1314
-76.1343
-76.1371
-76.1399
-76.1427
-76.1455
-76.1482
-76.1509
-76.1536
-76.1563
-76.1589
-76.1615
-76.1642
-76.1667
-76.1693
-76.1719
-76.1744
-76.1769
-76.1794
-76.1819
-76.1843
-76.1868
-76.1892
-76.1916
-76.1939
-76.1963
-76.1986
-76.201
-76.2033
-76.2056
-76.2078
-76.2101
-76.2123
-76.2145
-76.2167
-76.2189
-76.2211
-76.2232
-76.2254
-76.2275
-76.2296
-76.2317
-76.2337
-76.2358
-76.2378
-76.2398
-76.2418
-76.2438
-76.2458
-76.2478
-76.2497
-76.2516
-76.2536
-76.2554
-76.2573
-76.2592
-76.2611
-76.2629
-76.2647
-76.2665
-76.2683
-76.2701
-76.2719
-76.2737
-76.2754
-76.2771
-76.2788
-76.2806
-76.2822
-76.2839
-76.2856
-76.2872
-76.2889
-76.2905
-76.2921
-76.2937
-76.2953
-76.2969
-76.2985
-76.3
-76.3016
-76.3031
-76.3046
-76.3061
-76.3076
-76.3091
-76.3106
-76.312
-76.3135
-76.3149
-76.3164
-76.3178
-76.3192
-76.3206
-76.322
-76.3233
-76.3247
-76.3261
-76.3274
-76.3287
-76.33
-76.3314
-76.3327
-76.334
-76.3352
-76.3365
-76.3378
-76.339
-76.3403
-76.3415
-76.3427
-76.3439
-76.3452
-76.3464
-76.3475
-76.3487
-76.3499
-76.351
-76.3522
-76.3533
-76.3545
-76.3556
-76.3567
-76.3578
-76.3589
-76.36
-76.3611
-76.3622
-76.3632
-76.3643
-76.3654
-76.3664
-76.3674
-76.3685
-76.3695
-76.3705
-76.3715
-76.3725
-76.3735
-76.3745
-76.3754
-76.3764
-76.3774
-76.3783
-76.3793
-76.3802
-76.3811
-76.382
-76.383
-76.3839
-76.3848
-74.8282
-70.5201
-67.0513
-64.4239
-62.3561
-60.6007
-58.8768
-56.6354
-50.5571
33.4334
-16.2327
-51.469
-79.4443
-79.7444
-79.7174
-79.6815
-79.6415
-79.5976
-79.5496
-79.4977
-79.442
-79.3828
-79.3206
-79.2558
-79.1891
-79.1212
-79.0527
-78.9844
-78.9168
-78.8506
-78.7864
-78.7245
-78.6652
-78.6089
-78.5556
-77.2989
-72.7326
-68.9791
-66.1661
-64.0021
-62.2666
-60.7703
-59.3098
-57.5423
-53.6831
46.1988
-5.01337
-36.2327
-78.0354
-79.3317
-79.2663
-79.1759
-79.076
-78.967
-78.8489
-78.722
-78.5869
-78.4445
-78.296
-77.9826
-77.6989
-77.4712
-77.2621
-76.9832
-76.7538
-76.5707
-76.4182
-76.2877
-76.1743
-76.0747
-73.8261
-70.7639
-69.0069
-67.9888
-67.3701
-66.9807
-66.7306
-66.5698
-66.4688
-66.4096
-66.3809
-66.3751
-66.3871
-66.4133
-66.4511
-66.4985
-66.5541
-66.6167
-66.6853
-66.0376
-63.395
-61.1707
-59.3261
-57.4417
-54.5394
-29.8773
6.22466
-29.3441
-74.7864
-79.5716
-79.5919
-79.5425
-79.486
-79.4238
-79.3561
-79.283
-79.2048
-79.1219
-79.0349
-77.5235
-74.0245
-71.6507
-70.049
-68.8733
-67.9563
-67.2108
-66.5882
-66.0596
-65.1107
-62.8216
-60.8425
-59.1192
-57.2375
-54.0169
14.3643
0.0650745
-32.7706
-76.9346
-79.5987
-79.4547
-79.2213
-79.0802
-78.8621
-78.712
-78.5872
-78.4636
-78.3384
-78.0928
-77.8503
-77.6705
-77.4152
-77.1281
-76.9091
-76.7484
-76.5751
-76.4154
-76.2994
-76.2205
-76.1625
-76.1172
-76.0805
-76.05
-76.0242
-76.0023
-75.9836
-75.9675
-75.9539
-75.9423
-75.9325
-75.9242
-75.9174
-75.9119
-75.9074
-75.9039
-75.9014
-75.8996
-75.8985
-75.898
-75.8981
-75.8987
-75.8997
-75.9011
-75.9028
-75.9048
-75.9071
-75.9097
-75.9124
-75.9153
-75.9184
-75.9216
-75.9249
-75.9284
-75.9319
-75.9355
-75.9391
-75.9428
-75.9466
-75.9504
-75.9542
-75.958
-75.9619
-75.9657
-75.9696
-75.9735
-75.9773
-75.9812
-75.985
-75.9889
-75.9927
-75.9965
-76.0003
-76.0041
-76.0079
-76.0116
-76.0153
-73.1861
-69.0915
-65.9497
-63.5457
-61.6117
-59.8927
-58.0463
-55.116
-26.5217
8.22234
-28.095
-74.4516
-79.4936
-78.7363
-78.4654
-78.2802
-78.0844
-77.874
-77.6495
-77.4121
-77.1635
-76.2255
-73.7747
-72.0815
-70.9423
-70.0785
-69.3713
-68.7656
-68.2342
-67.7625
-65.8516
-63.6347
-61.9211
-61.5322
-61.7092
-61.8619
-61.985
-62.6555
-63.9421
-63.7832
-62.8389
-62.1514
-61.6667
-61.3103
-61.0412
-60.8359
-60.6782
-60.5559
-61.1057
-62.4874
-63.6442
-64.6473
-66.283
-67.5776
-68.4978
-69.1679
-69.6679
-70.0497
-70.3477
-70.5852
-70.7782
-70.938
-71.0728
-71.1883
-71.289
-71.3782
-71.4583
-70.2567
-66.8388
-64.1414
-62.1196
-60.5021
-59.0548
-57.4969
-55.1694
-46.1517
19.16
-23.6589
-66.8147
-79.5504
-79.6925
-79.659
-79.6165
-79.5694
-78.4036
-76.4211
-75.4706
-74.88
-74.3913
-73.9381
-73.5018
-73.0785
-72.6686
-72.2744
-70.7415
-67.965
-65.8468
-64.9505
-64.7677
-64.6399
-64.5322
-64.444
-64.3748
-64.3236
-63.7953
-61.8792
-60.2128
-58.7593
-57.3402
-57.1417
-58.861
-60.9735
-62.7024
-64.5687
-66.3606
-67.5698
-68.3888
-68.9617
-69.3748
-70.075
-70.8219
-71.3485
-71.7227
-71.9965
-72.2025
-72.3615
-72.4871
-72.5888
-72.6729
-72.744
-72.8053
-72.8591
-72.9072
-72.9509
-72.9911
-73.0287
-73.0642
-73.098
-73.1304
-73.1618
-73.1923
-73.2221
-73.2513
-73.2801
-73.3084
-73.3364
-73.3641
-73.5596
-73.8357
-74.0586
-74.2364
-74.3804
-74.4985
-74.5965
-74.6787
-74.7483
-74.8078
-74.8593
-74.9041
-74.9434
-74.9783
-75.0094
-75.0373
-75.0627
-75.0858
-75.107
-75.1266
-75.1448
-75.1619
-75.178
-75.1931
-75.2076
-75.2213
-75.2345
-75.2472
-75.2594
-75.2713
-75.2827
-75.2939
-75.3048
-75.3155
-75.3259
-75.3361
-75.3462
-75.3561
-75.3658
-75.3753
-75.3848
-75.3941
-72.1922
-68.2575
-65.2647
-62.9607
-61.0755
-59.3345
-57.3038
-53.2859
45.8529
-6.84519
-38.0099
-78.6091
-79.7276
-79.7101
-79.6735
-79.6324
-79.5872
-79.5378
-79.1112
-76.3374
-74.6924
-73.7528
-73.067
-72.4898
-71.9696
-71.4874
-71.0362
-70.6139
-68.2412
-65.8299
-64.0418
-62.6656
-61.5427
-60.56
-59.6205
-58.6112
-57.3277
-53.8988
16.4837
-0.985997
-33.4131
-76.8429
-79.3
-79.256
-79.1657
-79.0652
-77.4493
-76.5634
-76.1074
-75.749
-75.4362
-75.1853
-74.9697
-74.7498
-74.5332
-74.3252
-73.6322
-70.9513
-69.0068
-67.7789
-66.9522
-66.367
-65.9371
-65.6131
-65.3656
-65.1764
-65.0328
-64.9262
-64.8509
-64.8023
-64.777
-64.7723
-64.7859
-64.8157
-64.8602
-64.9177
-64.9868
-65.0664
-65.1551
-65.2519
-65.3557
-65.4653
-65.5798
-65.6983
-65.8203
-65.9449
-66.0717
-67.0182
-68.0363
-68.8486
-69.4981
-70.0238
-70.4542
-70.8104
-71.1083
-71.3599
-71.5742
-68.9841
-65.7949
-63.4296
-61.6333
-60.1636
-58.8061
-57.2852
-54.8877
-43.8014
14.8122
-25.5441
-70.0338
-79.5953
-79.7
-78.6137
-77.8246
-77.495
-77.2182
-76.9351
-76.6401
-76.3343
-76.0202
-75.7009
-73.7219
-71.2597
-69.5575
-68.329
-67.3817

