-70
-70.0758
-70.1508
-70.225
-70.2983
-70.3706
-70.4419
-70.5122
-70.5814
-70.6496
-70.7168
-70.7829
-70.848
-70.9121
-70.9752
-71.0373
-71.0984
-71.1586
-71.2178
-71.2761
-71.3334
-71.3899
-71.4455
-71.5003
-71.5543
-71.6074
-71.6598
-71.7114
-71.7623
-71.8124
-71.8619
-71.9106
-71.9587
-72.006
-72.0527
-72.0988
-72.1442
-72.1889
-72.2331
-72.2766
-72.3196
-72.362
-72.4038
-72.445
-72.4857
-72.5258
-72.5654
-72.6045
-72.6431
-72.6812
-72.7188
-72.756
-72.7927
-72.8289
-72.8647
-72.9
-72.9349
-72.9694
-73.0035
-73.0371
-73.0704
-73.1032
-73.1357
-73.1678
-73.1994
-73.2307
-73.2617
-73.2922
-73.3224
-73.3523
-73.3817
-73.4109
-73.4397
-73.4682
-73.4963
-73.5241
-73.5516
-73.5788
-73.6057
-73.6323
-73.6585
-73.6845
-73.7102
-73.7356
-73.7608
-73.7857
-73.8103
-73.8346
-73.8587
-73.8825
-73.9061
-73.9294
-73.9524
-73.9753
-73.9979
-74.0202
-74.0423
-74.0642
-74.0859
-74.1073
-74.1285
-74.1495
-74.1703
-74.1909
-74.2112
-74.2313
-74.2513
-74.271
-74.2905
-74.3098
-74.329
-74.3479
-74.3666
-74.3852
-74.4036
-74.4217
-74.4397
-74.4575
-74.4752
-74.4926
-74.5099
-74.527
-74.544
-74.5607
-74.5774
-74.5938
-74.6101
-74.6262
-74.6422
-74.658
-74.6736
-74.6891
-74.7045
-74.7197
-74.7347
-74.7496
-74.7644
-74.779
-74.7935
-74.8079
-74.8221
-74.8362
-74.8501
-74.864
-74.8777
-74.8913
-74.9047
-74.918
-74.9313
-74.9443
-74.9573
-74.9701
-74.9829
-74.9955
-75.008
-75.0204
-75.0327
-75.0448
-75.0569
-75.0688
-75.0806
-75.0924
-75.104
-75.1155
-75.1269
-75.1382
-75.1495
-75.1606
-75.1716
-75.1825
-75.1933
-75.204
-75.2147
-75.2252
-75.2356
-75.246
-75.2562
-75.2664
-75.2764
-75.2864
-75.2963
-75.3061
-75.3158
-75.3255
-75.335
-75.3445
-75.3538
-75.3631
-75.3724
-75.3815
-75.3906
-75.3995
-75.4084
-75.4172
-75.426
-75.4346
-75.4432
-75.4518
-75.4602
-75.4686
-75.4769
-75.4851
-75.4932
-75.5013
-75.5093
-75.5173
-75.5251
-75.533
-75.5407
-75.5484
-75.556
-75.5635
-75.571
-75.5784
-75.5858
-75.593
-75.6003
-75.6074
-75.6145
-75.6216
-75.6285
-75.6355
-75.6423
-75.6491
-75.6559
-75.6626
-75.6692
-75.6758
-75.6823
-75.6888
-75.6952
-75.7015
-75.7078
-75.7141
-75.7203
-75.7264
-75.7325
-75.7386
-75.7446
-75.7505
-75.7564
-75.7622
-75.768
-75.7738
-75.7795
-75.7851
-75.7907
-75.7963
-75.8018
-75.8072
-75.8127
-75.818
-75.8234
-75.8287
-75.8339
-75.8391
-75.8443
-75.8494
-75.8545
-75.8595
-75.8645
-75.8695
-75.8744
-75.8793
-75.8841
-75.8889
-75.8937
-75.8984
-75.9031
-75.9077
-75.9123
-75.9169
-75.9214
-75.9259
-75.9304
-75.9348
-75.9392
-75.9436
-75.9479
-75.9522
-75.9565
-75.9607
-75.9649
-75.969
-75.9731
-75.9772
-75.9813
-75.9853
-75.9893
-75.9933
-75.9972
-76.0011
-76.005
-76.0088
-76.0126
-76.0164
-76.0201
-76.0239
-76.0275
-76.0312
-76.0348
-76.0384
-76.042
-76.0456
-76.0491
-76.0526
-76.056
-76.0595
-76.0629
-76.0663
-76.0696
-76.0729
-76.0762
-76.0795
-76.0828
-76.086
-76.0892
-76.0924
-76.0955
-76.0986
-76.1017
-76.1048
-76.1079
-76.1109
-76.1139
-76.1169
-76.1198
-76.1228
-76.1257
-76.1286
-76.1314
-76.1343
-76.1371
-76.1399
-76.1427
-76.1455
-76.1482
-76.1509
-76.1536
-76.1563
-76.1589
-76.1615
-76.1642
-76.1667
-76.1693
-76.1719
-76.1744
-76.1769
-76.1794
-76.1819
-76.1843
-76.1868
-76.1892
-76.1916
-76.1939
-76.1963
-76.1986
-76.201
-76.2033
-76.2056
-76.2078
-76.2101
-76.2123
-76.2145
-76.2167
-76.2189
-76.2211
-76.2232
-76.2254
-76.2275
-76.2296
-76.2317
-76.2337
-76.2358
-76.2378
-76.2398
-76.2418
-76.2438
-76.2458
-76.2478
-76.2497
-76.2516
-76.2536
-76.2554
-76.2573
-76.2592
-76.2611
-76.2629
-76.2647
-76.2665
-76.2683
-76.2701
-76.2719
-76.2737
-76.2754
-76.2771
-76.2788
-76.2806
-76.2822
-76.2839
-76.2856
-76.2872
-76.2889
-76.2905
-76.2921
-76.2937
-76.2953
-76.2969
-76.2985
-76.3
-76.3016
-76.3031
-76.3046
-76.3061
-76.3076
-76.3091
-76.3106
-76.312
-76.3135
-76.3149
-76.3164
-76.3178
-76.3192
-76.3206
-76.322
-76.3233
-76.3247
-76.3261
-76.3274
-76.3287
-76.33
-76.3314
-76.3327
-76.334
-76.3352
-76.3365
-76.3378
-76.339
-76.3403
-76.3415
-76.3427
-76.3439
-76.3452
-76.3464
-76.3475
-76.3487
-76.3499
-76.351
-76.3522
-76.3533
-76.3545
-76.3556
-76.3567
-76.3578
-76.3589
-76.36
-76.3611
-76.3622
-76.3632
-76.3643
-76.3654
-76.3664
-76.3674
-76.3685
-76.3695
-76.3705
-76.3715
-76.3725
-76.3735
-76.3745
-76.3754
-76.3764
-76.3774
-76.3783
-76.3793
-76.3802
-76.3811
-76.382
-76.383
-76.3839
-76.3848
-76.3857
-76.3866
-76.3874
-76.3883
-76.3892
-76.39
-76.3909
-76.3917
-76.3926
-76.3934
-76.3943
-76.3951
-76.3959
-76.3967
-76.3975
-76.3983
-76.3991
-76.3999
-76.4007
-76.4014
-76.4022
-76.403
-76.4037
-76.4045
-76.4052
-76.406
-75.9818
-71.7886
-65.5434
-60.2657
-55.7457
-27.8446
9.76057
-27.0936
-73.3196
-79.1626
-79.1125
-78.3648
-77.1122
-75.6586
-74.9783
-74.4809
-73.9959
-73.5047
-73.0075
-72.5085
-70.8053
-67.8456
-64.7402
-62.7405
-61.3716
-60.2962
-59.3342
-58.3487
-57.1554
-55.3412
-53.4092
-31.4914
4.38797
-30.6514
-75.4077
-79.4067
-79.4043
-78.0211
-76.654
-75.0359
-74.3119
-73.7934
-73.303
-72.8169
-72.3335
-71.8561
-71.3887
-70.9352
-70.4996
-70.085
-70.482
-71.0536
-71.3573
-71.5049
-71.5691
-71.5882
-71.6959
-72.08
-72.3624
-72.55
-72.6787
-72.8009
-73.1576
-73.4465
-73.648
-73.7928
-73.8999
-73.9813
-74.045
-74.096
-74.1379
-74.1732
-74.2848
-73.0734
-69.6437
-67.2259
-65.6298
-62.8272
-59.8542
-57.3814
-53.7366
41.6869
-2.71458
-34.463
-77.4588
-79.2555
-78.2078
-77.6897
-76.2457
-75.5479
-75.0843
-74.6359
-74.1792
-73.7141
-73.2441
-70.9505
-68.6309
-65.6848
-63.6964
-62.4926
-62.5917
-62.7635
-63.838
-64.9052
-66.1777
-66.9404
-67.3689
-67.6183
-67.9774
-68.7818
-69.343
-69.7044
-69.9469
-70.1161
-70.2393
-70.3328
-70.4069
-70.4683
-70.5214
-70.6554
-71.1765
-71.6187
-72.1741
-72.7741
-73.2014
-73.5063
-73.9089
-74.2371
-74.4652
-74.6278
-74.7471
-74.8368
-74.9061
-74.9608
-75.0048
-75.0411
-75.0714
-75.0973
-75.1197
-75.1395
-75.1572
-75.1732
-75.1879
-75.2016
-75.2145
-75.2266
-75.2382
-75.2494
-75.2602
-75.2706
-75.2808
-75.2908
-75.3006
-75.3103
-75.3198
-75.3292
-75.3384
-75.3476
-75.3567
-75.3657
-75.3747
-75.3836
-75.3924
-75.4011
-75.2562
-71.3673
-67.6218
-64.7997
-62.6099
-60.7903
-59.0623
-56.9407
-52.1176
40.6187
-11.9887
-44.0184
-79.1556
-79.7327
-79.7087
-79.6717
-79.6305
-77.437
-76.3425
-75.8069
-75.3774
-74.9667
-74.5581
-73.5227
-70.1533
-67.8036
-66.2683
-64.9633
-62.3407
-60.1932
-58.4152
-56.4186
-51.3604
38.7507
-14.1168
-46.6409
-78.1835
-78.0849
-77.8006
-77.5492
-77.0598
-75.5014
-74.6573
-74.1006
-73.6389
-72.0025
-70.317
-69.5726
-69.25
-67.4206
-65.8799
-64.9328
-64.2866
-63.8037
-62.8275
-62.0194
-61.7003
-61.4785
-61.3084
-60.4653
-58.8958
-58.9807
-59.3526
-59.6526
-59.8989
-60.1579
-61.6678
-63.0219
-64.152
-65.7466
-67.1624
-68.558
-69.4478
-70.0109
-70.3831
-70.6393
-70.8229
-70.9593
-71.0646
-71.1489
-71.2188
-71.2787
-71.3316
-71.3797
-70.8113
-67.4876
-64.7423
-62.7519
-61.2296
-59.9661
-58.7826
-57.4571
-57.1273
-57.3962
-56.531
-54.0409
-38.4827
8.14051
-28.5609
-73.144
-79.0924
-78.2296
-77.4421
-77.0956
-76.7869
-76.4657
-75.6257
-73.29
-71.9191
-71.0595
-69.6234
-67.2991
-65.7317
-64.654
-63.831
-63.1561
-62.5149
-60.4826
-58.4897
-56.4614
-52.4525
44.2489
-9.53112
-40.4894
-77.7815
-78.7014
-78.5036
-78.3218
-78.1117
-77.843
-77.6186
-77.4015
-77.1811
-76.9573
-76.7318
-76.5067
-76.2842
-76.0664
-75.8553
-75.6526
-75.4597
-75.2778
-75.1078
-74.95
-74.8049
-74.6724
-74.5523
-74.4444
-74.3481
-74.3654
-74.4489
-74.5145
-74.5645
-74.6035
-74.6348
-74.6604
-74.6821
-74.7008
-74.7175
-74.7327
-74.7467
-74.76
-74.7728
-74.7852
-74.7974
-74.8093
-74.8212
-74.8331
-74.8449
-74.8567
-74.8685
-74.8803
-74.8922
-74.904
-74.9159
-74.9278
-74.9397
-75.0248
-75.1297
-75.2148
-75.2838
-75.3404
-75.3874
-75.4271
-75.4608
-75.4898
-75.5149
-75.537
-75.5565
-75.574
-75.5896
-75.6039
-75.6169
-75.6289
-75.64
-75.6504
-75.6601
-75.6693
-75.6781
-75.6864
-75.6944
-75.7021
-75.7095
-75.7167
-75.7237
-75.7305
-75.7372
-75.7437
-75.75
-75.7563
-75.7625
-75.7685
-75.7745
-75.7803
-72.543
-68.5652
-65.54
-62.9651
-58.7508
-53.6234
46.0828
-5.79896
-36.8293
-78.0455
-79.15
-79.0594
-78.3652
-77.2521
-76.7835
-75.7618
-73.8666
-72.8561
-72.1701
-71.5702
-71.0021
-69.1379
-67.0327
-65.6132
-64.1316
-61.7695
-59.9373
-58.4018
-56.7261
-53.9002
-18.425
1.7856
-31.9329
-75.6695
-78.0315
-77.6931
-77.4324
-77.1643
-76.8806
-75.1587
-74.087
-73.4641
-72.9475
-72.4618
-71.543
-69.2245
-67.9715
-67.2139
-66.6644
-66.2289
-66.1931
-66.7085
-67.0232
-67.1827
-67.2588
-67.2899
-67.2979
-67.2954
-67.2899
-67.286
-67.2863
-67.2924
-67.3051
-67.3249
-67.3517
-67.3854
-67.9676
-68.8006
-69.4543
-69.9619
-70.363
-70.6851
-71.3178
-71.9625
-72.4452
-72.9758
-73.51
-73.8941
-74.1715
-74.3771
-74.533
-74.6537
-74.749
-74.8255
-74.8879
-74.9397
-74.9832
-75.0203
-75.0523
-75.0803
-75.105
-75.1272
-74.4142
-70.3632
-66.9496
-63.9538
-59.6059
-55.3913
-29.3734
8.71323
-27.7266
-73.6485
-79.133
-78.5104
-77.8037
-76.9627
-75.7108
-75.0889
-74.6075
-74.1344
-73.6548
-73.1697
-72.1681
-70.0828
-68.3638

