-70
-69.8623
-69.7285
-69.5983
-69.4718
-69.3487
-69.2291
-69.1128
-68.9997
-68.8897
-68.7828
-68.6789
-68.5778
-68.4795
-68.3839
-68.291
-68.2007
-68.1128
-68.0274
-67.9443
-67.8636
-67.7851
-67.7087
-67.6345
-67.5623
-67.4921
-67.4238
-67.3574
-67.2929
-67.2301
-67.1691
-67.1098
-67.0521
-66.996
-66.9414
-66.8884
-66.8368
-66.7866
-66.7378
-66.6904
-66.6443
-66.5994
-66.5558
-66.5133
-66.4721
-66.432
-66.393
-66.355
-66.3181
-66.2823
-66.2474
-66.2134
-66.1805
-66.1484
-66.1172
-66.0868
-66.0573
-66.0286
-66.0007
-65.9736
-65.9472
-65.9215
-65.8966
-65.8723
-65.8487
-65.8257
-65.8034
-65.7817
-65.7606
-65.74
-65.72
-65.7006
-65.6817
-65.6633
-65.6455
-65.6281
-65.6112
-65.5948
-65.5788
-65.5632
-65.5481
-65.5334
-65.5191
-65.5052
-65.4917
-65.4785
-65.4657
-65.4533
-65.4412
-65.4294
-65.418
-65.4068
-65.396
-65.3855
-65.3752
-65.3653
-65.3556
-65.3462
-65.337
-65.3281
-65.3194
-65.311
-65.3028
-65.2948
-65.2871
-65.2795
-65.2722
-65.2651
-65.2581
-65.2514
-65.2448
-65.2385
-65.2322
-65.2262
-65.2203
-65.2146
-65.2091
-65.2037
-65.1984
-65.1933
-65.1884
-65.1835
-65.1788
-65.1743
-65.1698
-65.1655
-65.1613
-65.1572
-65.1532
-65.1493
-65.1456
-65.1419
-65.1384
-65.1349
-65.1315
-65.1283
-65.1251
-65.122
-65.119
-65.1161
-65.1132
-65.1104
-65.1077
-65.1051
-65.1026
-65.1001
-65.0977
-65.0953
-65.0931
-65.0908
-65.0887
-65.0866
-65.0845
-65.0826
-65.0806
-65.0788
-65.0769
-65.0752
-65.0734
-65.0718
-65.0701
-65.0685
-65.067
-65.0655
-65.064
-65.0626
-65.0612
-65.0599
-65.0586
-65.0573
-65.0561
-65.0549
-65.0537
-65.0526
-65.0514
-65.0504
-65.0493
-65.0483
-65.0473
-65.0464
-65.0454
-65.0445
-65.0436
-65.0428
-65.0419
-65.0411
-65.0403
-65.0395
-65.0388
-65.0381
-65.0374
-65.0367
-65.036
-65.0353
-65.0347
-65.0341
-65.0335
-65.0329
-65.0323
-65.0318
-65.0313
-65.0307
-65.0302
-65.0297
-65.0293
-65.0288
-65.0283
-65.0279
-65.0275
-65.027
-65.0266
-65.0262
-65.0259
-65.0255
-65.0251
-65.0248
-65.0244
-65.0241
-65.0238
-65.0234
-65.0231
-65.0228
-65.0225
-65.0223
-65.022
-65.0217
-65.0215
-65.0212
-65.021
-65.0207
-65.0205
-65.0203
-65.02
-65.0198
-65.0196
-65.0194
-65.0192
-65.019
-65.0188
-65.0187
-65.0185
-65.0183
-65.0181
-65.018
-65.0178
-65.0177
-65.0175
-65.0174
-65.0172
-65.0171
-65.017
-65.0168
-65.0167
-65.0166
-65.0165
-65.0163
-65.0162
-65.0161
-65.016
-65.0159
-65.0158
-65.0157
-65.0156
-65.0155
-65.0154
-65.0153
-65.0153
-65.0152
-65.0151
-65.015
-65.0149
-65.0149
-65.0148
-65.0147
-65.0147
-65.0146
-65.0145
-65.0145
-65.0144
-65.0143
-65.0143
-65.0142
-65.0142
-65.0141
-65.0141
-65.014
-65.014
-65.0139
-65.0139
-65.0138
-65.0138
-65.0137
-65.0137
-65.0137
-65.0136
-65.0136
-65.0135
-65.0135
-65.0135
-65.0134
-65.0134
-65.0134
-65.0133
-65.0133
-65.0133
-65.0133
-65.0132
-65.0132
-65.0132
-65.0131
-65.0131
-65.0131
-65.0131
-65.0131
-65.013
-65.013
-65.013
-65.013
-65.0129
-65.0129
-65.0129
-65.0129
-65.0129
-65.0129
-65.0128
-65.0128
-65.0128
-65.0128
-65.0128
-65.0128
-65.0127
-65.0127
-65.0127
-65.0127
-65.0127
-65.0127
-65.0127
-65.0127
-65.0126
-65.0126
-65.0126
-65.0126
-65.0126
-65.0126
-65.0126
-65.0126
-65.0126
-65.0126
-65.0125
-65.0125
-65.0125
-65.0125
-65.0125
-65.0125
-65.0125
-65.0125
-65.0125
-65.0125
-65.0125
-65.0125
-65.0125
-65.0124
-65.0124
-65.0124
-65.0124
-65.0124
-65.0124
-65.0124
-65.0124
-65.0124
-65.0124
-65.0124
-65.0124
-65.0124
-65.0124
-65.0124
-65.0124
-65.0124
-65.0124
-65.0124
-65.0124
-65.0124
-65.0124
-65.0124
-65.0123
-65.0123
-65.0123
-65.0123
-65.0123
-65.0123
-65.0123
-65.0123
-65.0123
-65.0123
-65.0123
-65.0123
-65.0123
-65.0123
-65.0123
-65.0123
-65.0123
-65.0123
-65.0123
-65.0123
-65.0123
-65.0123
-65.0123
-65.0123
-65.0123
-65.0123
-65.0123
-65.0123
-65.0123
-65.0123
-65.0123
-65.0123
-65.0123
-65.0123
-65.0123
-65.0123
-65.0123
-65.0123
-65.0123
-65.0123
-65.0123
-65.0123
-65.0123
-65.0123
-65.0123
-65.0123
-65.0123
-65.0123
-65.0123
-65.0123
-65.0123
-65.0123
-65.0123
-65.0123
-65.0123
-65.0123
-65.0123
-65.0123
-65.0123
-65.0123
-65.0123
-65.0123
-65.0123
-65.0123
-65.0123
-65.0123
-65.0123
-65.0123
-65.0123
-65.0123
-65.0123
-65.0123
-65.0123
-65.0123
-64.8272
-64.6749
-64.5616
-64.4807
-64.4179
-64.3677
-64.3273
-64.2951
-64.2696
-64.2499
-64.2351
-64.2244
-64.2173
-64.2132
-64.2117
-64.2125
-64.2152
-64.2195
-64.2252
-64.2321
-64.2401
-64.2489
-64.2584
-64.2685
-64.2792
-64.2902
-64.3016
-64.3133
-64.3251
-64.3371
-64.3491
-64.3613
-64.3734
-64.3855
-64.3716
-64.3208
-64.2901
-64.2697
-64.2579
-64.2507
-64.2471
-64.2463
-64.2479
-64.2513
-64.2563
-64.2626
-64.27
-64.2783
-64.2873
-64.297
-64.3072
-64.3177
-64.3061
-64.1951
-64.1208
-64.0495
-63.8831
-63.7668
-63.5845
-63.3844
-63.2074
-62.9556
-62.7205
-62.3999
-62.1265
-61.9222
-61.7714
-61.6587
-61.5282
-61.3821
-61.2446
-61.1507
-61.0865
-60.9936
-60.9202
-60.8741
-60.8227
-60.7818
-60.7621
-60.7592
-60.7694
-60.7896
-60.818
-60.8533
-60.8943
-60.9401
-60.9899
-61.0215
-61.0375
-61.0677
-61.1066
-61.1527
-61.203
-61.2565
-61.3125
-61.3705
-61.43
-61.4907
-61.5521
-61.6141
-61.6764
-61.7387
-61.801
-61.863
-61.9247
-61.9859
-62.0465
-62.1064
-62.1656
-62.1957
-62.2022
-62.2236
-62.2529
-62.2884
-62.3112
-62.2951
-62.2565
-62.2355
-62.2322
-62.2414
-62.2317
-62.2065
-62.2006
-62.1775
-62.1408
-62.1264
-62.1258
-62.136
-62.1534
-62.1378
-62.0155
-61.9243
-61.8647
-61.7761
-61.7233
-61.6923
-61.6378
-61.5896
-61.5647
-61.5184
-61.3409
-61.2012
-60.9847
-60.8159
-60.7018
-60.5884
-60.4693
-60.3627
-60.2641
-60.206
-60.1744
-60.1639
-60.1691
-60.1518
-60.1457
-60.1573
-60.1838
-60.2209
-60.266
-60.3176
-60.3746
-60.4359
-60.5009
-60.5688
-60.639
-60.7111
-60.7846
-60.8591
-60.9343
-61.0099
-61.0857
-61.1614
-61.2369
-61.312
-61.3867
-61.4606
-61.5339
-61.6063
-61.6778
-61.7484
-61.818
-61.8865
-61.9539
-62.0201
-62.0852
-62.1491
-62.2118
-62.2733
-62.3336
-62.3927
-62.4505
-62.5072
-62.5626
-62.6169
-62.67
-62.7218
-62.7726
-62.8222
-62.8706
-62.9179
-62.9642
-63.0093
-63.0534
-63.0965
-63.1385
-63.1795
-63.2195
-63.2585
-63.2966
-63.3338
-63.37
-63.4054
-63.4399
-63.4735
-63.5063
-63.5383
-63.5695
-63.5999
-63.6296
-63.6585
-63.6867
-63.7142
-63.741
-63.7671
-63.7629
-63.7345
-63.7221
-63.7183
-63.7212
-63.7276
-63.6907
-63.6577
-63.6381
-63.629
-63.6042
-63.5327
-63.3723
-63.2234
-63.1208
-63.0196
-62.8395
-62.6083
-62.3554
-62.0689
-61.8287
-61.6525
-61.4677
-61.3357
-61.1806
-61.0712
-60.9939
-60.9433
-60.9122
-60.8712
-60.832
-60.8145
-60.8135
-60.8255
-60.8473
-60.8651
-60.8164
-60.766
-60.7449
-60.7459
-60.7623
-60.7497
-60.7511
-60.7674
-60.7964
-60.8339
-60.8778
-60.9268
-60.98
-61.0365
-61.0958
-61.1255
-61.1518
-61.1894
-61.2352
-61.2865
-61.3412
-61.3984
-61.4575
-61.518
-61.5795
-61.6416
-61.7041
-61.7668
-61.8295
-61.8919
-61.954
-62.0157
-62.0767
-62.1371
-62.1967
-62.2556
-62.3136
-62.3708
-62.427
-62.4823
-62.5193
-62.5305
-62.5541
-62.5836
-62.58
-62.5569
-62.4631
-62.4129
-62.3849
-62.3753
-62.3764
-62.3856
-62.4011
-62.3627
-62.2819
-62.1974
-62.1329
-62.0515
-61.9893
-61.908
-61.861
-61.8339
-61.8078
-61.7533
-61.6182
-61.3784
-61.2165
-61.0761
-60.8771
-60.7394
-60.6442
-60.5846
-60.5487
-60.5315
-60.5296
-60.5007
-60.4672
-60.4383
-60.4343
-60.4468
-60.4721
-60.5068
-60.549
-60.5973
-60.6507
-60.7083
-60.7442
-60.7722
-60.8127
-60.8616
-60.9167
-60.9756
-61.0374
-61.1015
-61.1672
-61.2341
-61.3019
-61.3702
-61.4389
-61.5076
-61.5762
-61.6445
-61.7125
-61.7799
-61.8466
-61.9126
-61.9777
-62.042
-62.1054
-62.1677
-62.2291
-62.2894
-62.3486
-62.4067
-62.4638
-62.5197
-62.5746
-62.6283
-62.6809
-62.7324
-62.7828
-62.8321
-62.8803
-62.9274
-62.9735
-63.0186
-63.0626
-63.1056
-63.1475
-63.1885
-63.2285
-63.2676
-63.3057
-63.3429
-63.3793
-63.4147
-63.4492
-63.483
-63.5159
-63.5479
-63.5792
-63.6097
-63.6395
-63.6685
-63.6968
-63.7244
-63.7513
-63.7775
-63.8031
-63.8281
-63.8524
-63.8761
-63.8992
-63.9217
-63.9437
-63.9651
-63.9859
-64.0063
-64.0261
-64.0454
-64.0643
-64.0827
-64.1006
-64.118
-64.135
-64.1516
-64.1678
-64.18
-64.123
-64.0416
-63.9885
-63.9236
-63.8484
-63.7968
-63.7597
-63.6936
-63.6298
-63.5852
-63.4993
-63.4393
-63.3964
-63.3201
-62.9137
-62.4524
-62.1117
-61.8684
-61.69
-61.5538
-61.4498
-61.319
-61.2197
-61.1321
-61.0538
-61.0034
-60.9734
-60.9606
-60.9607
-60.9715
-60.9913
-60.9749
-60.9764
-60.9389
-60.898
-60.8834
-60.8813
-60.8571
-60.856
-60.869
-60.8946
-60.9285
-60.9689
-61.0147
-61.0114
-60.9927
-60.9974
-61.0181
-61.0504
-61.0901
-61.1353
-61.1848
-61.238
-61.2939
-61.352
-61.4118
-61.473
-61.5351
-61.5978
-61.661
-61.7243
-61.7875
-61.8506
-61.9133
-61.9756
-62.0373
-62.0984
-62.1587
-62.2183
-62.277
-62.3349
-62.3918
-62.4478
-62.5028
-62.5568
-62.6099
-62.6619
-62.7129
-62.7293
-62.7311
-62.6929
-62.6225
-62.5844
-62.5664
-62.563
-62.5685
-62.5806
-62.5981
-62.6198
-62.645
-62.6729
-62.7032
-62.7353
-62.7174
-62.7067
-62.6635
-62.5993
-62.4929
-62.4253
-62.3838
-62.3338
-62.2745
-62.1686
-61.9993
-61.8908
-61.8181
-61.6294
-61.3821
-61.1616
-61.0127
-60.8993
-60.7885
-60.715
-60.6267

