-70
-69.8623
-69.7285
-69.5983
-69.4718
-69.3487
-69.2291
-69.1128
-68.9997
-68.8897
-68.7828
-68.6789
-68.5778
-68.4795
-68.3839
-68.291
-68.2007
-68.1128
-68.0274
-67.9443
-67.8636
-67.7851
-67.7087
-67.6345
-67.5623
-67.4921
-67.4238
-67.3574
-67.2929
-67.2301
-67.1691
-67.1098
-67.0521
-66.996
-66.9414
-66.8884
-66.8368
-66.7866
-66.7378
-66.6904
-66.6443
-66.5994
-66.5558
-66.5133
-66.4721
-66.432
-66.393
-66.355
-66.3181
-66.2823
-66.2474
-66.2134
-66.1805
-66.1484
-66.1172
-66.0868
-66.0573
-66.0286
-66.0007
-65.9736
-65.9472
-65.9215
-65.8966
-65.8723
-65.8487
-65.8257
-65.8034
-65.7817
-65.7606
-65.74
-65.72
-65.7006
-65.6817
-65.6633
-65.6455
-65.6281
-65.6112
-65.5948
-65.5788
-65.5632
-65.5481
-65.5334
-65.5191
-65.5052
-65.4917
-65.4785
-65.4657
-65.4533
-65.4412
-65.4294
-65.418
-65.4068
-65.396
-65.3855
-65.3752
-65.3653
-65.3556
-65.3462
-65.337
-65.3281
-65.3194
-65.311
-65.3028
-65.2948
-65.2871
-65.2795
-65.2722
-65.2651
-65.2581
-65.2514
-65.2448
-65.2385
-65.2322
-65.2262
-65.2203
-65.2146
-65.2091
-65.2037
-65.1984
-65.1933
-65.1884
-65.1835
-65.1788
-65.1743
-65.1698
-65.1655
-65.1613
-65.1572
-65.1532
-65.1493
-65.1456
-65.1419
-65.1384
-65.1349
-65.1315
-65.1283
-65.1251
-65.122
-65.119
-65.1161
-65.1132
-65.1104
-65.1077
-65.1051
-65.1026
-65.1001
-65.0977
-65.0953
-65.0931
-65.0908
-65.0887
-65.0866
-65.0845
-65.0826
-65.0806
-65.0788
-65.0769
-65.0752
-65.0734
-65.0718
-65.0701
-65.0685
-65.067
-65.0655
-65.064
-65.0626
-65.0612
-65.0599
-65.0586
-65.0573
-65.0561
-65.0549
-65.0537
-65.0526
-65.0514
-65.0504
-65.0493
-65.0483
-65.0473
-65.0464
-65.0454
-65.0445
-65.0436
-65.0428
-65.0419
-65.0411
-65.0403
-65.0395
-65.0388
-65.0381
-65.0374
-65.0367
-65.036
-65.0353
-65.0347
-65.0341
-65.0335
-65.0329
-65.0323
-65.0318
-65.0313
-65.0307
-65.0302
-65.0297
-65.0293
-65.0288
-65.0283
-65.0279
-65.0275
-65.027
-65.0266
-65.0262
-65.0259
-65.0255
-65.0251
-65.0248
-65.0244
-65.0241
-65.0238
-65.0234
-65.0231
-65.0228
-65.0225
-65.0223
-65.022
-65.0217
-65.0215
-65.0212
-65.021
-65.0207
-65.0205
-65.0203
-65.02
-65.0198
-65.0196
-65.0194
-65.0192
-65.019
-65.0188
-65.0187
-65.0185
-65.0183
-65.0181
-65.018
-65.0178
-65.0177
-65.0175
-65.0174
-65.0172
-65.0171
-65.017
-65.0168
-65.0167
-65.0166
-65.0165
-65.0163
-65.0162
-65.0161
-65.016
-65.0159
-65.0158
-65.0157
-65.0156
-65.0155
-65.0154
-65.0153
-65.0153
-65.0152
-65.0151
-65.015
-65.0149
-65.0149
-65.0148
-65.0147
-65.0147
-65.0146
-65.0145
-65.0145
-65.0144
-65.0143
-65.0143
-65.0142
-65.0142
-65.0141
-65.0141
-65.014
-65.014
-65.0139
-65.0139
-65.0138
-65.0138
-65.0137
-65.0137
-65.0137
-65.0136
-65.0136
-65.0135
-65.0135
-65.0135
-65.0134
-65.0134
-65.0134
-65.0133
-65.0133
-65.0133
-65.0133
-65.0132
-65.0132
-65.0132
-65.0131
-65.0131
-65.0131
-65.0131
-65.0131
-65.013
-65.013
-65.013
-65.013
-65.0129
-65.0129
-65.0129
-65.0129
-65.0129
-65.0129
-65.0128
-65.0128
-65.0128
-65.0128
-65.0128
-65.0128
-65.0127
-65.0127
-65.0127
-65.0127
-65.0127
-65.0127
-65.0127
-65.0127
-65.0126
-65.0126
-65.0126
-65.0126
-65.0126
-65.0126
-65.0126
-65.0126
-65.0126
-65.0126
-65.0125
-65.0125
-65.0125
-65.0125
-65.0125
-65.0125
-65.0125
-65.0125
-65.0125
-65.0125
-65.0125
-65.0125
-65.0125
-65.0124
-65.0124
-65.0124
-65.0124
-65.0124
-65.0124
-65.0124
-65.0124
-65.0124
-65.0124
-65.0124
-65.0124
-65.0124
-65.0124
-65.0124
-65.0124
-65.0124
-65.0124
-65.0124
-65.0124
-65.0124
-65.0124
-65.0124
-65.0123
-65.0123
-65.0123
-65.0123
-65.0123
-65.0123
-65.0123
-65.0123
-65.0123
-65.0123
-65.0123
-65.0123
-65.0123
-65.0123
-65.0123
-65.0123
-65.0123
-65.0123
-65.0123
-65.0123
-65.0123
-65.0123
-65.0123
-65.0123
-65.0123
-65.0123
-65.0123
-65.0123
-65.0123
-65.0123
-65.0123
-65.0123
-65.0123
-65.0123
-65.0123
-65.0123
-65.0123
-65.0123
-65.0123
-65.0123
-65.0123
-65.0123
-65.0123
-65.0123
-65.0123
-65.0123
-65.0123
-65.0123
-65.0123
-65.0123
-65.0123
-65.0123
-65.0123
-65.0123
-65.0123
-65.0123
-65.0123
-65.0123
-65.0123
-65.0123
-65.0123
-65.0123
-65.0123
-65.0123
-65.0123
-65.0123
-65.0123
-65.0123
-65.0123
-65.0123
-65.0123
-65.0123
-65.0123
-65.0123
-64.7043
-64.4515
-64.2637
-64.1299
-64.026
-63.943
-63.8763
-63.8231
-63.7811
-63.7486
-63.7241
-63.7065
-63.6948
-63.688
-63.6856
-63.6868
-63.6912
-63.6983
-63.7077
-63.7191
-63.7322
-63.7467
-63.7624
-63.7792
-63.7967
-63.8149
-63.8337
-63.8529
-63.8724
-63.8922
-63.9121
-63.9321
-63.9522
-63.9722
-63.9147
-63.7476
-63.6407
-63.5647
-63.5142
-63.4779
-63.4522
-63.435
-63.4248
-63.4205
-63.4211
-63.4259
-63.4341
-63.4452
-63.4588
-63.4745
-63.4379
-63.4049
-63.3581
-63.1022
-62.9251
-62.7438
-61.9827
-61.417
-60.8009
-60.0502
-59.3254
-58.1357
-57.21
-56.1966
-55.3962
-54.7064
-54.1927
-53.793
-53.3634
-52.8214
-52.2348
-51.5236
-50.9708
-50.3985
-49.9194
-49.5223
-49.1581
-48.8279
-48.5245
-48.2364
-47.9416
-47.6188
-47.2713
-46.8716
-46.4059
-45.7755
-44.9353
-43.7246
-41.5488
-34.7241
40.8233
5.44398
-30.3396
-53.3111
-59.8709
-61.6288
-62.1746
-62.34
-62.3587
-62.3201
-62.2548
-62.0749
-61.9055
-61.7743
-61.675
-61.5982
-61.5381
-61.4918
-61.4268
-61.3155
-61.2314
-61.1725
-61.1337
-61.1084
-61.0935
-61.0873
-61.0884
-61.0314
-60.9492
-60.8914
-60.765
-60.6348
-60.5347
-60.3779
-60.2455
-60.0997
-59.9741
-59.8456
-59.6215
-59.4296
-59.1475
-58.8342
-58.6065
-58.3148
-58.0146
-57.5684
-57.0167
-56.2975
-55.5408
-54.7731
-54.0561
-53.1391
-52.3413
-51.5714
-50.9408
-50.4448
-50.0419
-49.6933
-49.3125
-48.9063
-48.5487
-48.1892
-47.845
-47.4018
-46.9324
-46.3705
-45.7268
-44.8989
-43.6925
-41.5114
-34.6191
41.099
4.86905
-31.5216
-55.049
-61.6651
-63.4627
-64.0104
-64.1679
-64.1751
-64.1242
-64.0537
-63.9796
-63.9086
-63.8431
-63.7839
-63.7309
-63.6837
-63.6418
-63.6047
-63.5718
-63.5429
-63.5173
-63.495
-63.4754
-63.4584
-63.4436
-63.431
-63.4202
-63.4111
-63.4035
-63.3974
-63.3924
-63.3886
-63.3859
-63.384
-63.383
-63.3827
-63.3831
-63.3841
-63.3857
-63.3878
-63.3903
-63.3932
-63.3965
-63.4001
-63.404
-63.4082
-63.4126
-63.4172
-63.4219
-63.4269
-63.432
-63.4372
-63.4425
-63.448
-63.4535
-63.4591
-63.4647
-63.4704
-63.4762
-63.482
-63.4878
-63.4937
-63.4634
-63.4185
-63.3886
-63.3679
-63.354
-63.3262
-63.1036
-62.9372
-62.8139
-62.7267
-62.6177
-62.3344
-61.6818
-61.1597
-60.7793
-60.2171
-59.1962
-57.8925
-56.8209
-55.6277
-54.6437
-53.9072
-53.2483
-52.7274
-52.0697
-51.535
-51.116
-50.7782
-50.4812
-50.21
-49.9793
-49.7892
-49.6313
-49.4985
-49.36
-49.2001
-48.9221
-48.6812
-48.4706
-48.2695
-47.9982
-47.7209
-47.4204
-47.1091
-46.762
-46.3459
-45.7944
-44.9937
-43.7806
-41.6509
-35.3411
38.6693
6.57393
-31.5021
-56.0719
-62.8973
-64.6866
-65.175
-65.2632
-65.2048
-65.0426
-64.7715
-64.4674
-64.2225
-64.0225
-63.8305
-63.6421
-63.4887
-63.3606
-63.2536
-63.1629
-63.055
-62.9543
-62.8736
-62.8088
-62.7564
-62.7137
-62.6792
-62.6517
-62.6303
-62.5875
-62.5196
-62.4253
-62.2289
-61.9592
-61.5069
-61.1278
-60.8521
-60.5241
-60.0905
-59.6517
-59.0575
-58.5502
-58.1096
-57.6567
-57.0611
-56.4091
-55.8126
-55.2782
-54.727
-54.1481
-53.5684
-52.9754
-52.4377
-51.9707
-51.621
-51.3521
-51.1188
-50.9378
-50.7968
-50.6586
-50.5597
-50.465
-50.3023
-50.0977
-49.867
-49.619
-49.4275
-49.2541
-49.0998
-48.9356
-48.7398
-48.5348
-48.2957
-48.069
-47.8547
-47.6384
-47.4095
-47.1583
-46.871
-46.5261
-46.0985
-45.5375
-44.7481
-43.5051
-41.077
-31.8583
41.5396
-3.71116
-39.8333
-59.868
-65.2098
-66.7345
-67.2301
-67.3774
-67.3906
-67.3494
-67.2857
-67.2125
-67.1353
-67.0568
-66.9782
-66.9001
-66.823
-66.7471
-66.6725
-66.5992
-66.5275
-66.4572
-66.3885
-66.3213
-66.2557
-66.1916
-66.129
-66.068
-66.0085
-65.9506
-65.8941
-65.8391
-65.7855
-65.7334
-65.6826
-65.6332
-65.5851
-65.5384
-65.4929
-65.4487
-65.4057
-65.364
-65.3234
-65.2839
-65.2456
-65.2083
-65.1721
-65.137
-65.1029
-65.0697
-65.0376
-65.0063
-64.976
-64.9466
-64.9181
-64.8904
-64.8636
-64.8375
-64.8123
-64.7878
-64.764
-64.741
-64.7187
-64.6771
-64.6079
-64.5549
-64.503
-64.2074
-63.7256
-63.3828
-62.9638
-62.5886
-62.3042
-62.0746
-61.8429
-61.6648
-61.5238
-61.2402
-60.9857
-60.798
-60.5146
-58.8954
-57.1503
-55.8717
-54.9605
-54.2687
-53.6051
-53.0821
-52.5232
-52.064
-51.7048
-51.3696
-51.0394
-50.7823
-50.5792
-50.4207
-50.2961
-50.0868
-49.8361
-49.6293
-49.3777
-49.0845
-48.8326
-48.6164
-48.424
-48.2432
-48.0622
-47.8483
-47.633
-47.4043
-47.1141
-46.7033
-46.168
-45.5277
-44.6735
-43.3641
-40.7753
-30.1808
40.917
-6.0474
-41.6503
-60.5323
-65.4154
-66.6839
-67.0068
-67.0276
-66.9039
-66.7398
-66.5801
-66.4309
-66.2482
-66.0776
-65.9281
-65.7963
-65.6777
-65.5697
-65.4709
-65.3801
-65.2964
-65.219
-65.1472
-65.0805
-65.0184
-64.9604
-64.9063
-64.8336
-64.6592
-64.4379
-64.206
-63.9783
-63.7033
-63.4691
-63.2146
-63.0039
-62.8378
-62.7058
-62.5898
-62.4294
-62.2551
-62.0676
-61.9079
-61.6502
-61.3353
-61.0662
-60.8066
-60.3218
-59.8297
-59.266
-58.6293
-57.8375
-56.9684
-56.2487
-55.6139
-54.7454
-54.0197
-53.3911
-52.8815
-52.4241
-52.0685
-51.7659
-51.4964

