-70
-70.0758
-70.1508
-70.225
-70.2983
-70.3706
-70.4419
-70.5122
-70.5814
-70.6496
-70.7168
-70.7829
-70.848
-70.9121
-70.9752
-71.0373
-71.0984
-71.1586
-71.2178
-71.2761
-71.3334
-71.3899
-71.4455
-71.5003
-71.5543
-71.6074
-71.6598
-71.7114
-71.7623
-71.8124
-71.8619
-71.9106
-71.9587
-72.006
-72.0527
-72.0988
-72.1442
-72.1889
-72.2331
-72.2766
-72.3196
-72.362
-72.4038
-72.445
-72.4857
-72.5258
-72.5654
-72.6045
-72.6431
-72.6812
-72.7188
-72.756
-72.7927
-72.8289
-72.8647
-72.9
-72.9349
-72.9694
-73.0035
-73.0371
-73.0704
-73.1032
-73.1357
-73.1678
-73.1994
-73.2307
-73.2617
-73.2922
-73.3224
-73.3523
-73.3817
-73.4109
-73.4397
-73.4682
-73.4963
-73.5241
-73.5516
-73.5788
-73.6057
-73.6323
-73.6585
-73.6845
-73.7102
-73.7356
-73.7608
-73.7857
-73.8103
-73.8346
-73.8587
-73.8825
-73.9061
-73.9294
-73.9524
-73.9753
-73.9979
-74.0202
-74.0423
-74.0642
-74.0859
-74.1073
-74.1285
-74.1495
-74.1703
-74.1909
-74.2112
-74.2313
-74.2513
-74.271
-74.2905
-74.3098
-74.329
-74.3479
-74.3666
-74.3852
-74.4036
-74.4217
-74.4397
-74.4575
-74.4752
-74.4926
-74.5099
-74.527
-74.544
-74.5607
-74.5774
-74.5938
-74.6101
-74.6262
-74.6422
-74.658
-74.6736
-74.6891
-74.7045
-74.7197
-74.7347
-74.7496
-74.7644
-74.779
-74.7935
-74.8079
-74.8221
-74.8362
-74.8501
-74.864
-74.8777
-74.8913
-74.9047
-74.918
-74.9313
-74.9443
-74.9573
-74.9701
-74.9829
-74.9955
-75.008
-75.0204
-75.0327
-75.0448
-75.0569
-75.0688
-75.0806
-75.0924
-75.104
-75.1155
-75.1269
-75.1382
-75.1495
-75.1606
-75.1716
-75.1825
-75.1933
-75.204
-75.2147
-75.2252
-75.2356
-75.246
-75.2562
-75.2664
-75.2764
-75.2864
-75.2963
-75.3061
-75.3158
-75.3255
-75.335
-75.3445
-75.3538
-75.3631
-75.3724
-75.3815
-75.3906
-75.3995
-75.4084
-75.4172
-75.426
-75.4346
-75.4432
-75.4518
-75.4602
-75.4686
-75.4769
-75.4851
-75.4932
-75.5013
-75.5093
-75.5173
-75.5251
-75.533
-75.5407
-75.5484
-75.556
-75.5635
-75.571
-75.5784
-75.5858
-75.593
-75.6003
-75.6074
-75.6145
-75.6216
-75.6285
-75.6355
-75.6423
-75.6491
-75.6559
-75.6626
-75.6692
-75.6758
-75.6823
-75.6888
-75.6952
-75.7015
-75.7078
-75.7141
-75.7203
-75.7264
-75.7325
-75.7386
-75.7446
-75.7505
-75.7564
-75.7622
-75.768
-75.7738
-75.7795
-75.7851
-75.7907
-75.7963
-75.8018
-75.8072
-75.8127
-75.818
-75.8234
-75.8287
-75.8339
-75.8391
-75.8443
-75.8494
-75.8545
-75.8595
-75.8645
-75.8695
-75.8744
-75.8793
-75.8841
-75.8889
-75.8937
-75.8984
-75.9031
-75.9077
-75.9123
-75.9169
-75.9214
-75.9259
-75.9304
-75.9348
-75.9392
-75.9436
-75.9479
-75.9522
-75.9565
-75.9607
-75.9649
-75.969
-75.9731
-75.9772
-75.9813
-75.9853
-75.9893
-75.9933
-75.9972
-76.0011
-76.005
-76.0088
-76.0126
-76.0164
-76.0201
-76.0239
-76.0275
-76.0312
-76.0348
-76.0384
-76.042
-76.0456
-76.0491
-76.0526
-76.056
-76.0595
-76.0629
-76.0663
-76.0696
-76.0729
-76.0762
-76.0795
-76.0828
-76.086
-76.0892
-76.0924
-76.0955
-76.0986
-76.1017
-76.1048
-76.1079
-76.1109
-76.1139
-76.1169
-76.1198
-76.1228
-76.1257
-76.1286
-76.1314
-76.1343
-76.1371
-76.1399
-76.1427
-76.1455
-76.1482
-76.1509
-76.1536
-76.1563
-76.1589
-76.1615
-76.1642
-76.1667
-76.1693
-76.1719
-76.1744
-76.1769
-76.1794
-76.1819
-76.1843
-76.1868
-76.1892
-76.1916
-76.1939
-76.1963
-76.1986
-76.201
-76.2033
-76.2056
-76.2078
-76.2101
-76.2123
-76.2145
-76.2167
-76.2189
-76.2211
-76.2232
-76.2254
-76.2275
-76.2296
-76.2317
-76.2337
-76.2358
-76.2378
-76.2398
-76.2418
-76.2438
-76.2458
-76.2478
-76.2497
-76.2516
-76.2536
-76.2554
-76.2573
-76.2592
-76.2611
-76.2629
-76.2647
-76.2665
-76.2683
-76.2701
-76.2719
-76.2737
-76.2754
-76.2771
-76.2788
-76.2806
-76.2822
-76.2839
-76.2856
-76.2872
-76.2889
-76.2905
-76.2921
-76.2937
-76.2953
-76.2969
-76.2985
-76.3
-76.3016
-76.3031
-76.3046
-76.3061
-76.3076
-76.3091
-76.3106
-76.312
-76.3135
-76.3149
-76.3164
-76.3178
-76.3192
-76.3206
-76.322
-76.3233
-76.3247
-76.3261
-76.3274
-76.3287
-76.33
-76.3314
-76.3327
-76.334
-76.3352
-76.3365
-76.3378
-76.339
-76.3403
-76.3415
-76.3427
-76.3439
-76.3452
-76.3464
-76.3475
-76.3487
-76.3499
-76.351
-76.3522
-76.3533
-76.3545
-76.3556
-76.3567
-76.3578
-76.3589
-76.36
-76.3611
-76.3622
-76.3632
-76.3643
-76.3654
-76.3664
-76.3674
-76.3685
-76.3695
-76.3705
-76.3715
-76.3725
-76.3735
-76.3745
-76.3754
-76.3764
-76.3774
-76.3783
-76.3793
-76.3802
-76.3811
-76.382
-76.383
-76.3839
-76.3848
-76.3857
-76.3866
-76.3874
-76.3883
-76.3892
-76.39
-76.3909
-76.3917
-76.3926
-76.3934
-76.3943
-76.3951
-76.3959
-76.3967
-76.3975
-76.3983
-76.3991
-76.3999
-76.4007
-76.4014
-76.4022
-76.403
-76.4037
-76.4045
-76.4052
-76.406
-76.4067
-76.4074
-76.4082
-76.4089
-74.8509
-70.5394
-67.0677
-64.4383
-62.3694
-60.6139
-58.8923
-56.6604
-50.6804
33.9118
-16.0888
-50.9472
-78.9028
-79.1134
-79.0087
-78.8884
-78.7566
-78.6135
-78.2127
-76.3092
-75.1594
-74.474
-73.9313
-73.4415
-72.978
-72.5331
-72.1058
-71.6976
-71.3104
-70.9463
-70.6072
-70.5984
-70.8576
-71.0397
-71.1571
-71.2335
-71.2838
-69.833
-66.7548
-64.4377
-62.743
-61.43
-60.3281
-59.2969
-58.1749
-56.6471
-53.4319
37.8903
-3.80829
-35.5328
-77.8895
-79.6585
-79.6449
-79.602
-79.5539
-79.5015
-79.4447
-79.3838
-79.3189
-79.2506
-79.1793
-79.1058
-79.0307
-78.9548
-78.8788
-78.8036
-78.7297
-78.6579
-78.5886
-78.5222
-78.4591
-78.3994
-78.3433
-77.0912
-72.5644
-68.863
-66.1031
-63.9889
-62.3005
-60.8533
-59.4588
-57.8224
-55.0165
-25.7965
7.85434
-28.8251
-74.8862
-79.0454
-78.9702
-78.8475
-78.7127
-78.5664
-78.409
-77.9884
-75.9932
-74.7678
-74.041
-73.4791
-72.9837
-72.7523
-72.8157
-72.7986
-72.7039
-72.577
-72.4399
-72.592
-72.7456
-72.8237
-72.8581
-72.8685
-72.8772
-73.1429
-73.3792
-73.5408
-73.654
-73.9025
-74.1483
-74.3192
-74.44
-74.5279
-74.5939
-74.6448
-74.6851
-74.7178
-74.7451
-74.7684
-74.7887
-74.8068
-74.8232
-74.8384
-74.8527
-74.8662
-74.8792
-74.8918
-74.904
-74.9161
-74.9279
-74.9396
-74.9513
-74.9628
-74.9743
-74.9857
-74.9971
-75.0085
-75.0198
-75.0311
-75.0423
-75.0536
-75.0647
-75.0759
-75.087
-75.0981
-75.1091
-75.12
-75.131
-75.1418
-75.1526
-75.1634
-75.174
-75.1846
-75.1952
-75.2057
-75.2161
-75.2264
-75.2367
-75.2468
-75.257
-75.267
-75.2769
-75.2868
-75.2966
-75.3064
-75.316
-75.3256
-75.3351
-75.3445
-71.7298
-67.894
-64.9906
-62.7439
-60.887
-59.1397
-57.0245
-52.3606
41.8369
-11.0899
-42.77
-79.0774
-78.9331
-78.6087
-78.4326
-78.2504
-78.0539
-77.8431
-77.6189
-77.3827
-77.1364
-74.8209
-72.8115
-71.5188
-70.5801
-69.8301
-69.1952
-68.6404
-68.148
-67.3576
-64.9937
-62.9579
-61.3793
-60.9569
-61.2492
-61.512
-61.7285
-61.9138
-62.0776
-62.2262
-62.0569
-60.3907
-59.3248
-59.5739
-59.9039
-60.2002
-60.4691
-60.7176
-60.9515
-61.1716
-61.381
-61.5832
-61.7809
-61.9761
-62.1693
-62.3603
-62.5501
-62.7394
-62.9289
-63.1188
-63.3083
-63.497
-63.685
-63.8722
-64.0588
-64.2444
-64.4285
-64.6107
-64.7909
-64.969
-65.145
-65.3189
-65.4901
-65.6585
-65.8595
-66.9279
-67.9795
-68.8149
-69.4833
-70.0247
-68.5554
-65.6799
-63.5514
-61.9965
-60.7984
-59.8065
-58.9042
-57.9749
-56.8402
-55.0359
-49.6233
31.5091
-19.2778
-55.9506
-78.6577
-78.9746
-78.8652
-78.7318
-78.5861
-78.429
-78.2613
-77.1227
-74.898
-73.5544
-72.6743
-71.9891
-71.4018
-70.874
-70.3901
-69.9434
-69.7779
-70.088
-70.6956
-71.1028
-71.5502
-72.0817
-72.4298
-72.6536
-72.802
-72.9036
-72.9753
-73.0554
-73.3582
-73.6125
-73.7945
-73.9282
-74.0292
-74.2624
-74.4752
-74.6284
-74.7408
-74.8256
-74.891
-74.9427
-74.9845
-75.0189
-75.0477
-75.0724
-75.0939
-75.113
-75.1301
-75.1456
-75.16
-75.1734
-75.186
-75.1981
-75.2096
-75.2207
-75.2314
-75.2419
-75.2522
-75.2622
-75.2721
-75.2819
-75.2915
-75.301
-75.3105
-75.3198
-75.3291
-75.3383
-75.3474
-75.3565
-75.3655
-75.3744
-75.3833
-75.3921
-75.4008
-75.4095
-75.4182
-75.4267
-75.4352
-75.4437
-75.4521
-75.4604
-75.4687
-75.4769
-75.485
-75.4931
-75.5011
-75.509
-75.5169
-75.5247
-75.5325
-75.5402
-75.5479
-75.5554
-75.5629
-75.5704
-75.5778
-71.9342
-68.0677
-65.1413
-62.8799
-61.0192
-59.2866
-57.2385
-53.0587
44.9425
-8.06024
-39.2122
-78.7784
-79.7329
-79.7137
-79.6775
-79.6369
-79.5922
-79.5434
-79.4905
-76.7558
-74.8136
-73.7344
-72.9812
-72.3664
-71.8229
-71.3249
-70.8622
-70.0413
-67.4824
-65.3279
-63.7306
-62.4826
-61.4494
-60.5339
-59.6514
-58.703
-57.3998
-53.8813
16.8034
-1.05761
-33.4688
-76.8713
-79.3176
-79.2759
-79.1879
-78.9958
-77.447
-76.5998
-76.1582
-75.7954
-75.4463
-75.0994
-74.7543
-74.4131
-74.0788
-73.7543
-73.451
-73.3786
-73.3244
-73.2431
-73.1499
-73.054
-72.9608
-72.8733
-72.7931
-72.7212
-72.6577
-72.6027
-72.556
-72.5172
-72.4857
-72.4612
-72.4431
-72.4308
-72.4239
-72.4218
-72.4242
-72.4304
-72.4402
-72.4531
-72.4687
-72.4868
-72.5071
-72.5293
-72.5531
-72.5783
-72.6048
-72.8138
-73.1663
-73.455
-73.6858
-73.8728
-74.0263
-74.1536
-74.2605
-74.351
-74.4284
-72.6454
-68.7942
-65.8377
-63.6447
-61.9402
-60.5075
-59.1394
-57.5327
-54.7537
-26.0981
6.75428
-28.9599
-74.931
-79.7136
-78.7335
-78.3659
-78.1625
-77.9549
-77.7331
-77.497
-77.2481
-76.9882
-76.7196
-74.3313
-72.1928
-70.7848
-69.7616

