-70
-70.0758
-70.1508
-70.225
-70.2983
-70.3706
-70.4419
-70.5122
-70.5814
-70.6496
-70.7168
-70.7829
-70.848
-70.9121
-70.9752
-71.0373
-71.0984
-71.1586
-71.2178
-71.2761
-71.3334
-71.3899
-71.4455
-71.5003
-71.5543
-71.6074
-71.6598
-71.7114
-71.7623
-71.8124
-71.8619
-71.9106
-71.9587
-72.006
-72.0527
-72.0988
-72.1442
-72.1889
-72.2331
-72.2766
-72.3196
-72.362
-72.4038
-72.445
-72.4857
-72.5258
-72.5654
-72.6045
-72.6431
-72.6812
-72.7188
-72.756
-72.7927
-72.8289
-72.8647
-72.9
-72.9349
-72.9694
-73.0035
-73.0371
-73.0704
-73.1032
-73.1357
-73.1678
-73.1994
-73.2307
-73.2617
-73.2922
-73.3224
-73.3523
-73.3817
-73.4109
-73.4397
-73.4682
-73.4963
-73.5241
-73.5516
-73.5788
-73.6057
-73.6323
-73.6585
-73.6845
-73.7102
-73.7356
-73.7608
-73.7857
-73.8103
-73.8346
-73.8587
-73.8825
-73.9061
-73.9294
-73.9524
-73.9753
-73.9979
-74.0202
-74.0423
-74.0642
-74.0859
-74.1073
-74.1285
-74.1495
-74.1703
-74.1909
-74.2112
-74.2313
-74.2513
-74.271
-74.2905
-74.3098
-74.329
-74.3479
-74.3666
-74.3852
-74.4036
-74.4217
-74.4397
-74.4575
-74.4752
-74.4926
-74.5099
-74.527
-74.544
-74.5607
-74.5774
-74.5938
-74.6101
-74.6262
-74.6422
-74.658
-74.6736
-74.6891
-74.7045
-74.7197
-74.7347
-74.7496
-74.7644
-74.779
-74.7935
-74.8079
-74.8221
-74.8362
-74.8501
-74.864
-74.8777
-74.8913
-74.9047
-74.918
-74.9313
-74.9443
-74.9573
-74.9701
-74.9829
-74.9955
-75.008
-75.0204
-75.0327
-75.0448
-75.0569
-75.0688
-75.0806
-75.0924
-75.104
-75.1155
-75.1269
-75.1382
-75.1495
-75.1606
-75.1716
-75.1825
-75.1933
-75.204
-75.2147
-75.2252
-75.2356
-75.246
-75.2562
-75.2664
-75.2764
-75.2864
-75.2963
-75.3061
-75.3158
-75.3255
-75.335
-75.3445
-75.3538
-75.3631
-75.3724
-75.3815
-75.3906
-75.3995
-75.4084
-75.4172
-75.426
-75.4346
-75.4432
-75.4518
-75.4602
-75.4686
-75.4769
-75.4851
-75.4932
-75.5013
-75.5093
-75.5173
-75.5251
-75.533
-75.5407
-75.5484
-75.556
-75.5635
-75.571
-75.5784
-75.5858
-75.593
-75.6003
-75.6074
-75.6145
-75.6216
-75.6285
-75.6355
-75.6423
-75.6491
-75.6559
-75.6626
-75.6692
-75.6758
-75.6823
-75.6888
-75.6952
-75.7015
-75.7078
-75.7141
-75.7203
-75.7264
-75.7325
-75.7386
-75.7446
-75.7505
-75.7564
-75.7622
-75.768
-75.7738
-75.7795
-75.7851
-75.7907
-75.7963
-75.8018
-75.8072
-75.8127
-75.818
-75.8234
-75.8287
-75.8339
-75.8391
-75.8443
-75.8494
-75.8545
-75.8595
-75.8645
-75.8695
-75.8744
-75.8793
-75.8841
-75.8889
-75.8937
-75.8984
-75.9031
-75.9077
-75.9123
-75.9169
-75.9214
-75.9259
-75.9304
-75.9348
-75.9392
-75.9436
-75.9479
-75.9522
-75.9565
-75.9607
-75.9649
-75.969
-75.9731
-75.9772
-75.9813
-75.9853
-75.9893
-75.9933
-75.9972
-76.0011
-76.005
-76.0088
-76.0126
-76.0164
-76.0201
-76.0239
-76.0275
-76.0312
-76.0348
-76.0384
-76.042
-76.0456
-76.0491
-76.0526
-76.056
-76.0595
-76.0629
-76.0663
-76.0696
-76.0729
-76.0762
-76.0795
-76.0828
-76.086
-76.0892
-76.0924
-76.0955
-76.0986
-76.1017
-76.1048
-76.1079
-76.1109
-76.1139
-76.1169
-76.1198
-76.1228
-76.1257
-76.1286
-76.1314
-76.1343
-76.1371
-76.1399
-76.1427
-76.1455
-76.1482
-76.1509
-76.1536
-76.1563
-76.1589
-76.1615
-76.1642
-76.1667
-76.1693
-76.1719
-76.1744
-76.1769
-76.1794
-76.1819
-76.1843
-76.1868
-76.1892
-76.1916
-76.1939
-76.1963
-76.1986
-76.201
-76.2033
-76.2056
-76.2078
-76.2101
-76.2123
-76.2145
-76.2167
-76.2189
-76.2211
-76.2232
-76.2254
-76.2275
-76.2296
-76.2317
-76.2337
-76.2358
-76.2378
-76.2398
-76.2418
-76.2438
-76.2458
-76.2478
-76.2497
-76.2516
-76.2536
-76.2554
-76.2573
-76.2592
-76.2611
-76.2629
-76.2647
-76.2665
-76.2683
-76.2701
-76.2719
-76.2737
-76.2754
-76.2771
-76.2788
-76.2806
-76.2822
-76.2839
-76.2856
-76.2872
-76.2889
-76.2905
-76.2921
-76.2937
-76.2953
-76.2969
-76.2985
-76.3
-76.3016
-76.3031
-76.3046
-76.3061
-76.3076
-76.3091
-76.3106
-76.312
-76.3135
-76.3149
-76.3164
-76.3178
-76.3192
-76.3206
-76.322
-76.3233
-76.3247
-76.3261
-76.3274
-76.3287
-76.33
-76.3314
-76.3327
-76.334
-76.3352
-76.3365
-76.3378
-76.339
-76.3403
-76.3415
-76.3427
-76.3439
-76.3452
-76.3464
-76.3475
-76.3487
-76.3499
-76.351
-76.3522
-76.3533
-76.3545
-76.3556
-76.3567
-76.3578
-76.3589
-76.36
-76.3611
-76.3622
-76.3632
-76.3643
-76.3654
-76.3664
-76.3674
-76.3685
-76.3695
-76.3705
-76.3715
-76.3725
-76.3735
-76.3745
-76.3754
-76.3764
-76.3774
-76.3783
-76.3793
-76.3802
-76.3811
-76.382
-76.383
-76.3839
-76.3848
-76.3857
-76.3866
-76.3874
-76.3883
-76.3892
-76.39
-76.3909
-76.3917
-76.3926
-76.3934
-76.3943
-76.3951
-76.3959
-76.3967
-76.3975
-76.3983
-76.3991
-76.3999
-76.4007
-76.4014
-76.4022
-76.403
-76.4037
-76.4045
-76.4052
-76.406
-76.4067
-76.4074
-76.4082
-76.4089
-76.4096
-76.4103
-76.411
-76.4117
-70.1
-63.3005
-58.5815
-53.0773
43.805
-8.49291
-39.4496
-78.4404
-78.8902
-77.5005
-76.8628
-76.5013
-76.1391
-75.7576
-75.358
-74.943
-74.5162
-73.9919
-71.6102
-69.7167
-68.4694
-67.5443
-66.7984
-66.1663
-65.6155
-65.9907
-66.3821
-64.9289
-63.9194
-64.0813
-65.1864
-66.8018
-67.8928
-68.5046
-68.9855
-69.7943
-67.7855
-65.9936
-65.5406
-65.794
-65.9779
-66.1002
-66.1905
-66.2639
-66.3286
-66.3892
-66.4483
-66.5076
-66.5681
-66.6304
-66.6949
-66.7619
-66.8314
-66.9034
-66.978
-67.055
-67.1344
-67.7014
-68.6269
-69.359
-69.9254
-70.3711
-70.7277
-71.0174
-71.2561
-71.4554
-71.624
-71.7683
-71.8933
-72.0028
-72.0997
-72.1863
-72.2644
-70.6185
-65.3224
-60.1437
-56.0141
-45.6944
19.1933
-23.1606
-66.0593
-78.9875
-79.0168
-78.8102
-77.295
-75.4591
-74.6545
-74.118
-73.6104
-73.1014
-72.5892
-72.0774
-71.5858
-71.4527
-71.3379
-71.602
-72.0325
-72.4631
-72.664
-72.9578
-73.2612
-73.5342
-73.6728
-73.7463
-73.9441
-74.0867
-74.1676
-74.2148
-74.2491
-74.4039
-74.5314
-74.6149
-74.6716
-74.7116
-74.7411
-74.7637
-74.7817
-74.7967
-74.8096
-74.8212
-74.8319
-74.842
-74.8517
-74.8613
-74.8708
-74.8802
-74.8897
-74.8993
-74.909
-74.9188
-74.9287
-74.9388
-74.9489
-74.9592
-74.9696
-74.9801
-74.9906
-75.0013
-75.0119
-75.0227
-75.0335
-75.0443
-75.0551
-75.066
-75.0769
-75.0877
-75.0986
-75.1094
-75.1202
-75.131
-75.1417
-75.1524
-75.163
-75.1736
-75.1842
-75.1947
-75.2051
-75.2154
-75.2257
-75.236
-75.2461
-75.2562
-75.2662
-75.2761
-75.286
-75.2958
-75.3055
-75.3152
-75.3247
-75.3342
-75.3436
-75.353
-74.9516
-70.9072
-67.2575
-64.5067
-62.3575
-60.5469
-56.8875
-48.0796
25.5388
-19.9759
-59.6023
-79.027
-78.4587
-77.8766
-77.5972
-76.7801
-75.3901
-74.6827
-74.1605
-73.6633
-73.167
-71.2908
-69.2478
-67.9249
-66.9008
-64.4922
-62.5184
-61.1181
-59.9948
-58.7506
-56.2975
-51.7179
42.5782
-12.013
-44.3908
-77.7641
-78.177
-77.9814
-77.7199
-77.4233
-77.1382
-76.8769
-74.8921
-73.5614
-72.9341
-72.483
-72.0911
-71.7299
-71.3919
-71.3662
-71.383
-71.3174
-71.2572
-71.536
-71.7312
-71.8262
-71.8675
-71.8799
-71.8773
-71.8676
-71.8554
-71.8433
-71.833
-71.8255
-71.8211
-71.8202
-71.8227
-71.8285
-71.8377
-71.8498
-71.8649
-71.8826
-71.9027
-71.9251
-71.9494
-71.9755
-72.0033
-72.0324
-72.0629
-72.0944
-72.1269
-72.1602
-71.8285
-68.2609
-65.0511
-62.1882
-57.9394
-52.3721
42.1724
-11.0484
-42.3754
-78.4545
-79.0622
-78.2524
-77.5408
-77.2063
-76.1097
-74.5697
-73.7703
-73.1825
-72.6389
-72.1078
-70.9892
-68.8758
-67.7204
-66.9679
-66.3965
-66.0133
-64.8622
-63.5655
-62.9263
-63.3676
-63.9235
-65.0986
-65.8731
-66.3251
-66.6023
-66.8106
-67.6201
-68.7744
-69.686
-70.252
-70.6151
-70.9757
-71.5413
-71.9415
-72.2094
-72.3958
-72.5305
-72.6313
-72.7093
-72.7718
-72.8235
-72.8675
-72.906
-72.9406
-72.9725
-73.0023
-73.0306
-73.1516
-73.4388
-73.6768
-73.8628
-74.0107
-74.1303
-74.2284
-74.31
-74.3788
-74.4375
-74.4882
-74.5324
-74.5714
-74.6062
-74.6375
-74.6659
-74.6919
-74.7159
-74.7383
-74.7592
-74.779
-74.7977
-74.8155
-74.8326
-74.8491
-74.865
-74.8804
-74.8954
-74.91
-74.9243
-74.9383
-74.952
-74.9654
-74.9787
-74.9917
-75.0046
-75.0172
-75.0297
-75.0421
-75.0543
-75.0664
-75.0784
-75.0902
-75.1019
-75.1135
-75.1249
-75.1363
-75.1475
-75.1587
-75.1697
-75.1806
-75.1915
-75.2022
-75.2128
-75.2234
-75.2338
-75.2442
-75.2545
-75.2646
-75.2747
-75.2847
-75.2946
-75.3044
-72.5467
-66.0333
-60.5394
-56.0467
-38.002
13.3907
-25.4049
-70.9938
-79.129
-79.0961
-78.9859
-78.4378
-77.0841
-74.9495
-73.8211
-73.1593
-72.5876
-72.0354
-71.491
-70.9548
-69.8604
-67.4396
-65.3221
-62.4287
-60.2835
-58.5967
-56.8532
-54.0385
-26.622
3.89254
-30.5666
-74.798
-78.1318
-77.549
-77.2259
-76.907
-76.5994
-76.2823
-75.9517
-75.6288
-75.3226
-75.0558
-74.7891
-74.5249
-73.2429
-70.7188
-69.2534
-68.4064
-67.8571
-67.4682
-67.7873
-68.1314
-68.324
-68.4303
-68.5154
-69.1681
-69.7209
-70.0871
-70.3373
-70.5149
-70.6456
-70.7456
-70.8251
-70.8908
-70.9471
-70.9971
-71.0428
-71.0858
-71.1271
-71.1674
-71.2071
-71.2467
-71.2863
-71.3261
-71.3663
-71.4067
-71.4476
-71.4889
-71.5305
-71.5724
-71.6146
-71.6571
-71.6998
-71.7426
-71.7856
-71.8286
-71.8716
-71.9145
-69.8867
-66.3305
-63.5665
-61.4106
-57.905
-52.4393
42.7092
-10.7593
-41.99
-78.3942
-79.0492
-78.7116
-77.5481
-77.0622
-76.1244
-74.4685
-73.5992
-72.9865
-72.429
-71.8876
-70.7818
-68.4127
-66.7311

