-70
-69.8623
-69.7285
-69.5983
-69.4718
-69.3487
-69.2291
-69.1128
-68.9997
-68.8897
-68.7828
-68.6789
-68.5778
-68.4795
-68.3839
-68.291
-68.2007
-68.1128
-68.0274
-67.9443
-67.8636
-67.7851
-67.7087
-67.6345
-67.5623
-67.4921
-67.4238
-67.3574
-67.2929
-67.2301
-67.1691
-67.1098
-67.0521
-66.996
-66.9414
-66.8884
-66.8368
-66.7866
-66.7378
-66.6904
-66.6443
-66.5994
-66.5558
-66.5133
-66.4721
-66.432
-66.393
-66.355
-66.3181
-66.2823
-66.2474
-66.2134
-66.1805
-66.1484
-66.1172
-66.0868
-66.0573
-66.0286
-66.0007
-65.9736
-65.9472
-65.9215
-65.8966
-65.8723
-65.8487
-65.8257
-65.8034
-65.7817
-65.7606
-65.74
-65.72
-65.7006
-65.6817
-65.6633
-65.6455
-65.6281
-65.6112
-65.5948
-65.5788
-65.5632
-65.5481
-65.5334
-65.5191
-65.5052
-65.4917
-65.4785
-65.4657
-65.4533
-65.4412
-65.4294
-65.418
-65.4068
-65.396
-65.3855
-65.3752
-65.3653
-65.3556
-65.3462
-65.337
-65.3281
-65.3194
-65.311
-65.3028
-65.2948
-65.2871
-65.2795
-65.2722
-65.2651
-65.2581
-65.2514
-65.2448
-65.2385
-65.2322
-65.2262
-65.2203
-65.2146
-65.2091
-65.2037
-65.1984
-65.1933
-65.1884
-65.1835
-65.1788
-65.1743
-65.1698
-65.1655
-65.1613
-65.1572
-65.1532
-65.1493
-65.1456
-65.1419
-65.1384
-65.1349
-65.1315
-65.1283
-65.1251
-65.122
-65.119
-65.1161
-65.1132
-65.1104
-65.1077
-65.1051
-65.1026
-65.1001
-65.0977
-65.0953
-65.0931
-65.0908
-65.0887
-65.0866
-65.0845
-65.0826
-65.0806
-65.0788
-65.0769
-65.0752
-65.0734
-65.0718
-65.0701
-65.0685
-65.067
-65.0655
-65.064
-65.0626
-65.0612
-65.0599
-65.0586
-65.0573
-65.0561
-65.0549
-65.0537
-65.0526
-65.0514
-65.0504
-65.0493
-65.0483
-65.0473
-65.0464
-65.0454
-65.0445
-65.0436
-65.0428
-65.0419
-65.0411
-65.0403
-65.0395
-65.0388
-65.0381
-65.0374
-65.0367
-65.036
-65.0353
-65.0347
-65.0341
-65.0335
-65.0329
-65.0323
-65.0318
-65.0313
-65.0307
-65.0302
-65.0297
-65.0293
-65.0288
-65.0283
-65.0279
-65.0275
-65.027
-65.0266
-65.0262
-65.0259
-65.0255
-65.0251
-65.0248
-65.0244
-65.0241
-65.0238
-65.0234
-65.0231
-65.0228
-65.0225
-65.0223
-65.022
-65.0217
-65.0215
-65.0212
-65.021
-65.0207
-65.0205
-65.0203
-65.02
-65.0198
-65.0196
-65.0194
-65.0192
-65.019
-65.0188
-65.0187
-65.0185
-65.0183
-65.0181
-65.018
-65.0178
-65.0177
-65.0175
-65.0174
-65.0172
-65.0171
-65.017
-65.0168
-65.0167
-65.0166
-65.0165
-65.0163
-65.0162
-65.0161
-65.016
-65.0159
-65.0158
-65.0157
-65.0156
-65.0155
-65.0154
-65.0153
-65.0153
-65.0152
-65.0151
-65.015
-65.0149
-65.0149
-65.0148
-65.0147
-65.0147
-65.0146
-65.0145
-65.0145
-65.0144
-65.0143
-65.0143
-65.0142
-65.0142
-65.0141
-65.0141
-65.014
-65.014
-65.0139
-65.0139
-65.0138
-65.0138
-65.0137
-65.0137
-65.0137
-65.0136
-65.0136
-65.0135
-65.0135
-65.0135
-65.0134
-65.0134
-65.0134
-65.0133
-65.0133
-65.0133
-65.0133
-65.0132
-65.0132
-65.0132
-65.0131
-65.0131
-65.0131
-65.0131
-65.0131
-65.013
-65.013
-65.013
-65.013
-65.0129
-65.0129
-65.0129
-65.0129
-65.0129
-65.0129
-65.0128
-65.0128
-65.0128
-65.0128
-65.0128
-65.0128
-65.0127
-65.0127
-65.0127
-65.0127
-65.0127
-65.0127
-65.0127
-65.0127
-65.0126
-65.0126
-65.0126
-65.0126
-65.0126
-65.0126
-65.0126
-65.0126
-65.0126
-65.0126
-65.0125
-65.0125
-65.0125
-65.0125
-65.0125
-65.0125
-65.0125
-65.0125
-65.0125
-65.0125
-65.0125
-65.0125
-65.0125
-65.0124
-65.0124
-65.0124
-65.0124
-65.0124
-65.0124
-65.0124
-65.0124
-65.0124
-65.0124
-65.0124
-65.0124
-65.0124
-65.0124
-65.0124
-65.0124
-65.0124
-65.0124
-65.0124
-65.0124
-65.0124
-65.0124
-65.0124
-65.0123
-65.0123
-65.0123
-65.0123
-65.0123
-65.0123
-65.0123
-65.0123
-65.0123
-65.0123
-65.0123
-65.0123
-65.0123
-65.0123
-65.0123
-65.0123
-65.0123
-65.0123
-65.0123
-65.0123
-65.0123
-65.0123
-65.0123
-65.0123
-65.0123
-65.0123
-65.0123
-65.0123
-65.0123
-65.0123
-65.0123
-65.0123
-65.0123
-65.0123
-65.0123
-65.0123
-65.0123
-65.0123
-65.0123
-65.0123
-65.0123
-65.0123
-65.0123
-65.0123
-65.0123
-65.0123
-65.0123
-65.0123
-65.0123
-65.0123
-65.0123
-65.0123
-65.0123
-65.0123
-65.0123
-65.0123
-65.0123
-65.0123
-65.0123
-65.0123
-65.0123
-65.0123
-65.0123
-65.0123
-65.0123
-65.0123
-65.0123
-65.0123
-65.0123
-65.0123
-65.0123
-65.0123
-65.0123
-65.0123
-64.7657
-64.5631
-64.4124
-64.305
-64.2215
-64.1548
-64.1013
-64.0585
-64.0247
-63.9986
-63.9789
-63.9648
-63.9553
-63.9499
-63.9479
-63.9489
-63.9525
-63.9582
-63.9658
-63.975
-63.9855
-63.9972
-64.0098
-64.0233
-64.0374
-64.052
-64.0671
-64.0826
-64.0983
-64.1142
-64.1302
-64.1463
-64.1624
-64.1784
-64.1427
-64.0335
-63.9644
-63.9161
-63.8848
-63.863
-63.8483
-63.8392
-63.8349
-63.8344
-63.8372
-63.8427
-63.8505
-63.8603
-63.8717
-63.8844
-63.8982
-63.9129
-63.9284
-63.8778
-63.8461
-63.8009
-63.7299
-63.6307
-63.3571
-63.118
-62.906
-62.2612
-61.719
-61.217
-60.8611
-60.5916
-60.3863
-60.2275
-60.0617
-59.8899
-59.7346
-59.53
-59.387
-59.2389
-59.1301
-59.0597
-59.0198
-59.0026
-59.0036
-59.0152
-58.9574
-58.9302
-58.8757
-58.8336
-58.8229
-58.8356
-58.8658
-58.8671
-58.8432
-58.8506
-58.8782
-58.9223
-58.9772
-59.0405
-59.1106
-59.1626
-59.199
-59.2525
-59.3165
-59.3889
-59.4666
-59.5483
-59.6329
-59.72
-59.8087
-59.8988
-59.9897
-60.081
-60.1641
-60.2014
-60.256
-60.3188
-60.3889
-60.4623
-60.5379
-60.5732
-60.6161
-60.6682
-60.7282
-60.7924
-60.8592
-60.928
-60.9721
-60.9963
-60.9832
-60.9773
-60.9467
-60.9426
-60.9008
-60.8899
-60.8965
-60.9176
-60.9444
-60.8725
-60.6616
-60.4267
-60.2098
-60.0232
-59.8554
-59.7104
-59.4624
-59.2299
-58.9396
-58.6508
-58.4562
-58.325
-58.2413
-58.191
-58.1674
-58.1659
-58.1828
-58.2151
-58.2209
-58.2374
-58.2414
-58.2723
-58.3195
-58.3804
-58.4086
-58.4553
-58.5155
-58.5877
-58.6677
-58.7536
-58.844
-58.9382
-59.0352
-59.1344
-59.2353
-59.3374
-59.4403
-59.5436
-59.6471
-59.7503
-59.8532
-59.9555
-60.0571
-60.1577
-60.2572
-60.3556
-60.4528
-60.5485
-60.6429
-60.7358
-60.8272
-60.917
-61.0052
-61.0918
-61.1768
-61.2602
-61.3418
-61.4219
-61.5003
-61.5771
-61.6523
-61.7258
-61.7978
-61.8682
-61.937
-62.0042
-62.07
-62.1342
-62.197
-62.2582
-62.3181
-62.3765
-62.4336
-62.4893
-62.5437
-62.5967
-62.6485
-62.6991
-62.7484
-62.7965
-62.8434
-62.8892
-62.9339
-62.9775
-63.02
-63.0614
-63.1018
-63.1413
-63.1797
-63.2172
-63.1573
-63.0433
-62.9738
-62.9306
-62.9064
-62.8897
-62.8297
-62.794
-62.7727
-62.764
-62.7633
-62.7649
-62.6041
-62.4926
-62.4125
-62.2156
-61.9537
-61.407
-60.8874
-60.4561
-60.1258
-59.885
-59.7048
-59.5706
-59.4114
-59.2685
-59.1716
-59.11
-59.0761
-59.0143
-58.9161
-58.8575
-58.831
-58.8308
-58.8485
-58.8803
-58.9236
-58.9767
-59.0378
-59.1001
-59.1012
-59.0828
-59.0464
-59.0483
-59.062
-59.0644
-59.0561
-59.0631
-59.0624
-59.0348
-59.0335
-59.0552
-59.0951
-59.1281
-59.1472
-59.1409
-59.1151
-59.1222
-59.151
-59.1961
-59.2519
-59.2752
-59.3157
-59.328
-59.3622
-59.4104
-59.4704
-59.538
-59.6113
-59.689
-59.7702
-59.8541
-59.9401
-60.0275
-60.1161
-60.2053
-60.2949
-60.3845
-60.474
-60.5631
-60.6516
-60.7394
-60.8122
-60.8084
-60.7967
-60.7637
-60.7372
-60.7379
-60.7039
-60.697
-60.7077
-60.6521
-60.5558
-60.4655
-60.3597
-60.2362
-60.113
-59.9454
-59.7452
-59.6198
-59.5374
-59.3773
-59.1062
-58.858
-58.6962
-58.5933
-58.5318
-58.4996
-58.4607
-58.4454
-58.4327
-58.4306
-58.4509
-58.4678
-58.4408
-58.446
-58.4732
-58.5193
-58.5576
-58.5887
-58.6383
-58.6668
-58.6792
-58.7099
-58.759
-58.8218
-58.8939
-58.9727
-59.057
-59.1455
-59.2374
-59.3319
-59.4285
-59.5265
-59.6256
-59.7252
-59.8252
-59.9252
-60.0249
-60.1241
-60.2225
-60.3202
-60.4169
-60.5124
-60.6068
-60.6999
-60.7916
-60.8819
-60.9708
-61.0582
-61.144
-61.2282
-61.3109
-61.3919
-61.4714
-61.5493
-61.6256
-61.7003
-61.7734
-61.845
-61.915
-61.9835
-62.0504
-62.1158
-62.1798
-62.2422
-62.3033
-62.3629
-62.4211
-62.4779
-62.5334
-62.5875
-62.6404
-62.692
-62.7423
-62.7914
-62.8394
-62.8861
-62.9317
-62.9762
-63.0196
-63.0619
-63.1032
-63.1435
-63.1827
-63.221
-63.2583
-63.2947
-63.3302
-63.3648
-63.3985
-63.4314
-63.4634
-63.4947
-63.5252
-63.5549
-63.5838
-63.6121
-63.6396
-63.6665
-63.6926
-63.7182
-63.6909
-63.6722
-63.5533
-63.4156
-63.3227
-63.259
-63.2155
-63.1848
-63.1491
-63.0833
-63.0419
-63.0059
-62.8086
-62.6278
-62.4794
-62.2973
-61.845
-61.2076
-60.7556
-60.4275
-60.19
-60.0094
-59.8723
-59.7273
-59.6001
-59.487
-59.4141
-59.3697
-59.3489
-59.3461
-59.3584
-59.3833
-59.3748
-59.2675
-59.2138
-59.1752
-59.1216
-59.0942
-59.0922
-59.1114
-59.1452
-59.1904
-59.2447
-59.3067
-59.3748
-59.4278
-59.4472
-59.4412
-59.4372
-59.4598
-59.4997
-59.552
-59.6124
-59.6793
-59.7513
-59.8043
-59.842
-59.8948
-59.9568
-60.0259
-60.0992
-60.1757
-60.2545
-60.335
-60.4167
-60.4992
-60.547
-60.6005
-60.6612
-60.7281
-60.7981
-60.87
-60.9431
-61.0169
-61.091
-61.1653
-61.2394
-61.3131
-61.3863
-61.4449
-61.4661
-61.503
-61.4987
-61.5091
-61.5324
-61.5662
-61.606
-61.6499
-61.6969
-61.7463
-61.7974
-61.8499
-61.9033
-61.9574
-62.0119
-62.0463
-62.0521
-62.0375
-62.0059
-61.9334
-61.8349
-61.6821
-61.5068
-61.3314
-61.1532
-60.9477
-60.7997
-60.5994
-60.359
-59.95
-59.6292
-59.4039
-59.2125
-59.074
-58.975
-58.8697

