-70
-69.8623
-69.7285
-69.5983
-69.4718
-69.3487
-69.2291
-69.1128
-68.9997
-68.8897
-68.7828
-68.6789
-68.5778
-68.4795
-68.3839
-68.291
-68.2007
-68.1128
-68.0274
-67.9443
-67.8636
-67.7851
-67.7087
-67.6345
-67.5623
-67.4921
-67.4238
-67.3574
-67.2929
-67.2301
-67.1691
-67.1098
-67.0521
-66.996
-66.9414
-66.8884
-66.8368
-66.7866
-66.7378
-66.6904
-66.6443
-66.5994
-66.5558
-66.5133
-66.4721
-66.432
-66.393
-66.355
-66.3181
-66.2823
-66.2474
-66.2134
-66.1805
-66.1484
-66.1172
-66.0868
-66.0573
-66.0286
-66.0007
-65.9736
-65.9472
-65.9215
-65.8966
-65.8723
-65.8487
-65.8257
-65.8034
-65.7817
-65.7606
-65.74
-65.72
-65.7006
-65.6817
-65.6633
-65.6455
-65.6281
-65.6112
-65.5948
-65.5788
-65.5632
-65.5481
-65.5334
-65.5191
-65.5052
-65.4917
-65.4785
-65.4657
-65.4533
-65.4412
-65.4294
-65.418
-65.4068
-65.396
-65.3855
-65.3752
-65.3653
-65.3556
-65.3462
-65.337
-65.3281
-65.3194
-65.311
-65.3028
-65.2948
-65.2871
-65.2795
-65.2722
-65.2651
-65.2581
-65.2514
-65.2448
-65.2385
-65.2322
-65.2262
-65.2203
-65.2146
-65.2091
-65.2037
-65.1984
-65.1933
-65.1884
-65.1835
-65.1788
-65.1743
-65.1698
-65.1655
-65.1613
-65.1572
-65.1532
-65.1493
-65.1456
-65.1419
-65.1384
-65.1349
-65.1315
-65.1283
-65.1251
-65.122
-65.119
-65.1161
-65.1132
-65.1104
-65.1077
-65.1051
-65.1026
-65.1001
-65.0977
-65.0953
-65.0931
-65.0908
-65.0887
-65.0866
-65.0845
-65.0826
-65.0806
-65.0788
-65.0769
-65.0752
-65.0734
-65.0718
-65.0701
-65.0685
-65.067
-65.0655
-65.064
-65.0626
-65.0612
-65.0599
-65.0586
-65.0573
-65.0561
-65.0549
-65.0537
-65.0526
-65.0514
-65.0504
-65.0493
-65.0483
-65.0473
-65.0464
-65.0454
-65.0445
-65.0436
-65.0428
-65.0419
-65.0411
-65.0403
-65.0395
-65.0388
-65.0381
-65.0374
-65.0367
-65.036
-65.0353
-65.0347
-65.0341
-65.0335
-65.0329
-65.0323
-65.0318
-65.0313
-65.0307
-65.0302
-65.0297
-65.0293
-65.0288
-65.0283
-65.0279
-65.0275
-65.027
-65.0266
-65.0262
-65.0259
-65.0255
-65.0251
-65.0248
-65.0244
-65.0241
-65.0238
-65.0234
-65.0231
-65.0228
-65.0225
-65.0223
-65.022
-65.0217
-65.0215
-65.0212
-65.021
-65.0207
-65.0205
-65.0203
-65.02
-65.0198
-65.0196
-65.0194
-65.0192
-65.019
-65.0188
-65.0187
-65.0185
-65.0183
-65.0181
-65.018
-65.0178
-65.0177
-65.0175
-65.0174
-65.0172
-65.0171
-65.017
-65.0168
-65.0167
-65.0166
-65.0165
-65.0163
-65.0162
-65.0161
-65.016
-65.0159
-65.0158
-65.0157
-65.0156
-65.0155
-65.0154
-65.0153
-65.0153
-65.0152
-65.0151
-65.015
-65.0149
-65.0149
-65.0148
-65.0147
-65.0147
-65.0146
-65.0145
-65.0145
-65.0144
-65.0143
-65.0143
-65.0142
-65.0142
-65.0141
-65.0141
-65.014
-65.014
-65.0139
-65.0139
-65.0138
-65.0138
-65.0137
-65.0137
-65.0137
-65.0136
-65.0136
-65.0135
-65.0135
-65.0135
-65.0134
-65.0134
-65.0134
-65.0133
-65.0133
-65.0133
-65.0133
-65.0132
-65.0132
-65.0132
-65.0131
-65.0131
-65.0131
-65.0131
-65.0131
-65.013
-65.013
-65.013
-65.013
-65.0129
-65.0129
-65.0129
-65.0129
-65.0129
-65.0129
-65.0128
-65.0128
-65.0128
-65.0128
-65.0128
-65.0128
-65.0127
-65.0127
-65.0127
-65.0127
-65.0127
-65.0127
-65.0127
-65.0127
-65.0126
-65.0126
-65.0126
-65.0126
-65.0126
-65.0126
-65.0126
-65.0126
-65.0126
-65.0126
-65.0125
-65.0125
-65.0125
-65.0125
-65.0125
-65.0125
-65.0125
-65.0125
-65.0125
-65.0125
-65.0125
-65.0125
-65.0125
-65.0124
-65.0124
-65.0124
-65.0124
-65.0124
-65.0124
-65.0124
-65.0124
-65.0124
-65.0124
-65.0124
-65.0124
-65.0124
-65.0124
-65.0124
-65.0124
-65.0124
-65.0124
-65.0124
-65.0124
-65.0124
-65.0124
-65.0124
-65.0123
-65.0123
-65.0123
-65.0123
-65.0123
-65.0123
-65.0123
-65.0123
-65.0123
-65.0123
-65.0123
-65.0123
-65.0123
-65.0123
-65.0123
-65.0123
-65.0123
-65.0123
-65.0123
-65.0123
-65.0123
-65.0123
-65.0123
-65.0123
-65.0123
-65.0123
-65.0123
-65.0123
-65.0123
-65.0123
-65.0123
-65.0123
-65.0123
-65.0123
-65.0123
-65.0123
-65.0123
-65.0123
-65.0123
-65.0123
-65.0123
-65.0123
-65.0123
-65.0123
-65.0123
-65.0123
-65.0123
-65.0123
-65.0123
-65.0123
-65.0123
-65.0123
-65.0123
-65.0123
-65.0123
-65.0123
-65.0123
-65.0123
-65.0123
-65.0123
-65.0123
-65.0123
-65.0123
-65.0123
-65.0123
-65.0123
-65.0123
-65.0123
-65.0123
-65.0123
-65.0123
-65.0123
-65.0123
-65.0123
-64.9505
-64.8995
-64.8615
-64.8344
-64.8133
-64.7964
-64.7828
-64.772
-64.7634
-64.7568
-64.7518
-64.7482
-64.7458
-64.7444
-64.7439
-64.7441
-64.745
-64.7465
-64.7484
-64.7508
-64.7534
-64.7564
-64.7596
-64.763
-64.7666
-64.7703
-64.7742
-64.7781
-64.7821
-64.7861
-64.7902
-64.7942
-64.7983
-64.8024
-64.7803
-64.7211
-64.6822
-64.6538
-64.634
-64.6191
-64.6078
-64.5995
-64.5936
-64.5897
-64.5876
-64.5868
-64.5873
-64.5889
-64.5913
-64.5945
-64.5983
-64.6026
-64.6074
-64.6126
-64.618
-64.6237
-64.3603
-64.1726
-63.985
-63.8415
-63.7181
-63.4354
-63.2254
-62.9385
-62.7364
-62.5822
-62.4675
-62.3793
-62.3121
-62.2624
-62.2272
-62.1527
-62.1026
-62.018
-61.9517
-61.9099
-61.8872
-61.8778
-61.8786
-61.8877
-61.9038
-61.9256
-61.9524
-61.9833
-62.0176
-62.0077
-62.0121
-62.0269
-62.0512
-62.081
-62.1148
-62.1518
-62.1912
-62.2326
-62.2756
-62.3198
-62.365
-62.4108
-62.449
-62.442
-62.4526
-62.4718
-62.4987
-62.5296
-62.5633
-62.5991
-62.6364
-62.675
-62.7144
-62.7545
-62.7949
-62.8356
-62.8764
-62.9171
-62.9576
-62.9979
-63.0379
-63.0774
-63.1165
-63.1551
-63.1932
-63.2307
-63.2676
-63.3039
-63.3395
-63.3287
-63.2777
-63.2375
-63.1803
-63.1182
-63.0225
-62.9612
-62.9212
-62.8379
-62.7821
-62.7455
-62.6852
-62.6368
-62.4967
-62.3377
-62.1642
-62.0038
-61.8806
-61.7962
-61.7391
-61.7019
-61.6802
-61.6618
-61.604
-61.5749
-61.563
-61.566
-61.5788
-61.5995
-61.6266
-61.621
-61.6258
-61.6422
-61.6686
-61.7015
-61.7391
-61.7804
-61.8247
-61.8714
-61.9201
-61.9702
-62.0215
-62.0737
-62.1265
-62.1796
-62.2329
-62.2863
-62.3395
-62.3926
-62.4452
-62.4975
-62.5493
-62.6005
-62.651
-62.7009
-62.75
-62.7984
-62.846
-62.8927
-62.9387
-62.9838
-63.0281
-63.0715
-63.114
-63.1557
-63.1965
-63.2364
-63.2755
-63.3137
-63.3511
-63.3877
-63.4234
-63.4583
-63.4925
-63.5258
-63.5583
-63.5901
-63.6211
-63.6514
-63.681
-63.7098
-63.738
-63.7654
-63.7922
-63.8184
-63.8439
-63.8688
-63.893
-63.9167
-63.9397
-63.9622
-63.9842
-64.0055
-64.0264
-64.0467
-64.0665
-64.0859
-64.1047
-64.1231
-64.141
-64.1584
-64.1754
-64.192
-64.2081
-64.2239
-64.2393
-64.2542
-64.2688
-64.2831
-64.2969
-64.3104
-64.2706
-64.2398
-64.2198
-64.0799
-63.8404
-63.5777
-63.3287
-63.0054
-62.7376
-62.5396
-62.3923
-62.2706
-62.1252
-62.0211
-61.9443
-61.891
-61.8547
-61.8325
-61.822
-61.8214
-61.8292
-61.8442
-61.8653
-61.8915
-61.922
-61.9563
-61.9936
-62.0335
-62.0755
-62.098
-62.1039
-62.1227
-62.1491
-62.1478
-62.1507
-62.1648
-62.188
-62.217
-62.2501
-62.2862
-62.3248
-62.3653
-62.4074
-62.4506
-62.4611
-62.4636
-62.4291
-62.4186
-62.3707
-62.2687
-62.1782
-62.1234
-62.0935
-62.0802
-62.0785
-62.086
-62.1009
-62.1219
-62.1481
-62.1784
-62.2122
-62.2488
-62.2878
-62.3286
-62.3709
-62.4144
-62.4588
-62.5038
-62.5492
-62.5617
-62.4734
-62.4101
-62.375
-62.3619
-62.3616
-62.37
-62.3853
-62.4061
-62.4123
-62.3952
-62.3959
-62.4066
-62.4257
-62.45
-62.4782
-62.4506
-62.3937
-62.3366
-62.2856
-62.2082
-62.1074
-61.9026
-61.749
-61.6445
-61.5781
-61.5357
-61.511
-61.5006
-61.502
-61.5131
-61.5257
-61.5078
-61.5098
-61.5237
-61.5481
-61.5363
-61.4935
-61.4793
-61.4823
-61.4994
-61.4955
-61.4935
-61.5061
-61.5298
-61.5615
-61.5987
-61.6404
-61.6857
-61.7338
-61.7842
-61.8363
-61.8899
-61.9445
-61.9999
-62.0558
-62.112
-62.1682
-62.2244
-62.2804
-62.3361
-62.3913
-62.446
-62.5
-62.5535
-62.6062
-62.6581
-62.7093
-62.7596
-62.809
-62.8576
-62.9053
-62.9521
-62.998
-63.043
-63.087
-63.1302
-63.1724
-63.2137
-63.2542
-63.2937
-63.3323
-63.3701
-63.407
-63.4431
-63.4783
-63.5127
-63.5463
-63.579
-63.611
-63.6422
-63.6727
-63.7024
-63.7314
-63.7597
-63.7873
-63.8142
-63.8404
-63.866
-63.891
-63.9153
-63.939
-63.9622
-63.9847
-64.0067
-64.0281
-64.049
-64.0693
-64.0892
-64.1085
-64.1273
-64.1457
-64.1636
-64.1811
-64.1981
-64.2146
-64.2308
-64.2465
-64.2618
-64.2768
-64.2914
-64.3056
-64.3194
-64.2458
-64.1681
-64.1151
-64.08
-64.056
-64.0392
-64.0278
-63.98
-63.9304
-63.8968
-63.8749
-63.861
-63.8527
-63.8035
-63.4617
-63.1122
-62.8579
-62.6768
-62.5434
-62.4413
-62.3633
-62.2479
-62.165
-62.1061
-62.0676
-62.0438
-62.0317
-62.0293
-62.0352
-62.0481
-62.0293
-61.9732
-61.946
-61.9359
-61.9404
-61.9536
-61.9738
-61.9994
-62.0297
-62.0637
-62.1008
-62.1404
-62.1822
-62.2049
-62.2051
-62.1815
-62.1789
-62.1891
-62.2093
-62.2353
-62.2658
-62.2998
-62.3365
-62.3755
-62.4162
-62.4582
-62.5013
-62.5451
-62.5894
-62.6341
-62.6789
-62.7238
-62.7263
-62.7301
-62.7443
-62.7667
-62.7936
-62.8234
-62.8552
-62.8886
-62.9232
-62.9586
-62.9946
-63.031
-63.0642
-63.0461
-63.0453
-63.0535
-63.0697
-63.0899
-63.1129
-63.1381
-63.1649
-63.193
-63.2221
-63.2518
-63.2821
-63.3127
-63.3436
-63.3745
-63.4053
-63.4361
-63.4667
-63.497
-63.527
-63.5482
-63.4956
-63.3434
-63.2271
-63.149
-63.0637
-62.9815
-62.8518
-62.6679
-62.5438
-62.4524
-62.2884
-62.1652
-62.0262
-61.9343
-61.8701
-61.8285
-61.7655
-61.7168

