-70
-70.0758
-70.1508
-70.225
-70.2983
-70.3706
-70.4419
-70.5122
-70.5814
-70.6496
-70.7168
-70.7829
-70.848
-70.9121
-70.9752
-71.0373
-71.0984
-71.1586
-71.2178
-71.2761
-71.3334
-71.3899
-71.4455
-71.5003
-71.5543
-71.6074
-71.6598
-71.7114
-71.7623
-71.8124
-71.8619
-71.9106
-71.9587
-72.006
-72.0527
-72.0988
-72.1442
-72.1889
-72.2331
-72.2766
-72.3196
-72.362
-72.4038
-72.445
-72.4857
-72.5258
-72.5654
-72.6045
-72.6431
-72.6812
-72.7188
-72.756
-72.7927
-72.8289
-72.8647
-72.9
-72.9349
-72.9694
-73.0035
-73.0371
-73.0704
-73.1032
-73.1357
-73.1678
-73.1994
-73.2307
-73.2617
-73.2922
-73.3224
-73.3523
-73.3817
-73.4109
-73.4397
-73.4682
-73.4963
-73.5241
-73.5516
-73.5788
-73.6057
-73.6323
-73.6585
-73.6845
-73.7102
-73.7356
-73.7608
-73.7857
-73.8103
-73.8346
-73.8587
-73.8825
-73.9061
-73.9294
-73.9524
-73.9753
-73.9979
-74.0202
-74.0423
-74.0642
-74.0859
-74.1073
-74.1285
-74.1495
-74.1703
-74.1909
-74.2112
-74.2313
-74.2513
-74.271
-74.2905
-74.3098
-74.329
-74.3479
-74.3666
-74.3852
-74.4036
-74.4217
-74.4397
-74.4575
-74.4752
-74.4926
-74.5099
-74.527
-74.544
-74.5607
-74.5774
-74.5938
-74.6101
-74.6262
-74.6422
-74.658
-74.6736
-74.6891
-74.7045
-74.7197
-74.7347
-74.7496
-74.7644
-74.779
-74.7935
-74.8079
-74.8221
-74.8362
-74.8501
-74.864
-74.8777
-74.8913
-74.9047
-74.918
-74.9313
-74.9443
-74.9573
-74.9701
-74.9829
-74.9955
-75.008
-75.0204
-75.0327
-75.0448
-75.0569
-75.0688
-75.0806
-75.0924
-75.104
-75.1155
-75.1269
-75.1382
-75.1495
-75.1606
-75.1716
-75.1825
-75.1933
-75.204
-75.2147
-75.2252
-75.2356
-75.246
-75.2562
-75.2664
-75.2764
-75.2864
-75.2963
-75.3061
-75.3158
-75.3255
-75.335
-75.3445
-75.3538
-75.3631
-75.3724
-75.3815
-75.3906
-75.3995
-75.4084
-75.4172
-75.426
-75.4346
-75.4432
-75.4518
-75.4602
-75.4686
-75.4769
-75.4851
-75.4932
-75.5013
-75.5093
-75.5173
-75.5251
-75.533
-75.5407
-75.5484
-75.556
-75.5635
-75.571
-75.5784
-75.5858
-75.593
-75.6003
-75.6074
-75.6145
-75.6216
-75.6285
-75.6355
-75.6423
-75.6491
-75.6559
-75.6626
-75.6692
-75.6758
-75.6823
-75.6888
-75.6952
-75.7015
-75.7078
-75.7141
-75.7203
-75.7264
-75.7325
-75.7386
-75.7446
-75.7505
-75.7564
-75.7622
-75.768
-75.7738
-75.7795
-75.7851
-75.7907
-75.7963
-75.8018
-75.8072
-75.8127
-75.818
-75.8234
-75.8287
-75.8339
-75.8391
-75.8443
-75.8494
-75.8545
-75.8595
-75.8645
-75.8695
-75.8744
-75.8793
-75.8841
-75.8889
-75.8937
-75.8984
-75.9031
-75.9077
-75.9123
-75.9169
-75.9214
-75.9259
-75.9304
-75.9348
-75.9392
-75.9436
-75.9479
-75.9522
-75.9565
-75.9607
-75.9649
-75.969
-75.9731
-75.9772
-75.9813
-75.9853
-75.9893
-75.9933
-75.9972
-76.0011
-76.005
-76.0088
-76.0126
-76.0164
-76.0201
-76.0239
-76.0275
-76.0312
-76.0348
-76.0384
-76.042
-76.0456
-76.0491
-76.0526
-76.056
-76.0595
-76.0629
-76.0663
-76.0696
-76.0729
-76.0762
-76.0795
-76.0828
-76.086
-76.0892
-76.0924
-76.0955
-76.0986
-76.1017
-76.1048
-76.1079
-76.1109
-76.1139
-76.1169
-76.1198
-76.1228
-76.1257
-76.1286
-76.1314
-76.1343
-76.1371
-76.1399
-76.1427
-76.1455
-76.1482
-76.1509
-76.1536
-76.1563
-76.1589
-76.1615
-76.1642
-76.1667
-76.1693
-76.1719
-76.1744
-76.1769
-76.1794
-76.1819
-76.1843
-76.1868
-76.1892
-76.1916
-76.1939
-76.1963
-76.1986
-76.201
-76.2033
-76.2056
-76.2078
-76.2101
-76.2123
-76.2145
-76.2167
-76.2189
-76.2211
-76.2232
-76.2254
-76.2275
-76.2296
-76.2317
-76.2337
-76.2358
-76.2378
-76.2398
-76.2418
-76.2438
-76.2458
-76.2478
-76.2497
-76.2516
-76.2536
-76.2554
-76.2573
-76.2592
-76.2611
-76.2629
-76.2647
-76.2665
-76.2683
-76.2701
-76.2719
-76.2737
-76.2754
-76.2771
-76.2788
-76.2806
-76.2822
-76.2839
-76.2856
-76.2872
-76.2889
-76.2905
-76.2921
-76.2937
-76.2953
-76.2969
-76.2985
-76.3
-76.3016
-76.3031
-76.3046
-76.3061
-76.3076
-76.3091
-76.3106
-76.312
-76.3135
-76.3149
-76.3164
-76.3178
-76.3192
-76.3206
-76.322
-76.3233
-76.3247
-76.3261
-76.3274
-76.3287
-76.33
-76.3314
-76.3327
-76.334
-76.3352
-76.3365
-76.3378
-76.339
-76.3403
-76.3415
-76.3427
-76.3439
-76.3452
-76.3464
-76.3475
-76.3487
-76.3499
-72.6061
-68.6339
-65.6289
-63.3156
-61.4358
-59.7365
-57.8577
-54.6849
8.05685
3.35182
-30.6725
-76.4181
-79.7264
-79.7322
-79.6987
-79.6605
-79.6184
-79.5723
-79.5222
-79.4682
-79.4105
-79.3496
-79.2858
-79.2199
-79.1523
-79.0838
-79.0152
-78.9471
-78.8801
-78.8147
-78.7515
-78.6909
-78.633
-78.5781
-78.5263
-78.4777
-78.4321
-78.3896
-78.35
-78.3132
-78.2789
-78.2471
-78.2175
-78.19
-78.1643
-78.1404
-78.1181
-78.0972
-78.0775
-78.059
-78.0416
-78.0251
-78.0093
-77.9944
-77.9801
-77.9664
-77.9532
-76.3063
-71.7725
-68.1204
-64.8596
-60.1753
-55.7189
-25.6394
9.41483
-27.2556
-73.5566
-79.1881
-78.0747
-77.5986
-77.3151
-76.5502
-74.0253
-72.0501
-71.0948
-70.3926
-69.4048
-67.3066
-65.8921
-64.9394
-63.7584
-60.8029
-58.1823
-55.8815
-51.7636
43.2905
-11.6057
-42.7932
-77.9424
-78.0987
-77.5744
-77.2339
-76.8923
-76.5786
-76.2708
-75.9565
-75.6363
-75.3126
-74.756
-70.6108
-67.9832
-66.8017
-66.1487
-65.8816
-64.3679
-63.1718
-62.5222
-62.127
-61.8612
-61.6681
-61.5206
-61.4057
-62.2311
-63.4034
-64.2169
-64.7744
-65.169
-65.4594
-65.6815
-65.8585
-66.0054
-66.1324
-66.2462
-66.3514
-66.451
-66.5471
-66.6414
-66.7348
-66.8281
-66.9217
-67.0158
-67.1108
-67.2067
-67.3034
-67.401
-67.4993
-67.5981
-67.6973
-67.7967
-67.8962
-67.1629
-64.1252
-59.5107
-53.1403
42.7163
-6.99579
-37.6692
-76.9593
-78.2109
-78.028
-77.803
-76.3243
-74.0081
-71.5452
-70.2168
-69.4027
-68.7119
-68.0636
-67.4418
-66.845
-66.5631
-66.7354
-66.725
-67.1076
-67.5731
-67.7976
-67.884
-67.8988
-68.272
-68.8693
-69.7165
-70.4387
-70.8989
-71.1991
-71.475
-71.9921
-72.3761
-72.9292
-73.8112
-74.3397
-74.6253
-74.7888
-74.8877
-74.9601
-75.0838
-75.1737
-75.2319
-75.2712
-75.299
-75.3196
-75.3354
-75.3481
-75.3586
-75.3678
-75.3759
-75.3834
-75.3904
-75.3972
-75.4037
-75.4102
-75.4166
-75.4229
-75.4293
-75.4358
-75.4422
-75.4488
-75.4554
-75.462
-75.4687
-75.4755
-75.4823
-75.4892
-75.4961
-75.503
-75.51
-75.517
-75.524
-75.5311
-75.5381
-75.5452
-75.5522
-75.5592
-75.5663
-75.5733
-75.5803
-75.5873
-75.5942
-75.6011
-75.608
-75.6149
-75.6217
-75.6285
-75.6353
-75.642
-75.6486
-75.6553
-75.6618
-75.6684
-75.6749
-75.6813
-75.2727
-68.3827
-60.4867
-53.4634
44.8214
-7.13917
-37.8331
-77.7716
-78.5602
-78.397
-78.2078
-78.0016
-76.3448
-72.5036
-70.6401
-69.7282
-69.0134
-68.3516
-67.7161
-67.1037
-66.5159
-64.5169
-60.2819
-56.9032
-53.2022
14.774
-2.7642
-34.4589
-76.3024
-78.1177
-76.812
-75.036
-74.2367
-73.7188
-73.2159
-72.7075
-72.1958
-71.6848
-71.1792
-70.6834
-70.527
-69.3425
-65.881
-63.666
-61.2935
-59.886
-58.9837
-58.2564
-57.6975
-58.5439
-59.455
-60.1468
-60.6522
-61.0243
-61.3025
-61.5183
-61.6939
-62.7978
-64.0465
-64.9519
-65.6088
-66.0974
-66.4709
-66.7644
-67.0013
-67.1979
-67.3653
-67.5115
-67.6421
-67.7611
-67.8715
-67.9756
-68.0749
-68.1707
-68.2638
-68.3549
-68.4446
-68.5331
-68.6208
-68.7076
-66.3186
-63.3684
-60.8794
-56.9459
-51.3574
39.8026
-14.5634
-47.1285
-77.5861
-77.9268
-77.7
-77.1921
-75.6279
-73.9502
-72.385
-71.5257
-70.8561
-68.7596
-66.9685
-65.8552
-65.0326
-64.0365
-61.508
-58.6137
-56.2064
-52.6127
36.0775
-6.97375
-38.4569
-76.8336
-77.8532
-77.6362
-77.3816
-77.1089
-76.8197
-76.5157
-76.1992
-75.8728
-75.5394
-75.2465
-75.029
-74.8082
-74.5873
-74.3733
-74.1697
-73.9783
-73.8001
-73.6358
-73.4855
-73.3492
-73.2265
-73.1171
-73.0204
-72.9356
-72.9346
-73.275
-73.6993
-73.9995
-74.21
-74.362
-74.4747
-74.5604
-74.6744
-74.8509
-74.985
-75.0833
-75.1572
-75.2141
-75.2589
-75.3016
-75.3941
-75.4718
-75.5295
-75.5735
-75.6078
-75.6351
-75.6574
-75.6758
-75.6914
-75.7048
-75.7165
-75.7269
-75.7362
-75.7447
-75.7526
-75.76
-75.7669
-75.7735
-75.7798
-75.7858
-75.7917
-75.7974
-75.803
-75.8085
-75.8138
-75.8191
-75.8244
-75.8295
-75.8346
-75.8397
-75.8447
-75.8497
-75.8547
-75.8596
-75.8644
-75.8693
-75.8741
-75.8789
-75.8836
-75.8883
-75.893
-75.8977
-75.9023
-75.9069
-75.9114
-75.916
-75.9204
-75.9249
-75.9293
-75.9337
-75.9381
-75.9424
-71.4062
-61.5153
-54.5109
45.7944
-1.95663
-33.6064
-76.9753
-78.5801
-78.4257
-78.2394
-78.0361
-77.3657
-73.4823
-70.8026
-69.6706
-68.9014
-68.2202
-67.5748
-66.9553
-66.3615
-65.3265
-61.925
-57.9637
-54.5335
-41.8412
11.6461
-26.7224
-70.6318
-78.3916
-77.8486
-76.2731
-74.3206
-73.4814
-72.9298
-72.4022
-71.8754
-71.3507
-70.8319
-70.3234
-69.8296
-69.3754
-69.516
-70.1244
-70.7277
-69.9873
-67.7881
-66.4491
-65.4314
-62.8902
-61.1114
-60.4543
-60.9279
-61.3258
-61.6015
-61.8039
-61.9622
-62.0934
-62.2083
-62.3145
-62.417
-62.5192
-62.6234
-62.731
-62.8432
-62.9604
-63.0832
-63.2109
-63.3431
-63.4798
-63.6206
-63.7654
-63.9138
-64.0655
-64.2201
-64.3766
-64.5344
-64.6933
-64.8528
-65.0126
-65.1724
-65.332
-65.4907
-65.6482
-65.8043
-65.9587
-66.1115
-66.2624
-65.3595
-61.203
-56.7725
-51.2666
40.51
-14.4951
-47.1611
-77.3108
-77.6808
-77.4325
-77.15
-76.7435
-74.5842
-72.0017
-70.7195
-69.917
-68.0185
-66.1874
-65.0448
-64.2107
-63.4625
-61.1217
-58.2268
-55.6958

