-70
-70.0758
-70.1508
-70.225
-70.2983
-70.3706
-70.4419
-70.5122
-70.5814
-70.6496
-70.7168
-70.7829
-70.848
-70.9121
-70.9752
-71.0373
-71.0984
-71.1586
-71.2178
-71.2761
-71.3334
-71.3899
-71.4455
-71.5003
-71.5543
-71.6074
-71.6598
-71.7114
-71.7623
-71.8124
-71.8619
-71.9106
-71.9587
-72.006
-72.0527
-72.0988
-72.1442
-72.1889
-72.2331
-72.2766
-72.3196
-72.362
-72.4038
-72.445
-72.4857
-72.5258
-72.5654
-72.6045
-72.6431
-72.6812
-72.7188
-72.756
-72.7927
-72.8289
-72.8647
-72.9
-72.9349
-72.9694
-73.0035
-73.0371
-73.0704
-73.1032
-73.1357
-73.1678
-73.1994
-73.2307
-73.2617
-73.2922
-73.3224
-73.3523
-73.3817
-73.4109
-73.4397
-73.4682
-73.4963
-73.5241
-73.5516
-73.5788
-73.6057
-73.6323
-73.6585
-73.6845
-73.7102
-73.7356
-73.7608
-73.7857
-73.8103
-73.8346
-73.8587
-73.8825
-73.9061
-73.9294
-73.9524
-73.9753
-73.9979
-74.0202
-74.0423
-74.0642
-74.0859
-74.1073
-74.1285
-74.1495
-74.1703
-74.1909
-74.2112
-74.2313
-74.2513
-74.271
-74.2905
-74.3098
-74.329
-74.3479
-74.3666
-74.3852
-74.4036
-74.4217
-74.4397
-74.4575
-74.4752
-74.4926
-74.5099
-74.527
-74.544
-74.5607
-74.5774
-74.5938
-74.6101
-74.6262
-74.6422
-74.658
-74.6736
-74.6891
-74.7045
-74.7197
-74.7347
-74.7496
-74.7644
-74.779
-74.7935
-74.8079
-74.8221
-74.8362
-74.8501
-74.864
-74.8777
-74.8913
-74.9047
-74.918
-74.9313
-74.9443
-74.9573
-74.9701
-74.9829
-74.9955
-75.008
-75.0204
-75.0327
-75.0448
-75.0569
-75.0688
-75.0806
-75.0924
-75.104
-75.1155
-75.1269
-75.1382
-75.1495
-75.1606
-75.1716
-75.1825
-75.1933
-75.204
-75.2147
-75.2252
-75.2356
-75.246
-75.2562
-75.2664
-75.2764
-75.2864
-75.2963
-75.3061
-75.3158
-75.3255
-75.335
-75.3445
-75.3538
-75.3631
-75.3724
-75.3815
-75.3906
-75.3995
-75.4084
-75.4172
-75.426
-75.4346
-75.4432
-75.4518
-75.4602
-75.4686
-75.4769
-75.4851
-75.4932
-75.5013
-75.5093
-75.5173
-75.5251
-75.533
-75.5407
-75.5484
-75.556
-75.5635
-75.571
-75.5784
-75.5858
-75.593
-75.6003
-75.6074
-75.6145
-75.6216
-75.6285
-75.6355
-75.6423
-75.6491
-75.6559
-75.6626
-75.6692
-75.6758
-75.6823
-75.6888
-75.6952
-75.7015
-75.7078
-75.7141
-75.7203
-75.7264
-75.7325
-75.7386
-75.7446
-75.7505
-75.7564
-75.7622
-75.768
-75.7738
-75.7795
-75.7851
-75.7907
-75.7963
-75.8018
-75.8072
-75.8127
-75.818
-75.8234
-75.8287
-75.8339
-75.8391
-75.8443
-75.8494
-75.8545
-75.8595
-75.8645
-75.8695
-75.8744
-75.8793
-75.8841
-75.8889
-75.8937
-75.8984
-75.9031
-75.9077
-75.9123
-75.9169
-75.9214
-75.9259
-75.9304
-75.9348
-75.9392
-75.9436
-75.9479
-75.9522
-75.9565
-75.9607
-75.9649
-75.969
-75.9731
-75.9772
-75.9813
-75.9853
-75.9893
-75.9933
-75.9972
-76.0011
-76.005
-76.0088
-76.0126
-76.0164
-76.0201
-76.0239
-76.0275
-76.0312
-76.0348
-76.0384
-76.042
-76.0456
-76.0491
-76.0526
-76.056
-76.0595
-76.0629
-76.0663
-76.0696
-76.0729
-76.0762
-76.0795
-76.0828
-76.086
-76.0892
-76.0924
-76.0955
-76.0986
-76.1017
-76.1048
-76.1079
-76.1109
-76.1139
-76.1169
-76.1198
-76.1228
-76.1257
-76.1286
-76.1314
-76.1343
-76.1371
-76.1399
-76.1427
-76.1455
-76.1482
-76.1509
-76.1536
-76.1563
-76.1589
-76.1615
-76.1642
-76.1667
-76.1693
-76.1719
-76.1744
-76.1769
-76.1794
-76.1819
-76.1843
-76.1868
-76.1892
-76.1916
-76.1939
-76.1963
-76.1986
-76.201
-76.2033
-76.2056
-76.2078
-76.2101
-76.2123
-76.2145
-76.2167
-76.2189
-76.2211
-76.2232
-76.2254
-76.2275
-76.2296
-76.2317
-76.2337
-76.2358
-76.2378
-76.2398
-76.2418
-76.2438
-76.2458
-76.2478
-76.2497
-76.2516
-76.2536
-76.2554
-76.2573
-76.2592
-76.2611
-76.2629
-76.2647
-76.2665
-76.2683
-76.2701
-76.2719
-76.2737
-76.2754
-76.2771
-76.2788
-76.2806
-76.2822
-76.2839
-76.2856
-76.2872
-76.2889
-76.2905
-76.2921
-76.2937
-76.2953
-76.2969
-76.2985
-76.3
-76.3016
-76.3031
-76.3046
-76.3061
-76.3076
-76.3091
-76.3106
-76.312
-76.3135
-76.3149
-76.3164
-76.3178
-76.3192
-76.3206
-76.322
-76.3233
-76.3247
-76.3261
-76.3274
-76.3287
-76.33
-76.3314
-76.3327
-76.334
-76.3352
-76.3365
-76.3378
-76.339
-76.3403
-76.3415
-76.3427
-76.3439
-76.3452
-76.3464
-76.3475
-76.3487
-76.3499
-76.351
-76.3522
-76.3533
-76.3545
-76.3556
-76.3567
-76.3578
-76.3589
-76.36
-76.3611
-76.3622
-76.3632
-76.3643
-76.3654
-76.3664
-76.3674
-76.3685
-76.3695
-76.3705
-76.3715
-76.3725
-76.3735
-76.3745
-76.3754
-76.3764
-76.3774
-76.3783
-76.3793
-76.3802
-76.3811
-76.382
-76.383
-76.3839
-76.3848
-76.3857
-76.3866
-76.3874
-76.3883
-76.3892
-76.39
-76.3909
-76.3917
-76.3926
-76.3934
-76.3943
-76.3951
-76.3959
-76.3967
-76.3975
-76.3983
-76.3991
-76.3999
-76.4007
-76.4014
-76.4022
-76.403
-76.4037
-76.4045
-76.4052
-76.406
-75.2607
-70.9439
-67.3697
-64.6701
-62.5566
-60.7809
-59.0723
-56.9387
-51.9103
39.4016
-12.6824
-45.0732
-78.6373
-78.9118
-78.783
-78.6368
-78.4771
-78.304
-78.1179
-77.9195
-77.6101
-75.321
-73.6179
-72.559
-71.7767
-71.1299
-70.5619
-70.0487
-69.5796
-69.1497
-68.7569
-68.4
-68.0781
-67.7905
-67.5364
-67.3146
-67.4358
-68.6703
-68.0753
-67.1854
-66.7996
-66.5889
-66.4716
-66.4095
-66.3821
-66.3779
-66.3903
-66.415
-66.4495
-66.5835
-67.5065
-68.3077
-68.8901
-69.3241
-69.6561
-69.9161
-70.1246
-70.2955
-70.4384
-70.5604
-70.6666
-70.7606
-70.8451
-70.9223
-70.9937
-71.0605
-71.1236
-71.1838
-71.2416
-71.2975
-71.3517
-71.4047
-71.4565
-71.5073
-71.5574
-68.4687
-65.1968
-62.7163
-60.7412
-58.9663
-56.9534
-53.1535
45.2549
-6.62355
-37.8291
-78.3355
-79.3214
-78.5455
-78.2619
-78.056
-77.84
-77.6094
-77.3649
-77.1082
-76.8412
-76.0994
-73.5145
-71.6081
-70.3249
-69.3653
-68.595
-67.9487
-68.0685
-68.2985
-68.7835
-69.4158
-70.2889
-71.1149
-71.8939
-72.376
-72.6718
-72.8609
-72.9863
-73.0727
-73.1344
-73.1802
-73.2157
-73.2445
-73.2689
-73.2904
-73.3102
-73.3289
-73.3471
-73.3651
-73.3832
-73.4014
-73.4199
-73.4387
-73.4579
-73.4775
-73.4974
-73.5177
-73.5384
-73.5593
-73.5805
-73.602
-73.6237
-73.6455
-73.6676
-73.6897
-73.712
-73.7343
-73.7567
-73.7791
-73.8015
-73.8238
-73.8462
-73.8685
-73.8907
-73.9128
-73.9348
-73.9568
-73.9786
-74.0002
-74.0218
-74.0432
-74.0644
-74.0855
-74.1065
-74.1273
-74.1479
-74.1683
-74.1886
-74.2087
-74.2286
-74.2483
-74.2679
-74.2872
-74.3064
-74.3255
-74.3443
-74.363
-74.3815
-74.3998
-74.4179
-74.4359
-71.3505
-67.5541
-64.662
-62.4214
-60.5538
-58.7523
-56.4336
-49.9588
31.208
-17.5655
-54.2022
-79.4566
-79.7161
-79.6855
-79.1662
-77.7656
-77.2116
-76.8737
-76.5554
-76.231
-75.898
-75.5583
-75.215
-74.1963
-71.4907
-69.4333
-67.9773
-66.8783
-66.0088
-65.298
-64.7037
-64.199
-63.158
-61.0276
-59.0954
-57.0697
-53.6357
31.4898
-2.93391
-35.0654
-77.692
-79.346
-78.6974
-77.9335
-77.6431
-77.4082
-77.1674
-76.9183
-76.6623
-76.4018
-76.1393
-75.8772
-75.6183
-75.365
-75.1195
-74.8838
-74.6595
-74.4482
-74.2506
-74.0675
-73.8993
-73.746
-73.6074
-73.4831
-73.3726
-73.2754
-73.1905
-73.1173
-73.055
-73.0026
-72.9594
-72.9245
-72.8973
-72.8769
-72.8626
-72.8539
-72.8502
-72.8508
-72.8553
-71.4937
-67.7207
-64.6866
-62.3626
-60.4461
-58.6117
-56.2504
-49.4455
29.2985
-18.6157
-56.4694
-79.4647
-79.6942
-79.6607
-78.41
-77.6352
-77.2896
-76.9947
-76.6953
-76.3852
-76.0655
-75.7388
-75.4085
-75.078
-73.4843
-70.6159
-68.5137
-66.997
-65.8444
-64.933
-64.1898
-63.5694
-63.0413
-62.5853
-62.185
-61.8312
-59.9545
-58.5071
-60.0689
-62.5739
-64.3054
-65.8957
-67.2893
-68.1476
-68.6851
-69.0377
-69.2795
-69.4529
-69.5828
-69.6846
-69.7677
-69.8385
-69.901
-69.9581
-70.0117
-70.0631
-70.1131
-70.1625
-70.2117
-70.2609
-70.3105
-70.3604
-70.4108
-70.8514
-71.3902
-71.8181
-72.1576
-72.4309
-72.654
-72.8385
-72.9928
-73.1233
-73.235
-73.3313
-73.4154
-73.4893
-73.5549
-73.6137
-73.6667
-73.7149
-73.759
-73.7998
-73.8377
-73.8731
-73.9064
-73.9379
-73.9678
-73.9963
-74.0237
-74.05
-74.0755
-74.1001
-74.124
-74.1472
-74.1699
-74.1921
-74.2138
-74.2351
-74.2559
-74.2764
-74.2966
-74.3165
-74.3361
-74.3554
-74.3744
-74.3932
-74.4117
-74.43
-74.4481
-74.466
-74.4837
-74.5012
-74.5185
-74.5356
-74.5525
-74.5693
-74.5859
-74.6023
-74.6185
-74.6345
-74.6505
-74.6662
-74.6818
-74.6972
-74.7125
-74.7276
-74.7426
-74.7575
-71.2137
-67.453
-64.6051
-62.3927
-60.5415
-58.7466
-56.4192
-49.7841
30.5692
-17.8494
-54.8732
-79.0759
-78.8013
-78.6115
-78.4452
-78.2657
-78.0718
-77.8641
-77.6436
-77.4116
-76.6988
-74.2075
-72.4475
-71.2904
-70.4228
-69.7149
-69.108
-68.5739
-68.098
-67.5965
-65.3039
-63.1179
-61.4276
-60.9193
-61.1423
-62.3331
-63.6602
-64.8816
-66.4493
-67.5424
-68.2703
-68.772
-69.1297
-69.3931
-69.3145
-66.804
-64.6589
-63.17
-62.0905
-61.2668
-60.6015
-60.0285
-59.5016
-58.9739
-58.3978
-57.6903
-56.6859
-54.8507
-47.9161
23.6609
-22.256
-63.3511
-79.576
-79.8327
-79.7067
-79.6414
-79.5956
-79.5487
-79.4987
-79.4455
-79.3894
-79.3306
-79.2699
-79.2077
-79.1446
-79.0812
-79.0183
-78.9562
-78.8956
-78.8369
-78.7804
-78.7264
-78.675
-78.6264
-78.5806
-78.5376
-78.4974
-78.4597
-78.4246
-78.3918
-78.3612
-78.3327
-75.737
-71.2562
-67.7889
-65.1654
-63.1182
-61.4285
-59.8823
-58.1831
-55.5111
-38.5691
13.2165
-25.581
-71.157
-79.1974
-79.1769
-79.0765
-78.9645
-78.8421

