-70
-70.0758
-70.1508
-70.225
-70.2983
-70.3706
-70.4419
-70.5122
-70.5814
-70.6496
-70.7168
-70.7829
-70.848
-70.9121
-70.9752
-71.0373
-71.0984
-71.1586
-71.2178
-71.2761
-71.3334
-71.3899
-71.4455
-71.5003
-71.5543
-71.6074
-71.6598
-71.7114
-71.7623
-71.8124
-71.8619
-71.9106
-71.9587
-72.006
-72.0527
-72.0988
-72.1442
-72.1889
-72.2331
-72.2766
-72.3196
-72.362
-72.4038
-72.445
-72.4857
-72.5258
-72.5654
-72.6045
-72.6431
-72.6812
-72.7188
-72.756
-72.7927
-72.8289
-72.8647
-72.9
-72.9349
-72.9694
-73.0035
-73.0371
-73.0704
-73.1032
-73.1357
-73.1678
-73.1994
-73.2307
-73.2617
-73.2922
-73.3224
-73.3523
-73.3817
-73.4109
-73.4397
-73.4682
-73.4963
-73.5241
-73.5516
-73.5788
-73.6057
-73.6323
-73.6585
-73.6845
-73.7102
-73.7356
-73.7608
-73.7857
-73.8103
-73.8346
-73.8587
-73.8825
-73.9061
-73.9294
-73.9524
-73.9753
-73.9979
-74.0202
-74.0423
-74.0642
-74.0859
-74.1073
-74.1285
-74.1495
-74.1703
-74.1909
-74.2112
-74.2313
-74.2513
-74.271
-74.2905
-74.3098
-74.329
-74.3479
-74.3666
-74.3852
-74.4036
-74.4217
-74.4397
-74.4575
-74.4752
-74.4926
-74.5099
-74.527
-74.544
-74.5607
-74.5774
-74.5938
-74.6101
-74.6262
-74.6422
-74.658
-74.6736
-74.6891
-74.7045
-74.7197
-74.7347
-74.7496
-74.7644
-74.779
-74.7935
-74.8079
-74.8221
-74.8362
-74.8501
-74.864
-74.8777
-74.8913
-74.9047
-74.918
-74.9313
-74.9443
-74.9573
-74.9701
-74.9829
-74.9955
-75.008
-75.0204
-75.0327
-75.0448
-75.0569
-75.0688
-75.0806
-75.0924
-75.104
-75.1155
-75.1269
-75.1382
-75.1495
-75.1606
-75.1716
-75.1825
-75.1933
-75.204
-75.2147
-75.2252
-75.2356
-75.246
-75.2562
-75.2664
-75.2764
-75.2864
-75.2963
-75.3061
-75.3158
-75.3255
-75.335
-75.3445
-75.3538
-75.3631
-75.3724
-75.3815
-75.3906
-75.3995
-75.4084
-75.4172
-75.426
-75.4346
-75.4432
-75.4518
-75.4602
-75.4686
-75.4769
-75.4851
-75.4932
-75.5013
-75.5093
-75.5173
-75.5251
-75.533
-75.5407
-75.5484
-75.556
-75.5635
-75.571
-75.5784
-75.5858
-75.593
-75.6003
-75.6074
-75.6145
-75.6216
-75.6285
-75.6355
-75.6423
-75.6491
-75.6559
-75.6626
-75.6692
-75.6758
-75.6823
-75.6888
-75.6952
-75.7015
-75.7078
-75.7141
-75.7203
-75.7264
-75.7325
-75.7386
-75.7446
-75.7505
-75.7564
-75.7622
-75.768
-75.7738
-75.7795
-75.7851
-75.7907
-75.7963
-75.8018
-75.8072
-75.8127
-75.818
-75.8234
-75.8287
-75.8339
-75.8391
-75.8443
-75.8494
-75.8545
-75.8595
-75.8645
-75.8695
-75.8744
-75.8793
-75.8841
-75.8889
-75.8937
-75.8984
-75.9031
-75.9077
-75.9123
-75.9169
-75.9214
-75.9259
-75.9304
-75.9348
-75.9392
-75.9436
-75.9479
-75.9522
-75.9565
-75.9607
-75.9649
-75.969
-75.9731
-75.9772
-75.9813
-75.9853
-75.9893
-75.9933
-75.9972
-76.0011
-76.005
-76.0088
-76.0126
-76.0164
-76.0201
-76.0239
-76.0275
-76.0312
-76.0348
-76.0384
-76.042
-76.0456
-76.0491
-76.0526
-76.056
-76.0595
-76.0629
-76.0663
-76.0696
-76.0729
-76.0762
-76.0795
-76.0828
-76.086
-76.0892
-76.0924
-76.0955
-76.0986
-76.1017
-76.1048
-76.1079
-76.1109
-76.1139
-76.1169
-76.1198
-76.1228
-76.1257
-76.1286
-76.1314
-76.1343
-76.1371
-76.1399
-76.1427
-76.1455
-76.1482
-76.1509
-76.1536
-76.1563
-76.1589
-76.1615
-76.1642
-76.1667
-76.1693
-76.1719
-76.1744
-76.1769
-76.1794
-76.1819
-76.1843
-76.1868
-76.1892
-76.1916
-76.1939
-76.1963
-76.1986
-76.201
-76.2033
-76.2056
-76.2078
-76.2101
-76.2123
-76.2145
-76.2167
-76.2189
-76.2211
-76.2232
-76.2254
-76.2275
-76.2296
-76.2317
-76.2337
-76.2358
-76.2378
-76.2398
-76.2418
-76.2438
-76.2458
-76.2478
-76.2497
-76.2516
-76.2536
-76.2554
-76.2573
-76.2592
-76.2611
-76.2629
-76.2647
-76.2665
-76.2683
-76.2701
-76.2719
-76.2737
-76.2754
-76.2771
-76.2788
-76.2806
-76.2822
-76.2839
-76.2856
-76.2872
-76.2889
-76.2905
-76.2921
-76.2937
-76.2953
-76.2969
-76.2985
-76.3
-76.3016
-76.3031
-76.3046
-76.3061
-76.3076
-76.3091
-76.3106
-76.312
-76.3135
-76.3149
-76.3164
-76.3178
-76.3192
-76.3206
-76.322
-76.3233
-76.3247
-76.3261
-76.3274
-76.3287
-76.33
-76.3314
-76.3327
-76.334
-76.3352
-76.3365
-76.3378
-76.339
-76.3403
-76.3415
-76.3427
-76.3439
-76.3452
-76.3464
-76.3475
-76.3487
-76.3499
-76.351
-76.3522
-76.3533
-76.3545
-76.3556
-76.3567
-76.3578
-76.3589
-76.36
-76.3611
-76.3622
-76.3632
-76.3643
-76.3654
-76.3664
-76.3674
-76.3685
-76.3695
-76.3705
-76.3715
-76.3725
-76.3735
-76.3745
-76.3754
-76.3764
-76.3774
-76.3783
-76.3793
-76.3802
-76.3811
-76.382
-76.383
-76.3839
-76.3848
-76.3857
-76.3866
-76.3874
-76.3883
-76.3892
-76.39
-76.3909
-76.3917
-76.3926
-76.3934
-76.3943
-76.3951
-76.3959
-76.3967
-76.3975
-76.3983
-76.3991
-76.3999
-76.4007
-76.4014
-76.4022
-76.403
-76.4037
-76.4045
-76.4052
-76.406
-76.4067
-76.4074
-76.4082
-76.4089
-76.4096
-76.4103
-76.411
-76.4117
-76.4124
-76.4131
-75.6512
-71.369
-67.6874
-64.9138
-62.7527
-60.9543
-59.2548
-57.2071
-52.8833
44.04
-9.08953
-40.214
-78.4238
-79.1288
-79.0318
-78.9139
-78.7844
-78.6436
-78.4917
-78.062
-75.9035
-74.5298
-73.7015
-73.0686
-72.5196
-72.0159
-71.544
-71.0994
-70.6815
-70.2908
-69.8359
-67.1846
-64.6857
-62.8098
-61.3208
-60.0292
-58.7541
-57.2193
-54.5542
-32.8813
7.22663
-28.8815
-74.4392
-79.6753
-79.7164
-79.6825
-79.6427
-79.5987
-79.5506
-79.4984
-79.4424
-79.3827
-79.3198
-79.2542
-79.1866
-79.1175
-79.0477
-78.9779
-78.9088
-78.8411
-78.7752
-78.7116
-78.6507
-78.5927
-76.9023
-72.3647
-68.7477
-66.0372
-63.9501
-62.2744
-60.8304
-59.4313
-57.7786
-54.9084
-20.038
6.57556
-28.964
-75.203
-78.99
-78.7349
-78.5758
-78.4079
-78.2259
-78.0299
-77.8205
-77.5989
-77.3666
-76.1703
-73.6981
-72.1929
-71.4168
-70.8545
-70.3917
-70.1916
-70.3594
-70.4335
-70.4314
-70.3912
-70.3337
-70.2909
-70.7329
-71.1353
-71.4098
-71.6016
-71.7398
-71.8425
-71.9214
-71.9841
-72.0357
-72.0797
-72.1185
-72.1538
-72.1868
-72.2183
-72.249
-72.2791
-72.3091
-72.3392
-72.3693
-72.3997
-72.4304
-72.4614
-72.4926
-72.5241
-72.5559
-72.5879
-72.62
-72.6524
-72.6848
-72.7174
-72.75
-72.7826
-72.8152
-72.8477
-72.8802
-72.9126
-72.9449
-72.977
-73.009
-73.0407
-73.0723
-73.1037
-73.1348
-73.1657
-73.1964
-73.2268
-73.2569
-73.2868
-73.3164
-73.3457
-73.3747
-73.4035
-73.432
-73.4602
-73.4881
-73.5157
-73.543
-73.5701
-73.5968
-73.6233
-73.6495
-73.6755
-73.7011
-73.7265
-73.7517
-73.7766
-73.8012
-73.8256
-73.8497
-73.8735
-73.8971
-73.9205
-73.9436
-73.9665
-73.9892
-74.0116
-74.0338
-74.0557
-72.6354
-68.6672
-65.4714
-63.0342
-61.063
-59.2657
-57.1911
-53.0846
45.4139
-7.74389
-39.1078
-78.1595
-79.0051
-78.8964
-78.7633
-78.6173
-78.4588
-78.2881
-78.1059
-77.9132
-76.4711
-74.1274
-72.6576
-71.6632
-70.8939
-70.2487
-69.6833
-69.1771
-68.7197
-68.3061
-67.933
-67.5986
-66.6729
-64.0389
-61.8269
-60.031
-58.3277
-56.1885
-50.966
36.5123
-15.5723
-49.6325
-79.1884
-79.6338
-79.5987
-79.5488
-79.4933
-79.4326
-79.3667
-79.2958
-79.2202
-79.1404
-79.0571
-78.971
-78.8831
-78.7941
-78.7052
-78.6171
-78.5308
-78.4469
-75.4578
-71.2828
-68.1619
-65.8329
-64.04
-62.6038
-61.3863
-61.0931
-61.6821
-62.2477
-62.7356
-63.1571
-63.5227
-63.842
-64.125
-64.3791
-64.6092
-64.8204
-65.0167
-64.2919
-61.917
-59.8931
-58.0362
-55.6853
-48.8799
27.2327
-20.1262
-59.2014
-79.339
-79.5656
-78.63
-77.9432
-77.6431
-77.382
-77.112
-76.8292
-76.5349
-76.2315
-75.922
-75.6097
-75.2978
-75.0425
-74.8353
-74.6349
-74.4425
-74.2608
-74.0913
-73.9348
-73.7917
-73.662
-73.5455
-73.4417
-73.3502
-73.3888
-73.5826
-73.7395
-73.8591
-73.9522
-74.0263
-74.0864
-74.1362
-74.1783
-74.2145
-74.2462
-74.2746
-74.3002
-74.3238
-74.3458
-74.3666
-74.3863
-74.4053
-74.4236
-74.4413
-74.4587
-74.4758
-74.4925
-74.509
-74.5254
-74.5415
-74.5575
-74.5733
-74.5891
-74.6047
-74.6201
-74.6355
-74.6508
-74.6659
-74.681
-74.6959
-74.7107
-74.7255
-74.7401
-74.7546
-74.769
-74.7833
-74.7975
-74.8116
-74.8256
-74.8395
-74.8532
-74.8669
-74.8804
-74.8938
-74.9072
-74.9204
-74.9335
-74.9465
-74.9593
-74.9721
-74.9847
-74.9973
-75.0097
-75.0221
-75.0343
-75.0464
-75.0584
-75.0703
-75.0821
-75.0938
-75.1054
-75.1169
-75.1283
-75.1396
-75.1507
-75.1618
-75.1728
-75.1837
-75.1945
-75.2052
-75.2158
-75.2263
-75.2368
-75.2471
-75.2573
-75.2675
-75.2775
-75.2875
-75.2974
-75.1541
-71.2778
-67.5397
-64.7188
-62.5249
-60.693
-58.9339
-56.7158
-51.1313
35.9411
-14.953
-49.1674
-78.7474
-78.9906
-78.8721
-78.7363
-78.5878
-78.4268
-78.2536
-78.0689
-77.8738
-77.3739
-74.693
-72.7408
-71.487
-70.5666
-69.8269
-69.1992
-68.6502
-68.1631
-67.7283
-67.3405
-66.9959
-65.4293
-62.9462
-60.9485
-59.2278
-57.4057
-54.5313
-30.1176
6.25046
-29.3437
-74.7769
-79.5889
-79.6125
-79.5657
-79.5118
-79.4525
-79.3879
-79.3181
-79.2433
-79.164
-79.0807
-78.9942
-78.9053
-78.815
-78.7242
-78.6338
-78.5448
-78.458
-78.3741
-78.2856
-78.0102
-77.7489
-77.5411
-77.3732
-77.2353
-77.1205
-77.024
-76.9422
-76.8725
-76.3862
-72.1922
-68.5144
-65.8249
-63.8026
-62.2115
-60.8649
-59.5868
-58.1345
-55.8684
-46.6173
21.9518
-21.8065
-64.273
-79.6575
-79.7807
-79.7555
-79.7243
-79.6897
-79.6516
-79.61
-79.1767
-76.2203
-74.407
-73.3576
-72.6029
-71.9818
-71.4337
-70.9341
-70.473
-70.0463
-69.0384
-66.3847
-64.216
-62.5764
-61.2532

