-70
-70.0758
-70.1508
-70.225
-70.2983
-70.3706
-70.4419
-70.5122
-70.5814
-70.6496
-70.7168
-70.7829
-70.848
-70.9121
-70.9752
-71.0373
-71.0984
-71.1586
-71.2178
-71.2761
-71.3334
-71.3899
-71.4455
-71.5003
-71.5543
-71.6074
-71.6598
-71.7114
-71.7623
-71.8124
-71.8619
-71.9106
-71.9587
-72.006
-72.0527
-72.0988
-72.1442
-72.1889
-72.2331
-72.2766
-72.3196
-72.362
-72.4038
-72.445
-72.4857
-72.5258
-72.5654
-72.6045
-72.6431
-72.6812
-72.7188
-72.756
-72.7927
-72.8289
-72.8647
-72.9
-72.9349
-72.9694
-73.0035
-73.0371
-73.0704
-73.1032
-73.1357
-73.1678
-73.1994
-73.2307
-73.2617
-73.2922
-73.3224
-73.3523
-73.3817
-73.4109
-73.4397
-73.4682
-73.4963
-73.5241
-73.5516
-73.5788
-73.6057
-73.6323
-73.6585
-73.6845
-73.7102
-73.7356
-73.7608
-73.7857
-73.8103
-73.8346
-73.8587
-73.8825
-73.9061
-73.9294
-73.9524
-73.9753
-73.9979
-74.0202
-74.0423
-74.0642
-74.0859
-74.1073
-74.1285
-74.1495
-74.1703
-74.1909
-74.2112
-74.2313
-74.2513
-74.271
-74.2905
-74.3098
-74.329
-74.3479
-74.3666
-74.3852
-74.4036
-74.4217
-74.4397
-74.4575
-74.4752
-74.4926
-74.5099
-74.527
-74.544
-74.5607
-74.5774
-74.5938
-74.6101
-74.6262
-74.6422
-74.658
-74.6736
-74.6891
-74.7045
-74.7197
-74.7347
-74.7496
-74.7644
-74.779
-74.7935
-74.8079
-74.8221
-74.8362
-74.8501
-74.864
-74.8777
-74.8913
-74.9047
-74.918
-74.9313
-74.9443
-74.9573
-74.9701
-74.9829
-74.9955
-75.008
-75.0204
-75.0327
-75.0448
-75.0569
-75.0688
-75.0806
-75.0924
-75.104
-75.1155
-75.1269
-75.1382
-75.1495
-75.1606
-75.1716
-75.1825
-75.1933
-75.204
-75.2147
-75.2252
-75.2356
-75.246
-75.2562
-75.2664
-75.2764
-75.2864
-75.2963
-75.3061
-75.3158
-75.3255
-75.335
-75.3445
-75.3538
-75.3631
-75.3724
-75.3815
-75.3906
-75.3995
-75.4084
-75.4172
-75.426
-75.4346
-75.4432
-75.4518
-75.4602
-75.4686
-75.4769
-75.4851
-75.4932
-75.5013
-75.5093
-75.5173
-75.5251
-75.533
-75.5407
-75.5484
-75.556
-75.5635
-75.571
-75.5784
-75.5858
-75.593
-75.6003
-75.6074
-75.6145
-75.6216
-75.6285
-75.6355
-75.6423
-75.6491
-75.6559
-75.6626
-75.6692
-75.6758
-75.6823
-75.6888
-75.6952
-75.7015
-75.7078
-75.7141
-75.7203
-75.7264
-75.7325
-75.7386
-75.7446
-75.7505
-75.7564
-75.7622
-75.768
-75.7738
-75.7795
-75.7851
-75.7907
-75.7963
-75.8018
-75.8072
-75.8127
-75.818
-75.8234
-75.8287
-75.8339
-75.8391
-75.8443
-75.8494
-75.8545
-75.8595
-75.8645
-75.8695
-75.8744
-75.8793
-75.8841
-75.8889
-75.8937
-75.8984
-75.9031
-75.9077
-75.9123
-75.9169
-75.9214
-75.9259
-75.9304
-75.9348
-75.9392
-75.9436
-75.9479
-75.9522
-75.9565
-75.9607
-75.9649
-75.969
-75.9731
-75.9772
-75.9813
-75.9853
-75.9893
-75.9933
-75.9972
-76.0011
-76.005
-76.0088
-76.0126
-76.0164
-76.0201
-76.0239
-76.0275
-76.0312
-76.0348
-76.0384
-76.042
-76.0456
-76.0491
-76.0526
-76.056
-76.0595
-76.0629
-76.0663
-76.0696
-76.0729
-76.0762
-76.0795
-76.0828
-76.086
-76.0892
-76.0924
-76.0955
-76.0986
-76.1017
-76.1048
-76.1079
-76.1109
-76.1139
-76.1169
-76.1198
-76.1228
-76.1257
-76.1286
-76.1314
-76.1343
-76.1371
-76.1399
-76.1427
-76.1455
-76.1482
-76.1509
-76.1536
-76.1563
-76.1589
-76.1615
-76.1642
-76.1667
-76.1693
-76.1719
-76.1744
-76.1769
-76.1794
-76.1819
-76.1843
-76.1868
-76.1892
-76.1916
-76.1939
-76.1963
-76.1986
-76.201
-76.2033
-76.2056
-76.2078
-76.2101
-76.2123
-76.2145
-76.2167
-76.2189
-76.2211
-76.2232
-76.2254
-76.2275
-76.2296
-76.2317
-76.2337
-76.2358
-76.2378
-76.2398
-76.2418
-76.2438
-76.2458
-76.2478
-76.2497
-76.2516
-76.2536
-76.2554
-76.2573
-76.2592
-76.2611
-76.2629
-76.2647
-76.2665
-76.2683
-76.2701
-76.2719
-76.2737
-76.2754
-76.2771
-76.2788
-76.2806
-76.2822
-76.2839
-76.2856
-76.2872
-76.2889
-76.2905
-76.2921
-76.2937
-76.2953
-76.2969
-76.2985
-76.3
-76.3016
-76.3031
-76.3046
-76.3061
-76.3076
-76.3091
-76.3106
-76.312
-76.3135
-76.3149
-76.3164
-76.3178
-76.3192
-76.3206
-76.322
-76.3233
-76.3247
-76.3261
-76.3274
-76.3287
-76.33
-76.3314
-76.3327
-76.334
-76.3352
-76.3365
-76.3378
-76.339
-76.3403
-76.3415
-76.3427
-76.3439
-76.3452
-76.3464
-76.3475
-76.3487
-76.3499
-76.351
-76.3522
-76.3533
-76.3545
-76.3556
-76.3567
-76.3578
-76.3589
-76.36
-76.3611
-76.3622
-76.3632
-76.3643
-76.3654
-76.3664
-76.3674
-76.3685
-76.3695
-76.3705
-76.3715
-76.3725
-76.3735
-76.3745
-76.3754
-76.3764
-76.3774
-76.3783
-76.3793
-76.3802
-76.3811
-76.382
-76.383
-76.3839
-76.3848
-76.3857
-76.3866
-76.3874
-76.3883
-76.3892
-76.39
-76.3909
-76.3917
-76.3926
-76.3934
-76.3943
-76.3951
-76.3959
-76.3967
-76.3975
-76.3983
-76.3991
-76.3999
-76.4007
-76.4014
-76.4022
-76.403
-76.4037
-76.4045
-76.4052
-76.406
-76.4067
-76.4074
-76.4082
-76.4089
-76.4096
-76.4103
-76.411
-76.4117
-76.4124
-76.4131
-76.4137
-76.4144
-76.4151
-72.663
-68.6821
-65.6705
-63.3528
-61.4712
-59.7744
-57.908
-54.8005
-3.08847
4.51303
-30.173
-75.7291
-79.0914
-79.0157
-78.8959
-78.7637
-78.6197
-78.464
-78.297
-78.1196
-76.4589
-74.2939
-73.1553
-72.6799
-72.3852
-72.1012
-71.829
-71.5723
-71.3334
-71.1131
-70.998
-71.2825
-71.4999
-71.6281
-72.0134
-72.4004
-72.6562
-72.9383
-73.3308
-73.6025
-73.7844
-73.9107
-74.0013
-74.0684
-74.1197
-74.1601
-74.193
-74.2205
-74.2442
-74.2652
-74.2843
-74.302
-74.3187
-74.3347
-74.3502
-72.9301
-69.0288
-65.9556
-63.6711
-61.8909
-60.3856
-58.9235
-57.13
-53.5619
45.2383
-4.53387
-36.0115
-78.1857
-79.7345
-79.7255
-79.6911
-79.6522
-79.6094
-78.6802
-76.4667
-75.3739
-74.725
-74.3123
-73.9598
-73.6119
-73.2721
-72.9439
-72.6305
-71.877
-69.1428
-66.9416
-65.3937
-64.2534
-63.378
-62.6807
-62.105
-64.0232
-66.8394
-68.6233
-70.1811
-71.1475
-71.7218
-72.08
-72.3134
-72.7587
-73.1267
-73.3673
-73.5515
-73.861
-74.0928
-74.3506
-74.685
-74.9272
-75.0733
-75.1991
-75.3192
-75.3958
-75.4451
-75.4784
-75.5019
-75.5193
-75.5326
-75.5433
-75.5522
-75.5599
-75.5668
-75.573
-75.5789
-75.5845
-75.59
-75.5953
-75.6006
-75.6059
-75.6112
-75.6165
-75.6218
-75.6272
-75.6326
-75.638
-75.6435
-75.6491
-75.6547
-75.6603
-75.666
-75.6717
-75.6774
-75.6831
-75.6889
-75.6947
-75.7004
-75.7062
-75.712
-75.7178
-75.7236
-75.7293
-75.7351
-75.7408
-75.7465
-75.7522
-75.7578
-75.7635
-75.7691
-75.7747
-75.7802
-75.7857
-75.7912
-75.7967
-75.8021
-75.8075
-75.8128
-75.8181
-75.8234
-75.8286
-75.8338
-75.839
-75.8441
-75.8492
-75.8542
-75.8593
-75.8642
-72.1828
-68.2765
-65.3208
-63.0403
-61.173
-59.4543
-57.4742
-53.735
46.0962
-4.23864
-35.9262
-77.7978
-79.0763
-78.9794
-78.8555
-78.7193
-78.5711
-78.4112
-78.2401
-78.0586
-77.1025
-74.5547
-72.8949
-71.8125
-70.9966
-70.6619
-70.4903
-70.4602
-70.6926
-70.8082
-70.8373
-70.8214
-70.7829
-68.9388
-66.4239
-64.6458
-63.3832
-62.4447
-61.7129
-61.1124
-60.5949
-60.1206
-59.6599
-60.3796
-62.6404
-64.823
-66.3796
-67.4857
-68.2883
-68.8844
-69.3371
-69.6887
-69.9673
-70.1926
-70.3782
-70.5339
-70.6668
-70.7823
-71.0126
-71.5838
-72.0602
-72.4272
-72.7151
-72.9449
-73.1309
-71.9184
-68.3803
-65.6701
-63.7183
-62.2521
-61.1339
-61.4655
-62.0551
-62.5567
-62.9802
-63.3425
-63.6553
-63.93
-64.1755
-64.3981
-64.6021
-64.7917
-64.9702
-64.0071
-61.7001
-59.7912
-58.0758
-56.0482
-51.7349
42.4247
-12.747
-44.8137
-78.7442
-79.4334
-79.3826
-79.3102
-77.7559
-76.8444
-76.4101
-76.0571
-75.7147
-75.3733
-75.0813
-74.8002
-74.5205
-74.2529
-74.1267
-74.01
-73.879
-73.7456
-73.6163
-73.5033
-73.6082
-73.7118
-73.7726
-73.8072
-73.826
-73.8357
-73.8402
-73.8419
-73.8426
-73.8432
-73.8444
-73.8465
-73.8497
-73.8543
-73.8601
-73.8672
-73.8756
-73.8852
-73.8959
-73.9076
-73.9202
-73.9516
-74.1457
-74.3287
-74.4744
-74.5919
-74.688
-74.7677
-74.8345
-74.8911
-74.9396
-74.9816
-75.0182
-75.0506
-75.0793
-75.1051
-75.1285
-75.1497
-75.1693
-75.1873
-75.2041
-75.2198
-75.2346
-75.2487
-75.262
-75.2748
-75.2871
-75.2989
-75.3103
-75.3214
-75.3321
-75.3426
-75.3529
-75.3629
-75.3728
-75.3824
-75.3919
-75.4013
-75.4105
-75.4196
-75.4285
-75.4374
-75.4461
-75.4547
-75.4633
-75.4717
-75.4801
-75.4883
-75.4965
-75.5046
-75.5127
-75.5206
-75.5285
-75.5363
-75.544
-75.5517
-75.5593
-75.5668
-75.5743
-75.5817
-75.589
-75.5962
-75.6034
-75.6106
-75.6177
-75.6247
-75.6316
-75.6385
-75.6454
-72.4221
-68.4592
-65.4429
-63.1223
-61.231
-59.5025
-57.5346
-53.9115
45.0704
-2.98862
-34.981
-77.5595
-79.0418
-78.9431
-78.815
-78.6743
-78.5213
-78.3562
-78.1795
-77.9923
-77.7959
-77.473
-74.631
-72.3537
-70.8726
-69.8017
-69.2823
-69.1485
-68.9954
-68.824
-69.1846
-69.5529
-70.0388
-70.6768
-71.0999
-71.374
-71.5575
-71.6843
-71.775
-71.9102
-72.3286
-72.6664
-72.9093
-73.2332
-73.5969
-73.8574
-74.1286
-74.4252
-74.6324
-74.7765
-74.88
-74.9566
-75.0147
-75.0601
-75.0963
-75.1259
-72.4904
-68.8495
-66.2341
-64.3588
-62.9614
-61.8669
-60.9522
-60.1226
-59.2867
-58.6115
-59.3774
-60.4065
-61.4081
-62.9125
-64.9051
-66.4102
-67.5086
-68.3241
-68.9419
-69.4191
-69.7948
-70.0959
-70.3414
-70.5449
-70.7162
-70.8627
-70.9896
-71.1012
-71.2006
-71.2901
-71.3717
-71.4468
-71.5167
-71.5822
-69.2537
-65.8757
-63.3009
-61.3019
-59.5947
-57.8561
-55.3788
-45.605
18.5944
-23.6892
-67.1945
-78.8235
-78.7506
-78.6015

