-70
-69.8623
-69.7285
-69.5983
-69.4718
-69.3487
-69.2291
-69.1128
-68.9997
-68.8897
-68.7828
-68.6789
-68.5778
-68.4795
-68.3839
-68.291
-68.2007
-68.1128
-68.0274
-67.9443
-67.8636
-67.7851
-67.7087
-67.6345
-67.5623
-67.4921
-67.4238
-67.3574
-67.2929
-67.2301
-67.1691
-67.1098
-67.0521
-66.996
-66.9414
-66.8884
-66.8368
-66.7866
-66.7378
-66.6904
-66.6443
-66.5994
-66.5558
-66.5133
-66.4721
-66.432
-66.393
-66.355
-66.3181
-66.2823
-66.2474
-66.2134
-66.1805
-66.1484
-66.1172
-66.0868
-66.0573
-66.0286
-66.0007
-65.9736
-65.9472
-65.9215
-65.8966
-65.8723
-65.8487
-65.8257
-65.8034
-65.7817
-65.7606
-65.74
-65.72
-65.7006
-65.6817
-65.6633
-65.6455
-65.6281
-65.6112
-65.5948
-65.5788
-65.5632
-65.5481
-65.5334
-65.5191
-65.5052
-65.4917
-65.4785
-65.4657
-65.4533
-65.4412
-65.4294
-65.418
-65.4068
-65.396
-65.3855
-65.3752
-65.3653
-65.3556
-65.3462
-65.337
-65.3281
-65.3194
-65.311
-65.3028
-65.2948
-65.2871
-65.2795
-65.2722
-65.2651
-65.2581
-65.2514
-65.2448
-65.2385
-65.2322
-65.2262
-65.2203
-65.2146
-65.2091
-65.2037
-65.1984
-65.1933
-65.1884
-65.1835
-65.1788
-65.1743
-65.1698
-65.1655
-65.1613
-65.1572
-65.1532
-65.1493
-65.1456
-65.1419
-65.1384
-65.1349
-65.1315
-65.1283
-65.1251
-65.122
-65.119
-65.1161
-65.1132
-65.1104
-65.1077
-65.1051
-65.1026
-65.1001
-65.0977
-65.0953
-65.0931
-65.0908
-65.0887
-65.0866
-65.0845
-65.0826
-65.0806
-65.0788
-65.0769
-65.0752
-65.0734
-65.0718
-65.0701
-65.0685
-65.067
-65.0655
-65.064
-65.0626
-65.0612
-65.0599
-65.0586
-65.0573
-65.0561
-65.0549
-65.0537
-65.0526
-65.0514
-65.0504
-65.0493
-65.0483
-65.0473
-65.0464
-65.0454
-65.0445
-65.0436
-65.0428
-65.0419
-65.0411
-65.0403
-65.0395
-65.0388
-65.0381
-65.0374
-65.0367
-65.036
-65.0353
-65.0347
-65.0341
-65.0335
-65.0329
-65.0323
-65.0318
-65.0313
-65.0307
-65.0302
-65.0297
-65.0293
-65.0288
-65.0283
-65.0279
-65.0275
-65.027
-65.0266
-65.0262
-65.0259
-65.0255
-65.0251
-65.0248
-65.0244
-65.0241
-65.0238
-65.0234
-65.0231
-65.0228
-65.0225
-65.0223
-65.022
-65.0217
-65.0215
-65.0212
-65.021
-65.0207
-65.0205
-65.0203
-65.02
-65.0198
-65.0196
-65.0194
-65.0192
-65.019
-65.0188
-65.0187
-65.0185
-65.0183
-65.0181
-65.018
-65.0178
-65.0177
-65.0175
-65.0174
-65.0172
-65.0171
-65.017
-65.0168
-65.0167
-65.0166
-65.0165
-65.0163
-65.0162
-65.0161
-65.016
-65.0159
-65.0158
-65.0157
-65.0156
-65.0155
-65.0154
-65.0153
-65.0153
-65.0152
-65.0151
-65.015
-65.0149
-65.0149
-65.0148
-65.0147
-65.0147
-65.0146
-65.0145
-65.0145
-65.0144
-65.0143
-65.0143
-65.0142
-65.0142
-65.0141
-65.0141
-65.014
-65.014
-65.0139
-65.0139
-65.0138
-65.0138
-65.0137
-65.0137
-65.0137
-65.0136
-65.0136
-65.0135
-65.0135
-65.0135
-65.0134
-65.0134
-65.0134
-65.0133
-65.0133
-65.0133
-65.0133
-65.0132
-65.0132
-65.0132
-65.0131
-65.0131
-65.0131
-65.0131
-65.0131
-65.013
-65.013
-65.013
-65.013
-65.0129
-65.0129
-65.0129
-65.0129
-65.0129
-65.0129
-65.0128
-65.0128
-65.0128
-65.0128
-65.0128
-65.0128
-65.0127
-65.0127
-65.0127
-65.0127
-65.0127
-65.0127
-65.0127
-65.0127
-65.0126
-65.0126
-65.0126
-65.0126
-65.0126
-65.0126
-65.0126
-65.0126
-65.0126
-65.0126
-65.0125
-65.0125
-65.0125
-65.0125
-65.0125
-65.0125
-65.0125
-65.0125
-65.0125
-65.0125
-65.0125
-65.0125
-65.0125
-65.0124
-65.0124
-65.0124
-65.0124
-65.0124
-65.0124
-65.0124
-65.0124
-65.0124
-65.0124
-65.0124
-65.0124
-65.0124
-65.0124
-65.0124
-65.0124
-65.0124
-65.0124
-65.0124
-65.0124
-65.0124
-65.0124
-65.0124
-65.0123
-65.0123
-65.0123
-65.0123
-65.0123
-65.0123
-65.0123
-65.0123
-65.0123
-65.0123
-65.0123
-65.0123
-65.0123
-65.0123
-65.0123
-65.0123
-65.0123
-65.0123
-65.0123
-65.0123
-65.0123
-65.0123
-65.0123
-65.0123
-65.0123
-65.0123
-65.0123
-65.0123
-65.0123
-65.0123
-65.0123
-65.0123
-65.0123
-65.0123
-65.0123
-65.0123
-65.0123
-65.0123
-65.0123
-65.0123
-65.0123
-65.0123
-65.0123
-65.0123
-65.0123
-65.0123
-65.0123
-65.0123
-65.0123
-65.0123
-65.0123
-65.0123
-65.0123
-65.0123
-65.0123
-65.0123
-65.0123
-65.0123
-65.0123
-65.0123
-65.0123
-65.0123
-65.0123
-65.0123
-65.0123
-65.0123
-65.0123
-65.0123
-65.0123
-65.0123
-65.0123
-65.0123
-65.0123
-65.0123
-64.8272
-64.6749
-64.5616
-64.4807
-64.4179
-64.3677
-64.3273
-64.2951
-64.2696
-64.2499
-64.2351
-64.2244
-64.2173
-64.2132
-64.2117
-64.2125
-64.2152
-64.2195
-64.2252
-64.2321
-64.2401
-64.2489
-64.2584
-64.2685
-64.2792
-64.2902
-64.3016
-64.3133
-64.3251
-64.3371
-64.3491
-64.3613
-64.3734
-64.3855
-64.3456
-64.2321
-64.1589
-64.1065
-64.0712
-64.0455
-64.027
-64.0142
-64.0062
-64.0021
-64.0014
-64.0034
-64.0079
-64.0143
-64.0224
-64.0319
-64.0426
-64.0543
-64.0443
-64.0027
-63.9793
-63.8958
-63.4359
-63.1181
-62.7883
-62.394
-61.9671
-61.2001
-60.5214
-59.723
-59.1434
-58.6594
-58.3013
-58.0243
-57.7264
-57.4386
-57.1859
-56.7417
-56.4331
-56.021
-55.6752
-55.4093
-55.2256
-55.0984
-55.015
-54.9623
-54.8644
-54.8139
-54.7968
-54.8102
-54.8455
-54.8574
-54.8948
-54.9522
-55.0277
-55.1162
-55.2155
-55.3238
-55.4397
-55.5621
-55.6899
-55.7955
-55.8932
-56.0047
-56.1253
-56.2527
-56.3843
-56.4879
-56.5449
-56.6199
-56.6873
-56.7189
-56.759
-56.8236
-56.9055
-56.9643
-57.0253
-57.1034
-57.194
-57.2793
-57.3331
-57.4083
-57.4641
-57.5249
-57.6016
-57.6455
-57.7048
-57.7784
-57.8603
-57.8829
-57.8061
-57.7408
-57.687
-57.6468
-57.4853
-57.2825
-57.1108
-56.9952
-56.8638
-56.6659
-56.4646
-56.2545
-56.0364
-55.8723
-55.7051
-55.4738
-55.1357
-54.7688
-54.3783
-54.0481
-53.7299
-53.5038
-53.3507
-53.2461
-53.1187
-53.032
-52.9897
-52.9838
-52.994
-53.0011
-53.0042
-53.041
-53.103
-53.1857
-53.2531
-53.3338
-53.4333
-53.5488
-53.6764
-53.8135
-53.9586
-54.1104
-54.2678
-54.4298
-54.5958
-54.7648
-54.9361
-55.109
-55.2829
-55.4575
-55.6323
-55.8071
-55.9812
-56.1545
-56.3265
-56.4972
-56.6663
-56.8336
-56.999
-57.1622
-57.3231
-57.4817
-57.6378
-57.7916
-57.9427
-58.0913
-58.2372
-58.3804
-58.5209
-58.6587
-58.7939
-58.9264
-59.0562
-59.1832
-59.3077
-59.4294
-59.5486
-59.6652
-59.7793
-59.8908
-59.9999
-60.1065
-60.2107
-60.3125
-60.412
-60.5092
-60.6041
-60.6968
-60.7874
-60.8759
-60.9622
-61.0465
-61.1289
-61.2092
-61.2876
-61.3642
-61.4389
-61.5118
-61.5829
-61.6524
-61.6964
-61.6058
-61.5517
-61.5257
-61.5231
-61.5329
-61.5512
-61.5761
-61.6061
-61.6402
-61.6682
-61.5742
-61.257
-60.9814
-60.7913
-60.3693
-59.7349
-59.0356
-58.4468
-57.798
-57.2735
-56.8889
-56.6062
-56.3836
-55.9113
-55.494
-55.1987
-54.9944
-54.854
-54.7452
-54.6141
-54.5353
-54.4955
-54.4897
-54.4849
-54.5006
-54.535
-54.559
-54.6103
-54.6804
-54.7387
-54.7737
-54.8048
-54.8524
-54.9155
-54.9184
-54.89
-54.9078
-54.9574
-55.0313
-55.0992
-55.1616
-55.2392
-55.2948
-55.3744
-55.3744
-55.3241
-55.2983
-55.3116
-55.3184
-55.3608
-55.3714
-55.3289
-55.2895
-55.2979
-55.3392
-55.404
-55.4853
-55.5798
-55.685
-55.7991
-55.9204
-56.0478
-56.1799
-56.316
-56.4551
-56.5966
-56.7399
-56.8435
-56.9226
-56.9316
-56.9193
-56.89
-56.8312
-56.738
-56.6523
-56.5419
-56.3678
-56.041
-55.817
-55.6139
-55.328
-55.0713
-54.8783
-54.7609
-54.6483
-54.4684
-54.3005
-54.0788
-53.9456
-53.8059
-53.6378
-53.4982
-53.3502
-53.2097
-53.1353
-53.1061
-53.113
-53.1468
-53.1847
-53.2238
-53.2226
-53.2506
-53.2689
-53.2933
-53.3392
-53.3559
-53.4089
-53.4639
-53.5302
-53.606
-53.6789
-53.7541
-53.8131
-53.8848
-53.9808
-54.0946
-54.2216
-54.3584
-54.5033
-54.6548
-54.8115
-54.9725
-55.1368
-55.3036
-55.4722
-55.6422
-55.813
-55.9839
-56.1546
-56.3247
-56.4939
-56.662
-56.8286
-56.9937
-57.1568
-57.3179
-57.4769
-57.6337
-57.7882
-57.9403
-58.0898
-58.2368
-58.3812
-58.523
-58.6622
-58.7987
-58.9326
-59.0639
-59.1924
-59.3183
-59.4416
-59.5623
-59.6804
-59.7959
-59.9089
-60.0194
-60.1275
-60.2331
-60.3363
-60.4371
-60.5356
-60.6318
-60.7258
-60.8176
-60.9073
-60.9948
-61.0803
-61.1637
-61.2451
-61.3246
-61.4022
-61.4779
-61.5517
-61.6238
-61.6941
-61.7628
-61.8297
-61.895
-61.9588
-62.021
-62.0816
-62.1408
-62.1985
-62.2548
-62.3097
-62.3633
-62.4155
-62.4665
-62.5162
-62.5647
-62.612
-62.6581
-62.7031
-62.6363
-62.5397
-62.481
-62.4484
-62.4329
-62.4278
-62.4304
-62.263
-62.0556
-61.8908
-61.6773
-61.5342
-61.431
-61.1905
-60.1346
-59.1295
-58.4048
-57.8903
-57.488
-57.0521
-56.7101
-56.2614
-55.9324
-55.6913
-55.5219
-55.4031
-55.3247
-55.2798
-55.2633
-55.271
-55.2451
-55.1766
-55.0876
-55.0151
-54.9685
-54.9645
-54.9901
-55.0387
-55.1048
-55.1855
-55.2784
-55.3817
-55.4937
-55.5798
-55.5863
-55.6015
-55.6506
-55.725
-55.8163
-55.8464
-55.8532
-55.8963
-55.9644
-56.051
-56.1227
-56.1925
-56.2483
-56.2839
-56.3276
-56.3964
-56.4822
-56.557
-56.5838
-56.631
-56.7001
-56.7864
-56.8837
-56.9887
-57.0999
-57.2159
-57.3357
-57.4584
-57.5833
-57.7097
-57.8371
-57.9651
-58.0852
-58.1362
-58.0364
-57.9973
-57.9564
-57.9494
-57.9706
-58.0126
-58.0692
-58.1367
-58.2129
-58.2961
-58.3849
-58.4639
-58.4595
-58.4464
-58.467
-58.5103
-58.5486
-58.4618
-58.3328
-58.2268
-58.0903
-57.9248
-57.6496
-57.3406
-57.0573
-56.6412
-56.2787
-55.8891
-55.42
-55.0355
-54.7319
-54.5259
-54.3543
-54.2332
-54.1386
-53.9175

