-70
-70.0758
-70.1508
-70.225
-70.2983
-70.3706
-70.4419
-70.5122
-70.5814
-70.6496
-70.7168
-70.7829
-70.848
-70.9121
-70.9752
-71.0373
-71.0984
-71.1586
-71.2178
-71.2761
-71.3334
-71.3899
-71.4455
-71.5003
-71.5543
-71.6074
-71.6598
-71.7114
-71.7623
-71.8124
-71.8619
-71.9106
-71.9587
-72.006
-72.0527
-72.0988
-72.1442
-72.1889
-72.2331
-72.2766
-72.3196
-72.362
-72.4038
-72.445
-72.4857
-72.5258
-72.5654
-72.6045
-72.6431
-72.6812
-72.7188
-72.756
-72.7927
-72.8289
-72.8647
-72.9
-72.9349
-72.9694
-73.0035
-73.0371
-73.0704
-73.1032
-73.1357
-73.1678
-73.1994
-73.2307
-73.2617
-73.2922
-73.3224
-73.3523
-73.3817
-73.4109
-73.4397
-73.4682
-73.4963
-73.5241
-73.5516
-73.5788
-73.6057
-73.6323
-73.6585
-73.6845
-73.7102
-73.7356
-73.7608
-73.7857
-73.8103
-73.8346
-73.8587
-73.8825
-73.9061
-73.9294
-73.9524
-73.9753
-73.9979
-74.0202
-74.0423
-74.0642
-74.0859
-74.1073
-74.1285
-74.1495
-74.1703
-74.1909
-74.2112
-74.2313
-74.2513
-74.271
-74.2905
-74.3098
-74.329
-74.3479
-74.3666
-74.3852
-74.4036
-74.4217
-74.4397
-74.4575
-74.4752
-74.4926
-74.5099
-74.527
-74.544
-74.5607
-74.5774
-74.5938
-74.6101
-74.6262
-74.6422
-74.658
-74.6736
-74.6891
-74.7045
-74.7197
-74.7347
-74.7496
-74.7644
-74.779
-74.7935
-74.8079
-74.8221
-74.8362
-74.8501
-74.864
-74.8777
-74.8913
-74.9047
-74.918
-74.9313
-74.9443
-74.9573
-74.9701
-74.9829
-74.9955
-75.008
-75.0204
-75.0327
-75.0448
-75.0569
-75.0688
-75.0806
-75.0924
-75.104
-75.1155
-75.1269
-75.1382
-75.1495
-75.1606
-75.1716
-75.1825
-75.1933
-75.204
-75.2147
-75.2252
-75.2356
-75.246
-75.2562
-75.2664
-75.2764
-75.2864
-75.2963
-75.3061
-75.3158
-75.3255
-75.335
-75.3445
-75.3538
-75.3631
-75.3724
-75.3815
-75.3906
-75.3995
-75.4084
-75.4172
-75.426
-75.4346
-75.4432
-75.4518
-75.4602
-75.4686
-75.4769
-75.4851
-75.4932
-75.5013
-75.5093
-75.5173
-75.5251
-75.533
-75.5407
-75.5484
-75.556
-75.5635
-75.571
-75.5784
-75.5858
-75.593
-75.6003
-75.6074
-75.6145
-75.6216
-75.6285
-75.6355
-75.6423
-75.6491
-75.6559
-75.6626
-75.6692
-75.6758
-75.6823
-75.6888
-75.6952
-75.7015
-75.7078
-75.7141
-75.7203
-75.7264
-75.7325
-75.7386
-75.7446
-75.7505
-75.7564
-75.7622
-75.768
-75.7738
-75.7795
-75.7851
-75.7907
-75.7963
-75.8018
-75.8072
-75.8127
-75.818
-75.8234
-75.8287
-75.8339
-75.8391
-75.8443
-75.8494
-75.8545
-75.8595
-75.8645
-75.8695
-75.8744
-75.8793
-75.8841
-75.8889
-75.8937
-75.8984
-75.9031
-75.9077
-75.9123
-75.9169
-75.9214
-75.9259
-75.9304
-75.9348
-75.9392
-75.9436
-75.9479
-75.9522
-75.9565
-75.9607
-75.9649
-75.969
-75.9731
-75.9772
-75.9813
-75.9853
-75.9893
-75.9933
-75.9972
-76.0011
-76.005
-76.0088
-76.0126
-76.0164
-76.0201
-76.0239
-76.0275
-76.0312
-76.0348
-76.0384
-76.042
-76.0456
-76.0491
-76.0526
-76.056
-76.0595
-76.0629
-76.0663
-76.0696
-76.0729
-76.0762
-76.0795
-76.0828
-76.086
-76.0892
-76.0924
-76.0955
-76.0986
-76.1017
-76.1048
-76.1079
-76.1109
-76.1139
-76.1169
-76.1198
-76.1228
-76.1257
-76.1286
-76.1314
-76.1343
-76.1371
-76.1399
-76.1427
-76.1455
-76.1482
-76.1509
-76.1536
-76.1563
-76.1589
-76.1615
-76.1642
-76.1667
-76.1693
-76.1719
-76.1744
-76.1769
-76.1794
-76.1819
-76.1843
-76.1868
-76.1892
-76.1916
-76.1939
-76.1963
-76.1986
-76.201
-76.2033
-76.2056
-76.2078
-76.2101
-76.2123
-76.2145
-76.2167
-76.2189
-76.2211
-76.2232
-76.2254
-76.2275
-76.2296
-76.2317
-76.2337
-76.2358
-76.2378
-76.2398
-76.2418
-76.2438
-76.2458
-76.2478
-76.2497
-76.2516
-76.2536
-76.2554
-76.2573
-76.2592
-76.2611
-76.2629
-76.2647
-76.2665
-76.2683
-76.2701
-76.2719
-76.2737
-76.2754
-76.2771
-76.2788
-76.2806
-76.2822
-76.2839
-76.2856
-76.2872
-76.2889
-76.2905
-76.2921
-76.2937
-76.2953
-76.2969
-76.2985
-76.3
-76.3016
-76.3031
-76.3046
-76.3061
-76.3076
-76.3091
-76.3106
-76.312
-76.3135
-76.3149
-76.3164
-76.3178
-76.3192
-76.3206
-76.322
-76.3233
-76.3247
-76.3261
-76.3274
-76.3287
-76.33
-76.3314
-76.3327
-76.334
-76.3352
-76.3365
-76.3378
-76.339
-76.3403
-76.3415
-76.3427
-76.3439
-76.3452
-76.3464
-76.3475
-76.3487
-76.3499
-76.351
-76.3522
-76.3533
-76.3545
-76.3556
-76.3567
-76.3578
-76.3589
-76.36
-76.3611
-76.3622
-76.3632
-76.3643
-76.3654
-76.3664
-76.3674
-76.3685
-76.3695
-76.3705
-76.3715
-76.3725
-76.3735
-76.3745
-76.3754
-76.3764
-76.3774
-76.3783
-76.3793
-76.3802
-76.3811
-76.382
-76.383
-76.3839
-76.3848
-76.3857
-76.3866
-76.3874
-76.3883
-76.3892
-76.39
-76.3909
-76.3917
-76.3926
-76.3934
-76.3943
-76.3951
-76.3959
-76.3967
-76.3975
-76.3983
-76.3991
-76.3999
-76.4007
-76.4014
-76.4022
-76.403
-76.4037
-76.4045
-76.4052
-76.406
-76.4067
-76.4074
-76.4082
-76.4089
-76.4096
-76.4103
-76.411
-76.4117
-76.4124
-76.4131
-76.4137
-76.4144
-76.4151
-76.4158
-76.4164
-76.4171
-76.4177
-76.4184
-76.419
-76.4196
-76.4203
-76.4209
-76.4215
-76.4221
-76.4227
-76.4234
-76.424
-76.4246
-76.4251
-76.4257
-76.4263
-76.4269
-76.4037
-76.3614
-76.3202
-76.2387
-76.1682
-76.1172
-76.0862
-76.0634
-76.0417
-76.0276
-76.0177
-76.0129
-76.0106
-76.0091
-76.0087
-76.0088
-76.0093
-76.01
-76.0109
-76.0115
-76.0115
-76.0119
-76.0126
-76.0135
-76.0145
-76.0157
-76.017
-76.0184
-76.02
-76.0214
-76.021
-76.0192
-76.0178
-76.0173
-76.0174
-76.0179
-76.0187
-76.0197
-76.0209
-76.0223
-76.0238
-76.0254
-76.0272
-76.0291
-76.0311
-76.0331
-76.0353
-76.0375
-76.0398
-76.0422
-76.0447
-76.0472
-76.0498
-76.0524
-76.0551
-76.0578
-76.0606
-76.0633
-76.0662
-76.069
-76.0719
-76.0748
-76.0777
-76.0806
-76.0835
-76.0864
-76.0894
-76.0923
-76.0952
-76.0941
-76.0877
-76.0826
-76.0771
-76.0677
-76.057
-76.0431
-76.0342
-76.027
-76.0207
-76.0165
-76.0133
-76.0116
-76.0095
-76.0083
-76.0076
-76.0076
-76.0076
-76.0077
-76.008
-76.0086
-76.0094
-76.0103
-76.0113
-76.0124
-76.0136
-76.0149
-76.0163
-76.0178
-76.0194
-76.0211
-76.0228
-76.0247
-76.0266
-76.0286
-76.0307
-76.0329
-76.0352
-76.0375
-76.0399
-76.0424
-76.0449
-76.047
-76.0453
-76.0436
-76.0426
-76.0423
-76.0425
-76.0431
-76.044
-76.0452
-76.0466
-76.0481
-76.0499
-76.0518
-76.0538
-76.056
-76.0582
-76.0605
-76.0629
-76.0654
-76.068
-76.0706
-76.0732
-76.0759
-76.0786
-76.0814
-76.0842
-76.087
-76.0898
-76.0926
-76.0955
-76.0983
-76.1012
-76.104
-76.1069
-76.1097
-76.1126
-76.1154
-76.1183
-76.1211
-76.1239
-76.1267
-76.1295
-76.1323
-76.1351
-76.1378
-76.1406
-76.1433
-76.146
-76.1487
-76.1514
-76.1541
-76.1567
-76.1593
-76.1619
-76.1645
-76.1671
-76.1696
-76.1722
-76.1747
-76.1772
-76.1797
-76.1821
-76.1846
-76.187
-76.1894
-76.1918
-76.1942
-76.1847
-76.169
-76.1565
-76.1464
-76.1206
-76.0917
-76.0678
-76.0527
-76.0433
-76.0374
-76.0311
-76.026
-76.0214
-76.0171
-76.0134
-76.0108
-76.0097
-76.0091
-76.0082
-76.0078
-76.008
-76.0084
-76.0091
-76.01
-76.0109
-76.012
-76.0132
-76.0144
-76.0158
-76.0173
-76.0188
-76.0204
-76.0222
-76.024
-76.0259
-76.0279
-76.03
-76.0321
-76.0343
-76.0366
-76.039
-76.0414
-76.0439
-76.0465
-76.0491
-76.0518
-76.0545
-76.0572
-76.06
-76.0628
-76.0656
-76.0685
-76.0714
-76.0743
-76.0772
-76.0801
-76.083
-76.086
-76.0889
-76.0919
-76.0948
-76.0978
-76.1007
-76.1036
-76.1065
-76.1095
-76.1124
-76.1153
-76.1181
-76.121
-76.1186
-76.1096
-76.1023
-76.0968
-76.0929
-76.09
-76.0846
-76.0758
-76.0692
-76.0646
-76.06
-76.0528
-76.0475
-76.0395
-76.0312
-76.0263
-76.0235
-76.022
-76.0214
-76.0212
-76.0184
-76.0159
-76.0139
-76.0121
-76.0111
-76.0101
-76.0098
-76.01
-76.0105
-76.0113
-76.0122
-76.0133
-76.0145
-76.0158
-76.0172
-76.0187
-76.0203
-76.022
-76.0238
-76.0257
-76.0276
-76.0297
-76.0318
-76.034
-76.0363
-76.0387
-76.0411
-76.0436
-76.0461
-76.0487
-76.0514
-76.0541
-76.0568
-76.0596
-76.0624
-76.0652
-76.068
-76.0709
-76.0738
-76.0767
-76.0797
-76.0826
-76.0855
-76.0885
-76.0914
-76.0944
-76.0973
-76.1002
-76.1032
-76.1061
-76.109
-76.1119
-76.1148
-76.1177
-76.1206
-76.1234
-76.1263
-76.1291
-76.1319
-76.1347
-76.1375
-76.1402
-76.143
-76.1457
-76.1484
-76.1511
-76.1538
-76.1564
-76.159
-76.1617
-76.1643
-76.1668
-76.1694
-76.1719
-76.1744
-76.177
-76.1794
-76.1819
-76.1843
-76.1868
-76.1892
-76.1916
-76.194
-76.1963
-76.1986
-76.201
-76.2033
-76.2056
-76.2078
-76.2101
-76.2123
-76.2145
-76.2167
-76.2189
-76.2211
-76.2232
-76.2254
-76.2275
-76.2296
-76.2316
-76.2337
-76.2358
-76.2378
-76.2398
-76.2418
-76.2438
-76.2458
-76.2478
-76.2497
-76.2516
-76.2535
-76.2401
-76.2187
-76.2015
-76.1881
-76.1776
-76.1638
-76.1416
-76.1045
-76.0742
-76.0525
-76.0397
-76.0321
-76.0253
-76.018
-76.0138
-76.0119
-76.0112
-76.0108
-76.0096
-76.0091
-76.0088
-76.0086
-76.0089
-76.0092
-76.0092
-76.0095
-76.0101
-76.0109
-76.0118
-76.0129
-76.0141
-76.0154
-76.0168
-76.0183
-76.0199
-76.0215
-76.0233
-76.0252
-76.0271
-76.0292
-76.0313
-76.0335
-76.0357
-76.0381
-76.0405
-76.043
-76.0455
-76.0481
-76.0507
-76.0534
-76.0561
-76.0589
-76.0617
-76.0645
-76.0673
-76.0702
-76.0731
-76.076
-76.0789
-76.0819
-76.0848
-76.0878
-76.0907
-76.0936
-76.0966
-76.0995
-76.1025
-76.1054
-76.1083
-76.1112
-76.1141
-76.117
-76.1199
-76.1227
-76.1256
-76.1284
-76.1312
-76.134
-76.1368
-76.1396
-76.1423
-76.145

