-70
-70.0758
-70.1508
-70.225
-70.2983
-70.3706
-70.4419
-70.5122
-70.5814
-70.6496
-70.7168
-70.7829
-70.848
-70.9121
-70.9752
-71.0373
-71.0984
-71.1586
-71.2178
-71.2761
-71.3334
-71.3899
-71.4455
-71.5003
-71.5543
-71.6074
-71.6598
-71.7114
-71.7623
-71.8124
-71.8619
-71.9106
-71.9587
-72.006
-72.0527
-72.0988
-72.1442
-72.1889
-72.2331
-72.2766
-72.3196
-72.362
-72.4038
-72.445
-72.4857
-72.5258
-72.5654
-72.6045
-72.6431
-72.6812
-72.7188
-72.756
-72.7927
-72.8289
-72.8647
-72.9
-72.9349
-72.9694
-73.0035
-73.0371
-73.0704
-73.1032
-73.1357
-73.1678
-73.1994
-73.2307
-73.2617
-73.2922
-73.3224
-73.3523
-73.3817
-73.4109
-73.4397
-73.4682
-73.4963
-73.5241
-73.5516
-73.5788
-73.6057
-73.6323
-73.6585
-73.6845
-73.7102
-73.7356
-73.7608
-73.7857
-73.8103
-73.8346
-73.8587
-73.8825
-73.9061
-73.9294
-73.9524
-73.9753
-73.9979
-74.0202
-74.0423
-74.0642
-74.0859
-74.1073
-74.1285
-74.1495
-74.1703
-74.1909
-74.2112
-74.2313
-74.2513
-74.271
-74.2905
-74.3098
-74.329
-74.3479
-74.3666
-74.3852
-74.4036
-74.4217
-74.4397
-74.4575
-74.4752
-74.4926
-74.5099
-74.527
-74.544
-74.5607
-74.5774
-74.5938
-74.6101
-74.6262
-74.6422
-74.658
-74.6736
-74.6891
-74.7045
-74.7197
-74.7347
-74.7496
-74.7644
-74.779
-74.7935
-74.8079
-74.8221
-74.8362
-74.8501
-74.864
-74.8777
-74.8913
-74.9047
-74.918
-74.9313
-74.9443
-74.9573
-74.9701
-74.9829
-74.9955
-75.008
-75.0204
-75.0327
-75.0448
-75.0569
-75.0688
-75.0806
-75.0924
-75.104
-75.1155
-75.1269
-75.1382
-75.1495
-75.1606
-75.1716
-75.1825
-75.1933
-75.204
-75.2147
-75.2252
-75.2356
-75.246
-75.2562
-75.2664
-75.2764
-75.2864
-75.2963
-75.3061
-75.3158
-75.3255
-75.335
-75.3445
-75.3538
-75.3631
-75.3724
-75.3815
-75.3906
-75.3995
-75.4084
-75.4172
-75.426
-75.4346
-75.4432
-75.4518
-75.4602
-75.4686
-75.4769
-75.4851
-75.4932
-75.5013
-75.5093
-75.5173
-75.5251
-75.533
-75.5407
-75.5484
-75.556
-75.5635
-75.571
-75.5784
-75.5858
-75.593
-75.6003
-75.6074
-75.6145
-75.6216
-75.6285
-75.6355
-75.6423
-75.6491
-75.6559
-75.6626
-75.6692
-75.6758
-75.6823
-75.6888
-75.6952
-75.7015
-75.7078
-75.7141
-75.7203
-75.7264
-75.7325
-75.7386
-75.7446
-75.7505
-75.7564
-75.7622
-75.768
-75.7738
-75.7795
-75.7851
-75.7907
-75.7963
-75.8018
-75.8072
-75.8127
-75.818
-75.8234
-75.8287
-75.8339
-75.8391
-75.8443
-75.8494
-75.8545
-75.8595
-75.8645
-75.8695
-75.8744
-75.8793
-75.8841
-75.8889
-75.8937
-75.8984
-75.9031
-75.9077
-75.9123
-75.9169
-75.9214
-75.9259
-75.9304
-75.9348
-75.9392
-75.9436
-75.9479
-75.9522
-75.9565
-75.9607
-75.9649
-75.969
-75.9731
-75.9772
-75.9813
-75.9853
-75.9893
-75.9933
-75.9972
-76.0011
-76.005
-76.0088
-76.0126
-76.0164
-76.0201
-76.0239
-76.0275
-76.0312
-76.0348
-76.0384
-76.042
-76.0456
-76.0491
-76.0526
-76.056
-76.0595
-76.0629
-76.0663
-76.0696
-76.0729
-76.0762
-76.0795
-76.0828
-76.086
-76.0892
-76.0924
-76.0955
-76.0986
-76.1017
-76.1048
-76.1079
-76.1109
-76.1139
-76.1169
-76.1198
-76.1228
-76.1257
-76.1286
-76.1314
-76.1343
-76.1371
-76.1399
-76.1427
-76.1455
-76.1482
-76.1509
-76.1536
-76.1563
-76.1589
-76.1615
-76.1642
-76.1667
-76.1693
-76.1719
-76.1744
-76.1769
-76.1794
-76.1819
-76.1843
-76.1868
-76.1892
-76.1916
-76.1939
-76.1963
-76.1986
-76.201
-76.2033
-76.2056
-76.2078
-76.2101
-76.2123
-76.2145
-76.2167
-76.2189
-76.2211
-76.2232
-76.2254
-76.2275
-76.2296
-76.2317
-76.2337
-76.2358
-76.2378
-76.2398
-76.2418
-76.2438
-76.2458
-76.2478
-76.2497
-76.2516
-76.2536
-76.2554
-76.2573
-76.2592
-76.2611
-76.2629
-76.2647
-76.2665
-76.2683
-76.2701
-76.2719
-76.2737
-76.2754
-76.2771
-76.2788
-76.2806
-76.2822
-76.2839
-76.2856
-76.2872
-76.2889
-76.2905
-76.2921
-76.2937
-76.2953
-76.2969
-76.2985
-76.3
-76.3016
-76.3031
-76.3046
-76.3061
-76.3076
-76.3091
-76.3106
-76.312
-76.3135
-76.3149
-76.3164
-76.3178
-76.3192
-76.3206
-76.322
-76.3233
-76.3247
-76.3261
-76.3274
-76.3287
-76.33
-76.3314
-76.3327
-76.334
-76.3352
-76.3365
-76.3378
-76.339
-76.3403
-76.3415
-76.3427
-76.3439
-76.3452
-76.3464
-76.3475
-76.3487
-76.3499
-76.351
-76.3522
-76.3533
-76.3545
-76.3556
-76.3567
-76.3578
-76.3589
-76.36
-76.3611
-76.3622
-76.3632
-76.3643
-76.3654
-76.3664
-76.3674
-76.3685
-76.3695
-76.3705
-76.3715
-76.3725
-76.3735
-76.3745
-76.3754
-76.3764
-76.3774
-76.3783
-76.3793
-76.3802
-76.3811
-76.382
-76.383
-76.3839
-76.3848
-76.3857
-76.3866
-76.3874
-76.3883
-76.3892
-76.39
-76.3909
-76.3917
-76.3926
-76.3934
-76.3943
-76.3951
-76.3959
-76.3967
-76.3975
-76.3983
-76.3991
-76.3999
-76.4007
-76.4014
-76.4022
-76.403
-76.4037
-76.4045
-76.4052
-76.406
-76.4067
-76.4074
-75.6458
-71.3644
-67.6835
-64.9104
-62.7495
-60.9512
-59.2514
-57.2021
-52.8667
43.9686
-9.01768
-40.3284
-78.3431
-78.9732
-78.8568
-78.7189
-78.5679
-78.4039
-78.2273
-78.0388
-76.9591
-74.8756
-73.6035
-72.7604
-72.0952
-71.519
-70.9971
-70.5157
-70.0694
-68.229
-65.8106
-63.9841
-62.5843
-61.8141
-62.3036
-62.7924
-63.1642
-63.4534
-63.6849
-63.9937
-64.182
-63.409
-62.8368
-62.4551
-62.1952
-62.0191
-61.9035
-61.8331
-61.7979
-61.792
-61.8111
-61.8523
-61.9133
-61.9921
-62.0864
-62.1945
-62.3151
-62.4471
-62.5892
-62.7405
-62.9
-63.0667
-63.239
-63.4153
-63.5947
-63.7765
-63.9601
-64.1449
-64.3299
-64.5143
-64.6975
-64.8792
-65.0591
-65.237
-65.4127
-65.5856
-65.7555
-65.9224
-65.8037
-63.1591
-60.7107
-58.6954
-56.6749
-53.6012
-26.1221
1.20451
-32.4846
-75.8198
-79.4917
-78.4975
-78.0545
-77.8107
-77.5702
-77.3165
-77.0492
-76.77
-76.4811
-76.1854
-75.8861
-75.5863
-75.2892
-74.9981
-74.7929
-74.635
-74.4817
-74.335
-74.1973
-74.07
-73.9537
-73.8823
-73.983
-74.0745
-74.1383
-74.184
-74.2175
-74.2429
-74.2629
-74.2792
-74.2933
-74.3059
-74.3176
-74.3289
-74.34
-74.3512
-74.3625
-74.3741
-74.386
-74.3981
-74.4106
-74.4234
-74.4366
-74.4499
-74.4636
-74.4774
-74.4915
-74.5057
-74.52
-74.5345
-74.5491
-74.5638
-74.5785
-74.5933
-74.6081
-74.6229
-74.6377
-74.6524
-74.6672
-74.6819
-74.6965
-74.7111
-74.7256
-74.74
-74.7544
-74.7687
-74.7829
-74.797
-74.811
-74.8249
-74.8388
-74.8525
-74.8661
-74.8796
-74.893
-74.9063
-74.9195
-74.9326
-74.9456
-74.9585
-74.9712
-74.9839
-74.9964
-75.0089
-75.0212
-75.0334
-75.0455
-75.0575
-75.0695
-75.0813
-75.093
-75.1046
-75.1161
-72.3764
-68.4075
-65.3609
-63.0205
-61.1121
-59.3589
-57.3292
-53.3709
46.078
-6.35023
-37.5633
-78.0061
-78.948
-78.8323
-78.6917
-78.5376
-78.3704
-78.1904
-77.9981
-77.534
-75.2542
-73.6827
-72.6996
-71.9607
-71.3405
-70.7898
-70.2881
-69.8266
-69.0208
-66.5099
-64.9092
-64.3114
-63.9115
-63.6096
-63.3775
-63.1984
-63.0616
-62.9597
-62.8871
-62.8403
-63.4799
-64.6496
-65.5845
-66.3068
-66.8732
-67.3247
-67.691
-67.9931
-68.2465
-68.4625
-68.6496
-68.8141
-68.9607
-69.0931
-69.214
-69.3259
-69.4303
-69.5286
-69.622
-69.7112
-67.5825
-64.4678
-62.0704
-60.1526
-58.3931
-56.2999
-51.8065
41.8292
-12.7635
-44.8699
-78.9193
-79.6412
-79.6142
-79.5665
-79.5132
-79.4548
-79.3915
-79.3233
-79.2506
-79.1739
-79.0938
-78.2777
-74.4973
-71.6879
-69.7932
-68.4169
-67.3603
-66.5163
-65.8233
-65.2433
-64.7525
-64.1506
-61.9523
-59.8329
-57.7998
-54.9023
-35.9253
9.37992
-27.7148
-73.3801
-79.5194
-79.5444
-78.5959
-77.8875
-77.5759
-77.3076
-77.0312
-76.7423
-76.4318
-76.1082
-75.8057
-75.515
-75.233
-74.9602
-74.6979
-74.4476
-74.2108
-73.9888
-73.8492
-73.8542
-73.8503
-73.8317
-73.806
-73.7774
-73.7489
-73.7219
-73.6976
-73.6764
-73.6586
-73.6443
-73.6334
-73.6258
-73.6212
-73.6196
-73.6206
-73.6241
-73.6298
-73.6375
-73.647
-73.6581
-73.6706
-73.6845
-73.6994
-73.7153
-73.7321
-73.7497
-73.7678
-73.7866
-73.8058
-73.8253
-73.8452
-73.8654
-73.8858
-73.9063
-73.927
-73.9477
-73.9685
-73.9893
-74.0101
-74.0309
-74.0516
-74.0723
-74.0928
-74.1133
-74.1337
-74.1539
-74.174
-74.194
-74.2138
-74.2335
-74.253
-74.2724
-74.2916
-74.3107
-74.3296
-74.3483
-74.3669
-74.3852
-74.4035
-74.4215
-74.4394
-74.4571
-74.4747
-74.4921
-74.5093
-74.5264
-74.5433
-74.56
-74.5766
-74.593
-74.6092
-74.6253
-72.766
-68.7476
-65.5782
-63.1573
-61.2003
-59.4259
-57.4126
-53.6566
45.909
-4.53955
-35.9854
-78.2374
-79.7163
-79.7022
-78.63
-77.8547
-77.53
-77.2561
-76.9756
-76.6829
-76.3791
-76.0669
-75.6539
-73.1308
-70.9712
-69.4978
-68.4088
-67.5512
-66.847
-66.2531
-65.7443
-65.305
-63.3285
-61.2341
-59.4729
-57.701
-55.1603
-44.1282
15.996
-24.8433
-69.2011
-78.8367
-78.6073
-78.4359
-78.2577
-78.066
-77.8609
-77.6435
-77.4151
-77.1112
-76.825
-76.5687
-76.3259
-76.092
-75.8663
-75.6494
-75.4425
-75.2466
-75.0627
-74.8914
-74.7331
-74.5879
-74.4558
-74.3366
-74.2297
-74.1347
-74.051
-73.9779
-73.9145
-73.8603
-73.8144
-73.7762
-73.7449
-73.7198
-73.7005
-73.6862
-73.6765
-73.6709
-73.6688
-73.67
-73.6739
-73.6803
-73.689
-73.6995
-73.7116
-73.7252
-73.7401
-73.756
-73.7728
-73.7904
-73.8087
-73.8275
-73.8468
-73.4767
-69.6489
-66.195
-63.584
-61.514
-59.6973
-57.7494
-54.5488
4.24051
2.82677
-31.0211
-76.4415
-79.6914
-79.1659
-78.3273
-78.0237
-77.7936
-77.5548
-77.302
-77.0359
-76.7584
-76.472
-75.7103
-73.0523
-71.046

