-70
-70.0758
-70.1508
-70.225
-70.2983
-70.3706
-70.4419
-70.5122
-70.5814
-70.6496
-70.7168
-70.7829
-70.848
-70.9121
-70.9752
-71.0373
-71.0984
-71.1586
-71.2178
-71.2761
-71.3334
-71.3899
-71.4455
-71.5003
-71.5543
-71.6074
-71.6598
-71.7114
-71.7623
-71.8124
-71.8619
-71.9106
-71.9587
-72.006
-72.0527
-72.0988
-72.1442
-72.1889
-72.2331
-72.2766
-72.3196
-72.362
-72.4038
-72.445
-72.4857
-72.5258
-72.5654
-72.6045
-72.6431
-72.6812
-72.7188
-72.756
-72.7927
-72.8289
-72.8647
-72.9
-72.9349
-72.9694
-73.0035
-73.0371
-73.0704
-73.1032
-73.1357
-73.1678
-73.1994
-73.2307
-73.2617
-73.2922
-73.3224
-73.3523
-73.3817
-73.4109
-73.4397
-73.4682
-73.4963
-73.5241
-73.5516
-73.5788
-73.6057
-73.6323
-73.6585
-73.6845
-73.7102
-73.7356
-73.7608
-73.7857
-73.8103
-73.8346
-73.8587
-73.8825
-73.9061
-73.9294
-73.9524
-73.9753
-73.9979
-74.0202
-74.0423
-74.0642
-74.0859
-74.1073
-74.1285
-74.1495
-74.1703
-74.1909
-74.2112
-74.2313
-74.2513
-74.271
-74.2905
-74.3098
-74.329
-74.3479
-74.3666
-74.3852
-74.4036
-74.4217
-74.4397
-74.4575
-74.4752
-74.4926
-74.5099
-74.527
-74.544
-74.5607
-74.5774
-74.5938
-74.6101
-74.6262
-74.6422
-74.658
-74.6736
-74.6891
-74.7045
-74.7197
-74.7347
-74.7496
-74.7644
-74.779
-74.7935
-74.8079
-74.8221
-74.8362
-74.8501
-74.864
-74.8777
-74.8913
-74.9047
-74.918
-74.9313
-74.9443
-74.9573
-74.9701
-74.9829
-74.9955
-75.008
-75.0204
-75.0327
-75.0448
-75.0569
-75.0688
-75.0806
-75.0924
-75.104
-75.1155
-75.1269
-75.1382
-75.1495
-75.1606
-75.1716
-75.1825
-75.1933
-75.204
-75.2147
-75.2252
-75.2356
-75.246
-75.2562
-75.2664
-75.2764
-75.2864
-75.2963
-75.3061
-75.3158
-75.3255
-75.335
-75.3445
-75.3538
-75.3631
-75.3724
-75.3815
-75.3906
-75.3995
-75.4084
-75.4172
-75.426
-75.4346
-75.4432
-75.4518
-75.4602
-75.4686
-75.4769
-75.4851
-75.4932
-75.5013
-75.5093
-75.5173
-75.5251
-75.533
-75.5407
-75.5484
-75.556
-75.5635
-75.571
-75.5784
-75.5858
-75.593
-75.6003
-75.6074
-75.6145
-75.6216
-75.6285
-75.6355
-75.6423
-75.6491
-75.6559
-75.6626
-75.6692
-75.6758
-75.6823
-75.6888
-75.6952
-75.7015
-75.7078
-75.7141
-75.7203
-75.7264
-75.7325
-75.7386
-75.7446
-75.7505
-75.7564
-75.7622
-75.768
-75.7738
-75.7795
-75.7851
-75.7907
-75.7963
-75.8018
-75.8072
-75.8127
-75.818
-75.8234
-75.8287
-75.8339
-75.8391
-75.8443
-75.8494
-75.8545
-75.8595
-75.8645
-75.8695
-75.8744
-75.8793
-75.8841
-75.8889
-75.8937
-75.8984
-75.9031
-75.9077
-75.9123
-75.9169
-75.9214
-75.9259
-75.9304
-75.9348
-75.9392
-75.9436
-75.9479
-75.9522
-75.9565
-75.9607
-75.9649
-75.969
-75.9731
-75.9772
-75.9813
-75.9853
-75.9893
-75.9933
-75.9972
-76.0011
-76.005
-76.0088
-76.0126
-76.0164
-76.0201
-76.0239
-76.0275
-76.0312
-76.0348
-76.0384
-76.042
-76.0456
-76.0491
-76.0526
-76.056
-76.0595
-76.0629
-76.0663
-76.0696
-76.0729
-76.0762
-76.0795
-76.0828
-76.086
-76.0892
-76.0924
-76.0955
-76.0986
-76.1017
-76.1048
-76.1079
-76.1109
-76.1139
-76.1169
-76.1198
-76.1228
-76.1257
-76.1286
-76.1314
-76.1343
-76.1371
-76.1399
-76.1427
-76.1455
-76.1482
-76.1509
-76.1536
-76.1563
-76.1589
-76.1615
-76.1642
-76.1667
-76.1693
-76.1719
-76.1744
-76.1769
-76.1794
-76.1819
-76.1843
-76.1868
-76.1892
-76.1916
-76.1939
-76.1963
-76.1986
-76.201
-76.2033
-76.2056
-76.2078
-76.2101
-76.2123
-76.2145
-76.2167
-76.2189
-76.2211
-76.2232
-76.2254
-76.2275
-76.2296
-76.2317
-76.2337
-76.2358
-76.2378
-76.2398
-76.2418
-76.2438
-76.2458
-76.2478
-76.2497
-76.2516
-76.2536
-76.2554
-76.2573
-76.2592
-76.2611
-76.2629
-76.2647
-76.2665
-76.2683
-76.2701
-76.2719
-76.2737
-76.2754
-76.2771
-76.2788
-76.2806
-76.2822
-76.2839
-76.2856
-76.2872
-76.2889
-76.2905
-76.2921
-76.2937
-76.2953
-76.2969
-76.2985
-76.3
-76.3016
-76.3031
-76.3046
-76.3061
-76.3076
-76.3091
-76.3106
-76.312
-76.3135
-76.3149
-76.3164
-76.3178
-76.3192
-76.3206
-76.322
-76.3233
-76.3247
-76.3261
-76.3274
-76.3287
-76.33
-76.3314
-76.3327
-76.334
-76.3352
-76.3365
-76.3378
-76.339
-76.3403
-76.3415
-76.3427
-76.3439
-76.3452
-76.3464
-76.3475
-76.3487
-76.3499
-76.351
-76.3522
-76.3533
-76.3545
-76.3556
-76.3567
-76.3578
-76.3589
-76.36
-76.3611
-76.3622
-76.3632
-76.3643
-76.3654
-76.3664
-76.3674
-76.3685
-76.3695
-76.3705
-76.3715
-76.3725
-76.3735
-76.3745
-76.3754
-76.3764
-76.3774
-76.3783
-76.3793
-76.3802
-76.3811
-76.382
-76.383
-76.3839
-76.3848
-74.8282
-70.5201
-67.0513
-64.4239
-62.3561
-60.6007
-58.8768
-56.6354
-50.5571
33.4334
-16.2327
-51.469
-79.4443
-79.7444
-79.7174
-79.6815
-79.6415
-79.5976
-79.5496
-79.4977
-79.442
-79.3828
-79.3206
-79.2558
-79.1891
-79.1212
-79.0527
-78.9844
-78.9168
-78.8506
-78.7864
-78.7245
-78.6652
-78.6089
-78.5556
-77.2989
-72.7326
-68.9791
-66.1661
-64.0021
-62.2666
-60.7703
-59.3098
-57.5423
-53.6831
46.1988
-5.01337
-36.2327
-78.0354
-79.3317
-79.2663
-79.1759
-79.076
-78.967
-78.8489
-78.722
-78.5869
-78.4445
-78.296
-78.1428
-77.9864
-77.8286
-77.671
-77.5155
-77.3635
-77.2165
-77.0756
-76.9419
-76.8159
-76.6983
-74.2496
-70.3661
-67.8799
-66.2307
-65.083
-64.258
-63.6929
-64.3559
-65.789
-67.1914
-68.1284
-68.7619
-69.2055
-69.5268
-69.7674
-69.9532
-70.1011
-70.2222
-70.3242
-69.5732
-66.5622
-64.2134
-63.5928
-63.4423
-63.3659
-63.3357
-63.3383
-63.3654
-63.4115
-63.4729
-63.5468
-63.6315
-63.7254
-63.8275
-63.9369
-64.0528
-64.1745
-64.3011
-64.4317
-63.6768
-61.3078
-59.2545
-57.2842
-54.4968
-39.5003
9.32516
-28.0744
-72.957
-79.0657
-78.5354
-78.2929
-78.093
-77.881
-77.6543
-77.4139
-77.1613
-76.8985
-76.6279
-76.3523
-76.0747
-75.8007
-75.5583
-75.3404
-75.1389
-74.9524
-74.7802
-74.6351
-74.6242
-74.6222
-74.6082
-74.5882
-74.5712
-74.6774
-74.8505
-75.1054
-75.2681
-75.3669
-75.4296
-75.471
-75.5039
-75.5645
-75.6271
-75.6875
-75.7273
-75.7536
-75.7719
-75.7852
-75.7952
-75.8031
-75.8096
-75.8151
-75.82
-75.8244
-75.8285
-75.8325
-75.8363
-75.84
-75.8437
-75.8474
-75.8511
-75.8549
-75.8586
-75.8624
-75.8663
-75.8701
-75.874
-75.878
-75.882
-75.886
-75.89
-75.8941
-75.8982
-75.9023
-75.9065
-75.9106
-75.9148
-75.9189
-75.9231
-75.9272
-75.9314
-75.9356
-75.9397
-75.9438
-75.948
-75.9521
-75.9562
-75.9602
-75.9643
-75.9684
-75.9724
-75.9764
-75.9804
-75.9843
-75.9883
-75.9922
-73.1653
-69.0745
-65.9359
-63.5344
-61.602
-59.8837
-58.0362
-55.0976
-25.6951
8.00873
-28.2032
-74.547
-79.4938
-78.7347
-78.4634
-78.2779
-78.0819
-77.8713
-77.6465
-77.4089
-77.1601
-76.2219
-73.7704
-72.0762
-70.9362
-70.0718
-69.3642
-68.7583
-68.2268
-67.755
-65.8446
-63.6281
-61.9147
-60.512
-59.2227
-57.8162
-55.7797
-49.7551
30.7489
-18.6171
-55.6958
-78.8178
-79.0115
-78.8977
-78.7658
-78.6219
-78.4662
-78.2991
-78.1215
-77.9346
-77.7398
-77.464
-77.1644
-76.9127
-76.6899
-76.4812
-76.2602
-76.0728
-75.9152
-75.7905
-75.6885
-75.6147
-75.5772
-75.5457
-75.517
-75.4915
-75.4689
-74.0097
-70.2751
-67.5697
-65.7265
-64.4264
-63.4765
-62.7575
-62.1932
-61.7363
-61.3517
-61.0169
-60.7178
-60.4378
-60.1635
-59.8855
-59.5936
-59.2657
-58.2485
-55.4317
-45.8723
18.8409
-23.602
-66.7187
-79.2669
-79.3527
-79.2767
-79.1887
-78.1296
-76.8724
-76.2815
-75.8623
-75.4745
-75.0907
-74.7067
-74.3238
-73.9449
-73.5737
-72.5046
-69.5848
-67.2754
-65.5967
-64.3196
-63.3075
-62.5988
-63.1594
-63.7786
-64.2439
-64.5999
-64.8791
-65.1049
-65.2933
-65.4554
-65.5989
-65.7296
-66.2001
-67.2748
-68.149
-68.819
-69.3415
-69.9719
-70.8651
-71.5466
-72.0494
-72.429
-72.7215
-72.9512
-73.1347
-73.2837
-73.4065
-73.5091
-73.5959
-73.6704
-73.7351
-73.7918
-73.8423
-73.8875
-74.0004
-74.2377
-74.4341
-74.5883
-74.7112
-74.8107
-74.8924
-74.9602
-75.0172
-75.0657
-75.1073
-75.1435
-75.1751
-75.203
-75.228
-75.2504
-75.2707
-75.2892
-75.3062
-75.322
-75.3368
-75.3506
-75.3636
-75.3759
-75.3877
-75.399
-75.4098
-75.4203
-75.4304
-75.4402
-75.4498
-75.4591
-75.4682
-75.4771
-75.4859
-75.4945
-75.5029
-75.5113
-75.5195
-75.5276
-75.5356
-75.5434
-75.5512
-75.5589
-75.5666
-75.5741
-72.3518
-68.3919
-65.3798
-63.0626
-61.172
-59.4378
-57.4453
-53.6778
46.1362
-4.55362
-35.9896
-78.2818
-79.729
-79.7153
-79.6794
-79.639
-79.5945
-79.5459
-79.1209
-76.3675
-74.7457
-73.822
-73.1464
-72.5758
-72.0601
-71.5808
-71.1314
-70.71
-68.3318
-65.9162
-64.1266
-62.7514
-61.6324
-60.6578
-59.734
-58.7561
-57.544
-54.3649
-19.1668
3.40298
-30.7902
-75.56
-79.2988
-79.272
-79.1839
-79.0854
-77.5555
-76.6839
-76.2195
-75.8316
-75.4547
-75.077
-74.7746
-74.4902
-74.2019
-73.9499
-73.3646
-70.7775
-69.3319
-68.6294
-68.1865
-67.8832
-67.6647
-67.5021
-67.3792
-67.2863
-67.2171
-67.1677
-67.1352
-67.1174
-67.6658
-68.4577
-69.0581
-69.5099
-69.8579
-70.1317
-70.3517
-70.5321
-70.6829
-70.8112
-70.9223
-71.02
-71.1074
-71.1866
-71.2594
-71.3269
-71.3902
-71.4502
-71.5075
-71.5625
-71.6156
-71.6672
-71.7174
-71.7666
-71.8147
-71.8621
-71.9086
-69.1272
-65.7052
-63.0981
-61.0409
-59.2255
-57.2305
-53.7127
39.2344
-3.07029
-34.91
-77.7521
-79.6687
-79.6593
-79.6171
-78.3441
-77.2814
-76.8221
-76.4716
-76.1311
-75.7854
-75.4335
-75.0779
-74.722
-72.725
-70.1836
-68.3769
-67.0579
-66.0419

