-70
-70.0758
-70.1508
-70.225
-70.2983
-70.3706
-70.4419
-70.5122
-70.5814
-70.6496
-70.7168
-70.7829
-70.848
-70.9121
-70.9752
-71.0373
-71.0984
-71.1586
-71.2178
-71.2761
-71.3334
-71.3899
-71.4455
-71.5003
-71.5543
-71.6074
-71.6598
-71.7114
-71.7623
-71.8124
-71.8619
-71.9106
-71.9587
-72.006
-72.0527
-72.0988
-72.1442
-72.1889
-72.2331
-72.2766
-72.3196
-72.362
-72.4038
-72.445
-72.4857
-72.5258
-72.5654
-72.6045
-72.6431
-72.6812
-72.7188
-72.756
-72.7927
-72.8289
-72.8647
-72.9
-72.9349
-72.9694
-73.0035
-73.0371
-73.0704
-73.1032
-73.1357
-73.1678
-73.1994
-73.2307
-73.2617
-73.2922
-73.3224
-73.3523
-73.3817
-73.4109
-73.4397
-73.4682
-73.4963
-73.5241
-73.5516
-73.5788
-73.6057
-73.6323
-73.6585
-73.6845
-73.7102
-73.7356
-73.7608
-73.7857
-73.8103
-73.8346
-73.8587
-73.8825
-73.9061
-73.9294
-73.9524
-73.9753
-73.9979
-74.0202
-74.0423
-74.0642
-74.0859
-74.1073
-74.1285
-74.1495
-74.1703
-74.1909
-74.2112
-74.2313
-74.2513
-74.271
-74.2905
-74.3098
-74.329
-74.3479
-74.3666
-74.3852
-74.4036
-74.4217
-74.4397
-74.4575
-74.4752
-74.4926
-74.5099
-74.527
-74.544
-74.5607
-74.5774
-74.5938
-74.6101
-74.6262
-74.6422
-74.658
-74.6736
-74.6891
-74.7045
-74.7197
-74.7347
-74.7496
-74.7644
-74.779
-74.7935
-74.8079
-74.8221
-74.8362
-74.8501
-74.864
-74.8777
-74.8913
-74.9047
-74.918
-74.9313
-74.9443
-74.9573
-74.9701
-74.9829
-74.9955
-75.008
-75.0204
-75.0327
-75.0448
-75.0569
-75.0688
-75.0806
-75.0924
-75.104
-75.1155
-75.1269
-75.1382
-75.1495
-75.1606
-75.1716
-75.1825
-75.1933
-75.204
-75.2147
-75.2252
-75.2356
-75.246
-75.2562
-75.2664
-75.2764
-75.2864
-75.2963
-75.3061
-75.3158
-75.3255
-75.335
-75.3445
-75.3538
-75.3631
-75.3724
-75.3815
-75.3906
-75.3995
-75.4084
-75.4172
-75.426
-75.4346
-75.4432
-75.4518
-75.4602
-75.4686
-75.4769
-75.4851
-75.4932
-75.5013
-75.5093
-75.5173
-75.5251
-75.533
-75.5407
-75.5484
-75.556
-75.5635
-75.571
-75.5784
-75.5858
-75.593
-75.6003
-75.6074
-75.6145
-75.6216
-75.6285
-75.6355
-75.6423
-75.6491
-75.6559
-75.6626
-75.6692
-75.6758
-75.6823
-75.6888
-75.6952
-75.7015
-75.7078
-75.7141
-75.7203
-75.7264
-75.7325
-75.7386
-75.7446
-75.7505
-75.7564
-75.7622
-75.768
-75.7738
-75.7795
-75.7851
-75.7907
-75.7963
-75.8018
-75.8072
-75.8127
-75.818
-75.8234
-75.8287
-75.8339
-75.8391
-75.8443
-75.8494
-75.8545
-75.8595
-75.8645
-75.8695
-75.8744
-75.8793
-75.8841
-75.8889
-75.8937
-75.8984
-75.9031
-75.9077
-75.9123
-75.9169
-75.9214
-75.9259
-75.9304
-75.9348
-75.9392
-75.9436
-75.9479
-75.9522
-75.9565
-75.9607
-75.9649
-75.969
-75.9731
-75.9772
-75.9813
-75.9853
-75.9893
-75.9933
-75.9972
-76.0011
-76.005
-76.0088
-76.0126
-76.0164
-76.0201
-76.0239
-76.0275
-76.0312
-76.0348
-76.0384
-76.042
-76.0456
-76.0491
-76.0526
-76.056
-76.0595
-76.0629
-76.0663
-76.0696
-76.0729
-76.0762
-76.0795
-76.0828
-76.086
-76.0892
-76.0924
-76.0955
-76.0986
-76.1017
-76.1048
-76.1079
-76.1109
-76.1139
-76.1169
-76.1198
-76.1228
-76.1257
-76.1286
-76.1314
-76.1343
-76.1371
-76.1399
-76.1427
-76.1455
-76.1482
-76.1509
-76.1536
-76.1563
-76.1589
-76.1615
-76.1642
-76.1667
-76.1693
-76.1719
-76.1744
-76.1769
-76.1794
-76.1819
-76.1843
-76.1868
-76.1892
-76.1916
-76.1939
-76.1963
-76.1986
-76.201
-76.2033
-76.2056
-76.2078
-76.2101
-76.2123
-76.2145
-76.2167
-76.2189
-76.2211
-76.2232
-76.2254
-76.2275
-76.2296
-76.2317
-76.2337
-76.2358
-76.2378
-76.2398
-76.2418
-76.2438
-76.2458
-76.2478
-76.2497
-76.2516
-76.2536
-76.2554
-76.2573
-76.2592
-76.2611
-76.2629
-76.2647
-76.2665
-76.2683
-76.2701
-76.2719
-76.2737
-76.2754
-76.2771
-76.2788
-76.2806
-76.2822
-76.2839
-76.2856
-76.2872
-76.2889
-76.2905
-76.2921
-76.2937
-76.2953
-76.2969
-76.2985
-76.3
-76.3016
-76.3031
-76.3046
-76.3061
-76.3076
-76.3091
-76.3106
-76.312
-76.3135
-76.3149
-76.3164
-76.3178
-76.3192
-76.3206
-76.322
-76.3233
-76.3247
-76.3261
-76.3274
-76.3287
-76.33
-76.3314
-76.3327
-76.334
-76.3352
-76.3365
-76.3378
-76.339
-76.3403
-76.3415
-76.3427
-76.3439
-76.3452
-76.3464
-76.3475
-76.3487
-76.3499
-76.351
-76.3522
-76.3533
-76.3545
-76.3556
-76.3567
-76.3578
-76.3589
-76.36
-76.3611
-76.3622
-76.3632
-76.3643
-76.3654
-76.3664
-76.3674
-76.3685
-76.3695
-76.3705
-76.3715
-76.3725
-76.3735
-76.3745
-76.3754
-76.3764
-76.3774
-76.3783
-76.3793
-76.3802
-76.3811
-76.382
-76.383
-76.3839
-76.3848
-76.3857
-76.3866
-76.3874
-76.3883
-76.3892
-76.39
-76.3909
-76.3917
-76.3926
-76.3934
-76.3943
-76.3951
-76.3959
-76.3967
-76.3975
-76.3983
-76.3991
-76.3999
-76.4007
-76.4014
-76.4022
-76.403
-76.4037
-76.4045
-76.4052
-76.406
-75.6444
-71.3632
-67.6824
-64.9095
-62.7487
-60.9504
-59.2505
-57.2008
-52.8624
43.9501
-9.03746
-40.2725
-78.4855
-78.8854
-78.7339
-78.5814
-78.4154
-78.2354
-78.042
-77.8357
-77.6179
-75.8395
-73.8578
-72.6306
-71.764
-71.0691
-70.4704
-69.9358
-69.4506
-69.0079
-68.6046
-68.2388
-67.9093
-67.7586
-68.3172
-68.814
-69.4168
-70.304
-70.9551
-69.0623
-66.7395
-65.1861
-64.1362
-63.4016
-62.8727
-62.4835
-62.1932
-61.9774
-61.8193
-61.706
-61.6297
-61.5854
-61.5695
-61.5792
-61.6124
-61.6675
-62.686
-64.1986
-65.4246
-66.391
-67.1589
-67.776
-68.2781
-68.6917
-69.0365
-69.3274
-69.5755
-69.7896
-69.9763
-70.1407
-70.287
-70.4182
-70.5372
-70.6459
-70.746
-70.8388
-70.9256
-71.0071
-71.0842
-71.1574
-70.2765
-66.7674
-63.8686
-61.6498
-59.8057
-58.0065
-55.6037
-47.932
24.0036
-21.4826
-62.4346
-78.8275
-78.6994
-78.5366
-78.3647
-78.1785
-77.9781
-77.7642
-77.538
-77.2123
-76.9194
-76.6583
-76.411
-76.1553
-75.9222
-75.7614
-75.6398
-75.5386
-75.4508
-75.3733
-75.3045
-75.2434
-75.1891
-75.1411
-75.0989
-75.103
-75.1577
-75.1966
-75.2222
-75.2395
-75.2517
-75.2605
-75.2673
-75.2729
-75.2778
-75.2823
-75.2867
-75.2912
-75.2958
-75.3006
-75.3056
-75.3108
-75.3164
-75.3221
-75.3281
-75.3343
-75.3408
-75.3474
-75.3542
-75.3612
-75.3683
-75.3756
-75.383
-75.3904
-75.398
-75.4056
-75.4133
-75.421
-75.4287
-75.4365
-75.4443
-75.4521
-75.46
-75.4678
-75.4756
-75.4833
-75.4911
-75.4989
-75.5066
-75.5142
-75.5219
-75.5295
-75.5371
-75.5446
-75.5521
-75.5595
-75.5669
-75.5742
-75.5815
-75.5887
-75.5959
-75.603
-75.6101
-75.6171
-75.6241
-75.631
-75.6379
-75.6447
-75.6514
-75.6581
-75.6648
-72.4383
-68.4717
-65.4529
-63.1306
-61.2385
-59.51
-57.5443
-53.9346
44.8855
-2.83369
-34.6576
-77.7115
-78.9112
-78.7384
-78.5856
-78.4196
-78.2397
-78.046
-77.8393
-77.6208
-76.9266
-74.5174
-72.8532
-71.7711
-70.9559
-70.283
-69.6986
-69.1777
-68.7081
-67.5432
-65.2031
-64.2213
-63.6966
-63.5082
-64.2825
-64.9287
-65.3724
-65.688
-65.9211
-66.1007
-65.2747
-63.3213
-62.8815
-62.9384
-63.0097
-63.0834
-63.1601
-63.2406
-63.3254
-63.4148
-63.5091
-63.9141
-65.1518
-66.17
-66.9336
-67.5173
-67.9727
-68.335
-68.6291
-68.8721
-69.0767
-69.2517
-69.404
-69.5386
-69.6594
-69.7691
-69.8699
-69.9637
-70.0517
-70.135
-70.2144
-70.2906
-70.3641
-70.4353
-70.5045
-70.5721
-70.6383
-70.7031
-70.7668
-68.1339
-64.8836
-62.3968
-60.4069
-58.5914
-56.451
-51.8633
41.5581
-12.661
-44.7752
-78.967
-79.4307
-78.4837
-78.1387
-77.9156
-77.6863
-77.4429
-77.1857
-76.9165
-76.6376
-76.3515
-75.5648
-72.7382
-70.5725
-69.0815
-67.9712
-67.097
-66.3819
-65.8178
-66.833
-67.9272
-68.6278
-69.2397
-70.0743
-70.9837
-71.7483
-72.23
-72.5402
-72.7479
-72.8921
-72.9957
-73.0728
-73.1322
-73.1794
-73.2184
-73.2516
-73.2809
-73.3073
-73.3319
-73.3552
-73.3776
-73.3995
-73.421
-73.4424
-73.4638
-73.4852
-73.5067
-73.5282
-73.55
-73.5947
-73.8448
-74.078
-74.2621
-74.4093
-74.5289
-74.6272
-74.709
-74.7779
-74.8365
-74.8868
-74.9305
-74.9687
-75.0025
-75.0326
-75.0596
-75.084
-75.1063
-75.1267
-75.1456
-75.1632
-75.1797
-75.1952
-75.2099
-75.2238
-75.2371
-75.2499
-75.2622
-75.2741
-75.2857
-75.2969
-75.3078
-75.3184
-75.3289
-75.3391
-75.3491
-75.3589
-75.3686
-75.3782
-75.3876
-75.3968
-75.406
-75.415
-75.4239
-75.4328
-75.4415
-75.4501
-75.4587
-75.4671
-75.4755
-75.4838
-75.492
-75.5001
-75.5082
-75.5162
-75.5241
-75.5319
-75.5397
-75.5474
-75.555
-75.5626
-75.5701
-75.5775
-74.4694
-70.2742
-66.8012
-64.1741
-62.103
-60.3296
-58.5458
-56.0826
-47.1863
23.2261
-21.2072
-62.8871
-78.943
-78.8206
-78.6742
-78.5164
-78.3448
-78.1594
-77.9606
-77.7496
-77.5275
-75.6756
-73.5735
-72.2526
-71.3217
-70.584
-69.9575
-69.4056
-68.9106
-68.4638
-67.0964
-64.6575
-63.2396
-62.9197
-63.4829
-64.3619
-64.9753
-65.3996
-65.7036
-65.9299
-66.1058
-66.2484
-66.3693
-67.0681
-67.9908
-68.6812
-69.1954
-69.2946
-66.7961
-64.6454
-63.6778
-63.7566
-63.8898
-64.0078
-64.117
-64.2214
-64.3231
-64.4239
-64.525
-64.6273
-64.7313
-64.8374
-64.9457
-65.0565
-65.1696
-65.2851
-65.4027
-65.522
-65.6428
-65.7651
-65.8884
-66.0128
-66.138
-66.2637
-66.3899
-66.5161
-66.6421
-66.7677
-66.8926
-67.0169
-67.1402
-67.2626
-67.3839
-67.504
-67.6228
-67.7402
-67.856
-66.8407
-63.8158
-61.3405
-59.3196
-57.3482
-54.5703
-40.7173
10.28
-27.681
-72.484
-79.5109
-79.4836
-78.2704
-77.7877
-77.5138
-77.2477
-76.97
-76.6798
-76.379
-76.0704
-75.6587
-73.0619
-70.8311
-69.3046

