-70
-70.0758
-70.1508
-70.225
-70.2983
-70.3706
-70.4419
-70.5122
-70.5814
-70.6496
-70.7168
-70.7829
-70.848
-70.9121
-70.9752
-71.0373
-71.0984
-71.1586
-71.2178
-71.2761
-71.3334
-71.3899
-71.4455
-71.5003
-71.5543
-71.6074
-71.6598
-71.7114
-71.7623
-71.8124
-71.8619
-71.9106
-71.9587
-72.006
-72.0527
-72.0988
-72.1442
-72.1889
-72.2331
-72.2766
-72.3196
-72.362
-72.4038
-72.445
-72.4857
-72.5258
-72.5654
-72.6045
-72.6431
-72.6812
-72.7188
-72.756
-72.7927
-72.8289
-72.8647
-72.9
-72.9349
-72.9694
-73.0035
-73.0371
-73.0704
-73.1032
-73.1357
-73.1678
-73.1994
-73.2307
-73.2617
-73.2922
-73.3224
-73.3523
-73.3817
-73.4109
-73.4397
-73.4682
-73.4963
-73.5241
-73.5516
-73.5788
-73.6057
-73.6323
-73.6585
-73.6845
-73.7102
-73.7356
-73.7608
-73.7857
-73.8103
-73.8346
-73.8587
-73.8825
-73.9061
-73.9294
-73.9524
-73.9753
-73.9979
-74.0202
-74.0423
-74.0642
-74.0859
-74.1073
-74.1285
-74.1495
-74.1703
-74.1909
-74.2112
-74.2313
-74.2513
-74.271
-74.2905
-74.3098
-74.329
-74.3479
-74.3666
-74.3852
-74.4036
-74.4217
-74.4397
-74.4575
-74.4752
-74.4926
-74.5099
-74.527
-74.544
-74.5607
-74.5774
-74.5938
-74.6101
-74.6262
-74.6422
-74.658
-74.6736
-74.6891
-74.7045
-74.7197
-74.7347
-74.7496
-74.7644
-74.779
-74.7935
-74.8079
-74.8221
-74.8362
-74.8501
-74.864
-74.8777
-74.8913
-74.9047
-74.918
-74.9313
-74.9443
-74.9573
-74.9701
-74.9829
-74.9955
-75.008
-75.0204
-75.0327
-75.0448
-75.0569
-75.0688
-75.0806
-75.0924
-75.104
-75.1155
-75.1269
-75.1382
-75.1495
-75.1606
-75.1716
-75.1825
-75.1933
-75.204
-75.2147
-75.2252
-75.2356
-75.246
-75.2562
-75.2664
-75.2764
-75.2864
-75.2963
-75.3061
-75.3158
-75.3255
-75.335
-75.3445
-75.3538
-75.3631
-75.3724
-75.3815
-75.3906
-75.3995
-75.4084
-75.4172
-75.426
-75.4346
-75.4432
-75.4518
-75.4602
-75.4686
-75.4769
-75.4851
-75.4932
-75.5013
-75.5093
-75.5173
-75.5251
-75.533
-75.5407
-75.5484
-75.556
-75.5635
-75.571
-75.5784
-75.5858
-75.593
-75.6003
-75.6074
-75.6145
-75.6216
-75.6285
-75.6355
-75.6423
-75.6491
-75.6559
-75.6626
-75.6692
-75.6758
-75.6823
-75.6888
-75.6952
-75.7015
-75.7078
-75.7141
-75.7203
-75.7264
-75.7325
-75.7386
-75.7446
-75.7505
-75.7564
-75.7622
-75.768
-75.7738
-75.7795
-75.7851
-75.7907
-75.7963
-75.8018
-75.8072
-75.8127
-75.818
-75.8234
-75.8287
-75.8339
-75.8391
-75.8443
-75.8494
-75.8545
-75.8595
-75.8645
-75.8695
-75.8744
-75.8793
-75.8841
-75.8889
-75.8937
-75.8984
-75.9031
-75.9077
-75.9123
-75.9169
-75.9214
-75.9259
-75.9304
-75.9348
-75.9392
-75.9436
-75.9479
-75.9522
-75.9565
-75.9607
-75.9649
-75.969
-75.9731
-75.9772
-75.9813
-75.9853
-75.9893
-75.9933
-75.9972
-76.0011
-76.005
-76.0088
-76.0126
-76.0164
-76.0201
-76.0239
-76.0275
-76.0312
-76.0348
-76.0384
-76.042
-76.0456
-76.0491
-76.0526
-76.056
-76.0595
-76.0629
-76.0663
-76.0696
-76.0729
-76.0762
-76.0795
-76.0828
-76.086
-76.0892
-76.0924
-76.0955
-76.0986
-76.1017
-76.1048
-76.1079
-76.1109
-76.1139
-76.1169
-76.1198
-76.1228
-76.1257
-76.1286
-76.1314
-76.1343
-76.1371
-76.1399
-76.1427
-76.1455
-76.1482
-76.1509
-76.1536
-76.1563
-76.1589
-76.1615
-76.1642
-76.1667
-76.1693
-76.1719
-76.1744
-76.1769
-76.1794
-76.1819
-76.1843
-76.1868
-76.1892
-76.1916
-76.1939
-76.1963
-76.1986
-76.201
-76.2033
-76.2056
-76.2078
-76.2101
-76.2123
-76.2145
-76.2167
-76.2189
-76.2211
-76.2232
-76.2254
-76.2275
-76.2296
-76.2317
-76.2337
-76.2358
-76.2378
-76.2398
-76.2418
-76.2438
-76.2458
-76.2478
-76.2497
-76.2516
-76.2536
-76.2554
-76.2573
-76.2592
-76.2611
-76.2629
-76.2647
-76.2665
-76.2683
-76.2701
-76.2719
-76.2737
-76.2754
-76.2771
-76.2788
-76.2806
-76.2822
-76.2839
-76.2856
-76.2872
-76.2889
-76.2905
-76.2921
-76.2937
-76.2953
-76.2969
-76.2985
-76.3
-76.3016
-76.3031
-76.3046
-76.3061
-76.3076
-76.3091
-76.3106
-76.312
-76.3135
-76.3149
-76.3164
-76.3178
-76.3192
-76.3206
-76.322
-76.3233
-76.3247
-76.3261
-76.3274
-76.3287
-76.33
-76.3314
-76.3327
-76.334
-76.3352
-76.3365
-76.3378
-76.339
-76.3403
-76.3415
-76.3427
-76.3439
-76.3452
-76.3464
-76.3475
-76.3487
-76.3499
-76.351
-76.3522
-76.3533
-76.3545
-76.3556
-76.3567
-76.3578
-76.3589
-76.36
-76.3611
-76.3622
-76.3632
-76.3643
-76.3654
-76.3664
-76.3674
-76.3685
-76.3695
-76.3705
-76.3715
-76.3725
-76.3735
-76.3745
-76.3754
-76.3764
-76.3774
-76.3783
-76.3793
-76.3802
-76.3811
-76.382
-76.383
-76.3839
-76.3848
-76.3857
-76.3866
-76.3874
-76.3883
-76.3892
-76.39
-76.3909
-76.3917
-76.3926
-76.3934
-76.3943
-76.3951
-76.3959
-76.3967
-76.3975
-76.3983
-76.3991
-76.3999
-76.4007
-76.4014
-76.4022
-76.403
-76.4037
-76.4045
-76.4052
-76.406
-76.4067
-76.4074
-76.4082
-76.4089
-76.4096
-76.4103
-76.411
-76.4117
-76.4124
-76.4131
-76.4137
-76.4144
-76.4151
-76.4158
-76.4164
-76.4171
-76.4177
-76.4184
-76.419
-76.4196
-76.4203
-76.4209
-76.4215
-76.4221
-76.4227
-76.4234
-76.424
-76.4246
-76.4251
-76.4257
-76.4189
-76.3769
-76.3269
-76.2668
-76.2224
-76.1904
-76.1668
-76.1409
-76.1149
-76.0941
-76.0733
-76.0592
-76.0501
-76.0441
-76.0402
-76.0377
-76.0363
-76.0357
-76.0356
-76.034
-76.0313
-76.0297
-76.029
-76.0288
-76.0291
-76.0298
-76.0308
-76.032
-76.0334
-76.035
-76.0368
-76.0386
-76.0407
-76.0428
-76.045
-76.0473
-76.0497
-76.0521
-76.0546
-76.0572
-76.0598
-76.0625
-76.0652
-76.068
-76.0708
-76.0736
-76.0764
-76.0793
-76.0822
-76.0851
-76.0879
-76.0909
-76.0938
-76.0967
-76.0996
-76.1025
-76.1054
-76.1083
-76.1112
-76.1141
-76.1169
-76.1198
-76.1226
-76.1255
-76.1283
-76.1311
-76.1339
-76.1367
-76.1394
-76.1422
-76.1414
-76.1304
-76.1147
-76.0975
-76.0851
-76.0763
-76.07
-76.0654
-76.057
-76.0503
-76.043
-76.0366
-76.0325
-76.0287
-76.0248
-76.0225
-76.0214
-76.021
-76.0211
-76.0217
-76.0225
-76.0236
-76.0234
-76.0227
-76.0226
-76.0229
-76.0236
-76.0246
-76.0258
-76.0271
-76.0287
-76.0304
-76.0322
-76.0341
-76.0362
-76.0383
-76.0405
-76.0428
-76.0452
-76.0477
-76.0502
-76.0528
-76.0554
-76.0581
-76.0608
-76.0636
-76.0664
-76.0692
-76.072
-76.0749
-76.0778
-76.0807
-76.0836
-76.0865
-76.0894
-76.0924
-76.0953
-76.0982
-76.1011
-76.104
-76.107
-76.1099
-76.1128
-76.1156
-76.1185
-76.1214
-76.1242
-76.127
-76.1299
-76.1327
-76.1355
-76.1382
-76.141
-76.1437
-76.1464
-76.1491
-76.1518
-76.1545
-76.1571
-76.1597
-76.1624
-76.1649
-76.1675
-76.1701
-76.1726
-76.1751
-76.1776
-76.1801
-76.1826
-76.185
-76.1874
-76.1898
-76.1922
-76.1946
-76.1969
-76.1993
-76.2016
-76.2039
-76.2062
-76.2084
-76.2107
-76.2129
-76.2151
-76.2173
-76.2195
-76.2216
-76.2238
-76.2259
-76.2165
-76.1974
-76.1761
-76.1487
-76.1281
-76.1132
-76.1023
-76.0942
-76.0883
-76.084
-76.081
-76.077
-76.0633
-76.0522
-76.0449
-76.0402
-76.0372
-76.0354
-76.0345
-76.0342
-76.0344
-76.035
-76.0359
-76.0371
-76.0384
-76.04
-76.0418
-76.0436
-76.0457
-76.0478
-76.05
-76.0523
-76.0547
-76.0572
-76.0597
-76.0623
-76.0649
-76.0676
-76.0704
-76.068
-76.0641
-76.0613
-76.0595
-76.0585
-76.0581
-76.0581
-76.0586
-76.0594
-76.0605
-76.0618
-76.0634
-76.0651
-76.0669
-76.0689
-76.071
-76.0733
-76.0756
-76.078
-76.0804
-76.0829
-76.0855
-76.0881
-76.0907
-76.0934
-76.0961
-76.0989
-76.1016
-76.1044
-76.1071
-76.1099
-76.1127
-76.1155
-76.1183
-76.121
-76.1238
-76.1266
-76.1264
-76.1174
-76.1092
-76.0949
-76.0829
-76.0744
-76.0683
-76.064
-76.0611
-76.0592
-76.0581
-76.0576
-76.0576
-76.0581
-76.058
-76.0534
-76.0458
-76.0402
-76.0367
-76.0345
-76.0333
-76.0328
-76.0328
-76.0333
-76.0341
-76.0352
-76.0365
-76.038
-76.0397
-76.0415
-76.0435
-76.0456
-76.0478
-76.05
-76.0524
-76.0548
-76.0573
-76.0599
-76.0625
-76.0646
-76.061
-76.0576
-76.0553
-76.0539
-76.0532
-76.0531
-76.0534
-76.054
-76.055
-76.0562
-76.0577
-76.0593
-76.0611
-76.0631
-76.0651
-76.0673
-76.0696
-76.0719
-76.0744
-76.0769
-76.0794
-76.082
-76.0847
-76.0874
-76.0901
-76.0928
-76.0956
-76.0983
-76.1011
-76.1039
-76.1067
-76.1095
-76.1123
-76.1151
-76.118
-76.1208
-76.1235
-76.1263
-76.1291
-76.1319
-76.1346
-76.1374
-76.1401
-76.1428
-76.1455
-76.1482
-76.1509
-76.1535
-76.1562
-76.1588
-76.1614
-76.164
-76.1666
-76.1691
-76.1717
-76.1742
-76.1767
-76.1791
-76.1816
-76.1841
-76.1865
-76.1889
-76.1913
-76.1937
-76.196
-76.1984
-76.2007
-76.203
-76.2053
-76.2075
-76.2098
-76.212
-76.2142
-76.2164
-76.2186
-76.2208
-76.2229
-76.2251
-76.2272
-76.2293
-76.2314
-76.2334
-76.2355
-76.2375
-76.2396
-76.2293
-76.209
-76.1895
-76.1604
-76.1376
-76.1211
-76.109
-76.1001
-76.0934
-76.0886
-76.0851
-76.0826
-76.081
-76.0789
-76.0702
-76.0584
-76.0499
-76.0443
-76.0407
-76.0353
-76.0311
-76.0285
-76.0271
-76.0265
-76.0265
-76.027
-76.0277
-76.0287
-76.03
-76.0315
-76.0331
-76.0349
-76.0367
-76.0388
-76.0409
-76.0431
-76.0454
-76.0478
-76.0502
-76.0527
-76.0553
-76.0579
-76.0606
-76.0633
-76.0661
-76.0689
-76.0717
-76.0745
-76.0774
-76.0803
-76.0832
-76.0861
-76.089
-76.0919
-76.0948
-76.0977
-76.1006
-76.1036
-76.1065
-76.1094
-76.1123
-76.1151
-76.118
-76.1209
-76.1237
-76.1265
-76.1294
-76.1322
-76.1349
-76.1377
-76.1405
-76.1432
-76.1459
-76.1486
-76.1513
-76.154
-76.1566
-76.1593
-76.1619
-76.1645
-76.167
-76.1696
-76.1721
-76.1747

