-70
-69.8623
-69.7285
-69.5983
-69.4718
-69.3487
-69.2291
-69.1128
-68.9997
-68.8897
-68.7828
-68.6789
-68.5778
-68.4795
-68.3839
-68.291
-68.2007
-68.1128
-68.0274
-67.9443
-67.8636
-67.7851
-67.7087
-67.6345
-67.5623
-67.4921
-67.4238
-67.3574
-67.2929
-67.2301
-67.1691
-67.1098
-67.0521
-66.996
-66.9414
-66.8884
-66.8368
-66.7866
-66.7378
-66.6904
-66.6443
-66.5994
-66.5558
-66.5133
-66.4721
-66.432
-66.393
-66.355
-66.3181
-66.2823
-66.2474
-66.2134
-66.1805
-66.1484
-66.1172
-66.0868
-66.0573
-66.0286
-66.0007
-65.9736
-65.9472
-65.9215
-65.8966
-65.8723
-65.8487
-65.8257
-65.8034
-65.7817
-65.7606
-65.74
-65.72
-65.7006
-65.6817
-65.6633
-65.6455
-65.6281
-65.6112
-65.5948
-65.5788
-65.5632
-65.5481
-65.5334
-65.5191
-65.5052
-65.4917
-65.4785
-65.4657
-65.4533
-65.4412
-65.4294
-65.418
-65.4068
-65.396
-65.3855
-65.3752
-65.3653
-65.3556
-65.3462
-65.337
-65.3281
-65.3194
-65.311
-65.3028
-65.2948
-65.2871
-65.2795
-65.2722
-65.2651
-65.2581
-65.2514
-65.2448
-65.2385
-65.2322
-65.2262
-65.2203
-65.2146
-65.2091
-65.2037
-65.1984
-65.1933
-65.1884
-65.1835
-65.1788
-65.1743
-65.1698
-65.1655
-65.1613
-65.1572
-65.1532
-65.1493
-65.1456
-65.1419
-65.1384
-65.1349
-65.1315
-65.1283
-65.1251
-65.122
-65.119
-65.1161
-65.1132
-65.1104
-65.1077
-65.1051
-65.1026
-65.1001
-65.0977
-65.0953
-65.0931
-65.0908
-65.0887
-65.0866
-65.0845
-65.0826
-65.0806
-65.0788
-65.0769
-65.0752
-65.0734
-65.0718
-65.0701
-65.0685
-65.067
-65.0655
-65.064
-65.0626
-65.0612
-65.0599
-65.0586
-65.0573
-65.0561
-65.0549
-65.0537
-65.0526
-65.0514
-65.0504
-65.0493
-65.0483
-65.0473
-65.0464
-65.0454
-65.0445
-65.0436
-65.0428
-65.0419
-65.0411
-65.0403
-65.0395
-65.0388
-65.0381
-65.0374
-65.0367
-65.036
-65.0353
-65.0347
-65.0341
-65.0335
-65.0329
-65.0323
-65.0318
-65.0313
-65.0307
-65.0302
-65.0297
-65.0293
-65.0288
-65.0283
-65.0279
-65.0275
-65.027
-65.0266
-65.0262
-65.0259
-65.0255
-65.0251
-65.0248
-65.0244
-65.0241
-65.0238
-65.0234
-65.0231
-65.0228
-65.0225
-65.0223
-65.022
-65.0217
-65.0215
-65.0212
-65.021
-65.0207
-65.0205
-65.0203
-65.02
-65.0198
-65.0196
-65.0194
-65.0192
-65.019
-65.0188
-65.0187
-65.0185
-65.0183
-65.0181
-65.018
-65.0178
-65.0177
-65.0175
-65.0174
-65.0172
-65.0171
-65.017
-65.0168
-65.0167
-65.0166
-65.0165
-65.0163
-65.0162
-65.0161
-65.016
-65.0159
-65.0158
-65.0157
-65.0156
-65.0155
-65.0154
-65.0153
-65.0153
-65.0152
-65.0151
-65.015
-65.0149
-65.0149
-65.0148
-65.0147
-65.0147
-65.0146
-65.0145
-65.0145
-65.0144
-65.0143
-65.0143
-65.0142
-65.0142
-65.0141
-65.0141
-65.014
-65.014
-65.0139
-65.0139
-65.0138
-65.0138
-65.0137
-65.0137
-65.0137
-65.0136
-65.0136
-65.0135
-65.0135
-65.0135
-65.0134
-65.0134
-65.0134
-65.0133
-65.0133
-65.0133
-65.0133
-65.0132
-65.0132
-65.0132
-65.0131
-65.0131
-65.0131
-65.0131
-65.0131
-65.013
-65.013
-65.013
-65.013
-65.0129
-65.0129
-65.0129
-65.0129
-65.0129
-65.0129
-65.0128
-65.0128
-65.0128
-65.0128
-65.0128
-65.0128
-65.0127
-65.0127
-65.0127
-65.0127
-65.0127
-65.0127
-65.0127
-65.0127
-65.0126
-65.0126
-65.0126
-65.0126
-65.0126
-65.0126
-65.0126
-65.0126
-65.0126
-65.0126
-65.0125
-65.0125
-65.0125
-65.0125
-65.0125
-65.0125
-65.0125
-65.0125
-65.0125
-65.0125
-65.0125
-65.0125
-65.0125
-65.0124
-65.0124
-65.0124
-65.0124
-65.0124
-65.0124
-65.0124
-65.0124
-65.0124
-65.0124
-65.0124
-65.0124
-65.0124
-65.0124
-65.0124
-65.0124
-65.0124
-65.0124
-65.0124
-65.0124
-65.0124
-65.0124
-65.0124
-65.0123
-65.0123
-65.0123
-65.0123
-65.0123
-65.0123
-65.0123
-65.0123
-65.0123
-65.0123
-65.0123
-65.0123
-65.0123
-65.0123
-65.0123
-65.0123
-65.0123
-65.0123
-65.0123
-65.0123
-65.0123
-65.0123
-65.0123
-65.0123
-65.0123
-65.0123
-65.0123
-65.0123
-65.0123
-65.0123
-65.0123
-65.0123
-65.0123
-65.0123
-65.0123
-65.0123
-65.0123
-65.0123
-65.0123
-65.0123
-65.0123
-65.0123
-65.0123
-65.0123
-65.0123
-65.0123
-65.0123
-65.0123
-65.0123
-65.0123
-65.0123
-65.0123
-65.0123
-65.0123
-65.0123
-65.0123
-65.0123
-65.0123
-65.0123
-65.0123
-65.0123
-65.0123
-65.0123
-65.0123
-65.0123
-65.0123
-65.0123
-65.0123
-65.0123
-65.0123
-65.0123
-65.0123
-65.0123
-65.0123
-64.8272
-64.6749
-64.5616
-64.4807
-64.4179
-64.3677
-64.3273
-64.2951
-64.2696
-64.2499
-64.2351
-64.2244
-64.2173
-64.2132
-64.2117
-64.2125
-64.2152
-64.2195
-64.2252
-64.2321
-64.2401
-64.2489
-64.2584
-64.2685
-64.2792
-64.2902
-64.3016
-64.3133
-64.3251
-64.3371
-64.3491
-64.3613
-64.3734
-64.3855
-64.3716
-64.3208
-64.2901
-64.2697
-64.2579
-64.2507
-64.2471
-64.2463
-64.2479
-64.2513
-64.2563
-64.2626
-64.27
-64.2783
-64.2873
-64.297
-64.3072
-64.3177
-64.3286
-64.2726
-64.2353
-64.2101
-64.0616
-63.9303
-63.6288
-63.1909
-62.7707
-62.0095
-61.4393
-60.8192
-60.304
-59.869
-59.5444
-59.2949
-59.0597
-58.8334
-58.6271
-58.3149
-58.0983
-57.8953
-57.7465
-57.6454
-57.582
-57.5475
-57.5363
-57.5448
-57.5698
-57.609
-57.6602
-57.7015
-57.7313
-57.739
-57.7722
-57.7621
-57.7144
-57.7098
-57.7321
-57.7764
-57.8344
-57.903
-57.9331
-57.9827
-58.0464
-58.1225
-58.199
-58.2393
-58.2927
-58.3159
-58.3652
-58.4284
-58.5035
-58.5858
-58.6737
-58.7659
-58.8613
-58.9593
-59.0592
-59.1604
-59.2625
-59.3651
-59.4679
-59.5705
-59.6728
-59.7745
-59.8755
-59.9755
-60.0384
-60.0946
-60.161
-60.1882
-60.2211
-60.2392
-60.245
-60.2726
-60.2485
-60.2189
-60.1265
-60.0482
-59.9559
-59.7847
-59.5425
-59.2528
-58.9728
-58.7182
-58.4103
-58.0582
-57.5962
-57.2813
-56.9725
-56.7357
-56.5455
-56.42
-56.3401
-56.2968
-56.2825
-56.2653
-56.2638
-56.288
-56.3034
-56.2959
-56.3101
-56.3182
-56.358
-56.3833
-56.4302
-56.4956
-56.5768
-56.6692
-56.7702
-56.8783
-56.9922
-57.1108
-57.2331
-57.3583
-57.4859
-57.6151
-57.7456
-57.8768
-58.0083
-58.1397
-58.2709
-58.4015
-58.5312
-58.66
-58.7876
-58.9138
-59.0385
-59.1616
-59.283
-59.4025
-59.5202
-59.6361
-59.7499
-59.8618
-59.9717
-60.0796
-60.1854
-60.2891
-60.3908
-60.4904
-60.588
-60.6836
-60.7771
-60.8687
-60.9582
-61.0458
-61.1314
-61.2151
-61.2969
-61.3769
-61.455
-61.5313
-61.6059
-61.6787
-61.7498
-61.8192
-61.887
-61.9532
-62.0177
-62.0808
-62.1423
-62.2023
-62.2609
-62.318
-62.3738
-62.4282
-62.4813
-62.5331
-62.5836
-62.6328
-62.665
-62.6547
-62.6622
-62.6777
-62.7003
-62.7223
-62.6903
-62.679
-62.6789
-62.6885
-62.7036
-62.7187
-62.5522
-62.3996
-62.2404
-62.0461
-61.6369
-61.0253
-60.4637
-59.8113
-59.28
-58.8921
-58.6056
-58.3811
-58.0964
-57.8219
-57.6153
-57.4717
-57.3758
-57.3157
-57.2841
-57.2764
-57.2888
-57.3183
-57.3623
-57.4136
-57.432
-57.4484
-57.4819
-57.4941
-57.4642
-57.4221
-57.3792
-57.3791
-57.3911
-57.3994
-57.396
-57.4219
-57.4402
-57.47
-57.5203
-57.5863
-57.664
-57.7504
-57.8438
-57.9428
-58.0463
-58.1535
-58.2634
-58.3756
-58.4893
-58.6042
-58.7197
-58.8355
-58.9513
-59.0667
-59.1816
-59.2956
-59.4088
-59.5208
-59.6316
-59.741
-59.849
-59.9555
-60.0604
-60.1636
-60.2652
-60.3649
-60.4161
-60.4147
-60.4419
-60.484
-60.5378
-60.5102
-60.4238
-60.2967
-60.2181
-60.1168
-60.034
-59.936
-59.8488
-59.7287
-59.5542
-59.3677
-59.2369
-59.0153
-58.78
-58.5385
-58.2378
-57.981
-57.739
-57.5646
-57.3606
-57.18
-57.0636
-56.995
-56.9623
-56.9505
-56.8584
-56.811
-56.7982
-56.8166
-56.8455
-56.8483
-56.8543
-56.88
-56.9021
-56.9478
-56.9358
-56.9599
-57.0068
-57.0736
-57.0983
-57.1239
-57.1745
-57.2439
-57.3268
-57.419
-57.5185
-57.6239
-57.734
-57.8477
-57.9644
-58.0832
-58.2036
-58.3251
-58.4473
-58.5697
-58.6921
-58.814
-58.9354
-59.0558
-59.1753
-59.2935
-59.4104
-59.5258
-59.6397
-59.752
-59.8625
-59.9714
-60.0783
-60.1835
-60.2867
-60.388
-60.4875
-60.585
-60.6805
-60.7742
-60.866
-60.9558
-61.0438
-61.1298
-61.214
-61.2963
-61.3768
-61.4555
-61.5324
-61.6075
-61.681
-61.7527
-61.8228
-61.8912
-61.958
-62.0233
-62.087
-62.1491
-62.2098
-62.269
-62.3268
-62.3832
-62.4382
-62.4919
-62.5443
-62.5953
-62.6452
-62.6938
-62.7412
-62.7875
-62.8326
-62.8766
-62.9196
-62.9615
-63.0023
-63.0421
-63.081
-63.1188
-63.1558
-63.1918
-63.2269
-63.2612
-63.2663
-63.2484
-63.2454
-63.2503
-63.1979
-63.0528
-62.9595
-62.8609
-62.7719
-62.7111
-62.6695
-62.5741
-62.4188
-62.2988
-62.0113
-61.7913
-61.6324
-61.5223
-60.9168
-60.1914
-59.6583
-59.2782
-58.9952
-58.6735
-58.4402
-58.1844
-57.9938
-57.8579
-57.7674
-57.7106
-57.6809
-57.6737
-57.6857
-57.7139
-57.7367
-57.6804
-57.6432
-57.6138
-57.5498
-57.5273
-57.5258
-57.4767
-57.4433
-57.3629
-57.3132
-57.3024
-57.3211
-57.3584
-57.3395
-57.2831
-57.2545
-57.2627
-57.2976
-57.3508
-57.4175
-57.495
-57.5815
-57.6752
-57.7749
-57.8794
-57.9878
-58.0993
-58.2132
-58.3288
-58.4121
-58.4911
-58.5811
-58.6787
-58.781
-58.886
-58.9927
-59.1004
-59.2087
-59.3173
-59.4257
-59.5337
-59.6411
-59.7477
-59.8533
-59.9577
-60.0609
-60.1626
-60.263
-60.3618
-60.459
-60.5059
-60.5595
-60.6216
-60.6906
-60.7627
-60.8363
-60.9109
-60.9859
-61.0275
-61.0552
-61.0567
-61.0605
-61.0825
-61.0726
-61.0236
-60.9935
-60.9075
-60.7901
-60.65
-60.2789
-59.9242
-59.5545
-59.2466
-58.9906
-58.7593
-58.4073
-58.0493
-57.6991
-57.4638
-57.2997
-57.1902
-57.1197
-57.0808

