-70
-69.8623
-69.7285
-69.5983
-69.4718
-69.3487
-69.2291
-69.1128
-68.9997
-68.8897
-68.7828
-68.6789
-68.5778
-68.4795
-68.3839
-68.291
-68.2007
-68.1128
-68.0274
-67.9443
-67.8636
-67.7851
-67.7087
-67.6345
-67.5623
-67.4921
-67.4238
-67.3574
-67.2929
-67.2301
-67.1691
-67.1098
-67.0521
-66.996
-66.9414
-66.8884
-66.8368
-66.7866
-66.7378
-66.6904
-66.6443
-66.5994
-66.5558
-66.5133
-66.4721
-66.432
-66.393
-66.355
-66.3181
-66.2823
-66.2474
-66.2134
-66.1805
-66.1484
-66.1172
-66.0868
-66.0573
-66.0286
-66.0007
-65.9736
-65.9472
-65.9215
-65.8966
-65.8723
-65.8487
-65.8257
-65.8034
-65.7817
-65.7606
-65.74
-65.72
-65.7006
-65.6817
-65.6633
-65.6455
-65.6281
-65.6112
-65.5948
-65.5788
-65.5632
-65.5481
-65.5334
-65.5191
-65.5052
-65.4917
-65.4785
-65.4657
-65.4533
-65.4412
-65.4294
-65.418
-65.4068
-65.396
-65.3855
-65.3752
-65.3653
-65.3556
-65.3462
-65.337
-65.3281
-65.3194
-65.311
-65.3028
-65.2948
-65.2871
-65.2795
-65.2722
-65.2651
-65.2581
-65.2514
-65.2448
-65.2385
-65.2322
-65.2262
-65.2203
-65.2146
-65.2091
-65.2037
-65.1984
-65.1933
-65.1884
-65.1835
-65.1788
-65.1743
-65.1698
-65.1655
-65.1613
-65.1572
-65.1532
-65.1493
-65.1456
-65.1419
-65.1384
-65.1349
-65.1315
-65.1283
-65.1251
-65.122
-65.119
-65.1161
-65.1132
-65.1104
-65.1077
-65.1051
-65.1026
-65.1001
-65.0977
-65.0953
-65.0931
-65.0908
-65.0887
-65.0866
-65.0845
-65.0826
-65.0806
-65.0788
-65.0769
-65.0752
-65.0734
-65.0718
-65.0701
-65.0685
-65.067
-65.0655
-65.064
-65.0626
-65.0612
-65.0599
-65.0586
-65.0573
-65.0561
-65.0549
-65.0537
-65.0526
-65.0514
-65.0504
-65.0493
-65.0483
-65.0473
-65.0464
-65.0454
-65.0445
-65.0436
-65.0428
-65.0419
-65.0411
-65.0403
-65.0395
-65.0388
-65.0381
-65.0374
-65.0367
-65.036
-65.0353
-65.0347
-65.0341
-65.0335
-65.0329
-65.0323
-65.0318
-65.0313
-65.0307
-65.0302
-65.0297
-65.0293
-65.0288
-65.0283
-65.0279
-65.0275
-65.027
-65.0266
-65.0262
-65.0259
-65.0255
-65.0251
-65.0248
-65.0244
-65.0241
-65.0238
-65.0234
-65.0231
-65.0228
-65.0225
-65.0223
-65.022
-65.0217
-65.0215
-65.0212
-65.021
-65.0207
-65.0205
-65.0203
-65.02
-65.0198
-65.0196
-65.0194
-65.0192
-65.019
-65.0188
-65.0187
-65.0185
-65.0183
-65.0181
-65.018
-65.0178
-65.0177
-65.0175
-65.0174
-65.0172
-65.0171
-65.017
-65.0168
-65.0167
-65.0166
-65.0165
-65.0163
-65.0162
-65.0161
-65.016
-65.0159
-65.0158
-65.0157
-65.0156
-65.0155
-65.0154
-65.0153
-65.0153
-65.0152
-65.0151
-65.015
-65.0149
-65.0149
-65.0148
-65.0147
-65.0147
-65.0146
-65.0145
-65.0145
-65.0144
-65.0143
-65.0143
-65.0142
-65.0142
-65.0141
-65.0141
-65.014
-65.014
-65.0139
-65.0139
-65.0138
-65.0138
-65.0137
-65.0137
-65.0137
-65.0136
-65.0136
-65.0135
-65.0135
-65.0135
-65.0134
-65.0134
-65.0134
-65.0133
-65.0133
-65.0133
-65.0133
-65.0132
-65.0132
-65.0132
-65.0131
-65.0131
-65.0131
-65.0131
-65.0131
-65.013
-65.013
-65.013
-65.013
-65.0129
-65.0129
-65.0129
-65.0129
-65.0129
-65.0129
-65.0128
-65.0128
-65.0128
-65.0128
-65.0128
-65.0128
-65.0127
-65.0127
-65.0127
-65.0127
-65.0127
-65.0127
-65.0127
-65.0127
-65.0126
-65.0126
-65.0126
-65.0126
-65.0126
-65.0126
-65.0126
-65.0126
-65.0126
-65.0126
-65.0125
-65.0125
-65.0125
-65.0125
-65.0125
-65.0125
-65.0125
-65.0125
-65.0125
-65.0125
-65.0125
-65.0125
-65.0125
-65.0124
-65.0124
-65.0124
-65.0124
-65.0124
-65.0124
-65.0124
-65.0124
-65.0124
-65.0124
-65.0124
-65.0124
-65.0124
-65.0124
-65.0124
-65.0124
-65.0124
-65.0124
-65.0124
-65.0124
-65.0124
-65.0124
-65.0124
-65.0123
-65.0123
-65.0123
-65.0123
-65.0123
-65.0123
-65.0123
-65.0123
-65.0123
-65.0123
-65.0123
-65.0123
-65.0123
-65.0123
-65.0123
-65.0123
-65.0123
-65.0123
-65.0123
-65.0123
-65.0123
-65.0123
-65.0123
-65.0123
-65.0123
-65.0123
-65.0123
-65.0123
-65.0123
-65.0123
-65.0123
-65.0123
-65.0123
-65.0123
-65.0123
-65.0123
-65.0123
-65.0123
-65.0123
-65.0123
-65.0123
-65.0123
-65.0123
-65.0123
-65.0123
-65.0123
-65.0123
-65.0123
-65.0123
-65.0123
-65.0123
-65.0123
-65.0123
-65.0123
-65.0123
-65.0123
-65.0123
-65.0123
-65.0123
-65.0123
-65.0123
-65.0123
-65.0123
-65.0123
-65.0123
-65.0123
-65.0123
-65.0123
-65.0123
-65.0123
-65.0123
-65.0123
-65.0123
-65.0123
-64.7657
-64.5631
-64.4124
-64.305
-64.2215
-64.1548
-64.1013
-64.0585
-64.0247
-63.9986
-63.9789
-63.9648
-63.9553
-63.9499
-63.9479
-63.9489
-63.9525
-63.9582
-63.9658
-63.975
-63.9855
-63.9972
-64.0098
-64.0233
-64.0374
-64.052
-64.0671
-64.0826
-64.0983
-64.1142
-64.1302
-64.1463
-64.1624
-64.1784
-64.0909
-63.8571
-63.704
-63.5923
-63.5149
-63.4565
-63.4123
-63.3796
-63.3565
-63.3413
-63.3327
-63.3299
-63.3318
-63.3377
-63.3472
-63.3595
-63.3743
-63.3912
-63.4098
-63.3637
-63.3371
-63.2184
-62.5094
-61.9997
-61.3599
-60.799
-60.3276
-59.3716
-58.6171
-57.6508
-56.8895
-56.1863
-55.6763
-55.285
-54.9049
-54.4985
-54.0906
-53.3963
-52.9042
-52.5359
-52.2677
-52.0631
-51.9081
-51.7819
-51.6695
-51.5943
-51.515
-51.4557
-51.4077
-51.3764
-51.3173
-51.2973
-51.2932
-51.2753
-51.2698
-51.2947
-51.3438
-51.4126
-51.4973
-51.5962
-51.7077
-51.806
-51.9031
-52.0187
-52.1483
-52.2895
-52.4335
-52.521
-52.6214
-52.7414
-52.8779
-52.9986
-53.1149
-53.248
-53.3852
-53.4894
-53.6157
-53.7235
-53.8418
-53.9606
-54.0209
-54.0982
-54.1919
-54.2541
-54.3066
-54.31
-54.2896
-54.3154
-54.3734
-54.4549
-54.5521
-54.6616
-54.739
-54.8225
-54.7985
-54.7944
-54.7804
-54.8118
-54.805
-54.573
-54.2397
-53.9115
-53.4623
-52.9963
-52.5267
-52.165
-51.71
-51.2
-50.6701
-50.1898
-49.7163
-49.2836
-48.8647
-48.467
-48.0436
-47.5557
-47.0784
-46.5738
-45.9964
-45.2749
-44.2738
-42.6247
-38.8511
-1.74351
27.1504
-17.7484
-46.7684
-58.2646
-61.3597
-62.3234
-62.6706
-62.7821
-62.7971
-62.7745
-62.74
-62.7047
-62.6731
-62.6467
-62.6259
-62.6103
-62.5996
-62.5932
-62.5907
-62.5916
-62.5955
-62.602
-62.6107
-62.6215
-62.634
-62.648
-62.6633
-62.6798
-62.6972
-62.7155
-62.7344
-62.7539
-62.7739
-62.7943
-62.815
-62.8359
-62.857
-62.8781
-62.8993
-62.9206
-62.9417
-62.9628
-62.9838
-63.0047
-63.0254
-63.0459
-63.0662
-63.0863
-63.1062
-63.1258
-63.1451
-63.1643
-63.1831
-63.2017
-63.22
-63.238
-63.2557
-63.2732
-63.2903
-63.3072
-63.3238
-63.3402
-63.3562
-63.372
-63.3875
-63.4028
-63.4178
-63.4325
-63.4469
-63.4612
-63.4751
-63.4797
-63.4361
-63.4112
-63.3952
-63.3871
-63.3794
-63.1764
-62.7664
-62.4138
-62.0368
-61.424
-60.592
-59.4392
-58.3707
-57.2446
-56.3425
-55.6698
-55.1106
-54.6825
-54.164
-53.7029
-53.3595
-53.1031
-52.9124
-52.7715
-52.672
-52.6076
-52.5738
-52.54
-52.5326
-52.5389
-52.5495
-52.5681
-52.5509
-52.5386
-52.5006
-52.4854
-52.4586
-52.467
-52.5056
-52.5693
-52.6518
-52.7496
-52.8605
-52.9768
-53.0683
-53.1807
-53.3066
-53.4448
-53.5761
-53.5778
-53.5703
-53.5804
-53.6338
-53.7141
-53.8135
-53.9266
-53.9836
-54.044
-54.1236
-54.1845
-54.2737
-54.3795
-54.4994
-54.6289
-54.7659
-54.909
-55.0569
-55.2087
-55.3635
-55.5206
-55.6392
-55.6806
-55.7016
-55.7617
-55.8211
-55.8347
-55.8321
-55.7404
-55.6663
-55.5318
-55.3756
-55.2371
-55.0935
-55.021
-54.9847
-54.9196
-54.812
-54.6122
-54.2858
-53.8304
-53.3517
-52.9897
-52.6164
-52.2827
-51.9149
-51.4805
-51.0667
-50.6686
-50.2807
-49.9877
-49.7265
-49.4775
-49.2479
-49.0514
-48.8518
-48.6734
-48.4674
-48.2553
-48.002
-47.7501
-47.4356
-47.0622
-46.6493
-46.1735
-45.5522
-44.7108
-43.4179
-40.9095
-31.0455
41.6479
-4.02003
-38.3495
-57.518
-62.6879
-64.231
-64.7786
-64.9709
-65.0187
-65.0069
-64.9714
-64.9275
-64.8819
-64.8372
-64.7946
-64.7544
-64.7167
-64.6814
-64.6483
-64.6173
-64.5882
-64.5609
-64.5353
-64.5112
-64.4886
-64.4673
-64.4473
-64.4284
-64.4107
-64.3939
-64.3781
-64.3632
-64.3491
-64.3357
-64.3231
-64.3112
-64.3
-64.2893
-64.2792
-64.2696
-64.2606
-64.252
-64.2439
-64.2362
-64.2289
-64.2219
-64.2154
-64.2092
-64.2033
-64.1977
-64.1924
-64.1875
-64.1828
-64.1783
-64.1741
-64.1701
-64.1664
-64.1629
-64.1596
-64.1565
-64.1536
-64.1509
-64.1484
-64.146
-64.1438
-64.1418
-64.1399
-64.1382
-64.1367
-64.1352
-64.1339
-64.1328
-64.1318
-64.1309
-64.1301
-64.1295
-64.1289
-64.1285
-64.0568
-63.8141
-63.4375
-63.167
-62.9106
-62.7214
-62.5739
-62.4289
-61.9868
-61.5113
-61.114
-60.5805
-60.1688
-59.8595
-59.535
-58.4138
-57.2607
-56.4129
-55.8043
-55.3248
-54.7358
-54.2926
-53.9553
-53.7054
-53.4917
-53.3277
-53.2116
-53.1363
-53.0945
-53.0811
-53.0864
-52.9914
-52.7327
-52.5003
-52.2988
-52.151
-52.0632
-51.9732
-51.8563
-51.7592
-51.7054
-51.657
-51.649
-51.6692
-51.712
-51.7013
-51.7269
-51.7787
-51.8548
-51.9488
-52.0218
-52.0762
-52.1593
-52.2632
-52.3843
-52.4928
-52.6004
-52.7145
-52.8215
-52.9129
-53.0274
-53.158
-53.2795
-53.392
-53.523
-53.6663
-53.8193
-53.9789
-54.1437
-54.3125
-54.4846
-54.6591
-54.8355
-55.0128
-55.1907
-55.3686
-55.5463
-55.7074
-55.8446
-55.9924
-56.1052
-56.2196
-56.2964
-56.3525
-56.4286
-56.5235
-56.6314
-56.7472
-56.8683
-56.9935
-57.1135
-57.1768
-57.1889
-57.2264
-57.2417
-57.2708
-57.173
-56.9436
-56.625
-56.1477
-55.7332
-55.3349
-54.9104
-54.4221
-53.9546
-53.5934
-53.132
-52.591
-51.9934
-51.5117
-51.1358
-50.8277
-50.5615
-50.3229
-50.1323

