-70
-69.8623
-69.7285
-69.5983
-69.4718
-69.3487
-69.2291
-69.1128
-68.9997
-68.8897
-68.7828
-68.6789
-68.5778
-68.4795
-68.3839
-68.291
-68.2007
-68.1128
-68.0274
-67.9443
-67.8636
-67.7851
-67.7087
-67.6345
-67.5623
-67.4921
-67.4238
-67.3574
-67.2929
-67.2301
-67.1691
-67.1098
-67.0521
-66.996
-66.9414
-66.8884
-66.8368
-66.7866
-66.7378
-66.6904
-66.6443
-66.5994
-66.5558
-66.5133
-66.4721
-66.432
-66.393
-66.355
-66.3181
-66.2823
-66.2474
-66.2134
-66.1805
-66.1484
-66.1172
-66.0868
-66.0573
-66.0286
-66.0007
-65.9736
-65.9472
-65.9215
-65.8966
-65.8723
-65.8487
-65.8257
-65.8034
-65.7817
-65.7606
-65.74
-65.72
-65.7006
-65.6817
-65.6633
-65.6455
-65.6281
-65.6112
-65.5948
-65.5788
-65.5632
-65.5481
-65.5334
-65.5191
-65.5052
-65.4917
-65.4785
-65.4657
-65.4533
-65.4412
-65.4294
-65.418
-65.4068
-65.396
-65.3855
-65.3752
-65.3653
-65.3556
-65.3462
-65.337
-65.3281
-65.3194
-65.311
-65.3028
-65.2948
-65.2871
-65.2795
-65.2722
-65.2651
-65.2581
-65.2514
-65.2448
-65.2385
-65.2322
-65.2262
-65.2203
-65.2146
-65.2091
-65.2037
-65.1984
-65.1933
-65.1884
-65.1835
-65.1788
-65.1743
-65.1698
-65.1655
-65.1613
-65.1572
-65.1532
-65.1493
-65.1456
-65.1419
-65.1384
-65.1349
-65.1315
-65.1283
-65.1251
-65.122
-65.119
-65.1161
-65.1132
-65.1104
-65.1077
-65.1051
-65.1026
-65.1001
-65.0977
-65.0953
-65.0931
-65.0908
-65.0887
-65.0866
-65.0845
-65.0826
-65.0806
-65.0788
-65.0769
-65.0752
-65.0734
-65.0718
-65.0701
-65.0685
-65.067
-65.0655
-65.064
-65.0626
-65.0612
-65.0599
-65.0586
-65.0573
-65.0561
-65.0549
-65.0537
-65.0526
-65.0514
-65.0504
-65.0493
-65.0483
-65.0473
-65.0464
-65.0454
-65.0445
-65.0436
-65.0428
-65.0419
-65.0411
-65.0403
-65.0395
-65.0388
-65.0381
-65.0374
-65.0367
-65.036
-65.0353
-65.0347
-65.0341
-65.0335
-65.0329
-65.0323
-65.0318
-65.0313
-65.0307
-65.0302
-65.0297
-65.0293
-65.0288
-65.0283
-65.0279
-65.0275
-65.027
-65.0266
-65.0262
-65.0259
-65.0255
-65.0251
-65.0248
-65.0244
-65.0241
-65.0238
-65.0234
-65.0231
-65.0228
-65.0225
-65.0223
-65.022
-65.0217
-65.0215
-65.0212
-65.021
-65.0207
-65.0205
-65.0203
-65.02
-65.0198
-65.0196
-65.0194
-65.0192
-65.019
-65.0188
-65.0187
-65.0185
-65.0183
-65.0181
-65.018
-65.0178
-65.0177
-65.0175
-65.0174
-65.0172
-65.0171
-65.017
-65.0168
-65.0167
-65.0166
-65.0165
-65.0163
-65.0162
-65.0161
-65.016
-65.0159
-65.0158
-65.0157
-65.0156
-65.0155
-65.0154
-65.0153
-65.0153
-65.0152
-65.0151
-65.015
-65.0149
-65.0149
-65.0148
-65.0147
-65.0147
-65.0146
-65.0145
-65.0145
-65.0144
-65.0143
-65.0143
-65.0142
-65.0142
-65.0141
-65.0141
-65.014
-65.014
-65.0139
-65.0139
-65.0138
-65.0138
-65.0137
-65.0137
-65.0137
-65.0136
-65.0136
-65.0135
-65.0135
-65.0135
-65.0134
-65.0134
-65.0134
-65.0133
-65.0133
-65.0133
-65.0133
-65.0132
-65.0132
-65.0132
-65.0131
-65.0131
-65.0131
-65.0131
-65.0131
-65.013
-65.013
-65.013
-65.013
-65.0129
-65.0129
-65.0129
-65.0129
-65.0129
-65.0129
-65.0128
-65.0128
-65.0128
-65.0128
-65.0128
-65.0128
-65.0127
-65.0127
-65.0127
-65.0127
-65.0127
-65.0127
-65.0127
-65.0127
-65.0126
-65.0126
-65.0126
-65.0126
-65.0126
-65.0126
-65.0126
-65.0126
-65.0126
-65.0126
-65.0125
-65.0125
-65.0125
-65.0125
-65.0125
-65.0125
-65.0125
-65.0125
-65.0125
-65.0125
-65.0125
-65.0125
-65.0125
-65.0124
-65.0124
-65.0124
-65.0124
-65.0124
-65.0124
-65.0124
-65.0124
-65.0124
-65.0124
-65.0124
-65.0124
-65.0124
-65.0124
-65.0124
-65.0124
-65.0124
-65.0124
-65.0124
-65.0124
-65.0124
-65.0124
-65.0124
-65.0123
-65.0123
-65.0123
-65.0123
-65.0123
-65.0123
-65.0123
-65.0123
-65.0123
-65.0123
-65.0123
-65.0123
-65.0123
-65.0123
-65.0123
-65.0123
-65.0123
-65.0123
-65.0123
-65.0123
-65.0123
-65.0123
-65.0123
-65.0123
-65.0123
-65.0123
-65.0123
-65.0123
-65.0123
-65.0123
-65.0123
-65.0123
-65.0123
-65.0123
-65.0123
-65.0123
-65.0123
-65.0123
-65.0123
-65.0123
-65.0123
-65.0123
-65.0123
-65.0123
-65.0123
-65.0123
-65.0123
-65.0123
-65.0123
-65.0123
-65.0123
-65.0123
-65.0123
-65.0123
-65.0123
-65.0123
-65.0123
-65.0123
-65.0123
-65.0123
-65.0123
-65.0123
-65.0123
-65.0123
-65.0123
-65.0123
-65.0123
-65.0123
-65.0123
-65.0123
-65.0123
-65.0123
-65.0123
-65.0123
-64.9505
-64.8995
-64.8615
-64.8344
-64.8133
-64.7964
-64.7828
-64.772
-64.7634
-64.7568
-64.7518
-64.7482
-64.7458
-64.7444
-64.7439
-64.7441
-64.745
-64.7465
-64.7484
-64.7508
-64.7534
-64.7564
-64.7596
-64.763
-64.7666
-64.7703
-64.7742
-64.7781
-64.7821
-64.7861
-64.7902
-64.7942
-64.7983
-64.8024
-64.728
-64.5428
-64.4186
-64.326
-64.2594
-64.2073
-64.1662
-64.1339
-64.109
-64.0903
-64.0767
-64.0676
-64.0622
-64.06
-64.0606
-64.0635
-64.0685
-64.0343
-63.9853
-63.6882
-63.4775
-63.2118
-62.3911
-61.7403
-61.1719
-60.5756
-59.9913
-58.873
-58.0112
-56.8203
-55.8283
-54.9342
-54.2829
-53.7795
-53.3087
-52.8545
-52.4405
-51.9363
-51.5581
-51.1611
-50.8182
-50.5222
-50.2778
-50.0484
-49.8633
-49.6949
-49.4571
-49.2558
-49.0299
-48.8388
-48.6683
-48.462
-48.2456
-48.0258
-47.7905
-47.5517
-47.2566
-46.8916
-46.4618
-45.9236
-45.2331
-44.2057
-42.4729
-38.3265
9.26298
22.754
-20.6892
-48.7912
-58.9369
-61.695
-62.5647
-62.8187
-62.78
-62.5983
-62.4397
-62.2762
-62.1113
-61.9279
-61.788
-61.6792
-61.5777
-61.4222
-61.3086
-61.2234
-61.163
-61.1159
-61.0294
-60.927
-60.6924
-60.4117
-60.1242
-59.9034
-59.7471
-59.551
-59.3598
-59.076
-58.7951
-58.4915
-58.1775
-57.8805
-57.5672
-57.154
-56.8186
-56.4835
-56.0239
-55.5246
-54.8546
-54.1789
-53.5954
-53.0157
-52.4578
-51.9925
-51.5831
-51.1928
-50.8893
-50.6062
-50.3643
-50.0819
-49.8096
-49.5297
-49.2727
-49.0617
-48.8517
-48.6601
-48.486
-48.3239
-48.1679
-48.0137
-47.8549
-47.6867
-47.5039
-47.301
-47.0693
-46.7933
-46.4536
-46.0234
-45.444
-44.6103
-43.2545
-40.4321
-26.2196
38.2166
-10.1349
-43.1498
-59.0972
-63.4254
-64.7977
-65.3287
-65.5435
-65.6241
-65.6449
-65.6381
-65.6178
-65.5905
-65.5595
-65.5262
-65.4918
-65.4565
-65.4209
-65.3852
-65.3496
-65.3141
-65.2789
-65.2441
-65.2098
-65.176
-65.1428
-65.1102
-65.0782
-65.0469
-65.0162
-64.9862
-64.957
-64.9284
-64.9005
-64.8734
-64.8469
-64.8211
-64.796
-64.7715
-64.7477
-64.7246
-64.7021
-64.6803
-64.659
-64.6384
-64.6184
-64.599
-64.5801
-64.5618
-64.5201
-64.394
-64.3044
-64.233
-64.1776
-64.1007
-63.8572
-63.6647
-63.5175
-63.3699
-63.1816
-62.7381
-62.1836
-61.7009
-61.274
-60.7312
-59.7854
-58.5513
-57.6315
-56.4977
-55.5519
-54.8472
-54.2578
-53.7777
-53.2438
-52.765
-52.4037
-52.1167
-51.8776
-51.6695
-51.473
-51.3033
-51.1818
-51.0992
-51.0376
-50.9717
-50.8483
-50.7408
-50.6528
-50.5959
-50.5068
-50.4095
-50.3286
-50.2828
-50.236
-50.1946
-50.134
-50.0335
-49.9392
-49.882
-49.7985
-49.7077
-49.623
-49.5733
-49.4993
-49.3951
-49.3291
-49.2885
-49.2689
-49.2646
-49.2739
-49.2508
-49.2191
-49.2109
-49.2205
-49.2451
-49.282
-49.3302
-49.3897
-49.4601
-49.5416
-49.6339
-49.7366
-49.8493
-49.9652
-50.0535
-50.1629
-50.2197
-50.179
-50.1278
-50.1021
-49.971
-49.8063
-49.6172
-49.3352
-49.0428
-48.712
-48.3993
-48.0611
-47.6673
-47.2623
-46.8092
-46.2404
-45.5242
-44.5412
-42.939
-39.5695
-20.1937
34.3578
-13.3681
-45.2207
-59.063
-62.3349
-62.8635
-62.7223
-62.3295
-61.8472
-61.335
-60.8256
-60.4139
-60.013
-59.6109
-59.2428
-58.9156
-58.6517
-58.3775
-58.0952
-57.8459
-57.664
-57.5224
-57.3876
-57.2713
-57.173
-57.0965
-57.0551
-57.0397
-57.0455
-57.068
-57.1047
-57.1533
-57.2122
-57.2798
-57.3549
-57.4363
-57.5231
-57.6144
-57.7095
-57.8077
-57.9085
-58.0112
-58.1156
-58.2211
-58.3274
-58.4342
-58.5412
-58.6482
-58.755
-58.8613
-58.967
-59.0719
-59.1759
-59.2788
-59.3807
-59.4814
-59.5808
-59.6788
-59.7754
-59.8706
-59.9643
-60.0564
-60.147
-60.236
-60.3234
-60.4093
-60.4935
-60.5761
-60.6571
-60.7366
-60.8144
-60.8907
-60.9655
-61.0387
-61.1103
-61.1804
-61.2491
-61.3162
-61.3819
-61.4462
-61.5091
-61.5706
-61.6308
-61.6896
-61.7471
-61.8033
-61.8583
-61.912
-61.9646
-62.0159
-62.0661
-62.1151
-62.1631
-62.2099
-62.2557
-62.3004
-62.3441
-62.3868
-62.4285
-62.4693
-62.5092
-62.5481
-62.5862
-62.6234
-62.6598
-62.6915
-62.4052
-61.8208
-61.3903
-60.9589
-60.6296
-60.3833
-60.1728
-59.6963
-59.1741
-58.7885
-58.2714
-57.8721
-57.5768
-57.2286
-56.0905
-55.0025
-54.1961
-53.6188
-53.1795
-52.7413
-52.4007
-52.0481
-51.7679
-51.5287
-51.2251
-50.9506
-50.7257
-50.5455
-50.4121
-50.294
-50.1429
-49.8262
-49.5593
-49.295
-49.0338
-48.8089
-48.5887
-48.2723
-47.9614
-47.6365
-47.2706
-46.8933
-46.4672
-45.9139
-45.1029
-43.8934
-41.8713
-36.3803
33.3593
11.3134
-28.7237
-55.4202
-63.2688
-65.2902
-65.8143
-65.8415
-65.7011
-65.5285
-65.3573
-65.1494
-64.9645
-64.8045
-64.62
-64.4042
-64.2311
-64.0882
-63.9693
-63.8674
-63.7796
-63.7038
-63.6382
-63.5816
-63.5328
-63.4909
-63.4263
-63.3556
-63.2376
-63.0453
-62.8553
-62.7171
-62.613
-62.5333
-62.4533
-62.3623
-62.2958
-62.2458
-62.2097
-62.1839
-62.1665
-62.1561
-62.1366
-62.0825
-61.9842
-61.738
-61.5623
-61.4369
-61.261
-61.0409
-60.6435
-60.0235
-59.0279
-58.1117
-57.248
-56.4508
-55.8148
-55.2429
-54.4968
-53.8309
-53.3066
-52.9188
-52.6237
-52.3974
-52.1768
-51.9486

