-70
-70.0758
-70.1508
-70.225
-70.2983
-70.3706
-70.4419
-70.5122
-70.5814
-70.6496
-70.7168
-70.7829
-70.848
-70.9121
-70.9752
-71.0373
-71.0984
-71.1586
-71.2178
-71.2761
-71.3334
-71.3899
-71.4455
-71.5003
-71.5543
-71.6074
-71.6598
-71.7114
-71.7623
-71.8124
-71.8619
-71.9106
-71.9587
-72.006
-72.0527
-72.0988
-72.1442
-72.1889
-72.2331
-72.2766
-72.3196
-72.362
-72.4038
-72.445
-72.4857
-72.5258
-72.5654
-72.6045
-72.6431
-72.6812
-72.7188
-72.756
-72.7927
-72.8289
-72.8647
-72.9
-72.9349
-72.9694
-73.0035
-73.0371
-73.0704
-73.1032
-73.1357
-73.1678
-73.1994
-73.2307
-73.2617
-73.2922
-73.3224
-73.3523
-73.3817
-73.4109
-73.4397
-73.4682
-73.4963
-73.5241
-73.5516
-73.5788
-73.6057
-73.6323
-73.6585
-73.6845
-73.7102
-73.7356
-73.7608
-73.7857
-73.8103
-73.8346
-73.8587
-73.8825
-73.9061
-73.9294
-73.9524
-73.9753
-73.9979
-74.0202
-74.0423
-74.0642
-74.0859
-74.1073
-74.1285
-74.1495
-74.1703
-74.1909
-74.2112
-74.2313
-74.2513
-74.271
-74.2905
-74.3098
-74.329
-74.3479
-74.3666
-74.3852
-74.4036
-74.4217
-74.4397
-74.4575
-74.4752
-74.4926
-74.5099
-74.527
-74.544
-74.5607
-74.5774
-74.5938
-74.6101
-74.6262
-74.6422
-74.658
-74.6736
-74.6891
-74.7045
-74.7197
-74.7347
-74.7496
-74.7644
-74.779
-74.7935
-74.8079
-74.8221
-74.8362
-74.8501
-74.864
-74.8777
-74.8913
-74.9047
-74.918
-74.9313
-74.9443
-74.9573
-74.9701
-74.9829
-74.9955
-75.008
-75.0204
-75.0327
-75.0448
-75.0569
-75.0688
-75.0806
-75.0924
-75.104
-75.1155
-75.1269
-75.1382
-75.1495
-75.1606
-75.1716
-75.1825
-75.1933
-75.204
-75.2147
-75.2252
-75.2356
-75.246
-75.2562
-75.2664
-75.2764
-75.2864
-75.2963
-75.3061
-75.3158
-75.3255
-75.335
-75.3445
-75.3538
-75.3631
-75.3724
-75.3815
-75.3906
-75.3995
-75.4084
-75.4172
-75.426
-75.4346
-75.4432
-75.4518
-75.4602
-75.4686
-75.4769
-75.4851
-75.4932
-75.5013
-75.5093
-75.5173
-75.5251
-75.533
-75.5407
-75.5484
-75.556
-75.5635
-75.571
-75.5784
-75.5858
-75.593
-75.6003
-75.6074
-75.6145
-75.6216
-75.6285
-75.6355
-75.6423
-75.6491
-75.6559
-75.6626
-75.6692
-75.6758
-75.6823
-75.6888
-75.6952
-75.7015
-75.7078
-75.7141
-75.7203
-75.7264
-75.7325
-75.7386
-75.7446
-75.7505
-75.7564
-75.7622
-75.768
-75.7738
-75.7795
-75.7851
-75.7907
-75.7963
-75.8018
-75.8072
-75.8127
-75.818
-75.8234
-75.8287
-75.8339
-75.8391
-75.8443
-75.8494
-75.8545
-75.8595
-75.8645
-75.8695
-75.8744
-75.8793
-75.8841
-75.8889
-75.8937
-75.8984
-75.9031
-75.9077
-75.9123
-75.9169
-75.9214
-75.9259
-75.9304
-75.9348
-75.9392
-75.9436
-75.9479
-75.9522
-75.9565
-75.9607
-75.9649
-75.969
-75.9731
-75.9772
-75.9813
-75.9853
-75.9893
-75.9933
-75.9972
-76.0011
-76.005
-76.0088
-76.0126
-76.0164
-76.0201
-76.0239
-76.0275
-76.0312
-76.0348
-76.0384
-76.042
-76.0456
-76.0491
-76.0526
-76.056
-76.0595
-76.0629
-76.0663
-76.0696
-76.0729
-76.0762
-76.0795
-76.0828
-76.086
-76.0892
-76.0924
-76.0955
-76.0986
-76.1017
-76.1048
-76.1079
-76.1109
-76.1139
-76.1169
-76.1198
-76.1228
-76.1257
-76.1286
-76.1314
-76.1343
-76.1371
-76.1399
-76.1427
-76.1455
-76.1482
-76.1509
-76.1536
-76.1563
-76.1589
-76.1615
-76.1642
-76.1667
-76.1693
-76.1719
-76.1744
-76.1769
-76.1794
-76.1819
-76.1843
-76.1868
-76.1892
-76.1916
-76.1939
-76.1963
-76.1986
-76.201
-76.2033
-76.2056
-76.2078
-76.2101
-76.2123
-76.2145
-76.2167
-76.2189
-76.2211
-76.2232
-76.2254
-76.2275
-76.2296
-76.2317
-76.2337
-76.2358
-76.2378
-76.2398
-76.2418
-76.2438
-76.2458
-76.2478
-76.2497
-76.2516
-76.2536
-76.2554
-76.2573
-76.2592
-76.2611
-76.2629
-76.2647
-76.2665
-76.2683
-76.2701
-76.2719
-76.2737
-76.2754
-76.2771
-76.2788
-76.2806
-76.2822
-76.2839
-76.2856
-76.2872
-76.2889
-76.2905
-76.2921
-76.2937
-76.2953
-76.2969
-76.2985
-76.3
-76.3016
-76.3031
-76.3046
-76.3061
-76.3076
-76.3091
-76.3106
-76.312
-76.3135
-76.3149
-76.3164
-76.3178
-76.3192
-76.3206
-76.322
-76.3233
-76.3247
-76.3261
-76.3274
-76.3287
-76.33
-76.3314
-76.3327
-76.334
-76.3352
-76.3365
-76.3378
-76.339
-76.3403
-76.3415
-76.3427
-76.3439
-76.3452
-76.3464
-76.3475
-76.3487
-76.3499
-76.351
-76.3522
-76.3533
-76.3545
-76.3556
-76.3567
-76.3578
-76.3589
-76.36
-76.3611
-76.3622
-76.3632
-76.3643
-76.3654
-76.3664
-76.3674
-76.3685
-76.3695
-76.3705
-76.3715
-76.3725
-76.3735
-76.3745
-76.3754
-76.3764
-76.3774
-76.3783
-76.3793
-76.3802
-76.3811
-76.382
-76.383
-76.3839
-76.3848
-76.3857
-76.3866
-76.3874
-76.3883
-76.3892
-76.39
-76.3909
-76.3917
-76.3926
-76.3934
-76.3943
-76.3951
-76.3959
-76.3967
-76.3975
-76.3983
-76.3991
-76.3999
-75.9759
-71.7835
-67.9998
-65.1512
-62.9411
-61.1178
-59.4221
-57.4417
-53.6086
46.342
-5.09883
-36.4406
-78.4022
-79.7416
-79.7277
-79.6933
-77.9621
-75.6264
-73.9514
-71.3842
-70.0073
-69.167
-68.467
-67.8192
-67.2035
-65.4491
-62.3629
-59.9406
-58.1782
-56.4118
-53.4905
-12.2672
0.316429
-32.6732
-75.6131
-78.2856
-78.132
-77.9178
-77.6625
-77.355
-77.0788
-76.8029
-76.4223
-72.7695
-69.5129
-68.0238
-67.1743
-66.5694
-66.0804
-66.1697
-66.5602
-66.7175
-66.7417
-66.7031
-66.6371
-66.5624
-65.4331
-63.2175
-61.5882
-60.1712
-57.1944
-53.2093
34.0977
-4.62247
-36.6668
-77.4246
-78.87
-78.7635
-78.6207
-78.4651
-78.2977
-78.1191
-77.9303
-77.7326
-77.5277
-77.3176
-77.1044
-76.8903
-76.6777
-76.4688
-74.1225
-70.4678
-67.8444
-65.9634
-64.5554
-63.4579
-62.5676
-61.8141
-61.1463
-59.5295
-55.195
-28.9287
6.75579
-28.6028
-73.2945
-78.0223
-77.845
-77.5993
-77.3324
-77.0457
-75.0933
-71.0284
-69.1039
-68.122
-67.3719
-66.6996
-66.069
-65.4712
-65.1525
-64.2131
-63.0355
-63.1204
-63.9534
-64.9255
-65.4361
-65.687
-65.8089
-65.8659
-65.8908
-66.434
-67.2806
-67.856
-68.6859
-70.1289
-71.0482
-71.5983
-71.944
-72.4807
-72.9028
-73.1715
-73.3487
-73.4705
-73.5576
-73.6222
-73.6721
-73.7118
-73.7447
-73.7729
-73.7976
-73.82
-73.8408
-73.8604
-73.8793
-73.8976
-73.9156
-73.9333
-73.951
-73.9687
-73.9863
-74.0041
-74.0218
-74.0397
-74.0577
-74.0757
-74.0938
-74.112
-74.1302
-74.1485
-74.1668
-74.1852
-74.2035
-74.2218
-74.2401
-74.2584
-74.2766
-74.2948
-74.3129
-74.331
-74.3489
-74.3668
-74.3846
-74.4022
-74.4198
-74.4372
-74.4546
-74.4718
-74.4889
-74.5058
-72.6552
-68.6552
-65.5013
-63.092
-61.1421
-59.3688
-57.3436
-53.4964
46.1269
-5.5133
-36.877
-77.6979
-78.716
-78.5748
-78.4055
-78.2206
-76.068
-74.9914
-74.4039
-73.8968
-71.155
-69.2076
-66.7346
-64.5514
-63.207
-61.8451
-59.7239
-57.9668
-55.5233
-49.0165
28.1796
-19.8504
-57.2312
-77.8158
-77.7816
-76.655
-75.9003
-74.4505
-73.7226
-72.711
-71.0109
-70.0297
-69.3381
-68.7946
-68.0128
-66.135
-63.6611
-62.1191
-61.1827
-60.3664
-58.5091
-56.7371
-54.4952
-50.9151
41.1156
-13.9286
-46.6643
-78.2523
-78.7875
-78.6639
-78.5144
-78.3528
-78.1802
-77.9976
-77.8062
-77.6076
-77.4034
-77.1959
-76.9871
-76.7792
-76.5744
-76.3748
-76.182
-75.9977
-75.823
-75.659
-75.5062
-75.3651
-71.7716
-68.0854
-65.3669
-63.3151
-61.6825
-60.2668
-57.0036
-50.1035
31.7709
-17.19
-52.9612
-78.9276
-79.1264
-79.0239
-78.9058
-78.7764
-78.636
-77.6828
-72.9189
-69.7925
-67.1964
-65.8094
-64.899
-64.1699
-63.5291
-62.9424
-62.3379
-60.471
-58.1916
-54.2641
-28.2524
4.02442
-30.273
-74.0977
-78.17
-78.0216
-77.7701
-76.4216
-75.4971
-73.8028
-71.0761
-69.4884
-68.9683
-68.6989
-68.6725
-68.4455
-68.1325
-67.8034
-67.4826
-67.1802
-66.9003
-66.6448
-66.4146
-66.7083
-67.3422
-67.7667
-68.0409
-68.2237
-68.3501
-68.4413
-68.5108
-68.8202
-69.5485
-70.1154
-70.5319
-70.8458
-71.0881
-71.5121
-72.0497
-72.4528
-72.7525
-72.9805
-73.1578
-73.2985
-73.4122
-73.5057
-73.584
-73.6505
-73.7079
-73.7581
-73.8026
-73.8427
-73.8791
-73.9125
-73.9436
-73.9727
-74.0002
-74.0263
-74.0513
-74.0754
-74.0986
-74.1212
-74.1432
-74.1647
-74.1858
-74.2064
-74.2267
-74.2467
-74.2665
-74.2859
-74.3051
-74.3241
-74.3429
-74.3615
-74.3799
-74.3981
-74.4161
-74.434
-74.4517
-74.4692
-74.4865
-74.5037
-74.5207
-74.5376
-74.5543
-74.5708
-74.5872
-74.6035
-74.6196
-74.6355
-74.6513
-74.6669
-74.6824
-73.6141
-69.5472
-66.1807
-63.6291
-61.5986
-59.8147
-57.9141
-54.8832
-19.0246
6.11295
-29.2078
-75.2943
-77.9088
-77.2909
-76.9726
-76.6451
-75.1152
-73.8231
-73.1291
-72.5459
-71.9788
-71.415
-70.856
-69.4494
-65.216
-61.5062
-58.6433
-56.3632
-52.9267
32.732
-4.77335
-36.0053
-76.6182
-77.6087
-76.0495
-75.1935
-74.6866
-74.1925
-73.7535
-73.3187
-72.8449
-71.7845
-69.6764
-66.6493
-63.336
-62.3861
-61.913
-61.5117
-61.1497
-60.816
-60.5029
-60.2025
-59.9123
-59.6297
-60.3707
-61.445
-60.7092
-59.9571
-60.6343
-61.3747
-61.892
-62.2618
-62.5361
-62.7499
-62.9255
-63.0771
-63.2136
-63.3408
-63.4629
-63.5829
-63.7028
-63.8238
-63.9469
-64.0726
-64.2012
-64.3324
-64.4659
-62.8476
-60.4281
-58.4393
-56.4928
-53.6327
-35.9084
4.1581
-31.0219
-74.5462
-79.3868
-79.4425
-79.38
-79.3057
-79.2242
-79.1361
-77.0515
-74.6182
-73.3198
-72.4733
-71.8057
-71.2243
-70.6949
-70.2042
-69.1889
-65.8774
-63.2971
-59.7324
-56.0582
-48.1445
24.8874
-20.755
-60.4536
-77.9778
-77.8893
-76.7015
-76.1141
-75.1451
-73.6353
-72.8283
-72.2106
-71.249
-69.1144
-67.6482
-65.2571
-63.5467

