-70
-69.8623
-69.7285
-69.5983
-69.4718
-69.3487
-69.2291
-69.1128
-68.9997
-68.8897
-68.7828
-68.6789
-68.5778
-68.4795
-68.3839
-68.291
-68.2007
-68.1128
-68.0274
-67.9443
-67.8636
-67.7851
-67.7087
-67.6345
-67.5623
-67.4921
-67.4238
-67.3574
-67.2929
-67.2301
-67.1691
-67.1098
-67.0521
-66.996
-66.9414
-66.8884
-66.8368
-66.7866
-66.7378
-66.6904
-66.6443
-66.5994
-66.5558
-66.5133
-66.4721
-66.432
-66.393
-66.355
-66.3181
-66.2823
-66.2474
-66.2134
-66.1805
-66.1484
-66.1172
-66.0868
-66.0573
-66.0286
-66.0007
-65.9736
-65.9472
-65.9215
-65.8966
-65.8723
-65.8487
-65.8257
-65.8034
-65.7817
-65.7606
-65.74
-65.72
-65.7006
-65.6817
-65.6633
-65.6455
-65.6281
-65.6112
-65.5948
-65.5788
-65.5632
-65.5481
-65.5334
-65.5191
-65.5052
-65.4917
-65.4785
-65.4657
-65.4533
-65.4412
-65.4294
-65.418
-65.4068
-65.396
-65.3855
-65.3752
-65.3653
-65.3556
-65.3462
-65.337
-65.3281
-65.3194
-65.311
-65.3028
-65.2948
-65.2871
-65.2795
-65.2722
-65.2651
-65.2581
-65.2514
-65.2448
-65.2385
-65.2322
-65.2262
-65.2203
-65.2146
-65.2091
-65.2037
-65.1984
-65.1933
-65.1884
-65.1835
-65.1788
-65.1743
-65.1698
-65.1655
-65.1613
-65.1572
-65.1532
-65.1493
-65.1456
-65.1419
-65.1384
-65.1349
-65.1315
-65.1283
-65.1251
-65.122
-65.119
-65.1161
-65.1132
-65.1104
-65.1077
-65.1051
-65.1026
-65.1001
-65.0977
-65.0953
-65.0931
-65.0908
-65.0887
-65.0866
-65.0845
-65.0826
-65.0806
-65.0788
-65.0769
-65.0752
-65.0734
-65.0718
-65.0701
-65.0685
-65.067
-65.0655
-65.064
-65.0626
-65.0612
-65.0599
-65.0586
-65.0573
-65.0561
-65.0549
-65.0537
-65.0526
-65.0514
-65.0504
-65.0493
-65.0483
-65.0473
-65.0464
-65.0454
-65.0445
-65.0436
-65.0428
-65.0419
-65.0411
-65.0403
-65.0395
-65.0388
-65.0381
-65.0374
-65.0367
-65.036
-65.0353
-65.0347
-65.0341
-65.0335
-65.0329
-65.0323
-65.0318
-65.0313
-65.0307
-65.0302
-65.0297
-65.0293
-65.0288
-65.0283
-65.0279
-65.0275
-65.027
-65.0266
-65.0262
-65.0259
-65.0255
-65.0251
-65.0248
-65.0244
-65.0241
-65.0238
-65.0234
-65.0231
-65.0228
-65.0225
-65.0223
-65.022
-65.0217
-65.0215
-65.0212
-65.021
-65.0207
-65.0205
-65.0203
-65.02
-65.0198
-65.0196
-65.0194
-65.0192
-65.019
-65.0188
-65.0187
-65.0185
-65.0183
-65.0181
-65.018
-65.0178
-65.0177
-65.0175
-65.0174
-65.0172
-65.0171
-65.017
-65.0168
-65.0167
-65.0166
-65.0165
-65.0163
-65.0162
-65.0161
-65.016
-65.0159
-65.0158
-65.0157
-65.0156
-65.0155
-65.0154
-65.0153
-65.0153
-65.0152
-65.0151
-65.015
-65.0149
-65.0149
-65.0148
-65.0147
-65.0147
-65.0146
-65.0145
-65.0145
-65.0144
-65.0143
-65.0143
-65.0142
-65.0142
-65.0141
-65.0141
-65.014
-65.014
-65.0139
-65.0139
-65.0138
-65.0138
-65.0137
-65.0137
-65.0137
-65.0136
-65.0136
-65.0135
-65.0135
-65.0135
-65.0134
-65.0134
-65.0134
-65.0133
-65.0133
-65.0133
-65.0133
-65.0132
-65.0132
-65.0132
-65.0131
-65.0131
-65.0131
-65.0131
-65.0131
-65.013
-65.013
-65.013
-65.013
-65.0129
-65.0129
-65.0129
-65.0129
-65.0129
-65.0129
-65.0128
-65.0128
-65.0128
-65.0128
-65.0128
-65.0128
-65.0127
-65.0127
-65.0127
-65.0127
-65.0127
-65.0127
-65.0127
-65.0127
-65.0126
-65.0126
-65.0126
-65.0126
-65.0126
-65.0126
-65.0126
-65.0126
-65.0126
-65.0126
-65.0125
-65.0125
-65.0125
-65.0125
-65.0125
-65.0125
-65.0125
-65.0125
-65.0125
-65.0125
-65.0125
-65.0125
-65.0125
-65.0124
-65.0124
-65.0124
-65.0124
-65.0124
-65.0124
-65.0124
-65.0124
-65.0124
-65.0124
-65.0124
-65.0124
-65.0124
-65.0124
-65.0124
-65.0124
-65.0124
-65.0124
-65.0124
-65.0124
-65.0124
-65.0124
-65.0124
-65.0123
-65.0123
-65.0123
-65.0123
-65.0123
-65.0123
-65.0123
-65.0123
-65.0123
-65.0123
-65.0123
-65.0123
-65.0123
-65.0123
-65.0123
-65.0123
-65.0123
-65.0123
-65.0123
-65.0123
-65.0123
-65.0123
-65.0123
-65.0123
-65.0123
-65.0123
-65.0123
-65.0123
-65.0123
-65.0123
-65.0123
-65.0123
-65.0123
-65.0123
-65.0123
-65.0123
-65.0123
-65.0123
-65.0123
-65.0123
-65.0123
-65.0123
-65.0123
-65.0123
-65.0123
-65.0123
-65.0123
-65.0123
-65.0123
-65.0123
-65.0123
-65.0123
-65.0123
-65.0123
-65.0123
-65.0123
-65.0123
-65.0123
-65.0123
-65.0123
-65.0123
-65.0123
-65.0123
-65.0123
-65.0123
-65.0123
-65.0123
-65.0123
-65.0123
-65.0123
-65.0123
-65.0123
-65.0123
-65.0123
-64.5816
-64.2291
-63.9678
-63.7817
-63.6375
-63.5222
-63.4298
-63.356
-63.2977
-63.2527
-63.2187
-63.1943
-63.178
-63.1686
-63.1652
-63.1668
-63.1729
-63.1827
-63.1957
-63.2115
-63.2296
-63.2497
-63.2714
-63.2946
-63.3189
-63.3441
-63.3701
-63.3967
-63.4238
-63.4511
-63.4788
-63.5065
-63.5343
-63.562
-63.5641
-63.5296
-63.5149
-63.5102
-63.5138
-63.5218
-63.5332
-63.5472
-63.5632
-63.5808
-63.5998
-63.6199
-63.6408
-63.6623
-63.6844
-63.7068
-63.7294
-63.7522
-63.7461
-63.5364
-63.3735
-63.1865
-62.5866
-62.0331
-61.283
-60.6385
-60.1394
-59.0528
-58.0354
-56.8
-55.8546
-55.0193
-54.4068
-53.9307
-53.362
-52.7655
-52.2159
-51.5959
-51.1325
-50.593
-50.1303
-49.7515
-49.407
-49.0268
-48.6665
-48.3306
-47.9852
-47.6175
-47.235
-46.7784
-46.2227
-45.5325
-44.6104
-43.1762
-40.314
-25.9391
38.7687
-8.35182
-39.8763
-56.3202
-60.6206
-61.8036
-62.1278
-62.1197
-62.0351
-61.8923
-61.7339
-61.5265
-61.352
-61.2158
-61.111
-61.0296
-60.9666
-60.9191
-60.8459
-60.7317
-60.6556
-60.6038
-60.5721
-60.5537
-60.5461
-60.5475
-60.5566
-60.5575
-60.5254
-60.512
-60.4112
-60.3473
-60.2801
-60.2229
-60.1915
-60.1779
-60.1748
-60.0739
-59.8742
-59.6526
-59.3155
-58.9351
-58.5648
-58.193
-57.7498
-57.1945
-56.4768
-55.8398
-55.0919
-54.3975
-53.686
-52.8907
-52.0337
-51.3116
-50.6333
-50.1074
-49.643
-49.2427
-48.8608
-48.4904
-48.1378
-47.7803
-47.3773
-46.9325
-46.4393
-45.8282
-45.0369
-43.8801
-41.8781
-36.2499
35.9104
10.9218
-27.6799
-53.496
-61.2618
-63.3552
-63.9818
-64.1677
-64.1857
-64.1385
-64.0687
-63.9942
-63.9222
-63.8557
-63.7955
-63.7415
-63.6934
-63.6507
-63.6129
-63.5795
-63.55
-63.524
-63.5012
-63.4813
-63.4639
-63.4489
-63.4359
-63.4249
-63.4156
-63.4078
-63.4014
-63.3963
-63.3924
-63.3894
-63.3875
-63.3863
-63.386
-63.3863
-63.3872
-63.3887
-63.3907
-63.3932
-63.3961
-63.3993
-63.4029
-63.4067
-63.4109
-63.4152
-63.4198
-63.4245
-63.4295
-63.4345
-63.4397
-63.4451
-63.4505
-63.456
-63.4616
-63.4672
-63.4729
-63.4787
-63.4845
-63.4903
-63.4962
-63.5021
-63.4413
-63.0648
-62.7987
-62.6007
-62.4602
-62.3423
-62.1532
-62.0033
-61.8896
-61.7906
-61.5552
-61.2272
-60.801
-60.4149
-60.0848
-59.7289
-59.1926
-58.1411
-57.0778
-55.9323
-55.0339
-54.3697
-53.719
-53.1922
-52.4635
-51.7798
-51.263
-50.8605
-50.5386
-50.2204
-49.8635
-49.5762
-49.3078
-49.0444
-48.7562
-48.4912
-48.1867
-47.8754
-47.4936
-47.0828
-46.6458
-46.141
-45.4893
-44.5994
-43.1955
-40.3485
-26.3129
38.6372
-9.30451
-42.6577
-59.2519
-63.5125
-64.6165
-64.8473
-64.7453
-64.4616
-64.1708
-63.921
-63.7093
-63.5286
-63.3732
-63.1929
-63.0011
-62.8463
-62.7212
-62.6198
-62.536
-62.4667
-62.4098
-62.3635
-62.3265
-62.2669
-62.2098
-62.1685
-62.1395
-62.1166
-62.0538
-62.0127
-61.9848
-61.9303
-61.822
-61.6668
-61.5378
-61.2556
-60.951
-60.6575
-60.3197
-60.0775
-59.7548
-59.4511
-59.1186
-58.7762
-58.4344
-58.0691
-57.7492
-57.3495
-56.8022
-56.2656
-55.6983
-55.2052
-54.7202
-54.1256
-53.4685
-52.8043
-52.2537
-51.8182
-51.455
-51.1349
-50.8459
-50.6008
-50.3714
-50.1704
-49.9908
-49.8103
-49.6694
-49.5253
-49.3241
-49.0943
-48.8807
-48.6744
-48.4973
-48.3168
-48.1017
-47.8714
-47.6212
-47.3485
-47.0589
-46.7295
-46.3339
-45.8375
-45.1674
-44.1834
-42.4968
-38.3799
9.48237
21.7981
-22.8951
-53.1612
-63.3609
-66.1242
-66.9582
-67.2201
-67.2727
-67.2433
-67.181
-67.1055
-67.0251
-66.9433
-66.8619
-66.7815
-66.7026
-66.6253
-66.5497
-66.476
-66.4041
-66.3339
-66.2656
-66.199
-66.1342
-66.0711
-66.0098
-65.95
-65.892
-65.8355
-65.7806
-65.7272
-65.6753
-65.6249
-65.5759
-65.5283
-65.4821
-65.4372
-65.3935
-65.3512
-65.31
-65.2701
-65.2313
-65.1936
-65.1571
-65.1216
-65.0872
-65.0537
-65.0213
-64.9899
-64.9594
-64.9297
-64.901
-64.8732
-64.8462
-64.82
-64.7947
-64.7701
-64.7462
-64.7231
-64.7008
-64.6791
-64.6581
-64.6378
-64.6181
-64.599
-64.5606
-64.4946
-64.4447
-64.3819
-64.1807
-63.6095
-63.207
-62.8234
-62.5058
-62.2614
-62.0689
-61.7924
-61.3838
-61.009
-60.4464
-60.015
-59.692
-59.2859
-57.9171
-56.5001
-55.4707
-54.7288
-54.1446
-53.5225
-53.0376
-52.4942
-52.0277
-51.6197
-51.2775
-50.9954
-50.7745
-50.6002
-50.4634
-50.3381
-50.2187
-49.9049
-49.6082
-49.2224
-48.839
-48.5151
-48.1865
-47.8528
-47.5275
-47.1775
-46.7746
-46.3148
-45.7542
-44.9281
-43.6246
-41.2865
-33.7004
41.5019
1.45769
-35.719
-58.6433
-64.7123
-66.2244
-66.5763
-66.5824
-66.4304
-66.2449
-66.0648
-65.8558
-65.6248
-65.413
-65.2346
-65.0811
-64.9139
-64.7486
-64.6101
-64.4911
-64.3657
-64.2342
-64.1257
-64.0334
-63.9546
-63.886
-63.826
-63.7735
-63.7274
-63.5782
-63.4643
-63.3144
-63.1124
-62.9519
-62.829
-62.7347
-62.6595
-62.599
-62.5103
-62.4261
-62.3636
-62.3175
-62.2748
-62.1775
-62.0315
-61.9284
-61.8548
-61.7635
-61.6046
-61.4509
-61.2384
-60.768
-60.2877
-59.749
-59.1924
-58.4292
-57.6366
-56.9847
-56.2924
-55.4113
-54.4044
-53.6062
-52.9893
-52.4756
-52.0645
-51.7079
-51.3524

