-70
-69.8623
-69.7285
-69.5983
-69.4718
-69.3487
-69.2291
-69.1128
-68.9997
-68.8897
-68.7828
-68.6789
-68.5778
-68.4795
-68.3839
-68.291
-68.2007
-68.1128
-68.0274
-67.9443
-67.8636
-67.7851
-67.7087
-67.6345
-67.5623
-67.4921
-67.4238
-67.3574
-67.2929
-67.2301
-67.1691
-67.1098
-67.0521
-66.996
-66.9414
-66.8884
-66.8368
-66.7866
-66.7378
-66.6904
-66.6443
-66.5994
-66.5558
-66.5133
-66.4721
-66.432
-66.393
-66.355
-66.3181
-66.2823
-66.2474
-66.2134
-66.1805
-66.1484
-66.1172
-66.0868
-66.0573
-66.0286
-66.0007
-65.9736
-65.9472
-65.9215
-65.8966
-65.8723
-65.8487
-65.8257
-65.8034
-65.7817
-65.7606
-65.74
-65.72
-65.7006
-65.6817
-65.6633
-65.6455
-65.6281
-65.6112
-65.5948
-65.5788
-65.5632
-65.5481
-65.5334
-65.5191
-65.5052
-65.4917
-65.4785
-65.4657
-65.4533
-65.4412
-65.4294
-65.418
-65.4068
-65.396
-65.3855
-65.3752
-65.3653
-65.3556
-65.3462
-65.337
-65.3281
-65.3194
-65.311
-65.3028
-65.2948
-65.2871
-65.2795
-65.2722
-65.2651
-65.2581
-65.2514
-65.2448
-65.2385
-65.2322
-65.2262
-65.2203
-65.2146
-65.2091
-65.2037
-65.1984
-65.1933
-65.1884
-65.1835
-65.1788
-65.1743
-65.1698
-65.1655
-65.1613
-65.1572
-65.1532
-65.1493
-65.1456
-65.1419
-65.1384
-65.1349
-65.1315
-65.1283
-65.1251
-65.122
-65.119
-65.1161
-65.1132
-65.1104
-65.1077
-65.1051
-65.1026
-65.1001
-65.0977
-65.0953
-65.0931
-65.0908
-65.0887
-65.0866
-65.0845
-65.0826
-65.0806
-65.0788
-65.0769
-65.0752
-65.0734
-65.0718
-65.0701
-65.0685
-65.067
-65.0655
-65.064
-65.0626
-65.0612
-65.0599
-65.0586
-65.0573
-65.0561
-65.0549
-65.0537
-65.0526
-65.0514
-65.0504
-65.0493
-65.0483
-65.0473
-65.0464
-65.0454
-65.0445
-65.0436
-65.0428
-65.0419
-65.0411
-65.0403
-65.0395
-65.0388
-65.0381
-65.0374
-65.0367
-65.036
-65.0353
-65.0347
-65.0341
-65.0335
-65.0329
-65.0323
-65.0318
-65.0313
-65.0307
-65.0302
-65.0297
-65.0293
-65.0288
-65.0283
-65.0279
-65.0275
-65.027
-65.0266
-65.0262
-65.0259
-65.0255
-65.0251
-65.0248
-65.0244
-65.0241
-65.0238
-65.0234
-65.0231
-65.0228
-65.0225
-65.0223
-65.022
-65.0217
-65.0215
-65.0212
-65.021
-65.0207
-65.0205
-65.0203
-65.02
-65.0198
-65.0196
-65.0194
-65.0192
-65.019
-65.0188
-65.0187
-65.0185
-65.0183
-65.0181
-65.018
-65.0178
-65.0177
-65.0175
-65.0174
-65.0172
-65.0171
-65.017
-65.0168
-65.0167
-65.0166
-65.0165
-65.0163
-65.0162
-65.0161
-65.016
-65.0159
-65.0158
-65.0157
-65.0156
-65.0155
-65.0154
-65.0153
-65.0153
-65.0152
-65.0151
-65.015
-65.0149
-65.0149
-65.0148
-65.0147
-65.0147
-65.0146
-65.0145
-65.0145
-65.0144
-65.0143
-65.0143
-65.0142
-65.0142
-65.0141
-65.0141
-65.014
-65.014
-65.0139
-65.0139
-65.0138
-65.0138
-65.0137
-65.0137
-65.0137
-65.0136
-65.0136
-65.0135
-65.0135
-65.0135
-65.0134
-65.0134
-65.0134
-65.0133
-65.0133
-65.0133
-65.0133
-65.0132
-65.0132
-65.0132
-65.0131
-65.0131
-65.0131
-65.0131
-65.0131
-65.013
-65.013
-65.013
-65.013
-65.0129
-65.0129
-65.0129
-65.0129
-65.0129
-65.0129
-65.0128
-65.0128
-65.0128
-65.0128
-65.0128
-65.0128
-65.0127
-65.0127
-65.0127
-65.0127
-65.0127
-65.0127
-65.0127
-65.0127
-65.0126
-65.0126
-65.0126
-65.0126
-65.0126
-65.0126
-65.0126
-65.0126
-65.0126
-65.0126
-65.0125
-65.0125
-65.0125
-65.0125
-65.0125
-65.0125
-65.0125
-65.0125
-65.0125
-65.0125
-65.0125
-65.0125
-65.0125
-65.0124
-65.0124
-65.0124
-65.0124
-65.0124
-65.0124
-65.0124
-65.0124
-65.0124
-65.0124
-65.0124
-65.0124
-65.0124
-65.0124
-65.0124
-65.0124
-65.0124
-65.0124
-65.0124
-65.0124
-65.0124
-65.0124
-65.0124
-65.0123
-65.0123
-65.0123
-65.0123
-65.0123
-65.0123
-65.0123
-65.0123
-65.0123
-65.0123
-65.0123
-65.0123
-65.0123
-65.0123
-65.0123
-65.0123
-65.0123
-65.0123
-65.0123
-65.0123
-65.0123
-65.0123
-65.0123
-65.0123
-65.0123
-65.0123
-65.0123
-65.0123
-65.0123
-65.0123
-65.0123
-65.0123
-65.0123
-65.0123
-65.0123
-65.0123
-65.0123
-65.0123
-65.0123
-65.0123
-65.0123
-65.0123
-65.0123
-65.0123
-65.0123
-65.0123
-65.0123
-65.0123
-65.0123
-65.0123
-65.0123
-65.0123
-65.0123
-65.0123
-65.0123
-65.0123
-65.0123
-65.0123
-65.0123
-65.0123
-65.0123
-65.0123
-65.0123
-65.0123
-65.0123
-65.0123
-65.0123
-65.0123
-65.0123
-65.0123
-65.0123
-65.0123
-65.0123
-65.0123
-64.7043
-64.4515
-64.2637
-64.1299
-64.026
-63.943
-63.8763
-63.8231
-63.7811
-63.7486
-63.7241
-63.7065
-63.6948
-63.688
-63.6856
-63.6868
-63.6912
-63.6983
-63.7077
-63.7191
-63.7322
-63.7467
-63.7624
-63.7792
-63.7967
-63.8149
-63.8337
-63.8529
-63.8724
-63.8922
-63.9121
-63.9321
-63.9522
-63.9722
-63.7858
-63.3103
-62.9964
-62.765
-62.6016
-62.4757
-62.3781
-62.3032
-62.2471
-62.2068
-62.1797
-62.1639
-62.1575
-62.1593
-62.168
-62.1826
-62.2022
-62.1865
-62.1585
-61.5061
-61.0126
-60.5609
-59.8715
-59.2925
-58.5161
-57.6335
-56.8121
-54.9596
-53.628
-52.3415
-51.2987
-50.463
-49.733
-49.1143
-48.5235
-47.9103
-47.2542
-46.1976
-45.0895
-43.5446
-40.9627
-32.2068
42.4774
1.84961
-31.3591
-52.9533
-58.6481
-59.8186
-59.8554
-59.6239
-59.274
-58.9072
-58.5923
-58.2692
-57.9881
-57.7667
-57.5943
-57.4616
-57.361
-57.2478
-57.1593
-57.1012
-57.0018
-56.8168
-56.6965
-56.621
-56.5746
-56.4721
-56.4051
-56.299
-56.2097
-56.13
-56.0821
-56.0062
-55.8906
-55.8291
-55.8035
-55.8067
-55.805
-55.8083
-55.8345
-55.8396
-55.8446
-55.8389
-55.8645
-55.7673
-55.5235
-55.2646
-55.0553
-54.8395
-54.6222
-54.4098
-54.1803
-53.9606
-53.7599
-53.3884
-53.0222
-52.6426
-52.3142
-51.8274
-51.1481
-50.5578
-49.9876
-49.358
-48.7189
-48.028
-47.2024
-46.1383
-44.7933
-42.9708
-39.7428
-23.4642
37.4183
-8.65493
-40.0501
-56.3838
-60.1725
-60.7613
-60.5305
-60.0488
-59.4725
-58.9248
-58.4567
-58.0737
-57.7614
-57.5079
-57.3041
-57.143
-57.0184
-56.9252
-56.8589
-56.8159
-56.7931
-56.7877
-56.7976
-56.8206
-56.8552
-56.8998
-56.9531
-57.014
-57.0815
-57.1547
-57.2329
-57.3153
-57.4014
-57.4905
-57.5821
-57.6758
-57.7712
-57.8679
-57.9657
-58.0641
-58.163
-58.2622
-58.3613
-58.4603
-58.5589
-58.6571
-58.7546
-58.8514
-58.9473
-59.0422
-59.1361
-59.2289
-59.3205
-59.4109
-59.5
-59.5878
-59.6743
-59.7595
-59.8432
-59.9256
-60.0066
-60.0861
-60.1643
-60.241
-60.3163
-60.3902
-60.4627
-60.5338
-60.6036
-60.672
-60.7391
-60.8048
-60.8692
-60.9323
-60.9942
-61.0548
-61.1141
-61.1722
-61.1502
-61.0105
-60.9281
-60.8789
-60.8559
-60.8254
-60.3383
-59.9406
-59.6569
-59.4041
-59.1378
-58.7073
-58.1256
-57.6219
-57.208
-56.5296
-55.4502
-53.8397
-52.5347
-51.2984
-50.3473
-49.5783
-48.8822
-48.2369
-47.3714
-46.426
-45.4371
-44.2272
-42.404
-38.2645
11.3173
23.8962
-19.0651
-49.056
-60.2951
-62.8053
-62.8458
-62.443
-61.9513
-61.5024
-60.9812
-60.3908
-59.8536
-59.4282
-59.0676
-58.6658
-58.2575
-57.8607
-57.5354
-57.2559
-56.9738
-56.6975
-56.4813
-56.2781
-56.0616
-55.7342
-55.449
-55.177
-54.9809
-54.8468
-54.7596
-54.6673
-54.61
-54.5845
-54.5862
-54.609
-54.6494
-54.7047
-54.7727
-54.852
-54.9408
-55.0379
-55.1421
-55.2523
-55.3678
-55.4876
-55.5995
-55.6124
-55.5821
-55.5052
-55.3659
-55.2021
-55.0473
-54.7432
-54.4436
-54.1782
-53.9861
-53.7021
-53.4156
-53.1452
-52.7983
-52.2494
-51.7389
-51.3277
-50.7684
-50.2408
-49.6909
-49.14
-48.5508
-47.8786
-47.0977
-46.1512
-45.0081
-43.455
-40.8462
-32.0281
41.7046
0.000743458
-35.1699
-56.9928
-62.4504
-63.4945
-63.4441
-63.0385
-62.5081
-61.9617
-61.4607
-60.9628
-60.4925
-60.1012
-59.7371
-59.3923
-59.0962
-58.8532
-58.6657
-58.4999
-58.3648
-58.264
-58.1917
-58.143
-58.1136
-58.1008
-58.1023
-58.1162
-58.1407
-58.1746
-58.2165
-58.2654
-58.3202
-58.3803
-58.4447
-58.513
-58.5844
-58.6586
-58.7349
-58.8131
-58.8927
-58.9735
-59.0551
-59.1373
-59.2199
-59.3027
-59.3855
-59.4681
-59.5504
-59.6323
-59.7136
-59.7943
-59.8742
-59.9533
-60.0316
-60.1088
-60.1851
-60.2603
-60.3345
-60.4076
-60.4795
-60.5503
-60.6199
-60.6884
-60.7557
-60.8218
-60.8867
-60.9504
-61.0129
-61.0743
-61.1345
-61.1935
-61.2514
-61.3081
-61.3637
-61.4182
-61.4717
-61.524
-61.5753
-61.6255
-61.6747
-61.7229
-61.77
-61.8162
-61.8615
-61.9058
-61.9492
-61.9917
-62.0332
-62.0739
-62.1138
-62.1528
-62.191
-62.2284
-62.265
-62.3008
-62.2847
-62.2339
-61.6978
-61.0346
-60.576
-59.9273
-59.2895
-58.8267
-58.4534
-57.9732
-57.52
-57.02
-56.2692
-55.7008
-55.2667
-54.7861
-53.4257
-52.0456
-51.0298
-50.2622
-49.6248
-48.954
-48.371
-47.7018
-47.0447
-46.3037
-45.4299
-44.3111
-42.5935
-38.7818
0.207843
26.847
-18.0618
-49.5163
-61.3617
-63.5605
-63.3929
-62.831
-62.2052
-61.5399
-60.9383
-60.3972
-59.8839
-59.4678
-59.1301
-58.8162
-58.3852
-58.0129
-57.7023
-57.4319
-57.2298
-57.0774
-56.9655
-56.8855
-56.832
-56.8013
-56.79
-56.7792
-56.7642
-56.7429
-56.7479
-56.7716
-56.8107
-56.861
-56.9207
-56.9883
-57.0294
-57.0629
-57.0812
-57.124
-57.1809
-57.2137
-57.1989
-57.2148
-57.252
-57.274
-57.2686
-57.2271
-57.2253
-57.2374
-57.2054
-57.1697
-57.154
-57.1284
-57.1211
-57.0919
-57.0969
-57.1233
-57.16
-57.1716
-57.2006
-57.1469
-57.1009
-57.0563
-56.9776
-56.7868
-56.4504
-56.0154
-55.5265
-55.0942
-54.5684
-54.0564
-53.4793
-52.9791
-52.4405
-51.8278
-51.1932
-50.4516
-49.3823
-48.3583
-47.4224
-46.5492
-45.585
-44.3754
-42.6074
-38.9059

