-70
-70.0758
-70.1508
-70.225
-70.2983
-70.3706
-70.4419
-70.5122
-70.5814
-70.6496
-70.7168
-70.7829
-70.848
-70.9121
-70.9752
-71.0373
-71.0984
-71.1586
-71.2178
-71.2761
-71.3334
-71.3899
-71.4455
-71.5003
-71.5543
-71.6074
-71.6598
-71.7114
-71.7623
-71.8124
-71.8619
-71.9106
-71.9587
-72.006
-72.0527
-72.0988
-72.1442
-72.1889
-72.2331
-72.2766
-72.3196
-72.362
-72.4038
-72.445
-72.4857
-72.5258
-72.5654
-72.6045
-72.6431
-72.6812
-72.7188
-72.756
-72.7927
-72.8289
-72.8647
-72.9
-72.9349
-72.9694
-73.0035
-73.0371
-73.0704
-73.1032
-73.1357
-73.1678
-73.1994
-73.2307
-73.2617
-73.2922
-73.3224
-73.3523
-73.3817
-73.4109
-73.4397
-73.4682
-73.4963
-73.5241
-73.5516
-73.5788
-73.6057
-73.6323
-73.6585
-73.6845
-73.7102
-73.7356
-73.7608
-73.7857
-73.8103
-73.8346
-73.8587
-73.8825
-73.9061
-73.9294
-73.9524
-73.9753
-73.9979
-74.0202
-74.0423
-74.0642
-74.0859
-74.1073
-74.1285
-74.1495
-74.1703
-74.1909
-74.2112
-74.2313
-74.2513
-74.271
-74.2905
-74.3098
-74.329
-74.3479
-74.3666
-74.3852
-74.4036
-74.4217
-74.4397
-74.4575
-74.4752
-74.4926
-74.5099
-74.527
-74.544
-74.5607
-74.5774
-74.5938
-74.6101
-74.6262
-74.6422
-74.658
-74.6736
-74.6891
-74.7045
-74.7197
-74.7347
-74.7496
-74.7644
-74.779
-74.7935
-74.8079
-74.8221
-74.8362
-74.8501
-74.864
-74.8777
-74.8913
-74.9047
-74.918
-74.9313
-74.9443
-74.9573
-74.9701
-74.9829
-74.9955
-75.008
-75.0204
-75.0327
-75.0448
-75.0569
-75.0688
-75.0806
-75.0924
-75.104
-75.1155
-75.1269
-75.1382
-75.1495
-75.1606
-75.1716
-75.1825
-75.1933
-75.204
-75.2147
-75.2252
-75.2356
-75.246
-75.2562
-75.2664
-75.2764
-75.2864
-75.2963
-75.3061
-75.3158
-75.3255
-75.335
-75.3445
-75.3538
-75.3631
-75.3724
-75.3815
-75.3906
-75.3995
-75.4084
-75.4172
-75.426
-75.4346
-75.4432
-75.4518
-75.4602
-75.4686
-75.4769
-75.4851
-75.4932
-75.5013
-75.5093
-75.5173
-75.5251
-75.533
-75.5407
-75.5484
-75.556
-75.5635
-75.571
-75.5784
-75.5858
-75.593
-75.6003
-75.6074
-75.6145
-75.6216
-75.6285
-75.6355
-75.6423
-75.6491
-75.6559
-75.6626
-75.6692
-75.6758
-75.6823
-75.6888
-75.6952
-75.7015
-75.7078
-75.7141
-75.7203
-75.7264
-75.7325
-75.7386
-75.7446
-75.7505
-75.7564
-75.7622
-75.768
-75.7738
-75.7795
-75.7851
-75.7907
-75.7963
-75.8018
-75.8072
-75.8127
-75.818
-75.8234
-75.8287
-75.8339
-75.8391
-75.8443
-75.8494
-75.8545
-75.8595
-75.8645
-75.8695
-75.8744
-75.8793
-75.8841
-75.8889
-75.8937
-75.8984
-75.9031
-75.9077
-75.9123
-75.9169
-75.9214
-75.9259
-75.9304
-75.9348
-75.9392
-75.9436
-75.9479
-75.9522
-75.9565
-75.9607
-75.9649
-75.969
-75.9731
-75.9772
-75.9813
-75.9853
-75.9893
-75.9933
-75.9972
-76.0011
-76.005
-76.0088
-76.0126
-76.0164
-76.0201
-76.0239
-76.0275
-76.0312
-76.0348
-76.0384
-76.042
-76.0456
-76.0491
-76.0526
-76.056
-76.0595
-76.0629
-76.0663
-76.0696
-76.0729
-76.0762
-76.0795
-76.0828
-76.086
-76.0892
-76.0924
-76.0955
-76.0986
-76.1017
-76.1048
-76.1079
-76.1109
-76.1139
-76.1169
-76.1198
-76.1228
-76.1257
-76.1286
-76.1314
-76.1343
-76.1371
-76.1399
-76.1427
-76.1455
-76.1482
-76.1509
-76.1536
-76.1563
-76.1589
-76.1615
-76.1642
-76.1667
-76.1693
-76.1719
-76.1744
-76.1769
-76.1794
-76.1819
-76.1843
-76.1868
-76.1892
-76.1916
-76.1939
-76.1963
-76.1986
-76.201
-76.2033
-76.2056
-76.2078
-76.2101
-76.2123
-76.2145
-76.2167
-76.2189
-76.2211
-76.2232
-76.2254
-76.2275
-76.2296
-76.2317
-76.2337
-76.2358
-76.2378
-76.2398
-76.2418
-76.2438
-76.2458
-76.2478
-76.2497
-76.2516
-76.2536
-76.2554
-76.2573
-76.2592
-76.2611
-76.2629
-76.2647
-76.2665
-76.2683
-76.2701
-76.2719
-76.2737
-76.2754
-76.2771
-76.2788
-76.2806
-76.2822
-76.2839
-76.2856
-76.2872
-76.2889
-76.2905
-76.2921
-76.2937
-76.2953
-76.2969
-76.2985
-76.3
-76.3016
-76.3031
-76.3046
-76.3061
-76.3076
-76.3091
-76.3106
-76.312
-76.3135
-76.3149
-76.3164
-76.3178
-76.3192
-76.3206
-76.322
-76.3233
-76.3247
-76.3261
-76.3274
-76.3287
-76.33
-76.3314
-76.3327
-76.334
-76.3352
-76.3365
-76.3378
-76.339
-76.3403
-76.3415
-76.3427
-76.3439
-76.3452
-76.3464
-76.3475
-76.3487
-76.3499
-76.351
-76.3522
-76.3533
-76.3545
-76.3556
-76.3567
-76.3578
-76.3589
-76.36
-76.3611
-76.3622
-76.3632
-76.3643
-76.3654
-76.3664
-76.3674
-76.3685
-76.3695
-76.3705
-76.3715
-76.3725
-76.3735
-76.3745
-76.3754
-76.3764
-76.3774
-76.3783
-76.3793
-76.3802
-76.3811
-76.382
-76.383
-76.3839
-76.3848
-76.3857
-76.3866
-76.3874
-76.3883
-76.3892
-76.39
-76.3909
-76.3917
-76.3926
-76.3934
-76.3943
-76.3951
-76.3959
-76.3967
-76.3975
-76.3983
-76.3991
-76.3999
-76.4007
-76.4014
-76.4022
-76.403
-76.4037
-76.4045
-76.4052
-76.406
-76.4067
-76.4074
-76.4082
-76.4089
-76.4096
-76.4103
-76.411
-76.4117
-73.1002
-69.0304
-65.9337
-63.559
-61.6448
-59.9422
-58.1173
-55.256
-31.589
9.72996
-27.2264
-73.2679
-79.2295
-79.1955
-79.0971
-78.9876
-78.8679
-78.7381
-78.5985
-78.4497
-78.2926
-78.1284
-77.9587
-77.7852
-77.4946
-77.2073
-76.9715
-76.7692
-76.5902
-76.4293
-76.2835
-76.1512
-76.0312
-75.9226
-75.8247
-75.7368
-72.1509
-68.4566
-65.7379
-63.6975
-62.0932
-60.7345
-59.4414
-57.962
-55.615
-44.9736
18.79
-23.3117
-67.4804
-79.6073
-79.6809
-79.6433
-79.5994
-79.5513
-79.4988
-79.4421
-79.3814
-79.317
-79.2493
-79.1789
-79.1064
-79.0325
-78.9581
-78.8838
-78.8104
-78.7385
-78.6687
-78.6015
-78.5373
-78.4762
-78.4186
-78.3644
-78.3137
-78.2665
-75.6808
-71.2486
-67.8338
-65.259
-63.2572
-61.6172
-60.1428
-58.5887
-56.4027
-49.6883
30.0603
-17.8896
-54.7506
-79.071
-79.2343
-79.1434
-79.0388
-78.9241
-78.7994
-78.5985
-78.3434
-78.1455
-77.8335
-77.5723
-77.3611
-77.1723
-76.996
-76.8291
-76.6708
-76.5212
-76.3805
-76.249
-76.1269
-76.0144
-75.9112
-75.8173
-75.7323
-75.6822
-75.6489
-75.6208
-75.5968
-75.5804
-75.6036
-75.6261
-75.6423
-75.6542
-75.6633
-75.6706
-75.6766
-75.6819
-75.6866
-75.691
-75.6952
-75.6993
-75.7034
-75.7075
-75.7117
-75.7159
-75.7202
-75.7245
-75.7289
-75.7335
-75.7381
-75.7427
-75.7475
-75.7522
-75.7571
-75.762
-75.7669
-75.7719
-75.7769
-75.7819
-75.7869
-75.792
-75.7971
-75.8021
-75.8072
-75.8123
-75.8173
-75.8224
-75.8274
-75.8324
-75.8375
-75.8424
-75.8474
-75.8524
-75.8573
-75.8622
-75.867
-75.8719
-75.8767
-75.8815
-75.8862
-75.891
-75.8956
-75.9003
-75.9049
-75.9095
-75.4959
-71.373
-67.6525
-64.8503
-62.6699
-60.8546
-59.1302
-57.0187
-52.2737
41.2557
-11.4369
-43.247
-78.6319
-78.871
-78.7243
-78.5712
-78.4043
-78.2236
-78.0294
-77.8225
-77.6041
-75.8085
-73.8
-72.5526
-71.6724
-70.9685
-70.3641
-69.8258
-69.3385
-68.5327
-66.6765
-65.4218
-64.5737
-63.9629
-63.5059
-63.1549
-62.8818
-62.6667
-62.4978
-63.4747
-64.5714
-65.4077
-64.3795
-62.8511
-61.7437
-60.9154
-60.2519
-59.6778
-59.1401
-58.5857
-57.9526
-57.1242
-55.8094
-52.7165
34.2722
-6.42449
-37.8143
-77.9995
-79.7657
-79.7832
-79.7577
-79.7274
-79.694
-79.6575
-79.618
-79.5756
-79.5306
-79.4833
-79.434
-79.3833
-79.3316
-79.2794
-79.2273
-79.1756
-79.1249
-79.0754
-79.0275
-78.9814
-78.9373
-78.8952
-78.8552
-78.8174
-78.3274
-73.8224
-69.7732
-66.7382
-64.4137
-62.5666
-60.998
-59.5005
-57.7433
-54.6094
14.8723
2.58674
-31.032
-76.229
-79.1615
-79.0911
-78.9801
-78.8576
-78.7239
-78.5793
-77.7661
-75.8305
-74.7265
-74.0267
-73.4633
-72.966
-72.7221
-72.632
-72.6512
-72.5894
-72.4817
-72.3559
-72.2263
-72.1003
-71.9821
-71.8738
-71.7764
-71.6903
-71.6153
-71.5513
-71.4976
-71.4538
-71.4192
-71.3931
-71.3748
-71.3637
-71.3592
-71.3606
-71.3673
-71.3789
-71.3947
-71.6923
-72.1291
-72.4827
-72.7652
-72.9942
-73.1822
-73.3384
-73.4696
-73.5811
-73.6766
-73.7594
-73.8316
-73.8954
-73.952
-74.0027
-74.0485
-74.0902
-74.1284
-74.1809
-74.3857
-74.5742
-74.723
-74.842
-74.9387
-75.0182
-75.0843
-75.14
-75.1873
-75.228
-75.2632
-75.294
-75.3211
-75.3453
-75.3669
-75.3865
-75.4042
-75.4205
-75.4356
-75.4495
-75.4625
-75.4748
-75.4864
-75.4973
-75.5078
-75.5178
-75.5275
-75.5368
-75.5458
-75.5545
-75.563
-75.5713
-75.5794
-75.5874
-75.5952
-75.6028
-75.6103
-75.6177
-75.625
-75.6322
-75.6393
-75.6463
-75.6532
-75.66
-75.6668
-75.6735
-75.6801
-75.6867
-75.6931
-75.6996
-72.9025
-68.8532
-65.7458
-63.3652
-61.4419
-59.7145
-57.8156
-54.6155
10.6648
2.86946
-30.9592
-76.305
-78.9291
-78.7752
-78.6267
-78.4648
-78.2891
-78.0997
-77.8974
-77.6832
-76.7795
-74.4564
-72.9269
-71.9189
-71.1478
-70.5027
-69.9364
-69.4275
-68.9658
-67.9886
-65.5461
-64.417
-63.8406
-63.4238
-63.1103
-62.8705
-62.6849
-62.542
-62.4346
-62.3576
-62.3076
-62.282
-62.2786
-62.2958
-61.6075
-59.5415
-57.5063
-54.8372
-44.0516
14.6722
-25.6847
-69.8254
-79.3771
-79.4644
-79.4029
-79.3301
-79.2503
-79.1636
-79.0703
-78.9708
-78.8658
-78.756
-78.6426
-78.5266
-78.4093
-78.292
-78.1759
-78.0622
-77.9519
-77.8459
-77.7448
-77.5631
-77.3278
-77.1356
-76.9799
-76.8516
-76.7448
-76.6549
-76.5787
-76.5139
-76.4585
-76.411
-76.3702
-76.3352
-76.305
-76.2792
-76.257
-76.2379
-73.8256
-69.6768
-66.4897
-64.0858
-62.194
-60.5838
-59.0065
-57.0177
-52.5375
42.6525
-10.3697
-41.889
-78.4417
-78.9445
-78.8235
-78.682
-78.5272
-78.3593
-78.1786
-77.986
-77.1177
-74.9379
-73.5616

