-70
-69.8623
-69.7285
-69.5983
-69.4718
-69.3487
-69.2291
-69.1128
-68.9997
-68.8897
-68.7828
-68.6789
-68.5778
-68.4795
-68.3839
-68.291
-68.2007
-68.1128
-68.0274
-67.9443
-67.8636
-67.7851
-67.7087
-67.6345
-67.5623
-67.4921
-67.4238
-67.3574
-67.2929
-67.2301
-67.1691
-67.1098
-67.0521
-66.996
-66.9414
-66.8884
-66.8368
-66.7866
-66.7378
-66.6904
-66.6443
-66.5994
-66.5558
-66.5133
-66.4721
-66.432
-66.393
-66.355
-66.3181
-66.2823
-66.2474
-66.2134
-66.1805
-66.1484
-66.1172
-66.0868
-66.0573
-66.0286
-66.0007
-65.9736
-65.9472
-65.9215
-65.8966
-65.8723
-65.8487
-65.8257
-65.8034
-65.7817
-65.7606
-65.74
-65.72
-65.7006
-65.6817
-65.6633
-65.6455
-65.6281
-65.6112
-65.5948
-65.5788
-65.5632
-65.5481
-65.5334
-65.5191
-65.5052
-65.4917
-65.4785
-65.4657
-65.4533
-65.4412
-65.4294
-65.418
-65.4068
-65.396
-65.3855
-65.3752
-65.3653
-65.3556
-65.3462
-65.337
-65.3281
-65.3194
-65.311
-65.3028
-65.2948
-65.2871
-65.2795
-65.2722
-65.2651
-65.2581
-65.2514
-65.2448
-65.2385
-65.2322
-65.2262
-65.2203
-65.2146
-65.2091
-65.2037
-65.1984
-65.1933
-65.1884
-65.1835
-65.1788
-65.1743
-65.1698
-65.1655
-65.1613
-65.1572
-65.1532
-65.1493
-65.1456
-65.1419
-65.1384
-65.1349
-65.1315
-65.1283
-65.1251
-65.122
-65.119
-65.1161
-65.1132
-65.1104
-65.1077
-65.1051
-65.1026
-65.1001
-65.0977
-65.0953
-65.0931
-65.0908
-65.0887
-65.0866
-65.0845
-65.0826
-65.0806
-65.0788
-65.0769
-65.0752
-65.0734
-65.0718
-65.0701
-65.0685
-65.067
-65.0655
-65.064
-65.0626
-65.0612
-65.0599
-65.0586
-65.0573
-65.0561
-65.0549
-65.0537
-65.0526
-65.0514
-65.0504
-65.0493
-65.0483
-65.0473
-65.0464
-65.0454
-65.0445
-65.0436
-65.0428
-65.0419
-65.0411
-65.0403
-65.0395
-65.0388
-65.0381
-65.0374
-65.0367
-65.036
-65.0353
-65.0347
-65.0341
-65.0335
-65.0329
-65.0323
-65.0318
-65.0313
-65.0307
-65.0302
-65.0297
-65.0293
-65.0288
-65.0283
-65.0279
-65.0275
-65.027
-65.0266
-65.0262
-65.0259
-65.0255
-65.0251
-65.0248
-65.0244
-65.0241
-65.0238
-65.0234
-65.0231
-65.0228
-65.0225
-65.0223
-65.022
-65.0217
-65.0215
-65.0212
-65.021
-65.0207
-65.0205
-65.0203
-65.02
-65.0198
-65.0196
-65.0194
-65.0192
-65.019
-65.0188
-65.0187
-65.0185
-65.0183
-65.0181
-65.018
-65.0178
-65.0177
-65.0175
-65.0174
-65.0172
-65.0171
-65.017
-65.0168
-65.0167
-65.0166
-65.0165
-65.0163
-65.0162
-65.0161
-65.016
-65.0159
-65.0158
-65.0157
-65.0156
-65.0155
-65.0154
-65.0153
-65.0153
-65.0152
-65.0151
-65.015
-65.0149
-65.0149
-65.0148
-65.0147
-65.0147
-65.0146
-65.0145
-65.0145
-65.0144
-65.0143
-65.0143
-65.0142
-65.0142
-65.0141
-65.0141
-65.014
-65.014
-65.0139
-65.0139
-65.0138
-65.0138
-65.0137
-65.0137
-65.0137
-65.0136
-65.0136
-65.0135
-65.0135
-65.0135
-65.0134
-65.0134
-65.0134
-65.0133
-65.0133
-65.0133
-65.0133
-65.0132
-65.0132
-65.0132
-65.0131
-65.0131
-65.0131
-65.0131
-65.0131
-65.013
-65.013
-65.013
-65.013
-65.0129
-65.0129
-65.0129
-65.0129
-65.0129
-65.0129
-65.0128
-65.0128
-65.0128
-65.0128
-65.0128
-65.0128
-65.0127
-65.0127
-65.0127
-65.0127
-65.0127
-65.0127
-65.0127
-65.0127
-65.0126
-65.0126
-65.0126
-65.0126
-65.0126
-65.0126
-65.0126
-65.0126
-65.0126
-65.0126
-65.0125
-65.0125
-65.0125
-65.0125
-65.0125
-65.0125
-65.0125
-65.0125
-65.0125
-65.0125
-65.0125
-65.0125
-65.0125
-65.0124
-65.0124
-65.0124
-65.0124
-65.0124
-65.0124
-65.0124
-65.0124
-65.0124
-65.0124
-65.0124
-65.0124
-65.0124
-65.0124
-65.0124
-65.0124
-65.0124
-65.0124
-65.0124
-65.0124
-65.0124
-65.0124
-65.0124
-65.0123
-65.0123
-65.0123
-65.0123
-65.0123
-65.0123
-65.0123
-65.0123
-65.0123
-65.0123
-65.0123
-65.0123
-65.0123
-65.0123
-65.0123
-65.0123
-65.0123
-65.0123
-65.0123
-65.0123
-65.0123
-65.0123
-65.0123
-65.0123
-65.0123
-65.0123
-65.0123
-65.0123
-65.0123
-65.0123
-65.0123
-65.0123
-65.0123
-65.0123
-65.0123
-65.0123
-65.0123
-65.0123
-65.0123
-65.0123
-65.0123
-65.0123
-65.0123
-65.0123
-65.0123
-65.0123
-65.0123
-65.0123
-65.0123
-65.0123
-65.0123
-65.0123
-65.0123
-65.0123
-65.0123
-65.0123
-65.0123
-65.0123
-65.0123
-65.0123
-65.0123
-65.0123
-65.0123
-65.0123
-65.0123
-65.0123
-65.0123
-65.0123
-65.0123
-65.0123
-65.0123
-65.0123
-65.0123
-65.0123
-64.9505
-64.8995
-64.8615
-64.8344
-64.8133
-64.7964
-64.7828
-64.772
-64.7634
-64.7568
-64.7518
-64.7482
-64.7458
-64.7444
-64.7439
-64.7441
-64.745
-64.7465
-64.7484
-64.7508
-64.7534
-64.7564
-64.7596
-64.763
-64.7666
-64.7703
-64.7742
-64.7781
-64.7821
-64.7861
-64.7902
-64.7942
-64.7983
-64.8024
-64.8065
-64.8105
-64.8146
-64.8185
-64.8225
-64.8264
-64.8303
-64.8341
-64.8378
-64.8415
-64.8451
-64.8487
-64.8522
-64.8556
-64.859
-64.8623
-64.8655
-64.8686
-64.8717
-64.6719
-64.5286
-64.385
-64.1383
-63.9103
-63.6307
-63.2717
-62.9702
-62.7463
-62.5266
-62.2772
-62.075
-61.8617
-61.6511
-61.4978
-61.3843
-61.2381
-61.0613
-60.8784
-60.7516
-60.6127
-60.5057
-60.433
-60.3876
-60.3314
-60.2903
-60.2638
-60.2018
-60.1428
-60.0762
-60.0371
-60.007
-59.9709
-59.9614
-59.9695
-59.9926
-60.0263
-60.0685
-60.1178
-60.1482
-60.1627
-60.1951
-60.2386
-60.2579
-60.2769
-60.3109
-60.3561
-60.4092
-60.4676
-60.5301
-60.5958
-60.6641
-60.7344
-60.8061
-60.8789
-60.9525
-61.0264
-61.1005
-61.1746
-61.2484
-61.3218
-61.377
-61.4052
-61.4466
-61.4943
-61.5475
-61.6032
-61.6605
-61.6231
-61.6017
-61.6011
-61.5985
-61.5093
-61.4641
-61.4427
-61.3328
-61.1579
-61.0024
-60.8696
-60.7609
-60.6842
-60.5869
-60.4665
-60.335
-60.2553
-60.1664
-60.0442
-59.926
-59.7891
-59.6467
-59.5132
-59.3979
-59.3299
-59.2942
-59.2832
-59.2904
-59.3125
-59.347
-59.353
-59.3604
-59.2758
-59.1666
-59.0655
-59.017
-59.0017
-59.0107
-59.0366
-59.0759
-59.1261
-59.1854
-59.2521
-59.3249
-59.4028
-59.4847
-59.57
-59.6579
-59.7479
-59.8393
-59.9319
-60.0252
-60.1188
-60.2126
-60.3062
-60.3995
-60.4922
-60.5842
-60.6754
-60.7656
-60.8548
-60.9428
-61.0295
-61.1149
-61.199
-61.2817
-61.363
-61.4428
-61.5212
-61.5982
-61.6736
-61.7476
-61.82
-61.891
-61.9605
-62.0285
-62.095
-62.1601
-62.2237
-62.2859
-62.3466
-62.406
-62.464
-62.5207
-62.576
-62.6301
-62.6828
-62.7343
-62.7846
-62.8336
-62.8815
-62.9282
-62.9738
-63.0182
-63.0616
-63.1039
-63.1451
-63.1854
-63.2246
-63.2628
-63.3001
-63.3365
-63.372
-63.3837
-63.362
-63.3574
-63.3611
-63.3718
-63.3648
-63.2397
-63.1293
-63.055
-63.0078
-62.9504
-62.832
-62.6438
-62.4977
-62.3483
-62.2382
-61.9842
-61.6473
-61.3675
-61.1099
-60.916
-60.7752
-60.6742
-60.5988
-60.4508
-60.3358
-60.26
-60.2156
-60.1932
-60.1406
-60.0806
-60.0514
-60.0446
-60.0357
-59.9972
-59.9721
-59.8596
-59.7929
-59.7299
-59.6958
-59.6735
-59.6501
-59.6516
-59.6702
-59.703
-59.7095
-59.6811
-59.6425
-59.6363
-59.6527
-59.6856
-59.7297
-59.7826
-59.8424
-59.9079
-59.978
-60.0519
-60.1287
-60.2079
-60.2889
-60.3713
-60.4403
-60.4886
-60.5482
-60.6138
-60.6844
-60.7574
-60.832
-60.9076
-60.9839
-61.0605
-61.1071
-61.1489
-61.1997
-61.2568
-61.3178
-61.3808
-61.4375
-61.4048
-61.3119
-61.2601
-61.2391
-61.1952
-61.1286
-61.0829
-61.0073
-60.9439
-60.911
-60.8776
-60.8425
-60.8152
-60.6894
-60.5674
-60.4723
-60.4197
-60.3598
-60.1814
-60.0567
-59.9784
-59.9377
-59.9211
-59.8987
-59.8714
-59.7843
-59.6542
-59.5819
-59.5457
-59.5235
-59.47
-59.4444
-59.443
-59.4621
-59.4889
-59.491
-59.5154
-59.5537
-59.5657
-59.5848
-59.5868
-59.614
-59.653
-59.6438
-59.6467
-59.6706
-59.7112
-59.7632
-59.823
-59.889
-59.9599
-60.0347
-60.1126
-60.193
-60.2752
-60.3588
-60.4433
-60.5284
-60.6138
-60.6993
-60.7845
-60.8694
-60.9537
-61.0373
-61.12
-61.2018
-61.2825
-61.3622
-61.4406
-61.5179
-61.5939
-61.6686
-61.742
-61.814
-61.8847
-61.954
-62.0219
-62.0885
-62.1537
-62.2175
-62.2799
-62.341
-62.4008
-62.4592
-62.5163
-62.5721
-62.6267
-62.6799
-62.732
-62.7828
-62.8324
-62.8808
-62.9281
-62.9743
-63.0193
-63.0632
-63.1061
-63.1479
-63.1887
-63.2284
-63.2672
-63.3051
-63.342
-63.3779
-63.413
-63.4472
-63.4806
-63.5131
-63.5448
-63.5757
-63.6058
-63.6352
-63.6638
-63.6917
-63.7189
-63.7454
-63.7713
-63.7965
-63.821
-63.845
-63.8683
-63.8911
-63.8934
-63.8675
-63.8564
-63.8304
-63.7192
-63.551
-63.419
-63.2624
-63.0969
-62.98
-62.8941
-62.7977
-62.7045
-62.6352
-62.5356
-62.4687
-62.4133
-62.2957
-61.978
-61.6407
-61.3941
-61.221
-61.0975
-60.9525
-60.849
-60.7032
-60.5835
-60.4807
-60.3637
-60.2482
-60.1734
-60.1295
-60.1093
-60.1063
-60.1107
-60.0674
-60.0426
-59.9718
-59.9211
-59.9006
-59.9015
-59.8529
-59.8241
-59.82
-59.8364
-59.8669
-59.9078
-59.923
-59.9409
-59.8626
-59.8254
-59.8165
-59.8325
-59.8632
-59.9048
-59.9549
-60.012
-60.0748
-60.1421
-60.2132
-60.2872
-60.3636
-60.4418
-60.5213
-60.5995
-60.6418
-60.6963
-60.7571
-60.8238
-60.8933
-60.9646
-61.0371
-61.1103
-61.1839
-61.2576
-61.3312
-61.4045
-61.4773
-61.5495
-61.621
-61.6916
-61.7345
-61.7549
-61.7569
-61.7614
-61.7605
-61.7222
-61.6828
-61.6693
-61.673
-61.689
-61.7129
-61.7343
-61.7149
-61.7175
-61.7321
-61.749
-61.6787
-61.6442
-61.6308
-61.5989
-61.5584
-61.3874
-61.2253
-61.0619
-60.943
-60.7921
-60.5852
-60.4137
-60.2947
-60.1821
-60.0572
-59.9777
-59.9304
-59.9086
-59.8714
-59.8164
-59.7404

