-70
-70.0758
-70.1508
-70.225
-70.2983
-70.3706
-70.4419
-70.5122
-70.5814
-70.6496
-70.7168
-70.7829
-70.848
-70.9121
-70.9752
-71.0373
-71.0984
-71.1586
-71.2178
-71.2761
-71.3334
-71.3899
-71.4455
-71.5003
-71.5543
-71.6074
-71.6598
-71.7114
-71.7623
-71.8124
-71.8619
-71.9106
-71.9587
-72.006
-72.0527
-72.0988
-72.1442
-72.1889
-72.2331
-72.2766
-72.3196
-72.362
-72.4038
-72.445
-72.4857
-72.5258
-72.5654
-72.6045
-72.6431
-72.6812
-72.7188
-72.756
-72.7927
-72.8289
-72.8647
-72.9
-72.9349
-72.9694
-73.0035
-73.0371
-73.0704
-73.1032
-73.1357
-73.1678
-73.1994
-73.2307
-73.2617
-73.2922
-73.3224
-73.3523
-73.3817
-73.4109
-73.4397
-73.4682
-73.4963
-73.5241
-73.5516
-73.5788
-73.6057
-73.6323
-73.6585
-73.6845
-73.7102
-73.7356
-73.7608
-73.7857
-73.8103
-73.8346
-73.8587
-73.8825
-73.9061
-73.9294
-73.9524
-73.9753
-73.9979
-74.0202
-74.0423
-74.0642
-74.0859
-74.1073
-74.1285
-74.1495
-74.1703
-74.1909
-74.2112
-74.2313
-74.2513
-74.271
-74.2905
-74.3098
-74.329
-74.3479
-74.3666
-74.3852
-74.4036
-74.4217
-74.4397
-74.4575
-74.4752
-74.4926
-74.5099
-74.527
-74.544
-74.5607
-74.5774
-74.5938
-74.6101
-74.6262
-74.6422
-74.658
-74.6736
-74.6891
-74.7045
-74.7197
-74.7347
-74.7496
-74.7644
-74.779
-74.7935
-74.8079
-74.8221
-74.8362
-74.8501
-74.864
-74.8777
-74.8913
-74.9047
-74.918
-74.9313
-74.9443
-74.9573
-74.9701
-74.9829
-74.9955
-75.008
-75.0204
-75.0327
-75.0448
-75.0569
-75.0688
-75.0806
-75.0924
-75.104
-75.1155
-75.1269
-75.1382
-75.1495
-75.1606
-75.1716
-75.1825
-75.1933
-75.204
-75.2147
-75.2252
-75.2356
-75.246
-75.2562
-75.2664
-75.2764
-75.2864
-75.2963
-75.3061
-75.3158
-75.3255
-75.335
-75.3445
-75.3538
-75.3631
-75.3724
-75.3815
-75.3906
-75.3995
-75.4084
-75.4172
-75.426
-75.4346
-75.4432
-75.4518
-75.4602
-75.4686
-75.4769
-75.4851
-75.4932
-75.5013
-75.5093
-75.5173
-75.5251
-75.533
-75.5407
-75.5484
-75.556
-75.5635
-75.571
-75.5784
-75.5858
-75.593
-75.6003
-75.6074
-75.6145
-75.6216
-75.6285
-75.6355
-75.6423
-75.6491
-75.6559
-75.6626
-75.6692
-75.6758
-75.6823
-75.6888
-75.6952
-75.7015
-75.7078
-75.7141
-75.7203
-75.7264
-75.7325
-75.7386
-75.7446
-75.7505
-75.7564
-75.7622
-75.768
-75.7738
-75.7795
-75.7851
-75.7907
-75.7963
-75.8018
-75.8072
-75.8127
-75.818
-75.8234
-75.8287
-75.8339
-75.8391
-75.8443
-75.8494
-75.8545
-75.8595
-75.8645
-75.8695
-75.8744
-75.8793
-75.8841
-75.8889
-75.8937
-75.8984
-75.9031
-75.9077
-75.9123
-75.9169
-75.9214
-75.9259
-75.9304
-75.9348
-75.9392
-75.9436
-75.9479
-75.9522
-75.9565
-75.9607
-75.9649
-75.969
-75.9731
-75.9772
-75.9813
-75.9853
-75.9893
-75.9933
-75.9972
-76.0011
-76.005
-76.0088
-76.0126
-76.0164
-76.0201
-76.0239
-76.0275
-76.0312
-76.0348
-76.0384
-76.042
-76.0456
-76.0491
-76.0526
-76.056
-76.0595
-76.0629
-76.0663
-76.0696
-76.0729
-76.0762
-76.0795
-76.0828
-76.086
-76.0892
-76.0924
-76.0955
-76.0986
-76.1017
-76.1048
-76.1079
-76.1109
-76.1139
-76.1169
-76.1198
-76.1228
-76.1257
-76.1286
-76.1314
-76.1343
-76.1371
-76.1399
-76.1427
-76.1455
-76.1482
-76.1509
-76.1536
-76.1563
-76.1589
-76.1615
-76.1642
-76.1667
-76.1693
-76.1719
-76.1744
-76.1769
-76.1794
-76.1819
-76.1843
-76.1868
-76.1892
-76.1916
-76.1939
-76.1963
-76.1986
-76.201
-76.2033
-76.2056
-76.2078
-76.2101
-76.2123
-76.2145
-76.2167
-76.2189
-76.2211
-76.2232
-76.2254
-76.2275
-76.2296
-76.2317
-76.2337
-76.2358
-76.2378
-76.2398
-76.2418
-76.2438
-76.2458
-76.2478
-76.2497
-76.2516
-76.2536
-76.2554
-76.2573
-76.2592
-76.2611
-76.2629
-76.2647
-76.2665
-76.2683
-76.2701
-76.2719
-76.2737
-76.2754
-76.2771
-76.2788
-76.2806
-76.2822
-76.2839
-76.2856
-76.2872
-76.2889
-76.2905
-76.2921
-76.2937
-76.2953
-76.2969
-76.2985
-76.3
-76.3016
-76.3031
-76.3046
-76.3061
-76.3076
-76.3091
-76.3106
-76.312
-76.3135
-76.3149
-76.3164
-76.3178
-76.3192
-76.3206
-76.322
-76.3233
-76.3247
-76.3261
-76.3274
-76.3287
-76.33
-76.3314
-76.3327
-76.334
-76.3352
-76.3365
-76.3378
-76.339
-76.3403
-76.3415
-76.3427
-76.3439
-76.3452
-76.3464
-76.3475
-76.3487
-76.3499
-76.351
-76.3522
-76.3533
-76.3545
-76.3556
-76.3567
-76.3578
-76.3589
-76.36
-76.3611
-76.3622
-76.3632
-76.3643
-76.3654
-76.3664
-76.3674
-76.3685
-76.3695
-76.3705
-76.3715
-76.3725
-76.3735
-76.3745
-76.3754
-76.3764
-76.3774
-76.3783
-76.3793
-76.3802
-76.3811
-76.382
-76.383
-76.3839
-76.3848
-76.3857
-76.3866
-76.3874
-76.3883
-76.3892
-76.39
-76.3909
-76.3917
-76.3926
-76.3934
-76.3943
-76.3951
-76.3959
-76.3967
-76.3975
-76.3983
-76.3991
-76.3999
-76.4007
-76.4014
-76.4022
-76.403
-76.4037
-76.4045
-76.4052
-76.406
-76.4067
-76.4074
-76.4082
-76.4089
-76.4096
-76.4103
-76.411
-76.4117
-76.4124
-76.4131
-76.4137
-76.4144
-76.4151
-76.4158
-76.4164
-76.4171
-76.4177
-76.4184
-76.419
-76.4196
-76.4203
-76.4209
-76.4215
-76.4221
-76.4227
-76.4234
-76.424
-76.4246
-76.4251
-76.4257
-76.4263
-76.4269
-76.4275
-76.428
-76.4286
-76.4292
-76.4297
-76.4303
-76.4308
-76.4239
-76.3813
-76.343
-76.3131
-76.2895
-76.2708
-76.2558
-76.2437
-76.234
-76.2262
-76.2199
-76.215
-76.2014
-76.1776
-76.1589
-76.1381
-76.1144
-76.0974
-76.0853
-76.0767
-76.0706
-76.0663
-76.0633
-76.0614
-76.0602
-76.0597
-76.0597
-76.0601
-76.0609
-76.0619
-76.0632
-76.0647
-76.0664
-76.0682
-76.0702
-76.0723
-76.0745
-76.0768
-76.0792
-76.0816
-76.0841
-76.0867
-76.0893
-76.0919
-76.0946
-76.0973
-76.1
-76.1028
-76.1055
-76.1083
-76.1111
-76.1138
-76.1166
-76.1194
-76.1222
-76.1249
-76.1277
-76.1304
-76.1332
-76.1359
-76.1387
-76.1414
-76.1441
-76.1468
-76.1494
-76.1521
-76.1547
-76.1574
-76.16
-76.1572
-76.1444
-76.1337
-76.1173
-76.0912
-76.0716
-76.0589
-76.0506
-76.045
-76.0414
-76.0392
-76.0351
-76.0313
-76.029
-76.0277
-76.0272
-76.0273
-76.0278
-76.0286
-76.0285
-76.0271
-76.0264
-76.0263
-76.0266
-76.0273
-76.0283
-76.0296
-76.031
-76.0326
-76.0343
-76.0362
-76.0382
-76.0403
-76.0425
-76.0447
-76.0471
-76.0495
-76.052
-76.0546
-76.0572
-76.0599
-76.0626
-76.0653
-76.0681
-76.0709
-76.0738
-76.0766
-76.0795
-76.0824
-76.0853
-76.0882
-76.0911
-76.094
-76.0969
-76.0999
-76.1028
-76.1057
-76.1086
-76.1115
-76.1144
-76.1172
-76.1201
-76.1229
-76.1258
-76.1286
-76.1314
-76.1342
-76.137
-76.1397
-76.1425
-76.1452
-76.1479
-76.1506
-76.1533
-76.1559
-76.1585
-76.1612
-76.1638
-76.1663
-76.1689
-76.1714
-76.174
-76.1765
-76.179
-76.1814
-76.1839
-76.1863
-76.1887
-76.1911
-76.1935
-76.1959
-76.1982
-76.2005
-76.2028
-76.2051
-76.2074
-76.2096
-76.2119
-76.2141
-76.2163
-76.2185
-76.2207
-76.2228
-76.2249
-76.2271
-76.2292
-76.2312
-76.2333
-76.2354
-76.2374
-76.2394
-76.2414
-76.2376
-76.2168
-76.1919
-76.1602
-76.1366
-76.1195
-76.1071
-76.0979
-76.0912
-76.0862
-76.0827
-76.0802
-76.0786
-76.0777
-76.0773
-76.0774
-76.0779
-76.0787
-76.0798
-76.0811
-76.0826
-76.083
-76.077
-76.0719
-76.0682
-76.0657
-76.0642
-76.0633
-76.063
-76.0631
-76.0637
-76.0646
-76.0657
-76.0671
-76.0686
-76.0704
-76.0723
-76.0743
-76.0764
-76.0786
-76.081
-76.0834
-76.0858
-76.0883
-76.0909
-76.0935
-76.0961
-76.0988
-76.1015
-76.1042
-76.1069
-76.1097
-76.1124
-76.1152
-76.1179
-76.1207
-76.1235
-76.1262
-76.129
-76.1317
-76.1344
-76.1372
-76.1399
-76.1426
-76.1453
-76.1479
-76.1506
-76.1532
-76.1559
-76.1585
-76.1611
-76.1637
-76.1662
-76.1688
-76.1713
-76.1738
-76.1763
-76.1788
-76.1813
-76.1757
-76.1468
-76.1226
-76.1028
-76.0818
-76.0672
-76.0575
-76.051
-76.0428
-76.0365
-76.0325
-76.0301
-76.0288
-76.0283
-76.0283
-76.0287
-76.0295
-76.0306
-76.0319
-76.0333
-76.035
-76.0368
-76.0387
-76.0408
-76.0429
-76.0451
-76.0475
-76.0499
-76.0523
-76.0549
-76.0575
-76.0601
-76.0628
-76.0655
-76.0683
-76.0711
-76.0739
-76.0768
-76.0796
-76.0825
-76.0854
-76.0883
-76.0912
-76.0941
-76.097
-76.1
-76.1029
-76.1058
-76.1087
-76.1116
-76.1144
-76.1173
-76.1202
-76.123
-76.1258
-76.1287
-76.1315
-76.1343
-76.137
-76.1398
-76.1425
-76.1453
-76.148
-76.1506
-76.1533
-76.156
-76.1586
-76.1612
-76.1638
-76.1664
-76.169
-76.1715
-76.174
-76.1765
-76.179
-76.1815
-76.1839
-76.1864
-76.1888
-76.1912
-76.1935
-76.1959
-76.1982
-76.2006
-76.2029
-76.2052
-76.2074
-76.2097
-76.2119
-76.2141
-76.2163
-76.2185
-76.2207
-76.2228
-76.225
-76.2271
-76.2292
-76.2313
-76.2334
-76.2354
-76.2375
-76.2395
-76.2415
-76.2435
-76.2454
-76.2474
-76.2494
-76.2513
-76.2532
-76.2551
-76.257
-76.2589
-76.2607
-76.2626
-76.2644
-76.2662
-76.268
-76.2698
-76.2716
-76.2733
-76.2751
-76.2768
-76.2785
-76.2802
-76.2795
-76.2559
-76.2326
-76.1955
-76.1543
-76.12
-76.0971
-76.0815
-76.0708
-76.0633
-76.0582
-76.0546
-76.0523
-76.0509
-76.0502
-76.0501
-76.0504
-76.0511
-76.0521
-76.0533
-76.0548
-76.0564
-76.0582
-76.0602
-76.0623
-76.0644
-76.0667
-76.0691
-76.0715
-76.074
-76.0766
-76.0792
-76.0819
-76.0846
-76.0873
-76.09
-76.0928
-76.0956
-76.0984
-76.1012
-76.104
-76.1068
-76.1097
-76.1125
-76.1153
-76.1181
-76.1209
-76.1238
-76.1265
-76.1293
-76.1321
-76.1349
-76.1376
-76.1403
-76.1431
-76.1458
-76.1485
-76.1511
-76.1538
-76.1564
-76.159
-76.1617
-76.1642
-76.1668
-76.1694
-76.1719
-76.1744
-76.1769
-76.1794
-76.1819

