-70
-70.0758
-70.1508
-70.225
-70.2983
-70.3706
-70.4419
-70.5122
-70.5814
-70.6496
-70.7168
-70.7829
-70.848
-70.9121
-70.9752
-71.0373
-71.0984
-71.1586
-71.2178
-71.2761
-71.3334
-71.3899
-71.4455
-71.5003
-71.5543
-71.6074
-71.6598
-71.7114
-71.7623
-71.8124
-71.8619
-71.9106
-71.9587
-72.006
-72.0527
-72.0988
-72.1442
-72.1889
-72.2331
-72.2766
-72.3196
-72.362
-72.4038
-72.445
-72.4857
-72.5258
-72.5654
-72.6045
-72.6431
-72.6812
-72.7188
-72.756
-72.7927
-72.8289
-72.8647
-72.9
-72.9349
-72.9694
-73.0035
-73.0371
-73.0704
-73.1032
-73.1357
-73.1678
-73.1994
-73.2307
-73.2617
-73.2922
-73.3224
-73.3523
-73.3817
-73.4109
-73.4397
-73.4682
-73.4963
-73.5241
-73.5516
-73.5788
-73.6057
-73.6323
-73.6585
-73.6845
-73.7102
-73.7356
-73.7608
-73.7857
-73.8103
-73.8346
-73.8587
-73.8825
-73.9061
-73.9294
-73.9524
-73.9753
-73.9979
-74.0202
-74.0423
-74.0642
-74.0859
-74.1073
-74.1285
-74.1495
-74.1703
-74.1909
-74.2112
-74.2313
-74.2513
-74.271
-74.2905
-74.3098
-74.329
-74.3479
-74.3666
-74.3852
-74.4036
-74.4217
-74.4397
-74.4575
-74.4752
-74.4926
-74.5099
-74.527
-74.544
-74.5607
-74.5774
-74.5938
-74.6101
-74.6262
-74.6422
-74.658
-74.6736
-74.6891
-74.7045
-74.7197
-74.7347
-74.7496
-74.7644
-74.779
-74.7935
-74.8079
-74.8221
-74.8362
-74.8501
-74.864
-74.8777
-74.8913
-74.9047
-74.918
-74.9313
-74.9443
-74.9573
-74.9701
-74.9829
-74.9955
-75.008
-75.0204
-75.0327
-75.0448
-75.0569
-75.0688
-75.0806
-75.0924
-75.104
-75.1155
-75.1269
-75.1382
-75.1495
-75.1606
-75.1716
-75.1825
-75.1933
-75.204
-75.2147
-75.2252
-75.2356
-75.246
-75.2562
-75.2664
-75.2764
-75.2864
-75.2963
-75.3061
-75.3158
-75.3255
-75.335
-75.3445
-75.3538
-75.3631
-75.3724
-75.3815
-75.3906
-75.3995
-75.4084
-75.4172
-75.426
-75.4346
-75.4432
-75.4518
-75.4602
-75.4686
-75.4769
-75.4851
-75.4932
-75.5013
-75.5093
-75.5173
-75.5251
-75.533
-75.5407
-75.5484
-75.556
-75.5635
-75.571
-75.5784
-75.5858
-75.593
-75.6003
-75.6074
-75.6145
-75.6216
-75.6285
-75.6355
-75.6423
-75.6491
-75.6559
-75.6626
-75.6692
-75.6758
-75.6823
-75.6888
-75.6952
-75.7015
-75.7078
-75.7141
-75.7203
-75.7264
-75.7325
-75.7386
-75.7446
-75.7505
-75.7564
-75.7622
-75.768
-75.7738
-75.7795
-75.7851
-75.7907
-75.7963
-75.8018
-75.8072
-75.8127
-75.818
-75.8234
-75.8287
-75.8339
-75.8391
-75.8443
-75.8494
-75.8545
-75.8595
-75.8645
-75.8695
-75.8744
-75.8793
-75.8841
-75.8889
-75.8937
-75.8984
-75.9031
-75.9077
-75.9123
-75.9169
-75.9214
-75.9259
-75.9304
-75.9348
-75.9392
-75.9436
-75.9479
-75.9522
-75.9565
-75.9607
-75.9649
-75.969
-75.9731
-75.9772
-75.9813
-75.9853
-75.9893
-75.9933
-75.9972
-76.0011
-76.005
-76.0088
-76.0126
-76.0164
-76.0201
-76.0239
-76.0275
-76.0312
-76.0348
-76.0384
-76.042
-76.0456
-76.0491
-76.0526
-76.056
-76.0595
-76.0629
-76.0663
-76.0696
-76.0729
-76.0762
-76.0795
-76.0828
-76.086
-76.0892
-76.0924
-76.0955
-76.0986
-76.1017
-76.1048
-76.1079
-76.1109
-76.1139
-76.1169
-76.1198
-76.1228
-76.1257
-76.1286
-76.1314
-76.1343
-76.1371
-76.1399
-76.1427
-76.1455
-76.1482
-76.1509
-76.1536
-76.1563
-76.1589
-76.1615
-76.1642
-76.1667
-76.1693
-76.1719
-76.1744
-76.1769
-76.1794
-76.1819
-76.1843
-76.1868
-76.1892
-76.1916
-76.1939
-76.1963
-76.1986
-76.201
-76.2033
-76.2056
-76.2078
-76.2101
-76.2123
-76.2145
-76.2167
-76.2189
-76.2211
-76.2232
-76.2254
-76.2275
-76.2296
-76.2317
-76.2337
-76.2358
-76.2378
-76.2398
-76.2418
-76.2438
-76.2458
-76.2478
-76.2497
-76.2516
-76.2536
-76.2554
-76.2573
-76.2592
-76.2611
-76.2629
-76.2647
-76.2665
-76.2683
-76.2701
-76.2719
-76.2737
-76.2754
-76.2771
-76.2788
-76.2806
-76.2822
-76.2839
-76.2856
-76.2872
-76.2889
-76.2905
-76.2921
-76.2937
-76.2953
-76.2969
-76.2985
-76.3
-76.3016
-76.3031
-76.3046
-76.3061
-76.3076
-76.3091
-76.3106
-76.312
-76.3135
-76.3149
-76.3164
-76.3178
-76.3192
-76.3206
-76.322
-76.3233
-76.3247
-76.3261
-76.3274
-76.3287
-76.33
-76.3314
-76.3327
-76.334
-76.3352
-76.3365
-76.3378
-76.339
-76.3403
-76.3415
-76.3427
-76.3439
-76.3452
-76.3464
-76.3475
-76.3487
-76.3499
-76.351
-76.3522
-76.3533
-76.3545
-76.3556
-76.3567
-76.3578
-76.3589
-76.36
-76.3611
-76.3622
-76.3632
-76.3643
-76.3654
-76.3664
-76.3674
-76.3685
-76.3695
-76.3705
-76.3715
-76.3725
-76.3735
-76.3745
-76.3754
-76.3764
-76.3774
-76.3783
-76.3793
-76.3802
-76.3811
-76.382
-76.383
-76.3839
-76.3848
-76.3857
-76.3866
-76.3874
-76.3883
-76.3892
-76.39
-76.3909
-76.3917
-76.3926
-76.3934
-76.3943
-76.3951
-76.3959
-76.3967
-76.3975
-76.3983
-76.3991
-76.3999
-76.4007
-76.4014
-76.4022
-75.9782
-71.7854
-68.0015
-65.1526
-62.9424
-60.52
-56.3837
-43.6109
17.9636
-23.3298
-67.3596
-79.1223
-79.1206
-79.0137
-78.8943
-77.6797
-76.3747
-74.1355
-72.8129
-72.0381
-71.4027
-70.8115
-70.2425
-69.6155
-67.3271
-65.3237
-62.496
-60.259
-58.5107
-56.6978
-53.6564
-2.57015
-0.132823
-32.7917
-76.0073
-78.7093
-78.6018
-78.3877
-78.1535
-77.9414
-77.0553
-75.4176
-74.5854
-72.3023
-70.55
-69.6965
-69.1274
-69.0676
-69.1245
-69.0373
-68.8887
-68.7218
-68.5555
-68.3987
-68.3291
-68.9125
-69.9268
-70.1034
-67.8773
-66.2946
-65.3624
-64.7875
-64.4217
-64.1864
-64.9975
-65.8421
-66.426
-66.8387
-67.1418
-67.3729
-67.5559
-67.7061
-67.8334
-68.621
-69.4029
-68.0464
-66.2788
-65.7059
-65.4192
-65.2563
-62.9777
-60.9418
-59.5493
-58.4246
-57.2883
-55.7444
-52.1742
44.2831
-10.1876
-41.3503
-77.7524
-78.2619
-77.3452
-76.937
-76.6076
-76.2648
-75.9048
-75.5296
-73.5162
-71.7599
-70.3174
-67.7962
-66.0717
-64.9332
-64.0808
-64.0225
-64.4537
-65.2004
-66.069
-66.7906
-67.7814
-68.4059
-68.7732
-69.4538
-70.0725
-70.6051
-71.3175
-71.9233
-72.5251
-72.9022
-73.1364
-73.2887
-73.3921
-73.4652
-73.5191
-73.5605
-73.5936
-73.6211
-73.645
-73.6663
-73.7821
-74.0048
-74.1803
-74.3138
-74.4177
-74.5002
-74.5669
-74.6219
-74.6679
-74.7071
-74.741
-74.7707
-74.7971
-74.8208
-74.8424
-74.8622
-74.8807
-74.898
-74.9144
-74.93
-74.9449
-74.9592
-74.9731
-74.9866
-74.9998
-75.0127
-75.0253
-75.0377
-75.0499
-75.062
-75.0739
-75.0856
-75.0972
-75.1087
-75.12
-75.1313
-75.1424
-75.1535
-75.1644
-75.1753
-75.186
-75.1967
-75.2073
-75.2178
-75.2282
-75.2385
-75.2488
-75.2589
-75.269
-75.279
-75.2889
-72.1056
-68.1918
-65.213
-62.0147
-57.7097
-51.1726
35.7777
-14.6799
-48.1336
-78.8503
-79.1297
-79.0276
-78.9093
-78.7797
-78.1104
-75.6836
-73.0702
-71.7832
-70.9832
-70.3196
-69.7086
-69.1282
-68.5738
-67.5195
-64.8762
-61.5693
-59.1309
-56.998
-53.8755
-12.9891
1.56131
-31.8543
-75.6195
-78.0148
-77.297
-76.9256
-76.6027
-76.2642
-75.9083
-75.5567
-75.2278
-74.918
-73.7152
-71.558
-70.2911
-69.5588
-69.4666
-67.9966
-65.9417
-64.7069
-63.9382
-63.4564
-64.9341
-66.162
-67.7287
-69.217
-69.98
-70.3764
-70.5951
-70.7226
-70.8015
-70.8535
-70.8905
-70.9192
-71.105
-71.5494
-71.297
-68.4908
-66.3812
-65.031
-64.1336
-63.5188
-63.0884
-62.7846
-62.57
-62.422
-62.3257
-62.2711
-62.2508
-61.4171
-59.0605
-56.8874
-55.9448
-54.3181
-46.1821
18.669
-24.0266
-66.7739
-78.305
-78.2617
-78.0655
-77.8491
-77.6164
-75.8395
-74.3851
-73.6221
-73.0431
-71.0806
-69.0355
-67.7534
-66.8439
-66.1204
-65.5063
-64.1073
-61.9115
-60.2267
-58.8189
-57.116
-55.7478
-53.0494
6.94559
-2.34162
-34.3488
-76.729
-78.9395
-77.8245
-77.3591
-77.0721
-76.7834
-76.4822
-76.1696
-75.8481
-75.5206
-75.1903
-74.898
-74.6588
-74.4901
-74.374
-74.2388
-74.0967
-73.9571
-73.8244
-73.701
-73.5879
-73.4855
-73.3937
-73.3123
-73.2409
-73.1789
-73.1258
-73.081
-73.0438
-73.2209
-73.458
-73.6987
-74.0371
-74.2955
-74.4838
-74.6246
-74.7323
-74.8165
-74.8835
-74.9379
-74.9827
-75.0203
-75.0524
-75.08
-75.1043
-75.1258
-75.1451
-75.1627
-75.1788
-75.1938
-75.2079
-75.2211
-75.2337
-75.2457
-75.2573
-75.2685
-75.2793
-75.2899
-75.3002
-75.3103
-75.3203
-75.33
-75.3396
-75.3491
-75.3585
-75.3677
-75.3769
-75.3859
-75.3949
-75.4038
-75.4126
-75.4213
-75.4299
-75.4385
-75.447
-75.4554
-75.4637
-75.472
-75.4802
-75.4884
-75.4964
-75.5045
-75.5124
-75.5203
-75.5281
-75.5358
-75.5435
-75.5511
-75.5587
-75.5662
-75.5736
-75.581
-75.5883
-71.9253
-65.2463
-59.9813
-55.3714
-11.1095
6.30695
-28.8496
-74.9352
-79.1509
-79.0872
-78.9756
-78.8522
-77.2091
-74.5599
-73.5021
-72.8527
-72.2754
-71.7146
-71.1617
-70.6182
-70.0877
-68.6315
-64.4556
-61.5551
-59.5898
-57.9075
-55.8971
-51.2529
39.2565
-14.5819
-48.2384
-77.5808
-77.6325
-77.3724
-77.0663
-76.746
-76.4295
-76.1023
-75.7641
-75.4175
-75.0657
-74.712
-74.3835
-74.1679
-74.0824
-73.7735
-70.1289
-66.3767
-64.5781
-65.1937
-65.7648
-66.1018
-66.9391
-67.4459
-67.6992
-67.8336
-67.9103
-67.9582
-67.9921
-68.0198
-68.0456
-68.0719
-68.1001
-68.131
-68.165
-68.8067
-69.4646
-69.9515
-70.317
-70.5982
-70.8198
-70.9982
-71.1449
-71.2679
-71.3731
-71.4645
-71.5454
-71.6181
-71.6844
-71.7456
-71.8027
-71.8566
-71.7725
-68.4126
-65.2138
-62.8239
-60.9414
-59.2856
-57.5056
-54.6792
-31.931
7.28623
-28.7927
-74.0323
-78.6095
-78.4935
-77.8832
-76.5727
-75.9973
-75.5782
-75.1618
-74.7338
-74.2953
-71.9657
-70.0691
-68.788
-66.1905
-64.1781
-62.8292
-61.8204
-60.9901

