-70
-70.0758
-70.1508
-70.225
-70.2983
-70.3706
-70.4419
-70.5122
-70.5814
-70.6496
-70.7168
-70.7829
-70.848
-70.9121
-70.9752
-71.0373
-71.0984
-71.1586
-71.2178
-71.2761
-71.3334
-71.3899
-71.4455
-71.5003
-71.5543
-71.6074
-71.6598
-71.7114
-71.7623
-71.8124
-71.8619
-71.9106
-71.9587
-72.006
-72.0527
-72.0988
-72.1442
-72.1889
-72.2331
-72.2766
-72.3196
-72.362
-72.4038
-72.445
-72.4857
-72.5258
-72.5654
-72.6045
-72.6431
-72.6812
-72.7188
-72.756
-72.7927
-72.8289
-72.8647
-72.9
-72.9349
-72.9694
-73.0035
-73.0371
-73.0704
-73.1032
-73.1357
-73.1678
-73.1994
-73.2307
-73.2617
-73.2922
-73.3224
-73.3523
-73.3817
-73.4109
-73.4397
-73.4682
-73.4963
-73.5241
-73.5516
-73.5788
-73.6057
-73.6323
-73.6585
-73.6845
-73.7102
-73.7356
-73.7608
-73.7857
-73.8103
-73.8346
-73.8587
-73.8825
-73.9061
-73.9294
-73.9524
-73.9753
-73.9979
-74.0202
-74.0423
-74.0642
-74.0859
-74.1073
-74.1285
-74.1495
-74.1703
-74.1909
-74.2112
-74.2313
-74.2513
-74.271
-74.2905
-74.3098
-74.329
-74.3479
-74.3666
-74.3852
-74.4036
-74.4217
-74.4397
-74.4575
-74.4752
-74.4926
-74.5099
-74.527
-74.544
-74.5607
-74.5774
-74.5938
-74.6101
-74.6262
-74.6422
-74.658
-74.6736
-74.6891
-74.7045
-74.7197
-74.7347
-74.7496
-74.7644
-74.779
-74.7935
-74.8079
-74.8221
-74.8362
-74.8501
-74.864
-74.8777
-74.8913
-74.9047
-74.918
-74.9313
-74.9443
-74.9573
-74.9701
-74.9829
-74.9955
-75.008
-75.0204
-75.0327
-75.0448
-75.0569
-75.0688
-75.0806
-75.0924
-75.104
-75.1155
-75.1269
-75.1382
-75.1495
-75.1606
-75.1716
-75.1825
-75.1933
-75.204
-75.2147
-75.2252
-75.2356
-75.246
-75.2562
-75.2664
-75.2764
-75.2864
-75.2963
-75.3061
-75.3158
-75.3255
-75.335
-75.3445
-75.3538
-75.3631
-75.3724
-75.3815
-75.3906
-75.3995
-75.4084
-75.4172
-75.426
-75.4346
-75.4432
-75.4518
-75.4602
-75.4686
-75.4769
-75.4851
-75.4932
-75.5013
-75.5093
-75.5173
-75.5251
-75.533
-75.5407
-75.5484
-75.556
-75.5635
-75.571
-75.5784
-75.5858
-75.593
-75.6003
-75.6074
-75.6145
-75.6216
-75.6285
-75.6355
-75.6423
-75.6491
-75.6559
-75.6626
-75.6692
-75.6758
-75.6823
-75.6888
-75.6952
-75.7015
-75.7078
-75.7141
-75.7203
-75.7264
-75.7325
-75.7386
-75.7446
-75.7505
-75.7564
-75.7622
-75.768
-75.7738
-75.7795
-75.7851
-75.7907
-75.7963
-75.8018
-75.8072
-75.8127
-75.818
-75.8234
-75.8287
-75.8339
-75.8391
-75.8443
-75.8494
-75.8545
-75.8595
-75.8645
-75.8695
-75.8744
-75.8793
-75.8841
-75.8889
-75.8937
-75.8984
-75.9031
-75.9077
-75.9123
-75.9169
-75.9214
-75.9259
-75.9304
-75.9348
-75.9392
-75.9436
-75.9479
-75.9522
-75.9565
-75.9607
-75.9649
-75.969
-75.9731
-75.9772
-75.9813
-75.9853
-75.9893
-75.9933
-75.9972
-76.0011
-76.005
-76.0088
-76.0126
-76.0164
-76.0201
-76.0239
-76.0275
-76.0312
-76.0348
-76.0384
-76.042
-76.0456
-76.0491
-76.0526
-76.056
-76.0595
-76.0629
-76.0663
-76.0696
-76.0729
-76.0762
-76.0795
-76.0828
-76.086
-76.0892
-76.0924
-76.0955
-76.0986
-76.1017
-76.1048
-76.1079
-76.1109
-76.1139
-76.1169
-76.1198
-76.1228
-76.1257
-76.1286
-76.1314
-76.1343
-76.1371
-76.1399
-76.1427
-76.1455
-76.1482
-76.1509
-76.1536
-76.1563
-76.1589
-76.1615
-76.1642
-76.1667
-76.1693
-76.1719
-76.1744
-76.1769
-76.1794
-76.1819
-76.1843
-76.1868
-76.1892
-76.1916
-76.1939
-76.1963
-76.1986
-76.201
-76.2033
-76.2056
-76.2078
-76.2101
-76.2123
-76.2145
-76.2167
-76.2189
-76.2211
-76.2232
-76.2254
-76.2275
-76.2296
-76.2317
-76.2337
-76.2358
-76.2378
-76.2398
-76.2418
-76.2438
-76.2458
-76.2478
-76.2497
-76.2516
-76.2536
-76.2554
-76.2573
-76.2592
-76.2611
-76.2629
-76.2647
-76.2665
-76.2683
-76.2701
-76.2719
-76.2737
-76.2754
-76.2771
-76.2788
-76.2806
-76.2822
-76.2839
-76.2856
-76.2872
-76.2889
-76.2905
-76.2921
-76.2937
-76.2953
-76.2969
-76.2985
-76.3
-76.3016
-76.3031
-76.3046
-76.3061
-76.3076
-76.3091
-76.3106
-76.312
-76.3135
-76.3149
-76.3164
-76.3178
-76.3192
-76.3206
-76.322
-76.3233
-76.3247
-76.3261
-76.3274
-76.3287
-76.33
-76.3314
-76.3327
-76.334
-76.3352
-76.3365
-76.3378
-76.339
-76.3403
-76.3415
-76.3427
-76.3439
-76.3452
-76.3464
-76.3475
-76.3487
-76.3499
-76.351
-76.3522
-76.3533
-76.3545
-76.3556
-76.3567
-76.3578
-76.3589
-76.36
-76.3611
-76.3622
-76.3632
-76.3643
-76.3654
-76.3664
-76.3674
-76.3685
-76.3695
-76.3705
-76.3715
-76.3725
-76.3735
-76.3745
-76.3754
-76.3764
-76.3774
-76.3783
-76.3793
-76.3802
-76.3811
-76.382
-76.383
-76.3839
-76.3848
-76.3857
-76.3866
-76.3874
-76.3883
-76.3892
-76.39
-76.3909
-76.3917
-76.3926
-76.3934
-76.3943
-76.3951
-76.3959
-76.3967
-76.3975
-76.3983
-76.3991
-76.3999
-76.4007
-76.4014
-76.4022
-76.403
-76.4037
-76.4045
-76.4052
-76.406
-76.4067
-76.4074
-76.4082
-76.4089
-76.4096
-76.4103
-76.411
-76.4117
-76.4124
-76.4131
-76.4137
-76.4144
-76.4151
-76.4158
-76.4164
-76.4171
-76.4177
-76.4184
-76.419
-76.4196
-76.4203
-76.4209
-76.4215
-76.4221
-76.4227
-76.4234
-76.424
-76.4246
-76.4251
-76.4257
-76.4263
-76.4269
-76.4275
-76.428
-76.3959
-76.3533
-76.2905
-76.2395
-76.2028
-76.1761
-76.1492
-76.1208
-76.1007
-76.0867
-76.0769
-76.0699
-76.065
-76.0616
-76.0593
-76.0579
-76.0572
-76.057
-76.0573
-76.058
-76.059
-76.0602
-76.0616
-76.0633
-76.0651
-76.067
-76.0691
-76.0713
-76.0735
-76.0759
-76.0783
-76.0808
-76.0834
-76.086
-76.0886
-76.0913
-76.094
-76.0923
-76.0852
-76.0796
-76.0755
-76.0727
-76.0709
-76.0697
-76.0692
-76.0692
-76.0696
-76.0703
-76.0714
-76.0726
-76.0741
-76.0758
-76.0776
-76.0796
-76.0816
-76.0838
-76.0861
-76.0884
-76.0909
-76.0933
-76.0958
-76.0984
-76.101
-76.1036
-76.1063
-76.109
-76.1117
-76.1144
-76.1171
-76.1198
-76.1167
-76.0978
-76.083
-76.0728
-76.0653
-76.0547
-76.0451
-76.0363
-76.0308
-76.0275
-76.0256
-76.0247
-76.0231
-76.0212
-76.0202
-76.02
-76.0203
-76.0209
-76.0218
-76.0229
-76.0242
-76.0257
-76.0273
-76.0291
-76.031
-76.0329
-76.035
-76.0372
-76.0394
-76.0418
-76.0442
-76.0467
-76.0492
-76.0518
-76.0544
-76.0571
-76.0598
-76.0626
-76.0654
-76.0682
-76.0711
-76.0739
-76.0768
-76.0797
-76.0826
-76.0856
-76.0885
-76.0914
-76.0944
-76.0973
-76.1002
-76.1032
-76.1061
-76.109
-76.1119
-76.1148
-76.1176
-76.1205
-76.1234
-76.1262
-76.129
-76.1318
-76.1346
-76.1374
-76.1402
-76.1429
-76.1456
-76.1483
-76.151
-76.1537
-76.1563
-76.159
-76.1616
-76.1642
-76.1668
-76.1693
-76.1719
-76.1744
-76.1769
-76.1794
-76.1818
-76.1843
-76.1867
-76.1891
-76.1915
-76.1939
-76.1962
-76.1986
-76.2009
-76.2032
-76.2055
-76.2078
-76.21
-76.2122
-76.2145
-76.2167
-76.2188
-76.221
-76.2232
-76.2253
-76.2274
-76.2295
-76.2316
-76.2337
-76.2357
-76.2377
-76.2398
-76.2418
-76.2438
-76.2309
-76.2053
-76.1712
-76.1455
-76.1269
-76.1133
-76.1032
-76.0958
-76.0904
-76.0864
-76.0836
-76.0783
-76.0699
-76.0637
-76.0594
-76.0518
-76.0454
-76.0412
-76.0385
-76.0369
-76.0361
-76.0359
-76.0362
-76.0368
-76.0378
-76.039
-76.0404
-76.0421
-76.0438
-76.0457
-76.0478
-76.0499
-76.0522
-76.0545
-76.0569
-76.0594
-76.062
-76.0646
-76.0672
-76.0699
-76.0727
-76.0754
-76.0782
-76.081
-76.0839
-76.0867
-76.0896
-76.0925
-76.0953
-76.0982
-76.1011
-76.104
-76.1069
-76.1098
-76.1126
-76.1155
-76.1183
-76.1212
-76.124
-76.1268
-76.1296
-76.1324
-76.1352
-76.138
-76.1407
-76.1435
-76.1462
-76.1489
-76.1515
-76.1542
-76.1568
-76.1595
-76.1621
-76.1647
-76.1672
-76.1698
-76.1723
-76.1615
-76.1484
-76.1271
-76.1094
-76.0957
-76.0784
-76.0655
-76.0569
-76.051
-76.0471
-76.0446
-76.043
-76.0423
-76.0421
-76.0422
-76.0394
-76.037
-76.0356
-76.0349
-76.0348
-76.0352
-76.0359
-76.0369
-76.0382
-76.0396
-76.0413
-76.0431
-76.045
-76.0471
-76.0492
-76.0515
-76.0538
-76.0563
-76.0588
-76.0613
-76.0639
-76.0666
-76.0693
-76.072
-76.0748
-76.0776
-76.0804
-76.0832
-76.0861
-76.089
-76.0918
-76.0947
-76.0976
-76.1005
-76.1034
-76.1063
-76.1092
-76.112
-76.1149
-76.1178
-76.1206
-76.1234
-76.1263
-76.1291
-76.1319
-76.1347
-76.1374
-76.1402
-76.1429
-76.1456
-76.1483
-76.151
-76.1537
-76.1563
-76.159
-76.1616
-76.1642
-76.1667
-76.1693
-76.1718
-76.1744
-76.1769
-76.1793
-76.1818
-76.1842
-76.1867
-76.1891
-76.1915
-76.1939
-76.1962
-76.1985
-76.2009
-76.2032
-76.2055
-76.2077
-76.21
-76.2122
-76.2144
-76.2166
-76.2188
-76.221
-76.2231
-76.2253
-76.2274
-76.2295
-76.2316
-76.2336
-76.2357
-76.2377
-76.2397
-76.2417
-76.2437
-76.2457
-76.2477
-76.2496
-76.2515
-76.2534
-76.2553
-76.2572
-76.2591
-76.261
-76.2628
-76.2646
-76.2664
-76.2682
-76.27
-76.2718
-76.2736
-76.2753
-76.277
-76.2788
-76.2688
-76.2319
-76.1921
-76.163
-76.142
-76.1265
-76.1151
-76.1065
-76.1001
-76.0906
-76.0791
-76.0663
-76.0548
-76.0472
-76.0422
-76.039
-76.037
-76.036
-76.0356
-76.0357
-76.0362
-76.0371
-76.0382
-76.0396
-76.0411
-76.0428
-76.0447
-76.0467
-76.0488
-76.051
-76.0533
-76.0557
-76.0582
-76.0607
-76.0633
-76.0659
-76.0686
-76.0713
-76.0741
-76.0769
-76.0797
-76.0825
-76.0854
-76.0882
-76.0911
-76.094
-76.0968
-76.0997
-76.1026
-76.1055
-76.1084
-76.1113
-76.1141
-76.117
-76.1198
-76.1227
-76.1255
-76.1283
-76.1311
-76.1339
-76.1367
-76.1394
-76.1422
-76.1449
-76.1476
-76.1503
-76.1529
-76.1556
-76.1582
-76.1608
-76.1634
-76.166
-76.1686
-76.1711
-76.1737
-76.1762
-76.1787

