-70
-70.0758
-70.1508
-70.225
-70.2983
-70.3706
-70.4419
-70.5122
-70.5814
-70.6496
-70.7168
-70.7829
-70.848
-70.9121
-70.9752
-71.0373
-71.0984
-71.1586
-71.2178
-71.2761
-71.3334
-71.3899
-71.4455
-71.5003
-71.5543
-71.6074
-71.6598
-71.7114
-71.7623
-71.8124
-71.8619
-71.9106
-71.9587
-72.006
-72.0527
-72.0988
-72.1442
-72.1889
-72.2331
-72.2766
-72.3196
-72.362
-72.4038
-72.445
-72.4857
-72.5258
-72.5654
-72.6045
-72.6431
-72.6812
-72.7188
-72.756
-72.7927
-72.8289
-72.8647
-72.9
-72.9349
-72.9694
-73.0035
-73.0371
-73.0704
-73.1032
-73.1357
-73.1678
-73.1994
-73.2307
-73.2617
-73.2922
-73.3224
-73.3523
-73.3817
-73.4109
-73.4397
-73.4682
-73.4963
-73.5241
-73.5516
-73.5788
-73.6057
-73.6323
-73.6585
-73.6845
-73.7102
-73.7356
-73.7608
-73.7857
-73.8103
-73.8346
-73.8587
-73.8825
-73.9061
-73.9294
-73.9524
-73.9753
-73.9979
-74.0202
-74.0423
-74.0642
-74.0859
-74.1073
-74.1285
-74.1495
-74.1703
-74.1909
-74.2112
-74.2313
-74.2513
-74.271
-74.2905
-74.3098
-74.329
-74.3479
-74.3666
-74.3852
-74.4036
-74.4217
-74.4397
-74.4575
-74.4752
-74.4926
-74.5099
-74.527
-74.544
-74.5607
-74.5774
-74.5938
-74.6101
-74.6262
-74.6422
-74.658
-74.6736
-74.6891
-74.7045
-74.7197
-74.7347
-74.7496
-74.7644
-74.779
-74.7935
-74.8079
-74.8221
-74.8362
-74.8501
-74.864
-74.8777
-74.8913
-74.9047
-74.918
-74.9313
-74.9443
-74.9573
-74.9701
-74.9829
-74.9955
-75.008
-75.0204
-75.0327
-75.0448
-75.0569
-75.0688
-75.0806
-75.0924
-75.104
-75.1155
-75.1269
-75.1382
-75.1495
-75.1606
-75.1716
-75.1825
-75.1933
-75.204
-75.2147
-75.2252
-75.2356
-75.246
-75.2562
-75.2664
-75.2764
-75.2864
-75.2963
-75.3061
-75.3158
-75.3255
-75.335
-75.3445
-75.3538
-75.3631
-75.3724
-75.3815
-75.3906
-75.3995
-75.4084
-75.4172
-75.426
-75.4346
-75.4432
-75.4518
-75.4602
-75.4686
-75.4769
-75.4851
-75.4932
-75.5013
-75.5093
-75.5173
-75.5251
-75.533
-75.5407
-75.5484
-75.556
-75.5635
-75.571
-75.5784
-75.5858
-75.593
-75.6003
-75.6074
-75.6145
-75.6216
-75.6285
-75.6355
-75.6423
-75.6491
-75.6559
-75.6626
-75.6692
-75.6758
-75.6823
-75.6888
-75.6952
-75.7015
-75.7078
-75.7141
-75.7203
-75.7264
-75.7325
-75.7386
-75.7446
-75.7505
-75.7564
-75.7622
-75.768
-75.7738
-75.7795
-75.7851
-75.7907
-75.7963
-75.8018
-75.8072
-75.8127
-75.818
-75.8234
-75.8287
-75.8339
-75.8391
-75.8443
-75.8494
-75.8545
-75.8595
-75.8645
-75.8695
-75.8744
-75.8793
-75.8841
-75.8889
-75.8937
-75.8984
-75.9031
-75.9077
-75.9123
-75.9169
-75.9214
-75.9259
-75.9304
-75.9348
-75.9392
-75.9436
-75.9479
-75.9522
-75.9565
-75.9607
-75.9649
-75.969
-75.9731
-75.9772
-75.9813
-75.9853
-75.9893
-75.9933
-75.9972
-76.0011
-76.005
-76.0088
-76.0126
-76.0164
-76.0201
-76.0239
-76.0275
-76.0312
-76.0348
-76.0384
-76.042
-76.0456
-76.0491
-76.0526
-76.056
-76.0595
-76.0629
-76.0663
-76.0696
-76.0729
-76.0762
-76.0795
-76.0828
-76.086
-76.0892
-76.0924
-76.0955
-76.0986
-76.1017
-76.1048
-76.1079
-76.1109
-76.1139
-76.1169
-76.1198
-76.1228
-76.1257
-76.1286
-76.1314
-76.1343
-76.1371
-76.1399
-76.1427
-76.1455
-76.1482
-76.1509
-76.1536
-76.1563
-76.1589
-76.1615
-76.1642
-76.1667
-76.1693
-76.1719
-76.1744
-76.1769
-76.1794
-76.1819
-76.1843
-76.1868
-76.1892
-76.1916
-76.1939
-76.1963
-76.1986
-76.201
-76.2033
-76.2056
-76.2078
-76.2101
-76.2123
-76.2145
-76.2167
-76.2189
-76.2211
-76.2232
-76.2254
-76.2275
-76.2296
-76.2317
-76.2337
-76.2358
-76.2378
-76.2398
-76.2418
-76.2438
-76.2458
-76.2478
-76.2497
-76.2516
-76.2536
-76.2554
-76.2573
-76.2592
-76.2611
-76.2629
-76.2647
-76.2665
-76.2683
-76.2701
-76.2719
-76.2737
-76.2754
-76.2771
-76.2788
-76.2806
-76.2822
-76.2839
-76.2856
-76.2872
-76.2889
-76.2905
-76.2921
-76.2937
-76.2953
-76.2969
-76.2985
-76.3
-76.3016
-76.3031
-76.3046
-76.3061
-76.3076
-76.3091
-76.3106
-76.312
-76.3135
-76.3149
-76.3164
-76.3178
-76.3192
-76.3206
-76.322
-76.3233
-76.3247
-76.3261
-76.3274
-76.3287
-76.33
-76.3314
-76.3327
-76.334
-76.3352
-76.3365
-76.3378
-76.339
-76.3403
-76.3415
-76.3427
-76.3439
-76.3452
-76.3464
-76.3475
-76.3487
-76.3499
-76.351
-76.3522
-76.3533
-76.3545
-76.3556
-76.3567
-76.3578
-76.3589
-76.36
-76.3611
-76.3622
-76.3632
-76.3643
-76.3654
-76.3664
-76.3674
-76.3685
-76.3695
-76.3705
-76.3715
-76.3725
-76.3735
-76.3745
-76.3754
-76.3764
-76.3774
-76.3783
-76.3793
-76.3802
-76.3811
-76.382
-76.383
-76.3839
-76.3848
-76.3857
-76.3866
-76.3874
-76.3883
-76.3892
-76.39
-76.3909
-76.3917
-76.3926
-76.3934
-76.3943
-76.3951
-76.3959
-76.3967
-76.3975
-76.3983
-76.3991
-76.3999
-76.4007
-76.4014
-76.4022
-76.403
-76.4037
-76.4045
-76.4052
-76.406
-76.4067
-76.4074
-76.4082
-76.4089
-76.4096
-76.4103
-76.411
-76.4117
-73.1002
-69.0304
-65.9337
-63.559
-61.6448
-59.9422
-58.1173
-55.256
-31.589
9.72996
-27.2264
-73.2679
-79.2295
-79.1955
-79.0971
-78.9876
-78.8679
-78.7381
-78.5985
-78.4497
-78.2926
-78.1211
-77.7991
-77.5222
-77.2944
-77.0889
-76.7996
-76.5166
-76.312
-76.157
-76.0328
-75.9295
-75.8416
-75.7659
-75.7002
-75.643
-72.1743
-68.7549
-66.369
-64.6694
-63.4128
-62.443
-61.6564
-60.9797
-60.3591
-59.7398
-59.0636
-58.2265
-56.9909
-54.4451
-25.1722
5.57172
-29.6852
-75.368
-79.8171
-79.8613
-79.845
-79.825
-79.8026
-79.778
-79.751
-79.7218
-79.6904
-79.6569
-79.6215
-79.5846
-79.5465
-79.5074
-79.4678
-79.428
-79.3883
-79.349
-79.3105
-79.2728
-76.6306
-72.1224
-68.671
-66.0813
-64.0845
-62.4829
-61.1137
-59.818
-58.3757
-56.1964
-46.536
21.8149
-21.7653
-63.8551
-79.2398
-79.3028
-79.2186
-78.9957
-78.7587
-78.5302
-78.2636
-77.8322
-77.5228
-77.3262
-77.1621
-77.0102
-76.8134
-76.6392
-76.4988
-76.3781
-76.2707
-76.1654
-76.0682
-75.99
-75.925
-75.8697
-75.8221
-75.7808
-75.745
-75.7138
-75.6868
-75.6635
-75.6434
-75.6263
-75.6118
-75.5997
-75.5897
-75.5815
-75.5751
-75.5702
-75.5666
-75.5642
-75.5629
-75.5626
-75.5631
-75.5643
-75.5662
-75.5687
-75.5718
-75.5752
-75.5791
-75.5834
-75.5879
-75.5927
-75.5978
-75.603
-75.6084
-75.614
-75.6197
-75.6254
-75.6313
-75.6373
-75.6433
-75.6493
-75.6554
-75.6615
-75.6676
-75.6738
-75.6799
-75.686
-75.6921
-75.6982
-75.7043
-75.7104
-75.7164
-75.7224
-75.7284
-75.7343
-75.7402
-75.7461
-75.7519
-75.7577
-75.7635
-75.7692
-75.7749
-75.7805
-75.7861
-75.7917
-75.3806
-71.2741
-67.5684
-64.7768
-62.6028
-60.7882
-59.0545
-56.9033
-51.8433
39.1716
-12.9057
-45.3985
-78.7335
-78.8609
-78.7112
-78.5567
-78.3884
-78.2062
-78.0105
-77.8021
-77.5823
-75.783
-73.7659
-72.5106
-71.6247
-70.9169
-70.31
-69.7701
-69.4352
-69.2016
-67.2887
-66.1031
-65.8488
-65.7061
-65.597
-65.5139
-65.4523
-65.409
-65.9039
-66.7607
-67.3929
-67.8501
-66.3519
-64.4465
-63.1169
-62.1718
-61.4661
-60.9111
-60.4544
-60.0556
-59.6915
-59.3392
-59.3949
-60.796
-62.1756
-63.3163
-64.2373
-64.9794
-65.5818
-66.0759
-66.4867
-66.8327
-67.1281
-67.3836
-67.6077
-67.8066
-67.9851
-68.1472
-68.296
-68.4338
-68.5625
-68.6838
-68.7987
-68.9082
-69.0131
-69.1141
-69.2116
-69.3061
-69.398
-69.4875
-70.048
-70.7279
-70.9215
-67.9899
-65.4589
-63.6886
-62.4017
-61.4193
-60.6239
-59.9333
-59.2847
-58.6089
-57.8175
-56.1279
-51.3493
40.366
-14.1939
-46.7733
-78.655
-79.2734
-79.2024
-79.1064
-78.4114
-76.985
-76.3008
-75.8591
-75.4813
-75.2079
-74.9735
-74.7937
-74.6354
-74.464
-74.2929
-74.1289
-73.9749
-73.8323
-73.7015
-73.603
-73.6921
-73.7678
-73.808
-73.8277
-73.8355
-73.8369
-73.835
-73.8319
-73.8288
-73.8264
-73.8251
-73.8253
-73.827
-73.8303
-73.8351
-73.8415
-73.8492
-73.8582
-73.8684
-73.8798
-73.8921
-73.9054
-73.9195
-73.9343
-73.9498
-73.9851
-74.1935
-74.3888
-74.5434
-74.6676
-74.7687
-74.852
-74.9216
-74.9803
-75.0303
-75.0734
-75.1109
-75.1438
-75.1729
-75.1988
-75.2221
-75.2433
-75.2626
-75.2804
-75.2968
-75.3121
-75.3265
-75.34
-75.3528
-75.3651
-75.3767
-75.3879
-75.3987
-75.4092
-75.4193
-75.4291
-75.4387
-75.4481
-75.4573
-75.4663
-75.4751
-75.4838
-75.4923
-75.5007
-75.509
-75.5172
-75.5253
-75.5332
-75.5411
-75.5489
-75.5566
-75.5642
-75.5718
-75.5793
-75.5866
-75.594
-75.6012
-75.6084
-75.6155
-75.6226
-75.6296
-75.6365
-75.6434
-75.6502
-72.8579
-68.8151
-65.7124
-63.3347
-61.4121
-59.6816
-57.7701
-54.5068
20.6551
1.84127
-31.5633
-76.611
-78.9262
-78.7685
-78.6193
-78.4567
-78.2802
-78.09
-77.8869
-77.672
-76.7672
-74.4402
-72.9062
-71.8946
-71.1211
-70.4744
-69.907
-69.454
-69.5482
-69.0603
-66.9764
-65.5074
-65.2756
-65.2219
-65.1764
-65.141
-65.1165
-65.6337
-66.5061
-67.1413
-67.5952
-67.9299
-68.1846
-68.3845
-67.5756
-65.0865
-63.1749
-61.784
-60.7009
-59.7806
-59.6504
-60.6083
-61.5245
-62.2967
-62.9364
-63.4669
-63.9095
-64.2842
-64.6056
-64.8855
-65.1332
-65.3559
-65.5586
-65.7453
-65.9193
-66.0832
-66.239
-66.3883
-66.532
-66.6711
-66.8062
-66.9378
-67.0665
-67.1927
-67.3165
-67.4382
-67.5579
-67.6757
-67.7915
-68.504
-69.367
-70.058
-70.6097
-71.0558
-71.4208
-71.7227
-71.9751
-72.1881
-70.2885
-66.8919
-64.3332
-62.4281
-60.9263
-59.6306
-58.3457
-56.7601
-53.8129
-6.08936
0.397017
-32.7938
-76.2384
-78.8579
-78.7654
-78.6193
-78.4585
-78.2844
-78.0975
-77.8986
-77.0217
-74.8084
-73.3956

