-70
-70.0758
-70.1508
-70.225
-70.2983
-70.3706
-70.4419
-70.5122
-70.5814
-70.6496
-70.7168
-70.7829
-70.848
-70.9121
-70.9752
-71.0373
-71.0984
-71.1586
-71.2178
-71.2761
-71.3334
-71.3899
-71.4455
-71.5003
-71.5543
-71.6074
-71.6598
-71.7114
-71.7623
-71.8124
-71.8619
-71.9106
-71.9587
-72.006
-72.0527
-72.0988
-72.1442
-72.1889
-72.2331
-72.2766
-72.3196
-72.362
-72.4038
-72.445
-72.4857
-72.5258
-72.5654
-72.6045
-72.6431
-72.6812
-72.7188
-72.756
-72.7927
-72.8289
-72.8647
-72.9
-72.9349
-72.9694
-73.0035
-73.0371
-73.0704
-73.1032
-73.1357
-73.1678
-73.1994
-73.2307
-73.2617
-73.2922
-73.3224
-73.3523
-73.3817
-73.4109
-73.4397
-73.4682
-73.4963
-73.5241
-73.5516
-73.5788
-73.6057
-73.6323
-73.6585
-73.6845
-73.7102
-73.7356
-73.7608
-73.7857
-73.8103
-73.8346
-73.8587
-73.8825
-73.9061
-73.9294
-73.9524
-73.9753
-73.9979
-74.0202
-74.0423
-74.0642
-74.0859
-74.1073
-74.1285
-74.1495
-74.1703
-74.1909
-74.2112
-74.2313
-74.2513
-74.271
-74.2905
-74.3098
-74.329
-74.3479
-74.3666
-74.3852
-74.4036
-74.4217
-74.4397
-74.4575
-74.4752
-74.4926
-74.5099
-74.527
-74.544
-74.5607
-74.5774
-74.5938
-74.6101
-74.6262
-74.6422
-74.658
-74.6736
-74.6891
-74.7045
-74.7197
-74.7347
-74.7496
-74.7644
-74.779
-74.7935
-74.8079
-74.8221
-74.8362
-74.8501
-74.864
-74.8777
-74.8913
-74.9047
-74.918
-74.9313
-74.9443
-74.9573
-74.9701
-74.9829
-74.9955
-75.008
-75.0204
-75.0327
-75.0448
-75.0569
-75.0688
-75.0806
-75.0924
-75.104
-75.1155
-75.1269
-75.1382
-75.1495
-75.1606
-75.1716
-75.1825
-75.1933
-75.204
-75.2147
-75.2252
-75.2356
-75.246
-75.2562
-75.2664
-75.2764
-75.2864
-75.2963
-75.3061
-75.3158
-75.3255
-75.335
-75.3445
-75.3538
-75.3631
-75.3724
-75.3815
-75.3906
-75.3995
-75.4084
-75.4172
-75.426
-75.4346
-75.4432
-75.4518
-75.4602
-75.4686
-75.4769
-75.4851
-75.4932
-75.5013
-75.5093
-75.5173
-75.5251
-75.533
-75.5407
-75.5484
-75.556
-75.5635
-75.571
-75.5784
-75.5858
-75.593
-75.6003
-75.6074
-75.6145
-75.6216
-75.6285
-75.6355
-75.6423
-75.6491
-75.6559
-75.6626
-75.6692
-75.6758
-75.6823
-75.6888
-75.6952
-75.7015
-75.7078
-75.7141
-75.7203
-75.7264
-75.7325
-75.7386
-75.7446
-75.7505
-75.7564
-75.7622
-75.768
-75.7738
-75.7795
-75.7851
-75.7907
-75.7963
-75.8018
-75.8072
-75.8127
-75.818
-75.8234
-75.8287
-75.8339
-75.8391
-75.8443
-75.8494
-75.8545
-75.8595
-75.8645
-75.8695
-75.8744
-75.8793
-75.8841
-75.8889
-75.8937
-75.8984
-75.9031
-75.9077
-75.9123
-75.9169
-75.9214
-75.9259
-75.9304
-75.9348
-75.9392
-75.9436
-75.9479
-75.9522
-75.9565
-75.9607
-75.9649
-75.969
-75.9731
-75.9772
-75.9813
-75.9853
-75.9893
-75.9933
-75.9972
-76.0011
-76.005
-76.0088
-76.0126
-76.0164
-76.0201
-76.0239
-76.0275
-76.0312
-76.0348
-76.0384
-76.042
-76.0456
-76.0491
-76.0526
-76.056
-76.0595
-76.0629
-76.0663
-76.0696
-76.0729
-76.0762
-76.0795
-76.0828
-76.086
-76.0892
-76.0924
-76.0955
-76.0986
-76.1017
-76.1048
-76.1079
-76.1109
-76.1139
-76.1169
-76.1198
-76.1228
-76.1257
-76.1286
-76.1314
-76.1343
-76.1371
-76.1399
-76.1427
-76.1455
-76.1482
-76.1509
-76.1536
-76.1563
-76.1589
-76.1615
-76.1642
-76.1667
-76.1693
-76.1719
-76.1744
-76.1769
-76.1794
-76.1819
-76.1843
-76.1868
-76.1892
-76.1916
-76.1939
-76.1963
-76.1986
-76.201
-76.2033
-76.2056
-76.2078
-76.2101
-76.2123
-76.2145
-76.2167
-76.2189
-76.2211
-76.2232
-76.2254
-76.2275
-76.2296
-76.2317
-76.2337
-76.2358
-76.2378
-76.2398
-76.2418
-76.2438
-76.2458
-76.2478
-76.2497
-76.2516
-76.2536
-76.2554
-76.2573
-76.2592
-76.2611
-76.2629
-76.2647
-76.2665
-76.2683
-76.2701
-76.2719
-76.2737
-76.2754
-76.2771
-76.2788
-76.2806
-76.2822
-76.2839
-76.2856
-76.2872
-76.2889
-76.2905
-76.2921
-76.2937
-76.2953
-76.2969
-76.2985
-76.3
-76.3016
-76.3031
-76.3046
-76.3061
-76.3076
-76.3091
-76.3106
-76.312
-76.3135
-76.3149
-76.3164
-76.3178
-76.3192
-76.3206
-76.322
-76.3233
-76.3247
-76.3261
-76.3274
-76.3287
-76.33
-76.3314
-76.3327
-76.334
-76.3352
-76.3365
-76.3378
-76.339
-76.3403
-76.3415
-76.3427
-76.3439
-76.3452
-76.3464
-76.3475
-76.3487
-76.3499
-76.351
-76.3522
-76.3533
-76.3545
-76.3556
-76.3567
-76.3578
-76.3589
-76.36
-76.3611
-76.3622
-76.3632
-76.3643
-76.3654
-76.3664
-76.3674
-76.3685
-76.3695
-76.3705
-76.3715
-76.3725
-76.3735
-76.3745
-76.3754
-76.3764
-76.3774
-76.3783
-76.3793
-76.3802
-76.3811
-76.382
-76.383
-76.3839
-76.3848
-76.3857
-76.3866
-76.3874
-76.3883
-76.3892
-76.39
-76.3909
-76.3917
-76.3926
-76.3934
-76.3943
-76.3951
-76.3959
-76.3967
-76.3975
-76.3983
-76.3991
-76.3999
-76.4007
-76.4014
-76.4022
-76.403
-76.4037
-76.4045
-76.4052
-76.406
-76.4067
-76.4074
-75.6458
-71.3644
-67.6835
-64.9104
-62.7495
-60.9512
-59.2514
-57.2021
-52.8667
43.9686
-9.01768
-40.3284
-78.3431
-78.9732
-78.8568
-78.7189
-78.5679
-78.4039
-78.2273
-78.0388
-76.9591
-74.8756
-73.6035
-72.7604
-72.0952
-71.519
-70.9971
-70.5157
-70.4272
-69.1102
-67.3477
-66.8303
-66.5861
-66.408
-66.3672
-67.1479
-68.4463
-69.9166
-71.3106
-72.0536
-71.0124
-69.1506
-68.0731
-67.4702
-67.1196
-67.3809
-68.3994
-69.3678
-69.943
-70.5391
-71.1991
-71.6085
-71.8624
-72.0283
-72.1424
-72.2249
-72.2873
-72.6376
-72.9686
-73.2266
-73.631
-73.9322
-74.1343
-74.275
-74.3763
-74.4517
-74.5095
-74.555
-74.5919
-74.6225
-74.6486
-74.6712
-74.6914
-74.7096
-74.7264
-74.7421
-74.757
-74.7712
-74.3852
-70.4951
-67.0511
-64.5091
-62.5642
-60.9747
-59.5208
-57.9123
-55.3845
-41.8171
14.7122
-25.2446
-70.3188
-79.0615
-79.039
-78.9231
-78.7941
-78.6533
-78.5011
-78.2103
-77.9435
-77.6362
-77.3945
-77.157
-76.8884
-76.6681
-76.4769
-76.2532
-76.0805
-75.9489
-75.8576
-75.7888
-75.751
-75.734
-75.7288
-75.7294
-75.7366
-75.7366
-75.7328
-75.7485
-75.7615
-75.7679
-75.778
-75.7967
-75.8088
-75.8162
-75.8211
-75.8316
-75.8481
-75.8597
-75.8679
-75.8739
-75.8787
-75.8826
-75.886
-75.8891
-75.892
-75.8948
-75.8976
-75.9003
-75.9031
-75.906
-75.9089
-75.9118
-75.9148
-75.9179
-75.9211
-75.9243
-75.9276
-75.9309
-75.9343
-75.9378
-75.9412
-75.9448
-75.9484
-75.952
-75.9556
-75.9593
-75.9629
-75.9666
-75.9704
-75.9741
-75.9778
-75.9815
-75.9853
-75.989
-75.9927
-75.9965
-76.0002
-76.0039
-76.0076
-76.0112
-76.0149
-76.0185
-76.0222
-76.0258
-76.0294
-76.033
-76.0365
-76.04
-76.0435
-76.047
-76.0505
-73.2177
-69.1182
-65.9727
-63.5663
-61.6312
-59.9135
-58.0732
-55.1726
-29.0529
8.91259
-27.7832
-73.8987
-78.9991
-78.9273
-78.7975
-78.6542
-78.4981
-78.3295
-78.1488
-77.697
-75.4778
-73.9845
-73.0609
-72.3624
-71.8314
-71.6417
-71.4437
-71.2147
-70.8123
-68.8829
-67.4018
-66.4477
-65.7981
-65.3365
-65.7116
-66.6805
-67.928
-69.2551
-70.2379
-71.1714
-71.7445
-72.1034
-72.7028
-73.3064
-73.6625
-73.8711
-74
-74.1818
-74.3844
-74.5523
-74.7544
-74.8874
-74.9718
-75.0281
-75.0673
-75.0959
-75.1176
-75.1347
-75.1622
-75.2851
-72.9008
-69.975
-68.2271
-67.1789
-66.5267
-66.111
-65.8432
-65.6724
-65.5679
-65.5105
-65.4875
-65.4904
-65.5135
-65.5525
-65.6044
-65.6669
-65.7383
-65.8171
-65.9022
-65.9928
-66.0881
-65.7082
-63.1084
-60.811
-58.8681
-56.776
-52.9648
44.6182
-7.18555
-38.3404
-78.2464
-79.3728
-78.5146
-78.1871
-77.9704
-77.7463
-77.508
-77.2558
-76.9914
-76.7171
-76.4354
-76.1493
-74.3033
-71.7631
-70.1423
-69.0634
-68.2835
-68.2484
-68.3452
-68.3692
-68.4166
-68.981
-69.4333
-69.7281
-69.9458
-70.5457
-71.0646
-72.2669
-73.2523
-73.7932
-74.1
-74.2838
-74.3996
-74.4759
-74.5285
-74.5662
-74.5945
-74.6166
-74.6346
-74.7274
-74.8488
-74.9397
-75.0077
-75.0599
-75.101
-75.1342
-75.1615
-75.1845
-75.2043
-75.2216
-75.2442
-75.3284
-75.4038
-75.4619
-75.5075
-75.5439
-75.5737
-75.5984
-75.6192
-75.637
-75.6524
-75.666
-75.6781
-75.6891
-75.699
-75.7082
-75.7168
-75.7248
-75.7324
-75.7396
-75.7465
-75.7532
-75.7596
-75.7659
-75.772
-75.7779
-75.7838
-75.7895
-75.7952
-75.8008
-75.8063
-75.8117
-75.8171
-75.8224
-75.8277
-75.8329
-75.8381
-75.8432
-75.8483
-75.8533
-75.8583
-75.8633
-75.8682
-75.8731
-75.878
-75.8828
-75.8876
-75.8923
-75.897
-75.9017
-75.9063
-75.9109
-73.9589
-69.7548
-66.44
-63.9196
-61.9159
-60.1752
-58.3815
-55.7861
-43.9114
17.8446
-23.608
-68.0748
-79.6547
-79.7334
-78.7393
-78.0612
-77.7779
-77.5293
-77.2704
-76.9981
-76.7137
-76.4194
-76.022
-73.5258
-71.4242
-70.0075
-68.9623
-68.1356
-67.4515
-66.8696
-66.3668
-65.9296
-63.908
-61.7846
-60.052
-59.779
-59.9433
-60.0925
-61.4507
-62.8925
-63.975
-63.6197
-62.5328
-61.7331
-61.1992
-62.6621
-64.6078
-66.6328
-68.4596
-69.6886
-70.393
-71.0301
-71.9271
-72.6967
-73.2947
-73.6235
-73.8072
-74.0983
-74.4485
-74.7443
-74.909
-74.997
-75.0474
-75.0784
-75.0987
-75.113
-75.1238
-75.1324
-75.1398
-75.1464
-75.1525
-75.1585
-75.1644
-75.1703
-75.1763
-75.1824
-75.1887
-75.1951
-75.2017
-75.2085
-75.2154
-75.2225
-75.2298
-75.2372
-75.2448
-75.2525
-75.2603
-75.2683
-75.2763
-75.2844
-75.2927
-75.3009
-75.3093
-74.9082
-70.8842
-67.2681
-64.555
-62.4461
-60.6843
-58.9961
-56.9012
-52.0902
40.5528
-12.0716
-44.1348
-79.1596
-79.2529
-78.5643
-78.318
-78.12
-77.9102
-77.6857
-77.4475
-77.1969
-76.9359
-76.196
-73.606
-71.7047

