-70
-70.0758
-70.1508
-70.225
-70.2983
-70.3706
-70.4419
-70.5122
-70.5814
-70.6496
-70.7168
-70.7829
-70.848
-70.9121
-70.9752
-71.0373
-71.0984
-71.1586
-71.2178
-71.2761
-71.3334
-71.3899
-71.4455
-71.5003
-71.5543
-71.6074
-71.6598
-71.7114
-71.7623
-71.8124
-71.8619
-71.9106
-71.9587
-72.006
-72.0527
-72.0988
-72.1442
-72.1889
-72.2331
-72.2766
-72.3196
-72.362
-72.4038
-72.445
-72.4857
-72.5258
-72.5654
-72.6045
-72.6431
-72.6812
-72.7188
-72.756
-72.7927
-72.8289
-72.8647
-72.9
-72.9349
-72.9694
-73.0035
-73.0371
-73.0704
-73.1032
-73.1357
-73.1678
-73.1994
-73.2307
-73.2617
-73.2922
-73.3224
-73.3523
-73.3817
-73.4109
-73.4397
-73.4682
-73.4963
-73.5241
-73.5516
-73.5788
-73.6057
-73.6323
-73.6585
-73.6845
-73.7102
-73.7356
-73.7608
-73.7857
-73.8103
-73.8346
-73.8587
-73.8825
-73.9061
-73.9294
-73.9524
-73.9753
-73.9979
-74.0202
-74.0423
-74.0642
-74.0859
-74.1073
-74.1285
-74.1495
-74.1703
-74.1909
-74.2112
-74.2313
-74.2513
-74.271
-74.2905
-74.3098
-74.329
-74.3479
-74.3666
-74.3852
-74.4036
-74.4217
-74.4397
-74.4575
-74.4752
-74.4926
-74.5099
-74.527
-74.544
-74.5607
-74.5774
-74.5938
-74.6101
-74.6262
-74.6422
-74.658
-74.6736
-74.6891
-74.7045
-74.7197
-74.7347
-74.7496
-74.7644
-74.779
-74.7935
-74.8079
-74.8221
-74.8362
-74.8501
-74.864
-74.8777
-74.8913
-74.9047
-74.918
-74.9313
-74.9443
-74.9573
-74.9701
-74.9829
-74.9955
-75.008
-75.0204
-75.0327
-75.0448
-75.0569
-75.0688
-75.0806
-75.0924
-75.104
-75.1155
-75.1269
-75.1382
-75.1495
-75.1606
-75.1716
-75.1825
-75.1933
-75.204
-75.2147
-75.2252
-75.2356
-75.246
-75.2562
-75.2664
-75.2764
-75.2864
-75.2963
-75.3061
-75.3158
-75.3255
-75.335
-75.3445
-75.3538
-75.3631
-75.3724
-75.3815
-75.3906
-75.3995
-75.4084
-75.4172
-75.426
-75.4346
-75.4432
-75.4518
-75.4602
-75.4686
-75.4769
-75.4851
-75.4932
-75.5013
-75.5093
-75.5173
-75.5251
-75.533
-75.5407
-75.5484
-75.556
-75.5635
-75.571
-75.5784
-75.5858
-75.593
-75.6003
-75.6074
-75.6145
-75.6216
-75.6285
-75.6355
-75.6423
-75.6491
-75.6559
-75.6626
-75.6692
-75.6758
-75.6823
-75.6888
-75.6952
-75.7015
-75.7078
-75.7141
-75.7203
-75.7264
-75.7325
-75.7386
-75.7446
-75.7505
-75.7564
-75.7622
-75.768
-75.7738
-75.7795
-75.7851
-75.7907
-75.7963
-75.8018
-75.8072
-75.8127
-75.818
-75.8234
-75.8287
-75.8339
-75.8391
-75.8443
-75.8494
-75.8545
-75.8595
-75.8645
-75.8695
-75.8744
-75.8793
-75.8841
-75.8889
-75.8937
-75.8984
-75.9031
-75.9077
-75.9123
-75.9169
-75.9214
-75.9259
-75.9304
-75.9348
-75.9392
-75.9436
-75.9479
-75.9522
-75.9565
-75.9607
-75.9649
-75.969
-75.9731
-75.9772
-75.9813
-75.9853
-75.9893
-75.9933
-75.9972
-76.0011
-76.005
-76.0088
-76.0126
-76.0164
-76.0201
-76.0239
-76.0275
-76.0312
-76.0348
-76.0384
-76.042
-76.0456
-76.0491
-76.0526
-76.056
-76.0595
-76.0629
-76.0663
-76.0696
-76.0729
-76.0762
-76.0795
-76.0828
-76.086
-76.0892
-76.0924
-76.0955
-76.0986
-76.1017
-76.1048
-76.1079
-76.1109
-76.1139
-76.1169
-76.1198
-76.1228
-76.1257
-76.1286
-76.1314
-76.1343
-76.1371
-76.1399
-76.1427
-76.1455
-76.1482
-76.1509
-76.1536
-76.1563
-76.1589
-76.1615
-76.1642
-76.1667
-76.1693
-76.1719
-76.1744
-76.1769
-76.1794
-76.1819
-76.1843
-76.1868
-76.1892
-76.1916
-76.1939
-76.1963
-76.1986
-76.201
-76.2033
-76.2056
-76.2078
-76.2101
-76.2123
-76.2145
-76.2167
-76.2189
-76.2211
-76.2232
-76.2254
-76.2275
-76.2296
-76.2317
-76.2337
-76.2358
-76.2378
-76.2398
-76.2418
-76.2438
-76.2458
-76.2478
-76.2497
-76.2516
-76.2536
-76.2554
-76.2573
-76.2592
-76.2611
-76.2629
-76.2647
-76.2665
-76.2683
-76.2701
-76.2719
-76.2737
-76.2754
-76.2771
-76.2788
-76.2806
-76.2822
-76.2839
-76.2856
-76.2872
-76.2889
-76.2905
-76.2921
-76.2937
-76.2953
-76.2969
-76.2985
-76.3
-76.3016
-76.3031
-76.3046
-76.3061
-76.3076
-76.3091
-76.3106
-76.312
-76.3135
-76.3149
-76.3164
-76.3178
-76.3192
-76.3206
-76.322
-76.3233
-76.3247
-76.3261
-76.3274
-76.3287
-76.33
-76.3314
-76.3327
-76.334
-76.3352
-76.3365
-76.3378
-76.339
-76.3403
-76.3415
-76.3427
-76.3439
-76.3452
-76.3464
-76.3475
-76.3487
-76.3499
-76.351
-76.3522
-76.3533
-76.3545
-76.3556
-76.3567
-76.3578
-76.3589
-76.36
-76.3611
-76.3622
-76.3632
-76.3643
-76.3654
-76.3664
-76.3674
-76.3685
-76.3695
-76.3705
-76.3715
-76.3725
-76.3735
-76.3745
-76.3754
-76.3764
-76.3774
-76.3783
-76.3793
-76.3802
-76.3811
-76.382
-76.383
-76.3839
-76.3848
-76.3857
-76.3866
-76.3874
-76.3883
-76.3892
-76.39
-76.3909
-76.3917
-76.3926
-76.3934
-76.3943
-76.3951
-76.3959
-76.3967
-76.3975
-76.3983
-76.3991
-76.3999
-76.4007
-76.4014
-76.4022
-76.403
-76.4037
-76.4045
-76.4052
-76.406
-76.4067
-76.4074
-76.4082
-76.4089
-76.4096
-76.4103
-76.411
-76.4117
-76.4124
-76.4131
-76.4137
-76.4144
-76.4151
-76.4158
-76.4164
-76.4171
-76.4177
-76.4184
-76.419
-76.4196
-76.4203
-76.4209
-76.4215
-76.4221
-76.4227
-76.4234
-76.424
-76.4246
-76.4251
-76.4257
-76.4263
-76.4269
-76.4275
-76.428
-76.4174
-76.3746
-76.3375
-76.3085
-76.2857
-76.2552
-76.2157
-76.1859
-76.1639
-76.1474
-76.135
-76.1255
-76.1184
-76.113
-76.109
-76.1061
-76.104
-76.1027
-76.102
-76.1018
-76.102
-76.1025
-76.1034
-76.1045
-76.1058
-76.1073
-76.1089
-76.1107
-76.1126
-76.1147
-76.1168
-76.119
-76.1212
-76.1235
-76.1259
-76.1283
-76.1307
-76.1332
-76.1357
-76.1382
-76.1407
-76.1433
-76.1458
-76.1483
-76.1509
-76.1534
-76.1559
-76.1585
-76.161
-76.1635
-76.166
-76.1685
-76.171
-76.1735
-76.176
-76.1784
-76.1809
-76.1833
-76.1857
-76.1881
-76.1905
-76.1928
-76.1952
-76.1975
-76.1998
-76.2021
-76.2044
-76.2067
-76.2089
-76.1951
-76.1766
-76.1622
-76.1511
-76.1425
-76.1198
-76.0942
-76.0769
-76.0653
-76.0574
-76.052
-76.0484
-76.044
-76.0385
-76.0348
-76.0325
-76.029
-76.0259
-76.0241
-76.0233
-76.0232
-76.0235
-76.0241
-76.0251
-76.0263
-76.0277
-76.0292
-76.0309
-76.0327
-76.0347
-76.0367
-76.0388
-76.0411
-76.0434
-76.0458
-76.0483
-76.0508
-76.0534
-76.056
-76.0587
-76.0614
-76.0642
-76.067
-76.0698
-76.0726
-76.0755
-76.0784
-76.0813
-76.0842
-76.0871
-76.09
-76.093
-76.0959
-76.0988
-76.1017
-76.1046
-76.1076
-76.1105
-76.1133
-76.1162
-76.1191
-76.122
-76.1248
-76.1276
-76.1304
-76.1332
-76.136
-76.1388
-76.1415
-76.1443
-76.147
-76.1497
-76.1524
-76.155
-76.1577
-76.1603
-76.1629
-76.1655
-76.168
-76.1706
-76.1731
-76.1756
-76.1781
-76.1806
-76.1831
-76.1855
-76.1879
-76.1903
-76.1927
-76.1951
-76.1974
-76.1997
-76.2021
-76.2043
-76.2066
-76.2089
-76.2111
-76.2134
-76.2156
-76.2177
-76.2199
-76.2221
-76.2242
-76.2263
-76.2285
-76.2305
-76.2326
-76.2347
-76.2367
-76.2388
-76.2408
-76.2428
-76.2447
-76.2467
-76.2487
-76.2212
-76.1819
-76.1533
-76.1327
-76.1177
-76.1067
-76.0985
-76.0925
-76.088
-76.0849
-76.0827
-76.0813
-76.0806
-76.0804
-76.0806
-76.0812
-76.082
-76.0832
-76.0846
-76.0861
-76.0879
-76.0897
-76.0917
-76.0938
-76.096
-76.0983
-76.1007
-76.1031
-76.1055
-76.108
-76.1106
-76.1132
-76.1158
-76.1184
-76.121
-76.1237
-76.1263
-76.129
-76.1316
-76.1343
-76.137
-76.1396
-76.1423
-76.1449
-76.1476
-76.1502
-76.1528
-76.1554
-76.158
-76.1606
-76.1632
-76.1657
-76.1683
-76.1708
-76.1733
-76.1758
-76.1783
-76.1807
-76.1832
-76.1856
-76.188
-76.1904
-76.1928
-76.1951
-76.1975
-76.1998
-76.2021
-76.2044
-76.2066
-76.2089
-76.2111
-76.2134
-76.2156
-76.2122
-76.1929
-76.1762
-76.1633
-76.1533
-76.1456
-76.1363
-76.1095
-76.0887
-76.0747
-76.0651
-76.0585
-76.05
-76.0427
-76.0379
-76.0349
-76.0305
-76.027
-76.025
-76.0241
-76.0238
-76.024
-76.0246
-76.0255
-76.0266
-76.028
-76.0295
-76.0312
-76.033
-76.0349
-76.037
-76.0391
-76.0413
-76.0436
-76.046
-76.0485
-76.051
-76.0536
-76.0562
-76.0589
-76.0616
-76.0644
-76.0672
-76.07
-76.0728
-76.0757
-76.0786
-76.0815
-76.0844
-76.0873
-76.0902
-76.0931
-76.0961
-76.099
-76.1019
-76.1048
-76.1077
-76.1106
-76.1135
-76.1164
-76.1193
-76.1221
-76.125
-76.1278
-76.1306
-76.1334
-76.1362
-76.1389
-76.1417
-76.1444
-76.1471
-76.1498
-76.1525
-76.1552
-76.1578
-76.1604
-76.163
-76.1656
-76.1682
-76.1707
-76.1733
-76.1758
-76.1783
-76.1807
-76.1832
-76.1856
-76.188
-76.1904
-76.1928
-76.1952
-76.1975
-76.1999
-76.2022
-76.2045
-76.2067
-76.209
-76.2112
-76.2135
-76.2157
-76.2179
-76.22
-76.2222
-76.2243
-76.2265
-76.2286
-76.2307
-76.2327
-76.2348
-76.2368
-76.2389
-76.2409
-76.2429
-76.2449
-76.2468
-76.2488
-76.2507
-76.2526
-76.2545
-76.2564
-76.2583
-76.2602
-76.262
-76.2638
-76.2657
-76.2675
-76.2693
-76.271
-76.2728
-76.2607
-76.235
-76.1965
-76.1659
-76.1438
-76.1276
-76.1156
-76.1067
-76.1
-76.0951
-76.0915
-76.089
-76.0873
-76.0863
-76.0859
-76.0859
-76.0863
-76.0871
-76.0881
-76.0894
-76.0909
-76.0925
-76.0943
-76.0962
-76.0983
-76.1004
-76.1026
-76.1049
-76.1073
-76.1097
-76.1122
-76.1147
-76.1172
-76.1198
-76.1223
-76.1249
-76.1276
-76.1302
-76.1328
-76.1354
-76.1381
-76.1407
-76.1433
-76.146
-76.1486
-76.1512
-76.1538
-76.1564
-76.159
-76.1615
-76.1641
-76.1666
-76.1692
-76.1717
-76.1742
-76.1766
-76.1791
-76.1816
-76.184
-76.1864
-76.1888
-76.1912
-76.1936
-76.1959
-76.1982
-76.2006
-76.2029
-76.2051
-76.2074
-76.2097
-76.2119
-76.2141
-76.2163
-76.2185

