-70
-70.0758
-70.1508
-70.225
-70.2983
-70.3706
-70.4419
-70.5122
-70.5814
-70.6496
-70.7168
-70.7829
-70.848
-70.9121
-70.9752
-71.0373
-71.0984
-71.1586
-71.2178
-71.2761
-71.3334
-71.3899
-71.4455
-71.5003
-71.5543
-71.6074
-71.6598
-71.7114
-71.7623
-71.8124
-71.8619
-71.9106
-71.9587
-72.006
-72.0527
-72.0988
-72.1442
-72.1889
-72.2331
-72.2766
-72.3196
-72.362
-72.4038
-72.445
-72.4857
-72.5258
-72.5654
-72.6045
-72.6431
-72.6812
-72.7188
-72.756
-72.7927
-72.8289
-72.8647
-72.9
-72.9349
-72.9694
-73.0035
-73.0371
-73.0704
-73.1032
-73.1357
-73.1678
-73.1994
-73.2307
-73.2617
-73.2922
-73.3224
-73.3523
-73.3817
-73.4109
-73.4397
-73.4682
-73.4963
-73.5241
-73.5516
-73.5788
-73.6057
-73.6323
-73.6585
-73.6845
-73.7102
-73.7356
-73.7608
-73.7857
-73.8103
-73.8346
-73.8587
-73.8825
-73.9061
-73.9294
-73.9524
-73.9753
-73.9979
-74.0202
-74.0423
-74.0642
-74.0859
-74.1073
-74.1285
-74.1495
-74.1703
-74.1909
-74.2112
-74.2313
-74.2513
-74.271
-74.2905
-74.3098
-74.329
-74.3479
-74.3666
-74.3852
-74.4036
-74.4217
-74.4397
-74.4575
-74.4752
-74.4926
-74.5099
-74.527
-74.544
-74.5607
-74.5774
-74.5938
-74.6101
-74.6262
-74.6422
-74.658
-74.6736
-74.6891
-74.7045
-74.7197
-74.7347
-74.7496
-74.7644
-74.779
-74.7935
-74.8079
-74.8221
-74.8362
-74.8501
-74.864
-74.8777
-74.8913
-74.9047
-74.918
-74.9313
-74.9443
-74.9573
-74.9701
-74.9829
-74.9955
-75.008
-75.0204
-75.0327
-75.0448
-75.0569
-75.0688
-75.0806
-75.0924
-75.104
-75.1155
-75.1269
-75.1382
-75.1495
-75.1606
-75.1716
-75.1825
-75.1933
-75.204
-75.2147
-75.2252
-75.2356
-75.246
-75.2562
-75.2664
-75.2764
-75.2864
-75.2963
-75.3061
-75.3158
-75.3255
-75.335
-75.3445
-75.3538
-75.3631
-75.3724
-75.3815
-75.3906
-75.3995
-75.4084
-75.4172
-75.426
-75.4346
-75.4432
-75.4518
-75.4602
-75.4686
-75.4769
-75.4851
-75.4932
-75.5013
-75.5093
-75.5173
-75.5251
-75.533
-75.5407
-75.5484
-75.556
-75.5635
-75.571
-75.5784
-75.5858
-75.593
-75.6003
-75.6074
-75.6145
-75.6216
-75.6285
-75.6355
-75.6423
-75.6491
-75.6559
-75.6626
-75.6692
-75.6758
-75.6823
-75.6888
-75.6952
-75.7015
-75.7078
-75.7141
-75.7203
-75.7264
-75.7325
-75.7386
-75.7446
-75.7505
-75.7564
-75.7622
-75.768
-75.7738
-75.7795
-75.7851
-75.7907
-75.7963
-75.8018
-75.8072
-75.8127
-75.818
-75.8234
-75.8287
-75.8339
-75.8391
-75.8443
-75.8494
-75.8545
-75.8595
-75.8645
-75.8695
-75.8744
-75.8793
-75.8841
-75.8889
-75.8937
-75.8984
-75.9031
-75.9077
-75.9123
-75.9169
-75.9214
-75.9259
-75.9304
-75.9348
-75.9392
-75.9436
-75.9479
-75.9522
-75.9565
-75.9607
-75.9649
-75.969
-75.9731
-75.9772
-75.9813
-75.9853
-75.9893
-75.9933
-75.9972
-76.0011
-76.005
-76.0088
-76.0126
-76.0164
-76.0201
-76.0239
-76.0275
-76.0312
-76.0348
-76.0384
-76.042
-76.0456
-76.0491
-76.0526
-76.056
-76.0595
-76.0629
-76.0663
-76.0696
-76.0729
-76.0762
-76.0795
-76.0828
-76.086
-76.0892
-76.0924
-76.0955
-76.0986
-76.1017
-76.1048
-76.1079
-76.1109
-76.1139
-76.1169
-76.1198
-76.1228
-76.1257
-76.1286
-76.1314
-76.1343
-76.1371
-76.1399
-76.1427
-76.1455
-76.1482
-76.1509
-76.1536
-76.1563
-76.1589
-76.1615
-76.1642
-76.1667
-76.1693
-76.1719
-76.1744
-76.1769
-76.1794
-76.1819
-76.1843
-76.1868
-76.1892
-76.1916
-76.1939
-76.1963
-76.1986
-76.201
-76.2033
-76.2056
-76.2078
-76.2101
-76.2123
-76.2145
-76.2167
-76.2189
-76.2211
-76.2232
-76.2254
-76.2275
-76.2296
-76.2317
-76.2337
-76.2358
-76.2378
-76.2398
-76.2418
-76.2438
-76.2458
-76.2478
-76.2497
-76.2516
-76.2536
-76.2554
-76.2573
-76.2592
-76.2611
-76.2629
-76.2647
-76.2665
-76.2683
-76.2701
-76.2719
-76.2737
-76.2754
-76.2771
-76.2788
-76.2806
-76.2822
-76.2839
-76.2856
-76.2872
-76.2889
-76.2905
-76.2921
-76.2937
-76.2953
-76.2969
-76.2985
-76.3
-76.3016
-76.3031
-76.3046
-76.3061
-76.3076
-76.3091
-76.3106
-76.312
-76.3135
-76.3149
-76.3164
-76.3178
-76.3192
-76.3206
-76.322
-76.3233
-76.3247
-76.3261
-76.3274
-76.3287
-76.33
-76.3314
-76.3327
-76.334
-76.3352
-76.3365
-76.3378
-76.339
-76.3403
-76.3415
-76.3427
-76.3439
-76.3452
-76.3464
-76.3475
-76.3487
-76.3499
-76.351
-76.3522
-76.3533
-76.3545
-76.3556
-76.3567
-76.3578
-76.3589
-76.36
-76.3611
-76.3622
-76.3632
-76.3643
-76.3654
-76.3664
-76.3674
-76.3685
-76.3695
-76.3705
-76.3715
-76.3725
-76.3735
-76.3745
-76.3754
-76.3764
-76.3774
-76.3783
-76.3793
-76.3802
-76.3811
-76.382
-76.383
-76.3839
-76.3848
-76.3857
-76.3866
-76.3874
-76.3883
-76.3892
-76.39
-76.3909
-76.3917
-76.3926
-76.3934
-76.3943
-76.3951
-76.3959
-76.3967
-76.3975
-76.3983
-76.3991
-76.3999
-76.4007
-76.4014
-76.4022
-74.8446
-70.5341
-67.0631
-64.4343
-62.3657
-60.6103
-58.888
-56.6535
-50.6465
33.7769
-16.042
-51.0817
-79.4364
-79.7448
-79.718
-78.7039
-77.7425
-77.3594
-77.063
-76.7661
-76.4587
-76.1412
-75.8161
-75.0514
-72.4933
-70.5197
-69.1545
-68.1283
-67.3111
-66.6352
-66.0627
-65.5711
-65.1464
-64.7788
-64.4612
-64.189
-63.9582
-63.7646
-63.6054
-62.6876
-60.3161
-58.0821
-55.3625
-46.183
19.3158
-23.5217
-66.4756
-79.3799
-79.4968
-79.439
-79.37
-78.0647
-76.8452
-76.2801
-75.8669
-75.4812
-75.0986
-74.7155
-74.3334
-73.9554
-73.5851
-73.226
-72.8811
-72.5534
-72.2449
-71.9574
-71.6921
-71.4496
-71.2303
-71.0338
-70.8599
-70.7076
-70.5759
-70.4639
-70.3701
-70.2933
-70.2321
-70.1854
-70.1517
-70.1298
-70.1187
-70.117
-70.1239
-70.1383
-68.5905
-65.2369
-62.5675
-60.4328
-58.4596
-55.9902
-48.7943
26.9291
-19.9479
-59.2349
-79.4392
-78.7853
-78.4562
-78.2647
-78.0666
-77.854
-77.6271
-77.3871
-77.1357
-76.4193
-73.9535
-72.18
-71.0021
-70.1171
-69.8913
-70.3142
-70.5599
-70.9175
-71.3438
-71.9296
-72.3094
-72.514
-72.626
-72.6877
-72.7215
-72.7398
-72.7497
-72.7552
-72.759
-72.7624
-72.7665
-72.7717
-72.7784
-72.7867
-72.7967
-72.8084
-72.8217
-72.8365
-72.8528
-72.8705
-72.8894
-72.9094
-72.9305
-72.9526
-72.9754
-72.9991
-73.0234
-73.0482
-73.0736
-73.0994
-73.1255
-73.152
-73.1787
-73.2055
-73.2326
-73.2597
-73.2869
-73.3141
-73.3413
-73.3685
-73.3956
-73.4226
-73.4495
-73.4763
-73.5029
-73.5294
-73.5557
-73.5818
-73.6078
-73.6335
-73.6591
-73.6844
-73.7095
-73.7345
-73.7592
-73.7837
-73.8079
-73.832
-73.8558
-73.8794
-73.9028
-73.926
-73.9489
-73.9716
-73.9941
-74.0164
-70.9798
-67.2419
-64.393
-62.179
-60.3163
-58.4799
-55.9914
-47.2183
23.0303
-21.4002
-63.1344
-79.5741
-79.7077
-79.6739
-79.6327
-78.012
-77.0764
-76.6362
-76.278
-75.9277
-75.5731
-75.2137
-74.8523
-74.0543
-71.3924
-69.271
-67.7722
-66.6442
-65.7547
-65.0297
-64.4245
-63.9115
-63.4713
-63.0913
-62.7626
-62.4766
-62.2286
-62.0152
-61.8338
-61.6802
-61.5522
-60.0851
-57.7238
-54.6895
-39.3872
9.70751
-27.8013
-72.7633
-79.3825
-79.419
-79.3502
-79.2711
-79.1845
-79.0905
-78.9894
-78.8816
-78.768
-78.6493
-78.5268
-78.4016
-78.2751
-78.1487
-78.0238
-77.9016
-77.7831
-77.6694
-77.5612
-77.4591
-77.3634
-77.2743
-77.192
-77.1163
-77.0471
-76.984
-76.9269
-76.8754
-76.829
-76.7874
-76.7501
-76.7169
-76.6874
-76.6612
-76.6379
-76.6173
-76.1733
-71.9544
-68.1486
-65.2842
-63.0649
-61.2417
-59.5632
-57.6481
-54.1851
41.4566
-1.06837
-33.4613
-77.1885
-78.9952
-78.8933
-78.7593
-78.6123
-78.3647
-78.1395
-77.9408
-77.7407
-76.3648
-74.2316
-72.9611
-72.1252
-71.4816
-70.939
-70.4599
-70.0277
-69.6349
-69.2777
-68.954
-69.1763
-69.553
-69.8118
-70.1378
-70.7943
-71.2876
-71.742
-72.3624
-72.8073
-73.1121
-73.3277
-73.4847
-73.6023
-73.6926
-73.7638
-73.8213
-73.8688
-73.9091
-73.9439
-73.9747
-74.0024
-74.0278
-74.0514
-74.0737
-74.0949
-74.1153
-74.1351
-74.1544
-74.1734
-74.192
-74.2105
-74.2287
-74.2468
-74.2648
-74.2827
-74.3005
-74.3182
-74.3358
-74.3533
-74.3708
-74.3881
-74.4054
-74.4226
-74.4397
-74.4567
-74.4736
-74.4904
-74.5071
-74.5237
-74.5401
-74.5565
-74.5727
-74.5888
-74.6048
-74.6207
-74.6364
-74.6521
-74.6675
-74.6829
-74.6981
-74.7132
-74.7282
-74.7431
-74.7578
-74.7724
-74.7868
-74.8012
-74.8154
-74.8295
-74.8434
-74.8573
-74.871
-74.8846
-74.8981
-74.9114
-74.9247
-74.9378
-74.9508
-74.9637
-74.9765
-74.9891
-75.0017
-75.0141
-75.0264
-75.0386
-75.0507
-75.0627
-75.0746
-75.0864
-75.0981
-74.7026
-70.6962
-67.0804
-64.3536
-62.2187
-60.4097
-58.6189
-56.2102
-48.3362
26.0314
-19.9677
-59.8787
-79.0717
-78.789
-78.6126
-78.4471
-78.268
-78.0746
-77.8675
-77.6477
-77.4166
-75.8132
-73.6465
-72.268
-71.3076
-70.5529
-69.9156
-69.3561
-68.8556
-68.4045
-66.6356
-64.298
-62.496
-61.0599
-59.7996
-58.5306
-56.9541
-54.0358
-8.58899
1.60833
-31.9253
-76.453
-79.031
-78.5689
-78.3652
-78.1746
-77.9703
-77.7515
-77.5191
-77.2744
-77.0195
-76.7566
-76.4884
-76.2178
-75.9478
-75.6812
-75.4209
-75.1693
-74.9286
-74.7005
-74.4864
-74.2874
-74.1039
-73.9363
-73.7845
-73.6481
-73.5267
-73.4196
-73.326
-73.245
-73.1758
-73.1174
-73.069
-73.0296
-73.2466
-73.4995
-73.7021
-73.8649
-73.9976
-74.1073
-74.199
-74.2767
-74.3431
-74.4006
-74.4507
-72.6476
-68.7702
-65.7788
-63.5475
-61.7997
-60.3096
-58.8439
-57.0077
-53.1557
45.8258
-7.09017
-38.2576
-78.5894
-78.9047
-78.6273
-78.4573
-78.2781
-78.0846
-77.8769
-77.656
-77.4233
-77.0808
-74.6687
-72.7697
-71.5476
-70.6501
-69.9261

