-70
-70.0758
-70.1508
-70.225
-70.2983
-70.3706
-70.4419
-70.5122
-70.5814
-70.6496
-70.7168
-70.7829
-70.848
-70.9121
-70.9752
-71.0373
-71.0984
-71.1586
-71.2178
-71.2761
-71.3334
-71.3899
-71.4455
-71.5003
-71.5543
-71.6074
-71.6598
-71.7114
-71.7623
-71.8124
-71.8619
-71.9106
-71.9587
-72.006
-72.0527
-72.0988
-72.1442
-72.1889
-72.2331
-72.2766
-72.3196
-72.362
-72.4038
-72.445
-72.4857
-72.5258
-72.5654
-72.6045
-72.6431
-72.6812
-72.7188
-72.756
-72.7927
-72.8289
-72.8647
-72.9
-72.9349
-72.9694
-73.0035
-73.0371
-73.0704
-73.1032
-73.1357
-73.1678
-73.1994
-73.2307
-73.2617
-73.2922
-73.3224
-73.3523
-73.3817
-73.4109
-73.4397
-73.4682
-73.4963
-73.5241
-73.5516
-73.5788
-73.6057
-73.6323
-73.6585
-73.6845
-73.7102
-73.7356
-73.7608
-73.7857
-73.8103
-73.8346
-73.8587
-73.8825
-73.9061
-73.9294
-73.9524
-73.9753
-73.9979
-74.0202
-74.0423
-74.0642
-74.0859
-74.1073
-74.1285
-74.1495
-74.1703
-74.1909
-74.2112
-74.2313
-74.2513
-74.271
-74.2905
-74.3098
-74.329
-74.3479
-74.3666
-74.3852
-74.4036
-74.4217
-74.4397
-74.4575
-74.4752
-74.4926
-74.5099
-74.527
-74.544
-74.5607
-74.5774
-74.5938
-74.6101
-74.6262
-74.6422
-74.658
-74.6736
-74.6891
-74.7045
-74.7197
-74.7347
-74.7496
-74.7644
-74.779
-74.7935
-74.8079
-74.8221
-74.8362
-74.8501
-74.864
-74.8777
-74.8913
-74.9047
-74.918
-74.9313
-74.9443
-74.9573
-74.9701
-74.9829
-74.9955
-75.008
-75.0204
-75.0327
-75.0448
-75.0569
-75.0688
-75.0806
-75.0924
-75.104
-75.1155
-75.1269
-75.1382
-75.1495
-75.1606
-75.1716
-75.1825
-75.1933
-75.204
-75.2147
-75.2252
-75.2356
-75.246
-75.2562
-75.2664
-75.2764
-75.2864
-75.2963
-75.3061
-75.3158
-75.3255
-75.335
-75.3445
-75.3538
-75.3631
-75.3724
-75.3815
-75.3906
-75.3995
-75.4084
-75.4172
-75.426
-75.4346
-75.4432
-75.4518
-75.4602
-75.4686
-75.4769
-75.4851
-75.4932
-75.5013
-75.5093
-75.5173
-75.5251
-75.533
-75.5407
-75.5484
-75.556
-75.5635
-75.571
-75.5784
-75.5858
-75.593
-75.6003
-75.6074
-75.6145
-75.6216
-75.6285
-75.6355
-75.6423
-75.6491
-75.6559
-75.6626
-75.6692
-75.6758
-75.6823
-75.6888
-75.6952
-75.7015
-75.7078
-75.7141
-75.7203
-75.7264
-75.7325
-75.7386
-75.7446
-75.7505
-75.7564
-75.7622
-75.768
-75.7738
-75.7795
-75.7851
-75.7907
-75.7963
-75.8018
-75.8072
-75.8127
-75.818
-75.8234
-75.8287
-75.8339
-75.8391
-75.8443
-75.8494
-75.8545
-75.8595
-75.8645
-75.8695
-75.8744
-75.8793
-75.8841
-75.8889
-75.8937
-75.8984
-75.9031
-75.9077
-75.9123
-75.9169
-75.9214
-75.9259
-75.9304
-75.9348
-75.9392
-75.9436
-75.9479
-75.9522
-75.9565
-75.9607
-75.9649
-75.969
-75.9731
-75.9772
-75.9813
-75.9853
-75.9893
-75.9933
-75.9972
-76.0011
-76.005
-76.0088
-76.0126
-76.0164
-76.0201
-76.0239
-76.0275
-76.0312
-76.0348
-76.0384
-76.042
-76.0456
-76.0491
-76.0526
-76.056
-76.0595
-76.0629
-76.0663
-76.0696
-76.0729
-76.0762
-76.0795
-76.0828
-76.086
-76.0892
-76.0924
-76.0955
-76.0986
-76.1017
-76.1048
-76.1079
-76.1109
-76.1139
-76.1169
-76.1198
-76.1228
-76.1257
-76.1286
-76.1314
-76.1343
-76.1371
-76.1399
-76.1427
-76.1455
-76.1482
-76.1509
-76.1536
-76.1563
-76.1589
-76.1615
-76.1642
-76.1667
-76.1693
-76.1719
-76.1744
-76.1769
-76.1794
-76.1819
-76.1843
-76.1868
-76.1892
-76.1916
-76.1939
-76.1963
-76.1986
-76.201
-76.2033
-76.2056
-76.2078
-76.2101
-76.2123
-76.2145
-76.2167
-76.2189
-76.2211
-76.2232
-76.2254
-76.2275
-76.2296
-76.2317
-76.2337
-76.2358
-76.2378
-76.2398
-76.2418
-76.2438
-76.2458
-76.2478
-76.2497
-76.2516
-76.2536
-76.2554
-76.2573
-76.2592
-76.2611
-76.2629
-76.2647
-76.2665
-76.2683
-76.2701
-76.2719
-76.2737
-76.2754
-76.2771
-76.2788
-76.2806
-76.2822
-76.2839
-76.2856
-76.2872
-76.2889
-76.2905
-76.2921
-76.2937
-76.2953
-76.2969
-76.2985
-76.3
-76.3016
-76.3031
-76.3046
-76.3061
-76.3076
-76.3091
-76.3106
-76.312
-76.3135
-76.3149
-76.3164
-76.3178
-76.3192
-76.3206
-76.322
-76.3233
-76.3247
-76.3261
-76.3274
-76.3287
-76.33
-76.3314
-76.3327
-76.334
-76.3352
-76.3365
-76.3378
-76.339
-76.3403
-76.3415
-76.3427
-76.3439
-76.3452
-76.3464
-76.3475
-76.3487
-76.3499
-76.351
-76.3522
-76.3533
-76.3545
-76.3556
-76.3567
-76.3578
-76.3589
-76.36
-76.3611
-76.3622
-76.3632
-76.3643
-76.3654
-76.3664
-76.3674
-76.3685
-76.3695
-76.3705
-76.3715
-76.3725
-76.3735
-76.3745
-76.3754
-76.3764
-76.3774
-76.3783
-76.3793
-76.3802
-76.3811
-76.382
-76.383
-76.3839
-76.3848
-76.3857
-76.3866
-76.3874
-76.3883
-76.3892
-76.39
-76.3909
-76.3917
-76.3926
-76.3934
-76.3943
-76.3951
-76.3959
-76.3967
-76.3975
-76.3983
-76.3991
-76.3999
-76.4007
-76.4014
-76.4022
-76.403
-76.4037
-76.4045
-76.4052
-76.406
-75.9818
-71.7886
-68.0041
-65.1549
-62.9445
-61.1211
-59.4257
-57.4468
-53.6233
46.3408
-5.00849
-36.5335
-77.8894
-79.0176
-78.9118
-78.78
-78.6355
-78.4783
-78.3089
-78.1277
-76.6415
-74.785
-73.6945
-72.9403
-72.3251
-71.7798
-71.2785
-70.8115
-70.3755
-69.9696
-69.5942
-69.4214
-69.7657
-70.0434
-70.2267
-70.3497
-70.4541
-68.7571
-66.7645
-65.4688
-64.6179
-64.6652
-65.3421
-66.8433
-68.5634
-69.6099
-70.2232
-70.6026
-70.8495
-71.0182
-71.139
-71.2295
-71.3005
-71.3587
-71.4083
-71.4522
-71.4924
-71.5301
-71.5662
-71.6014
-71.6361
-71.7124
-72.1581
-72.5627
-72.8728
-73.1147
-73.3068
-73.4618
-73.5889
-73.6945
-73.7835
-73.8593
-73.9248
-72.5657
-68.765
-65.789
-63.5913
-61.8907
-60.4691
-59.123
-57.5659
-54.9745
-37.4835
10.6831
-27.371
-73.6962
-78.8621
-78.6503
-78.4886
-78.316
-78.1298
-77.9306
-77.7191
-77.4967
-77.2651
-74.9962
-73.0974
-71.9147
-71.0674
-70.6195
-70.6454
-70.921
-71.0885
-71.5117
-71.778
-71.9758
-72.3879
-72.906
-73.2387
-73.4257
-73.5346
-73.6001
-73.641
-73.8737
-74.2545
-74.6266
-74.9348
-75.1115
-75.2722
-75.3754
-75.4334
-75.4678
-75.4895
-75.504
-75.5143
-75.5221
-75.5283
-75.5337
-75.5384
-75.5429
-75.5471
-75.5513
-75.5555
-75.5598
-75.5641
-75.5685
-75.5731
-75.5777
-75.5825
-75.5874
-75.5924
-75.5975
-75.6027
-75.608
-75.6134
-75.6189
-75.6245
-75.6301
-75.6358
-75.6416
-75.6474
-75.6532
-75.6591
-75.665
-75.6709
-75.6768
-75.6827
-75.6887
-75.6946
-75.7005
-75.7065
-75.7124
-75.7183
-75.7242
-75.73
-75.7359
-75.7417
-75.7475
-75.7532
-75.7589
-75.7646
-75.7703
-75.7759
-75.7815
-75.787
-75.7925
-75.798
-75.8034
-75.8088
-75.8142
-75.8195
-72.144
-68.2443
-65.2935
-63.0163
-61.1505
-59.4303
-57.4415
-53.646
46.2473
-4.7933
-36.24
-77.8262
-78.9768
-78.8665
-78.7297
-78.5796
-78.4165
-78.2408
-78.0531
-77.3982
-75.1689
-73.7165
-72.7956
-72.0911
-71.492
-70.955
-70.4625
-70.0989
-68.8097
-66.9918
-65.7188
-64.8255
-64.1699
-63.672
-63.2839
-63.5032
-64.3956
-64.4505
-63.1697
-62.1467
-61.4074
-60.8391
-61.0115
-62.0937
-64.458
-66.8291
-68.2881
-69.1844
-69.76
-70.1455
-70.7865
-71.376
-71.7721
-72.2127
-72.7222
-73.0694
-73.3042
-73.469
-73.5886
-73.6783
-73.7477
-73.8029
-73.8481
-73.886
-73.9188
-73.9476
-73.9736
-73.9975
-74.0198
-74.0409
-74.061
-74.0805
-74.0995
-74.1181
-74.2361
-74.4301
-74.587
-72.0907
-68.6179
-66.1603
-64.4236
-63.149
-62.1704
-61.3781
-60.6945
-60.0595
-59.4171
-58.6898
-57.7472
-56.0034
-48.9119
27.3431
-19.7744
-58.4948
-79.1076
-79.2791
-79.1957
-79.0981
-78.9911
-78.7691
-76.7987
-75.6303
-74.9772
-74.4678
-74.0705
-73.7695
-73.4585
-73.1445
-72.9378
-72.9139
-72.875
-73.069
-73.3945
-73.5828
-73.6752
-73.7174
-73.7327
-73.7337
-73.7275
-73.7182
-73.708
-73.6983
-73.6901
-73.691
-73.8731
-74.0497
-74.2555
-74.5005
-74.725
-74.9616
-75.125
-75.2368
-75.316
-75.3737
-75.4171
-75.4506
-75.4771
-75.4986
-75.5164
-75.5315
-75.5485
-75.5984
-75.6426
-75.6768
-75.7037
-75.7254
-75.7432
-75.7582
-75.7731
-75.8048
-75.8322
-75.8533
-75.8699
-75.8834
-75.8946
-75.904
-75.9121
-75.9193
-75.9257
-75.9315
-75.9369
-75.9419
-75.9466
-75.9512
-75.9555
-75.9597
-75.9638
-75.9678
-75.9718
-75.9756
-75.9795
-75.9833
-75.9871
-75.9908
-75.9945
-75.9982
-76.0019
-76.0055
-76.0092
-76.0128
-76.0164
-76.02
-76.0236
-76.0271
-76.0307
-76.0342
-76.0377
-76.0412
-76.0446
-76.0481
-76.0515
-76.0549
-76.0583
-76.0617
-76.065
-76.0683
-76.0716
-72.8003
-68.7799
-65.7211
-63.3729
-61.472
-59.7631
-57.8887
-54.7721
-2.41097
4.32807
-30.1277
-76.0771
-79.2744
-78.6957
-78.4791
-78.2984
-78.1049
-77.8969
-77.675
-77.4404
-77.1948
-75.3694
-73.261
-71.9103
-70.9522
-70.1944
-69.5546
-68.9947
-68.4959
-68.0485
-66.0936
-63.8211
-62.9487
-62.735
-62.5853
-62.4681
-62.3783
-62.3122
-62.2677
-61.3407
-61.1009
-61.0066
-60.9484
-60.9179
-60.9099
-60.9209
-60.9489
-60.9925
-61.0507
-61.1231
-61.8095
-65.3858
-68.0451
-69.6714
-70.9666
-71.9943
-72.6969
-73.3697
-73.8034
-74.0745
-74.2516
-74.3721
-74.457
-74.5191
-74.5659
-74.6024
-74.6318
-74.6561
-74.6768
-74.6995
-74.8291
-74.951
-75.0432
-75.1142
-75.1701
-75.215
-75.2518
-75.2823
-75.3082
-75.3305
-75.35
-75.3672
-75.3826
-75.3966
-75.4095
-75.4214
-75.4326
-75.4431
-75.4531
-75.4627
-75.472
-75.4809
-75.4896
-75.4981
-75.5064
-74.7752
-70.6422
-67.1062
-64.4528
-62.3845
-60.6497
-58.9791
-56.8958
-52.094
40.5739
-12.2099
-44.2869
-78.6352
-79.0789
-78.9735
-78.8491
-78.7129
-78.5649
-78.4054
-77.7801

