-70
-69.8623
-69.7285
-69.5983
-69.4718
-69.3487
-69.2291
-69.1128
-68.9997
-68.8897
-68.7828
-68.6789
-68.5778
-68.4795
-68.3839
-68.291
-68.2007
-68.1128
-68.0274
-67.9443
-67.8636
-67.7851
-67.7087
-67.6345
-67.5623
-67.4921
-67.4238
-67.3574
-67.2929
-67.2301
-67.1691
-67.1098
-67.0521
-66.996
-66.9414
-66.8884
-66.8368
-66.7866
-66.7378
-66.6904
-66.6443
-66.5994
-66.5558
-66.5133
-66.4721
-66.432
-66.393
-66.355
-66.3181
-66.2823
-66.2474
-66.2134
-66.1805
-66.1484
-66.1172
-66.0868
-66.0573
-66.0286
-66.0007
-65.9736
-65.9472
-65.9215
-65.8966
-65.8723
-65.8487
-65.8257
-65.8034
-65.7817
-65.7606
-65.74
-65.72
-65.7006
-65.6817
-65.6633
-65.6455
-65.6281
-65.6112
-65.5948
-65.5788
-65.5632
-65.5481
-65.5334
-65.5191
-65.5052
-65.4917
-65.4785
-65.4657
-65.4533
-65.4412
-65.4294
-65.418
-65.4068
-65.396
-65.3855
-65.3752
-65.3653
-65.3556
-65.3462
-65.337
-65.3281
-65.3194
-65.311
-65.3028
-65.2948
-65.2871
-65.2795
-65.2722
-65.2651
-65.2581
-65.2514
-65.2448
-65.2385
-65.2322
-65.2262
-65.2203
-65.2146
-65.2091
-65.2037
-65.1984
-65.1933
-65.1884
-65.1835
-65.1788
-65.1743
-65.1698
-65.1655
-65.1613
-65.1572
-65.1532
-65.1493
-65.1456
-65.1419
-65.1384
-65.1349
-65.1315
-65.1283
-65.1251
-65.122
-65.119
-65.1161
-65.1132
-65.1104
-65.1077
-65.1051
-65.1026
-65.1001
-65.0977
-65.0953
-65.0931
-65.0908
-65.0887
-65.0866
-65.0845
-65.0826
-65.0806
-65.0788
-65.0769
-65.0752
-65.0734
-65.0718
-65.0701
-65.0685
-65.067
-65.0655
-65.064
-65.0626
-65.0612
-65.0599
-65.0586
-65.0573
-65.0561
-65.0549
-65.0537
-65.0526
-65.0514
-65.0504
-65.0493
-65.0483
-65.0473
-65.0464
-65.0454
-65.0445
-65.0436
-65.0428
-65.0419
-65.0411
-65.0403
-65.0395
-65.0388
-65.0381
-65.0374
-65.0367
-65.036
-65.0353
-65.0347
-65.0341
-65.0335
-65.0329
-65.0323
-65.0318
-65.0313
-65.0307
-65.0302
-65.0297
-65.0293
-65.0288
-65.0283
-65.0279
-65.0275
-65.027
-65.0266
-65.0262
-65.0259
-65.0255
-65.0251
-65.0248
-65.0244
-65.0241
-65.0238
-65.0234
-65.0231
-65.0228
-65.0225
-65.0223
-65.022
-65.0217
-65.0215
-65.0212
-65.021
-65.0207
-65.0205
-65.0203
-65.02
-65.0198
-65.0196
-65.0194
-65.0192
-65.019
-65.0188
-65.0187
-65.0185
-65.0183
-65.0181
-65.018
-65.0178
-65.0177
-65.0175
-65.0174
-65.0172
-65.0171
-65.017
-65.0168
-65.0167
-65.0166
-65.0165
-65.0163
-65.0162
-65.0161
-65.016
-65.0159
-65.0158
-65.0157
-65.0156
-65.0155
-65.0154
-65.0153
-65.0153
-65.0152
-65.0151
-65.015
-65.0149
-65.0149
-65.0148
-65.0147
-65.0147
-65.0146
-65.0145
-65.0145
-65.0144
-65.0143
-65.0143
-65.0142
-65.0142
-65.0141
-65.0141
-65.014
-65.014
-65.0139
-65.0139
-65.0138
-65.0138
-65.0137
-65.0137
-65.0137
-65.0136
-65.0136
-65.0135
-65.0135
-65.0135
-65.0134
-65.0134
-65.0134
-65.0133
-65.0133
-65.0133
-65.0133
-65.0132
-65.0132
-65.0132
-65.0131
-65.0131
-65.0131
-65.0131
-65.0131
-65.013
-65.013
-65.013
-65.013
-65.0129
-65.0129
-65.0129
-65.0129
-65.0129
-65.0129
-65.0128
-65.0128
-65.0128
-65.0128
-65.0128
-65.0128
-65.0127
-65.0127
-65.0127
-65.0127
-65.0127
-65.0127
-65.0127
-65.0127
-65.0126
-65.0126
-65.0126
-65.0126
-65.0126
-65.0126
-65.0126
-65.0126
-65.0126
-65.0126
-65.0125
-65.0125
-65.0125
-65.0125
-65.0125
-65.0125
-65.0125
-65.0125
-65.0125
-65.0125
-65.0125
-65.0125
-65.0125
-65.0124
-65.0124
-65.0124
-65.0124
-65.0124
-65.0124
-65.0124
-65.0124
-65.0124
-65.0124
-65.0124
-65.0124
-65.0124
-65.0124
-65.0124
-65.0124
-65.0124
-65.0124
-65.0124
-65.0124
-65.0124
-65.0124
-65.0124
-65.0123
-65.0123
-65.0123
-65.0123
-65.0123
-65.0123
-65.0123
-65.0123
-65.0123
-65.0123
-65.0123
-65.0123
-65.0123
-65.0123
-65.0123
-65.0123
-65.0123
-65.0123
-65.0123
-65.0123
-65.0123
-65.0123
-65.0123
-65.0123
-65.0123
-65.0123
-65.0123
-65.0123
-65.0123
-65.0123
-65.0123
-65.0123
-65.0123
-65.0123
-65.0123
-65.0123
-65.0123
-65.0123
-65.0123
-65.0123
-65.0123
-65.0123
-65.0123
-65.0123
-65.0123
-65.0123
-65.0123
-65.0123
-65.0123
-65.0123
-65.0123
-65.0123
-65.0123
-65.0123
-65.0123
-65.0123
-65.0123
-65.0123
-65.0123
-65.0123
-65.0123
-65.0123
-65.0123
-65.0123
-65.0123
-65.0123
-65.0123
-65.0123
-65.0123
-65.0123
-65.0123
-65.0123
-65.0123
-65.0123
-64.7657
-64.5631
-64.4124
-64.305
-64.2215
-64.1548
-64.1013
-64.0585
-64.0247
-63.9986
-63.9789
-63.9648
-63.9553
-63.9499
-63.9479
-63.9489
-63.9525
-63.9582
-63.9658
-63.975
-63.9855
-63.9972
-64.0098
-64.0233
-64.0374
-64.052
-64.0671
-64.0826
-64.0983
-64.1142
-64.1302
-64.1463
-64.1624
-64.1784
-64.0909
-63.8571
-63.704
-63.5923
-63.5149
-63.4565
-63.4123
-63.3796
-63.3565
-63.3413
-63.3327
-63.3299
-63.3318
-63.3377
-63.3472
-63.3595
-63.3743
-63.3912
-63.4098
-63.1844
-63.0093
-62.8603
-62.5221
-62.2833
-61.8779
-61.3638
-60.8867
-59.8463
-59.0694
-58.2338
-57.4984
-56.7689
-56.2414
-55.8399
-55.4131
-55.0417
-54.7622
-54.4123
-54.1615
-53.8878
-53.6763
-53.5009
-53.374
-53.2568
-53.1873
-53.1514
-53.0924
-53.0518
-53.047
-53.0715
-53.0911
-53.0835
-53.1129
-53.1671
-53.2433
-53.3351
-53.4401
-53.5205
-53.6105
-53.7173
-53.8381
-53.9043
-53.9714
-54.0636
-54.1744
-54.2984
-54.4316
-54.534
-54.6096
-54.6513
-54.7207
-54.8131
-54.887
-54.9772
-55.0827
-55.201
-55.328
-55.4616
-55.6004
-55.7432
-55.8891
-56.0372
-56.187
-56.3379
-56.441
-56.5573
-56.6817
-56.773
-56.8654
-56.9183
-56.8965
-56.8241
-56.7312
-56.666
-56.5406
-56.4502
-56.3202
-56.2064
-56.0132
-55.7809
-55.4502
-55.0381
-54.6777
-54.3883
-54.1951
-53.9391
-53.5717
-53.2286
-52.7698
-52.3168
-51.946
-51.6629
-51.4595
-51.3043
-51.1513
-51.0491
-50.9837
-50.9318
-50.8964
-50.8618
-50.8369
-50.822
-50.808
-50.8169
-50.8528
-50.9113
-50.9881
-51.081
-51.1881
-51.3084
-51.4409
-51.5842
-51.7372
-51.8988
-52.0681
-52.2442
-52.4264
-52.6141
-52.8063
-53.0019
-53.2003
-53.4009
-53.6031
-53.8067
-54.0107
-54.2146
-54.418
-54.6207
-54.8223
-55.0225
-55.2208
-55.417
-55.6111
-55.8028
-55.9921
-56.1785
-56.3621
-56.5428
-56.7206
-56.8954
-57.0671
-57.2356
-57.4009
-57.5631
-57.7221
-57.878
-58.0307
-58.1802
-58.3265
-58.4698
-58.6099
-58.7471
-58.8813
-59.0125
-59.1407
-59.2661
-59.3886
-59.5083
-59.6253
-59.7395
-59.8512
-59.9603
-60.0668
-60.1708
-60.2723
-60.3714
-60.4682
-60.5626
-60.6548
-60.7449
-60.7902
-60.7743
-60.7887
-60.818
-60.8593
-60.9028
-60.8079
-60.7354
-60.6987
-60.6741
-60.6274
-60.5518
-60.086
-59.7501
-59.5142
-59.1621
-58.478
-57.6216
-56.8111
-56.0297
-55.3877
-54.9175
-54.5165
-54.2106
-53.8483
-53.5379
-53.3142
-53.1457
-53.0104
-52.8965
-52.8149
-52.7732
-52.7637
-52.758
-52.7647
-52.7568
-52.665
-52.6223
-52.6148
-52.6091
-52.6118
-52.6074
-52.5974
-52.6267
-52.6836
-52.7194
-52.6663
-52.6302
-52.6387
-52.6068
-52.5725
-52.5479
-52.5384
-52.568
-52.6102
-52.6518
-52.7221
-52.8128
-52.8956
-52.9873
-53.0978
-53.132
-53.1788
-53.2567
-53.3588
-53.478
-53.6094
-53.7506
-53.8997
-54.0556
-54.2168
-54.3559
-54.4941
-54.6432
-54.7927
-54.9078
-55.0412
-55.184
-55.335
-55.4903
-55.5968
-55.6768
-55.7459
-55.7307
-55.6882
-55.6975
-55.7422
-55.7606
-55.7029
-55.5953
-55.4751
-55.2724
-55.0775
-54.9195
-54.8265
-54.5916
-54.3828
-54.1847
-53.9955
-53.7539
-53.498
-53.1805
-52.793
-52.3968
-52.0813
-51.8191
-51.6147
-51.4561
-51.331
-51.2136
-51.0992
-51.0339
-50.998
-50.9391
-50.8738
-50.8208
-50.7881
-50.7726
-50.7892
-50.8193
-50.8536
-50.8954
-50.9484
-51.025
-51.12
-51.2312
-51.3562
-51.4936
-51.642
-51.8
-51.9665
-52.1407
-52.3214
-52.5082
-52.7002
-52.8965
-53.096
-53.2981
-53.5021
-53.7077
-53.9142
-54.1208
-54.327
-54.5326
-54.7373
-54.9407
-55.1423
-55.3419
-55.5394
-55.7345
-55.9273
-56.1172
-56.3043
-56.4884
-56.6695
-56.8476
-57.0226
-57.1944
-57.3629
-57.5281
-57.6902
-57.8491
-58.0047
-58.1571
-58.3063
-58.4522
-58.595
-58.7348
-58.8715
-59.0051
-59.1358
-59.2634
-59.3881
-59.51
-59.6291
-59.7454
-59.859
-59.97
-60.0784
-60.1842
-60.2874
-60.3882
-60.4866
-60.5826
-60.6764
-60.7678
-60.8571
-60.9443
-61.0293
-61.1122
-61.1932
-61.2721
-61.3491
-61.4243
-61.4976
-61.5691
-61.6389
-61.7069
-61.7733
-61.8381
-61.8391
-61.8135
-61.812
-61.7994
-61.589
-61.0189
-60.635
-60.2418
-59.9273
-59.6983
-59.5314
-59.3722
-59.2424
-59.1152
-58.8515
-58.6741
-58.5285
-58.3216
-57.5243
-56.5847
-55.9438
-55.4883
-55.1581
-54.8594
-54.6322
-54.3281
-54.0928
-53.9035
-53.7162
-53.5535
-53.4505
-53.3928
-53.3714
-53.378
-53.347
-53.0998
-52.9185
-52.75
-52.6133
-52.5387
-52.5075
-52.511
-52.5148
-52.4884
-52.4733
-52.4962
-52.5185
-52.5139
-52.4134
-52.3381
-52.3171
-52.3377
-52.3877
-52.4595
-52.5494
-52.6354
-52.6852
-52.7347
-52.8096
-52.9083
-53.0248
-53.1544
-53.2945
-53.4437
-53.6004
-53.7634
-53.9314
-54.1036
-54.2791
-54.4572
-54.6374
-54.8191
-55.0015
-55.1841
-55.3328
-55.482
-55.6385
-55.8004
-55.9647
-56.1299
-56.2953
-56.4294
-56.5077
-56.5656
-56.6521
-56.7097
-56.7864
-56.8789
-56.9838
-57.0962
-57.2141
-57.3359
-57.4606
-57.5875
-57.7158
-57.845
-57.9614
-58.0149
-58.0172
-57.9969
-57.9107
-57.7962
-57.5679
-57.2929
-56.9318
-56.6002
-56.3372
-56.0246
-55.6603
-55.3228
-54.7835
-54.0719
-53.5026
-53.1009
-52.8144
-52.6048
-52.4517
-52.3099

