-70
-70.0758
-70.1508
-70.225
-70.2983
-70.3706
-70.4419
-70.5122
-70.5814
-70.6496
-70.7168
-70.7829
-70.848
-70.9121
-70.9752
-71.0373
-71.0984
-71.1586
-71.2178
-71.2761
-71.3334
-71.3899
-71.4455
-71.5003
-71.5543
-71.6074
-71.6598
-71.7114
-71.7623
-71.8124
-71.8619
-71.9106
-71.9587
-72.006
-72.0527
-72.0988
-72.1442
-72.1889
-72.2331
-72.2766
-72.3196
-72.362
-72.4038
-72.445
-72.4857
-72.5258
-72.5654
-72.6045
-72.6431
-72.6812
-72.7188
-72.756
-72.7927
-72.8289
-72.8647
-72.9
-72.9349
-72.9694
-73.0035
-73.0371
-73.0704
-73.1032
-73.1357
-73.1678
-73.1994
-73.2307
-73.2617
-73.2922
-73.3224
-73.3523
-73.3817
-73.4109
-73.4397
-73.4682
-73.4963
-73.5241
-73.5516
-73.5788
-73.6057
-73.6323
-73.6585
-73.6845
-73.7102
-73.7356
-73.7608
-73.7857
-73.8103
-73.8346
-73.8587
-73.8825
-73.9061
-73.9294
-73.9524
-73.9753
-73.9979
-74.0202
-74.0423
-74.0642
-74.0859
-74.1073
-74.1285
-74.1495
-74.1703
-74.1909
-74.2112
-74.2313
-74.2513
-74.271
-74.2905
-74.3098
-74.329
-74.3479
-74.3666
-74.3852
-74.4036
-74.4217
-74.4397
-74.4575
-74.4752
-74.4926
-74.5099
-74.527
-74.544
-74.5607
-74.5774
-74.5938
-74.6101
-74.6262
-74.6422
-74.658
-74.6736
-74.6891
-74.7045
-74.7197
-74.7347
-74.7496
-74.7644
-74.779
-74.7935
-74.8079
-74.8221
-74.8362
-74.8501
-74.864
-74.8777
-74.8913
-74.9047
-74.918
-74.9313
-74.9443
-74.9573
-74.9701
-74.9829
-74.9955
-75.008
-75.0204
-75.0327
-75.0448
-75.0569
-75.0688
-75.0806
-75.0924
-75.104
-75.1155
-75.1269
-75.1382
-75.1495
-75.1606
-75.1716
-75.1825
-75.1933
-75.204
-75.2147
-75.2252
-75.2356
-75.246
-75.2562
-75.2664
-75.2764
-75.2864
-75.2963
-75.3061
-75.3158
-75.3255
-75.335
-75.3445
-75.3538
-75.3631
-75.3724
-75.3815
-75.3906
-75.3995
-75.4084
-75.4172
-75.426
-75.4346
-75.4432
-75.4518
-75.4602
-75.4686
-75.4769
-75.4851
-75.4932
-75.5013
-75.5093
-75.5173
-75.5251
-75.533
-75.5407
-75.5484
-75.556
-75.5635
-75.571
-75.5784
-75.5858
-75.593
-75.6003
-75.6074
-75.6145
-75.6216
-75.6285
-75.6355
-75.6423
-75.6491
-75.6559
-75.6626
-75.6692
-75.6758
-75.6823
-75.6888
-75.6952
-75.7015
-75.7078
-75.7141
-75.7203
-75.7264
-75.7325
-75.7386
-75.7446
-75.7505
-75.7564
-75.7622
-75.768
-75.7738
-75.7795
-75.7851
-75.7907
-75.7963
-75.8018
-75.8072
-75.8127
-75.818
-75.8234
-75.8287
-75.8339
-75.8391
-75.8443
-75.8494
-75.8545
-75.8595
-75.8645
-75.8695
-75.8744
-75.8793
-75.8841
-75.8889
-75.8937
-75.8984
-75.9031
-75.9077
-75.9123
-75.9169
-75.9214
-75.9259
-75.9304
-75.9348
-75.9392
-75.9436
-75.9479
-75.9522
-75.9565
-75.9607
-75.9649
-75.969
-75.9731
-75.9772
-75.9813
-75.9853
-75.9893
-75.9933
-75.9972
-76.0011
-76.005
-76.0088
-76.0126
-76.0164
-76.0201
-76.0239
-76.0275
-76.0312
-76.0348
-76.0384
-76.042
-76.0456
-76.0491
-76.0526
-76.056
-76.0595
-76.0629
-76.0663
-76.0696
-76.0729
-76.0762
-76.0795
-76.0828
-76.086
-76.0892
-76.0924
-76.0955
-76.0986
-76.1017
-76.1048
-76.1079
-76.1109
-76.1139
-76.1169
-76.1198
-76.1228
-76.1257
-76.1286
-76.1314
-76.1343
-76.1371
-76.1399
-76.1427
-76.1455
-76.1482
-76.1509
-76.1536
-76.1563
-76.1589
-76.1615
-76.1642
-76.1667
-76.1693
-76.1719
-76.1744
-76.1769
-76.1794
-76.1819
-76.1843
-76.1868
-76.1892
-76.1916
-76.1939
-76.1963
-76.1986
-76.201
-76.2033
-76.2056
-76.2078
-76.2101
-76.2123
-76.2145
-76.2167
-76.2189
-76.2211
-76.2232
-76.2254
-76.2275
-76.2296
-76.2317
-76.2337
-76.2358
-76.2378
-76.2398
-76.2418
-76.2438
-76.2458
-76.2478
-76.2497
-76.2516
-76.2536
-76.2554
-76.2573
-76.2592
-76.2611
-76.2629
-76.2647
-76.2665
-76.2683
-76.2701
-76.2719
-76.2737
-76.2754
-76.2771
-76.2788
-76.2806
-76.2822
-76.2839
-76.2856
-76.2872
-76.2889
-76.2905
-76.2921
-76.2937
-76.2953
-76.2969
-76.2985
-76.3
-76.3016
-76.3031
-76.3046
-76.3061
-76.3076
-76.3091
-76.3106
-76.312
-76.3135
-76.3149
-76.3164
-76.3178
-76.3192
-76.3206
-76.322
-76.3233
-76.3247
-76.3261
-76.3274
-76.3287
-76.33
-76.3314
-76.3327
-76.334
-76.3352
-76.3365
-76.3378
-76.339
-76.3403
-76.3415
-76.3427
-76.3439
-76.3452
-76.3464
-76.3475
-76.3487
-76.3499
-76.351
-76.3522
-76.3533
-76.3545
-76.3556
-76.3567
-76.3578
-76.3589
-76.36
-76.3611
-76.3622
-76.3632
-76.3643
-76.3654
-76.3664
-76.3674
-76.3685
-76.3695
-76.3705
-76.3715
-76.3725
-76.3735
-76.3745
-76.3754
-76.3764
-76.3774
-76.3783
-76.3793
-76.3802
-76.3811
-76.382
-76.383
-76.3839
-76.3848
-76.3857
-76.3866
-76.3874
-76.3883
-76.3892
-76.39
-76.3909
-76.3917
-76.3926
-76.3934
-76.3943
-76.3951
-76.3959
-76.3967
-76.3975
-76.3983
-76.3991
-76.3999
-76.4007
-76.4014
-76.4022
-76.403
-76.4037
-76.4045
-76.4052
-76.406
-76.4067
-76.4074
-76.4082
-76.4089
-76.4096
-76.4103
-76.411
-76.4117
-73.1002
-69.0304
-65.9337
-63.559
-61.6448
-59.9422
-58.1173
-55.256
-31.6259
9.70686
-27.2581
-73.2824
-79.1833
-79.1424
-79.0377
-78.9215
-78.7944
-78.5614
-76.7384
-75.6259
-74.9906
-74.5006
-74.1692
-73.9757
-73.9112
-73.8489
-73.7966
-71.7446
-70.1916
-69.3253
-68.7975
-68.6359
-69.0262
-69.2904
-69.9471
-70.4676
-70.7755
-70.964
-71.0848
-71.5113
-71.9406
-72.224
-72.4279
-72.8616
-73.2054
-73.4337
-73.5907
-73.7027
-73.7853
-73.8484
-73.8981
-73.9385
-73.9723
-74.0013
-74.0269
-74.0501
-74.0714
-74.0913
-74.1103
-74.1286
-74.1464
-74.1639
-74.181
-74.28
-74.475
-74.634
-74.759
-74.8588
-74.9398
-75.0064
-75.0619
-75.1087
-75.1487
-73.2929
-69.3447
-66.3304
-64.1101
-62.405
-61.004
-59.724
-58.3451
-56.3873
-50.9946
35.696
-15.4583
-49.9263
-78.7604
-79.0127
-78.8978
-78.7472
-78.5162
-78.2285
-77.8883
-77.5234
-77.2049
-76.9625
-76.7721
-76.6006
-76.4395
-76.2869
-76.1298
-75.9928
-75.8804
-75.7906
-75.7139
-75.6626
-75.6311
-75.6006
-75.6037
-75.6246
-75.6712
-75.7247
-75.7568
-75.7714
-75.7777
-75.7802
-75.7961
-75.8191
-75.8412
-75.8541
-75.8619
-75.8668
-75.8703
-75.8729
-75.8751
-75.877
-75.8789
-75.8808
-75.8827
-75.8847
-75.8868
-75.8891
-75.8914
-75.8938
-75.8964
-75.8991
-75.9019
-75.9047
-75.9077
-75.9108
-75.914
-75.9172
-75.9206
-75.9239
-75.9274
-75.9309
-75.9345
-75.9381
-75.9417
-75.9454
-75.9491
-75.9528
-75.9566
-75.9604
-75.9642
-75.9679
-75.9717
-75.9755
-75.9793
-75.9831
-75.9869
-75.9907
-75.9945
-75.9982
-76.002
-76.0057
-76.0094
-76.0131
-76.0168
-76.0205
-76.0241
-76.0277
-76.0313
-76.0349
-76.0384
-76.042
-76.0455
-76.049
-72.344
-68.4132
-65.4395
-63.1473
-61.2764
-59.5669
-57.6306
-54.1426
41.9579
-1.50248
-33.6619
-77.2712
-79.1299
-79.0455
-78.9291
-78.801
-78.6615
-78.5107
-78.2471
-76.0953
-74.7206
-73.9685
-73.4207
-73.1203
-72.9542
-73.0396
-73.1431
-73.1305
-72.1635
-69.8824
-68.378
-67.4489
-66.8398
-66.4218
-66.8386
-67.3238
-67.6477
-67.869
-68.027
-68.1456
-68.2649
-68.9685
-70.1164
-71.0114
-71.6032
-72.0065
-72.6283
-73.3536
-73.8142
-74.1024
-74.291
-74.4195
-74.5102
-74.5766
-74.6711
-74.8246
-74.9392
-75.0215
-75.0825
-75.129
-75.1654
-75.1946
-75.2186
-75.2389
-75.2563
-75.2715
-75.2852
-75.2976
-75.309
-75.3197
-75.3298
-75.3395
-75.3488
-75.3578
-75.3666
-75.3752
-75.3837
-75.3921
-75.4004
-74.6722
-70.5608
-67.0513
-64.4239
-62.3795
-60.6681
-59.0267
-57.0028
-52.5555
42.9414
-10.2636
-41.8658
-78.4121
-78.9749
-78.8588
-78.7214
-78.5641
-78.3069
-78.0565
-77.7722
-77.5432
-77.3304
-77.0043
-74.7113
-72.9424
-72.0755
-71.5672
-71.2124
-70.9357
-70.7062
-70.5098
-70.3393
-70.2444
-70.6185
-70.9687
-71.5441
-71.958
-72.2212
-72.3948
-72.5134
-72.7438
-73.0962
-73.561
-73.9173
-74.2224
-74.5078
-74.6931
-74.8145
-74.8971
-74.9557
-75.1105
-75.2885
-75.4012
-75.473
-75.5209
-75.5542
-75.5783
-75.5965
-75.6106
-75.622
-75.6315
-75.6397
-75.6469
-75.6535
-75.6596
-75.6653
-75.6709
-75.6762
-75.6814
-75.6866
-75.6917
-75.6968
-75.7019
-75.707
-75.7121
-75.7173
-75.7224
-75.7276
-75.7328
-75.738
-75.7432
-75.7485
-75.7537
-75.759
-75.7643
-75.7696
-75.7748
-75.7801
-75.7854
-75.7906
-75.7959
-75.8011
-75.8063
-75.8115
-75.8167
-75.8218
-75.827
-75.8321
-75.8371
-75.8422
-75.8472
-75.8522
-75.8572
-75.8621
-75.867
-75.8719
-75.8767
-75.8816
-75.8863
-75.8911
-75.8958
-75.9004
-75.9051
-75.9097
-75.9143
-75.9188
-75.9233
-75.9278
-72.672
-68.6699
-65.6243
-63.2843
-61.3855
-59.6684
-57.7596
-54.4698
25.2284
1.4282
-31.8095
-76.9806
-78.9626
-78.7244
-78.5663
-78.3977
-78.215
-78.0183
-77.8083
-77.5862
-77.3536
-76.6195
-73.9884
-72.1112
-71.1877
-70.5954
-70.1153
-69.758
-69.925
-70.4846
-70.946
-70.6733
-68.9457
-67.8109
-67.1411
-66.7247
-66.4563
-66.2801
-66.573
-67.3188
-67.9842
-68.9923
-69.7103
-70.635
-71.624
-72.3774
-73.037
-73.5015
-73.7766
-74.0331
-74.2966
-74.4627
-74.5677
-74.6374
-74.6858
-74.7209
-74.7476
-74.7686
-74.7859
-74.8006
-74.8137
-74.8255
-74.8366
-74.8471
-74.8573
-74.8673
-74.8771
-74.887
-74.8968
-74.9067
-74.9166
-74.9267
-74.9368
-74.947
-74.9573
-74.9677
-74.9782
-74.9887
-74.9993
-75.01
-75.0207
-75.0315
-75.0423
-75.0531
-75.0639
-75.0747
-75.0856
-75.0964
-75.1072
-75.118
-75.1287
-71.9668
-68.0823
-65.1287
-62.8537
-60.9874
-59.2543
-57.2112
-53.0637
45.0985
-7.97164
-39.2423
-78.1976
-78.9782
-78.8648
-78.7279
-78.5779
-78.4152
-78.2399
-78.0132

