-70
-69.8623
-69.7285
-69.5983
-69.4718
-69.3487
-69.2291
-69.1128
-68.9997
-68.8897
-68.7828
-68.6789
-68.5778
-68.4795
-68.3839
-68.291
-68.2007
-68.1128
-68.0274
-67.9443
-67.8636
-67.7851
-67.7087
-67.6345
-67.5623
-67.4921
-67.4238
-67.3574
-67.2929
-67.2301
-67.1691
-67.1098
-67.0521
-66.996
-66.9414
-66.8884
-66.8368
-66.7866
-66.7378
-66.6904
-66.6443
-66.5994
-66.5558
-66.5133
-66.4721
-66.432
-66.393
-66.355
-66.3181
-66.2823
-66.2474
-66.2134
-66.1805
-66.1484
-66.1172
-66.0868
-66.0573
-66.0286
-66.0007
-65.9736
-65.9472
-65.9215
-65.8966
-65.8723
-65.8487
-65.8257
-65.8034
-65.7817
-65.7606
-65.74
-65.72
-65.7006
-65.6817
-65.6633
-65.6455
-65.6281
-65.6112
-65.5948
-65.5788
-65.5632
-65.5481
-65.5334
-65.5191
-65.5052
-65.4917
-65.4785
-65.4657
-65.4533
-65.4412
-65.4294
-65.418
-65.4068
-65.396
-65.3855
-65.3752
-65.3653
-65.3556
-65.3462
-65.337
-65.3281
-65.3194
-65.311
-65.3028
-65.2948
-65.2871
-65.2795
-65.2722
-65.2651
-65.2581
-65.2514
-65.2448
-65.2385
-65.2322
-65.2262
-65.2203
-65.2146
-65.2091
-65.2037
-65.1984
-65.1933
-65.1884
-65.1835
-65.1788
-65.1743
-65.1698
-65.1655
-65.1613
-65.1572
-65.1532
-65.1493
-65.1456
-65.1419
-65.1384
-65.1349
-65.1315
-65.1283
-65.1251
-65.122
-65.119
-65.1161
-65.1132
-65.1104
-65.1077
-65.1051
-65.1026
-65.1001
-65.0977
-65.0953
-65.0931
-65.0908
-65.0887
-65.0866
-65.0845
-65.0826
-65.0806
-65.0788
-65.0769
-65.0752
-65.0734
-65.0718
-65.0701
-65.0685
-65.067
-65.0655
-65.064
-65.0626
-65.0612
-65.0599
-65.0586
-65.0573
-65.0561
-65.0549
-65.0537
-65.0526
-65.0514
-65.0504
-65.0493
-65.0483
-65.0473
-65.0464
-65.0454
-65.0445
-65.0436
-65.0428
-65.0419
-65.0411
-65.0403
-65.0395
-65.0388
-65.0381
-65.0374
-65.0367
-65.036
-65.0353
-65.0347
-65.0341
-65.0335
-65.0329
-65.0323
-65.0318
-65.0313
-65.0307
-65.0302
-65.0297
-65.0293
-65.0288
-65.0283
-65.0279
-65.0275
-65.027
-65.0266
-65.0262
-65.0259
-65.0255
-65.0251
-65.0248
-65.0244
-65.0241
-65.0238
-65.0234
-65.0231
-65.0228
-65.0225
-65.0223
-65.022
-65.0217
-65.0215
-65.0212
-65.021
-65.0207
-65.0205
-65.0203
-65.02
-65.0198
-65.0196
-65.0194
-65.0192
-65.019
-65.0188
-65.0187
-65.0185
-65.0183
-65.0181
-65.018
-65.0178
-65.0177
-65.0175
-65.0174
-65.0172
-65.0171
-65.017
-65.0168
-65.0167
-65.0166
-65.0165
-65.0163
-65.0162
-65.0161
-65.016
-65.0159
-65.0158
-65.0157
-65.0156
-65.0155
-65.0154
-65.0153
-65.0153
-65.0152
-65.0151
-65.015
-65.0149
-65.0149
-65.0148
-65.0147
-65.0147
-65.0146
-65.0145
-65.0145
-65.0144
-65.0143
-65.0143
-65.0142
-65.0142
-65.0141
-65.0141
-65.014
-65.014
-65.0139
-65.0139
-65.0138
-65.0138
-65.0137
-65.0137
-65.0137
-65.0136
-65.0136
-65.0135
-65.0135
-65.0135
-65.0134
-65.0134
-65.0134
-65.0133
-65.0133
-65.0133
-65.0133
-65.0132
-65.0132
-65.0132
-65.0131
-65.0131
-65.0131
-65.0131
-65.0131
-65.013
-65.013
-65.013
-65.013
-65.0129
-65.0129
-65.0129
-65.0129
-65.0129
-65.0129
-65.0128
-65.0128
-65.0128
-65.0128
-65.0128
-65.0128
-65.0127
-65.0127
-65.0127
-65.0127
-65.0127
-65.0127
-65.0127
-65.0127
-65.0126
-65.0126
-65.0126
-65.0126
-65.0126
-65.0126
-65.0126
-65.0126
-65.0126
-65.0126
-65.0125
-65.0125
-65.0125
-65.0125
-65.0125
-65.0125
-65.0125
-65.0125
-65.0125
-65.0125
-65.0125
-65.0125
-65.0125
-65.0124
-65.0124
-65.0124
-65.0124
-65.0124
-65.0124
-65.0124
-65.0124
-65.0124
-65.0124
-65.0124
-65.0124
-65.0124
-65.0124
-65.0124
-65.0124
-65.0124
-65.0124
-65.0124
-65.0124
-65.0124
-65.0124
-65.0124
-65.0123
-65.0123
-65.0123
-65.0123
-65.0123
-65.0123
-65.0123
-65.0123
-65.0123
-65.0123
-65.0123
-65.0123
-65.0123
-65.0123
-65.0123
-65.0123
-65.0123
-65.0123
-65.0123
-65.0123
-65.0123
-65.0123
-65.0123
-65.0123
-65.0123
-65.0123
-65.0123
-65.0123
-65.0123
-65.0123
-65.0123
-65.0123
-65.0123
-65.0123
-65.0123
-65.0123
-65.0123
-65.0123
-65.0123
-65.0123
-65.0123
-65.0123
-65.0123
-65.0123
-65.0123
-65.0123
-65.0123
-65.0123
-65.0123
-65.0123
-65.0123
-65.0123
-65.0123
-65.0123
-65.0123
-65.0123
-65.0123
-65.0123
-65.0123
-65.0123
-65.0123
-65.0123
-65.0123
-65.0123
-65.0123
-65.0123
-65.0123
-65.0123
-65.0123
-65.0123
-65.0123
-65.0123
-65.0123
-65.0123
-64.8272
-64.6749
-64.5616
-64.4807
-64.4179
-64.3677
-64.3273
-64.2951
-64.2696
-64.2499
-64.2351
-64.2244
-64.2173
-64.2132
-64.2117
-64.2125
-64.2152
-64.2195
-64.2252
-64.2321
-64.2401
-64.2489
-64.2584
-64.2685
-64.2792
-64.2902
-64.3016
-64.3133
-64.3251
-64.3371
-64.3491
-64.3613
-64.3734
-64.3855
-64.2937
-64.0552
-63.8977
-63.7818
-63.7003
-63.6379
-63.5899
-63.5534
-63.5266
-63.5078
-63.4957
-63.4894
-63.488
-63.4906
-63.4968
-63.4729
-63.4254
-63.3983
-63.379
-63.2401
-63.1469
-63.0349
-62.4696
-61.9905
-61.4364
-60.8892
-60.4195
-59.3493
-58.5458
-57.8136
-57.216
-56.6204
-56.1291
-55.7601
-55.3184
-54.8115
-54.3169
-53.7683
-53.3378
-52.9282
-52.6068
-52.3671
-52.1538
-51.9635
-51.826
-51.7311
-51.672
-51.6287
-51.5561
-51.5185
-51.4958
-51.364
-51.2908
-51.2393
-51.2086
-51.2113
-51.239
-51.2885
-51.3558
-51.4389
-51.5362
-51.6465
-51.7399
-51.8357
-51.9154
-52.019
-52.1389
-52.273
-52.4176
-52.5305
-52.6563
-52.7959
-52.9474
-53.1071
-53.2669
-53.3684
-53.4732
-53.5989
-53.7399
-53.8908
-54.0483
-54.2109
-54.3773
-54.5468
-54.6718
-54.7688
-54.8272
-54.8258
-54.8666
-54.8977
-54.9177
-54.9698
-55.0459
-55.1088
-55.0073
-54.7839
-54.4522
-54.1892
-53.9508
-53.6802
-53.3364
-52.9442
-52.5979
-52.2485
-51.9774
-51.6842
-51.1926
-50.7165
-50.1432
-49.6289
-49.2013
-48.8426
-48.477
-48.134
-47.7857
-47.3731
-46.8734
-46.3399
-45.6946
-44.7969
-43.4494
-40.9722
-31.8307
42.1484
-1.38644
-35.0006
-54.9164
-60.3185
-61.8605
-62.3789
-62.5468
-62.5745
-62.5475
-62.5028
-62.4562
-62.4142
-62.3791
-62.3512
-62.3303
-62.3158
-62.3069
-62.3031
-62.3037
-62.3082
-62.316
-62.3267
-62.34
-62.3555
-62.3729
-62.3919
-62.4123
-62.434
-62.4567
-62.4803
-62.5046
-62.5294
-62.5548
-62.5805
-62.6065
-62.6327
-62.659
-62.6853
-62.7116
-62.7379
-62.7641
-62.7901
-62.8159
-62.8415
-62.8668
-62.8919
-62.9167
-62.9412
-62.9654
-62.9893
-63.0128
-63.036
-63.0588
-63.0812
-63.1033
-63.125
-63.1464
-63.1674
-63.188
-63.2083
-63.2282
-63.2477
-63.2669
-63.2857
-63.3042
-63.3013
-63.2501
-63.1202
-63.0358
-62.9765
-62.9369
-62.9053
-62.7851
-62.6906
-62.6228
-62.577
-62.541
-62.3517
-62.1061
-61.8511
-61.5635
-61.1319
-60.3657
-58.9909
-57.9229
-56.9455
-56.2039
-55.6331
-55.0628
-54.6049
-54.0873
-53.6721
-53.3612
-53.1237
-52.9245
-52.767
-52.6316
-52.5442
-52.4931
-52.4735
-52.4751
-52.4714
-52.4267
-52.4081
-52.3753
-52.3778
-52.3984
-52.3844
-52.3803
-52.4057
-52.4091
-52.3275
-52.238
-52.1862
-52.1485
-52.1491
-52.1558
-52.1609
-52.1865
-52.2367
-52.2833
-52.3518
-52.3569
-52.4044
-52.4777
-52.5741
-52.6426
-52.7347
-52.8447
-52.9705
-53.1076
-53.2539
-53.408
-53.5687
-53.7349
-53.9055
-54.0796
-54.2565
-54.4354
-54.6159
-54.7975
-54.9795
-55.1614
-55.318
-55.4306
-55.5023
-55.5597
-55.5646
-55.5484
-55.3746
-55.1166
-54.9242
-54.8072
-54.6956
-54.5696
-54.4577
-54.3474
-54.1531
-54.0056
-53.8591
-53.7145
-53.5182
-53.2778
-53.1283
-52.9154
-52.6908
-52.4298
-51.9798
-51.4787
-51.0365
-50.5914
-50.2387
-49.8995
-49.6088
-49.3632
-49.1334
-48.9299
-48.7168
-48.5237
-48.2789
-48.0201
-47.6542
-47.3
-46.9319
-46.5064
-45.9817
-45.3147
-44.3778
-42.8234
-39.4039
-13.2332
31.0322
-16.1429
-47.1193
-59.8464
-63.3024
-64.3869
-64.775
-64.899
-64.9151
-64.8876
-64.844
-64.7957
-64.7477
-64.7019
-64.659
-64.6192
-64.5823
-64.5482
-64.5166
-64.4874
-64.4603
-64.4352
-64.412
-64.3904
-64.3703
-64.3517
-64.3343
-64.3182
-64.3032
-64.2893
-64.2763
-64.2642
-64.2529
-64.2424
-64.2326
-64.2234
-64.2149
-64.2069
-64.1995
-64.1926
-64.1861
-64.1801
-64.1744
-64.1692
-64.1643
-64.1597
-64.1555
-64.1516
-64.1479
-64.1445
-64.1414
-64.1385
-64.1358
-64.1334
-64.1311
-64.129
-64.1272
-64.1254
-64.1239
-64.1225
-64.1213
-64.1202
-64.1193
-64.1185
-64.1178
-64.1172
-64.1168
-64.1165
-64.1163
-64.1161
-64.1161
-64.1162
-64.1164
-64.1167
-64.1171
-64.0731
-64.031
-64.0003
-63.975
-63.5888
-62.8142
-62.2821
-61.7874
-61.367
-61.0484
-60.7751
-60.4983
-60.2724
-60.1007
-59.9206
-59.7827
-59.6735
-59.4385
-58.4467
-57.3174
-56.4995
-55.9179
-55.4722
-55.049
-54.723
-54.3691
-54.0793
-53.8394
-53.54
-53.2798
-53.0974
-52.9763
-52.9012
-52.8609
-52.8059
-52.4465
-52.184
-51.9805
-51.8462
-51.7637
-51.7199
-51.6853
-51.6671
-51.6499
-51.6665
-51.7081
-51.7719
-51.7865
-51.6586
-51.5809
-51.5555
-51.5728
-51.6181
-51.6631
-51.7219
-51.8026
-51.9018
-52.0164
-52.1438
-52.2522
-52.3746
-52.5112
-52.6604
-52.8185
-52.9839
-53.1553
-53.3316
-53.5123
-53.6965
-53.8834
-54.0722
-54.2623
-54.4531
-54.6443
-54.8021
-54.9601
-55.1251
-55.2645
-55.4067
-55.5572
-55.7139
-55.8611
-55.9763
-56.0698
-56.106
-56.1269
-56.1512
-56.2105
-56.2907
-56.3859
-56.4909
-56.6034
-56.7139
-56.7866
-56.8791
-56.9427
-56.9226
-56.9
-56.8824
-56.7343
-56.5012
-56.2572
-56.0123
-55.7048
-55.3602
-54.9374
-54.5753
-54.2818
-54.0188
-53.6794
-53.0672
-52.4743
-51.9996
-51.6209
-51.2806
-50.9779
-50.7393
-50.4997

