-70
-69.8623
-69.7285
-69.5983
-69.4718
-69.3487
-69.2291
-69.1128
-68.9997
-68.8897
-68.7828
-68.6789
-68.5778
-68.4795
-68.3839
-68.291
-68.2007
-68.1128
-68.0274
-67.9443
-67.8636
-67.7851
-67.7087
-67.6345
-67.5623
-67.4921
-67.4238
-67.3574
-67.2929
-67.2301
-67.1691
-67.1098
-67.0521
-66.996
-66.9414
-66.8884
-66.8368
-66.7866
-66.7378
-66.6904
-66.6443
-66.5994
-66.5558
-66.5133
-66.4721
-66.432
-66.393
-66.355
-66.3181
-66.2823
-66.2474
-66.2134
-66.1805
-66.1484
-66.1172
-66.0868
-66.0573
-66.0286
-66.0007
-65.9736
-65.9472
-65.9215
-65.8966
-65.8723
-65.8487
-65.8257
-65.8034
-65.7817
-65.7606
-65.74
-65.72
-65.7006
-65.6817
-65.6633
-65.6455
-65.6281
-65.6112
-65.5948
-65.5788
-65.5632
-65.5481
-65.5334
-65.5191
-65.5052
-65.4917
-65.4785
-65.4657
-65.4533
-65.4412
-65.4294
-65.418
-65.4068
-65.396
-65.3855
-65.3752
-65.3653
-65.3556
-65.3462
-65.337
-65.3281
-65.3194
-65.311
-65.3028
-65.2948
-65.2871
-65.2795
-65.2722
-65.2651
-65.2581
-65.2514
-65.2448
-65.2385
-65.2322
-65.2262
-65.2203
-65.2146
-65.2091
-65.2037
-65.1984
-65.1933
-65.1884
-65.1835
-65.1788
-65.1743
-65.1698
-65.1655
-65.1613
-65.1572
-65.1532
-65.1493
-65.1456
-65.1419
-65.1384
-65.1349
-65.1315
-65.1283
-65.1251
-65.122
-65.119
-65.1161
-65.1132
-65.1104
-65.1077
-65.1051
-65.1026
-65.1001
-65.0977
-65.0953
-65.0931
-65.0908
-65.0887
-65.0866
-65.0845
-65.0826
-65.0806
-65.0788
-65.0769
-65.0752
-65.0734
-65.0718
-65.0701
-65.0685
-65.067
-65.0655
-65.064
-65.0626
-65.0612
-65.0599
-65.0586
-65.0573
-65.0561
-65.0549
-65.0537
-65.0526
-65.0514
-65.0504
-65.0493
-65.0483
-65.0473
-65.0464
-65.0454
-65.0445
-65.0436
-65.0428
-65.0419
-65.0411
-65.0403
-65.0395
-65.0388
-65.0381
-65.0374
-65.0367
-65.036
-65.0353
-65.0347
-65.0341
-65.0335
-65.0329
-65.0323
-65.0318
-65.0313
-65.0307
-65.0302
-65.0297
-65.0293
-65.0288
-65.0283
-65.0279
-65.0275
-65.027
-65.0266
-65.0262
-65.0259
-65.0255
-65.0251
-65.0248
-65.0244
-65.0241
-65.0238
-65.0234
-65.0231
-65.0228
-65.0225
-65.0223
-65.022
-65.0217
-65.0215
-65.0212
-65.021
-65.0207
-65.0205
-65.0203
-65.02
-65.0198
-65.0196
-65.0194
-65.0192
-65.019
-65.0188
-65.0187
-65.0185
-65.0183
-65.0181
-65.018
-65.0178
-65.0177
-65.0175
-65.0174
-65.0172
-65.0171
-65.017
-65.0168
-65.0167
-65.0166
-65.0165
-65.0163
-65.0162
-65.0161
-65.016
-65.0159
-65.0158
-65.0157
-65.0156
-65.0155
-65.0154
-65.0153
-65.0153
-65.0152
-65.0151
-65.015
-65.0149
-65.0149
-65.0148
-65.0147
-65.0147
-65.0146
-65.0145
-65.0145
-65.0144
-65.0143
-65.0143
-65.0142
-65.0142
-65.0141
-65.0141
-65.014
-65.014
-65.0139
-65.0139
-65.0138
-65.0138
-65.0137
-65.0137
-65.0137
-65.0136
-65.0136
-65.0135
-65.0135
-65.0135
-65.0134
-65.0134
-65.0134
-65.0133
-65.0133
-65.0133
-65.0133
-65.0132
-65.0132
-65.0132
-65.0131
-65.0131
-65.0131
-65.0131
-65.0131
-65.013
-65.013
-65.013
-65.013
-65.0129
-65.0129
-65.0129
-65.0129
-65.0129
-65.0129
-65.0128
-65.0128
-65.0128
-65.0128
-65.0128
-65.0128
-65.0127
-65.0127
-65.0127
-65.0127
-65.0127
-65.0127
-65.0127
-65.0127
-65.0126
-65.0126
-65.0126
-65.0126
-65.0126
-65.0126
-65.0126
-65.0126
-65.0126
-65.0126
-65.0125
-65.0125
-65.0125
-65.0125
-65.0125
-65.0125
-65.0125
-65.0125
-65.0125
-65.0125
-65.0125
-65.0125
-65.0125
-65.0124
-65.0124
-65.0124
-65.0124
-65.0124
-65.0124
-65.0124
-65.0124
-65.0124
-65.0124
-65.0124
-65.0124
-65.0124
-65.0124
-65.0124
-65.0124
-65.0124
-65.0124
-65.0124
-65.0124
-65.0124
-65.0124
-65.0124
-65.0123
-65.0123
-65.0123
-65.0123
-65.0123
-65.0123
-65.0123
-65.0123
-65.0123
-65.0123
-65.0123
-65.0123
-65.0123
-65.0123
-65.0123
-65.0123
-65.0123
-65.0123
-65.0123
-65.0123
-65.0123
-65.0123
-65.0123
-65.0123
-65.0123
-65.0123
-65.0123
-65.0123
-65.0123
-65.0123
-65.0123
-65.0123
-65.0123
-65.0123
-65.0123
-65.0123
-65.0123
-65.0123
-65.0123
-65.0123
-65.0123
-65.0123
-65.0123
-65.0123
-65.0123
-65.0123
-65.0123
-65.0123
-65.0123
-65.0123
-65.0123
-65.0123
-65.0123
-65.0123
-65.0123
-65.0123
-65.0123
-65.0123
-65.0123
-65.0123
-65.0123
-65.0123
-65.0123
-65.0123
-65.0123
-65.0123
-65.0123
-65.0123
-65.0123
-65.0123
-65.0123
-65.0123
-65.0123
-65.0123
-64.9505
-64.8995
-64.8615
-64.8344
-64.8133
-64.7964
-64.7828
-64.772
-64.7634
-64.7568
-64.7518
-64.7482
-64.7458
-64.7444
-64.7439
-64.7441
-64.745
-64.7465
-64.7484
-64.7508
-64.7534
-64.7564
-64.7596
-64.763
-64.7666
-64.7703
-64.7742
-64.7781
-64.7821
-64.7861
-64.7902
-64.7942
-64.7983
-64.8024
-64.8065
-64.8105
-64.8146
-64.8185
-64.8225
-64.8264
-64.8303
-64.8341
-64.8378
-64.8415
-64.8451
-64.8487
-64.8522
-64.8556
-64.859
-64.8623
-64.8655
-64.8686
-64.8717
-64.8748
-64.8777
-64.7808
-64.2567
-63.8984
-63.582
-63.2975
-63.0607
-62.8138
-62.4695
-61.9042
-61.5049
-61.2055
-60.9849
-60.814
-60.6366
-60.4535
-60.287
-60.1701
-60.0882
-60.0338
-60.0006
-59.9848
-59.9838
-59.9953
-60.0175
-60.0466
-60.0225
-59.9991
-59.9995
-60.0185
-60.0507
-60.0463
-60.0606
-60.0676
-60.0691
-60.0902
-60.0925
-60.0424
-60.0291
-60.0372
-60.0635
-60.1007
-60.1121
-60.1243
-60.1531
-60.1942
-60.2443
-60.3005
-60.3616
-60.4265
-60.4944
-60.5648
-60.637
-60.7106
-60.7767
-60.7972
-60.836
-60.8838
-60.9394
-60.9989
-61.0612
-61.1254
-61.191
-61.2576
-61.3247
-61.3923
-61.4598
-61.4986
-61.5143
-61.5454
-61.5849
-61.6308
-61.6799
-61.6452
-61.6202
-61.6132
-61.5683
-61.5427
-61.4843
-61.4592
-61.4522
-61.4173
-61.3357
-61.1534
-60.8707
-60.5594
-60.2653
-59.9306
-59.6156
-59.3967
-59.2431
-59.1191
-59.0133
-58.9456
-58.9069
-58.8925
-58.8971
-58.8959
-58.898
-58.92
-58.9571
-59.0066
-59.0651
-59.1312
-59.2034
-59.2807
-59.3322
-59.3821
-59.4443
-59.5154
-59.5928
-59.6742
-59.7587
-59.8454
-59.9338
-60.0234
-60.1138
-60.2047
-60.2957
-60.3867
-60.4774
-60.5676
-60.6571
-60.7459
-60.8338
-60.9206
-61.0063
-61.0908
-61.1741
-61.256
-61.3366
-61.4158
-61.4936
-61.57
-61.645
-61.7184
-61.7905
-61.861
-61.9301
-61.9978
-62.064
-62.1288
-62.1921
-62.2541
-62.3146
-62.3738
-62.4317
-62.4882
-62.5434
-62.5973
-62.6499
-62.7014
-62.7515
-62.8005
-62.8483
-62.895
-62.9405
-62.9849
-63.0283
-63.0706
-63.1118
-63.152
-63.1912
-63.2295
-63.2668
-63.3032
-63.3387
-63.3733
-63.407
-63.4399
-63.4368
-63.2956
-63.2101
-63.1521
-63.1182
-63.0969
-63.0849
-63.0801
-63.0813
-63.0874
-63.0619
-62.8551
-62.6597
-62.5165
-62.4163
-62.291
-62.1341
-61.9013
-61.6575
-61.2362
-60.889
-60.6359
-60.4012
-60.2329
-60.109
-60.0217
-59.962
-59.925
-59.9069
-59.8531
-59.7482
-59.6906
-59.6625
-59.6595
-59.6726
-59.6985
-59.6982
-59.7158
-59.7469
-59.7848
-59.7976
-59.8237
-59.8296
-59.8574
-59.8977
-59.949
-59.9581
-59.9412
-59.8584
-59.7777
-59.703
-59.6709
-59.6659
-59.6809
-59.7099
-59.7501
-59.7992
-59.8557
-59.9182
-59.9857
-60.0572
-60.1319
-60.2092
-60.247
-60.2975
-60.3562
-60.3763
-60.4082
-60.4525
-60.507
-60.5674
-60.632
-60.6996
-60.7696
-60.8413
-60.9142
-60.988
-61.0623
-61.1367
-61.2112
-61.2335
-61.1921
-61.1556
-61.1014
-61.0257
-60.958
-60.9257
-60.8886
-60.8571
-60.8486
-60.8564
-60.8769
-60.8914
-60.8744
-60.8812
-60.8983
-60.8211
-60.7047
-60.5747
-60.355
-60.1244
-59.9417
-59.7763
-59.6131
-59.5049
-59.4028
-59.3404
-59.3066
-59.2663
-59.2484
-59.212
-59.1639
-59.1485
-59.1088
-59.0378
-59.0029
-58.9976
-59.0159
-59.0497
-59.0957
-59.1515
-59.2154
-59.2859
-59.3618
-59.4422
-59.5263
-59.6132
-59.7024
-59.7933
-59.8855
-59.9786
-60.0721
-60.1659
-60.2597
-60.3532
-60.4463
-60.5387
-60.6304
-60.7211
-60.8109
-60.8995
-60.987
-61.0731
-61.158
-61.2414
-61.3235
-61.4041
-61.4833
-61.561
-61.6372
-61.712
-61.7852
-61.857
-61.9272
-61.996
-62.0633
-62.1291
-62.1935
-62.2564
-62.3179
-62.3781
-62.4368
-62.4942
-62.5502
-62.6049
-62.6583
-62.7105
-62.7614
-62.811
-62.8595
-62.9068
-62.953
-62.998
-63.042
-63.0848
-63.1266
-63.1673
-63.2071
-63.2458
-63.2836
-63.3204
-63.3564
-63.3914
-63.4255
-63.4588
-63.4913
-63.5229
-63.5537
-63.5838
-63.6131
-63.6417
-63.6696
-63.6967
-63.7232
-63.749
-63.7741
-63.7987
-63.8226
-63.8459
-63.8686
-63.8907
-63.9123
-63.9334
-63.9539
-63.9326
-63.9049
-63.8901
-63.8839
-63.8833
-63.8861
-63.8666
-63.68
-63.5223
-63.4103
-63.2936
-63.1929
-63.1194
-62.8991
-62.2366
-61.6488
-61.2127
-60.9007
-60.6667
-60.4864
-60.348
-60.2438
-60.1681
-60.1162
-60.0845
-60.07
-60.0701
-60.0826
-60.1057
-60.1378
-60.1596
-60.1284
-60.1264
-60.1417
-60.1401
-60.1524
-60.1725
-60.1702
-60.1712
-60.1693
-60.1885
-60.2209
-60.2639
-60.2231
-60.1756
-60.1607
-60.1702
-60.1962
-60.2331
-60.2784
-60.2939
-60.3159
-60.3516
-60.375
-60.387
-60.417
-60.4583
-60.5085
-60.5644
-60.6248
-60.6887
-60.7552
-60.8239
-60.8941
-60.9656
-61.0378
-61.0738
-61.1047
-61.1474
-61.1979
-61.2536
-61.3121
-61.3727
-61.4347
-61.4976
-61.5612
-61.6251
-61.6892
-61.7309
-61.7546
-61.7866
-61.7721
-61.7804
-61.8005
-61.8305
-61.8662
-61.9058
-61.9485
-61.9935
-62.0403
-62.0885
-62.1376
-62.1875
-62.2377
-62.2851
-62.2859
-62.2615
-62.1829
-61.9551
-61.7851
-61.5516
-61.3337
-61.0926
-60.8283
-60.6362
-60.4779
-60.2389
-59.9745
-59.7943
-59.6702
-59.5778
-59.4848
-59.4285
-59.3982

