-70
-69.8623
-69.7285
-69.5983
-69.4718
-69.3487
-69.2291
-69.1128
-68.9997
-68.8897
-68.7828
-68.6789
-68.5778
-68.4795
-68.3839
-68.291
-68.2007
-68.1128
-68.0274
-67.9443
-67.8636
-67.7851
-67.7087
-67.6345
-67.5623
-67.4921
-67.4238
-67.3574
-67.2929
-67.2301
-67.1691
-67.1098
-67.0521
-66.996
-66.9414
-66.8884
-66.8368
-66.7866
-66.7378
-66.6904
-66.6443
-66.5994
-66.5558
-66.5133
-66.4721
-66.432
-66.393
-66.355
-66.3181
-66.2823
-66.2474
-66.2134
-66.1805
-66.1484
-66.1172
-66.0868
-66.0573
-66.0286
-66.0007
-65.9736
-65.9472
-65.9215
-65.8966
-65.8723
-65.8487
-65.8257
-65.8034
-65.7817
-65.7606
-65.74
-65.72
-65.7006
-65.6817
-65.6633
-65.6455
-65.6281
-65.6112
-65.5948
-65.5788
-65.5632
-65.5481
-65.5334
-65.5191
-65.5052
-65.4917
-65.4785
-65.4657
-65.4533
-65.4412
-65.4294
-65.418
-65.4068
-65.396
-65.3855
-65.3752
-65.3653
-65.3556
-65.3462
-65.337
-65.3281
-65.3194
-65.311
-65.3028
-65.2948
-65.2871
-65.2795
-65.2722
-65.2651
-65.2581
-65.2514
-65.2448
-65.2385
-65.2322
-65.2262
-65.2203
-65.2146
-65.2091
-65.2037
-65.1984
-65.1933
-65.1884
-65.1835
-65.1788
-65.1743
-65.1698
-65.1655
-65.1613
-65.1572
-65.1532
-65.1493
-65.1456
-65.1419
-65.1384
-65.1349
-65.1315
-65.1283
-65.1251
-65.122
-65.119
-65.1161
-65.1132
-65.1104
-65.1077
-65.1051
-65.1026
-65.1001
-65.0977
-65.0953
-65.0931
-65.0908
-65.0887
-65.0866
-65.0845
-65.0826
-65.0806
-65.0788
-65.0769
-65.0752
-65.0734
-65.0718
-65.0701
-65.0685
-65.067
-65.0655
-65.064
-65.0626
-65.0612
-65.0599
-65.0586
-65.0573
-65.0561
-65.0549
-65.0537
-65.0526
-65.0514
-65.0504
-65.0493
-65.0483
-65.0473
-65.0464
-65.0454
-65.0445
-65.0436
-65.0428
-65.0419
-65.0411
-65.0403
-65.0395
-65.0388
-65.0381
-65.0374
-65.0367
-65.036
-65.0353
-65.0347
-65.0341
-65.0335
-65.0329
-65.0323
-65.0318
-65.0313
-65.0307
-65.0302
-65.0297
-65.0293
-65.0288
-65.0283
-65.0279
-65.0275
-65.027
-65.0266
-65.0262
-65.0259
-65.0255
-65.0251
-65.0248
-65.0244
-65.0241
-65.0238
-65.0234
-65.0231
-65.0228
-65.0225
-65.0223
-65.022
-65.0217
-65.0215
-65.0212
-65.021
-65.0207
-65.0205
-65.0203
-65.02
-65.0198
-65.0196
-65.0194
-65.0192
-65.019
-65.0188
-65.0187
-65.0185
-65.0183
-65.0181
-65.018
-65.0178
-65.0177
-65.0175
-65.0174
-65.0172
-65.0171
-65.017
-65.0168
-65.0167
-65.0166
-65.0165
-65.0163
-65.0162
-65.0161
-65.016
-65.0159
-65.0158
-65.0157
-65.0156
-65.0155
-65.0154
-65.0153
-65.0153
-65.0152
-65.0151
-65.015
-65.0149
-65.0149
-65.0148
-65.0147
-65.0147
-65.0146
-65.0145
-65.0145
-65.0144
-65.0143
-65.0143
-65.0142
-65.0142
-65.0141
-65.0141
-65.014
-65.014
-65.0139
-65.0139
-65.0138
-65.0138
-65.0137
-65.0137
-65.0137
-65.0136
-65.0136
-65.0135
-65.0135
-65.0135
-65.0134
-65.0134
-65.0134
-65.0133
-65.0133
-65.0133
-65.0133
-65.0132
-65.0132
-65.0132
-65.0131
-65.0131
-65.0131
-65.0131
-65.0131
-65.013
-65.013
-65.013
-65.013
-65.0129
-65.0129
-65.0129
-65.0129
-65.0129
-65.0129
-65.0128
-65.0128
-65.0128
-65.0128
-65.0128
-65.0128
-65.0127
-65.0127
-65.0127
-65.0127
-65.0127
-65.0127
-65.0127
-65.0127
-65.0126
-65.0126
-65.0126
-65.0126
-65.0126
-65.0126
-65.0126
-65.0126
-65.0126
-65.0126
-65.0125
-65.0125
-65.0125
-65.0125
-65.0125
-65.0125
-65.0125
-65.0125
-65.0125
-65.0125
-65.0125
-65.0125
-65.0125
-65.0124
-65.0124
-65.0124
-65.0124
-65.0124
-65.0124
-65.0124
-65.0124
-65.0124
-65.0124
-65.0124
-65.0124
-65.0124
-65.0124
-65.0124
-65.0124
-65.0124
-65.0124
-65.0124
-65.0124
-65.0124
-65.0124
-65.0124
-65.0123
-65.0123
-65.0123
-65.0123
-65.0123
-65.0123
-65.0123
-65.0123
-65.0123
-65.0123
-65.0123
-65.0123
-65.0123
-65.0123
-65.0123
-65.0123
-65.0123
-65.0123
-65.0123
-65.0123
-65.0123
-65.0123
-65.0123
-65.0123
-65.0123
-65.0123
-65.0123
-65.0123
-65.0123
-65.0123
-65.0123
-65.0123
-65.0123
-65.0123
-65.0123
-65.0123
-65.0123
-65.0123
-65.0123
-65.0123
-65.0123
-65.0123
-65.0123
-65.0123
-65.0123
-65.0123
-65.0123
-65.0123
-65.0123
-65.0123
-65.0123
-65.0123
-65.0123
-65.0123
-65.0123
-65.0123
-65.0123
-65.0123
-65.0123
-65.0123
-65.0123
-65.0123
-65.0123
-65.0123
-65.0123
-65.0123
-65.0123
-65.0123
-65.0123
-65.0123
-65.0123
-65.0123
-65.0123
-65.0123
-64.9505
-64.8995
-64.8615
-64.8344
-64.8133
-64.7964
-64.7828
-64.772
-64.7634
-64.7568
-64.7518
-64.7482
-64.7458
-64.7444
-64.7439
-64.7441
-64.745
-64.7465
-64.7484
-64.7508
-64.7534
-64.7564
-64.7596
-64.763
-64.7666
-64.7703
-64.7742
-64.7781
-64.7821
-64.7861
-64.7902
-64.7942
-64.7983
-64.8024
-64.7803
-64.7211
-64.6822
-64.6538
-64.634
-64.6191
-64.6078
-64.5995
-64.5936
-64.5897
-64.5876
-64.5868
-64.5873
-64.5889
-64.5913
-64.5945
-64.5983
-64.6026
-64.6074
-64.5451
-64.5018
-64.4708
-64.3161
-64.2048
-64.0735
-63.9684
-63.8855
-63.6263
-63.3461
-63.0992
-62.8537
-62.5365
-62.3118
-62.1408
-61.9219
-61.7205
-61.5723
-61.4129
-61.2971
-61.1606
-61.0531
-60.9784
-60.9299
-60.9008
-60.887
-60.8859
-60.8956
-60.9143
-60.9406
-60.9735
-61.012
-61.0087
-61.0212
-61.0451
-61.0796
-61.0935
-61.0995
-61.1204
-61.1518
-61.191
-61.2354
-61.2838
-61.3354
-61.3895
-61.4455
-61.5032
-61.5619
-61.6215
-61.6347
-61.6557
-61.6867
-61.6794
-61.6842
-61.7018
-61.7301
-61.7648
-61.8039
-61.8465
-61.8916
-61.9234
-61.9163
-61.9288
-61.9513
-61.9823
-62.0179
-62.0569
-62.0463
-62.052
-62.0686
-62.0947
-62.126
-62.131
-62.1264
-62.1364
-62.1029
-62.0442
-61.9952
-61.9724
-61.9667
-61.9728
-61.9453
-61.8526
-61.6922
-61.59
-61.5254
-61.4415
-61.3726
-61.2198
-61.0587
-60.8206
-60.593
-60.4389
-60.3352
-60.2681
-60.2266
-60.1649
-60.1306
-60.1174
-60.117
-60.0963
-60.0985
-60.105
-60.0958
-60.1088
-60.1359
-60.175
-60.2223
-60.2762
-60.3353
-60.3988
-60.4657
-60.5354
-60.6073
-60.681
-60.756
-60.8319
-60.9084
-60.9853
-61.0623
-61.1391
-61.2157
-61.2918
-61.3673
-61.4422
-61.5163
-61.5896
-61.6619
-61.7331
-61.8034
-61.8725
-61.9405
-62.0073
-62.0729
-62.1373
-62.2005
-62.2624
-62.3231
-62.3826
-62.4409
-62.4979
-62.5537
-62.6083
-62.6617
-62.7139
-62.7649
-62.8148
-62.8635
-62.9111
-62.9576
-63.003
-63.0473
-63.0906
-63.1328
-63.174
-63.2142
-63.2534
-63.2917
-63.3291
-63.3655
-63.401
-63.4356
-63.4694
-63.5024
-63.5345
-63.5659
-63.5964
-63.6262
-63.6553
-63.6836
-63.7112
-63.7151
-63.6858
-63.6737
-63.6702
-63.6739
-63.6812
-63.6427
-63.6083
-63.5879
-63.5784
-63.5757
-63.5777
-63.5832
-63.5917
-63.6026
-63.4431
-63.0471
-62.5914
-62.2217
-61.9447
-61.7422
-61.5796
-61.4047
-61.278
-61.1269
-61.0202
-60.945
-60.896
-60.8663
-60.8265
-60.7885
-60.7721
-60.772
-60.7849
-60.8075
-60.8381
-60.8318
-60.8423
-60.8651
-60.8848
-60.8888
-60.9095
-60.9084
-60.9165
-60.9384
-60.9425
-60.9492
-60.9346
-60.9317
-60.9459
-60.9732
-61.0093
-61.0519
-61.0619
-61.0645
-61.0063
-60.9612
-60.9121
-60.8883
-60.842
-60.8265
-60.8288
-60.8154
-60.7994
-60.8043
-60.8237
-60.8543
-60.8926
-60.9371
-60.9866
-61.0402
-61.097
-61.1564
-61.218
-61.2811
-61.3455
-61.4107
-61.4765
-61.5427
-61.6089
-61.6635
-61.6875
-61.6791
-61.6849
-61.7057
-61.7372
-61.7749
-61.7957
-61.8025
-61.8039
-61.7862
-61.7536
-61.734
-61.7335
-61.7428
-61.5904
-61.4075
-61.2679
-61.152
-60.989
-60.8492
-60.6926
-60.5693
-60.4768
-60.3827
-60.327
-60.2963
-60.2865
-60.2921
-60.3102
-60.3328
-60.3315
-60.3499
-60.3804
-60.4218
-60.4705
-60.5248
-60.5486
-60.5356
-60.5488
-60.5553
-60.5645
-60.5614
-60.5652
-60.587
-60.6214
-60.6649
-60.7149
-60.7699
-60.8291
-60.8915
-60.9564
-61.0233
-61.0918
-61.1614
-61.2317
-61.3025
-61.3736
-61.4446
-61.5154
-61.5859
-61.6559
-61.7252
-61.7938
-61.8617
-61.9286
-61.9946
-62.0596
-62.1236
-62.1865
-62.2483
-62.309
-62.3686
-62.427
-62.4843
-62.5404
-62.5954
-62.6492
-62.7019
-62.7535
-62.8039
-62.8533
-62.9015
-62.9486
-62.9947
-63.0397
-63.0836
-63.1265
-63.1684
-63.2093
-63.2492
-63.2882
-63.3262
-63.3633
-63.3994
-63.4347
-63.4692
-63.5028
-63.5355
-63.5674
-63.5986
-63.629
-63.6586
-63.6875
-63.7156
-63.7431
-63.7698
-63.7959
-63.8213
-63.8461
-63.8703
-63.8938
-63.9168
-63.9392
-63.961
-63.9823
-64.003
-64.0232
-64.0429
-64.0621
-64.0808
-64.0991
-64.1169
-64.1342
-64.0405
-63.738
-63.5345
-63.3644
-63.2073
-63.0927
-63.0056
-62.9408
-62.8923
-62.857
-62.8235
-62.7513
-62.706
-62.6366
-62.3271
-62.012
-61.793
-61.6395
-61.5302
-61.4501
-61.393
-61.3112
-61.2472
-61.2075
-61.1699
-61.1315
-61.114
-61.1117
-61.1221
-61.1417
-61.1279
-60.9725
-60.8585
-60.757
-60.6729
-60.5976
-60.5558
-60.537
-60.5364
-60.5491
-60.5727
-60.6052
-60.6451
-60.6665
-60.6822
-60.7123
-60.7524
-60.8002
-60.8532
-60.9102
-60.9703
-61.033
-61.0639
-61.0911
-61.1301
-61.1776
-61.2306
-61.287
-61.3459
-61.4067
-61.4688
-61.5067
-61.525
-61.5576
-61.5983
-61.6452
-61.6954
-61.748
-61.8022
-61.8578
-61.9142
-61.9711
-62.0284
-62.0857
-62.1429
-62.1999
-62.2564
-62.3125
-62.368
-62.4152
-62.4211
-62.4421
-62.4666
-62.4468
-62.4469
-62.4579
-62.4782
-62.5038
-62.533
-62.5652
-62.5995
-62.6356
-62.6731
-62.7115
-62.7507
-62.6935
-62.6051
-62.5145
-62.3548
-62.2223
-62.0983
-61.9901
-61.8232
-61.6493
-61.5109
-61.3711
-61.2186
-61.0242
-60.8646
-60.7567
-60.6857
-60.6413
-60.6168
-60.6084

