-70
-69.8623
-69.7285
-69.5983
-69.4718
-69.3487
-69.2291
-69.1128
-68.9997
-68.8897
-68.7828
-68.6789
-68.5778
-68.4795
-68.3839
-68.291
-68.2007
-68.1128
-68.0274
-67.9443
-67.8636
-67.7851
-67.7087
-67.6345
-67.5623
-67.4921
-67.4238
-67.3574
-67.2929
-67.2301
-67.1691
-67.1098
-67.0521
-66.996
-66.9414
-66.8884
-66.8368
-66.7866
-66.7378
-66.6904
-66.6443
-66.5994
-66.5558
-66.5133
-66.4721
-66.432
-66.393
-66.355
-66.3181
-66.2823
-66.2474
-66.2134
-66.1805
-66.1484
-66.1172
-66.0868
-66.0573
-66.0286
-66.0007
-65.9736
-65.9472
-65.9215
-65.8966
-65.8723
-65.8487
-65.8257
-65.8034
-65.7817
-65.7606
-65.74
-65.72
-65.7006
-65.6817
-65.6633
-65.6455
-65.6281
-65.6112
-65.5948
-65.5788
-65.5632
-65.5481
-65.5334
-65.5191
-65.5052
-65.4917
-65.4785
-65.4657
-65.4533
-65.4412
-65.4294
-65.418
-65.4068
-65.396
-65.3855
-65.3752
-65.3653
-65.3556
-65.3462
-65.337
-65.3281
-65.3194
-65.311
-65.3028
-65.2948
-65.2871
-65.2795
-65.2722
-65.2651
-65.2581
-65.2514
-65.2448
-65.2385
-65.2322
-65.2262
-65.2203
-65.2146
-65.2091
-65.2037
-65.1984
-65.1933
-65.1884
-65.1835
-65.1788
-65.1743
-65.1698
-65.1655
-65.1613
-65.1572
-65.1532
-65.1493
-65.1456
-65.1419
-65.1384
-65.1349
-65.1315
-65.1283
-65.1251
-65.122
-65.119
-65.1161
-65.1132
-65.1104
-65.1077
-65.1051
-65.1026
-65.1001
-65.0977
-65.0953
-65.0931
-65.0908
-65.0887
-65.0866
-65.0845
-65.0826
-65.0806
-65.0788
-65.0769
-65.0752
-65.0734
-65.0718
-65.0701
-65.0685
-65.067
-65.0655
-65.064
-65.0626
-65.0612
-65.0599
-65.0586
-65.0573
-65.0561
-65.0549
-65.0537
-65.0526
-65.0514
-65.0504
-65.0493
-65.0483
-65.0473
-65.0464
-65.0454
-65.0445
-65.0436
-65.0428
-65.0419
-65.0411
-65.0403
-65.0395
-65.0388
-65.0381
-65.0374
-65.0367
-65.036
-65.0353
-65.0347
-65.0341
-65.0335
-65.0329
-65.0323
-65.0318
-65.0313
-65.0307
-65.0302
-65.0297
-65.0293
-65.0288
-65.0283
-65.0279
-65.0275
-65.027
-65.0266
-65.0262
-65.0259
-65.0255
-65.0251
-65.0248
-65.0244
-65.0241
-65.0238
-65.0234
-65.0231
-65.0228
-65.0225
-65.0223
-65.022
-65.0217
-65.0215
-65.0212
-65.021
-65.0207
-65.0205
-65.0203
-65.02
-65.0198
-65.0196
-65.0194
-65.0192
-65.019
-65.0188
-65.0187
-65.0185
-65.0183
-65.0181
-65.018
-65.0178
-65.0177
-65.0175
-65.0174
-65.0172
-65.0171
-65.017
-65.0168
-65.0167
-65.0166
-65.0165
-65.0163
-65.0162
-65.0161
-65.016
-65.0159
-65.0158
-65.0157
-65.0156
-65.0155
-65.0154
-65.0153
-65.0153
-65.0152
-65.0151
-65.015
-65.0149
-65.0149
-65.0148
-65.0147
-65.0147
-65.0146
-65.0145
-65.0145
-65.0144
-65.0143
-65.0143
-65.0142
-65.0142
-65.0141
-65.0141
-65.014
-65.014
-65.0139
-65.0139
-65.0138
-65.0138
-65.0137
-65.0137
-65.0137
-65.0136
-65.0136
-65.0135
-65.0135
-65.0135
-65.0134
-65.0134
-65.0134
-65.0133
-65.0133
-65.0133
-65.0133
-65.0132
-65.0132
-65.0132
-65.0131
-65.0131
-65.0131
-65.0131
-65.0131
-65.013
-65.013
-65.013
-65.013
-65.0129
-65.0129
-65.0129
-65.0129
-65.0129
-65.0129
-65.0128
-65.0128
-65.0128
-65.0128
-65.0128
-65.0128
-65.0127
-65.0127
-65.0127
-65.0127
-65.0127
-65.0127
-65.0127
-65.0127
-65.0126
-65.0126
-65.0126
-65.0126
-65.0126
-65.0126
-65.0126
-65.0126
-65.0126
-65.0126
-65.0125
-65.0125
-65.0125
-65.0125
-65.0125
-65.0125
-65.0125
-65.0125
-65.0125
-65.0125
-65.0125
-65.0125
-65.0125
-65.0124
-65.0124
-65.0124
-65.0124
-65.0124
-65.0124
-65.0124
-65.0124
-65.0124
-65.0124
-65.0124
-65.0124
-65.0124
-65.0124
-65.0124
-65.0124
-65.0124
-65.0124
-65.0124
-65.0124
-65.0124
-65.0124
-65.0124
-65.0123
-65.0123
-65.0123
-65.0123
-65.0123
-65.0123
-65.0123
-65.0123
-65.0123
-65.0123
-65.0123
-65.0123
-65.0123
-65.0123
-65.0123
-65.0123
-65.0123
-65.0123
-65.0123
-65.0123
-65.0123
-65.0123
-65.0123
-65.0123
-65.0123
-65.0123
-65.0123
-65.0123
-65.0123
-65.0123
-65.0123
-65.0123
-65.0123
-65.0123
-65.0123
-65.0123
-65.0123
-65.0123
-65.0123
-65.0123
-65.0123
-65.0123
-65.0123
-65.0123
-65.0123
-65.0123
-65.0123
-65.0123
-65.0123
-65.0123
-65.0123
-65.0123
-65.0123
-65.0123
-65.0123
-65.0123
-65.0123
-65.0123
-65.0123
-65.0123
-65.0123
-65.0123
-65.0123
-65.0123
-65.0123
-65.0123
-65.0123
-65.0123
-65.0123
-65.0123
-65.0123
-65.0123
-65.0123
-65.0123
-64.9505
-64.8995
-64.8615
-64.8344
-64.8133
-64.7964
-64.7828
-64.772
-64.7634
-64.7568
-64.7518
-64.7482
-64.7458
-64.7444
-64.7439
-64.7441
-64.745
-64.7465
-64.7484
-64.7508
-64.7534
-64.7564
-64.7596
-64.763
-64.7666
-64.7703
-64.7742
-64.7781
-64.7821
-64.7861
-64.7902
-64.7942
-64.7983
-64.8024
-64.728
-64.5428
-64.4186
-64.326
-64.2594
-64.2073
-64.1662
-64.1339
-64.109
-64.0903
-64.0767
-64.0676
-64.0622
-64.06
-64.0606
-64.0635
-64.0685
-64.0751
-64.0832
-64.0256
-63.9543
-63.8219
-63.5799
-63.3816
-63.0511
-62.7217
-62.4833
-62.2426
-62.0102
-61.6912
-61.4465
-61.2149
-61.0502
-60.927
-60.8374
-60.7414
-60.6416
-60.4765
-60.3631
-60.2367
-60.1439
-60.0852
-60.0529
-60.0402
-60.0138
-59.9696
-59.9331
-59.909
-59.8536
-59.7965
-59.7039
-59.6545
-59.634
-59.6375
-59.6566
-59.6881
-59.7295
-59.7793
-59.8359
-59.8981
-59.965
-60.0358
-60.1097
-60.1861
-60.2644
-60.3443
-60.4252
-60.507
-60.5891
-60.6715
-60.7538
-60.8359
-60.9176
-60.9987
-61.0791
-61.1587
-61.2374
-61.3152
-61.3851
-61.4159
-61.4484
-61.3953
-61.3806
-61.3849
-61.406
-61.436
-61.4725
-61.4768
-61.4862
-61.508
-61.5021
-61.4774
-61.4411
-61.4284
-61.3285
-61.2456
-61.1598
-61.1147
-61.0894
-61.0176
-60.8813
-60.7901
-60.5879
-60.401
-60.2776
-60.1829
-60.0355
-59.7868
-59.5795
-59.4427
-59.356
-59.2784
-59.2148
-59.1824
-59.1736
-59.1589
-59.154
-59.1692
-59.2004
-59.238
-59.2501
-59.2832
-59.3293
-59.3869
-59.4521
-59.5232
-59.5992
-59.6789
-59.7617
-59.847
-59.9341
-60.0226
-60.112
-60.202
-60.2923
-60.3827
-60.4729
-60.5628
-60.652
-60.7406
-60.8283
-60.9152
-61.0009
-61.0856
-61.169
-61.2512
-61.3321
-61.4117
-61.4898
-61.5666
-61.642
-61.7159
-61.7884
-61.8595
-61.9291
-61.9973
-62.064
-62.1293
-62.1932
-62.2557
-62.3168
-62.3765
-62.4349
-62.4919
-62.5476
-62.602
-62.6552
-62.707
-62.7577
-62.8072
-62.8554
-62.9025
-62.9485
-62.9934
-63.0371
-63.0798
-63.1215
-63.1621
-63.2017
-63.2403
-63.278
-63.3147
-63.3505
-63.3855
-63.4195
-63.4527
-63.4851
-63.5167
-63.5474
-63.5774
-63.5736
-63.5075
-63.4565
-63.4256
-63.4098
-63.4027
-63.3591
-63.3143
-63.2868
-63.2719
-63.2569
-63.144
-63.0172
-62.9318
-62.8136
-62.5868
-62.3179
-62.0343
-61.7814
-61.4152
-61.101
-60.8735
-60.7096
-60.5858
-60.4217
-60.2874
-60.1943
-60.1338
-60.098
-60.081
-60.0376
-60.0183
-59.9714
-59.9299
-59.915
-59.9034
-59.8532
-59.8298
-59.8291
-59.848
-59.8439
-59.8548
-59.881
-59.9205
-59.9692
-60.0036
-60.0256
-60.0639
-60.1127
-60.1701
-60.2329
-60.3
-60.3705
-60.4435
-60.5168
-60.5205
-60.5455
-60.5834
-60.6337
-60.6905
-60.733
-60.7518
-60.7488
-60.6997
-60.688
-60.6969
-60.7224
-60.7578
-60.8006
-60.8494
-60.9028
-60.96
-61.0202
-61.0827
-61.1471
-61.2128
-61.2574
-61.2469
-61.2435
-61.2594
-61.2759
-61.265
-61.1779
-61.0435
-60.9534
-60.8894
-60.8187
-60.782
-60.7668
-60.736
-60.7045
-60.6766
-60.5707
-60.4904
-60.4468
-60.4311
-60.3897
-60.3296
-60.225
-60.1244
-60.0313
-59.9239
-59.8292
-59.7346
-59.5814
-59.466
-59.3969
-59.3631
-59.354
-59.3632
-59.3872
-59.4233
-59.4366
-59.4182
-59.3502
-59.3155
-59.2837
-59.2849
-59.3055
-59.3421
-59.39
-59.4469
-59.5112
-59.5814
-59.6566
-59.7357
-59.818
-59.9028
-59.9895
-60.0776
-60.1667
-60.2565
-60.3466
-60.4368
-60.5268
-60.6164
-60.7055
-60.7939
-60.8815
-60.9681
-61.0537
-61.1381
-61.2213
-61.3032
-61.3838
-61.4631
-61.5409
-61.6174
-61.6925
-61.7662
-61.8384
-61.9092
-61.9785
-62.0464
-62.1129
-62.1779
-62.2415
-62.3037
-62.3645
-62.4239
-62.482
-62.5387
-62.5942
-62.6483
-62.7012
-62.7528
-62.8031
-62.8523
-62.9003
-62.9471
-62.9928
-63.0374
-63.0809
-63.1233
-63.1647
-63.205
-63.2444
-63.2827
-63.3201
-63.3566
-63.3921
-63.4268
-63.4606
-63.4936
-63.5257
-63.557
-63.5875
-63.6173
-63.6463
-63.6746
-63.7021
-63.729
-63.7552
-63.7807
-63.8056
-63.8299
-63.8535
-63.8766
-63.899
-63.9209
-63.8882
-63.87
-63.861
-63.8154
-63.625
-63.3614
-63.1765
-63.0155
-62.8694
-62.7627
-62.6674
-62.5148
-62.3474
-62.1906
-62.0521
-61.956
-61.8876
-61.7779
-61.4908
-61.2257
-61.0328
-60.8806
-60.7587
-60.673
-60.6149
-60.5324
-60.4482
-60.3465
-60.2852
-60.251
-60.2392
-60.2431
-60.2595
-60.2863
-60.2429
-60.11
-60.0062
-59.8566
-59.7554
-59.6949
-59.6675
-59.6622
-59.6736
-59.6984
-59.7344
-59.7596
-59.7834
-59.8216
-59.8705
-59.9279
-59.9913
-60.0593
-60.1312
-60.206
-60.2833
-60.3624
-60.4429
-60.5243
-60.6064
-60.6532
-60.7059
-60.7658
-60.8319
-60.9011
-60.9722
-61.0444
-61.1174
-61.1907
-61.2642
-61.3376
-61.4106
-61.4832
-61.5552
-61.6265
-61.697
-61.7665
-61.8351
-61.9026
-61.9691
-62.0344
-62.0986
-62.1616
-62.2235
-62.2754
-62.2802
-62.3018
-62.331
-62.3669
-62.4059
-62.4468
-62.489
-62.5322
-62.5759
-62.62
-62.6643
-62.7085
-62.7525
-62.7963
-62.7887
-62.6613
-62.4293
-62.2479
-62.029
-61.8841
-61.7024
-61.49
-61.2851
-61.0299
-60.8495
-60.7211
-60.5978
-60.4364
-60.3309
-60.2086
-60.0824
-60.0019
-59.9536
-59.9305

