-70
-69.8623
-69.7285
-69.5983
-69.4718
-69.3487
-69.2291
-69.1128
-68.9997
-68.8897
-68.7828
-68.6789
-68.5778
-68.4795
-68.3839
-68.291
-68.2007
-68.1128
-68.0274
-67.9443
-67.8636
-67.7851
-67.7087
-67.6345
-67.5623
-67.4921
-67.4238
-67.3574
-67.2929
-67.2301
-67.1691
-67.1098
-67.0521
-66.996
-66.9414
-66.8884
-66.8368
-66.7866
-66.7378
-66.6904
-66.6443
-66.5994
-66.5558
-66.5133
-66.4721
-66.432
-66.393
-66.355
-66.3181
-66.2823
-66.2474
-66.2134
-66.1805
-66.1484
-66.1172
-66.0868
-66.0573
-66.0286
-66.0007
-65.9736
-65.9472
-65.9215
-65.8966
-65.8723
-65.8487
-65.8257
-65.8034
-65.7817
-65.7606
-65.74
-65.72
-65.7006
-65.6817
-65.6633
-65.6455
-65.6281
-65.6112
-65.5948
-65.5788
-65.5632
-65.5481
-65.5334
-65.5191
-65.5052
-65.4917
-65.4785
-65.4657
-65.4533
-65.4412
-65.4294
-65.418
-65.4068
-65.396
-65.3855
-65.3752
-65.3653
-65.3556
-65.3462
-65.337
-65.3281
-65.3194
-65.311
-65.3028
-65.2948
-65.2871
-65.2795
-65.2722
-65.2651
-65.2581
-65.2514
-65.2448
-65.2385
-65.2322
-65.2262
-65.2203
-65.2146
-65.2091
-65.2037
-65.1984
-65.1933
-65.1884
-65.1835
-65.1788
-65.1743
-65.1698
-65.1655
-65.1613
-65.1572
-65.1532
-65.1493
-65.1456
-65.1419
-65.1384
-65.1349
-65.1315
-65.1283
-65.1251
-65.122
-65.119
-65.1161
-65.1132
-65.1104
-65.1077
-65.1051
-65.1026
-65.1001
-65.0977
-65.0953
-65.0931
-65.0908
-65.0887
-65.0866
-65.0845
-65.0826
-65.0806
-65.0788
-65.0769
-65.0752
-65.0734
-65.0718
-65.0701
-65.0685
-65.067
-65.0655
-65.064
-65.0626
-65.0612
-65.0599
-65.0586
-65.0573
-65.0561
-65.0549
-65.0537
-65.0526
-65.0514
-65.0504
-65.0493
-65.0483
-65.0473
-65.0464
-65.0454
-65.0445
-65.0436
-65.0428
-65.0419
-65.0411
-65.0403
-65.0395
-65.0388
-65.0381
-65.0374
-65.0367
-65.036
-65.0353
-65.0347
-65.0341
-65.0335
-65.0329
-65.0323
-65.0318
-65.0313
-65.0307
-65.0302
-65.0297
-65.0293
-65.0288
-65.0283
-65.0279
-65.0275
-65.027
-65.0266
-65.0262
-65.0259
-65.0255
-65.0251
-65.0248
-65.0244
-65.0241
-65.0238
-65.0234
-65.0231
-65.0228
-65.0225
-65.0223
-65.022
-65.0217
-65.0215
-65.0212
-65.021
-65.0207
-65.0205
-65.0203
-65.02
-65.0198
-65.0196
-65.0194
-65.0192
-65.019
-65.0188
-65.0187
-65.0185
-65.0183
-65.0181
-65.018
-65.0178
-65.0177
-65.0175
-65.0174
-65.0172
-65.0171
-65.017
-65.0168
-65.0167
-65.0166
-65.0165
-65.0163
-65.0162
-65.0161
-65.016
-65.0159
-65.0158
-65.0157
-65.0156
-65.0155
-65.0154
-65.0153
-65.0153
-65.0152
-65.0151
-65.015
-65.0149
-65.0149
-65.0148
-65.0147
-65.0147
-65.0146
-65.0145
-65.0145
-65.0144
-65.0143
-65.0143
-65.0142
-65.0142
-65.0141
-65.0141
-65.014
-65.014
-65.0139
-65.0139
-65.0138
-65.0138
-65.0137
-65.0137
-65.0137
-65.0136
-65.0136
-65.0135
-65.0135
-65.0135
-65.0134
-65.0134
-65.0134
-65.0133
-65.0133
-65.0133
-65.0133
-65.0132
-65.0132
-65.0132
-65.0131
-65.0131
-65.0131
-65.0131
-65.0131
-65.013
-65.013
-65.013
-65.013
-65.0129
-65.0129
-65.0129
-65.0129
-65.0129
-65.0129
-65.0128
-65.0128
-65.0128
-65.0128
-65.0128
-65.0128
-65.0127
-65.0127
-65.0127
-65.0127
-65.0127
-65.0127
-65.0127
-65.0127
-65.0126
-65.0126
-65.0126
-65.0126
-65.0126
-65.0126
-65.0126
-65.0126
-65.0126
-65.0126
-65.0125
-65.0125
-65.0125
-65.0125
-65.0125
-65.0125
-65.0125
-65.0125
-65.0125
-65.0125
-65.0125
-65.0125
-65.0125
-65.0124
-65.0124
-65.0124
-65.0124
-65.0124
-65.0124
-65.0124
-65.0124
-65.0124
-65.0124
-65.0124
-65.0124
-65.0124
-65.0124
-65.0124
-65.0124
-65.0124
-65.0124
-65.0124
-65.0124
-65.0124
-65.0124
-65.0124
-65.0123
-65.0123
-65.0123
-65.0123
-65.0123
-65.0123
-65.0123
-65.0123
-65.0123
-65.0123
-65.0123
-65.0123
-65.0123
-65.0123
-65.0123
-65.0123
-65.0123
-65.0123
-65.0123
-65.0123
-65.0123
-65.0123
-65.0123
-65.0123
-65.0123
-65.0123
-65.0123
-65.0123
-65.0123
-65.0123
-65.0123
-65.0123
-65.0123
-65.0123
-65.0123
-65.0123
-65.0123
-65.0123
-65.0123
-65.0123
-65.0123
-65.0123
-65.0123
-65.0123
-65.0123
-65.0123
-65.0123
-65.0123
-65.0123
-65.0123
-65.0123
-65.0123
-65.0123
-65.0123
-65.0123
-65.0123
-65.0123
-65.0123
-65.0123
-65.0123
-65.0123
-65.0123
-65.0123
-65.0123
-65.0123
-65.0123
-65.0123
-65.0123
-65.0123
-65.0123
-65.0123
-65.0123
-65.0123
-65.0123
-64.8888
-64.7871
-64.7113
-64.6572
-64.6152
-64.5815
-64.5545
-64.5329
-64.5159
-64.5027
-64.4927
-64.4856
-64.4808
-64.478
-64.477
-64.4776
-64.4793
-64.4822
-64.4861
-64.4907
-64.496
-64.5019
-64.5083
-64.5151
-64.5223
-64.5297
-64.5373
-64.5451
-64.553
-64.5611
-64.5691
-64.5773
-64.5854
-64.5935
-64.5755
-64.5205
-64.4857
-64.4613
-64.4456
-64.4346
-64.4271
-64.4226
-64.4204
-64.4202
-64.4216
-64.4244
-64.4284
-64.4333
-64.4391
-64.4455
-64.4525
-64.46
-64.4452
-64.1969
-63.9825
-63.7538
-63.0345
-62.461
-61.9904
-61.5019
-61.048
-60.293
-59.6033
-58.8004
-58.1822
-57.5966
-57.1715
-56.845
-56.4308
-55.9972
-55.6101
-55.1676
-54.8561
-54.5363
-54.2722
-54.0519
-53.8751
-53.7551
-53.6783
-53.6353
-53.5669
-53.5034
-53.4542
-53.4454
-53.4658
-53.4365
-53.4353
-53.4643
-53.5198
-53.5707
-53.6251
-53.7016
-53.7949
-53.8352
-53.8806
-53.9533
-54.0445
-54.0608
-54.1137
-54.1904
-54.2883
-54.3996
-54.5083
-54.5905
-54.6947
-54.8118
-54.9401
-55.0604
-55.1632
-55.2516
-55.3366
-55.4419
-55.5596
-55.6866
-55.8194
-55.9567
-56.0669
-56.129
-56.2098
-56.3047
-56.3637
-56.4436
-56.44
-56.38
-56.3747
-56.4048
-56.4608
-56.4977
-56.4334
-56.3389
-56.2209
-56.1501
-56.0252
-55.8363
-55.6313
-55.2959
-54.8609
-54.4872
-54.168
-53.8736
-53.4703
-52.9699
-52.5357
-52.1204
-51.807
-51.5444
-51.2892
-51.0899
-50.9083
-50.7501
-50.6077
-50.4621
-50.3084
-50.2055
-50.1385
-50.1018
-50.0881
-50.0947
-50.1199
-50.1623
-50.2208
-50.2945
-50.3826
-50.4842
-50.5986
-50.7247
-50.8618
-51.0093
-51.1664
-51.3324
-51.5068
-51.6889
-51.8774
-52.0714
-52.27
-52.4726
-52.6789
-52.8881
-53.099
-53.3112
-53.5241
-53.7374
-53.9507
-54.1632
-54.3744
-54.5843
-54.7926
-54.999
-55.203
-55.4044
-55.6033
-55.7994
-55.9927
-56.1828
-56.3697
-56.5535
-56.734
-56.9113
-57.0852
-57.2557
-57.4228
-57.5866
-57.747
-57.9042
-58.058
-58.2085
-58.3557
-58.4997
-58.6406
-58.7783
-58.9129
-59.0445
-59.1731
-59.2987
-59.4214
-59.5412
-59.6583
-59.7726
-59.8843
-59.9933
-60.0997
-60.2036
-60.305
-60.404
-60.4699
-60.4539
-60.4718
-60.5052
-60.5519
-60.568
-60.4743
-60.4177
-60.3933
-60.3695
-60.2969
-60.1981
-60.0213
-59.781
-59.6007
-59.2536
-58.5725
-57.7737
-57.1208
-56.3847
-55.8228
-55.4054
-54.9469
-54.6091
-54.1686
-53.7876
-53.5147
-53.3206
-53.1852
-53.0578
-52.9358
-52.8381
-52.7811
-52.7609
-52.7257
-52.6499
-52.5608
-52.4879
-52.4357
-52.416
-52.3809
-52.3798
-52.3777
-52.404
-52.4242
-52.4492
-52.4381
-52.4445
-52.4867
-52.5083
-52.4881
-52.5153
-52.5724
-52.6552
-52.7481
-52.7988
-52.8749
-52.9037
-52.9525
-53.0306
-53.1318
-53.2493
-53.3792
-53.5194
-53.6682
-53.824
-53.9857
-54.1521
-54.3224
-54.4958
-54.6717
-54.8494
-55.0282
-55.2075
-55.3794
-55.5115
-55.6581
-55.7735
-55.851
-55.9465
-55.9986
-55.9755
-55.9537
-55.7996
-55.5891
-55.4661
-55.3574
-55.2081
-55.0779
-54.9368
-54.8144
-54.6948
-54.5455
-54.4387
-54.3853
-54.2082
-53.9855
-53.8208
-53.5362
-53.2596
-53.0494
-52.6676
-52.3482
-52.0514
-51.782
-51.59
-51.416
-51.2702
-51.1508
-51.0789
-51.0422
-51.0351
-51.0524
-51.0408
-50.9523
-50.8528
-50.7881
-50.7311
-50.7151
-50.7293
-50.7504
-50.7823
-50.8142
-50.8612
-50.9322
-51.0046
-51.0895
-51.1931
-51.3129
-51.4466
-51.5923
-51.7482
-51.9131
-52.086
-52.2658
-52.417
-52.5784
-52.751
-52.933
-53.1208
-53.313
-53.5085
-53.7067
-53.9069
-54.108
-54.3095
-54.5111
-54.7123
-54.9128
-55.112
-55.3096
-55.5054
-55.6993
-55.8909
-56.0801
-56.2666
-56.4503
-56.6312
-56.8092
-56.9843
-57.1563
-57.325
-57.4906
-57.6531
-57.8125
-57.9687
-58.1216
-58.2714
-58.4181
-58.5616
-58.702
-58.8395
-58.9739
-59.1053
-59.2337
-59.3593
-59.4819
-59.6018
-59.7189
-59.8333
-59.9451
-60.0542
-60.1607
-60.2648
-60.3663
-60.4654
-60.5622
-60.6566
-60.7488
-60.8388
-60.9266
-61.0123
-61.0959
-61.1775
-61.257
-61.3347
-61.4104
-61.4843
-61.5564
-61.6267
-61.6953
-61.7622
-61.8275
-61.8912
-61.8082
-61.5649
-61.4132
-61.2285
-61.0545
-60.9082
-60.7842
-60.5914
-60.3714
-60.1242
-59.7971
-59.5679
-59.406
-59.138
-58.1128
-57.1273
-56.4087
-55.9008
-55.5168
-55.0737
-54.7517
-54.4306
-54.1823
-53.996
-53.8271
-53.6974
-53.6154
-53.5723
-53.5608
-53.575
-53.5702
-53.4168
-53.2913
-53.0915
-52.9187
-52.8137
-52.7405
-52.6614
-52.616
-52.5907
-52.603
-52.6421
-52.704
-52.7006
-52.6634
-52.6751
-52.7186
-52.7517
-52.8149
-52.8994
-52.9704
-53.0556
-53.1601
-53.2598
-53.3544
-53.4695
-53.594
-53.7036
-53.8309
-53.9694
-54.1178
-54.273
-54.4335
-54.5983
-54.7665
-54.9371
-55.0919
-55.2221
-55.3664
-55.5178
-55.675
-55.8348
-55.9962
-56.1583
-56.3207
-56.4718
-56.5932
-56.7265
-56.8303
-56.9394
-57.0585
-57.1848
-57.312
-57.3947
-57.4692
-57.5324
-57.6167
-57.7123
-57.8161
-57.9247
-57.9894
-57.9884
-57.9722
-57.8296
-57.7284
-57.6648
-57.6215
-57.4603
-57.1761
-56.9366
-56.6267
-56.2492
-55.8709
-55.474
-55.024
-54.5742
-54.0407
-53.5749
-53.235
-52.9299
-52.693
-52.5244
-52.3888
-52.2652

