-70
-69.8623
-69.7285
-69.5983
-69.4718
-69.3487
-69.2291
-69.1128
-68.9997
-68.8897
-68.7828
-68.6789
-68.5778
-68.4795
-68.3839
-68.291
-68.2007
-68.1128
-68.0274
-67.9443
-67.8636
-67.7851
-67.7087
-67.6345
-67.5623
-67.4921
-67.4238
-67.3574
-67.2929
-67.2301
-67.1691
-67.1098
-67.0521
-66.996
-66.9414
-66.8884
-66.8368
-66.7866
-66.7378
-66.6904
-66.6443
-66.5994
-66.5558
-66.5133
-66.4721
-66.432
-66.393
-66.355
-66.3181
-66.2823
-66.2474
-66.2134
-66.1805
-66.1484
-66.1172
-66.0868
-66.0573
-66.0286
-66.0007
-65.9736
-65.9472
-65.9215
-65.8966
-65.8723
-65.8487
-65.8257
-65.8034
-65.7817
-65.7606
-65.74
-65.72
-65.7006
-65.6817
-65.6633
-65.6455
-65.6281
-65.6112
-65.5948
-65.5788
-65.5632
-65.5481
-65.5334
-65.5191
-65.5052
-65.4917
-65.4785
-65.4657
-65.4533
-65.4412
-65.4294
-65.418
-65.4068
-65.396
-65.3855
-65.3752
-65.3653
-65.3556
-65.3462
-65.337
-65.3281
-65.3194
-65.311
-65.3028
-65.2948
-65.2871
-65.2795
-65.2722
-65.2651
-65.2581
-65.2514
-65.2448
-65.2385
-65.2322
-65.2262
-65.2203
-65.2146
-65.2091
-65.2037
-65.1984
-65.1933
-65.1884
-65.1835
-65.1788
-65.1743
-65.1698
-65.1655
-65.1613
-65.1572
-65.1532
-65.1493
-65.1456
-65.1419
-65.1384
-65.1349
-65.1315
-65.1283
-65.1251
-65.122
-65.119
-65.1161
-65.1132
-65.1104
-65.1077
-65.1051
-65.1026
-65.1001
-65.0977
-65.0953
-65.0931
-65.0908
-65.0887
-65.0866
-65.0845
-65.0826
-65.0806
-65.0788
-65.0769
-65.0752
-65.0734
-65.0718
-65.0701
-65.0685
-65.067
-65.0655
-65.064
-65.0626
-65.0612
-65.0599
-65.0586
-65.0573
-65.0561
-65.0549
-65.0537
-65.0526
-65.0514
-65.0504
-65.0493
-65.0483
-65.0473
-65.0464
-65.0454
-65.0445
-65.0436
-65.0428
-65.0419
-65.0411
-65.0403
-65.0395
-65.0388
-65.0381
-65.0374
-65.0367
-65.036
-65.0353
-65.0347
-65.0341
-65.0335
-65.0329
-65.0323
-65.0318
-65.0313
-65.0307
-65.0302
-65.0297
-65.0293
-65.0288
-65.0283
-65.0279
-65.0275
-65.027
-65.0266
-65.0262
-65.0259
-65.0255
-65.0251
-65.0248
-65.0244
-65.0241
-65.0238
-65.0234
-65.0231
-65.0228
-65.0225
-65.0223
-65.022
-65.0217
-65.0215
-65.0212
-65.021
-65.0207
-65.0205
-65.0203
-65.02
-65.0198
-65.0196
-65.0194
-65.0192
-65.019
-65.0188
-65.0187
-65.0185
-65.0183
-65.0181
-65.018
-65.0178
-65.0177
-65.0175
-65.0174
-65.0172
-65.0171
-65.017
-65.0168
-65.0167
-65.0166
-65.0165
-65.0163
-65.0162
-65.0161
-65.016
-65.0159
-65.0158
-65.0157
-65.0156
-65.0155
-65.0154
-65.0153
-65.0153
-65.0152
-65.0151
-65.015
-65.0149
-65.0149
-65.0148
-65.0147
-65.0147
-65.0146
-65.0145
-65.0145
-65.0144
-65.0143
-65.0143
-65.0142
-65.0142
-65.0141
-65.0141
-65.014
-65.014
-65.0139
-65.0139
-65.0138
-65.0138
-65.0137
-65.0137
-65.0137
-65.0136
-65.0136
-65.0135
-65.0135
-65.0135
-65.0134
-65.0134
-65.0134
-65.0133
-65.0133
-65.0133
-65.0133
-65.0132
-65.0132
-65.0132
-65.0131
-65.0131
-65.0131
-65.0131
-65.0131
-65.013
-65.013
-65.013
-65.013
-65.0129
-65.0129
-65.0129
-65.0129
-65.0129
-65.0129
-65.0128
-65.0128
-65.0128
-65.0128
-65.0128
-65.0128
-65.0127
-65.0127
-65.0127
-65.0127
-65.0127
-65.0127
-65.0127
-65.0127
-65.0126
-65.0126
-65.0126
-65.0126
-65.0126
-65.0126
-65.0126
-65.0126
-65.0126
-65.0126
-65.0125
-65.0125
-65.0125
-65.0125
-65.0125
-65.0125
-65.0125
-65.0125
-65.0125
-65.0125
-65.0125
-65.0125
-65.0125
-65.0124
-65.0124
-65.0124
-65.0124
-65.0124
-65.0124
-65.0124
-65.0124
-65.0124
-65.0124
-65.0124
-65.0124
-65.0124
-65.0124
-65.0124
-65.0124
-65.0124
-65.0124
-65.0124
-65.0124
-65.0124
-65.0124
-65.0124
-65.0123
-65.0123
-65.0123
-65.0123
-65.0123
-65.0123
-65.0123
-65.0123
-65.0123
-65.0123
-65.0123
-65.0123
-65.0123
-65.0123
-65.0123
-65.0123
-65.0123
-65.0123
-65.0123
-65.0123
-65.0123
-65.0123
-65.0123
-65.0123
-65.0123
-65.0123
-65.0123
-65.0123
-65.0123
-65.0123
-65.0123
-65.0123
-65.0123
-65.0123
-65.0123
-65.0123
-65.0123
-65.0123
-65.0123
-65.0123
-65.0123
-65.0123
-65.0123
-65.0123
-65.0123
-65.0123
-65.0123
-65.0123
-65.0123
-65.0123
-65.0123
-65.0123
-65.0123
-65.0123
-65.0123
-65.0123
-65.0123
-65.0123
-65.0123
-65.0123
-65.0123
-65.0123
-65.0123
-65.0123
-65.0123
-65.0123
-65.0123
-65.0123
-65.0123
-65.0123
-65.0123
-65.0123
-65.0123
-65.0123
-65.0123
-65.0123
-65.0123
-65.0123
-65.0123
-65.0123
-65.0123
-65.0123
-65.0122
-65.0122
-65.0122
-65.0122
-65.0122
-65.0122
-65.0122
-65.0122
-65.0122
-65.0122
-65.0122
-65.0122
-65.0122
-65.0122
-65.0122
-65.0122
-65.0122
-65.0122
-65.0122
-65.0122
-65.0122
-65.0122
-65.0122
-65.0122
-65.0122
-65.0122
-65.0122
-65.0122
-65.0122
-65.0122
-65.0122
-65.0122
-65.0122
-65.0122
-65.0122
-65.0122
-65.0122
-65.0122
-65.0122
-65.0122
-65.0122
-65.0122
-65.0122
-65.0122
-65.0122
-65.0122
-64.9783
-64.8914
-64.7187
-64.5959
-64.5039
-64.3399
-64.1574
-63.7005
-63.2841
-62.9345
-62.6625
-62.4046
-62.2106
-62.0589
-61.942
-61.8195
-61.6896
-61.5349
-61.4267
-61.2983
-61.1977
-61.1284
-61.084
-61.0579
-61.0168
-60.9709
-60.913
-60.8839
-60.8737
-60.8789
-60.8949
-60.9021
-60.8895
-60.8968
-60.9165
-60.9469
-60.9843
-61.0271
-61.0744
-61.1254
-61.1794
-61.2111
-61.224
-61.2522
-61.2896
-61.3341
-61.3829
-61.4347
-61.4889
-61.5449
-61.6023
-61.6607
-61.7198
-61.7793
-61.8391
-61.8988
-61.9584
-62.0177
-62.0766
-62.135
-62.1927
-62.2498
-62.3062
-62.3618
-62.4166
-62.4705
-62.5235
-62.5756
-62.5375
-62.4727
-62.407
-62.354
-62.2916
-62.2011
-62.1075
-62.0234
-61.9313
-61.8545
-61.7508
-61.6203
-61.5369
-61.4602
-61.231
-61.0554
-60.9349
-60.8291
-60.7289
-60.6097
-60.4756
-60.3904
-60.3386
-60.3105
-60.2656
-60.2462
-60.2447
-60.2337
-60.2293
-60.203
-60.1732
-60.1157
-60.0834
-60.0769
-60.0906
-60.1178
-60.1553
-60.201
-60.2535
-60.3115
-60.3741
-60.4404
-60.5096
-60.5813
-60.6548
-60.7297
-60.8057
-60.8823
-60.9594
-61.0367
-61.1138
-61.1907
-61.2673
-61.3432
-61.4185
-61.4931
-61.5667
-61.6394
-61.7112
-61.7818
-61.8514
-61.9198
-61.987
-62.0531
-62.1179
-62.1816
-62.2439
-62.3051
-62.365
-62.4237
-62.4811
-62.5373
-62.5923
-62.6461
-62.6987
-62.7501
-62.8004
-62.8495
-62.8974
-62.9443
-62.99
-63.0347
-63.0783
-63.1209
-63.1624
-63.2029
-63.2424
-63.281
-63.3187
-63.3554
-63.3912
-63.4261
-63.4602
-63.4934
-63.5258
-63.5573
-63.5881
-63.6182
-63.6474
-63.676
-63.7038
-63.7309
-63.744
-63.6492
-63.5931
-63.5561
-63.5361
-63.5249
-63.5201
-63.5203
-63.5245
-63.5319
-63.4924
-63.4551
-63.332
-63.2468
-63.1876
-63.111
-62.8494
-62.3909
-62.0636
-61.8274
-61.6588
-61.5317
-61.4357
-61.3574
-61.1887
-61.076
-60.9977
-60.9495
-60.921
-60.8809
-60.7983
-60.7529
-60.7302
-60.714
-60.6898
-60.6689
-60.6467
-60.6464
-60.6607
-60.6869
-60.7215
-60.7094
-60.688
-60.6903
-60.7096
-60.7411
-60.7808
-60.8266
-60.8775
-60.9325
-60.9908
-61.0518
-61.1148
-61.1795
-61.2454
-61.3122
-61.3796
-61.4472
-61.515
-61.5828
-61.6502
-61.7173
-61.7839
-61.8498
-61.9151
-61.9543
-61.9722
-62.0032
-62.0412
-62.0845
-62.1304
-62.1781
-62.227
-62.2766
-62.3267
-62.3771
-62.4049
-62.4146
-62.4365
-62.465
-62.4988
-62.5351
-62.5291
-62.5185
-62.398
-62.2565
-62.092
-61.9888
-61.9201
-61.8777
-61.8196
-61.7175
-61.6543
-61.6159
-61.547
-61.4692
-61.3014
-61.1788
-61.0431
-60.9562
-60.8677
-60.7503
-60.636
-60.562
-60.5191
-60.4995
-60.4966
-60.5071
-60.5115
-60.5102
-60.4934
-60.4891
-60.5029
-60.5306
-60.5591
-60.4582
-60.3879
-60.3525
-60.3468
-60.3591
-60.3842
-60.4191
-60.4621
-60.5117
-60.5666
-60.626
-60.689
-60.7549
-60.823
-60.893
-60.9643
-61.0366
-61.1096
-61.1829
-61.2564
-61.3298
-61.403
-61.4757
-61.548
-61.6195
-61.6903
-61.7603
-61.8294
-61.8975
-61.9645
-62.0305
-62.0954
-62.1592
-62.2218
-62.2833
-62.3436
-62.4028
-62.4607
-62.5175
-62.5731
-62.6275
-62.6808
-62.7328
-62.7838
-62.8336
-62.8823
-62.9298
-62.9763
-63.0217
-63.066
-63.1093
-63.1516
-63.1928
-63.2331
-63.2723
-63.3107
-63.3481
-63.3845
-63.4201
-63.4548
-63.4887
-63.5217
-63.5539
-63.5853
-63.6159
-63.6457
-63.6748
-63.7032
-63.7308
-63.7578
-63.7841
-63.8097
-63.8347
-63.859
-63.8828
-63.9059
-63.9285
-63.9504
-63.9719
-63.9928
-64.0131
-64.033
-64.0523
-64.0712
-64.0896
-64.1075
-64.1249
-64.142
-64.1138
-64.0872
-64.0117
-63.9613
-63.9266
-63.9044
-63.8897
-63.8805
-63.8758
-63.8746
-63.8764
-63.7208
-63.5961
-63.5071
-63.4157
-62.9874
-62.57
-62.2578
-62.035
-61.8474
-61.6681
-61.5265
-61.3689
-61.2567
-61.1398
-61.0599
-61.0051
-60.9721
-60.9553
-60.9519
-60.9597
-60.9768
-60.9709
-60.9663
-60.972
-60.9579
-60.9643
-60.9829
-61.0125
-61.0437
-61.0297
-60.9626
-60.9334
-60.9273
-60.9081
-60.852
-60.8292
-60.8265
-60.841
-60.8662
-60.8998
-60.9403
-60.9862
-61.0367
-61.0908
-61.1479
-61.2075
-61.2689
-61.3317
-61.3957
-61.4604
-61.5256
-61.591
-61.6533
-61.667
-61.6967
-61.7345
-61.7796
-61.8281
-61.8789
-61.9313
-61.9848
-62.0392
-62.0939
-62.1145
-62.136
-62.166
-62.1486
-62.15
-62.1634
-62.16
-62.1412
-62.1414
-62.1531
-62.1738
-62.2001
-62.2307
-62.2648
-62.2928
-62.2764
-62.2801
-62.2941
-62.317
-62.3449
-62.3765
-62.3852
-62.376
-62.3374
-62.3101
-62.2536
-62.1841
-62.1162
-62.0291
-61.8879
-61.7159
-61.5848
-61.3907
-61.1372
-60.9661
-60.8471
-60.7526
-60.6611
-60.6029
-60.5457
-60.4902

