-70
-70.0758
-70.1508
-70.225
-70.2983
-70.3706
-70.4419
-70.5122
-70.5814
-70.6496
-70.7168
-70.7829
-70.848
-70.9121
-70.9752
-71.0373
-71.0984
-71.1586
-71.2178
-71.2761
-71.3334
-71.3899
-71.4455
-71.5003
-71.5543
-71.6074
-71.6598
-71.7114
-71.7623
-71.8124
-71.8619
-71.9106
-71.9587
-72.006
-72.0527
-72.0988
-72.1442
-72.1889
-72.2331
-72.2766
-72.3196
-72.362
-72.4038
-72.445
-72.4857
-72.5258
-72.5654
-72.6045
-72.6431
-72.6812
-72.7188
-72.756
-72.7927
-72.8289
-72.8647
-72.9
-72.9349
-72.9694
-73.0035
-73.0371
-73.0704
-73.1032
-73.1357
-73.1678
-73.1994
-73.2307
-73.2617
-73.2922
-73.3224
-73.3523
-73.3817
-73.4109
-73.4397
-73.4682
-73.4963
-73.5241
-73.5516
-73.5788
-73.6057
-73.6323
-73.6585
-73.6845
-73.7102
-73.7356
-73.7608
-73.7857
-73.8103
-73.8346
-73.8587
-73.8825
-73.9061
-73.9294
-73.9524
-73.9753
-73.9979
-74.0202
-74.0423
-74.0642
-74.0859
-74.1073
-74.1285
-74.1495
-74.1703
-74.1909
-74.2112
-74.2313
-74.2513
-74.271
-74.2905
-74.3098
-74.329
-74.3479
-74.3666
-74.3852
-74.4036
-74.4217
-74.4397
-74.4575
-74.4752
-74.4926
-74.5099
-74.527
-74.544
-74.5607
-74.5774
-74.5938
-74.6101
-74.6262
-74.6422
-74.658
-74.6736
-74.6891
-74.7045
-74.7197
-74.7347
-74.7496
-74.7644
-74.779
-74.7935
-74.8079
-74.8221
-74.8362
-74.8501
-74.864
-74.8777
-74.8913
-74.9047
-74.918
-74.9313
-74.9443
-74.9573
-74.9701
-74.9829
-74.9955
-75.008
-75.0204
-75.0327
-75.0448
-75.0569
-75.0688
-75.0806
-75.0924
-75.104
-75.1155
-75.1269
-75.1382
-75.1495
-75.1606
-75.1716
-75.1825
-75.1933
-75.204
-75.2147
-75.2252
-75.2356
-75.246
-75.2562
-75.2664
-75.2764
-75.2864
-75.2963
-75.3061
-75.3158
-75.3255
-75.335
-75.3445
-75.3538
-75.3631
-75.3724
-75.3815
-75.3906
-75.3995
-75.4084
-75.4172
-75.426
-75.4346
-75.4432
-75.4518
-75.4602
-75.4686
-75.4769
-75.4851
-75.4932
-75.5013
-75.5093
-75.5173
-75.5251
-75.533
-75.5407
-75.5484
-75.556
-75.5635
-75.571
-75.5784
-75.5858
-75.593
-75.6003
-75.6074
-75.6145
-75.6216
-75.6285
-75.6355
-75.6423
-75.6491
-75.6559
-75.6626
-75.6692
-75.6758
-75.6823
-75.6888
-75.6952
-75.7015
-75.7078
-75.7141
-75.7203
-75.7264
-75.7325
-75.7386
-75.7446
-75.7505
-75.7564
-75.7622
-75.768
-75.7738
-75.7795
-75.7851
-75.7907
-75.7963
-75.8018
-75.8072
-75.8127
-75.818
-75.8234
-75.8287
-75.8339
-75.8391
-75.8443
-75.8494
-75.8545
-75.8595
-75.8645
-75.8695
-75.8744
-75.8793
-75.8841
-75.8889
-75.8937
-75.8984
-75.9031
-75.9077
-75.9123
-75.9169
-75.9214
-75.9259
-75.9304
-75.9348
-75.9392
-75.9436
-75.9479
-75.9522
-75.9565
-75.9607
-75.9649
-75.969
-75.9731
-75.9772
-75.9813
-75.9853
-75.9893
-75.9933
-75.9972
-76.0011
-76.005
-76.0088
-76.0126
-76.0164
-76.0201
-76.0239
-76.0275
-76.0312
-76.0348
-76.0384
-76.042
-76.0456
-76.0491
-76.0526
-76.056
-76.0595
-76.0629
-76.0663
-76.0696
-76.0729
-76.0762
-76.0795
-76.0828
-76.086
-76.0892
-76.0924
-76.0955
-76.0986
-76.1017
-76.1048
-76.1079
-76.1109
-76.1139
-76.1169
-76.1198
-76.1228
-76.1257
-76.1286
-76.1314
-76.1343
-76.1371
-76.1399
-76.1427
-76.1455
-76.1482
-76.1509
-76.1536
-76.1563
-76.1589
-76.1615
-76.1642
-76.1667
-76.1693
-76.1719
-76.1744
-76.1769
-76.1794
-76.1819
-76.1843
-76.1868
-76.1892
-76.1916
-76.1939
-76.1963
-76.1986
-76.201
-76.2033
-76.2056
-76.2078
-76.2101
-76.2123
-76.2145
-76.2167
-76.2189
-76.2211
-76.2232
-76.2254
-76.2275
-76.2296
-76.2317
-76.2337
-76.2358
-76.2378
-76.2398
-76.2418
-76.2438
-76.2458
-76.2478
-76.2497
-76.2516
-76.2536
-76.2554
-76.2573
-76.2592
-76.2611
-76.2629
-76.2647
-76.2665
-76.2683
-76.2701
-76.2719
-76.2737
-76.2754
-76.2771
-76.2788
-76.2806
-76.2822
-76.2839
-76.2856
-76.2872
-76.2889
-76.2905
-76.2921
-76.2937
-76.2953
-76.2969
-76.2985
-76.3
-76.3016
-76.3031
-76.3046
-76.3061
-76.3076
-76.3091
-76.3106
-76.312
-76.3135
-76.3149
-76.3164
-76.3178
-76.3192
-76.3206
-76.322
-76.3233
-76.3247
-76.3261
-76.3274
-76.3287
-76.33
-76.3314
-76.3327
-76.334
-76.3352
-76.3365
-76.3378
-76.339
-76.3403
-76.3415
-76.3427
-76.3439
-76.3452
-76.3464
-76.3475
-76.3487
-76.3499
-72.6061
-68.6339
-65.6289
-63.3156
-61.4358
-59.7365
-57.8577
-54.6849
8.05685
3.35182
-30.6725
-76.4181
-79.7264
-79.7322
-79.6987
-79.6605
-79.6184
-79.5723
-79.5222
-79.4682
-79.4105
-79.3496
-79.2858
-79.2199
-79.1523
-79.0838
-79.0152
-78.9471
-78.8801
-78.8147
-78.7515
-78.6909
-78.633
-78.5781
-78.5263
-78.4777
-78.4321
-78.3896
-78.35
-78.3132
-78.2789
-78.2471
-78.2175
-78.19
-78.1643
-78.1404
-78.1181
-78.0972
-78.0775
-78.059
-78.0416
-78.0251
-78.0093
-77.9944
-77.9801
-77.9664
-77.9532
-76.3063
-71.7725
-68.1204
-65.3598
-63.2104
-61.4416
-59.8236
-58.0272
-55.064
-18.9936
7.06617
-28.6475
-75.0709
-79.7366
-79.3551
-78.4183
-78.0926
-77.867
-77.634
-77.3868
-77.126
-76.8535
-76.5716
-75.5957
-73.0106
-71.1494
-69.872
-68.9086
-68.134
-67.4856
-66.9298
-66.4471
-64.9807
-62.7578
-60.9588
-59.4079
-57.8017
-55.5108
-47.6069
23.1865
-21.7675
-63.6867
-78.7444
-78.6975
-78.5461
-78.3796
-78.1997
-78.0069
-77.8021
-77.5864
-77.3616
-77.0833
-76.7833
-76.5247
-76.2895
-76.069
-75.8605
-75.6633
-75.4777
-75.3041
-75.1427
-74.9938
-74.8573
-74.7332
-74.6211
-74.5205
-74.4311
-74.352
-74.2828
-74.2228
-74.1711
-74.1272
-74.0904
-74.06
-74.0354
-74.0161
-74.0015
-73.9911
-73.9844
-73.9811
-73.9808
-73.983
-73.9876
-73.9942
-74.0026
-72.5787
-68.6267
-65.4485
-63.0275
-61.0703
-59.2868
-57.2321
-53.2078
45.7834
-7.34212
-38.5698
-78.1153
-78.8671
-78.741
-78.5928
-78.4315
-78.2572
-78.0706
-77.7954
-77.5147
-77.1907
-76.8627
-76.6014
-76.3887
-76.1996
-76.0252
-75.8723
-75.7532
-75.6529
-75.5654
-75.488
-75.4213
-75.4119
-75.437
-75.4718
-75.51
-75.5555
-75.5807
-75.5937
-75.6001
-75.6032
-75.6045
-75.6312
-75.6612
-75.6819
-75.6965
-75.7072
-75.7154
-75.7219
-75.7274
-75.7323
-75.7366
-75.7407
-75.7446
-75.7485
-75.7523
-75.7561
-75.76
-75.7639
-75.7679
-75.7719
-75.776
-75.7802
-75.7844
-75.7887
-75.7931
-75.7975
-75.802
-75.8065
-75.8111
-75.8157
-75.8203
-75.825
-75.8297
-75.8344
-75.8391
-75.8438
-75.8485
-75.8532
-75.8579
-75.8626
-75.8673
-75.872
-75.8767
-75.8814
-75.886
-75.8907
-75.8953
-75.8998
-75.9044
-75.9089
-75.9134
-75.9179
-75.9224
-75.9268
-75.9312
-75.9356
-75.9399
-75.9442
-75.9485
-73.1259
-69.0406
-65.9058
-63.5065
-61.5744
-59.8533
-57.9951
-55.0078
-20.9199
6.95191
-28.741
-74.7088
-78.9606
-78.8741
-78.7381
-78.5883
-78.4253
-78.2493
-78.061
-77.8612
-76.0841
-74.144
-72.9661
-72.1374
-71.4688
-70.8877
-70.364
-69.8848
-69.4445
-67.4034
-65.0441
-63.2639
-61.8747
-60.709
-59.634
-58.5066
-57.1374
-56.8084
-56.5306
-55.8392
-53.9067
-35.7729
7.00459
-29.0153
-73.7472
-79.0626
-79.0391
-78.9261
-78.7999
-78.6628
-78.5154
-78.3581
-78.1919
-78.018
-77.8093
-77.4964
-77.2344
-77.0118
-76.8119
-76.6278
-76.4567
-76.2973
-76.1493
-76.0123
-75.8862
-75.7819
-75.7019
-75.6347
-75.5775
-75.5285
-75.4864
-75.4505
-75.4251
-75.453
-75.4819
-75.5034
-75.5197
-75.5326
-75.543
-75.5518
-75.5594
-75.5662
-75.5725
-75.5784
-74.4777
-70.3914
-67.1082
-64.7014
-62.8709
-61.3932
-60.08
-58.7238
-56.9322
-52.9087
44.7767
-8.59684
-39.6135
-78.3235
-79.0789
-78.9659
-78.8432
-78.6641
-78.4386
-78.2611
-78.0889
-77.912
-75.9788
-73.9669
-72.823
-72.0616
-71.4719
-70.9741
-70.535
-70.1399
-69.8338
-70.0724
-70.7283
-71.1864
-71.46
-71.6267
-71.7298
-72.0136
-72.4085
-72.9499
-73.3697
-73.6419
-73.8239
-73.9501
-74.0405
-74.1073
-74.1584
-74.1986
-74.2312
-74.2585
-74.2821
-74.3029
-74.3217
-74.3392
-74.3557
-74.3715
-74.3868
-74.4017
-74.4165
-74.4311
-74.4456
-74.4601
-74.4746
-74.4892
-74.5037
-74.5183
-74.5329
-74.5475
-74.5622
-74.5768
-74.5915
-74.6062
-74.6209
-74.6355
-74.6502
-74.6648
-74.6793
-74.6938
-74.7083
-74.7227
-74.737
-74.7513
-74.7655
-74.7796
-74.7937
-74.8076
-74.8215
-74.8353
-74.8489
-74.8625
-74.876
-74.8894
-74.9027
-74.9158
-74.9289
-74.9419
-74.9548
-74.9675
-74.9802
-74.9927
-75.0052
-75.0175
-75.0298
-75.0419
-75.0539
-75.0659
-75.0777
-75.0894
-75.101
-75.1126
-75.124
-75.1353
-75.1465
-75.1576
-75.1687
-75.1796
-74.4581
-70.3555
-66.8285
-64.1663
-62.0718
-60.2804
-58.4763
-55.9623
-46.2767
21.329
-22.0766
-64.8198
-79.1186
-78.7714
-78.5909
-78.423
-78.2416
-78.0459
-77.8364
-77.6142
-77.3808
-76.6637
-74.1454
-72.3571
-71.1784
-70.2957
-69.5776
-68.9644
-68.4265
-67.9487
-67.5224
-65.3668
-63.1346
-61.4008
-59.9394
-58.5157
-56.7662
-53.3428
39.2042
-4.34042
-35.885
-77.8796
-79.6073
-79.59
-79.4719
-79.3334
-79.2448
-79.161
-79.0736
-78.9819
-78.8216
-78.5338
-78.3233
-78.1596
-78.0184
-77.8903
-77.7715
-77.6605
-77.5566
-77.4596
-77.3693
-77.2857
-77.2087
-77.138
-77.0734
-77.0146
-76.9613
-76.8548
-76.7292
-76.6292
-76.55
-76.4864
-76.4348
-76.3925
-76.3575
-76.3285
-76.3044
-76.2842
-76.2673
-76.2531
-76.2413
-76.2314
-76.2232
-76.2164
-76.2108
-76.2063
-76.2026
-76.1998
-76.1976
-76.196
-76.1948
-76.1942
-76.1939
-74.2229
-69.9935
-66.6702
-64.1538
-62.1675
-60.4682
-58.7772
-56.5369
-50.1982
32.0856
-17.1009
-53.0534
-78.9321
-79.1029
-78.9966
-78.875
-78.7419
-78.5974

