-70
-70.0758
-70.1508
-70.225
-70.2983
-70.3706
-70.4419
-70.5122
-70.5814
-70.6496
-70.7168
-70.7829
-70.848
-70.9121
-70.9752
-71.0373
-71.0984
-71.1586
-71.2178
-71.2761
-71.3334
-71.3899
-71.4455
-71.5003
-71.5543
-71.6074
-71.6598
-71.7114
-71.7623
-71.8124
-71.8619
-71.9106
-71.9587
-72.006
-72.0527
-72.0988
-72.1442
-72.1889
-72.2331
-72.2766
-72.3196
-72.362
-72.4038
-72.445
-72.4857
-72.5258
-72.5654
-72.6045
-72.6431
-72.6812
-72.7188
-72.756
-72.7927
-72.8289
-72.8647
-72.9
-72.9349
-72.9694
-73.0035
-73.0371
-73.0704
-73.1032
-73.1357
-73.1678
-73.1994
-73.2307
-73.2617
-73.2922
-73.3224
-73.3523
-73.3817
-73.4109
-73.4397
-73.4682
-73.4963
-73.5241
-73.5516
-73.5788
-73.6057
-73.6323
-73.6585
-73.6845
-73.7102
-73.7356
-73.7608
-73.7857
-73.8103
-73.8346
-73.8587
-73.8825
-73.9061
-73.9294
-73.9524
-73.9753
-73.9979
-74.0202
-74.0423
-74.0642
-74.0859
-74.1073
-74.1285
-74.1495
-74.1703
-74.1909
-74.2112
-74.2313
-74.2513
-74.271
-74.2905
-74.3098
-74.329
-74.3479
-74.3666
-74.3852
-74.4036
-74.4217
-74.4397
-74.4575
-74.4752
-74.4926
-74.5099
-74.527
-74.544
-74.5607
-74.5774
-74.5938
-74.6101
-74.6262
-74.6422
-74.658
-74.6736
-74.6891
-74.7045
-74.7197
-74.7347
-74.7496
-74.7644
-74.779
-74.7935
-74.8079
-74.8221
-74.8362
-74.8501
-74.864
-74.8777
-74.8913
-74.9047
-74.918
-74.9313
-74.9443
-74.9573
-74.9701
-74.9829
-74.9955
-75.008
-75.0204
-75.0327
-75.0448
-75.0569
-75.0688
-75.0806
-75.0924
-75.104
-75.1155
-75.1269
-75.1382
-75.1495
-75.1606
-75.1716
-75.1825
-75.1933
-75.204
-75.2147
-75.2252
-75.2356
-75.246
-75.2562
-75.2664
-75.2764
-75.2864
-75.2963
-75.3061
-75.3158
-75.3255
-75.335
-75.3445
-75.3538
-75.3631
-75.3724
-75.3815
-75.3906
-75.3995
-75.4084
-75.4172
-75.426
-75.4346
-75.4432
-75.4518
-75.4602
-75.4686
-75.4769
-75.4851
-75.4932
-75.5013
-75.5093
-75.5173
-75.5251
-75.533
-75.5407
-75.5484
-75.556
-75.5635
-75.571
-75.5784
-75.5858
-75.593
-75.6003
-75.6074
-75.6145
-75.6216
-75.6285
-75.6355
-75.6423
-75.6491
-75.6559
-75.6626
-75.6692
-75.6758
-75.6823
-75.6888
-75.6952
-75.7015
-75.7078
-75.7141
-75.7203
-75.7264
-75.7325
-75.7386
-75.7446
-75.7505
-75.7564
-75.7622
-75.768
-75.7738
-75.7795
-75.7851
-75.7907
-75.7963
-75.8018
-75.8072
-75.8127
-75.818
-75.8234
-75.8287
-75.8339
-75.8391
-75.8443
-75.8494
-75.8545
-75.8595
-75.8645
-75.8695
-75.8744
-75.8793
-75.8841
-75.8889
-75.8937
-75.8984
-75.9031
-75.9077
-75.9123
-75.9169
-75.9214
-75.9259
-75.9304
-75.9348
-75.9392
-75.9436
-75.9479
-75.9522
-75.9565
-75.9607
-75.9649
-75.969
-75.9731
-75.9772
-75.9813
-75.9853
-75.9893
-75.9933
-75.9972
-76.0011
-76.005
-76.0088
-76.0126
-76.0164
-76.0201
-76.0239
-76.0275
-76.0312
-76.0348
-76.0384
-76.042
-76.0456
-76.0491
-76.0526
-76.056
-76.0595
-76.0629
-76.0663
-76.0696
-76.0729
-76.0762
-76.0795
-76.0828
-76.086
-76.0892
-76.0924
-76.0955
-76.0986
-76.1017
-76.1048
-76.1079
-76.1109
-76.1139
-76.1169
-76.1198
-76.1228
-76.1257
-76.1286
-76.1314
-76.1343
-76.1371
-76.1399
-76.1427
-76.1455
-76.1482
-76.1509
-76.1536
-76.1563
-76.1589
-76.1615
-76.1642
-76.1667
-76.1693
-76.1719
-76.1744
-76.1769
-76.1794
-76.1819
-76.1843
-76.1868
-76.1892
-76.1916
-76.1939
-76.1963
-76.1986
-76.201
-76.2033
-76.2056
-76.2078
-76.2101
-76.2123
-76.2145
-76.2167
-76.2189
-76.2211
-76.2232
-76.2254
-76.2275
-76.2296
-76.2317
-76.2337
-76.2358
-76.2378
-76.2398
-76.2418
-76.2438
-76.2458
-76.2478
-76.2497
-76.2516
-76.2536
-76.2554
-76.2573
-76.2592
-76.2611
-76.2629
-76.2647
-76.2665
-76.2683
-76.2701
-76.2719
-76.2737
-76.2754
-76.2771
-76.2788
-76.2806
-76.2822
-76.2839
-76.2856
-76.2872
-76.2889
-76.2905
-76.2921
-76.2937
-76.2953
-76.2969
-76.2985
-76.3
-76.3016
-76.3031
-76.3046
-76.3061
-76.3076
-76.3091
-76.3106
-76.312
-76.3135
-76.3149
-76.3164
-76.3178
-76.3192
-76.3206
-76.322
-76.3233
-76.3247
-76.3261
-76.3274
-76.3287
-76.33
-76.3314
-76.3327
-76.334
-76.3352
-76.3365
-76.3378
-76.339
-76.3403
-76.3415
-76.3427
-76.3439
-76.3452
-76.3464
-76.3475
-76.3487
-76.3499
-76.351
-76.3522
-76.3533
-76.3545
-76.3556
-76.3567
-76.3578
-76.3589
-76.36
-76.3611
-76.3622
-76.3632
-76.3643
-76.3654
-76.3664
-76.3674
-76.3685
-76.3695
-76.3705
-76.3715
-76.3725
-76.3735
-76.3745
-76.3754
-76.3764
-76.3774
-76.3783
-76.3793
-76.3802
-76.3811
-76.382
-76.383
-76.3839
-76.3848
-76.3857
-76.3866
-76.3874
-76.3883
-76.3892
-76.39
-76.3909
-76.3917
-76.3926
-76.3934
-76.3943
-76.3951
-76.3959
-76.3967
-76.3975
-76.3983
-76.3991
-76.3999
-76.4007
-76.4014
-76.4022
-76.403
-76.4037
-76.4045
-76.4052
-76.406
-76.4067
-76.4074
-76.4082
-76.4089
-76.4096
-76.4103
-76.411
-76.4117
-76.4124
-76.4131
-76.4137
-76.4144
-76.4151
-76.4158
-76.4164
-76.4171
-76.4177
-76.4184
-76.419
-76.4196
-76.4203
-76.4209
-76.4215
-76.4221
-76.4227
-76.4234
-76.424
-76.4246
-76.4251
-76.4257
-76.4263
-76.4269
-76.3767
-76.3014
-76.2425
-76.1833
-76.1424
-76.1082
-76.0727
-76.0442
-76.0274
-76.0193
-76.0152
-76.0123
-76.0104
-76.0092
-76.0083
-76.008
-76.0082
-76.0087
-76.0094
-76.0103
-76.0113
-76.0124
-76.0136
-76.0149
-76.0163
-76.0178
-76.0193
-76.021
-76.0228
-76.0246
-76.0266
-76.0286
-76.0307
-76.0329
-76.0351
-76.0374
-76.0398
-76.0423
-76.0448
-76.0474
-76.05
-76.0527
-76.0554
-76.0582
-76.0609
-76.0638
-76.0666
-76.0695
-76.0724
-76.0753
-76.0782
-76.0811
-76.0841
-76.087
-76.0899
-76.0929
-76.0958
-76.0988
-76.1017
-76.1046
-76.1076
-76.1105
-76.1134
-76.1163
-76.1191
-76.122
-76.1249
-76.1277
-76.1305
-76.1269
-76.1063
-76.09
-76.0753
-76.0612
-76.0512
-76.0409
-76.0275
-76.0185
-76.0143
-76.0123
-76.0112
-76.0092
-76.0076
-76.0068
-76.0068
-76.0069
-76.0065
-76.0065
-76.0069
-76.0075
-76.0082
-76.009
-76.01
-76.011
-76.0121
-76.0133
-76.0146
-76.016
-76.0175
-76.0191
-76.0207
-76.0225
-76.0243
-76.0262
-76.0282
-76.0303
-76.0325
-76.0347
-76.0371
-76.0394
-76.0419
-76.0444
-76.047
-76.0496
-76.0522
-76.055
-76.0577
-76.0605
-76.0633
-76.0661
-76.069
-76.0719
-76.0748
-76.0777
-76.0806
-76.0836
-76.0865
-76.0895
-76.0924
-76.0953
-76.0983
-76.1012
-76.1042
-76.1071
-76.11
-76.1129
-76.1158
-76.1187
-76.1215
-76.1244
-76.1272
-76.13
-76.1328
-76.1356
-76.1384
-76.1412
-76.1439
-76.1466
-76.1493
-76.152
-76.1547
-76.1573
-76.1599
-76.1625
-76.1651
-76.1677
-76.1703
-76.1728
-76.1753
-76.1778
-76.1803
-76.1827
-76.1852
-76.1876
-76.19
-76.1924
-76.1948
-76.1971
-76.1994
-76.2018
-76.204
-76.2063
-76.2086
-76.2108
-76.2131
-76.2153
-76.2175
-76.2196
-76.2057
-76.1717
-76.1438
-76.1152
-76.0922
-76.0766
-76.0639
-76.0515
-76.0404
-76.0316
-76.0245
-76.0203
-76.0167
-76.0147
-76.0139
-76.0134
-76.0126
-76.0117
-76.0109
-76.0101
-76.0101
-76.0104
-76.0111
-76.0119
-76.0129
-76.014
-76.0153
-76.0166
-76.0181
-76.0197
-76.0213
-76.0231
-76.0249
-76.0268
-76.0289
-76.031
-76.0331
-76.0354
-76.0377
-76.0401
-76.0426
-76.0451
-76.0477
-76.0503
-76.053
-76.0557
-76.0584
-76.0612
-76.0641
-76.0669
-76.0698
-76.0727
-76.0756
-76.0785
-76.0814
-76.0844
-76.0873
-76.0902
-76.0932
-76.0961
-76.0991
-76.102
-76.1049
-76.1078
-76.1108
-76.1137
-76.1165
-76.1194
-76.1223
-76.1251
-76.128
-76.1308
-76.1336
-76.1364
-76.1391
-76.1419
-76.1446
-76.1422
-76.1206
-76.099
-76.0785
-76.0645
-76.0553
-76.0491
-76.0436
-76.0374
-76.0333
-76.0303
-76.0261
-76.0217
-76.0184
-76.0158
-76.0146
-76.0132
-76.0124
-76.0123
-76.0126
-76.0128
-76.0126
-76.0128
-76.0134
-76.0143
-76.0153
-76.0164
-76.0164
-76.0158
-76.0148
-76.0146
-76.0149
-76.0155
-76.0163
-76.0174
-76.0186
-76.02
-76.0215
-76.0231
-76.0248
-76.0267
-76.0286
-76.0303
-76.0295
-76.0288
-76.0287
-76.0291
-76.0298
-76.0308
-76.032
-76.0335
-76.0351
-76.0368
-76.0387
-76.0407
-76.0428
-76.0451
-76.0474
-76.0497
-76.0522
-76.0547
-76.0573
-76.0599
-76.0626
-76.0653
-76.0681
-76.0709
-76.0737
-76.0765
-76.0794
-76.0823
-76.0852
-76.0881
-76.091
-76.0939
-76.0968
-76.0997
-76.1026
-76.1055
-76.1084
-76.1113
-76.1142
-76.117
-76.1199
-76.1227
-76.1256
-76.1284
-76.1312
-76.134
-76.1368
-76.1395
-76.1423
-76.145
-76.1477
-76.1504
-76.1531
-76.1557
-76.1583
-76.161
-76.1636
-76.1661
-76.1687
-76.1712
-76.1738
-76.1763
-76.1788
-76.1812
-76.1837
-76.1861
-76.1885
-76.1909
-76.1933
-76.1957
-76.198
-76.2003
-76.2026
-76.2049
-76.2072
-76.2095
-76.2117
-76.2139
-76.2161
-76.2183
-76.2205
-76.2226
-76.2233
-76.1885
-76.1562
-76.1331
-76.1095
-76.0888
-76.0699
-76.0505
-76.0377
-76.0277
-76.0216
-76.017
-76.0144
-76.0123
-76.0114
-76.0112
-76.0115
-76.0112
-76.0112
-76.0108
-76.0108
-76.0112
-76.0118
-76.0127
-76.0137
-76.0149
-76.0162
-76.0176
-76.0191
-76.0207
-76.0224
-76.0242
-76.0261
-76.028
-76.0301
-76.0322
-76.0345
-76.0368
-76.0391
-76.0416
-76.044
-76.0466
-76.0492
-76.0519
-76.0545
-76.0573
-76.0601
-76.0629
-76.0657
-76.0686
-76.0714
-76.0743
-76.0773
-76.0802
-76.0831
-76.086
-76.089
-76.0919
-76.0949
-76.0978
-76.1008
-76.1037
-76.1066
-76.1095
-76.1124
-76.1153
-76.1182
-76.1211
-76.1239
-76.1268
-76.1296
-76.1324
-76.1352
-76.138
-76.1407
-76.1434
-76.1462
-76.1489
-76.1516
-76.1542
-76.1569

