-70
-69.8623
-69.7285
-69.5983
-69.4718
-69.3487
-69.2291
-69.1128
-68.9997
-68.8897
-68.7828
-68.6789
-68.5778
-68.4795
-68.3839
-68.291
-68.2007
-68.1128
-68.0274
-67.9443
-67.8636
-67.7851
-67.7087
-67.6345
-67.5623
-67.4921
-67.4238
-67.3574
-67.2929
-67.2301
-67.1691
-67.1098
-67.0521
-66.996
-66.9414
-66.8884
-66.8368
-66.7866
-66.7378
-66.6904
-66.6443
-66.5994
-66.5558
-66.5133
-66.4721
-66.432
-66.393
-66.355
-66.3181
-66.2823
-66.2474
-66.2134
-66.1805
-66.1484
-66.1172
-66.0868
-66.0573
-66.0286
-66.0007
-65.9736
-65.9472
-65.9215
-65.8966
-65.8723
-65.8487
-65.8257
-65.8034
-65.7817
-65.7606
-65.74
-65.72
-65.7006
-65.6817
-65.6633
-65.6455
-65.6281
-65.6112
-65.5948
-65.5788
-65.5632
-65.5481
-65.5334
-65.5191
-65.5052
-65.4917
-65.4785
-65.4657
-65.4533
-65.4412
-65.4294
-65.418
-65.4068
-65.396
-65.3855
-65.3752
-65.3653
-65.3556
-65.3462
-65.337
-65.3281
-65.3194
-65.311
-65.3028
-65.2948
-65.2871
-65.2795
-65.2722
-65.2651
-65.2581
-65.2514
-65.2448
-65.2385
-65.2322
-65.2262
-65.2203
-65.2146
-65.2091
-65.2037
-65.1984
-65.1933
-65.1884
-65.1835
-65.1788
-65.1743
-65.1698
-65.1655
-65.1613
-65.1572
-65.1532
-65.1493
-65.1456
-65.1419
-65.1384
-65.1349
-65.1315
-65.1283
-65.1251
-65.122
-65.119
-65.1161
-65.1132
-65.1104
-65.1077
-65.1051
-65.1026
-65.1001
-65.0977
-65.0953
-65.0931
-65.0908
-65.0887
-65.0866
-65.0845
-65.0826
-65.0806
-65.0788
-65.0769
-65.0752
-65.0734
-65.0718
-65.0701
-65.0685
-65.067
-65.0655
-65.064
-65.0626
-65.0612
-65.0599
-65.0586
-65.0573
-65.0561
-65.0549
-65.0537
-65.0526
-65.0514
-65.0504
-65.0493
-65.0483
-65.0473
-65.0464
-65.0454
-65.0445
-65.0436
-65.0428
-65.0419
-65.0411
-65.0403
-65.0395
-65.0388
-65.0381
-65.0374
-65.0367
-65.036
-65.0353
-65.0347
-65.0341
-65.0335
-65.0329
-65.0323
-65.0318
-65.0313
-65.0307
-65.0302
-65.0297
-65.0293
-65.0288
-65.0283
-65.0279
-65.0275
-65.027
-65.0266
-65.0262
-65.0259
-65.0255
-65.0251
-65.0248
-65.0244
-65.0241
-65.0238
-65.0234
-65.0231
-65.0228
-65.0225
-65.0223
-65.022
-65.0217
-65.0215
-65.0212
-65.021
-65.0207
-65.0205
-65.0203
-65.02
-65.0198
-65.0196
-65.0194
-65.0192
-65.019
-65.0188
-65.0187
-65.0185
-65.0183
-65.0181
-65.018
-65.0178
-65.0177
-65.0175
-65.0174
-65.0172
-65.0171
-65.017
-65.0168
-65.0167
-65.0166
-65.0165
-65.0163
-65.0162
-65.0161
-65.016
-65.0159
-65.0158
-65.0157
-65.0156
-65.0155
-65.0154
-65.0153
-65.0153
-65.0152
-65.0151
-65.015
-65.0149
-65.0149
-65.0148
-65.0147
-65.0147
-65.0146
-65.0145
-65.0145
-65.0144
-65.0143
-65.0143
-65.0142
-65.0142
-65.0141
-65.0141
-65.014
-65.014
-65.0139
-65.0139
-65.0138
-65.0138
-65.0137
-65.0137
-65.0137
-65.0136
-65.0136
-65.0135
-65.0135
-65.0135
-65.0134
-65.0134
-65.0134
-65.0133
-65.0133
-65.0133
-65.0133
-65.0132
-65.0132
-65.0132
-65.0131
-65.0131
-65.0131
-65.0131
-65.0131
-65.013
-65.013
-65.013
-65.013
-65.0129
-65.0129
-65.0129
-65.0129
-65.0129
-65.0129
-65.0128
-65.0128
-65.0128
-65.0128
-65.0128
-65.0128
-65.0127
-65.0127
-65.0127
-65.0127
-65.0127
-65.0127
-65.0127
-65.0127
-65.0126
-65.0126
-65.0126
-65.0126
-65.0126
-65.0126
-65.0126
-65.0126
-65.0126
-65.0126
-65.0125
-65.0125
-65.0125
-65.0125
-65.0125
-65.0125
-65.0125
-65.0125
-65.0125
-65.0125
-65.0125
-65.0125
-65.0125
-65.0124
-65.0124
-65.0124
-65.0124
-65.0124
-65.0124
-65.0124
-65.0124
-65.0124
-65.0124
-65.0124
-65.0124
-65.0124
-65.0124
-65.0124
-65.0124
-65.0124
-65.0124
-65.0124
-65.0124
-65.0124
-65.0124
-65.0124
-65.0123
-65.0123
-65.0123
-65.0123
-65.0123
-65.0123
-65.0123
-65.0123
-65.0123
-65.0123
-65.0123
-65.0123
-65.0123
-65.0123
-65.0123
-65.0123
-65.0123
-65.0123
-65.0123
-65.0123
-65.0123
-65.0123
-65.0123
-65.0123
-65.0123
-65.0123
-65.0123
-65.0123
-65.0123
-65.0123
-65.0123
-65.0123
-65.0123
-65.0123
-65.0123
-65.0123
-65.0123
-65.0123
-65.0123
-65.0123
-65.0123
-65.0123
-65.0123
-65.0123
-65.0123
-65.0123
-65.0123
-65.0123
-65.0123
-65.0123
-65.0123
-65.0123
-65.0123
-65.0123
-65.0123
-65.0123
-65.0123
-65.0123
-65.0123
-65.0123
-65.0123
-65.0123
-65.0123
-65.0123
-65.0123
-65.0123
-65.0123
-65.0123
-65.0123
-65.0123
-65.0123
-65.0123
-65.0123
-65.0123
-64.7657
-64.5631
-64.4124
-64.305
-64.2215
-64.1548
-64.1013
-64.0585
-64.0247
-63.9986
-63.9789
-63.9648
-63.9553
-63.9499
-63.9479
-63.9489
-63.9525
-63.9582
-63.9658
-63.975
-63.9855
-63.9972
-64.0098
-64.0233
-64.0374
-64.052
-64.0671
-64.0826
-64.0983
-64.1142
-64.1302
-64.1463
-64.1624
-64.1784
-64.1168
-63.9452
-63.834
-63.7539
-63.6995
-63.6593
-63.6297
-63.6088
-63.595
-63.5872
-63.5843
-63.5856
-63.5904
-63.5983
-63.6087
-63.6212
-63.6355
-63.6513
-63.6684
-63.5537
-63.4436
-63.3033
-62.9697
-62.7386
-62.3809
-61.8523
-61.3216
-60.4762
-59.809
-58.8221
-58.0242
-57.3265
-56.8198
-56.4328
-55.9706
-55.5568
-55.236
-54.7353
-54.3834
-54.0314
-53.7613
-53.5656
-53.4281
-53.3079
-53.1971
-53.1175
-53.0774
-53.069
-53.0863
-53.1247
-53.1816
-53.1991
-53.2163
-53.2267
-53.2276
-53.2663
-53.3296
-53.4134
-53.512
-53.5853
-53.6694
-53.7287
-53.7665
-53.8377
-53.93
-54.0011
-54.0842
-54.1475
-54.2315
-54.2919
-54.3733
-54.4319
-54.5117
-54.6101
-54.7236
-54.8473
-54.9789
-55.1167
-55.2596
-55.4064
-55.5565
-55.709
-55.8633
-56.0186
-56.1745
-56.3307
-56.479
-56.5372
-56.6233
-56.6635
-56.5916
-56.5471
-56.5181
-56.5341
-56.5417
-56.4995
-56.4147
-56.3652
-56.271
-56.1011
-55.9104
-55.73
-55.4838
-55.1931
-54.8889
-54.491
-54.0094
-53.4328
-52.8311
-52.2833
-51.8707
-51.5482
-51.2921
-51.0986
-50.9094
-50.74
-50.5792
-50.4536
-50.3482
-50.225
-50.056
-49.9337
-49.8493
-49.7971
-49.7681
-49.7589
-49.7675
-49.7926
-49.8331
-49.8882
-49.9574
-50.0401
-50.1355
-50.2434
-50.3633
-50.4949
-50.6375
-50.7899
-50.9514
-51.1214
-51.2991
-51.4843
-51.6764
-51.8745
-52.0772
-52.2838
-52.4938
-52.7066
-52.9217
-53.138
-53.3548
-53.572
-53.7891
-54.0057
-54.2209
-54.4346
-54.6467
-54.8568
-55.0646
-55.2696
-55.4719
-55.6714
-55.868
-56.0615
-56.2516
-56.4384
-56.6218
-56.8019
-56.9787
-57.1519
-57.3217
-57.4879
-57.6508
-57.8103
-57.9665
-58.1192
-58.2686
-58.4147
-58.5575
-58.6972
-58.8337
-58.9671
-59.0975
-59.2248
-59.3492
-59.4706
-59.5893
-59.7051
-59.8182
-59.9287
-60.0213
-60.0718
-60.1376
-60.2097
-60.2871
-60.3664
-60.3619
-60.3536
-60.3692
-60.4021
-60.4421
-60.325
-59.9697
-59.698
-59.5175
-59.2732
-58.6818
-58.0149
-57.3592
-56.5309
-55.862
-55.3785
-54.8717
-54.491
-53.9801
-53.5368
-53.2151
-52.9825
-52.8149
-52.6774
-52.5643
-52.4948
-52.4338
-52.4055
-52.4067
-52.3823
-52.2624
-52.1765
-52.1419
-52.148
-52.1827
-52.1693
-52.1472
-52.1658
-52.2147
-52.2651
-52.228
-52.22
-52.2503
-52.2786
-52.3333
-52.4112
-52.4794
-52.5252
-52.5924
-52.6839
-52.7949
-52.9175
-53.0104
-53.1256
-53.2552
-53.3554
-53.4755
-53.6097
-53.7561
-53.9105
-54.0711
-54.2366
-54.4061
-54.5787
-54.7537
-54.9304
-55.108
-55.2861
-55.4643
-55.6421
-55.7991
-55.9307
-56.0298
-56.1415
-56.2219
-56.2805
-56.3071
-56.3127
-56.2618
-56.1181
-55.9108
-55.6667
-55.5239
-55.3669
-55.2353
-55.0593
-54.9252
-54.7804
-54.5924
-54.4088
-54.2227
-54.0498
-53.7928
-53.4929
-53.183
-52.8112
-52.4193
-52.0584
-51.7885
-51.6
-51.4693
-51.3571
-51.2192
-51.1255
-51.0366
-50.992
-50.9785
-50.9677
-50.8639
-50.7248
-50.6249
-50.5737
-50.4723
-50.4008
-50.3546
-50.3207
-50.299
-50.2911
-50.3115
-50.3538
-50.4155
-50.4938
-50.5872
-50.6946
-50.8148
-50.9472
-51.0909
-51.2448
-51.4083
-51.5807
-51.7612
-51.9484
-52.1412
-52.3389
-52.541
-52.7469
-52.9556
-53.1662
-53.3781
-53.5908
-53.8041
-54.0172
-54.2295
-54.4407
-54.6506
-54.8589
-55.0653
-55.2692
-55.4707
-55.6696
-55.8658
-56.059
-56.2492
-56.4361
-56.6198
-56.8004
-56.9777
-57.1516
-57.322
-57.4891
-57.6529
-57.8133
-57.9704
-58.1241
-58.2746
-58.4217
-58.5656
-58.7063
-58.8439
-58.9785
-59.1099
-59.2383
-59.3638
-59.4863
-59.606
-59.7229
-59.8371
-59.9485
-60.0574
-60.1636
-60.2672
-60.3684
-60.4672
-60.5636
-60.6576
-60.7494
-60.839
-60.9264
-61.0117
-61.0948
-61.176
-61.2552
-61.3324
-61.4077
-61.4812
-61.5529
-61.6229
-61.6336
-61.4627
-61.1701
-60.9757
-60.7972
-60.6142
-60.4913
-60.3974
-60.1558
-59.9601
-59.8215
-59.5711
-59.3959
-59.274
-59.1552
-58.2328
-57.1495
-56.3899
-55.8535
-55.4534
-54.9557
-54.5931
-54.2282
-53.9538
-53.6657
-53.4227
-53.2517
-53.1369
-53.0664
-53.0303
-53.023
-53.013
-52.9106
-52.8615
-52.7946
-52.7261
-52.7055
-52.6891
-52.6647
-52.6804
-52.696
-52.6915
-52.7258
-52.7859
-52.8464
-52.7745
-52.7136
-52.7063
-52.7399
-52.8022
-52.8846
-52.9517
-53.033
-53.1045
-53.1872
-53.2911
-53.4111
-53.5436
-53.6857
-53.8356
-53.9919
-54.1535
-54.2916
-54.4285
-54.5767
-54.733
-54.8947
-55.0598
-55.2272
-55.3962
-55.5663
-55.6884
-55.8234
-55.9663
-56.1158
-56.2683
-56.4224
-56.5772
-56.7132
-56.8213
-56.9434
-57.0721
-57.1599
-57.2574
-57.3655
-57.4821
-57.603
-57.7266
-57.852
-57.9782
-58.0173
-58.0649
-58.1327
-58.2072
-58.2377
-58.2262
-58.2029
-58.0536
-57.7794
-57.5455
-57.313
-57.0303
-56.7717
-56.4841
-56.0435
-55.5762
-55.0849
-54.5013
-53.8603
-53.34
-52.9693
-52.7002
-52.5027
-52.3564
-52.2169

