-70
-69.8623
-69.7285
-69.5983
-69.4718
-69.3487
-69.2291
-69.1128
-68.9997
-68.8897
-68.7828
-68.6789
-68.5778
-68.4795
-68.3839
-68.291
-68.2007
-68.1128
-68.0274
-67.9443
-67.8636
-67.7851
-67.7087
-67.6345
-67.5623
-67.4921
-67.4238
-67.3574
-67.2929
-67.2301
-67.1691
-67.1098
-67.0521
-66.996
-66.9414
-66.8884
-66.8368
-66.7866
-66.7378
-66.6904
-66.6443
-66.5994
-66.5558
-66.5133
-66.4721
-66.432
-66.393
-66.355
-66.3181
-66.2823
-66.2474
-66.2134
-66.1805
-66.1484
-66.1172
-66.0868
-66.0573
-66.0286
-66.0007
-65.9736
-65.9472
-65.9215
-65.8966
-65.8723
-65.8487
-65.8257
-65.8034
-65.7817
-65.7606
-65.74
-65.72
-65.7006
-65.6817
-65.6633
-65.6455
-65.6281
-65.6112
-65.5948
-65.5788
-65.5632
-65.5481
-65.5334
-65.5191
-65.5052
-65.4917
-65.4785
-65.4657
-65.4533
-65.4412
-65.4294
-65.418
-65.4068
-65.396
-65.3855
-65.3752
-65.3653
-65.3556
-65.3462
-65.337
-65.3281
-65.3194
-65.311
-65.3028
-65.2948
-65.2871
-65.2795
-65.2722
-65.2651
-65.2581
-65.2514
-65.2448
-65.2385
-65.2322
-65.2262
-65.2203
-65.2146
-65.2091
-65.2037
-65.1984
-65.1933
-65.1884
-65.1835
-65.1788
-65.1743
-65.1698
-65.1655
-65.1613
-65.1572
-65.1532
-65.1493
-65.1456
-65.1419
-65.1384
-65.1349
-65.1315
-65.1283
-65.1251
-65.122
-65.119
-65.1161
-65.1132
-65.1104
-65.1077
-65.1051
-65.1026
-65.1001
-65.0977
-65.0953
-65.0931
-65.0908
-65.0887
-65.0866
-65.0845
-65.0826
-65.0806
-65.0788
-65.0769
-65.0752
-65.0734
-65.0718
-65.0701
-65.0685
-65.067
-65.0655
-65.064
-65.0626
-65.0612
-65.0599
-65.0586
-65.0573
-65.0561
-65.0549
-65.0537
-65.0526
-65.0514
-65.0504
-65.0493
-65.0483
-65.0473
-65.0464
-65.0454
-65.0445
-65.0436
-65.0428
-65.0419
-65.0411
-65.0403
-65.0395
-65.0388
-65.0381
-65.0374
-65.0367
-65.036
-65.0353
-65.0347
-65.0341
-65.0335
-65.0329
-65.0323
-65.0318
-65.0313
-65.0307
-65.0302
-65.0297
-65.0293
-65.0288
-65.0283
-65.0279
-65.0275
-65.027
-65.0266
-65.0262
-65.0259
-65.0255
-65.0251
-65.0248
-65.0244
-65.0241
-65.0238
-65.0234
-65.0231
-65.0228
-65.0225
-65.0223
-65.022
-65.0217
-65.0215
-65.0212
-65.021
-65.0207
-65.0205
-65.0203
-65.02
-65.0198
-65.0196
-65.0194
-65.0192
-65.019
-65.0188
-65.0187
-65.0185
-65.0183
-65.0181
-65.018
-65.0178
-65.0177
-65.0175
-65.0174
-65.0172
-65.0171
-65.017
-65.0168
-65.0167
-65.0166
-65.0165
-65.0163
-65.0162
-65.0161
-65.016
-65.0159
-65.0158
-65.0157
-65.0156
-65.0155
-65.0154
-65.0153
-65.0153
-65.0152
-65.0151
-65.015
-65.0149
-65.0149
-65.0148
-65.0147
-65.0147
-65.0146
-65.0145
-65.0145
-65.0144
-65.0143
-65.0143
-65.0142
-65.0142
-65.0141
-65.0141
-65.014
-65.014
-65.0139
-65.0139
-65.0138
-65.0138
-65.0137
-65.0137
-65.0137
-65.0136
-65.0136
-65.0135
-65.0135
-65.0135
-65.0134
-65.0134
-65.0134
-65.0133
-65.0133
-65.0133
-65.0133
-65.0132
-65.0132
-65.0132
-65.0131
-65.0131
-65.0131
-65.0131
-65.0131
-65.013
-65.013
-65.013
-65.013
-65.0129
-65.0129
-65.0129
-65.0129
-65.0129
-65.0129
-65.0128
-65.0128
-65.0128
-65.0128
-65.0128
-65.0128
-65.0127
-65.0127
-65.0127
-65.0127
-65.0127
-65.0127
-65.0127
-65.0127
-65.0126
-65.0126
-65.0126
-65.0126
-65.0126
-65.0126
-65.0126
-65.0126
-65.0126
-65.0126
-65.0125
-65.0125
-65.0125
-65.0125
-65.0125
-65.0125
-65.0125
-65.0125
-65.0125
-65.0125
-65.0125
-65.0125
-65.0125
-65.0124
-65.0124
-65.0124
-65.0124
-65.0124
-65.0124
-65.0124
-65.0124
-65.0124
-65.0124
-65.0124
-65.0124
-65.0124
-65.0124
-65.0124
-65.0124
-65.0124
-65.0124
-65.0124
-65.0124
-65.0124
-65.0124
-65.0124
-65.0123
-65.0123
-65.0123
-65.0123
-65.0123
-65.0123
-65.0123
-65.0123
-65.0123
-65.0123
-65.0123
-65.0123
-65.0123
-65.0123
-65.0123
-65.0123
-65.0123
-65.0123
-65.0123
-65.0123
-65.0123
-65.0123
-65.0123
-65.0123
-65.0123
-65.0123
-65.0123
-65.0123
-65.0123
-65.0123
-65.0123
-65.0123
-65.0123
-65.0123
-65.0123
-65.0123
-65.0123
-65.0123
-65.0123
-65.0123
-65.0123
-65.0123
-65.0123
-65.0123
-65.0123
-65.0123
-65.0123
-65.0123
-65.0123
-65.0123
-65.0123
-65.0123
-65.0123
-65.0123
-65.0123
-65.0123
-65.0123
-65.0123
-65.0123
-65.0123
-65.0123
-65.0123
-65.0123
-65.0123
-65.0123
-65.0123
-65.0123
-65.0123
-65.0123
-65.0123
-65.0123
-65.0123
-65.0123
-65.0123
-64.7657
-64.5631
-64.4124
-64.305
-64.2215
-64.1548
-64.1013
-64.0585
-64.0247
-63.9986
-63.9789
-63.9648
-63.9553
-63.9499
-63.9479
-63.9489
-63.9525
-63.9582
-63.9658
-63.975
-63.9855
-63.9972
-64.0098
-64.0233
-64.0374
-64.052
-64.0671
-64.0826
-64.0983
-64.1142
-64.1302
-64.1463
-64.1624
-64.1784
-64.0909
-63.8571
-63.704
-63.5923
-63.5149
-63.4565
-63.4123
-63.3796
-63.3565
-63.3413
-63.3327
-63.3299
-63.3318
-63.3377
-63.3472
-63.3595
-63.3743
-63.3912
-63.4098
-63.2316
-63.1099
-62.9888
-62.5466
-62.2137
-61.7407
-61.2744
-60.8558
-60.0159
-59.3197
-58.4673
-57.7173
-56.9864
-56.461
-56.0625
-55.6378
-55.1535
-54.6716
-54.1296
-53.7387
-53.3594
-53.0629
-52.8433
-52.6842
-52.571
-52.4952
-52.4492
-52.3934
-52.3729
-52.3775
-52.3702
-52.393
-52.3836
-52.3803
-52.337
-52.2545
-52.2303
-52.2429
-52.2861
-52.3287
-52.3337
-52.3649
-52.4026
-52.4126
-52.4021
-52.4329
-52.493
-52.5698
-52.6279
-52.6719
-52.7004
-52.7454
-52.7779
-52.8453
-52.9345
-53.0419
-53.1624
-53.2938
-53.4344
-53.5828
-53.7379
-53.8982
-54.0255
-54.1618
-54.3081
-54.4632
-54.5862
-54.7136
-54.8051
-54.9181
-55.0445
-55.1446
-55.1958
-55.2781
-55.3394
-55.2457
-55.0957
-54.9252
-54.8316
-54.7725
-54.7184
-54.5987
-54.4486
-54.149
-53.77
-53.3629
-52.8976
-52.404
-51.9351
-51.5228
-51.0148
-50.5736
-50.1819
-49.8661
-49.5871
-49.287
-49.0041
-48.7601
-48.5378
-48.301
-48.0451
-47.7503
-47.4382
-47.1146
-46.7568
-46.3343
-45.8091
-45.104
-44.0653
-42.2556
-37.5594
23.8151
17.215
-24.0715
-50.8379
-59.6837
-62.2024
-63.089
-63.4547
-63.6077
-63.6681
-63.6878
-63.6901
-63.6854
-63.6783
-63.6711
-63.6644
-63.6587
-63.6542
-63.6507
-63.6482
-63.6466
-63.6459
-63.646
-63.6468
-63.6482
-63.6502
-63.6528
-63.6558
-63.6592
-63.663
-63.6672
-63.6716
-63.6763
-63.6813
-63.6864
-63.6917
-63.6972
-63.7028
-63.7085
-63.7143
-63.7202
-63.7262
-63.7322
-63.7382
-63.7442
-63.7503
-63.7564
-63.7624
-63.7685
-63.7746
-63.7806
-63.7866
-63.7926
-63.7985
-63.8044
-63.8103
-63.8162
-63.822
-63.8277
-63.8335
-63.8067
-63.6961
-63.6238
-63.5704
-63.5334
-63.4862
-63.3076
-63.1726
-63.0721
-63.0004
-62.9459
-62.756
-62.4074
-62.0594
-61.7493
-61.3504
-60.5891
-59.5709
-58.6635
-57.6697
-56.8836
-56.2959
-55.7516
-55.3376
-54.8427
-54.4483
-54.1538
-53.9383
-53.7809
-53.6323
-53.4616
-53.3472
-53.2777
-53.2468
-53.2448
-53.2047
-53.157
-53.1238
-53.0855
-53.09
-53.1022
-53.1107
-53.1018
-53.1226
-53.1723
-53.1839
-53.1383
-53.0582
-52.9823
-52.8966
-52.7962
-52.7246
-52.6908
-52.6987
-52.7364
-52.7974
-52.8773
-52.9733
-53.0765
-53.1553
-53.2577
-53.3754
-53.5067
-53.6476
-53.7963
-53.9512
-54.1115
-54.2395
-54.3765
-54.5235
-54.679
-54.8395
-55.0033
-55.1695
-55.3372
-55.5061
-55.6352
-55.775
-55.9212
-56.073
-56.2022
-56.2717
-56.1989
-56.0774
-55.8637
-55.6657
-55.4609
-55.3476
-55.2686
-55.1763
-55.0351
-54.8027
-54.6226
-54.4801
-54.3482
-54.1328
-53.8449
-53.5476
-53.1641
-52.7884
-52.4032
-52.1281
-51.8087
-51.4959
-51.2301
-50.9964
-50.818
-50.6742
-50.5471
-50.457
-50.3684
-50.3118
-50.2137
-50.0618
-49.9042
-49.6894
-49.4537
-49.2727
-49.1287
-48.9845
-48.8677
-48.7685
-48.6839
-48.6101
-48.545
-48.4871
-48.4351
-48.388
-48.3441
-48.3026
-48.2624
-48.2225
-48.1823
-48.1409
-48.0971
-48.0496
-47.9972
-47.938
-47.8703
-47.7918
-47.6997
-47.59
-47.4571
-47.2934
-47.0898
-46.8318
-46.4954
-46.0422
-45.3975
-44.3993
-42.5648
-36.9252
32.5867
8.98213
-30.3892
-55.2038
-62.6157
-64.8516
-65.6843
-66.0389
-66.1953
-66.2636
-66.2903
-66.2957
-66.2891
-66.275
-66.2556
-66.2324
-66.2062
-66.1776
-66.1471
-66.115
-66.0817
-66.0474
-66.0124
-65.9768
-65.9409
-65.9048
-65.8685
-65.8323
-65.7961
-65.7602
-65.7246
-65.6893
-65.6543
-65.6199
-65.5859
-65.5524
-65.5194
-65.487
-65.4552
-65.4241
-65.3935
-65.3635
-65.3342
-65.3054
-65.2774
-65.2499
-65.2231
-65.1969
-65.1714
-65.1465
-65.0688
-64.9301
-64.6487
-64.2179
-63.9069
-63.5908
-63.2948
-63.0321
-62.8207
-62.4897
-62.1675
-61.8449
-61.5292
-61.243
-61.0305
-60.7833
-59.7476
-58.5059
-57.5918
-56.9354
-56.4515
-55.9776
-55.6073
-55.2257
-54.934
-54.648
-54.4223
-54.2607
-54.1514
-54.0826
-54.021
-53.9867
-53.9302
-53.7633
-53.6317
-53.4685
-53.3567
-53.2754
-53.2325
-53.1589
-53.0814
-53.0177
-52.976
-52.9767
-53.0075
-52.9913
-52.7989
-52.6087
-52.4885
-52.433
-52.4213
-52.4408
-52.485
-52.5501
-52.6331
-52.7318
-52.844
-52.9683
-53.1029
-53.2441
-53.3582
-53.4898
-53.6111
-53.7246
-53.856
-53.9988
-54.1508
-54.3088
-54.4716
-54.6383
-54.8078
-54.9793
-55.1522
-55.326
-55.5001
-55.6742
-55.8479
-56.0208
-56.1924
-56.3627
-56.452
-56.541
-56.5452
-56.554
-56.5611
-56.6057
-56.6729
-56.7199
-56.7723
-56.8445
-56.9061
-56.9502
-56.9727
-57.025
-57.0956
-57.154
-57.1552
-57.1023
-56.9234
-56.7544
-56.4972
-56.2217
-55.8389
-55.4722
-55.0799
-54.6849
-54.2453
-53.8651
-53.4194
-52.952
-52.5026
-52.1889
-51.888
-51.6107
-51.3888
-51.1923

