-70
-70.0758
-70.1508
-70.225
-70.2983
-70.3706
-70.4419
-70.5122
-70.5814
-70.6496
-70.7168
-70.7829
-70.848
-70.9121
-70.9752
-71.0373
-71.0984
-71.1586
-71.2178
-71.2761
-71.3334
-71.3899
-71.4455
-71.5003
-71.5543
-71.6074
-71.6598
-71.7114
-71.7623
-71.8124
-71.8619
-71.9106
-71.9587
-72.006
-72.0527
-72.0988
-72.1442
-72.1889
-72.2331
-72.2766
-72.3196
-72.362
-72.4038
-72.445
-72.4857
-72.5258
-72.5654
-72.6045
-72.6431
-72.6812
-72.7188
-72.756
-72.7927
-72.8289
-72.8647
-72.9
-72.9349
-72.9694
-73.0035
-73.0371
-73.0704
-73.1032
-73.1357
-73.1678
-73.1994
-73.2307
-73.2617
-73.2922
-73.3224
-73.3523
-73.3817
-73.4109
-73.4397
-73.4682
-73.4963
-73.5241
-73.5516
-73.5788
-73.6057
-73.6323
-73.6585
-73.6845
-73.7102
-73.7356
-73.7608
-73.7857
-73.8103
-73.8346
-73.8587
-73.8825
-73.9061
-73.9294
-73.9524
-73.9753
-73.9979
-74.0202
-74.0423
-74.0642
-74.0859
-74.1073
-74.1285
-74.1495
-74.1703
-74.1909
-74.2112
-74.2313
-74.2513
-74.271
-74.2905
-74.3098
-74.329
-74.3479
-74.3666
-74.3852
-74.4036
-74.4217
-74.4397
-74.4575
-74.4752
-74.4926
-74.5099
-74.527
-74.544
-74.5607
-74.5774
-74.5938
-74.6101
-74.6262
-74.6422
-74.658
-74.6736
-74.6891
-74.7045
-74.7197
-74.7347
-74.7496
-74.7644
-74.779
-74.7935
-74.8079
-74.8221
-74.8362
-74.8501
-74.864
-74.8777
-74.8913
-74.9047
-74.918
-74.9313
-74.9443
-74.9573
-74.9701
-74.9829
-74.9955
-75.008
-75.0204
-75.0327
-75.0448
-75.0569
-75.0688
-75.0806
-75.0924
-75.104
-75.1155
-75.1269
-75.1382
-75.1495
-75.1606
-75.1716
-75.1825
-75.1933
-75.204
-75.2147
-75.2252
-75.2356
-75.246
-75.2562
-75.2664
-75.2764
-75.2864
-75.2963
-75.3061
-75.3158
-75.3255
-75.335
-75.3445
-75.3538
-75.3631
-75.3724
-75.3815
-75.3906
-75.3995
-75.4084
-75.4172
-75.426
-75.4346
-75.4432
-75.4518
-75.4602
-75.4686
-75.4769
-75.4851
-75.4932
-75.5013
-75.5093
-75.5173
-75.5251
-75.533
-75.5407
-75.5484
-75.556
-75.5635
-75.571
-75.5784
-75.5858
-75.593
-75.6003
-75.6074
-75.6145
-75.6216
-75.6285
-75.6355
-75.6423
-75.6491
-75.6559
-75.6626
-75.6692
-75.6758
-75.6823
-75.6888
-75.6952
-75.7015
-75.7078
-75.7141
-75.7203
-75.7264
-75.7325
-75.7386
-75.7446
-75.7505
-75.7564
-75.7622
-75.768
-75.7738
-75.7795
-75.7851
-75.7907
-75.7963
-75.8018
-75.8072
-75.8127
-75.818
-75.8234
-75.8287
-75.8339
-75.8391
-75.8443
-75.8494
-75.8545
-75.8595
-75.8645
-75.8695
-75.8744
-75.8793
-75.8841
-75.8889
-75.8937
-75.8984
-75.9031
-75.9077
-75.9123
-75.9169
-75.9214
-75.9259
-75.9304
-75.9348
-75.9392
-75.9436
-75.9479
-75.9522
-75.9565
-75.9607
-75.9649
-75.969
-75.9731
-75.9772
-75.9813
-75.9853
-75.9893
-75.9933
-75.9972
-76.0011
-76.005
-76.0088
-76.0126
-76.0164
-76.0201
-76.0239
-76.0275
-76.0312
-76.0348
-76.0384
-76.042
-76.0456
-76.0491
-76.0526
-76.056
-76.0595
-76.0629
-76.0663
-76.0696
-76.0729
-76.0762
-76.0795
-76.0828
-76.086
-76.0892
-76.0924
-76.0955
-76.0986
-76.1017
-76.1048
-76.1079
-76.1109
-76.1139
-76.1169
-76.1198
-76.1228
-76.1257
-76.1286
-76.1314
-76.1343
-76.1371
-76.1399
-76.1427
-76.1455
-76.1482
-76.1509
-76.1536
-76.1563
-76.1589
-76.1615
-76.1642
-76.1667
-76.1693
-76.1719
-76.1744
-76.1769
-76.1794
-76.1819
-76.1843
-76.1868
-76.1892
-76.1916
-76.1939
-76.1963
-76.1986
-76.201
-76.2033
-76.2056
-76.2078
-76.2101
-76.2123
-76.2145
-76.2167
-76.2189
-76.2211
-76.2232
-76.2254
-76.2275
-76.2296
-76.2317
-76.2337
-76.2358
-76.2378
-76.2398
-76.2418
-76.2438
-76.2458
-76.2478
-76.2497
-76.2516
-76.2536
-76.2554
-76.2573
-76.2592
-76.2611
-76.2629
-76.2647
-76.2665
-76.2683
-76.2701
-76.2719
-76.2737
-76.2754
-76.2771
-76.2788
-76.2806
-76.2822
-76.2839
-76.2856
-76.2872
-76.2889
-76.2905
-76.2921
-76.2937
-76.2953
-76.2969
-76.2985
-76.3
-76.3016
-76.3031
-76.3046
-76.3061
-76.3076
-76.3091
-76.3106
-76.312
-76.3135
-76.3149
-76.3164
-76.3178
-76.3192
-76.3206
-76.322
-76.3233
-76.3247
-76.3261
-76.3274
-76.3287
-76.33
-76.3314
-76.3327
-76.334
-76.3352
-76.3365
-76.3378
-76.339
-76.3403
-76.3415
-76.3427
-76.3439
-76.3452
-76.3464
-76.3475
-76.3487
-76.3499
-76.351
-76.3522
-76.3533
-76.3545
-76.3556
-76.3567
-76.3578
-76.3589
-76.36
-76.3611
-76.3622
-76.3632
-76.3643
-76.3654
-76.3664
-76.3674
-76.3685
-76.3695
-76.3705
-76.3715
-76.3725
-76.3735
-76.3745
-76.3754
-76.3764
-76.3774
-76.3783
-76.3793
-76.3802
-76.3811
-76.382
-76.383
-76.3839
-76.3848
-76.3857
-76.3866
-76.3874
-76.3883
-76.3892
-76.39
-76.3909
-76.3917
-76.3926
-76.3934
-76.3943
-76.3951
-76.3959
-76.3967
-76.3975
-76.3983
-76.3991
-76.3999
-76.4007
-76.4014
-76.4022
-76.403
-76.4037
-76.4045
-76.4052
-76.406
-75.9818
-71.7886
-65.0296
-57.5853
-46.0989
22.0819
-21.2294
-62.5535
-78.5589
-78.5121
-78.3356
-77.4609
-76.0027
-73.0718
-71.7468
-70.9992
-70.3449
-69.7121
-69.0916
-68.4851
-66.8743
-64.0935
-60.1637
-57.4783
-54.856
-47.0878
21.2751
-22.7478
-63.8148
-78.5036
-78.5538
-78.3882
-78.202
-78.0002
-77.7837
-77.5534
-77.3108
-74.7538
-71.6999
-66.1664
-62.9524
-61.2038
-59.9974
-60.7661
-62.313
-63.1259
-63.4933
-63.6418
-63.6826
-63.6713
-63.6373
-64.2515
-65.2652
-65.9621
-66.4313
-66.7588
-66.9959
-67.1746
-67.3151
-67.4303
-67.5289
-67.6166
-67.6972
-67.7736
-67.8475
-67.9495
-68.757
-69.5337
-70.1283
-70.5898
-70.9545
-71.2474
-71.4863
-70.388
-67.0705
-64.5236
-62.677
-59.7778
-56.3095
-49.953
31.4942
-18.0445
-53.6623
-78.0413
-78.1677
-77.9612
-76.4747
-75.6482
-73.7922
-72.7673
-72.0989
-69.9145
-68.3448
-67.3694
-66.6136
-64.5501
-62.5469
-60.1039
-58.248
-57.5501
-56.7239
-55.2808
-52.1905
37.009
-7.59463
-38.459
-77.2678
-78.6996
-78.5761
-78.2475
-78.0255
-77.7593
-77.5169
-77.2303
-76.9883
-76.7724
-76.566
-76.3454
-76.1203
-75.9451
-75.7985
-75.6694
-75.5534
-75.4485
-75.3536
-75.2678
-75.1907
-75.1217
-75.0602
-75.0058
-74.9579
-74.916
-74.8797
-74.8485
-74.822
-74.7997
-74.7813
-74.7664
-74.7546
-74.7457
-74.7394
-74.7353
-74.7333
-74.7331
-74.7345
-74.7373
-74.7415
-74.8002
-74.9245
-75.0281
-75.111
-75.1784
-75.2338
-75.2801
-75.3192
-75.3527
-75.3815
-75.4067
-75.4289
-75.4487
-75.4664
-75.4825
-75.4971
-75.5106
-75.369
-71.4864
-67.7772
-65.0087
-62.8836
-61.1488
-59.5626
-57.7853
-54.7941
-13.19
5.28154
-29.6387
-75.6782
-79.7189
-79.7331
-79.7
-79.662
-77.585
-76.6014
-74.945
-72.5623
-71.3403
-70.5354
-69.3377
-66.4105
-64.4959
-63.2634
-62.1807
-59.9355
-57.7124
-54.0552
-21.8018
2.87331
-30.836
-74.4927
-78.0172
-77.5266
-76.5275
-75.5343
-74.1843
-73.2427
-71.3496
-70.2028
-69.4248
-68.7494
-66.9862
-65.152
-63.1017
-61.0377
-58.5827
-56.2727
-53.0062
4.3154
-2.82821
-34.8276
-75.8888
-77.8985
-77.6994
-77.3423
-74.9052
-73.3682
-72.7026
-72.2913
-71.8327
-71.3537
-70.8776
-70.6556
-70.5473
-70.3294
-70.068
-69.7992
-69.5384
-69.2928
-69.066
-68.8597
-68.6745
-68.5789
-69.1571
-70.1423
-70.8507
-71.3136
-71.6266
-71.8453
-72.0032
-71.4954
-68.2567
-65.7145
-63.9795
-62.7439
-61.8209
-61.0938
-60.4878
-59.9467
-59.4312
-57.5667
-54.0417
-15.9522
1.77331
-31.9654
-75.3399
-78.1687
-77.1832
-76.3384
-75.9017
-75.4923
-75.0669
-74.1488
-71.875
-70.5405
-68.5262
-65.7678
-63.1802
-61.6158
-60.5437
-59.6678
-58.8494
-57.9404
-55.6387
-50.7212
37.7665
-15.9603
-48.852
-77.1639
-77.4127
-77.1352
-76.8245
-76.4918
-76.139
-75.768
-75.3817
-75.018
-74.765
-74.4941
-74.2096
-73.9267
-73.652
-73.3892
-73.1407
-72.9078
-72.6917
-72.7125
-72.8011
-72.8431
-72.8554
-72.8512
-73.0444
-73.2723
-73.4333
-73.5476
-73.6311
-73.6938
-73.8408
-74.0828
-74.266
-74.4006
-74.5022
-74.5806
-74.6426
-74.6926
-74.7337
-74.7683
-74.7978
-74.8986
-75.0284
-75.129
-75.2068
-75.2681
-75.3173
-75.3574
-75.3908
-75.4189
-75.4429
-75.4636
-75.4819
-75.4981
-75.5126
-75.5258
-75.5379
-75.5491
-75.5596
-75.5694
-75.5787
-75.5876
-75.5962
-75.6044
-75.6123
-75.62
-75.6275
-75.6349
-75.6421
-75.6491
-75.6561
-75.6629
-75.6696
-75.6763
-75.6828
-75.6893
-75.6958
-75.7021
-75.7084
-75.7146
-75.7208
-75.7269
-75.733
-75.739
-75.745
-75.7509
-75.7568
-75.7626
-75.7683
-75.7741
-75.7797
-75.7854
-75.7909
-72.5515
-68.5694
-65.5391
-62.9591
-57.369
-45.8414
21.2413
-21.7009
-63.4423
-78.5288
-78.4783
-78.2984
-77.5106
-76.2578
-75.6821
-74.5829
-71.2688
-69.1775
-68.0922
-67.3036
-66.62
-64.9213
-63.1106
-61.8807
-60.5798
-57.7928
-54.294
-38.4762
8.31544
-28.2877
-72.161
-77.7144
-77.5344
-77.1735
-75.0061
-73.5516
-72.8332
-72.2333
-71.6461
-69.5679
-67.9863
-66.9807
-66.2067
-65.5428
-64.6047
-62.359
-60.6748
-60.6409
-60.4018
-60.1632
-60.572
-61.5358
-62.1228
-62.4567
-62.6548
-62.7802
-62.8669
-62.9341
-62.9927
-63.0493
-63.8987
-65.0438
-65.8748
-66.4742
-66.9191
-67.4044
-68.44
-69.2534
-69.8327
-70.2572
-70.5765
-70.8229
-71.0175
-71.1747
-71.3044
-71.4136
-71.5074
-71.5895
-71.6626
-71.7286
-71.7892
-71.8455
-71.8984
-71.9485
-71.9965
-72.0428
-72.0876
-72.1312
-72.1739
-72.2157
-72.2568
-72.2973
-71.6721
-67.9884
-62.7252
-57.7732
-49.5821
29.8403
-18.1685
-54.4398
-78.2747
-78.3585
-78.1689
-77.2591
-75.3046
-73.3856
-71.5777
-70.62
-69.9094
-69.2558
-68.6259
-68.0153
-66.9185
-63.9628
-60.8682

