-70
-69.8623
-69.7285
-69.5983
-69.4718
-69.3487
-69.2291
-69.1128
-68.9997
-68.8897
-68.7828
-68.6789
-68.5778
-68.4795
-68.3839
-68.291
-68.2007
-68.1128
-68.0274
-67.9443
-67.8636
-67.7851
-67.7087
-67.6345
-67.5623
-67.4921
-67.4238
-67.3574
-67.2929
-67.2301
-67.1691
-67.1098
-67.0521
-66.996
-66.9414
-66.8884
-66.8368
-66.7866
-66.7378
-66.6904
-66.6443
-66.5994
-66.5558
-66.5133
-66.4721
-66.432
-66.393
-66.355
-66.3181
-66.2823
-66.2474
-66.2134
-66.1805
-66.1484
-66.1172
-66.0868
-66.0573
-66.0286
-66.0007
-65.9736
-65.9472
-65.9215
-65.8966
-65.8723
-65.8487
-65.8257
-65.8034
-65.7817
-65.7606
-65.74
-65.72
-65.7006
-65.6817
-65.6633
-65.6455
-65.6281
-65.6112
-65.5948
-65.5788
-65.5632
-65.5481
-65.5334
-65.5191
-65.5052
-65.4917
-65.4785
-65.4657
-65.4533
-65.4412
-65.4294
-65.418
-65.4068
-65.396
-65.3855
-65.3752
-65.3653
-65.3556
-65.3462
-65.337
-65.3281
-65.3194
-65.311
-65.3028
-65.2948
-65.2871
-65.2795
-65.2722
-65.2651
-65.2581
-65.2514
-65.2448
-65.2385
-65.2322
-65.2262
-65.2203
-65.2146
-65.2091
-65.2037
-65.1984
-65.1933
-65.1884
-65.1835
-65.1788
-65.1743
-65.1698
-65.1655
-65.1613
-65.1572
-65.1532
-65.1493
-65.1456
-65.1419
-65.1384
-65.1349
-65.1315
-65.1283
-65.1251
-65.122
-65.119
-65.1161
-65.1132
-65.1104
-65.1077
-65.1051
-65.1026
-65.1001
-65.0977
-65.0953
-65.0931
-65.0908
-65.0887
-65.0866
-65.0845
-65.0826
-65.0806
-65.0788
-65.0769
-65.0752
-65.0734
-65.0718
-65.0701
-65.0685
-65.067
-65.0655
-65.064
-65.0626
-65.0612
-65.0599
-65.0586
-65.0573
-65.0561
-65.0549
-65.0537
-65.0526
-65.0514
-65.0504
-65.0493
-65.0483
-65.0473
-65.0464
-65.0454
-65.0445
-65.0436
-65.0428
-65.0419
-65.0411
-65.0403
-65.0395
-65.0388
-65.0381
-65.0374
-65.0367
-65.036
-65.0353
-65.0347
-65.0341
-65.0335
-65.0329
-65.0323
-65.0318
-65.0313
-65.0307
-65.0302
-65.0297
-65.0293
-65.0288
-65.0283
-65.0279
-65.0275
-65.027
-65.0266
-65.0262
-65.0259
-65.0255
-65.0251
-65.0248
-65.0244
-65.0241
-65.0238
-65.0234
-65.0231
-65.0228
-65.0225
-65.0223
-65.022
-65.0217
-65.0215
-65.0212
-65.021
-65.0207
-65.0205
-65.0203
-65.02
-65.0198
-65.0196
-65.0194
-65.0192
-65.019
-65.0188
-65.0187
-65.0185
-65.0183
-65.0181
-65.018
-65.0178
-65.0177
-65.0175
-65.0174
-65.0172
-65.0171
-65.017
-65.0168
-65.0167
-65.0166
-65.0165
-65.0163
-65.0162
-65.0161
-65.016
-65.0159
-65.0158
-65.0157
-65.0156
-65.0155
-65.0154
-65.0153
-65.0153
-65.0152
-65.0151
-65.015
-65.0149
-65.0149
-65.0148
-65.0147
-65.0147
-65.0146
-65.0145
-65.0145
-65.0144
-65.0143
-65.0143
-65.0142
-65.0142
-65.0141
-65.0141
-65.014
-65.014
-65.0139
-65.0139
-65.0138
-65.0138
-65.0137
-65.0137
-65.0137
-65.0136
-65.0136
-65.0135
-65.0135
-65.0135
-65.0134
-65.0134
-65.0134
-65.0133
-65.0133
-65.0133
-65.0133
-65.0132
-65.0132
-65.0132
-65.0131
-65.0131
-65.0131
-65.0131
-65.0131
-65.013
-65.013
-65.013
-65.013
-65.0129
-65.0129
-65.0129
-65.0129
-65.0129
-65.0129
-65.0128
-65.0128
-65.0128
-65.0128
-65.0128
-65.0128
-65.0127
-65.0127
-65.0127
-65.0127
-65.0127
-65.0127
-65.0127
-65.0127
-65.0126
-65.0126
-65.0126
-65.0126
-65.0126
-65.0126
-65.0126
-65.0126
-65.0126
-65.0126
-65.0125
-65.0125
-65.0125
-65.0125
-65.0125
-65.0125
-65.0125
-65.0125
-65.0125
-65.0125
-65.0125
-65.0125
-65.0125
-65.0124
-65.0124
-65.0124
-65.0124
-65.0124
-65.0124
-65.0124
-65.0124
-65.0124
-65.0124
-65.0124
-65.0124
-65.0124
-65.0124
-65.0124
-65.0124
-65.0124
-65.0124
-65.0124
-65.0124
-65.0124
-65.0124
-65.0124
-65.0123
-65.0123
-65.0123
-65.0123
-65.0123
-65.0123
-65.0123
-65.0123
-65.0123
-65.0123
-65.0123
-65.0123
-65.0123
-65.0123
-65.0123
-65.0123
-65.0123
-65.0123
-65.0123
-65.0123
-65.0123
-65.0123
-65.0123
-65.0123
-65.0123
-65.0123
-65.0123
-65.0123
-65.0123
-65.0123
-65.0123
-65.0123
-65.0123
-65.0123
-65.0123
-65.0123
-65.0123
-65.0123
-65.0123
-65.0123
-65.0123
-65.0123
-65.0123
-65.0123
-65.0123
-65.0123
-65.0123
-65.0123
-65.0123
-65.0123
-65.0123
-65.0123
-65.0123
-65.0123
-65.0123
-65.0123
-65.0123
-65.0123
-65.0123
-65.0123
-65.0123
-65.0123
-65.0123
-65.0123
-65.0123
-65.0123
-65.0123
-65.0123
-65.0123
-65.0123
-65.0123
-65.0123
-65.0123
-65.0123
-64.7043
-64.4515
-64.2637
-64.1299
-64.026
-63.943
-63.8763
-63.8231
-63.7811
-63.7486
-63.7241
-63.7065
-63.6948
-63.688
-63.6856
-63.6868
-63.6912
-63.6983
-63.7077
-63.7191
-63.7322
-63.7467
-63.7624
-63.7792
-63.7967
-63.8149
-63.8337
-63.8529
-63.8724
-63.8922
-63.9121
-63.9321
-63.9522
-63.9722
-63.9405
-63.8356
-63.7707
-63.7264
-63.699
-63.681
-63.6701
-63.6648
-63.6641
-63.6672
-63.6735
-63.6824
-63.6936
-63.7067
-63.7213
-63.7372
-63.7541
-63.7719
-63.7637
-63.4613
-63.2547
-62.9393
-61.834
-61.0516
-60.2947
-59.4184
-58.6195
-57.5155
-56.6205
-55.5756
-54.7068
-53.8557
-53.2297
-52.7419
-52.322
-51.9461
-51.614
-51.2087
-50.8997
-50.6117
-50.3769
-50.1882
-49.979
-49.7321
-49.5021
-49.3151
-49.1242
-48.9276
-48.7313
-48.549
-48.3817
-48.1169
-47.8612
-47.5887
-47.2891
-46.9672
-46.5957
-46.1447
-45.5599
-44.7134
-43.4071
-40.8441
-30.3803
41.3135
-4.60662
-37.6875
-56.1039
-61.0881
-62.5957
-63.0918
-63.2519
-63.21
-63.0738
-62.933
-62.8118
-62.6095
-62.4031
-62.248
-62.1293
-62.0222
-61.8939
-61.7997
-61.6777
-61.5337
-61.3318
-61.1513
-61.0009
-60.8117
-60.5858
-60.35
-60.0582
-59.8365
-59.6484
-59.4356
-59.2648
-59.0836
-58.7201
-58.3788
-57.943
-57.5931
-57.2314
-56.8512
-56.359
-55.8876
-55.3804
-54.8713
-54.202
-53.5136
-52.7996
-52.2377
-51.7412
-51.3371
-50.9745
-50.6933
-50.4048
-50.1352
-49.8997
-49.6512
-49.3873
-49.1061
-48.8076
-48.5481
-48.276
-48.0024
-47.7383
-47.4675
-47.178
-46.8544
-46.4722
-46.0017
-45.3846
-44.5083
-43.0885
-40.0812
-22.762
36.1287
-12.0717
-44.2984
-59.1954
-63.2037
-64.4393
-64.8953
-65.0618
-65.1077
-65.1021
-65.0747
-65.0384
-64.9988
-64.9587
-64.9192
-64.8808
-64.8436
-64.8079
-64.7737
-64.7408
-64.7092
-64.6789
-64.6499
-64.6221
-64.5954
-64.5697
-64.5452
-64.5216
-64.4989
-64.4772
-64.4564
-64.4364
-64.4172
-64.3987
-64.381
-64.364
-64.3476
-64.332
-64.3169
-64.3024
-64.2885
-64.2751
-64.2623
-64.25
-64.2382
-64.2268
-64.2159
-64.2054
-64.1954
-64.1857
-64.1765
-64.1676
-64.1591
-64.1509
-64.1218
-64.029
-63.8191
-63.6692
-63.5558
-63.4713
-63.4035
-63.216
-63.0346
-62.8998
-62.7992
-62.647
-62.2881
-61.7152
-61.2052
-60.8294
-60.2563
-59.0879
-57.8473
-56.8737
-55.8071
-54.8989
-54.2143
-53.669
-53.2238
-52.7372
-52.348
-52.0481
-51.819
-51.6431
-51.4749
-51.3113
-51.1969
-51.0943
-50.9743
-50.8889
-50.8385
-50.6895
-50.4827
-50.3452
-50.2534
-50.1368
-50.052
-49.9717
-49.9263
-49.9048
-49.8747
-49.725
-49.5812
-49.4841
-49.422
-49.3848
-49.3655
-49.335
-49.3123
-49.3087
-49.3011
-49.2472
-49.1577
-49.0588
-48.9937
-48.9507
-48.8572
-48.7642
-48.6549
-48.5704
-48.4586
-48.2798
-48.1214
-47.9707
-47.821
-47.6624
-47.4887
-47.2925
-47.0618
-46.777
-46.3874
-45.8771
-45.1366
-44.0539
-42.1222
-36.9289
29.3756
12.5406
-28.4027
-54.9178
-62.6802
-64.5812
-64.8769
-64.7893
-64.556
-64.274
-63.9137
-63.5969
-63.1961
-62.7751
-62.1579
-61.5045
-60.8899
-60.2423
-59.6233
-58.9701
-58.2156
-57.6033
-56.9919
-56.408
-55.9349
-55.5794
-55.2881
-54.9822
-54.7392
-54.5518
-54.3993
-54.261
-54.1259
-53.9603
-53.8543
-53.7943
-53.7574
-53.689
-53.6325
-53.6041
-53.5875
-53.6059
-53.6485
-53.687
-53.7309
-53.798
-53.8828
-53.9821
-54.0926
-54.2124
-54.3403
-54.475
-54.6154
-54.7606
-54.9096
-55.0617
-55.2163
-55.3729
-55.5309
-55.6898
-55.8492
-56.0087
-56.1678
-56.3264
-56.4841
-56.6408
-56.7963
-56.9503
-57.1026
-57.2532
-57.4018
-57.5485
-57.6932
-57.8357
-57.976
-58.114
-58.2497
-58.383
-58.5139
-58.6425
-58.7687
-58.8925
-59.0139
-59.1329
-59.2495
-59.3637
-59.4756
-59.5851
-59.6924
-59.7973
-59.9001
-60.0006
-60.0989
-60.195
-60.289
-60.3809
-60.4708
-60.5586
-60.6444
-60.7283
-60.8103
-60.8905
-60.9688
-61.0452
-61.12
-61.1929
-61.2642
-61.3338
-61.4018
-61.4682
-61.5331
-61.5965
-61.6583
-61.7188
-61.7778
-61.8354
-61.8917
-61.9466
-62.0003
-62.0527
-62.1039
-62.1538
-62.1834
-61.9675
-61.4663
-61.1256
-60.7278
-60.3855
-60.1368
-59.9399
-59.6844
-59.398
-59.1055
-58.7202
-58.3608
-58.1082
-57.6646
-56.1813
-54.9348
-54.0311
-53.3849
-52.8745
-52.3954
-52.0235
-51.7171
-51.4416
-51.1903
-50.9414
-50.7265
-50.5644
-50.4432
-50.3554
-50.2598
-50.0886
-49.7449
-49.4537
-49.1263
-48.7532
-48.4095
-48.1031
-47.7827
-47.4665
-47.1288
-46.7255
-46.2621
-45.6918
-44.8949
-43.6087
-41.2764
-33.5085
41.6589
0.894117
-35.7906
-58.1246
-64.1186
-65.719
-66.144
-66.1829
-66.1033
-65.9326
-65.7276
-65.5494
-65.3437
-65.1661
-64.987
-64.8086
-64.661
-64.535
-64.4268
-64.273
-64.0959
-63.9574
-63.8444
-63.7515
-63.6727
-63.6054
-63.5477
-63.4985
-63.4565
-63.3678
-63.2994
-63.2453
-63.204
-63.142
-63.0723
-62.977
-62.9082
-62.8564
-62.8183
-62.7894
-62.7589
-62.6842
-62.5805
-62.5082
-62.457
-62.3386
-62.2087
-62.0801
-61.8817
-61.4401
-60.8262
-60.2174
-59.6258
-58.9423
-58.2166
-57.5562
-56.7835
-55.9919
-55.3033
-54.4707
-53.8367
-53.3269
-52.9487
-52.6565
-52.419
-52.2018
-51.995

