-70
-70.0758
-70.1508
-70.225
-70.2983
-70.3706
-70.4419
-70.5122
-70.5814
-70.6496
-70.7168
-70.7829
-70.848
-70.9121
-70.9752
-71.0373
-71.0984
-71.1586
-71.2178
-71.2761
-71.3334
-71.3899
-71.4455
-71.5003
-71.5543
-71.6074
-71.6598
-71.7114
-71.7623
-71.8124
-71.8619
-71.9106
-71.9587
-72.006
-72.0527
-72.0988
-72.1442
-72.1889
-72.2331
-72.2766
-72.3196
-72.362
-72.4038
-72.445
-72.4857
-72.5258
-72.5654
-72.6045
-72.6431
-72.6812
-72.7188
-72.756
-72.7927
-72.8289
-72.8647
-72.9
-72.9349
-72.9694
-73.0035
-73.0371
-73.0704
-73.1032
-73.1357
-73.1678
-73.1994
-73.2307
-73.2617
-73.2922
-73.3224
-73.3523
-73.3817
-73.4109
-73.4397
-73.4682
-73.4963
-73.5241
-73.5516
-73.5788
-73.6057
-73.6323
-73.6585
-73.6845
-73.7102
-73.7356
-73.7608
-73.7857
-73.8103
-73.8346
-73.8587
-73.8825
-73.9061
-73.9294
-73.9524
-73.9753
-73.9979
-74.0202
-74.0423
-74.0642
-74.0859
-74.1073
-74.1285
-74.1495
-74.1703
-74.1909
-74.2112
-74.2313
-74.2513
-74.271
-74.2905
-74.3098
-74.329
-74.3479
-74.3666
-74.3852
-74.4036
-74.4217
-74.4397
-74.4575
-74.4752
-74.4926
-74.5099
-74.527
-74.544
-74.5607
-74.5774
-74.5938
-74.6101
-74.6262
-74.6422
-74.658
-74.6736
-74.6891
-74.7045
-74.7197
-74.7347
-74.7496
-74.7644
-74.779
-74.7935
-74.8079
-74.8221
-74.8362
-74.8501
-74.864
-74.8777
-74.8913
-74.9047
-74.918
-74.9313
-74.9443
-74.9573
-74.9701
-74.9829
-74.9955
-75.008
-75.0204
-75.0327
-75.0448
-75.0569
-75.0688
-75.0806
-75.0924
-75.104
-75.1155
-75.1269
-75.1382
-75.1495
-75.1606
-75.1716
-75.1825
-75.1933
-75.204
-75.2147
-75.2252
-75.2356
-75.246
-75.2562
-75.2664
-75.2764
-75.2864
-75.2963
-75.3061
-75.3158
-75.3255
-75.335
-75.3445
-75.3538
-75.3631
-75.3724
-75.3815
-75.3906
-75.3995
-75.4084
-75.4172
-75.426
-75.4346
-75.4432
-75.4518
-75.4602
-75.4686
-75.4769
-75.4851
-75.4932
-75.5013
-75.5093
-75.5173
-75.5251
-75.533
-75.5407
-75.5484
-75.556
-75.5635
-75.571
-75.5784
-75.5858
-75.593
-75.6003
-75.6074
-75.6145
-75.6216
-75.6285
-75.6355
-75.6423
-75.6491
-75.6559
-75.6626
-75.6692
-75.6758
-75.6823
-75.6888
-75.6952
-75.7015
-75.7078
-75.7141
-75.7203
-75.7264
-75.7325
-75.7386
-75.7446
-75.7505
-75.7564
-75.7622
-75.768
-75.7738
-75.7795
-75.7851
-75.7907
-75.7963
-75.8018
-75.8072
-75.8127
-75.818
-75.8234
-75.8287
-75.8339
-75.8391
-75.8443
-75.8494
-75.8545
-75.8595
-75.8645
-75.8695
-75.8744
-75.8793
-75.8841
-75.8889
-75.8937
-75.8984
-75.9031
-75.9077
-75.9123
-75.9169
-75.9214
-75.9259
-75.9304
-75.9348
-75.9392
-75.9436
-75.9479
-75.9522
-75.9565
-75.9607
-75.9649
-75.969
-75.9731
-75.9772
-75.9813
-75.9853
-75.9893
-75.9933
-75.9972
-76.0011
-76.005
-76.0088
-76.0126
-76.0164
-76.0201
-76.0239
-76.0275
-76.0312
-76.0348
-76.0384
-76.042
-76.0456
-76.0491
-76.0526
-76.056
-76.0595
-76.0629
-76.0663
-76.0696
-76.0729
-76.0762
-76.0795
-76.0828
-76.086
-76.0892
-76.0924
-76.0955
-76.0986
-76.1017
-76.1048
-76.1079
-76.1109
-76.1139
-76.1169
-76.1198
-76.1228
-76.1257
-76.1286
-76.1314
-76.1343
-76.1371
-76.1399
-76.1427
-76.1455
-76.1482
-76.1509
-76.1536
-76.1563
-76.1589
-76.1615
-76.1642
-76.1667
-76.1693
-76.1719
-76.1744
-76.1769
-76.1794
-76.1819
-76.1843
-76.1868
-76.1892
-76.1916
-76.1939
-76.1963
-76.1986
-76.201
-76.2033
-76.2056
-76.2078
-76.2101
-76.2123
-76.2145
-76.2167
-76.2189
-76.2211
-76.2232
-76.2254
-76.2275
-76.2296
-76.2317
-76.2337
-76.2358
-76.2378
-76.2398
-76.2418
-76.2438
-76.2458
-76.2478
-76.2497
-76.2516
-76.2536
-76.2554
-76.2573
-76.2592
-76.2611
-76.2629
-76.2647
-76.2665
-76.2683
-76.2701
-76.2719
-76.2737
-76.2754
-76.2771
-76.2788
-76.2806
-76.2822
-76.2839
-76.2856
-76.2872
-76.2889
-76.2905
-76.2921
-76.2937
-76.2953
-76.2969
-76.2985
-76.3
-76.3016
-76.3031
-76.3046
-76.3061
-76.3076
-76.3091
-76.3106
-76.312
-76.3135
-76.3149
-76.3164
-76.3178
-76.3192
-76.3206
-76.322
-76.3233
-76.3247
-76.3261
-76.3274
-76.3287
-76.33
-76.3314
-76.3327
-76.334
-76.3352
-76.3365
-76.3378
-76.339
-76.3403
-76.3415
-76.3427
-76.3439
-76.3452
-76.3464
-76.3475
-76.3487
-76.3499
-76.351
-76.3522
-76.3533
-76.3545
-76.3556
-76.3567
-76.3578
-76.3589
-76.36
-76.3611
-76.3622
-76.3632
-76.3643
-76.3654
-76.3664
-76.3674
-76.3685
-76.3695
-76.3705
-76.3715
-76.3725
-76.3735
-76.3745
-76.3754
-76.3764
-76.3774
-76.3783
-76.3793
-76.3802
-76.3811
-76.382
-76.383
-76.3839
-76.3848
-76.3857
-76.3866
-76.3874
-76.3883
-76.3892
-76.39
-76.3909
-76.3917
-76.3926
-76.3934
-76.3943
-76.3951
-76.3959
-76.3967
-76.3975
-76.3983
-76.3991
-76.3999
-76.4007
-76.4014
-76.4022
-76.403
-76.4037
-76.4045
-76.4052
-76.406
-76.4067
-76.4074
-73.0964
-69.0272
-65.9309
-63.5565
-61.6425
-59.9397
-58.1142
-55.2494
-31.3797
9.73798
-27.4461
-73.5564
-79.0274
-78.9617
-78.8359
-78.6967
-78.5451
-78.3812
-78.2055
-77.1501
-75.153
-73.9654
-73.1817
-72.5563
-72.0065
-71.5018
-71.031
-70.7749
-71.3117
-71.6829
-71.8685
-71.954
-71.9847
-71.9856
-71.9707
-71.9485
-71.0668
-68.2402
-66.6102
-65.6277
-64.9904
-64.5659
-64.28
-64.0891
-63.9652
-63.8906
-63.854
-63.8474
-64.8891
-65.997
-66.8333
-67.4688
-68.246
-69.362
-70.1935
-70.792
-71.2344
-71.5692
-71.8283
-72.0329
-72.1978
-72.333
-72.4457
-72.5414
-72.6238
-72.6959
-72.7598
-72.8172
-72.8694
-72.9174
-73.1311
-73.4688
-73.7391
-73.951
-74.12
-71.6648
-68.1987
-65.7065
-63.9164
-62.5768
-61.5192
-60.6244
-59.7972
-58.9427
-57.9161
-56.3276
-50.6831
34.8557
-16.2521
-50.7604
-78.9374
-79.2756
-79.1949
-79.0972
-78.5918
-77.1335
-76.3951
-75.9694
-75.6364
-75.3416
-75.0584
-74.7838
-74.5183
-74.2636
-74.021
-73.7919
-73.69
-73.6834
-73.6474
-73.593
-73.5316
-73.4694
-73.4097
-73.4713
-73.8606
-74.1705
-74.369
-74.4999
-74.5893
-74.6524
-74.6984
-74.7329
-74.7598
-74.7813
-74.8931
-75.0047
-75.0879
-75.151
-75.2
-75.2389
-75.2704
-75.2965
-75.3185
-75.3375
-75.354
-75.3687
-75.382
-75.3942
-75.4054
-75.4159
-75.4259
-75.4354
-75.4445
-75.4533
-75.4619
-75.4703
-75.4785
-75.4865
-75.4944
-75.5023
-75.51
-75.5177
-75.5253
-75.5328
-75.5402
-75.5477
-75.555
-75.5623
-75.5696
-75.5768
-75.5839
-75.5911
-75.4436
-71.5283
-67.7561
-64.9133
-62.7092
-60.8827
-59.1595
-57.0737
-52.5371
42.6601
-10.4011
-41.8795
-79.0211
-79.7342
-79.7122
-79.6757
-79.635
-79.5901
-79.5412
-79.4881
-79.4312
-79.3706
-79.3068
-78.4987
-74.7433
-72.0052
-70.182
-68.863
-67.849
-67.0351
-66.3627
-65.7968
-63.9504
-61.7987
-60.0148
-58.2988
-56.0597
-49.7469
30.5516
-18.2481
-55.3225
-78.71
-78.7647
-78.6207
-78.3886
-78.1894
-77.9987
-77.7998
-77.5919
-75.6264
-74.1441
-73.2868
-72.6692
-72.1556
-71.9504
-71.8249
-71.6532
-71.4622
-71.5846
-70.6114
-68.4455
-66.9782
-66.0278
-65.3834
-65.3912
-66.0103
-66.4673
-66.783
-67.1511
-68.0583
-68.7558
-69.2371
-69.581
-69.8349
-70.0283
-70.1803
-70.3033
-70.4058
-70.4935
-70.5706
-70.64
-70.7036
-70.7631
-70.8195
-70.272
-66.9806
-64.2015
-62.1259
-60.4616
-58.9508
-57.2598
-54.4461
-28.5612
5.65267
-29.6782
-75.0598
-79.6481
-79.6775
-79.6387
-79.5937
-79.544
-78.1279
-76.2717
-75.3793
-74.8023
-74.3168
-73.8642
-73.4281
-73.005
-72.5959
-71.3332
-68.6258
-66.5281
-64.987
-63.8013
-62.8494
-62.0528
-61.4042
-62.4778
-64.7073
-66.0599
-65.7032
-65.3895
-65.2053
-65.0972
-65.037
-65.0092
-65.0048
-65.0181
-65.0455
-65.0847
-65.1339
-65.192
-65.4221
-66.4077
-67.2591
-67.9061
-68.4074
-68.8035
-69.6246
-70.4609
-71.2949
-72.1556
-72.7586
-73.1803
-73.4839
-73.7086
-73.8788
-74.0106
-74.1148
-74.1988
-74.2678
-74.3252
-74.374
-74.416
-74.4526
-74.485
-74.5141
-74.5406
-74.5648
-74.5873
-74.6083
-74.6281
-74.647
-74.665
-74.6823
-74.6991
-74.7153
-74.7312
-74.7467
-74.7618
-74.7767
-74.7913
-74.8058
-74.82
-74.8341
-74.8479
-74.8617
-74.8753
-74.9068
-75.0237
-75.1291
-75.2136
-75.2822
-75.3388
-75.3859
-75.4256
-75.4595
-75.4887
-75.5141
-75.5364
-75.5561
-75.5737
-75.5895
-75.6039
-75.617
-75.6292
-75.6404
-75.6509
-75.6607
-75.67
-75.6788
-75.6872
-75.6953
-75.703
-75.7105
-75.7177
-75.7247
-75.7316
-75.7382
-75.7447
-75.7511
-75.7574
-75.7636
-75.7696
-75.7756
-75.7815
-75.3677
-71.2352
-67.5123
-64.7122
-62.5328
-60.7109
-58.9589
-56.7472
-51.1779
36.1028
-14.8122
-48.6491
-78.9606
-78.8307
-78.6486
-78.4864
-78.3107
-78.1208
-77.9171
-77.7004
-77.4721
-76.5406
-74.1175
-72.4881
-71.406
-70.6013
-70.3531
-70.1765
-69.9669
-70.1427
-70.2965
-68.3589
-66.6114
-65.461
-64.6741
-64.1147
-63.7059
-63.4012
-63.1733
-63.1179
-64.1131
-64.6916
-63.9322
-63.8683
-63.8964
-63.9335
-63.9782
-64.0299
-64.088
-64.1524
-64.8364
-65.9276
-66.7368
-67.3253
-67.7653
-68.1033
-68.3697
-68.5853
-68.764
-68.9155
-69.0469
-69.1632
-69.268
-69.3642
-69.4536
-69.5379
-69.6182
-69.6954
-69.7701
-69.8429
-69.914
-69.9839
-70.0527
-70.1205
-70.1876
-70.2539
-70.3195
-70.3846
-70.449
-70.5129
-70.5763
-70.6391
-70.7013
-70.763
-70.8241
-70.8846
-70.9445
-71.0038
-71.0624
-70.4835
-66.9654
-63.9391
-61.6178
-59.6718
-57.7143
-54.8308
-35.6136
8.81457
-28.0577
-73.6808
-79.0856
-78.6148
-78.4062
-78.219
-78.0184
-77.8031
-77.574
-77.3323
-77.08
-76.1165
-73.5712
-71.8817

