-70
-70.0758
-70.1508
-70.225
-70.2983
-70.3706
-70.4419
-70.5122
-70.5814
-70.6496
-70.7168
-70.7829
-70.848
-70.9121
-70.9752
-71.0373
-71.0984
-71.1586
-71.2178
-71.2761
-71.3334
-71.3899
-71.4455
-71.5003
-71.5543
-71.6074
-71.6598
-71.7114
-71.7623
-71.8124
-71.8619
-71.9106
-71.9587
-72.006
-72.0527
-72.0988
-72.1442
-72.1889
-72.2331
-72.2766
-72.3196
-72.362
-72.4038
-72.445
-72.4857
-72.5258
-72.5654
-72.6045
-72.6431
-72.6812
-72.7188
-72.756
-72.7927
-72.8289
-72.8647
-72.9
-72.9349
-72.9694
-73.0035
-73.0371
-73.0704
-73.1032
-73.1357
-73.1678
-73.1994
-73.2307
-73.2617
-73.2922
-73.3224
-73.3523
-73.3817
-73.4109
-73.4397
-73.4682
-73.4963
-73.5241
-73.5516
-73.5788
-73.6057
-73.6323
-73.6585
-73.6845
-73.7102
-73.7356
-73.7608
-73.7857
-73.8103
-73.8346
-73.8587
-73.8825
-73.9061
-73.9294
-73.9524
-73.9753
-73.9979
-74.0202
-74.0423
-74.0642
-74.0859
-74.1073
-74.1285
-74.1495
-74.1703
-74.1909
-74.2112
-74.2313
-74.2513
-74.271
-74.2905
-74.3098
-74.329
-74.3479
-74.3666
-74.3852
-74.4036
-74.4217
-74.4397
-74.4575
-74.4752
-74.4926
-74.5099
-74.527
-74.544
-74.5607
-74.5774
-74.5938
-74.6101
-74.6262
-74.6422
-74.658
-74.6736
-74.6891
-74.7045
-74.7197
-74.7347
-74.7496
-74.7644
-74.779
-74.7935
-74.8079
-74.8221
-74.8362
-74.8501
-74.864
-74.8777
-74.8913
-74.9047
-74.918
-74.9313
-74.9443
-74.9573
-74.9701
-74.9829
-74.9955
-75.008
-75.0204
-75.0327
-75.0448
-75.0569
-75.0688
-75.0806
-75.0924
-75.104
-75.1155
-75.1269
-75.1382
-75.1495
-75.1606
-75.1716
-75.1825
-75.1933
-75.204
-75.2147
-75.2252
-75.2356
-75.246
-75.2562
-75.2664
-75.2764
-75.2864
-75.2963
-75.3061
-75.3158
-75.3255
-75.335
-75.3445
-75.3538
-75.3631
-75.3724
-75.3815
-75.3906
-75.3995
-75.4084
-75.4172
-75.426
-75.4346
-75.4432
-75.4518
-75.4602
-75.4686
-75.4769
-75.4851
-75.4932
-75.5013
-75.5093
-75.5173
-75.5251
-75.533
-75.5407
-75.5484
-75.556
-75.5635
-75.571
-75.5784
-75.5858
-75.593
-75.6003
-75.6074
-75.6145
-75.6216
-75.6285
-75.6355
-75.6423
-75.6491
-75.6559
-75.6626
-75.6692
-75.6758
-75.6823
-75.6888
-75.6952
-75.7015
-75.7078
-75.7141
-75.7203
-75.7264
-75.7325
-75.7386
-75.7446
-75.7505
-75.7564
-75.7622
-75.768
-75.7738
-75.7795
-75.7851
-75.7907
-75.7963
-75.8018
-75.8072
-75.8127
-75.818
-75.8234
-75.8287
-75.8339
-75.8391
-75.8443
-75.8494
-75.8545
-75.8595
-75.8645
-75.8695
-75.8744
-75.8793
-75.8841
-75.8889
-75.8937
-75.8984
-75.9031
-75.9077
-75.9123
-75.9169
-75.9214
-75.9259
-75.9304
-75.9348
-75.9392
-75.9436
-75.9479
-75.9522
-75.9565
-75.9607
-75.9649
-75.969
-75.9731
-75.9772
-75.9813
-75.9853
-75.9893
-75.9933
-75.9972
-76.0011
-76.005
-76.0088
-76.0126
-76.0164
-76.0201
-76.0239
-76.0275
-76.0312
-76.0348
-76.0384
-76.042
-76.0456
-76.0491
-76.0526
-76.056
-76.0595
-76.0629
-76.0663
-76.0696
-76.0729
-76.0762
-76.0795
-76.0828
-76.086
-76.0892
-76.0924
-76.0955
-76.0986
-76.1017
-76.1048
-76.1079
-76.1109
-76.1139
-76.1169
-76.1198
-76.1228
-76.1257
-76.1286
-76.1314
-76.1343
-76.1371
-76.1399
-76.1427
-76.1455
-76.1482
-76.1509
-76.1536
-76.1563
-76.1589
-76.1615
-76.1642
-76.1667
-76.1693
-76.1719
-76.1744
-76.1769
-76.1794
-76.1819
-76.1843
-76.1868
-76.1892
-76.1916
-76.1939
-76.1963
-76.1986
-76.201
-76.2033
-76.2056
-76.2078
-76.2101
-76.2123
-76.2145
-76.2167
-76.2189
-76.2211
-76.2232
-76.2254
-76.2275
-76.2296
-76.2317
-76.2337
-76.2358
-76.2378
-76.2398
-76.2418
-76.2438
-76.2458
-76.2478
-76.2497
-76.2516
-76.2536
-76.2554
-76.2573
-76.2592
-76.2611
-76.2629
-76.2647
-76.2665
-76.2683
-76.2701
-76.2719
-76.2737
-76.2754
-76.2771
-76.2788
-76.2806
-76.2822
-76.2839
-76.2856
-76.2872
-76.2889
-76.2905
-76.2921
-76.2937
-76.2953
-76.2969
-76.2985
-76.3
-76.3016
-76.3031
-76.3046
-76.3061
-76.3076
-76.3091
-76.3106
-76.312
-76.3135
-76.3149
-76.3164
-76.3178
-76.3192
-76.3206
-76.322
-76.3233
-76.3247
-76.3261
-76.3274
-76.3287
-76.33
-76.3314
-76.3327
-76.334
-76.3352
-76.3365
-76.3378
-76.339
-76.3403
-76.3415
-76.3427
-76.3439
-76.3452
-76.3464
-76.3475
-76.3487
-76.3499
-76.351
-76.3522
-76.3533
-76.3545
-76.3556
-76.3567
-76.3578
-76.3589
-76.36
-76.3611
-76.3622
-76.3632
-76.3643
-76.3654
-76.3664
-76.3674
-76.3685
-76.3695
-76.3705
-76.3715
-76.3725
-76.3735
-76.3745
-76.3754
-76.3764
-76.3774
-76.3783
-76.3793
-76.3802
-76.3811
-76.382
-76.383
-76.3839
-76.3848
-76.3857
-76.3866
-76.3874
-76.3883
-76.3892
-76.39
-76.3909
-76.3917
-76.3926
-76.3934
-76.3943
-76.3951
-76.3959
-76.3967
-76.3975
-76.3983
-76.3991
-76.3999
-76.4007
-76.4014
-76.4022
-76.403
-76.4037
-76.4045
-76.4052
-76.406
-76.4067
-76.4074
-73.0964
-69.0272
-65.9309
-63.5565
-61.6425
-59.9397
-58.1142
-55.2494
-31.3797
9.73798
-27.4461
-73.5564
-79.0274
-78.9617
-78.8359
-78.6967
-78.5451
-78.3812
-78.2055
-77.1501
-75.153
-73.9654
-73.1817
-72.5563
-72.0065
-71.5018
-71.031
-70.5904
-70.179
-69.7973
-69.4457
-69.7471
-70.6121
-71.2467
-71.8928
-72.5108
-72.0401
-69.4841
-68.2206
-67.5784
-67.2082
-66.989
-66.8589
-66.7846
-66.7471
-66.7351
-66.7417
-66.7622
-67.1159
-68.0164
-68.7172
-69.2307
-69.6171
-69.9152
-70.1507
-70.341
-70.4981
-70.6304
-70.7441
-70.8436
-70.9321
-71.0121
-71.0853
-71.1533
-71.2171
-71.2776
-71.3353
-71.3908
-71.4445
-71.4968
-71.7958
-72.2833
-72.6771
-72.9881
-73.2374
-70.9198
-67.5892
-65.1826
-63.4429
-62.1268
-61.0685
-60.1467
-59.255
-58.2632
-56.9172
-54.2592
-13.3119
2.48783
-31.2661
-75.816
-79.2177
-79.1753
-79.0759
-78.9653
-78.4337
-76.8449
-76.0232
-75.5217
-75.0914
-74.6789
-74.2724
-73.9167
-73.7842
-73.7252
-73.6478
-73.6947
-73.6912
-73.7942
-73.8909
-73.928
-73.9329
-73.9217
-73.903
-73.8816
-73.9746
-74.1442
-74.2642
-74.4681
-74.6568
-74.7838
-74.9174
-75.0666
-75.169
-75.2388
-75.2882
-75.3243
-75.3516
-75.3729
-75.39
-75.4042
-75.4163
-75.4269
-75.4364
-75.4451
-75.4532
-75.4608
-75.4682
-75.4753
-75.4823
-75.4892
-75.496
-75.5028
-75.5095
-75.5162
-75.5229
-75.5296
-75.5364
-75.5431
-75.5498
-75.5566
-75.5633
-75.5701
-75.5769
-75.5836
-75.5903
-75.5971
-75.6038
-75.6105
-75.6172
-75.6239
-75.6305
-75.6371
-75.4889
-71.5672
-67.7887
-64.9411
-62.7337
-60.9058
-59.1845
-57.1091
-52.6506
43.1737
-9.929
-41.3065
-78.9799
-79.7349
-79.7134
-79.6771
-79.6365
-79.5919
-79.5431
-79.4902
-79.4335
-79.3731
-79.3095
-78.5017
-74.7491
-72.015
-70.1953
-68.8791
-67.867
-67.0546
-66.3831
-65.8179
-63.9707
-61.8184
-60.0358
-58.3253
-56.1064
-50.0007
31.5506
-17.7605
-54.2649
-78.7263
-78.8338
-78.6967
-78.542
-78.3734
-78.1913
-77.9696
-77.5865
-75.5953
-74.2059
-73.5119
-73.1487
-72.833
-72.5353
-72.2553
-71.9934
-71.8466
-71.9664
-70.8623
-68.5907
-67.0535
-66.0558
-65.3783
-65.363
-65.9695
-66.4196
-66.7316
-66.957
-67.1273
-67.2619
-67.3733
-67.4694
-67.5556
-67.6355
-67.7115
-67.7853
-67.8582
-67.9309
-68.0038
-68.0775
-68.152
-68.2274
-68.3039
-67.8374
-64.8672
-62.3084
-60.3033
-58.5053
-56.4214
-52.1383
43.3857
-11.394
-42.987
-78.7747
-79.5402
-79.4906
-79.4289
-79.3613
-79.2879
-79.2089
-77.648
-75.3826
-74.1872
-73.4327
-72.8446
-72.3332
-71.8665
-71.4325
-71.0271
-69.823
-67.2339
-65.2145
-63.7229
-62.5642
-61.6147
-60.7879
-60.016
-59.2306
-58.3345
-56.5407
-51.6333
40.4912
-13.5756
-46.7313
-78.7543
-79.1867
-79.0989
-78.9942
-78.7914
-78.6162
-78.469
-78.3216
-78.1701
-78.0147
-77.8568
-77.5849
-77.3418
-77.1437
-76.9716
-76.8169
-76.669
-76.4867
-76.3043
-76.165
-76.0615
-75.9811
-75.9165
-75.8633
-75.8189
-75.7815
-75.7498
-75.7229
-75.7001
-75.6807
-75.6645
-75.6509
-75.6397
-75.6306
-75.6233
-75.6176
-75.6134
-75.6104
-75.6085
-75.6077
-75.6077
-75.6085
-75.61
-75.6121
-75.6148
-75.6179
-75.6214
-75.6253
-75.6295
-75.6339
-75.6386
-75.6435
-75.6486
-75.6538
-75.6592
-75.6647
-75.6702
-75.6758
-75.6815
-75.6873
-75.693
-75.6988
-75.7046
-75.7105
-75.7163
-75.7221
-75.7279
-75.7337
-75.7395
-75.7453
-75.751
-75.7568
-75.7624
-75.7681
-75.7737
-75.7793
-75.7849
-75.7904
-75.7959
-75.8013
-75.8067
-75.8121
-75.8175
-75.8228
-75.828
-75.8332
-75.8384
-75.8436
-75.8487
-75.8537
-75.8588
-75.8638
-75.4483
-71.305
-67.5698
-64.7587
-62.5705
-60.7424
-58.9879
-56.7816
-51.2862
36.5962
-14.5174
-48.1173
-78.9466
-78.8344
-78.6532
-78.4915
-78.3163
-78.1269
-77.9237
-77.7076
-77.4798
-76.5492
-74.1292
-72.5026
-71.4225
-70.602
-69.9239
-69.3365
-68.8149
-68.347
-67.8485
-65.5167
-63.682
-63.8383
-64.4662
-64.8861
-65.199
-66.2213
-67.0573
-67.6098
-67.9872
-67.8467
-66.4166
-65.5534
-65.0499
-64.742
-64.5534
-64.6288
-65.562
-66.3147
-67.3129
-68.4015
-69.1316
-69.623
-69.9668
-70.2161
-70.4032
-70.5484
-70.6648
-70.761
-70.8427
-70.9142
-70.9781
-71.0366
-71.0911
-71.1426
-71.1921
-71.2399
-71.2867
-71.3326
-71.378
-71.4229
-71.4676
-71.5121
-71.5564
-71.6007
-71.6449
-71.689
-71.733
-71.7769
-71.8208
-71.8644
-71.908
-71.9514
-71.9945
-72.0374
-72.0801
-72.1226
-72.1647
-71.5434
-67.8642
-64.7045
-62.2989
-60.3293
-58.4567
-56.0497
-48.9281
27.4144
-19.6493
-58.6866
-78.9866
-78.7354
-78.5519
-78.38
-78.1944
-77.9944
-77.7805
-77.5539
-77.3161
-76.3684
-73.8809
-72.1805

