-70
-69.8623
-69.7285
-69.5983
-69.4718
-69.3487
-69.2291
-69.1128
-68.9997
-68.8897
-68.7828
-68.6789
-68.5778
-68.4795
-68.3839
-68.291
-68.2007
-68.1128
-68.0274
-67.9443
-67.8636
-67.7851
-67.7087
-67.6345
-67.5623
-67.4921
-67.4238
-67.3574
-67.2929
-67.2301
-67.1691
-67.1098
-67.0521
-66.996
-66.9414
-66.8884
-66.8368
-66.7866
-66.7378
-66.6904
-66.6443
-66.5994
-66.5558
-66.5133
-66.4721
-66.432
-66.393
-66.355
-66.3181
-66.2823
-66.2474
-66.2134
-66.1805
-66.1484
-66.1172
-66.0868
-66.0573
-66.0286
-66.0007
-65.9736
-65.9472
-65.9215
-65.8966
-65.8723
-65.8487
-65.8257
-65.8034
-65.7817
-65.7606
-65.74
-65.72
-65.7006
-65.6817
-65.6633
-65.6455
-65.6281
-65.6112
-65.5948
-65.5788
-65.5632
-65.5481
-65.5334
-65.5191
-65.5052
-65.4917
-65.4785
-65.4657
-65.4533
-65.4412
-65.4294
-65.418
-65.4068
-65.396
-65.3855
-65.3752
-65.3653
-65.3556
-65.3462
-65.337
-65.3281
-65.3194
-65.311
-65.3028
-65.2948
-65.2871
-65.2795
-65.2722
-65.2651
-65.2581
-65.2514
-65.2448
-65.2385
-65.2322
-65.2262
-65.2203
-65.2146
-65.2091
-65.2037
-65.1984
-65.1933
-65.1884
-65.1835
-65.1788
-65.1743
-65.1698
-65.1655
-65.1613
-65.1572
-65.1532
-65.1493
-65.1456
-65.1419
-65.1384
-65.1349
-65.1315
-65.1283
-65.1251
-65.122
-65.119
-65.1161
-65.1132
-65.1104
-65.1077
-65.1051
-65.1026
-65.1001
-65.0977
-65.0953
-65.0931
-65.0908
-65.0887
-65.0866
-65.0845
-65.0826
-65.0806
-65.0788
-65.0769
-65.0752
-65.0734
-65.0718
-65.0701
-65.0685
-65.067
-65.0655
-65.064
-65.0626
-65.0612
-65.0599
-65.0586
-65.0573
-65.0561
-65.0549
-65.0537
-65.0526
-65.0514
-65.0504
-65.0493
-65.0483
-65.0473
-65.0464
-65.0454
-65.0445
-65.0436
-65.0428
-65.0419
-65.0411
-65.0403
-65.0395
-65.0388
-65.0381
-65.0374
-65.0367
-65.036
-65.0353
-65.0347
-65.0341
-65.0335
-65.0329
-65.0323
-65.0318
-65.0313
-65.0307
-65.0302
-65.0297
-65.0293
-65.0288
-65.0283
-65.0279
-65.0275
-65.027
-65.0266
-65.0262
-65.0259
-65.0255
-65.0251
-65.0248
-65.0244
-65.0241
-65.0238
-65.0234
-65.0231
-65.0228
-65.0225
-65.0223
-65.022
-65.0217
-65.0215
-65.0212
-65.021
-65.0207
-65.0205
-65.0203
-65.02
-65.0198
-65.0196
-65.0194
-65.0192
-65.019
-65.0188
-65.0187
-65.0185
-65.0183
-65.0181
-65.018
-65.0178
-65.0177
-65.0175
-65.0174
-65.0172
-65.0171
-65.017
-65.0168
-65.0167
-65.0166
-65.0165
-65.0163
-65.0162
-65.0161
-65.016
-65.0159
-65.0158
-65.0157
-65.0156
-65.0155
-65.0154
-65.0153
-65.0153
-65.0152
-65.0151
-65.015
-65.0149
-65.0149
-65.0148
-65.0147
-65.0147
-65.0146
-65.0145
-65.0145
-65.0144
-65.0143
-65.0143
-65.0142
-65.0142
-65.0141
-65.0141
-65.014
-65.014
-65.0139
-65.0139
-65.0138
-65.0138
-65.0137
-65.0137
-65.0137
-65.0136
-65.0136
-65.0135
-65.0135
-65.0135
-65.0134
-65.0134
-65.0134
-65.0133
-65.0133
-65.0133
-65.0133
-65.0132
-65.0132
-65.0132
-65.0131
-65.0131
-65.0131
-65.0131
-65.0131
-65.013
-65.013
-65.013
-65.013
-65.0129
-65.0129
-65.0129
-65.0129
-65.0129
-65.0129
-65.0128
-65.0128
-65.0128
-65.0128
-65.0128
-65.0128
-65.0127
-65.0127
-65.0127
-65.0127
-65.0127
-65.0127
-65.0127
-65.0127
-65.0126
-65.0126
-65.0126
-65.0126
-65.0126
-65.0126
-65.0126
-65.0126
-65.0126
-65.0126
-65.0125
-65.0125
-65.0125
-65.0125
-65.0125
-65.0125
-65.0125
-65.0125
-65.0125
-65.0125
-65.0125
-65.0125
-65.0125
-65.0124
-65.0124
-65.0124
-65.0124
-65.0124
-65.0124
-65.0124
-65.0124
-65.0124
-65.0124
-65.0124
-65.0124
-65.0124
-65.0124
-65.0124
-65.0124
-65.0124
-65.0124
-65.0124
-65.0124
-65.0124
-65.0124
-65.0124
-65.0123
-65.0123
-65.0123
-65.0123
-65.0123
-65.0123
-65.0123
-65.0123
-65.0123
-65.0123
-65.0123
-65.0123
-65.0123
-65.0123
-65.0123
-65.0123
-65.0123
-65.0123
-65.0123
-65.0123
-65.0123
-65.0123
-65.0123
-65.0123
-65.0123
-65.0123
-65.0123
-65.0123
-65.0123
-65.0123
-65.0123
-65.0123
-65.0123
-65.0123
-65.0123
-65.0123
-65.0123
-65.0123
-65.0123
-65.0123
-65.0123
-65.0123
-65.0123
-65.0123
-65.0123
-65.0123
-65.0123
-65.0123
-65.0123
-65.0123
-65.0123
-65.0123
-65.0123
-65.0123
-65.0123
-65.0123
-65.0123
-65.0123
-65.0123
-65.0123
-65.0123
-65.0123
-65.0123
-65.0123
-65.0123
-65.0123
-65.0123
-65.0123
-65.0123
-65.0123
-65.0123
-65.0123
-65.0123
-65.0123
-64.7657
-64.5631
-64.4124
-64.305
-64.2215
-64.1548
-64.1013
-64.0585
-64.0247
-63.9986
-63.9789
-63.9648
-63.9553
-63.9499
-63.9479
-63.9489
-63.9525
-63.9582
-63.9658
-63.975
-63.9855
-63.9972
-64.0098
-64.0233
-64.0374
-64.052
-64.0671
-64.0826
-64.0983
-64.1142
-64.1302
-64.1463
-64.1624
-64.1784
-64.1427
-64.0335
-63.9644
-63.9161
-63.8848
-63.863
-63.8483
-63.8392
-63.8349
-63.8344
-63.8372
-63.8427
-63.8505
-63.8603
-63.8717
-63.8844
-63.8982
-63.9129
-63.9284
-63.6781
-63.5028
-63.1838
-61.95
-60.9999
-60.0691
-59.1672
-58.3771
-57.4161
-56.4866
-55.3234
-54.3957
-53.4876
-52.8063
-52.2736
-51.7002
-51.1585
-50.6949
-50.1786
-49.7647
-49.2014
-48.6807
-48.22
-47.7893
-47.3159
-46.7976
-46.2034
-45.3864
-44.2734
-42.4926
-38.4214
7.35825
24.6171
-18.4393
-46.7409
-57.6478
-60.3943
-61.0818
-61.2277
-61.1854
-61.0776
-60.955
-60.8097
-60.6667
-60.5525
-60.4623
-60.3631
-60.2262
-60.1175
-60.0254
-59.8877
-59.7717
-59.613
-59.4464
-59.3099
-59.2098
-59.0961
-59.023
-58.976
-58.9447
-58.8933
-58.8689
-58.8624
-58.8644
-58.8316
-58.7355
-58.6827
-58.6592
-58.6593
-58.6096
-58.4409
-58.2831
-58.0211
-57.8081
-57.5864
-57.2802
-56.9842
-56.7104
-56.4272
-56.1202
-55.7251
-55.2739
-54.723
-54.1109
-53.4799
-52.8955
-52.3515
-51.6675
-50.9281
-50.0896
-49.211
-48.485
-47.8505
-47.2226
-46.5823
-45.835
-44.8798
-43.5321
-41.1202
-32.7008
42.3676
1.11894
-33.3772
-55.1347
-60.8779
-62.2395
-62.497
-62.4374
-62.272
-62.0812
-61.897
-61.7315
-61.588
-61.4663
-61.3648
-61.2813
-61.214
-61.1607
-61.1198
-61.0896
-61.0689
-61.0564
-61.0513
-61.0525
-61.0593
-61.0711
-61.087
-61.1067
-61.1296
-61.1554
-61.1835
-61.2138
-61.2459
-61.2795
-61.3144
-61.3504
-61.3873
-61.425
-61.4632
-61.5019
-61.5408
-61.58
-61.6193
-61.6586
-61.6978
-61.7369
-61.7758
-61.8145
-61.8529
-61.8909
-61.9286
-61.9658
-62.0027
-62.039
-62.075
-62.1104
-62.1453
-62.1797
-62.2136
-62.247
-62.2798
-62.3122
-62.3439
-62.3752
-62.4059
-62.4361
-62.4658
-62.4949
-62.5235
-62.5516
-62.5792
-62.5149
-62.2243
-62.0228
-61.8778
-61.7793
-61.7066
-61.4751
-61.2575
-61.1016
-60.9917
-60.7757
-60.1907
-59.5515
-58.9442
-58.4185
-57.9051
-56.991
-56.0133
-55.1598
-54.0794
-53.2023
-52.5422
-51.9369
-51.4262
-50.7298
-50.1576
-49.6934
-49.3067
-48.9674
-48.5689
-48.0847
-47.6394
-47.1832
-46.6528
-45.9962
-45.1479
-43.8943
-41.7101
-35.6956
37.6219
9.39333
-28.7108
-54.4143
-61.7968
-63.5594
-63.7624
-63.4862
-63.1168
-62.7705
-62.4256
-62.0985
-61.8187
-61.5551
-61.2817
-61.0632
-60.8084
-60.5305
-60.2786
-60.0829
-59.9358
-59.7758
-59.5714
-59.3653
-59.1282
-58.9624
-58.82
-58.6961
-58.6117
-58.5561
-58.5241
-58.5105
-58.5121
-58.5266
-58.5522
-58.5871
-58.6301
-58.6799
-58.7356
-58.7821
-58.7311
-58.6346
-58.4415
-58.1347
-57.841
-57.5444
-57.2584
-56.954
-56.6969
-56.3731
-56.0999
-55.6998
-55.2484
-54.8288
-54.4446
-54.0897
-53.708
-53.2883
-52.9062
-52.5215
-52.1664
-51.7027
-51.2028
-50.6522
-50.118
-49.5936
-49.0984
-48.6329
-48.1886
-47.6974
-47.1647
-46.5844
-45.8737
-44.989
-43.7365
-41.5106
-34.8956
39.9493
5.99348
-31.6101
-56.4153
-63.23
-64.8621
-65.1153
-64.9957
-64.7479
-64.4731
-64.2228
-64.0007
-63.8065
-63.6373
-63.4902
-63.3628
-63.2525
-63.1574
-63.0755
-63.0052
-62.9451
-62.8941
-62.851
-62.8149
-62.7851
-62.7607
-62.7413
-62.7262
-62.715
-62.7073
-62.7026
-62.7006
-62.701
-62.7036
-62.7081
-62.7143
-62.7219
-62.7309
-62.741
-62.7521
-62.7642
-62.7769
-62.7904
-62.8044
-62.8189
-62.8338
-62.849
-62.8645
-62.8803
-62.8962
-62.9122
-62.9283
-62.9445
-62.9607
-62.9769
-62.993
-63.0091
-63.0251
-63.0411
-63.0569
-63.0726
-63.0882
-63.1036
-63.1189
-63.134
-63.149
-63.1638
-63.1785
-63.1929
-63.2072
-63.2213
-63.2353
-63.249
-63.2626
-63.276
-63.2892
-63.3022
-63.3151
-63.3277
-63.3402
-63.3526
-63.3647
-63.3767
-63.3886
-63.3562
-63.3255
-63.3058
-63.2725
-63.1221
-62.5976
-62.2361
-61.8162
-61.4425
-61.1652
-60.9345
-60.537
-60.0091
-59.5637
-59.0131
-58.5747
-58.2152
-57.5788
-56.0262
-54.6925
-53.728
-53.0277
-52.4699
-51.9486
-51.5284
-50.9683
-50.4604
-50.0093
-49.6097
-49.2399
-48.9027
-48.5807
-48.2851
-48.0005
-47.6763
-47.1787
-46.6115
-45.8325
-44.8314
-43.4575
-40.9924
-32.0998
42.0799
-1.41382
-37.3131
-58.8355
-64.3272
-65.4476
-65.3766
-65.0409
-64.642
-64.2837
-63.9673
-63.666
-63.3974
-63.1621
-62.9204
-62.6758
-62.3957
-62.1228
-61.8571
-61.6122
-61.4244
-61.276
-61.159
-61.0656
-60.992
-60.9352
-60.8927
-60.8428
-60.7755
-60.7118
-60.6469
-60.6074
-60.5843
-60.5747
-60.575
-60.5833
-60.5986
-60.6196
-60.5485
-60.4821
-60.3473
-60.2125
-60.0912
-59.9948
-59.8979
-59.8385
-59.8029
-59.7867
-59.7846
-59.7855
-59.7515
-59.7345
-59.649
-59.596
-59.5172
-59.3982
-59.2499
-59.013
-58.766
-58.4084
-57.9053
-57.3734
-56.6714
-55.8992
-55.1964
-54.3386
-53.5782
-52.8307
-52.0147
-51.353
-50.7808
-50.3214
-49.9216
-49.5335
-49.1816
-48.7463

