-70
-70.0758
-70.1508
-70.225
-70.2983
-70.3706
-70.4419
-70.5122
-70.5814
-70.6496
-70.7168
-70.7829
-70.848
-70.9121
-70.9752
-71.0373
-71.0984
-71.1586
-71.2178
-71.2761
-71.3334
-71.3899
-71.4455
-71.5003
-71.5543
-71.6074
-71.6598
-71.7114
-71.7623
-71.8124
-71.8619
-71.9106
-71.9587
-72.006
-72.0527
-72.0988
-72.1442
-72.1889
-72.2331
-72.2766
-72.3196
-72.362
-72.4038
-72.445
-72.4857
-72.5258
-72.5654
-72.6045
-72.6431
-72.6812
-72.7188
-72.756
-72.7927
-72.8289
-72.8647
-72.9
-72.9349
-72.9694
-73.0035
-73.0371
-73.0704
-73.1032
-73.1357
-73.1678
-73.1994
-73.2307
-73.2617
-73.2922
-73.3224
-73.3523
-73.3817
-73.4109
-73.4397
-73.4682
-73.4963
-73.5241
-73.5516
-73.5788
-73.6057
-73.6323
-73.6585
-73.6845
-73.7102
-73.7356
-73.7608
-73.7857
-73.8103
-73.8346
-73.8587
-73.8825
-73.9061
-73.9294
-73.9524
-73.9753
-73.9979
-74.0202
-74.0423
-74.0642
-74.0859
-74.1073
-74.1285
-74.1495
-74.1703
-74.1909
-74.2112
-74.2313
-74.2513
-74.271
-74.2905
-74.3098
-74.329
-74.3479
-74.3666
-74.3852
-74.4036
-74.4217
-74.4397
-74.4575
-74.4752
-74.4926
-74.5099
-74.527
-74.544
-74.5607
-74.5774
-74.5938
-74.6101
-74.6262
-74.6422
-74.658
-74.6736
-74.6891
-74.7045
-74.7197
-74.7347
-74.7496
-74.7644
-74.779
-74.7935
-74.8079
-74.8221
-74.8362
-74.8501
-74.864
-74.8777
-74.8913
-74.9047
-74.918
-74.9313
-74.9443
-74.9573
-74.9701
-74.9829
-74.9955
-75.008
-75.0204
-75.0327
-75.0448
-75.0569
-75.0688
-75.0806
-75.0924
-75.104
-75.1155
-75.1269
-75.1382
-75.1495
-75.1606
-75.1716
-75.1825
-75.1933
-75.204
-75.2147
-75.2252
-75.2356
-75.246
-75.2562
-75.2664
-75.2764
-75.2864
-75.2963
-75.3061
-75.3158
-75.3255
-75.335
-75.3445
-75.3538
-75.3631
-75.3724
-75.3815
-75.3906
-75.3995
-75.4084
-75.4172
-75.426
-75.4346
-75.4432
-75.4518
-75.4602
-75.4686
-75.4769
-75.4851
-75.4932
-75.5013
-75.5093
-75.5173
-75.5251
-75.533
-75.5407
-75.5484
-75.556
-75.5635
-75.571
-75.5784
-75.5858
-75.593
-75.6003
-75.6074
-75.6145
-75.6216
-75.6285
-75.6355
-75.6423
-75.6491
-75.6559
-75.6626
-75.6692
-75.6758
-75.6823
-75.6888
-75.6952
-75.7015
-75.7078
-75.7141
-75.7203
-75.7264
-75.7325
-75.7386
-75.7446
-75.7505
-75.7564
-75.7622
-75.768
-75.7738
-75.7795
-75.7851
-75.7907
-75.7963
-75.8018
-75.8072
-75.8127
-75.818
-75.8234
-75.8287
-75.8339
-75.8391
-75.8443
-75.8494
-75.8545
-75.8595
-75.8645
-75.8695
-75.8744
-75.8793
-75.8841
-75.8889
-75.8937
-75.8984
-75.9031
-75.9077
-75.9123
-75.9169
-75.9214
-75.9259
-75.9304
-75.9348
-75.9392
-75.9436
-75.9479
-75.9522
-75.9565
-75.9607
-75.9649
-75.969
-75.9731
-75.9772
-75.9813
-75.9853
-75.9893
-75.9933
-75.9972
-76.0011
-76.005
-76.0088
-76.0126
-76.0164
-76.0201
-76.0239
-76.0275
-76.0312
-76.0348
-76.0384
-76.042
-76.0456
-76.0491
-76.0526
-76.056
-76.0595
-76.0629
-76.0663
-76.0696
-76.0729
-76.0762
-76.0795
-76.0828
-76.086
-76.0892
-76.0924
-76.0955
-76.0986
-76.1017
-76.1048
-76.1079
-76.1109
-76.1139
-76.1169
-76.1198
-76.1228
-76.1257
-76.1286
-76.1314
-76.1343
-76.1371
-76.1399
-76.1427
-76.1455
-76.1482
-76.1509
-76.1536
-76.1563
-76.1589
-76.1615
-76.1642
-76.1667
-76.1693
-76.1719
-76.1744
-76.1769
-76.1794
-76.1819
-76.1843
-76.1868
-76.1892
-76.1916
-76.1939
-76.1963
-76.1986
-76.201
-76.2033
-76.2056
-76.2078
-76.2101
-76.2123
-76.2145
-76.2167
-76.2189
-76.2211
-76.2232
-76.2254
-76.2275
-76.2296
-76.2317
-76.2337
-76.2358
-76.2378
-76.2398
-76.2418
-76.2438
-76.2458
-76.2478
-76.2497
-76.2516
-76.2536
-76.2554
-76.2573
-76.2592
-76.2611
-76.2629
-76.2647
-76.2665
-76.2683
-76.2701
-76.2719
-76.2737
-76.2754
-76.2771
-76.2788
-76.2806
-76.2822
-76.2839
-76.2856
-76.2872
-76.2889
-76.2905
-76.2921
-76.2937
-76.2953
-76.2969
-76.2985
-76.3
-76.3016
-76.3031
-76.3046
-76.3061
-76.3076
-76.3091
-76.3106
-76.312
-76.3135
-76.3149
-76.3164
-76.3178
-76.3192
-76.3206
-76.322
-76.3233
-76.3247
-76.3261
-76.3274
-76.3287
-76.33
-76.3314
-76.3327
-76.334
-76.3352
-76.3365
-76.3378
-76.339
-76.3403
-76.3415
-76.3427
-76.3439
-76.3452
-76.3464
-76.3475
-76.3487
-76.3499
-76.351
-76.3522
-76.3533
-76.3545
-76.3556
-76.3567
-76.3578
-76.3589
-76.36
-76.3611
-76.3622
-76.3632
-76.3643
-76.3654
-76.3664
-76.3674
-76.3685
-76.3695
-76.3705
-76.3715
-76.3725
-76.3735
-76.3745
-76.3754
-76.3764
-76.3774
-76.3783
-76.3793
-76.3802
-76.3811
-76.382
-76.383
-76.3839
-76.3848
-76.3857
-76.3866
-76.3874
-76.3883
-76.3892
-76.39
-76.3909
-76.3917
-76.3926
-76.3934
-76.3943
-76.3951
-76.3959
-76.3967
-76.3975
-76.3983
-76.3991
-76.3999
-76.4007
-76.4014
-76.4022
-76.403
-76.4037
-76.4045
-76.4052
-73.0945
-68.4337
-62.5081
-57.9563
-51.5747
37.3044
-13.5632
-46.2587
-78.8326
-79.1554
-79.0563
-78.9411
-77.6013
-75.8691
-72.3213
-70.7289
-69.8779
-69.1809
-68.5291
-67.9022
-67.2979
-65.2477
-62.4561
-60.0674
-57.3365
-53.9067
-27.9574
3.69249
-30.571
-74.4962
-78.5101
-78.4024
-78.2171
-78.0138
-76.661
-75.4104
-74.8927
-74.3912
-71.9014
-70.5815
-68.4129
-66.8467
-66.0548
-65.5523
-65.1731
-64.8598
-64.59
-64.3543
-64.1481
-63.9687
-63.8136
-63.6818
-63.5723
-63.4844
-63.4172
-63.37
-63.3419
-63.332
-63.3396
-63.3636
-63.403
-63.4571
-63.5246
-63.6047
-63.6963
-63.1351
-60.7164
-58.5445
-56.3564
-52.1799
43.5284
-10.6844
-41.6226
-77.6711
-78.669
-78.5396
-78.3701
-78.1849
-77.9856
-77.7728
-77.548
-76.2877
-71.2642
-67.7046
-65.8187
-64.6273
-63.7483
-62.4654
-59.9698
-57.9044
-55.6299
-49.5535
30.0615
-18.6425
-54.618
-77.82
-77.9063
-77.3158
-76.1516
-75.5822
-73.9614
-72.8042
-72.0896
-71.4729
-70.8811
-70.6168
-71.0732
-71.1903
-71.0846
-70.9018
-71.0491
-71.5047
-71.7783
-71.8797
-71.9012
-71.8861
-71.8552
-71.8188
-71.7823
-71.7485
-71.7187
-71.6938
-71.6739
-71.6591
-71.6493
-71.6441
-71.6435
-71.647
-71.6545
-71.6654
-71.6797
-71.697
-71.717
-71.7394
-71.7641
-71.7908
-71.8192
-71.8492
-71.8806
-71.9133
-71.9469
-71.9815
-72.0169
-72.0529
-72.0895
-72.1265
-72.1639
-72.2015
-72.2393
-72.2772
-72.3152
-72.3532
-72.3911
-72.4289
-72.4667
-72.5042
-72.5416
-72.5787
-72.6156
-72.6523
-72.6887
-72.7248
-72.7606
-72.7961
-72.8313
-72.8661
-72.9007
-72.9349
-72.9687
-73.0022
-73.0354
-73.0683
-73.1008
-73.1329
-73.1647
-73.1961
-73.2272
-73.258
-73.2884
-73.3185
-73.3482
-70.7883
-64.7093
-59.5234
-54.8276
12.7114
2.55972
-30.9777
-76.0788
-78.1616
-77.8272
-77.5737
-77.3033
-75.3598
-72.9973
-71.9611
-71.2687
-70.6383
-70.0257
-67.7974
-66.0147
-64.8711
-62.5761
-59.4599
-57.1255
-54.4896
-44.2966
14.8489
-25.4744
-68.7158
-77.7009
-76.4026
-75.4429
-74.9277
-74.5373
-74.175
-73.8
-73.391
-72.9757
-72.564
-72.1728
-70.588
-66.5528
-63.0552
-61.409
-60.4938
-59.8603
-59.3469
-58.8728
-58.3963
-57.8637
-57.2085
-56.272
-54.5682
-48.3635
25.6585
-21.5909
-61.3922
-79.1953
-79.4544
-79.3987
-79.3263
-79.2466
-79.1601
-79.0672
-78.9683
-78.864
-78.7552
-78.6429
-78.5282
-78.4125
-77.1456
-72.9856
-69.8335
-66.5242
-62.3124
-59.2163
-56.2183
-48.1458
25.4356
-20.2056
-60.3291
-78.2965
-78.2625
-78.0602
-77.8373
-77.5962
-77.3374
-77.062
-75.3924
-73.1474
-71.9254
-69.5881
-65.1823
-62.6732
-61.2007
-60.1269
-59.1925
-57.5713
-54.8363
-45.0321
16.6601
-24.6994
-67.8576
-78.0762
-77.0938
-76.5299
-76.1488
-75.6632
-73.7965
-72.7989
-72.4308
-72.1955
-71.9164
-71.5664
-71.2031
-70.8471
-70.5063
-70.1845
-70.0289
-70.6774
-71.0876
-71.2734
-71.3489
-71.3689
-71.3612
-71.3404
-71.3147
-71.2886
-71.2648
-71.2445
-71.2287
-71.2176
-71.2112
-71.2096
-71.2125
-71.2197
-71.2309
-71.2458
-71.2642
-71.2856
-71.31
-71.3368
-71.366
-71.3973
-71.4303
-71.465
-71.5011
-71.5385
-71.5769
-71.6162
-71.6563
-71.697
-71.7383
-71.78
-71.8219
-71.8641
-71.9065
-71.9489
-71.9913
-72.0336
-72.0759
-72.1179
-72.1598
-72.2015
-72.2429
-72.284
-72.3248
-72.3653
-72.4054
-72.4452
-72.4846
-72.5236
-72.5622
-72.6005
-72.6383
-72.6758
-72.7128
-72.7495
-72.7858
-72.8216
-72.8571
-72.8922
-72.9269
-72.9613
-72.9952
-73.0287
-73.0619
-73.0947
-73.1271
-73.1591
-73.1908
-73.2221
-73.253
-73.2836
-73.3139
-73.3437
-73.3733
-73.4025
-73.4313
-73.4599
-73.4881
-73.516
-69.9751
-63.2713
-58.4375
-53.0214
44.2685
-8.57536
-39.5086
-77.6188
-78.0926
-77.8744
-77.6309
-77.3673
-74.425
-72.7561
-71.9634
-71.3218
-70.7093
-68.9747
-66.9721
-65.7167
-64.8234
-61.7889
-58.9304
-56.7535
-53.9319
-35.4673
6.27878
-29.3701
-73.5383
-77.9187
-76.285
-75.1886
-74.6508
-74.1508
-73.8565
-73.5496
-73.1568
-72.7475
-72.3409
-71.9435
-71.5592
-70.604
-68.5781
-67.3458
-66.6029
-66.0997
-65.7287
-65.1984
-62.8108
-60.9386
-59.6042
-58.4794
-57.3123
-55.7084
-51.9517
43.9664
-11.1434
-42.5591
-78.4979
-79.4574
-79.4163
-79.3458
-79.2674
-77.2829
-75.7462
-75.0204
-74.4975
-74.0259
-73.5707
-73.1246
-72.6877
-72.2628
-71.853
-71.4615
-71.091
-70.7438
-70.4218
-70.1259
-69.8569
-69.615
-69.3999
-69.2109
-69.0471
-68.9075
-68.7906
-68.6952
-68.6197
-67.4038
-64.1762
-61.5539
-58.4471
-53.519
43.8732
-5.19748
-36.3353
-77.4958
-78.9468
-77.7138
-76.9575
-75.3931
-74.3844
-72.5208
-71.4841
-70.7726
-70.1301
-69.5111
-68.9086
-68.0316
-64.1159
-61.1979
-58.2667

