-70
-70.0758
-70.1508
-70.225
-70.2983
-70.3706
-70.4419
-70.5122
-70.5814
-70.6496
-70.7168
-70.7829
-70.848
-70.9121
-70.9752
-71.0373
-71.0984
-71.1586
-71.2178
-71.2761
-71.3334
-71.3899
-71.4455
-71.5003
-71.5543
-71.6074
-71.6598
-71.7114
-71.7623
-71.8124
-71.8619
-71.9106
-71.9587
-72.006
-72.0527
-72.0988
-72.1442
-72.1889
-72.2331
-72.2766
-72.3196
-72.362
-72.4038
-72.445
-72.4857
-72.5258
-72.5654
-72.6045
-72.6431
-72.6812
-72.7188
-72.756
-72.7927
-72.8289
-72.8647
-72.9
-72.9349
-72.9694
-73.0035
-73.0371
-73.0704
-73.1032
-73.1357
-73.1678
-73.1994
-73.2307
-73.2617
-73.2922
-73.3224
-73.3523
-73.3817
-73.4109
-73.4397
-73.4682
-73.4963
-73.5241
-73.5516
-73.5788
-73.6057
-73.6323
-73.6585
-73.6845
-73.7102
-73.7356
-73.7608
-73.7857
-73.8103
-73.8346
-73.8587
-73.8825
-73.9061
-73.9294
-73.9524
-73.9753
-73.9979
-74.0202
-74.0423
-74.0642
-74.0859
-74.1073
-74.1285
-74.1495
-74.1703
-74.1909
-74.2112
-74.2313
-74.2513
-74.271
-74.2905
-74.3098
-74.329
-74.3479
-74.3666
-74.3852
-74.4036
-74.4217
-74.4397
-74.4575
-74.4752
-74.4926
-74.5099
-74.527
-74.544
-74.5607
-74.5774
-74.5938
-74.6101
-74.6262
-74.6422
-74.658
-74.6736
-74.6891
-74.7045
-74.7197
-74.7347
-74.7496
-74.7644
-74.779
-74.7935
-74.8079
-74.8221
-74.8362
-74.8501
-74.864
-74.8777
-74.8913
-74.9047
-74.918
-74.9313
-74.9443
-74.9573
-74.9701
-74.9829
-74.9955
-75.008
-75.0204
-75.0327
-75.0448
-75.0569
-75.0688
-75.0806
-75.0924
-75.104
-75.1155
-75.1269
-75.1382
-75.1495
-75.1606
-75.1716
-75.1825
-75.1933
-75.204
-75.2147
-75.2252
-75.2356
-75.246
-75.2562
-75.2664
-75.2764
-75.2864
-75.2963
-75.3061
-75.3158
-75.3255
-75.335
-75.3445
-75.3538
-75.3631
-75.3724
-75.3815
-75.3906
-75.3995
-75.4084
-75.4172
-75.426
-75.4346
-75.4432
-75.4518
-75.4602
-75.4686
-75.4769
-75.4851
-75.4932
-75.5013
-75.5093
-75.5173
-75.5251
-75.533
-75.5407
-75.5484
-75.556
-75.5635
-75.571
-75.5784
-75.5858
-75.593
-75.6003
-75.6074
-75.6145
-75.6216
-75.6285
-75.6355
-75.6423
-75.6491
-75.6559
-75.6626
-75.6692
-75.6758
-75.6823
-75.6888
-75.6952
-75.7015
-75.7078
-75.7141
-75.7203
-75.7264
-75.7325
-75.7386
-75.7446
-75.7505
-75.7564
-75.7622
-75.768
-75.7738
-75.7795
-75.7851
-75.7907
-75.7963
-75.8018
-75.8072
-75.8127
-75.818
-75.8234
-75.8287
-75.8339
-75.8391
-75.8443
-75.8494
-75.8545
-75.8595
-75.8645
-75.8695
-75.8744
-75.8793
-75.8841
-75.8889
-75.8937
-75.8984
-75.9031
-75.9077
-75.9123
-75.9169
-75.9214
-75.9259
-75.9304
-75.9348
-75.9392
-75.9436
-75.9479
-75.9522
-75.9565
-75.9607
-75.9649
-75.969
-75.9731
-75.9772
-75.9813
-75.9853
-75.9893
-75.9933
-75.9972
-76.0011
-76.005
-76.0088
-76.0126
-76.0164
-76.0201
-76.0239
-76.0275
-76.0312
-76.0348
-76.0384
-76.042
-76.0456
-76.0491
-76.0526
-76.056
-76.0595
-76.0629
-76.0663
-76.0696
-76.0729
-76.0762
-76.0795
-76.0828
-76.086
-76.0892
-76.0924
-76.0955
-76.0986
-76.1017
-76.1048
-76.1079
-76.1109
-76.1139
-76.1169
-76.1198
-76.1228
-76.1257
-76.1286
-76.1314
-76.1343
-76.1371
-76.1399
-76.1427
-76.1455
-76.1482
-76.1509
-76.1536
-76.1563
-76.1589
-76.1615
-76.1642
-76.1667
-76.1693
-76.1719
-76.1744
-76.1769
-76.1794
-76.1819
-76.1843
-76.1868
-76.1892
-76.1916
-76.1939
-76.1963
-76.1986
-76.201
-76.2033
-76.2056
-76.2078
-76.2101
-76.2123
-76.2145
-76.2167
-76.2189
-76.2211
-76.2232
-76.2254
-76.2275
-76.2296
-76.2317
-76.2337
-76.2358
-76.2378
-76.2398
-76.2418
-76.2438
-76.2458
-76.2478
-76.2497
-76.2516
-76.2536
-76.2554
-76.2573
-76.2592
-76.2611
-76.2629
-76.2647
-76.2665
-76.2683
-76.2701
-76.2719
-76.2737
-76.2754
-76.2771
-76.2788
-76.2806
-76.2822
-76.2839
-76.2856
-76.2872
-76.2889
-76.2905
-76.2921
-76.2937
-76.2953
-76.2969
-76.2985
-76.3
-76.3016
-76.3031
-76.3046
-76.3061
-76.3076
-76.3091
-76.3106
-76.312
-76.3135
-76.3149
-76.3164
-76.3178
-76.3192
-76.3206
-76.322
-76.3233
-76.3247
-76.3261
-76.3274
-76.3287
-76.33
-76.3314
-76.3327
-76.334
-76.3352
-76.3365
-76.3378
-76.339
-76.3403
-76.3415
-76.3427
-76.3439
-76.3452
-76.3464
-76.3475
-76.3487
-76.3499
-76.351
-76.3522
-76.3533
-76.3545
-76.3556
-76.3567
-76.3578
-76.3589
-76.36
-76.3611
-76.3622
-76.3632
-76.3643
-76.3654
-76.3664
-76.3674
-76.3685
-76.3695
-76.3705
-76.3715
-76.3725
-76.3735
-76.3745
-76.3754
-76.3764
-76.3774
-76.3783
-76.3793
-76.3802
-76.3811
-76.382
-76.383
-76.3839
-76.3848
-76.3857
-76.3866
-76.3874
-76.3883
-76.3892
-76.39
-76.3909
-76.3917
-76.3926
-76.3934
-76.3943
-76.3951
-76.3959
-76.3967
-76.3975
-76.3983
-76.3991
-76.3999
-76.4007
-76.4014
-76.4022
-76.403
-76.4037
-76.4045
-76.4052
-76.406
-75.9818
-71.7886
-68.0041
-65.1549
-62.9445
-61.1211
-59.4257
-57.4468
-53.6233
46.3408
-5.00849
-36.3651
-77.9876
-78.9065
-78.7642
-78.6151
-78.4524
-78.2759
-78.086
-77.8832
-77.6689
-76.0992
-74.0252
-72.7372
-71.8436
-71.1346
-70.5273
-69.9866
-69.4965
-69.0495
-68.6422
-68.2726
-67.9394
-67.6417
-67.3785
-67.1484
-67.7126
-68.3787
-68.8876
-67.6922
-66.1521
-65.3503
-65.6834
-66.0167
-66.2415
-66.4035
-66.5282
-66.6303
-66.7185
-66.7985
-66.8739
-66.9467
-67.0187
-67.0907
-67.1636
-67.2376
-67.3131
-67.3902
-67.4689
-67.5493
-67.6311
-67.7143
-67.7988
-67.8844
-67.971
-68.0584
-68.1466
-68.2353
-68.3244
-68.4138
-68.5033
-66.1558
-63.2359
-60.9622
-59.0363
-57.0226
-53.7294
7.0005
-1.10239
-33.6559
-76.9792
-79.5927
-79.5937
-79.5445
-79.4883
-77.6016
-76.5819
-76.0684
-75.6578
-75.267
-74.8791
-74.4919
-74.1075
-73.729
-73.1006
-70.2812
-67.8617
-66.1206
-64.8088
-63.7786
-62.9393
-62.2315
-61.6144
-61.0551
-60.5299
-60.0097
-59.4684
-60.2772
-62.1002
-64.397
-66.1199
-67.3657
-68.8205
-70.0628
-70.9253
-71.5358
-71.9798
-72.3108
-72.5633
-72.7599
-72.916
-73.0424
-73.1463
-73.2334
-73.3074
-73.3713
-73.4273
-73.477
-73.5217
-73.6733
-73.9498
-74.1735
-74.3481
-74.4867
-74.5985
-74.6899
-74.7656
-74.8292
-74.8831
-74.9293
-74.9694
-75.0045
-75.0355
-75.0631
-75.088
-75.1105
-75.1311
-75.1501
-75.1677
-75.1841
-75.1995
-75.2141
-75.228
-75.2412
-75.2539
-75.2661
-75.2779
-75.2893
-75.3004
-75.3112
-75.3217
-75.3321
-75.3422
-75.3521
-75.3619
-75.3715
-75.381
-75.3903
-75.3995
-75.4086
-75.4176
-75.4265
-75.4353
-75.4439
-75.4525
-75.461
-75.4695
-75.4778
-75.486
-75.4942
-74.7622
-70.6131
-67.0468
-64.3571
-62.2472
-60.4572
-58.6875
-56.327
-49.029
28.0063
-19.0056
-57.6519
-79.0551
-78.8034
-78.6298
-78.4661
-78.2888
-78.0973
-77.892
-77.6741
-77.4448
-76.0607
-73.7974
-72.3404
-71.3409
-70.5642
-69.9131
-69.3443
-68.8368
-68.3802
-66.6175
-64.291
-62.4972
-61.0676
-59.8132
-58.5517
-56.9898
-54.1288
-32.0875
6.267
-29.4133
-74.9163
-78.7604
-78.5025
-78.3138
-78.1299
-77.9349
-77.7285
-77.5119
-77.2865
-77.0545
-76.8179
-76.5792
-76.3409
-76.1053
-75.8748
-75.6515
-75.4373
-75.2338
-75.042
-74.863
-74.6973
-74.5451
-74.4064
-74.2811
-74.1688
-74.0689
-73.9808
-73.9038
-73.8371
-73.78
-73.7317
-73.6915
-73.6585
-73.6322
-73.6118
-73.5968
-73.5865
-73.5805
-73.5783
-73.5795
-73.5835
-73.5902
-71.4019
-67.5931
-64.6354
-62.355
-60.4603
-58.6305
-56.2456
-49.0868
28.0661
-19.1097
-57.7141
-78.8547
-78.8342
-78.6928
-78.5372
-78.3678
-78.1847
-77.9885
-77.7799
-77.5605
-77.332
-74.8478
-72.6825
-71.2866
-70.2805
-69.4863
-68.8227
-68.2498
-67.7465
-67.3013
-66.9067
-66.5581
-66.4738
-67.0616
-67.5667
-67.9437
-68.7467
-69.5675
-70.1675
-70.6101
-70.9445
-71.2029
-71.4067
-71.5708
-71.7055
-71.9872
-72.4402
-72.7978
-73.0717
-73.2857
-73.4559
-73.5936
-73.7065
-73.8006
-73.88
-73.948
-74.0068
-74.0583
-74.1039
-74.1448
-74.1818
-74.2155
-74.2465
-74.2754
-74.3023
-74.3277
-74.3518
-74.3747
-74.3967
-74.4178
-74.4382
-74.458
-74.4773
-74.496
-74.5675
-74.7348
-74.8758
-74.988
-75.0785
-75.1526
-75.214
-75.2654
-75.309
-75.3463
-75.3785
-75.4066
-75.4314
-75.4533
-75.4729
-75.4907
-75.5067
-75.5215
-75.535
-75.5476
-75.5594
-75.5704
-75.5808
-75.5907
-75.6001
-75.6092
-75.6178
-75.6262
-75.6343
-75.6422
-75.6498
-74.9136
-70.748
-67.1725
-64.4809
-62.3763
-60.6034
-58.8792
-56.6702
-50.9534
35.1111
-15.3919
-49.7513
-79.387
-79.7367
-79.7097
-79.6729
-79.6319
-79.5868
-79.5376
-77.0039
-75.3348
-74.445
-73.8122
-73.2753
-72.7836
-72.3198
-71.8791
-71.4609
-69.515
-66.9583
-65.0506
-63.612
-62.4724
-61.5201
-60.6739
-59.8642
-59.0145
-57.2668
-53.4492
39.5712
-4.31243
-35.7967
-77.615
-79.3578
-79.3106
-79.2265
-78.2719
-77.1989
-76.7047
-76.3381
-75.9865
-75.6314
-75.3041
-74.9972
-74.7207
-74.5292
-74.3348
-74.1378
-73.9463
-73.8858
-73.8893
-73.8647
-73.8235
-73.7757
-73.7265
-73.6792
-73.6353
-73.5958
-73.5611
-73.5313
-73.5063
-73.4859
-73.47
-73.4581
-73.4501
-73.4455
-73.4442
-73.4457
-73.4499
-73.4565
-73.4652
-73.4757
-73.488
-73.5018
-73.5168
-73.5331
-73.5503
-73.5684
-73.5873
-73.6069
-73.627
-73.6476
-73.6686
-73.6899
-73.7115
-73.7333
-73.7552
-73.7773
-73.7995
-73.8217
-73.8439
-73.8661
-73.8883
-73.9104
-73.9324
-73.9544
-71.7409
-67.8747
-64.8715
-62.5607
-60.6552
-58.8488
-56.5928
-50.8895
35.0147
-15.626
-50.4166
-78.7583
-78.9851
-78.8663
-78.73
-78.581
-78.4195
-78.246
-78.061

