-70
-69.8623
-69.7285
-69.5983
-69.4718
-69.3487
-69.2291
-69.1128
-68.9997
-68.8897
-68.7828
-68.6789
-68.5778
-68.4795
-68.3839
-68.291
-68.2007
-68.1128
-68.0274
-67.9443
-67.8636
-67.7851
-67.7087
-67.6345
-67.5623
-67.4921
-67.4238
-67.3574
-67.2929
-67.2301
-67.1691
-67.1098
-67.0521
-66.996
-66.9414
-66.8884
-66.8368
-66.7866
-66.7378
-66.6904
-66.6443
-66.5994
-66.5558
-66.5133
-66.4721
-66.432
-66.393
-66.355
-66.3181
-66.2823
-66.2474
-66.2134
-66.1805
-66.1484
-66.1172
-66.0868
-66.0573
-66.0286
-66.0007
-65.9736
-65.9472
-65.9215
-65.8966
-65.8723
-65.8487
-65.8257
-65.8034
-65.7817
-65.7606
-65.74
-65.72
-65.7006
-65.6817
-65.6633
-65.6455
-65.6281
-65.6112
-65.5948
-65.5788
-65.5632
-65.5481
-65.5334
-65.5191
-65.5052
-65.4917
-65.4785
-65.4657
-65.4533
-65.4412
-65.4294
-65.418
-65.4068
-65.396
-65.3855
-65.3752
-65.3653
-65.3556
-65.3462
-65.337
-65.3281
-65.3194
-65.311
-65.3028
-65.2948
-65.2871
-65.2795
-65.2722
-65.2651
-65.2581
-65.2514
-65.2448
-65.2385
-65.2322
-65.2262
-65.2203
-65.2146
-65.2091
-65.2037
-65.1984
-65.1933
-65.1884
-65.1835
-65.1788
-65.1743
-65.1698
-65.1655
-65.1613
-65.1572
-65.1532
-65.1493
-65.1456
-65.1419
-65.1384
-65.1349
-65.1315
-65.1283
-65.1251
-65.122
-65.119
-65.1161
-65.1132
-65.1104
-65.1077
-65.1051
-65.1026
-65.1001
-65.0977
-65.0953
-65.0931
-65.0908
-65.0887
-65.0866
-65.0845
-65.0826
-65.0806
-65.0788
-65.0769
-65.0752
-65.0734
-65.0718
-65.0701
-65.0685
-65.067
-65.0655
-65.064
-65.0626
-65.0612
-65.0599
-65.0586
-65.0573
-65.0561
-65.0549
-65.0537
-65.0526
-65.0514
-65.0504
-65.0493
-65.0483
-65.0473
-65.0464
-65.0454
-65.0445
-65.0436
-65.0428
-65.0419
-65.0411
-65.0403
-65.0395
-65.0388
-65.0381
-65.0374
-65.0367
-65.036
-65.0353
-65.0347
-65.0341
-65.0335
-65.0329
-65.0323
-65.0318
-65.0313
-65.0307
-65.0302
-65.0297
-65.0293
-65.0288
-65.0283
-65.0279
-65.0275
-65.027
-65.0266
-65.0262
-65.0259
-65.0255
-65.0251
-65.0248
-65.0244
-65.0241
-65.0238
-65.0234
-65.0231
-65.0228
-65.0225
-65.0223
-65.022
-65.0217
-65.0215
-65.0212
-65.021
-65.0207
-65.0205
-65.0203
-65.02
-65.0198
-65.0196
-65.0194
-65.0192
-65.019
-65.0188
-65.0187
-65.0185
-65.0183
-65.0181
-65.018
-65.0178
-65.0177
-65.0175
-65.0174
-65.0172
-65.0171
-65.017
-65.0168
-65.0167
-65.0166
-65.0165
-65.0163
-65.0162
-65.0161
-65.016
-65.0159
-65.0158
-65.0157
-65.0156
-65.0155
-65.0154
-65.0153
-65.0153
-65.0152
-65.0151
-65.015
-65.0149
-65.0149
-65.0148
-65.0147
-65.0147
-65.0146
-65.0145
-65.0145
-65.0144
-65.0143
-65.0143
-65.0142
-65.0142
-65.0141
-65.0141
-65.014
-65.014
-65.0139
-65.0139
-65.0138
-65.0138
-65.0137
-65.0137
-65.0137
-65.0136
-65.0136
-65.0135
-65.0135
-65.0135
-65.0134
-65.0134
-65.0134
-65.0133
-65.0133
-65.0133
-65.0133
-65.0132
-65.0132
-65.0132
-65.0131
-65.0131
-65.0131
-65.0131
-65.0131
-65.013
-65.013
-65.013
-65.013
-65.0129
-65.0129
-65.0129
-65.0129
-65.0129
-65.0129
-65.0128
-65.0128
-65.0128
-65.0128
-65.0128
-65.0128
-65.0127
-65.0127
-65.0127
-65.0127
-65.0127
-65.0127
-65.0127
-65.0127
-65.0126
-65.0126
-65.0126
-65.0126
-65.0126
-65.0126
-65.0126
-65.0126
-65.0126
-65.0126
-65.0125
-65.0125
-65.0125
-65.0125
-65.0125
-65.0125
-65.0125
-65.0125
-65.0125
-65.0125
-65.0125
-65.0125
-65.0125
-65.0124
-65.0124
-65.0124
-65.0124
-65.0124
-65.0124
-65.0124
-65.0124
-65.0124
-65.0124
-65.0124
-65.0124
-65.0124
-65.0124
-65.0124
-65.0124
-65.0124
-65.0124
-65.0124
-65.0124
-65.0124
-65.0124
-65.0124
-65.0123
-65.0123
-65.0123
-65.0123
-65.0123
-65.0123
-65.0123
-65.0123
-65.0123
-65.0123
-65.0123
-65.0123
-65.0123
-65.0123
-65.0123
-65.0123
-65.0123
-65.0123
-65.0123
-65.0123
-65.0123
-65.0123
-65.0123
-65.0123
-65.0123
-65.0123
-65.0123
-65.0123
-65.0123
-65.0123
-65.0123
-65.0123
-65.0123
-65.0123
-65.0123
-65.0123
-65.0123
-65.0123
-65.0123
-65.0123
-65.0123
-65.0123
-65.0123
-65.0123
-65.0123
-65.0123
-65.0123
-65.0123
-65.0123
-65.0123
-65.0123
-65.0123
-65.0123
-65.0123
-65.0123
-65.0123
-65.0123
-65.0123
-65.0123
-65.0123
-65.0123
-65.0123
-65.0123
-65.0123
-65.0123
-65.0123
-65.0123
-65.0123
-65.0123
-65.0123
-65.0123
-65.0123
-65.0123
-65.0123
-64.8272
-64.6749
-64.5616
-64.4807
-64.4179
-64.3677
-64.3273
-64.2951
-64.2696
-64.2499
-64.2351
-64.2244
-64.2173
-64.2132
-64.2117
-64.2125
-64.2152
-64.2195
-64.2252
-64.2321
-64.2401
-64.2489
-64.2584
-64.2685
-64.2792
-64.2902
-64.3016
-64.3133
-64.3251
-64.3371
-64.3491
-64.3613
-64.3734
-64.3855
-64.3456
-64.2321
-64.1589
-64.1065
-64.0712
-64.0455
-64.027
-64.0142
-64.0062
-64.0021
-64.0014
-64.0034
-64.0079
-64.0143
-64.0224
-63.9985
-63.9494
-63.9198
-63.879
-63.8148
-63.7733
-63.7269
-63.5123
-63.3632
-63.1587
-62.9525
-62.7602
-62.3068
-61.9256
-61.5053
-61.1443
-60.744
-60.4595
-60.2441
-60.0401
-59.8696
-59.737
-59.4243
-59.1695
-58.9854
-58.8615
-58.7786
-58.6996
-58.6397
-58.6084
-58.6004
-58.6112
-58.6367
-58.6746
-58.7229
-58.7779
-58.7547
-58.7471
-58.6934
-58.6807
-58.6671
-58.6628
-58.6827
-58.7135
-58.7193
-58.7491
-58.794
-58.8523
-58.8664
-58.8634
-58.8867
-58.929
-58.9856
-59.0513
-59.1241
-59.1943
-59.2245
-59.2365
-59.1972
-59.1623
-59.1625
-59.1868
-59.2278
-59.28
-59.3408
-59.4086
-59.4819
-59.5596
-59.6409
-59.725
-59.7755
-59.772
-59.7949
-59.8354
-59.8896
-59.9515
-60.0188
-60.056
-60.0911
-60.111
-60.1356
-60.1378
-60.1426
-60.0764
-59.9712
-59.8301
-59.6531
-59.3814
-59.1213
-58.936
-58.8165
-58.7025
-58.5609
-58.343
-58.1773
-57.9895
-57.8548
-57.7727
-57.7305
-57.7174
-57.634
-57.5765
-57.5559
-57.5658
-57.5973
-57.6448
-57.696
-57.7317
-57.7875
-57.8563
-57.9366
-58.0248
-58.1192
-58.2185
-58.3218
-58.4283
-58.5373
-58.6481
-58.7603
-58.8734
-58.9871
-59.1009
-59.2145
-59.3278
-59.4405
-59.5524
-59.6633
-59.7731
-59.8817
-59.9889
-60.0947
-60.1989
-60.3016
-60.4025
-60.5019
-60.5995
-60.6953
-60.7894
-60.8817
-60.9722
-61.0609
-61.1478
-61.2329
-61.3162
-61.3977
-61.4775
-61.5555
-61.6318
-61.7064
-61.7793
-61.8506
-61.9202
-61.9882
-62.0547
-62.1195
-62.1828
-62.2447
-62.305
-62.3639
-62.4214
-62.4775
-62.5322
-62.5856
-62.6377
-62.6886
-62.7382
-62.7865
-62.8337
-62.8797
-62.9246
-62.9684
-63.011
-63.0527
-63.0932
-63.1328
-63.1714
-63.209
-63.2457
-63.2815
-63.3163
-63.3469
-63.3271
-63.3233
-63.3275
-63.3388
-63.3534
-63.3108
-63.2268
-63.1363
-63.0139
-62.7227
-62.2634
-61.6926
-61.1378
-60.6312
-60.2464
-59.9605
-59.7455
-59.582
-59.3906
-59.2066
-59.0792
-58.9846
-58.8988
-58.8474
-58.8211
-58.8167
-58.8292
-58.8556
-58.8939
-58.9422
-58.9989
-59.049
-59.0831
-59.0831
-59.0446
-59.0039
-58.9662
-58.9539
-58.9672
-58.9994
-59.0449
-59.1004
-59.1384
-59.1719
-59.2213
-59.282
-59.3193
-59.3519
-59.3164
-59.2776
-59.2747
-59.2642
-59.2656
-59.2888
-59.3281
-59.3793
-59.439
-59.5057
-59.57
-59.5966
-59.6431
-59.7005
-59.7673
-59.8395
-59.8802
-59.9297
-59.9887
-60.056
-60.1282
-60.2037
-60.2816
-60.3342
-60.3769
-60.3835
-60.4059
-60.3686
-60.3132
-60.265
-60.1474
-59.9876
-59.852
-59.7527
-59.6742
-59.6331
-59.6172
-59.5881
-59.561
-59.5599
-59.5409
-59.4363
-59.3113
-59.2045
-59.0838
-58.927
-58.7923
-58.6709
-58.5903
-58.4724
-58.3543
-58.287
-58.2196
-58.1625
-58.1197
-58.0615
-58.0425
-58.0095
-57.9691
-57.9618
-57.9806
-58.0197
-58.0732
-58.1157
-58.158
-58.2171
-58.2671
-58.3171
-58.3824
-58.4587
-58.5436
-58.6343
-58.7296
-58.8284
-58.9299
-59.0335
-59.1387
-59.2449
-59.3517
-59.4587
-59.5658
-59.6726
-59.7788
-59.8844
-59.989
-60.0926
-60.1949
-60.296
-60.3958
-60.4941
-60.5909
-60.6861
-60.7798
-60.8718
-60.9622
-61.0508
-61.1378
-61.2231
-61.3066
-61.3884
-61.4686
-61.547
-61.6238
-61.6989
-61.7724
-61.8442
-61.9144
-61.983
-62.0501
-62.1156
-62.1796
-62.242
-62.303
-62.3626
-62.4207
-62.4775
-62.5328
-62.5869
-62.6396
-62.6911
-62.7413
-62.7902
-62.838
-62.8846
-62.93
-62.9744
-63.0176
-63.0597
-63.1008
-63.1409
-63.18
-63.2181
-63.2552
-63.2915
-63.3268
-63.3612
-63.3948
-63.4275
-63.4594
-63.4905
-63.5208
-63.5504
-63.5792
-63.6073
-63.6347
-63.6614
-63.6875
-63.7129
-63.7376
-63.7457
-63.6057
-63.3374
-63.1521
-62.9786
-62.8465
-62.7487
-62.6767
-62.5345
-62.4108
-62.2691
-61.9938
-61.7448
-61.5597
-61.356
-60.9101
-60.5208
-60.243
-60.0456
-59.9022
-59.6867
-59.5336
-59.4257
-59.356
-59.3134
-59.2145
-59.1275
-59.0772
-59.0571
-59.0589
-59.0703
-59.0347
-58.9461
-58.8787
-58.8039
-58.7356
-58.6821
-58.6641
-58.6532
-58.626
-58.5851
-58.5549
-58.5567
-58.5807
-58.6213
-58.674
-58.7365
-58.7929
-58.7837
-58.807
-58.8486
-58.9066
-58.9743
-59.0492
-59.1297
-59.2148
-59.2693
-59.3322
-59.4042
-59.484
-59.5683
-59.6558
-59.7455
-59.8368
-59.9293
-60.0223
-60.1158
-60.2092
-60.3024
-60.3952
-60.4873
-60.5787
-60.6692
-60.7586
-60.8469
-60.9341
-61.0199
-61.1044
-61.1875
-61.2691
-61.3494
-61.4001
-61.4379
-61.4858
-61.5393
-61.5967
-61.6557
-61.708
-61.7206
-61.7281
-61.6984
-61.6525
-61.5846
-61.5093
-61.4691
-61.4517
-61.3975
-61.2885
-61.1215
-60.8602
-60.6515
-60.4395
-60.2549
-60.057
-59.9039
-59.7677
-59.6185
-59.3618
-59.1009
-58.9065
-58.7769
-58.6622
-58.5903
-58.5492
-58.5344

