-70
-70.0758
-70.1508
-70.225
-70.2983
-70.3706
-70.4419
-70.5122
-70.5814
-70.6496
-70.7168
-70.7829
-70.848
-70.9121
-70.9752
-71.0373
-71.0984
-71.1586
-71.2178
-71.2761
-71.3334
-71.3899
-71.4455
-71.5003
-71.5543
-71.6074
-71.6598
-71.7114
-71.7623
-71.8124
-71.8619
-71.9106
-71.9587
-72.006
-72.0527
-72.0988
-72.1442
-72.1889
-72.2331
-72.2766
-72.3196
-72.362
-72.4038
-72.445
-72.4857
-72.5258
-72.5654
-72.6045
-72.6431
-72.6812
-72.7188
-72.756
-72.7927
-72.8289
-72.8647
-72.9
-72.9349
-72.9694
-73.0035
-73.0371
-73.0704
-73.1032
-73.1357
-73.1678
-73.1994
-73.2307
-73.2617
-73.2922
-73.3224
-73.3523
-73.3817
-73.4109
-73.4397
-73.4682
-73.4963
-73.5241
-73.5516
-73.5788
-73.6057
-73.6323
-73.6585
-73.6845
-73.7102
-73.7356
-73.7608
-73.7857
-73.8103
-73.8346
-73.8587
-73.8825
-73.9061
-73.9294
-73.9524
-73.9753
-73.9979
-74.0202
-74.0423
-74.0642
-74.0859
-74.1073
-74.1285
-74.1495
-74.1703
-74.1909
-74.2112
-74.2313
-74.2513
-74.271
-74.2905
-74.3098
-74.329
-74.3479
-74.3666
-74.3852
-74.4036
-74.4217
-74.4397
-74.4575
-74.4752
-74.4926
-74.5099
-74.527
-74.544
-74.5607
-74.5774
-74.5938
-74.6101
-74.6262
-74.6422
-74.658
-74.6736
-74.6891
-74.7045
-74.7197
-74.7347
-74.7496
-74.7644
-74.779
-74.7935
-74.8079
-74.8221
-74.8362
-74.8501
-74.864
-74.8777
-74.8913
-74.9047
-74.918
-74.9313
-74.9443
-74.9573
-74.9701
-74.9829
-74.9955
-75.008
-75.0204
-75.0327
-75.0448
-75.0569
-75.0688
-75.0806
-75.0924
-75.104
-75.1155
-75.1269
-75.1382
-75.1495
-75.1606
-75.1716
-75.1825
-75.1933
-75.204
-75.2147
-75.2252
-75.2356
-75.246
-75.2562
-75.2664
-75.2764
-75.2864
-75.2963
-75.3061
-75.3158
-75.3255
-75.335
-75.3445
-75.3538
-75.3631
-75.3724
-75.3815
-75.3906
-75.3995
-75.4084
-75.4172
-75.426
-75.4346
-75.4432
-75.4518
-75.4602
-75.4686
-75.4769
-75.4851
-75.4932
-75.5013
-75.5093
-75.5173
-75.5251
-75.533
-75.5407
-75.5484
-75.556
-75.5635
-75.571
-75.5784
-75.5858
-75.593
-75.6003
-75.6074
-75.6145
-75.6216
-75.6285
-75.6355
-75.6423
-75.6491
-75.6559
-75.6626
-75.6692
-75.6758
-75.6823
-75.6888
-75.6952
-75.7015
-75.7078
-75.7141
-75.7203
-75.7264
-75.7325
-75.7386
-75.7446
-75.7505
-75.7564
-75.7622
-75.768
-75.7738
-75.7795
-75.7851
-75.7907
-75.7963
-75.8018
-75.8072
-75.8127
-75.818
-75.8234
-75.8287
-75.8339
-75.8391
-75.8443
-75.8494
-75.8545
-75.8595
-75.8645
-75.8695
-75.8744
-75.8793
-75.8841
-75.8889
-75.8937
-75.8984
-75.9031
-75.9077
-75.9123
-75.9169
-75.9214
-75.9259
-75.9304
-75.9348
-75.9392
-75.9436
-75.9479
-75.9522
-75.9565
-75.9607
-75.9649
-75.969
-75.9731
-75.9772
-75.9813
-75.9853
-75.9893
-75.9933
-75.9972
-76.0011
-76.005
-76.0088
-76.0126
-76.0164
-76.0201
-76.0239
-76.0275
-76.0312
-76.0348
-76.0384
-76.042
-76.0456
-76.0491
-76.0526
-76.056
-76.0595
-76.0629
-76.0663
-76.0696
-76.0729
-76.0762
-76.0795
-76.0828
-76.086
-76.0892
-76.0924
-76.0955
-76.0986
-76.1017
-76.1048
-76.1079
-76.1109
-76.1139
-76.1169
-76.1198
-76.1228
-76.1257
-76.1286
-76.1314
-76.1343
-76.1371
-76.1399
-76.1427
-76.1455
-76.1482
-76.1509
-76.1536
-76.1563
-76.1589
-76.1615
-76.1642
-76.1667
-76.1693
-76.1719
-76.1744
-76.1769
-76.1794
-76.1819
-76.1843
-76.1868
-76.1892
-76.1916
-76.1939
-76.1963
-76.1986
-76.201
-76.2033
-76.2056
-76.2078
-76.2101
-76.2123
-76.2145
-76.2167
-76.2189
-76.2211
-76.2232
-76.2254
-76.2275
-76.2296
-76.2317
-76.2337
-76.2358
-76.2378
-76.2398
-76.2418
-76.2438
-76.2458
-76.2478
-76.2497
-76.2516
-76.2536
-76.2554
-76.2573
-76.2592
-76.2611
-76.2629
-76.2647
-76.2665
-76.2683
-76.2701
-76.2719
-76.2737
-76.2754
-76.2771
-76.2788
-76.2806
-76.2822
-76.2839
-76.2856
-76.2872
-76.2889
-76.2905
-76.2921
-76.2937
-76.2953
-76.2969
-76.2985
-76.3
-76.3016
-76.3031
-76.3046
-76.3061
-76.3076
-76.3091
-76.3106
-76.312
-76.3135
-76.3149
-76.3164
-76.3178
-76.3192
-76.3206
-76.322
-76.3233
-76.3247
-76.3261
-76.3274
-76.3287
-76.33
-76.3314
-76.3327
-76.334
-76.3352
-76.3365
-76.3378
-76.339
-76.3403
-76.3415
-76.3427
-76.3439
-76.3452
-76.3464
-76.3475
-76.3487
-76.3499
-76.351
-76.3522
-76.3533
-76.3545
-76.3556
-76.3567
-76.3578
-76.3589
-76.36
-76.3611
-76.3622
-76.3632
-76.3643
-76.3654
-76.3664
-76.3674
-76.3685
-76.3695
-76.3705
-76.3715
-76.3725
-76.3735
-76.3745
-76.3754
-76.3764
-76.3774
-76.3783
-76.3793
-76.3802
-76.3811
-76.382
-76.383
-76.3839
-76.3848
-76.3857
-76.3866
-76.3874
-76.3883
-76.3892
-76.39
-76.3909
-76.3917
-76.3926
-76.3934
-76.3943
-76.3951
-76.3959
-76.3967
-76.3975
-76.3983
-76.3991
-76.3999
-76.4007
-76.4014
-76.4022
-76.403
-76.4037
-76.4045
-76.4052
-76.406
-76.4067
-76.4074
-76.4082
-76.4089
-76.4096
-76.4103
-76.411
-76.4117
-76.4124
-76.4131
-75.6512
-71.369
-67.6874
-64.9138
-62.7527
-60.9543
-59.2548
-57.2071
-52.8833
44.04
-9.08953
-40.214
-78.4238
-79.1288
-79.0318
-78.9139
-78.7844
-78.6436
-78.4917
-78.062
-75.9035
-74.5298
-73.7361
-73.2986
-72.921
-72.5567
-72.3625
-72.3445
-72.2653
-72.3783
-72.7109
-70.7076
-69.1014
-68.1904
-67.6442
-67.2988
-67.0719
-66.9197
-66.8175
-66.7507
-66.7103
-66.6904
-66.6871
-66.6973
-66.7192
-66.751
-66.7916
-66.8398
-66.8949
-66.956
-67.0225
-67.0937
-67.1693
-67.2486
-67.3312
-67.4167
-67.5046
-67.5946
-67.6862
-67.7792
-67.8732
-67.968
-68.0633
-68.1589
-67.1188
-64.0628
-61.5657
-59.5284
-57.5382
-54.7066
-38.9557
9.73596
-27.7743
-72.9634
-79.5418
-79.5943
-79.5465
-79.4905
-77.7922
-76.7236
-76.207
-75.806
-75.4499
-75.1076
-74.771
-74.4404
-74.1177
-72.8841
-70.2145
-68.2603
-66.8968
-65.8923
-65.1204
-64.7765
-65.2945
-65.7341
-66.0406
-66.6597
-68.2444
-69.9233
-71.1881
-72.2559
-72.9054
-73.2867
-73.522
-73.6739
-73.7763
-73.8482
-73.9007
-73.9406
-73.9722
-73.9981
-74.0202
-74.0397
-74.0575
-74.0741
-74.0899
-74.1053
-74.1204
-74.1353
-74.1503
-74.1653
-74.1804
-74.1956
-74.2109
-74.2264
-74.2421
-74.2579
-74.2738
-74.2898
-74.306
-74.3222
-74.3385
-74.3549
-74.3713
-74.3877
-74.4042
-74.4207
-74.4371
-74.4536
-74.47
-74.4864
-74.5027
-74.5189
-74.5351
-74.5512
-74.5672
-74.5832
-74.599
-74.6147
-74.6304
-74.6459
-74.6613
-74.6766
-74.6918
-74.7069
-74.7218
-74.7366
-74.7514
-74.7659
-74.7804
-74.7948
-74.809
-74.8231
-74.8371
-74.851
-74.8647
-74.8784
-74.8919
-74.9053
-74.9186
-74.9317
-74.9448
-74.9577
-74.9705
-74.9832
-74.9958
-75.0083
-73.5315
-69.424
-66.1167
-63.6035
-61.5973
-59.8283
-57.9366
-54.9105
-18.8182
6.2284
-29.3053
-75.0297
-79.0565
-78.9847
-78.8616
-78.7256
-78.5776
-78.4175
-78.246
-78.0639
-76.644
-74.3728
-72.9757
-72.1992
-71.7566
-71.3658
-71.0023
-70.6642
-70.5708
-70.7406
-70.8256
-70.9263
-70.808
-69.0745
-67.9075
-67.2338
-66.8247
-66.5675
-66.4034
-66.2996
-66.237
-66.204
-66.1932
-66.1998
-66.2204
-66.2528
-66.295
-66.3458
-66.5629
-67.514
-68.3391
-68.9687
-69.4585
-69.8464
-70.1588
-70.4147
-70.6273
-70.8068
-70.9603
-71.0934
-68.913
-65.7491
-63.3803
-61.5802
-60.0982
-58.7071
-57.0947
-54.3291
-28.6748
5.22078
-29.9547
-75.1641
-79.6586
-79.6919
-79.6552
-79.6122
-79.5648
-79.513
-79.4571
-78.0948
-75.3355
-73.7525
-72.7583
-72.0123
-71.3894
-70.8396
-70.3411
-69.8847
-69.4659
-69.0829
-67.4049
-64.7891
-62.7589
-61.1583
-59.7649
-58.3548
-56.5286
-52.5316
44.6115
-9.70292
-40.9887
-78.7282
-79.6201
-79.5781
-79.5263
-79.4304
-79.2489
-79.136
-79.041
-78.921
-78.6352
-78.3392
-77.974
-77.6603
-77.451
-77.2944
-77.1658
-77.0546
-76.956
-76.8675
-76.7876
-76.7154
-76.6502
-76.5914
-76.5386
-76.4913
-76.449
-76.4113
-76.3778
-76.3482
-76.3221
-76.2991
-76.2789
-76.2614
-76.2461
-76.2328
-76.2214
-76.2116
-76.2033
-76.1963
-76.1904
-76.1855
-76.1815
-76.1783
-76.1758
-76.1739
-76.1726
-76.1717
-76.1712
-76.1711
-76.1714
-76.1719
-76.1726
-76.1735
-76.1747
-76.176
-76.1774
-76.1789
-76.1806
-76.1823
-76.1841
-76.186
-76.188
-76.1899
-76.1919
-76.194
-76.1961
-76.1981
-76.2002
-76.2024
-76.2045
-76.2066
-76.2087
-76.2109
-76.213
-76.2151
-76.2172
-76.2193
-76.2214
-76.2235
-76.2256
-76.2277
-76.2298
-76.2318
-76.2338
-76.2359
-76.2379
-76.2399
-76.2419
-76.2438
-76.2458
-76.2478
-76.2497
-76.2516
-76.2535
-76.2554
-76.2573
-76.2592
-76.1031
-72.0963
-68.2323
-65.319
-63.0664
-61.2191
-59.5191
-57.5716
-53.976
44.9383
-2.64273
-34.7178
-77.5269
-79.0598
-78.9633
-78.8375
-78.6992
-78.5488
-78.3864
-78.2126
-78.0283
-77.5393
-74.9099
-73.0325
-71.8405
-70.9642
-70.2545
-70.0803
-70.0017
-69.8701
-69.7135
-69.5503
-69.3908
-68.3715
-66.5369
-65.3706
-65.9075
-66.7952
-67.3391
-67.6736
-67.891
-68.0407
-68.1501
-68.2353
-68.3058
-68.3675
-68.6125
-69.3498
-69.9354
-70.3621
-70.6817
-70.9273
-71.1207
-71.2765
-71.4047
-71.5126
-71.605
-71.6857
-71.7575
-71.8223
-71.8817
-71.9368
-71.9885
-72.0375
-72.0843
-72.1294
-72.1731
-72.2155
-72.257
-72.2977
-72.3377
-72.0097
-68.4321
-65.217
-62.7908
-60.8491
-59.0975
-57.1105
-53.4051
44.9627
-5.33584
-36.6864
-78.1963
-79.6844
-79.6704
-79.6294
-79.5831
-79.5323
-79.4769
-79.417
-79.3528
-79.2847
-78.8067
-75.2579
-72.6438
-70.9589
-69.7553
-68.8276
-68.0747
-67.4432
-66.9033
-66.4366
-65.5034
-63.1374
-61.1094
-59.3803
-57.5704

