-70
-69.8623
-69.7285
-69.5983
-69.4718
-69.3487
-69.2291
-69.1128
-68.9997
-68.8897
-68.7828
-68.6789
-68.5778
-68.4795
-68.3839
-68.291
-68.2007
-68.1128
-68.0274
-67.9443
-67.8636
-67.7851
-67.7087
-67.6345
-67.5623
-67.4921
-67.4238
-67.3574
-67.2929
-67.2301
-67.1691
-67.1098
-67.0521
-66.996
-66.9414
-66.8884
-66.8368
-66.7866
-66.7378
-66.6904
-66.6443
-66.5994
-66.5558
-66.5133
-66.4721
-66.432
-66.393
-66.355
-66.3181
-66.2823
-66.2474
-66.2134
-66.1805
-66.1484
-66.1172
-66.0868
-66.0573
-66.0286
-66.0007
-65.9736
-65.9472
-65.9215
-65.8966
-65.8723
-65.8487
-65.8257
-65.8034
-65.7817
-65.7606
-65.74
-65.72
-65.7006
-65.6817
-65.6633
-65.6455
-65.6281
-65.6112
-65.5948
-65.5788
-65.5632
-65.5481
-65.5334
-65.5191
-65.5052
-65.4917
-65.4785
-65.4657
-65.4533
-65.4412
-65.4294
-65.418
-65.4068
-65.396
-65.3855
-65.3752
-65.3653
-65.3556
-65.3462
-65.337
-65.3281
-65.3194
-65.311
-65.3028
-65.2948
-65.2871
-65.2795
-65.2722
-65.2651
-65.2581
-65.2514
-65.2448
-65.2385
-65.2322
-65.2262
-65.2203
-65.2146
-65.2091
-65.2037
-65.1984
-65.1933
-65.1884
-65.1835
-65.1788
-65.1743
-65.1698
-65.1655
-65.1613
-65.1572
-65.1532
-65.1493
-65.1456
-65.1419
-65.1384
-65.1349
-65.1315
-65.1283
-65.1251
-65.122
-65.119
-65.1161
-65.1132
-65.1104
-65.1077
-65.1051
-65.1026
-65.1001
-65.0977
-65.0953
-65.0931
-65.0908
-65.0887
-65.0866
-65.0845
-65.0826
-65.0806
-65.0788
-65.0769
-65.0752
-65.0734
-65.0718
-65.0701
-65.0685
-65.067
-65.0655
-65.064
-65.0626
-65.0612
-65.0599
-65.0586
-65.0573
-65.0561
-65.0549
-65.0537
-65.0526
-65.0514
-65.0504
-65.0493
-65.0483
-65.0473
-65.0464
-65.0454
-65.0445
-65.0436
-65.0428
-65.0419
-65.0411
-65.0403
-65.0395
-65.0388
-65.0381
-65.0374
-65.0367
-65.036
-65.0353
-65.0347
-65.0341
-65.0335
-65.0329
-65.0323
-65.0318
-65.0313
-65.0307
-65.0302
-65.0297
-65.0293
-65.0288
-65.0283
-65.0279
-65.0275
-65.027
-65.0266
-65.0262
-65.0259
-65.0255
-65.0251
-65.0248
-65.0244
-65.0241
-65.0238
-65.0234
-65.0231
-65.0228
-65.0225
-65.0223
-65.022
-65.0217
-65.0215
-65.0212
-65.021
-65.0207
-65.0205
-65.0203
-65.02
-65.0198
-65.0196
-65.0194
-65.0192
-65.019
-65.0188
-65.0187
-65.0185
-65.0183
-65.0181
-65.018
-65.0178
-65.0177
-65.0175
-65.0174
-65.0172
-65.0171
-65.017
-65.0168
-65.0167
-65.0166
-65.0165
-65.0163
-65.0162
-65.0161
-65.016
-65.0159
-65.0158
-65.0157
-65.0156
-65.0155
-65.0154
-65.0153
-65.0153
-65.0152
-65.0151
-65.015
-65.0149
-65.0149
-65.0148
-65.0147
-65.0147
-65.0146
-65.0145
-65.0145
-65.0144
-65.0143
-65.0143
-65.0142
-65.0142
-65.0141
-65.0141
-65.014
-65.014
-65.0139
-65.0139
-65.0138
-65.0138
-65.0137
-65.0137
-65.0137
-65.0136
-65.0136
-65.0135
-65.0135
-65.0135
-65.0134
-65.0134
-65.0134
-65.0133
-65.0133
-65.0133
-65.0133
-65.0132
-65.0132
-65.0132
-65.0131
-65.0131
-65.0131
-65.0131
-65.0131
-65.013
-65.013
-65.013
-65.013
-65.0129
-65.0129
-65.0129
-65.0129
-65.0129
-65.0129
-65.0128
-65.0128
-65.0128
-65.0128
-65.0128
-65.0128
-65.0127
-65.0127
-65.0127
-65.0127
-65.0127
-65.0127
-65.0127
-65.0127
-65.0126
-65.0126
-65.0126
-65.0126
-65.0126
-65.0126
-65.0126
-65.0126
-65.0126
-65.0126
-65.0125
-65.0125
-65.0125
-65.0125
-65.0125
-65.0125
-65.0125
-65.0125
-65.0125
-65.0125
-65.0125
-65.0125
-65.0125
-65.0124
-65.0124
-65.0124
-65.0124
-65.0124
-65.0124
-65.0124
-65.0124
-65.0124
-65.0124
-65.0124
-65.0124
-65.0124
-65.0124
-65.0124
-65.0124
-65.0124
-65.0124
-65.0124
-65.0124
-65.0124
-65.0124
-65.0124
-65.0123
-65.0123
-65.0123
-65.0123
-65.0123
-65.0123
-65.0123
-65.0123
-65.0123
-65.0123
-65.0123
-65.0123
-65.0123
-65.0123
-65.0123
-65.0123
-65.0123
-65.0123
-65.0123
-65.0123
-65.0123
-65.0123
-65.0123
-65.0123
-65.0123
-65.0123
-65.0123
-65.0123
-65.0123
-65.0123
-65.0123
-65.0123
-65.0123
-65.0123
-65.0123
-65.0123
-65.0123
-65.0123
-65.0123
-65.0123
-65.0123
-65.0123
-65.0123
-65.0123
-65.0123
-65.0123
-65.0123
-65.0123
-65.0123
-65.0123
-65.0123
-65.0123
-65.0123
-65.0123
-65.0123
-65.0123
-65.0123
-65.0123
-65.0123
-65.0123
-65.0123
-65.0123
-65.0123
-65.0123
-65.0123
-65.0123
-65.0123
-65.0123
-65.0123
-65.0123
-65.0123
-65.0123
-65.0123
-65.0123
-65.0123
-65.0123
-65.0123
-65.0123
-65.0123
-65.0123
-65.0123
-65.0123
-65.0122
-65.0122
-65.0122
-65.0122
-65.0122
-65.0122
-65.0122
-65.0122
-65.0122
-65.0122
-65.0122
-65.0122
-65.0122
-65.0122
-65.0122
-65.0122
-65.0122
-65.0122
-65.0122
-65.0122
-65.0122
-65.0122
-65.0122
-65.0122
-65.0122
-65.0122
-64.986
-64.9225
-64.8795
-64.847
-64.8232
-64.8044
-64.7892
-64.7771
-64.7674
-64.7598
-64.7541
-64.7498
-64.7468
-64.7449
-64.744
-64.7101
-64.6503
-64.6098
-64.5802
-64.4247
-64.3118
-64.2088
-64.0162
-63.8523
-63.6851
-63.4712
-63.2323
-62.6963
-62.3099
-61.8948
-61.5999
-61.363
-61.1273
-60.952
-60.7729
-60.6228
-60.5138
-60.3865
-60.2582
-60.168
-60.1094
-60.0761
-60.0613
-60.0616
-60.0744
-60.0914
-60.0789
-60.0882
-60.1088
-60.1001
-60.1125
-60.1385
-60.1768
-60.2232
-60.2758
-60.3335
-60.3952
-60.4602
-60.5278
-60.5976
-60.6691
-60.7419
-60.7821
-60.8146
-60.8191
-60.8438
-60.8803
-60.9264
-60.978
-60.9888
-61.0041
-61.0332
-61.073
-61.1195
-61.1704
-61.1911
-61.2005
-61.2258
-61.2613
-61.3043
-61.3518
-61.356
-61.3752
-61.4047
-61.4432
-61.487
-61.5343
-61.5703
-61.5716
-61.5912
-61.5678
-61.5616
-61.5709
-61.5929
-61.5931
-61.5325
-61.4572
-61.4186
-61.3782
-61.3186
-61.1746
-61.0349
-60.9061
-60.7918
-60.6659
-60.53
-60.298
-60.009
-59.7705
-59.5718
-59.4402
-59.3521
-59.2974
-59.2678
-59.2588
-59.2518
-59.226
-59.2039
-59.2078
-59.2133
-59.2069
-59.1892
-59.1996
-59.2286
-59.2723
-59.3261
-59.388
-59.4563
-59.53
-59.6079
-59.6894
-59.7736
-59.86
-59.948
-60.0372
-60.1273
-60.2178
-60.3085
-60.3992
-60.4896
-60.5795
-60.6689
-60.7575
-60.8452
-60.932
-61.0176
-61.1021
-61.1854
-61.2673
-61.348
-61.4272
-61.5051
-61.5816
-61.6566
-61.7302
-61.8024
-61.8731
-61.9424
-62.0103
-62.0767
-62.1417
-62.2052
-62.2674
-62.3281
-62.3875
-62.4455
-62.5022
-62.5576
-62.6117
-62.6646
-62.7162
-62.7665
-62.8157
-62.8637
-62.9105
-62.9562
-63.0008
-63.0442
-63.0867
-63.1281
-63.1684
-63.2078
-63.2462
-63.2836
-63.3201
-63.3557
-63.3904
-63.4243
-63.4573
-63.4894
-63.5208
-63.5514
-63.5812
-63.6103
-63.6386
-63.6133
-63.4857
-63.4058
-63.3521
-63.3195
-63.2887
-63.2161
-63.1174
-62.9745
-62.8246
-62.6816
-62.4062
-61.9127
-61.5595
-61.1612
-60.8444
-60.6097
-60.437
-60.3086
-60.2139
-60.1468
-60.1027
-60.0696
-60.0286
-60.0023
-59.9667
-59.9574
-59.9649
-59.9871
-59.9907
-59.9978
-60.0013
-59.9607
-59.9532
-59.965
-59.9568
-59.9273
-59.9264
-59.9443
-59.9776
-59.9633
-59.9427
-59.9056
-59.9006
-59.9162
-59.9239
-59.9228
-59.9027
-59.8981
-59.8836
-59.8663
-59.8526
-59.8641
-59.8921
-59.9327
-59.9822
-60.0387
-60.0931
-60.1097
-60.1466
-60.1944
-60.252
-60.3152
-60.3827
-60.4534
-60.5266
-60.6018
-60.6783
-60.7559
-60.8341
-60.9126
-60.9912
-61.0697
-61.1478
-61.186
-61.2301
-61.2817
-61.3368
-61.3527
-61.3541
-61.3647
-61.378
-61.3689
-61.3675
-61.3433
-61.3205
-61.2923
-61.248
-61.1452
-61.0528
-61.001
-60.9233
-60.7238
-60.4946
-60.3262
-60.1748
-60.0455
-59.9376
-59.8509
-59.6847
-59.5837
-59.4913
-59.4396
-59.4145
-59.4118
-59.4258
-59.4533
-59.4921
-59.5402
-59.5962
-59.6138
-59.6211
-59.643
-59.6434
-59.6305
-59.6438
-59.6754
-59.7209
-59.7756
-59.8374
-59.9047
-59.9766
-60.0521
-60.1305
-60.2111
-60.2934
-60.3769
-60.4613
-60.5463
-60.6314
-60.7165
-60.8014
-60.8859
-60.9698
-61.0529
-61.1352
-61.2165
-61.2968
-61.376
-61.454
-61.5308
-61.6063
-61.6805
-61.7534
-61.825
-61.8952
-61.9641
-62.0316
-62.0977
-62.1624
-62.2258
-62.2878
-62.3485
-62.4079
-62.4659
-62.5226
-62.5781
-62.6322
-62.6851
-62.7368
-62.7873
-62.8366
-62.8847
-62.9317
-62.9775
-63.0222
-63.0659
-63.1084
-63.15
-63.1905
-63.23
-63.2686
-63.3061
-63.3428
-63.3785
-63.4134
-63.4474
-63.4805
-63.5128
-63.5443
-63.575
-63.605
-63.6341
-63.6626
-63.6903
-63.7174
-63.7437
-63.7694
-63.7945
-63.8189
-63.8427
-63.8659
-63.8885
-63.9106
-63.9321
-63.953
-63.9735
-63.9934
-64.0128
-63.9526
-63.88
-63.817
-63.6791
-63.5065
-63.3499
-63.2403
-63.1245
-62.9714
-62.8507
-62.5926
-62.4031
-62.2546
-62.024
-61.5727
-61.2154
-60.9569
-60.7725
-60.6358
-60.534
-60.4605
-60.4103
-60.3798
-60.3657
-60.3396
-60.325
-60.3048
-60.2885
-60.2631
-60.2523
-60.229
-60.1736
-60.1395
-60.0834
-60.0026
-59.9616
-59.941
-59.8795
-59.8412
-59.8131
-59.7824
-59.7794
-59.7943
-59.7904
-59.7721
-59.7597
-59.7719
-59.8007
-59.8421
-59.8601
-59.8525
-59.8494
-59.8697
-59.9059
-59.9534
-59.9432
-59.9453
-59.9672
-60.0059
-60.0551
-60.1116
-60.174
-60.2409
-60.3115
-60.385
-60.4608
-60.5382
-60.617
-60.6965
-60.7767
-60.8571
-60.9374
-61.0176
-61.0974
-61.1766
-61.2551
-61.3328
-61.4096
-61.4854
-61.528
-61.5646
-61.6104
-61.6621
-61.7174
-61.7746
-61.8327
-61.8915
-61.9507
-62.0098
-62.0688
-62.1275
-62.1831
-62.1848
-62.1641
-62.1657
-62.1808
-62.2053
-62.1982
-62.1399
-61.9546
-61.6799
-61.4967
-61.3031
-61.0639
-60.8332
-60.6029
-60.2855
-60.0704
-59.9169
-59.8134
-59.7431
-59.6991
-59.6766
-59.6721

