-70
-70.0758
-70.1508
-70.225
-70.2983
-70.3706
-70.4419
-70.5122
-70.5814
-70.6496
-70.7168
-70.7829
-70.848
-70.9121
-70.9752
-71.0373
-71.0984
-71.1586
-71.2178
-71.2761
-71.3334
-71.3899
-71.4455
-71.5003
-71.5543
-71.6074
-71.6598
-71.7114
-71.7623
-71.8124
-71.8619
-71.9106
-71.9587
-72.006
-72.0527
-72.0988
-72.1442
-72.1889
-72.2331
-72.2766
-72.3196
-72.362
-72.4038
-72.445
-72.4857
-72.5258
-72.5654
-72.6045
-72.6431
-72.6812
-72.7188
-72.756
-72.7927
-72.8289
-72.8647
-72.9
-72.9349
-72.9694
-73.0035
-73.0371
-73.0704
-73.1032
-73.1357
-73.1678
-73.1994
-73.2307
-73.2617
-73.2922
-73.3224
-73.3523
-73.3817
-73.4109
-73.4397
-73.4682
-73.4963
-73.5241
-73.5516
-73.5788
-73.6057
-73.6323
-73.6585
-73.6845
-73.7102
-73.7356
-73.7608
-73.7857
-73.8103
-73.8346
-73.8587
-73.8825
-73.9061
-73.9294
-73.9524
-73.9753
-73.9979
-74.0202
-74.0423
-74.0642
-74.0859
-74.1073
-74.1285
-74.1495
-74.1703
-74.1909
-74.2112
-74.2313
-74.2513
-74.271
-74.2905
-74.3098
-74.329
-74.3479
-74.3666
-74.3852
-74.4036
-74.4217
-74.4397
-74.4575
-74.4752
-74.4926
-74.5099
-74.527
-74.544
-74.5607
-74.5774
-74.5938
-74.6101
-74.6262
-74.6422
-74.658
-74.6736
-74.6891
-74.7045
-74.7197
-74.7347
-74.7496
-74.7644
-74.779
-74.7935
-74.8079
-74.8221
-74.8362
-74.8501
-74.864
-74.8777
-74.8913
-74.9047
-74.918
-74.9313
-74.9443
-74.9573
-74.9701
-74.9829
-74.9955
-75.008
-75.0204
-75.0327
-75.0448
-75.0569
-75.0688
-75.0806
-75.0924
-75.104
-75.1155
-75.1269
-75.1382
-75.1495
-75.1606
-75.1716
-75.1825
-75.1933
-75.204
-75.2147
-75.2252
-75.2356
-75.246
-75.2562
-75.2664
-75.2764
-75.2864
-75.2963
-75.3061
-75.3158
-75.3255
-75.335
-75.3445
-75.3538
-75.3631
-75.3724
-75.3815
-75.3906
-75.3995
-75.4084
-75.4172
-75.426
-75.4346
-75.4432
-75.4518
-75.4602
-75.4686
-75.4769
-75.4851
-75.4932
-75.5013
-75.5093
-75.5173
-75.5251
-75.533
-75.5407
-75.5484
-75.556
-75.5635
-75.571
-75.5784
-75.5858
-75.593
-75.6003
-75.6074
-75.6145
-75.6216
-75.6285
-75.6355
-75.6423
-75.6491
-75.6559
-75.6626
-75.6692
-75.6758
-75.6823
-75.6888
-75.6952
-75.7015
-75.7078
-75.7141
-75.7203
-75.7264
-75.7325
-75.7386
-75.7446
-75.7505
-75.7564
-75.7622
-75.768
-75.7738
-75.7795
-75.7851
-75.7907
-75.7963
-75.8018
-75.8072
-75.8127
-75.818
-75.8234
-75.8287
-75.8339
-75.8391
-75.8443
-75.8494
-75.8545
-75.8595
-75.8645
-75.8695
-75.8744
-75.8793
-75.8841
-75.8889
-75.8937
-75.8984
-75.9031
-75.9077
-75.9123
-75.9169
-75.9214
-75.9259
-75.9304
-75.9348
-75.9392
-75.9436
-75.9479
-75.9522
-75.9565
-75.9607
-75.9649
-75.969
-75.9731
-75.9772
-75.9813
-75.9853
-75.9893
-75.9933
-75.9972
-76.0011
-76.005
-76.0088
-76.0126
-76.0164
-76.0201
-76.0239
-76.0275
-76.0312
-76.0348
-76.0384
-76.042
-76.0456
-76.0491
-76.0526
-76.056
-76.0595
-76.0629
-76.0663
-76.0696
-76.0729
-76.0762
-76.0795
-76.0828
-76.086
-76.0892
-76.0924
-76.0955
-76.0986
-76.1017
-76.1048
-76.1079
-76.1109
-76.1139
-76.1169
-76.1198
-76.1228
-76.1257
-76.1286
-76.1314
-76.1343
-76.1371
-76.1399
-76.1427
-76.1455
-76.1482
-76.1509
-76.1536
-76.1563
-76.1589
-76.1615
-76.1642
-76.1667
-76.1693
-76.1719
-76.1744
-76.1769
-76.1794
-76.1819
-76.1843
-76.1868
-76.1892
-76.1916
-76.1939
-76.1963
-76.1986
-76.201
-76.2033
-76.2056
-76.2078
-76.2101
-76.2123
-76.2145
-76.2167
-76.2189
-76.2211
-76.2232
-76.2254
-76.2275
-76.2296
-76.2317
-76.2337
-76.2358
-76.2378
-76.2398
-76.2418
-76.2438
-76.2458
-76.2478
-76.2497
-76.2516
-76.2536
-76.2554
-76.2573
-76.2592
-76.2611
-76.2629
-76.2647
-76.2665
-76.2683
-76.2701
-76.2719
-76.2737
-76.2754
-76.2771
-76.2788
-76.2806
-76.2822
-76.2839
-76.2856
-76.2872
-76.2889
-76.2905
-76.2921
-76.2937
-76.2953
-76.2969
-76.2985
-76.3
-76.3016
-76.3031
-76.3046
-76.3061
-76.3076
-76.3091
-76.3106
-76.312
-76.3135
-76.3149
-76.3164
-76.3178
-76.3192
-76.3206
-76.322
-76.3233
-76.3247
-76.3261
-76.3274
-76.3287
-76.33
-76.3314
-76.3327
-76.334
-76.3352
-76.3365
-76.3378
-76.339
-76.3403
-76.3415
-76.3427
-76.3439
-76.3452
-76.3464
-76.3475
-76.3487
-76.3499
-76.351
-76.3522
-76.3533
-76.3545
-76.3556
-76.3567
-76.3578
-76.3589
-76.36
-76.3611
-76.3622
-76.3632
-76.3643
-76.3654
-76.3664
-76.3674
-76.3685
-76.3695
-76.3705
-76.3715
-76.3725
-76.3735
-76.3745
-76.3754
-76.3764
-76.3774
-76.3783
-76.3793
-76.3802
-76.3811
-76.382
-76.383
-76.3839
-76.3848
-76.3857
-76.3866
-76.3874
-76.3883
-76.3892
-76.39
-76.3909
-76.3917
-76.3926
-76.3934
-76.3943
-76.3951
-76.3959
-76.3967
-76.3975
-76.3983
-76.3991
-76.3999
-76.4007
-76.4014
-76.4022
-76.403
-76.4037
-76.4045
-76.4052
-76.406
-76.4067
-76.4074
-76.4082
-76.4089
-76.4096
-76.4103
-76.411
-76.4117
-73.1002
-69.0304
-65.9337
-63.559
-61.6448
-59.9422
-58.1173
-55.256
-31.589
9.72996
-27.2264
-73.2679
-79.2295
-79.1955
-79.0971
-78.9876
-78.8679
-78.7381
-78.5985
-78.4497
-78.2926
-78.1284
-77.9587
-77.7852
-77.6098
-77.4343
-77.2608
-77.0909
-76.9264
-76.761
-76.5459
-76.36
-76.2064
-76.0774
-75.9677
-75.8795
-72.469
-69.3073
-67.2484
-66.5546
-66.4493
-66.4091
-66.3978
-66.4058
-66.4276
-66.4599
-66.5005
-66.5479
-66.6012
-66.6596
-66.7226
-66.7896
-66.8605
-66.9347
-67.012
-67.0922
-67.175
-67.2601
-67.3473
-67.4364
-67.527
-67.619
-67.712
-67.8058
-67.9002
-67.9951
-68.0903
-68.1855
-68.2808
-68.3759
-68.4707
-68.5651
-68.659
-68.7523
-67.0206
-63.9267
-61.4817
-59.4589
-57.4341
-54.3922
-27.1571
4.79537
-30.1609
-75.1854
-78.8312
-78.6362
-78.4711
-78.2935
-78.1014
-77.8953
-77.6759
-77.4448
-77.2036
-76.9545
-76.7002
-76.4013
-76.1284
-75.8848
-75.6704
-75.5001
-75.3513
-75.2173
-75.0964
-75.0486
-75.0425
-75.0284
-75.0093
-75.0554
-75.1137
-75.1513
-75.2235
-75.3023
-75.3557
-75.3921
-75.4177
-75.4364
-75.4506
-75.4617
-75.4708
-75.4785
-75.4853
-75.4915
-75.4974
-75.503
-75.5085
-75.5139
-75.5193
-75.5248
-75.5303
-75.5359
-75.5415
-75.5473
-75.5531
-75.559
-75.565
-75.571
-75.5771
-75.5833
-75.5895
-75.5957
-75.602
-75.6083
-75.6147
-75.621
-75.6274
-75.6337
-75.6401
-75.6465
-75.6528
-75.6591
-75.6655
-75.6718
-75.6781
-75.6843
-75.6905
-75.6967
-75.7029
-75.709
-75.7151
-75.7212
-75.7272
-75.7332
-75.7391
-75.7451
-75.7509
-75.7567
-75.7625
-75.7683
-75.774
-75.7796
-75.7852
-75.7908
-75.3798
-71.2735
-67.5679
-64.7766
-62.6028
-60.7885
-59.0551
-56.9048
-51.8504
39.2045
-12.8836
-45.3634
-78.7322
-78.861
-78.7115
-78.5569
-78.3887
-78.2065
-78.0108
-77.8024
-77.5827
-75.7835
-73.7664
-72.5113
-71.6255
-70.9178
-70.3109
-69.7711
-69.283
-68.4776
-66.054
-63.9881
-62.4252
-61.1607
-60.0458
-58.9427
-57.6561
-56.3678
-55.5344
-53.0109
32.2029
-3.94823
-35.9219
-77.2708
-78.9142
-78.8143
-78.6747
-78.5218
-78.3565
-78.1794
-77.9914
-77.7935
-77.4962
-77.2145
-76.9719
-76.7484
-76.5363
-76.3337
-76.1235
-75.9391
-75.7796
-75.639
-75.5139
-75.4023
-75.3026
-75.2138
-75.1349
-75.0652
-75.0039
-74.9503
-74.9037
-74.8635
-74.8292
-74.8002
-74.776
-74.7561
-74.7402
-74.7276
-74.7183
-74.7116
-74.7075
-74.7056
-74.306
-70.3751
-66.8468
-64.1996
-62.1333
-60.3853
-58.6614
-56.384
-49.8118
30.6745
-17.8138
-54.9002
-78.8147
-78.9335
-78.8072
-78.6643
-78.5084
-78.3396
-78.1583
-77.9654
-77.0721
-74.7916
-73.3349
-72.3867
-71.6582
-71.3139
-71.1523
-70.9498
-70.7273
-70.5031
-70.2868
-70.084
-70.0838
-70.4283
-70.689
-70.8661
-70.9896
-71.0782
-71.1439
-71.1947
-71.3559
-71.8362
-72.2282
-72.5216
-72.7463
-72.9219
-73.062
-73.1759
-73.2699
-73.349
-73.4166
-73.4752
-73.5267
-73.5727
-73.6142
-73.6521
-73.6872
-73.7199
-73.7507
-73.7799
-73.8078
-73.8346
-73.8605
-73.8856
-73.91
-73.9339
-73.9573
-73.9803
-74.0028
-74.0251
-74.047
-74.0686
-74.0899
-74.1111
-74.1319
-74.1526
-74.173
-74.1933
-74.2133
-74.2331
-74.2528
-74.2723
-74.2915
-74.3106
-74.3296
-74.3483
-74.3669
-74.3853
-74.4035
-74.4215
-74.4394
-74.4571
-74.4747
-74.492
-74.5092
-74.5263
-74.5432
-74.5599
-74.5765
-74.5929
-74.6091
-74.6252
-74.6411
-74.6569
-74.6725
-74.688
-74.7034
-74.7185
-74.7336
-74.7485
-74.7633
-74.7779
-74.7924
-74.8067
-74.821
-74.8351
-74.849
-74.8629
-74.8766
-74.8902
-72.1739
-68.2377
-65.2157
-62.8915
-60.9891
-59.2257
-57.1422
-52.8194
44.0536
-9.15168
-40.3858
-78.5987
-78.8762
-78.6854
-78.5266
-78.3548
-78.1688
-77.969
-77.7562
-77.5317
-76.6152
-74.2425
-72.6544
-71.6009
-70.7981
-70.132
-69.5522
-69.0355
-68.5702
-67.6013
-65.1555
-63.1316
-61.5663
-60.2472
-58.9921
-57.5622
-55.3447
-47.3963
22.6478
-22.3547
-65.7133
-79.4094
-79.4915
-79.434
-78.5065
-77.3263
-76.8645
-76.5412
-76.231
-75.9179
-75.6013
-75.2835
-74.9674
-74.6562
-74.3526
-74.0595
-73.7793
-73.5138
-73.2646
-73.0329
-72.8194
-72.6243
-72.4478
-72.2895
-72.1489
-72.0254
-71.918
-71.8259
-71.748
-71.6833
-71.6307
-71.5893
-71.558
-71.5358
-71.5218
-71.5153
-71.5154
-71.5213
-71.5324
-71.5481
-71.5679
-71.5911
-71.6174
-71.6463
-71.6776
-71.7107
-71.7455
-71.7817
-69.7575
-66.2075
-63.44
-61.2682
-59.3707
-57.3076
-53.6616
43.265
-3.81285
-35.4485
-77.9401
-79.4548
-78.6106
-78.3053
-78.1018
-77.8894
-77.6624
-77.4215
-77.168
-76.9039
-75.9505
-73.4453
-71.6804

