-70
-70.0758
-70.1508
-70.225
-70.2983
-70.3706
-70.4419
-70.5122
-70.5814
-70.6496
-70.7168
-70.7829
-70.848
-70.9121
-70.9752
-71.0373
-71.0984
-71.1586
-71.2178
-71.2761
-71.3334
-71.3899
-71.4455
-71.5003
-71.5543
-71.6074
-71.6598
-71.7114
-71.7623
-71.8124
-71.8619
-71.9106
-71.9587
-72.006
-72.0527
-72.0988
-72.1442
-72.1889
-72.2331
-72.2766
-72.3196
-72.362
-72.4038
-72.445
-72.4857
-72.5258
-72.5654
-72.6045
-72.6431
-72.6812
-72.7188
-72.756
-72.7927
-72.8289
-72.8647
-72.9
-72.9349
-72.9694
-73.0035
-73.0371
-73.0704
-73.1032
-73.1357
-73.1678
-73.1994
-73.2307
-73.2617
-73.2922
-73.3224
-73.3523
-73.3817
-73.4109
-73.4397
-73.4682
-73.4963
-73.5241
-73.5516
-73.5788
-73.6057
-73.6323
-73.6585
-73.6845
-73.7102
-73.7356
-73.7608
-73.7857
-73.8103
-73.8346
-73.8587
-73.8825
-73.9061
-73.9294
-73.9524
-73.9753
-73.9979
-74.0202
-74.0423
-74.0642
-74.0859
-74.1073
-74.1285
-74.1495
-74.1703
-74.1909
-74.2112
-74.2313
-74.2513
-74.271
-74.2905
-74.3098
-74.329
-74.3479
-74.3666
-74.3852
-74.4036
-74.4217
-74.4397
-74.4575
-74.4752
-74.4926
-74.5099
-74.527
-74.544
-74.5607
-74.5774
-74.5938
-74.6101
-74.6262
-74.6422
-74.658
-74.6736
-74.6891
-74.7045
-74.7197
-74.7347
-74.7496
-74.7644
-74.779
-74.7935
-74.8079
-74.8221
-74.8362
-74.8501
-74.864
-74.8777
-74.8913
-74.9047
-74.918
-74.9313
-74.9443
-74.9573
-74.9701
-74.9829
-74.9955
-75.008
-75.0204
-75.0327
-75.0448
-75.0569
-75.0688
-75.0806
-75.0924
-75.104
-75.1155
-75.1269
-75.1382
-75.1495
-75.1606
-75.1716
-75.1825
-75.1933
-75.204
-75.2147
-75.2252
-75.2356
-75.246
-75.2562
-75.2664
-75.2764
-75.2864
-75.2963
-75.3061
-75.3158
-75.3255
-75.335
-75.3445
-75.3538
-75.3631
-75.3724
-75.3815
-75.3906
-75.3995
-75.4084
-75.4172
-75.426
-75.4346
-75.4432
-75.4518
-75.4602
-75.4686
-75.4769
-75.4851
-75.4932
-75.5013
-75.5093
-75.5173
-75.5251
-75.533
-75.5407
-75.5484
-75.556
-75.5635
-75.571
-75.5784
-75.5858
-75.593
-75.6003
-75.6074
-75.6145
-75.6216
-75.6285
-75.6355
-75.6423
-75.6491
-75.6559
-75.6626
-75.6692
-75.6758
-75.6823
-75.6888
-75.6952
-75.7015
-75.7078
-75.7141
-75.7203
-75.7264
-75.7325
-75.7386
-75.7446
-75.7505
-75.7564
-75.7622
-75.768
-75.7738
-75.7795
-75.7851
-75.7907
-75.7963
-75.8018
-75.8072
-75.8127
-75.818
-75.8234
-75.8287
-75.8339
-75.8391
-75.8443
-75.8494
-75.8545
-75.8595
-75.8645
-75.8695
-75.8744
-75.8793
-75.8841
-75.8889
-75.8937
-75.8984
-75.9031
-75.9077
-75.9123
-75.9169
-75.9214
-75.9259
-75.9304
-75.9348
-75.9392
-75.9436
-75.9479
-75.9522
-75.9565
-75.9607
-75.9649
-75.969
-75.9731
-75.9772
-75.9813
-75.9853
-75.9893
-75.9933
-75.9972
-76.0011
-76.005
-76.0088
-76.0126
-76.0164
-76.0201
-76.0239
-76.0275
-76.0312
-76.0348
-76.0384
-76.042
-76.0456
-76.0491
-76.0526
-76.056
-76.0595
-76.0629
-76.0663
-76.0696
-76.0729
-76.0762
-76.0795
-76.0828
-76.086
-76.0892
-76.0924
-76.0955
-76.0986
-76.1017
-76.1048
-76.1079
-76.1109
-76.1139
-76.1169
-76.1198
-76.1228
-76.1257
-76.1286
-76.1314
-76.1343
-76.1371
-76.1399
-76.1427
-76.1455
-76.1482
-76.1509
-76.1536
-76.1563
-76.1589
-76.1615
-76.1642
-76.1667
-76.1693
-76.1719
-76.1744
-76.1769
-76.1794
-76.1819
-76.1843
-76.1868
-76.1892
-76.1916
-76.1939
-76.1963
-76.1986
-76.201
-76.2033
-76.2056
-76.2078
-76.2101
-76.2123
-76.2145
-76.2167
-76.2189
-76.2211
-76.2232
-76.2254
-76.2275
-76.2296
-76.2317
-76.2337
-76.2358
-76.2378
-76.2398
-76.2418
-76.2438
-76.2458
-76.2478
-76.2497
-76.2516
-76.2536
-76.2554
-76.2573
-76.2592
-76.2611
-76.2629
-76.2647
-76.2665
-76.2683
-76.2701
-76.2719
-76.2737
-76.2754
-76.2771
-76.2788
-76.2806
-76.2822
-76.2839
-76.2856
-76.2872
-76.2889
-76.2905
-76.2921
-76.2937
-76.2953
-76.2969
-76.2985
-76.3
-76.3016
-76.3031
-76.3046
-76.3061
-76.3076
-76.3091
-76.3106
-76.312
-76.3135
-76.3149
-76.3164
-76.3178
-76.3192
-76.3206
-76.322
-76.3233
-76.3247
-76.3261
-76.3274
-76.3287
-76.33
-76.3314
-76.3327
-76.334
-76.3352
-76.3365
-76.3378
-76.339
-76.3403
-76.3415
-76.3427
-76.3439
-76.3452
-76.3464
-76.3475
-76.3487
-76.3499
-76.351
-76.3522
-76.3533
-76.3545
-76.3556
-76.3567
-76.3578
-76.3589
-76.36
-76.3611
-76.3622
-76.3632
-76.3643
-76.3654
-76.3664
-76.3674
-76.3685
-76.3695
-76.3705
-76.3715
-76.3725
-76.3735
-76.3745
-76.3754
-76.3764
-76.3774
-76.3783
-76.3793
-76.3802
-76.3811
-76.382
-76.383
-76.3839
-76.3848
-76.3857
-76.3866
-76.3874
-76.3883
-76.3892
-76.39
-76.3909
-76.3917
-76.3926
-76.3934
-76.3943
-76.3951
-76.3959
-76.3967
-76.3975
-76.3983
-76.3991
-76.3999
-76.4007
-76.4014
-76.4022
-76.403
-76.4037
-76.4045
-76.4052
-76.406
-76.4067
-76.4074
-76.4082
-76.4089
-76.4096
-76.4103
-76.411
-76.4117
-76.4124
-76.4131
-76.4137
-76.4144
-76.4151
-76.4158
-76.4164
-76.4171
-76.4177
-76.4184
-76.419
-76.4196
-76.4203
-76.4209
-76.4215
-76.4221
-76.4227
-76.4234
-76.424
-76.4246
-76.4251
-76.4257
-76.4248
-76.3855
-76.3077
-76.2237
-76.1686
-76.1326
-76.1084
-76.0917
-76.08
-76.0718
-76.066
-76.0619
-76.0592
-76.0542
-76.048
-76.0436
-76.0408
-76.0392
-76.0383
-76.038
-76.0383
-76.0389
-76.0398
-76.041
-76.0424
-76.044
-76.0458
-76.0477
-76.0497
-76.0519
-76.0541
-76.0565
-76.0589
-76.0614
-76.0639
-76.0665
-76.0692
-76.0719
-76.0746
-76.0774
-76.0801
-76.083
-76.0858
-76.0886
-76.0915
-76.0944
-76.0972
-76.1001
-76.103
-76.1059
-76.1087
-76.1116
-76.1145
-76.1173
-76.1202
-76.123
-76.1258
-76.1286
-76.1314
-76.1342
-76.137
-76.1397
-76.1424
-76.1452
-76.1479
-76.1506
-76.1532
-76.1559
-76.1585
-76.1611
-76.1578
-76.1269
-76.0903
-76.0633
-76.0406
-76.0267
-76.0197
-76.0161
-76.0145
-76.0138
-76.0138
-76.0143
-76.0145
-76.0135
-76.0123
-76.011
-76.0106
-76.0107
-76.0103
-76.0103
-76.0106
-76.0113
-76.0121
-76.0131
-76.0143
-76.0155
-76.0169
-76.0183
-76.0199
-76.0216
-76.0233
-76.0252
-76.0271
-76.0292
-76.0313
-76.0335
-76.0357
-76.0381
-76.0405
-76.0429
-76.0455
-76.0481
-76.0507
-76.0534
-76.0561
-76.0588
-76.0616
-76.0645
-76.0673
-76.0702
-76.0731
-76.076
-76.0789
-76.0818
-76.0848
-76.0877
-76.0907
-76.0936
-76.0965
-76.0995
-76.1024
-76.1053
-76.1083
-76.1112
-76.1141
-76.117
-76.1198
-76.1227
-76.1255
-76.1284
-76.1312
-76.134
-76.1368
-76.1395
-76.1423
-76.145
-76.1477
-76.1504
-76.1531
-76.1557
-76.1584
-76.161
-76.1636
-76.1662
-76.1687
-76.1713
-76.1738
-76.1763
-76.1788
-76.1813
-76.1837
-76.1862
-76.1886
-76.191
-76.1933
-76.1957
-76.1981
-76.2004
-76.2027
-76.205
-76.2072
-76.2095
-76.2117
-76.214
-76.2162
-76.2183
-76.2205
-76.2227
-76.2092
-76.191
-76.1588
-76.1216
-76.0964
-76.0796
-76.0682
-76.0604
-76.055
-76.0513
-76.049
-76.0475
-76.0468
-76.0467
-76.047
-76.0477
-76.0487
-76.0499
-76.0514
-76.0528
-76.0501
-76.0473
-76.0456
-76.0447
-76.0444
-76.0445
-76.0451
-76.046
-76.0472
-76.0485
-76.0501
-76.0519
-76.0538
-76.0558
-76.0579
-76.0602
-76.0625
-76.0649
-76.0674
-76.07
-76.0726
-76.0752
-76.0779
-76.0806
-76.0834
-76.0861
-76.0889
-76.0917
-76.0946
-76.0974
-76.1003
-76.1031
-76.106
-76.1088
-76.1116
-76.1145
-76.1173
-76.1202
-76.123
-76.1258
-76.1286
-76.1314
-76.1341
-76.1369
-76.1396
-76.1424
-76.1451
-76.1478
-76.1505
-76.1531
-76.1558
-76.1584
-76.161
-76.1636
-76.1624
-76.1418
-76.1181
-76.1011
-76.0888
-76.0733
-76.0564
-76.041
-76.0314
-76.024
-76.0193
-76.0168
-76.0157
-76.0154
-76.0156
-76.0162
-76.017
-76.0181
-76.0193
-76.0207
-76.0222
-76.0222
-76.0218
-76.0219
-76.0224
-76.0232
-76.0243
-76.0255
-76.027
-76.0286
-76.0303
-76.0322
-76.0342
-76.0342
-76.0331
-76.0327
-76.0327
-76.0332
-76.0341
-76.0352
-76.0365
-76.0376
-76.0357
-76.0341
-76.0333
-76.0331
-76.0334
-76.0337
-76.0315
-76.0298
-76.029
-76.0288
-76.0291
-76.0297
-76.0307
-76.0318
-76.0332
-76.0348
-76.0365
-76.0384
-76.0404
-76.0425
-76.0447
-76.047
-76.0494
-76.0518
-76.0543
-76.0569
-76.0595
-76.0622
-76.0649
-76.0676
-76.0704
-76.0732
-76.0761
-76.0789
-76.0818
-76.0847
-76.0876
-76.0905
-76.0934
-76.0963
-76.0992
-76.1021
-76.105
-76.1079
-76.1108
-76.1137
-76.1166
-76.1194
-76.1223
-76.1251
-76.1279
-76.1308
-76.1335
-76.1363
-76.1391
-76.1418
-76.1446
-76.1473
-76.15
-76.1526
-76.1553
-76.1579
-76.1605
-76.1631
-76.1657
-76.1683
-76.1708
-76.1734
-76.1759
-76.1784
-76.1808
-76.1833
-76.1857
-76.1882
-76.1906
-76.1929
-76.1953
-76.1976
-76.2
-76.2023
-76.2046
-76.2068
-76.2091
-76.2113
-76.2136
-76.2124
-76.1947
-76.1758
-76.148
-76.1158
-76.0924
-76.0767
-76.066
-76.0587
-76.0537
-76.0503
-76.0481
-76.0468
-76.0462
-76.0462
-76.0466
-76.0473
-76.0484
-76.0497
-76.0512
-76.0512
-76.0481
-76.0459
-76.0446
-76.044
-76.0439
-76.0443
-76.045
-76.0461
-76.0473
-76.0488
-76.0505
-76.0523
-76.0543
-76.0564
-76.0586
-76.0609
-76.0632
-76.0657
-76.0682
-76.0708
-76.0734
-76.076
-76.0787
-76.0815
-76.0842
-76.087
-76.0898
-76.0927
-76.0955
-76.0983
-76.1012
-76.104
-76.1069
-76.1097
-76.1126
-76.1154
-76.1183
-76.1211
-76.1239
-76.1267
-76.1295
-76.1323
-76.1351
-76.1378
-76.1406
-76.1433
-76.146
-76.1487
-76.1514
-76.154
-76.1567
-76.1593
-76.1619
-76.1645
-76.1671
-76.1696
-76.1721
-76.1747
-76.1772
-76.1796
-76.1821
-76.1845
-76.187

