-70
-70.0758
-70.1508
-70.225
-70.2983
-70.3706
-70.4419
-70.5122
-70.5814
-70.6496
-70.7168
-70.7829
-70.848
-70.9121
-70.9752
-71.0373
-71.0984
-71.1586
-71.2178
-71.2761
-71.3334
-71.3899
-71.4455
-71.5003
-71.5543
-71.6074
-71.6598
-71.7114
-71.7623
-71.8124
-71.8619
-71.9106
-71.9587
-72.006
-72.0527
-72.0988
-72.1442
-72.1889
-72.2331
-72.2766
-72.3196
-72.362
-72.4038
-72.445
-72.4857
-72.5258
-72.5654
-72.6045
-72.6431
-72.6812
-72.7188
-72.756
-72.7927
-72.8289
-72.8647
-72.9
-72.9349
-72.9694
-73.0035
-73.0371
-73.0704
-73.1032
-73.1357
-73.1678
-73.1994
-73.2307
-73.2617
-73.2922
-73.3224
-73.3523
-73.3817
-73.4109
-73.4397
-73.4682
-73.4963
-73.5241
-73.5516
-73.5788
-73.6057
-73.6323
-73.6585
-73.6845
-73.7102
-73.7356
-73.7608
-73.7857
-73.8103
-73.8346
-73.8587
-73.8825
-73.9061
-73.9294
-73.9524
-73.9753
-73.9979
-74.0202
-74.0423
-74.0642
-74.0859
-74.1073
-74.1285
-74.1495
-74.1703
-74.1909
-74.2112
-74.2313
-74.2513
-74.271
-74.2905
-74.3098
-74.329
-74.3479
-74.3666
-74.3852
-74.4036
-74.4217
-74.4397
-74.4575
-74.4752
-74.4926
-74.5099
-74.527
-74.544
-74.5607
-74.5774
-74.5938
-74.6101
-74.6262
-74.6422
-74.658
-74.6736
-74.6891
-74.7045
-74.7197
-74.7347
-74.7496
-74.7644
-74.779
-74.7935
-74.8079
-74.8221
-74.8362
-74.8501
-74.864
-74.8777
-74.8913
-74.9047
-74.918
-74.9313
-74.9443
-74.9573
-74.9701
-74.9829
-74.9955
-75.008
-75.0204
-75.0327
-75.0448
-75.0569
-75.0688
-75.0806
-75.0924
-75.104
-75.1155
-75.1269
-75.1382
-75.1495
-75.1606
-75.1716
-75.1825
-75.1933
-75.204
-75.2147
-75.2252
-75.2356
-75.246
-75.2562
-75.2664
-75.2764
-75.2864
-75.2963
-75.3061
-75.3158
-75.3255
-75.335
-75.3445
-75.3538
-75.3631
-75.3724
-75.3815
-75.3906
-75.3995
-75.4084
-75.4172
-75.426
-75.4346
-75.4432
-75.4518
-75.4602
-75.4686
-75.4769
-75.4851
-75.4932
-75.5013
-75.5093
-75.5173
-75.5251
-75.533
-75.5407
-75.5484
-75.556
-75.5635
-75.571
-75.5784
-75.5858
-75.593
-75.6003
-75.6074
-75.6145
-75.6216
-75.6285
-75.6355
-75.6423
-75.6491
-75.6559
-75.6626
-75.6692
-75.6758
-75.6823
-75.6888
-75.6952
-75.7015
-75.7078
-75.7141
-75.7203
-75.7264
-75.7325
-75.7386
-75.7446
-75.7505
-75.7564
-75.7622
-75.768
-75.7738
-75.7795
-75.7851
-75.7907
-75.7963
-75.8018
-75.8072
-75.8127
-75.818
-75.8234
-75.8287
-75.8339
-75.8391
-75.8443
-75.8494
-75.8545
-75.8595
-75.8645
-75.8695
-75.8744
-75.8793
-75.8841
-75.8889
-75.8937
-75.8984
-75.9031
-75.9077
-75.9123
-75.9169
-75.9214
-75.9259
-75.9304
-75.9348
-75.9392
-75.9436
-75.9479
-75.9522
-75.9565
-75.9607
-75.9649
-75.969
-75.9731
-75.9772
-75.9813
-75.9853
-75.9893
-75.9933
-75.9972
-76.0011
-76.005
-76.0088
-76.0126
-76.0164
-76.0201
-76.0239
-76.0275
-76.0312
-76.0348
-76.0384
-76.042
-76.0456
-76.0491
-76.0526
-76.056
-76.0595
-76.0629
-76.0663
-76.0696
-76.0729
-76.0762
-76.0795
-76.0828
-76.086
-76.0892
-76.0924
-76.0955
-76.0986
-76.1017
-76.1048
-76.1079
-76.1109
-76.1139
-76.1169
-76.1198
-76.1228
-76.1257
-76.1286
-76.1314
-76.1343
-76.1371
-76.1399
-76.1427
-76.1455
-76.1482
-76.1509
-76.1536
-76.1563
-76.1589
-76.1615
-76.1642
-76.1667
-76.1693
-76.1719
-76.1744
-76.1769
-76.1794
-76.1819
-76.1843
-76.1868
-76.1892
-76.1916
-76.1939
-76.1963
-76.1986
-76.201
-76.2033
-76.2056
-76.2078
-76.2101
-76.2123
-76.2145
-76.2167
-76.2189
-76.2211
-76.2232
-76.2254
-76.2275
-76.2296
-76.2317
-76.2337
-76.2358
-76.2378
-76.2398
-76.2418
-76.2438
-76.2458
-76.2478
-76.2497
-76.2516
-76.2536
-76.2554
-76.2573
-76.2592
-76.2611
-76.2629
-76.2647
-76.2665
-76.2683
-76.2701
-76.2719
-76.2737
-76.2754
-76.2771
-76.2788
-76.2806
-76.2822
-76.2839
-76.2856
-76.2872
-76.2889
-76.2905
-76.2921
-76.2937
-76.2953
-76.2969
-76.2985
-76.3
-76.3016
-76.3031
-76.3046
-76.3061
-76.3076
-76.3091
-76.3106
-76.312
-76.3135
-76.3149
-76.3164
-76.3178
-76.3192
-76.3206
-76.322
-76.3233
-76.3247
-76.3261
-76.3274
-76.3287
-76.33
-76.3314
-76.3327
-76.334
-76.3352
-76.3365
-76.3378
-76.339
-76.3403
-76.3415
-76.3427
-76.3439
-76.3452
-76.3464
-76.3475
-76.3487
-76.3499
-76.351
-76.3522
-76.3533
-76.3545
-76.3556
-76.3567
-76.3578
-76.3589
-76.36
-76.3611
-76.3622
-76.3632
-76.3643
-76.3654
-76.3664
-76.3674
-76.3685
-76.3695
-76.3705
-76.3715
-76.3725
-76.3735
-76.3745
-76.3754
-76.3764
-76.3774
-76.3783
-76.3793
-76.3802
-76.3811
-76.382
-76.383
-76.3839
-76.3848
-76.3857
-76.3866
-76.3874
-76.3883
-76.3892
-76.39
-76.3909
-76.3917
-76.3926
-76.3934
-76.3943
-76.3951
-76.3959
-76.3967
-76.3975
-76.3983
-76.3991
-76.3999
-75.9759
-71.7835
-67.9998
-65.1512
-62.9411
-61.1178
-59.4221
-57.4417
-53.6086
46.342
-5.30101
-36.598
-77.7865
-78.8884
-78.7672
-78.619
-78.4568
-78.2808
-77.9586
-75.4907
-74.0811
-71.5092
-69.6882
-68.5824
-67.7617
-67.0732
-66.4614
-65.9045
-65.3931
-64.7516
-62.6709
-60.8146
-59.2958
-57.8042
-55.8572
-51.1366
38.7106
-14.923
-49.4077
-79.0004
-79.4416
-79.3851
-79.2557
-77.8235
-76.4245
-75.8525
-75.4508
-72.8561
-71.1044
-70.1268
-69.4287
-68.8502
-68.5226
-68.6853
-68.7102
-68.6264
-67.3668
-65.0453
-63.4486
-62.3594
-61.5601
-60.931
-60.4048
-59.933
-59.4865
-59.0291
-58.5266
-57.921
-57.0981
-55.7511
-52.4454
42.196
-8.43153
-39.6857
-78.3589
-79.7924
-79.8054
-79.7823
-79.755
-79.7247
-79.6916
-79.6558
-79.6173
-79.5763
-79.5332
-79.4883
-79.4419
-79.3945
-78.5354
-74.1636
-68.4127
-63.3953
-60.016
-57.092
-51.6973
38.6153
-13.145
-45.5454
-78.8659
-78.5251
-77.3753
-76.8261
-76.4688
-76.1061
-75.7246
-75.3256
-74.9121
-74.5613
-72.6627
-70.0694
-68.5679
-68.2259
-67.9824
-67.7453
-67.9324
-68.2871
-68.8748
-69.311
-69.5068
-69.5874
-69.6141
-69.6157
-70.0694
-70.4826
-70.7432
-70.9124
-71.0272
-71.1929
-71.6938
-72.0798
-72.3444
-72.5324
-72.6705
-72.7752
-72.8571
-72.9231
-72.9777
-73.0242
-73.0649
-73.1012
-73.1343
-73.1651
-73.1942
-73.222
-73.2489
-73.275
-73.3007
-73.326
-73.3511
-73.376
-73.4007
-73.4254
-73.45
-73.4746
-73.4991
-73.5235
-73.548
-73.5723
-73.5966
-73.6209
-73.6451
-73.6692
-73.6932
-73.7171
-73.7409
-73.7646
-73.7881
-73.8116
-73.8349
-73.858
-73.881
-73.9038
-73.9265
-73.949
-73.9713
-73.9934
-74.0154
-74.0371
-72.2208
-68.2889
-65.1877
-62.8135
-60.8768
-59.0814
-56.9397
-52.2824
41.8292
-11.3376
-43.071
-79.0514
-79.7111
-78.8319
-77.891
-77.5494
-77.2743
-76.9896
-76.6903
-76.3774
-73.4935
-71.34
-70.0651
-68.7655
-66.1326
-64.2264
-62.9227
-61.9303
-60.3382
-58.1933
-55.8077
-50.0909
32.5169
-17.6565
-53.031
-78.3709
-78.3948
-77.4465
-76.9878
-76.6641
-76.3357
-74.9249
-73.4567
-72.6364
-72.024
-71.2562
-68.9179
-67.209
-66.5264
-66.3811
-66.1858
-65.958
-65.6476
-63.5787
-61.7834
-60.5071
-59.4868
-59.2532
-60.0189
-60.7148
-61.2743
-61.7206
-62.0826
-62.3811
-62.6331
-62.8523
-63.0486
-63.2286
-63.3967
-63.5568
-63.7116
-63.8634
-64.0137
-64.1633
-64.3128
-64.4622
-64.6118
-64.7615
-64.9116
-65.062
-65.2126
-65.3632
-65.5134
-65.6629
-63.3601
-60.8537
-58.8054
-57.447
-57.332
-57.2739
-58.6014
-60.5646
-61.6019
-60.657
-59.8446
-59.2588
-58.7931
-57.8544
-55.792
-52.6332
-12.8521
-3.54338
-35.5005
-75.771
-77.935
-77.7516
-77.5044
-76.2068
-75.0125
-74.3751
-73.8589
-73.3631
-72.9607
-71.8317
-69.6303
-68.4502
-68.0757
-66.4886
-64.7114
-63.6152
-62.8965
-62.3808
-61.9854
-61.6687
-61.405
-61.1813
-60.99
-61.3321
-63.7521
-65.6324
-66.867
-67.6989
-68.2773
-68.6922
-68.9989
-69.2324
-69.4154
-69.563
-69.6855
-69.7899
-69.8812
-69.9629
-70.0377
-70.1073
-70.1731
-70.2362
-70.2973
-70.3569
-70.4154
-70.4732
-70.5305
-70.5873
-70.6439
-70.7002
-70.7563
-70.8122
-70.8679
-70.9234
-70.9786
-71.0336
-71.0884
-71.1428
-71.1969
-71.2506
-71.3039
-71.3568
-71.4093
-71.4613
-71.5128
-71.5639
-71.6145
-71.6646
-71.7142
-71.7633
-71.8119
-71.8599
-71.9074
-71.9544
-72.0008
-72.0467
-72.092
-72.1368
-72.1811
-72.2248
-72.2679
-72.3105
-72.3526
-72.3942
-72.4353
-72.4758
-72.5158
-72.5553
-72.5944
-72.6329
-72.671
-72.7086
-72.7458
-72.7825
-72.8187
-72.8546
-72.89
-71.9058
-68.1006
-64.9485
-62.5421
-60.5753
-58.7264
-56.4257
-50.494
33.4058
-16.6473
-52.0727
-78.5732
-78.5404
-78.3621
-78.1704
-77.9625
-76.3811
-74.9158
-74.182
-73.6253
-73.1073
-72.6006
-72.1012
-69.9348
-67.4423
-64.7783
-62.1269
-60.2653
-58.7536
-57.1881
-54.8354
-44.5194
15.8766
-24.8835
-68.2628
-78.0102
-77.896
-77.6572
-77.3962
-77.0693
-76.7624
-75.481
-73.8279
-71.7943
-69.8253
-68.676
-67.878
-67.232
-67.4304
-68.1414
-68.4359
-68.5045
-68.4708
-68.392
-68.296
-66.0845
-62.0396
-59.2187
-56.9867
-53.9592
-23.9848
3.25256
-30.9056
-75.2789
-79.0886
-79.0437
-78.9303
-78.8044
-78.6677
-78.5205
-78.3635
-78.1976
-78.0241
-77.8444
-77.6605
-77.4742
-77.2876
-77.1027
-76.9214
-76.7455
-76.5765
-76.4157
-76.264
-76.1221
-75.9905
-75.8693
-75.7586
-75.6581
-75.5779
-75.5426
-75.5508
-75.5711
-73.3361
-69.8227
-67.4612
-65.8975
-64.8253
-64.0666
-63.5158
-63.1077
-62.8025
-60.7456
-58.1679
-54.996
-32.3916
8.78309
-27.82
-73.6834
-78.9503
-78.2012
-77.9027
-76.8449
-75.7902
-75.249
-74.7919
-74.3358
-73.872
-72.9886
-70.6125
-68.953
-66.9746
-64.5621

