-70
-70.0758
-70.1508
-70.225
-70.2983
-70.3706
-70.4419
-70.5122
-70.5814
-70.6496
-70.7168
-70.7829
-70.848
-70.9121
-70.9752
-71.0373
-71.0984
-71.1586
-71.2178
-71.2761
-71.3334
-71.3899
-71.4455
-71.5003
-71.5543
-71.6074
-71.6598
-71.7114
-71.7623
-71.8124
-71.8619
-71.9106
-71.9587
-72.006
-72.0527
-72.0988
-72.1442
-72.1889
-72.2331
-72.2766
-72.3196
-72.362
-72.4038
-72.445
-72.4857
-72.5258
-72.5654
-72.6045
-72.6431
-72.6812
-72.7188
-72.756
-72.7927
-72.8289
-72.8647
-72.9
-72.9349
-72.9694
-73.0035
-73.0371
-73.0704
-73.1032
-73.1357
-73.1678
-73.1994
-73.2307
-73.2617
-73.2922
-73.3224
-73.3523
-73.3817
-73.4109
-73.4397
-73.4682
-73.4963
-73.5241
-73.5516
-73.5788
-73.6057
-73.6323
-73.6585
-73.6845
-73.7102
-73.7356
-73.7608
-73.7857
-73.8103
-73.8346
-73.8587
-73.8825
-73.9061
-73.9294
-73.9524
-73.9753
-73.9979
-74.0202
-74.0423
-74.0642
-74.0859
-74.1073
-74.1285
-74.1495
-74.1703
-74.1909
-74.2112
-74.2313
-74.2513
-74.271
-74.2905
-74.3098
-74.329
-74.3479
-74.3666
-74.3852
-74.4036
-74.4217
-74.4397
-74.4575
-74.4752
-74.4926
-74.5099
-74.527
-74.544
-74.5607
-74.5774
-74.5938
-74.6101
-74.6262
-74.6422
-74.658
-74.6736
-74.6891
-74.7045
-74.7197
-74.7347
-74.7496
-74.7644
-74.779
-74.7935
-74.8079
-74.8221
-74.8362
-74.8501
-74.864
-74.8777
-74.8913
-74.9047
-74.918
-74.9313
-74.9443
-74.9573
-74.9701
-74.9829
-74.9955
-75.008
-75.0204
-75.0327
-75.0448
-75.0569
-75.0688
-75.0806
-75.0924
-75.104
-75.1155
-75.1269
-75.1382
-75.1495
-75.1606
-75.1716
-75.1825
-75.1933
-75.204
-75.2147
-75.2252
-75.2356
-75.246
-75.2562
-75.2664
-75.2764
-75.2864
-75.2963
-75.3061
-75.3158
-75.3255
-75.335
-75.3445
-75.3538
-75.3631
-75.3724
-75.3815
-75.3906
-75.3995
-75.4084
-75.4172
-75.426
-75.4346
-75.4432
-75.4518
-75.4602
-75.4686
-75.4769
-75.4851
-75.4932
-75.5013
-75.5093
-75.5173
-75.5251
-75.533
-75.5407
-75.5484
-75.556
-75.5635
-75.571
-75.5784
-75.5858
-75.593
-75.6003
-75.6074
-75.6145
-75.6216
-75.6285
-75.6355
-75.6423
-75.6491
-75.6559
-75.6626
-75.6692
-75.6758
-75.6823
-75.6888
-75.6952
-75.7015
-75.7078
-75.7141
-75.7203
-75.7264
-75.7325
-75.7386
-75.7446
-75.7505
-75.7564
-75.7622
-75.768
-75.7738
-75.7795
-75.7851
-75.7907
-75.7963
-75.8018
-75.8072
-75.8127
-75.818
-75.8234
-75.8287
-75.8339
-75.8391
-75.8443
-75.8494
-75.8545
-75.8595
-75.8645
-75.8695
-75.8744
-75.8793
-75.8841
-75.8889
-75.8937
-75.8984
-75.9031
-75.9077
-75.9123
-75.9169
-75.9214
-75.9259
-75.9304
-75.9348
-75.9392
-75.9436
-75.9479
-75.9522
-75.9565
-75.9607
-75.9649
-75.969
-75.9731
-75.9772
-75.9813
-75.9853
-75.9893
-75.9933
-75.9972
-76.0011
-76.005
-76.0088
-76.0126
-76.0164
-76.0201
-76.0239
-76.0275
-76.0312
-76.0348
-76.0384
-76.042
-76.0456
-76.0491
-76.0526
-76.056
-76.0595
-76.0629
-76.0663
-76.0696
-76.0729
-76.0762
-76.0795
-76.0828
-76.086
-76.0892
-76.0924
-76.0955
-76.0986
-76.1017
-76.1048
-76.1079
-76.1109
-76.1139
-76.1169
-76.1198
-76.1228
-76.1257
-76.1286
-76.1314
-76.1343
-76.1371
-76.1399
-76.1427
-76.1455
-76.1482
-76.1509
-76.1536
-76.1563
-76.1589
-76.1615
-76.1642
-76.1667
-76.1693
-76.1719
-76.1744
-76.1769
-76.1794
-76.1819
-76.1843
-76.1868
-76.1892
-76.1916
-76.1939
-76.1963
-76.1986
-76.201
-76.2033
-76.2056
-76.2078
-76.2101
-76.2123
-76.2145
-76.2167
-76.2189
-76.2211
-76.2232
-76.2254
-76.2275
-76.2296
-76.2317
-76.2337
-76.2358
-76.2378
-76.2398
-76.2418
-76.2438
-76.2458
-76.2478
-76.2497
-76.2516
-76.2536
-76.2554
-76.2573
-76.2592
-76.2611
-76.2629
-76.2647
-76.2665
-76.2683
-76.2701
-76.2719
-76.2737
-76.2754
-76.2771
-76.2788
-76.2806
-76.2822
-76.2839
-76.2856
-76.2872
-76.2889
-76.2905
-76.2921
-76.2937
-76.2953
-76.2969
-76.2985
-76.3
-76.3016
-76.3031
-76.3046
-76.3061
-76.3076
-76.3091
-76.3106
-76.312
-76.3135
-76.3149
-76.3164
-76.3178
-76.3192
-76.3206
-76.322
-76.3233
-76.3247
-76.3261
-76.3274
-76.3287
-76.33
-76.3314
-76.3327
-76.334
-76.3352
-76.3365
-76.3378
-76.339
-76.3403
-76.3415
-76.3427
-76.3439
-76.3452
-76.3464
-76.3475
-76.3487
-76.3499
-76.351
-76.3522
-76.3533
-76.3545
-76.3556
-76.3567
-76.3578
-76.3589
-76.36
-76.3611
-76.3622
-76.3632
-76.3643
-76.3654
-76.3664
-76.3674
-76.3685
-76.3695
-76.3705
-76.3715
-76.3725
-76.3735
-76.3745
-76.3754
-76.3764
-76.3774
-76.3783
-76.3793
-76.3802
-76.3811
-76.382
-76.383
-76.3839
-76.3848
-76.3857
-76.3866
-76.3874
-76.3883
-76.3892
-76.39
-76.3909
-76.3917
-76.3926
-76.3934
-76.3943
-76.3951
-76.3959
-76.3967
-76.3975
-76.3983
-76.3991
-76.3999
-76.4007
-76.4014
-76.4022
-76.403
-76.4037
-76.4045
-76.4052
-76.406
-76.4067
-76.4074
-76.4082
-76.4089
-76.4096
-76.4103
-76.411
-76.4117
-73.1002
-69.0304
-65.9337
-63.559
-61.6448
-59.9422
-58.1173
-55.256
-31.589
9.72996
-27.2264
-73.2679
-79.2295
-79.1955
-79.0971
-78.9876
-78.8679
-78.7381
-78.5985
-78.4497
-78.2926
-78.0434
-77.7373
-77.4925
-77.2816
-77.0892
-76.9096
-76.7405
-76.5813
-76.432
-76.2925
-76.1632
-76.0439
-75.9346
-75.835
-75.7449
-72.1457
-68.4166
-65.6541
-63.5671
-61.9122
-60.4899
-59.0955
-57.396
-54.1992
29.3223
0.116248
-32.6732
-77.2653
-79.7498
-79.7529
-79.722
-79.6868
-79.648
-79.6055
-79.5592
-79.5095
-79.4563
-79.4002
-79.3416
-79.2808
-79.2187
-79.1557
-79.0926
-79.0299
-78.9682
-78.908
-78.8497
-78.7937
-78.7402
-78.6894
-78.6413
-78.5961
-78.5536
-75.9464
-71.4597
-67.989
-65.3632
-63.3172
-61.6385
-60.1267
-58.5239
-56.2238
-48.2575
25.8493
-19.8792
-59.4489
-79.1292
-79.2244
-79.1313
-79.0254
-78.9012
-78.6569
-78.4732
-78.3101
-78.1458
-77.9773
-77.8049
-77.6301
-77.4546
-77.2802
-77.1087
-76.8792
-76.6465
-76.4549
-76.2935
-76.1545
-76.0332
-75.9267
-75.8328
-75.7499
-75.6769
-75.6127
-75.5565
-75.5073
-75.4646
-75.4277
-75.396
-75.369
-75.3462
-75.3271
-75.3113
-75.2986
-75.2885
-75.2808
-75.2751
-75.2713
-75.2691
-75.2684
-75.2689
-75.2706
-75.2732
-75.2767
-75.2809
-75.2857
-75.2912
-75.2971
-75.3034
-75.3101
-75.317
-75.3243
-75.3318
-75.3394
-75.3472
-75.3551
-75.3632
-75.3713
-75.3795
-75.3877
-75.3959
-75.4042
-75.4125
-75.4208
-75.429
-75.4373
-75.4455
-75.4537
-75.4618
-75.47
-75.478
-75.4861
-75.4941
-75.502
-75.5099
-75.5177
-75.5255
-75.5332
-75.5409
-75.5485
-75.556
-75.5635
-75.571
-75.1647
-71.0894
-67.4116
-64.6404
-62.4787
-60.666
-58.9148
-56.687
-50.9499
35.0788
-15.3964
-49.7641
-78.8668
-78.8404
-78.6858
-78.5285
-78.3574
-78.1724
-77.9738
-77.7626
-77.54
-75.7337
-73.7002
-72.4299
-71.5331
-70.8179
-70.2061
-69.6836
-69.7094
-69.3923
-67.3541
-65.6871
-64.5307
-63.6891
-63.0509
-62.5509
-62.1474
-61.8163
-61.5387
-61.3021
-61.0994
-60.9259
-59.4295
-57.2599
-54.1529
-26.4522
3.76669
-30.7437
-75.338
-79.4054
-79.4063
-79.3352
-79.2545
-79.1664
-79.0709
-78.9683
-78.8591
-78.7442
-78.6243
-78.5007
-78.3747
-78.2476
-78.1207
-77.9955
-77.8732
-77.7548
-77.6413
-77.5334
-77.4317
-77.3365
-77.248
-77.1662
-77.0911
-77.0224
-76.96
-76.9035
-76.8524
-76.8066
-76.7655
-76.7287
-76.696
-76.6669
-76.2152
-71.991
-68.1822
-65.3164
-63.0974
-61.2769
-59.6063
-57.715
-54.3736
33.434
0.488999
-32.5695
-76.8825
-79.0485
-78.9565
-78.8298
-78.6905
-78.5388
-78.3751
-78.1997
-77.3325
-75.1623
-73.9149
-73.1996
-72.6579
-72.1939
-71.7751
-71.3893
-71.0319
-70.7012
-70.3969
-70.1188
-69.8666
-69.6401
-69.4388
-69.2618
-69.1081
-68.9768
-68.8666
-68.7763
-68.7299
-69.3309
-69.9429
-70.42
-70.7963
-71.098
-71.3437
-71.5467
-71.7168
-71.8611
-71.9852
-72.0932
-72.1882
-72.2728
-72.3488
-72.4178
-72.481
-72.5394
-72.5938
-72.6448
-72.693
-72.7388
-72.7825
-72.8244
-72.8648
-72.9039
-72.9419
-72.9788
-73.0147
-73.0499
-73.0843
-73.118
-73.1511
-73.1837
-73.2157
-73.2472
-73.2782
-73.3088
-73.339
-73.3687
-73.3981
-73.4271
-73.4557
-73.484
-73.512
-73.5396
-73.5669
-73.5939
-73.6205
-73.6469
-73.673
-73.6988
-73.7243
-73.7495
-73.7745
-73.7991
-73.8236
-73.8477
-73.8716
-73.8953
-73.9187
-73.9419
-73.9648
-73.9875
-74.0099
-74.0321
-74.0541
-74.0759
-74.0974
-74.1187
-74.1398
-74.1606
-74.1813
-74.2017
-74.222
-74.242
-74.2618
-74.2814
-74.3008
-74.32
-71.6614
-67.8058
-64.8445
-62.5594
-60.6693
-58.8719
-56.6216
-50.9267
35.1317
-15.5178
-49.9195
-79.0606
-78.826
-78.6175
-78.4511
-78.2719
-78.0783
-77.8709
-77.6505
-77.4185
-76.4933
-74.087
-72.4584
-71.373
-70.5478
-69.8666
-69.2989
-69.322
-69.381
-68.7914
-66.6421
-64.9528
-63.7603
-62.8767
-62.1917
-61.6386
-61.1725
-60.7658
-60.3965
-60.0444
-59.6971
-59.3367
-58.9355
-58.4651
-57.2981
-54.1191
-29.2118
3.91932
-30.7002
-75.0698
-79.2847
-79.2781
-79.1922
-79.0953
-78.9895
-78.8752
-78.7527
-78.6228
-78.4863
-78.3445
-78.1986
-78.0503
-77.9011
-77.7528
-77.6068
-77.4646
-77.3274
-77.1964
-77.0722
-76.9556
-76.8468
-76.7462
-76.6536
-76.5691
-76.4922
-76.4228
-76.3603
-76.3045
-76.2547
-76.2106
-76.1716
-76.1374
-76.1074
-76.0813
-76.0587
-76.0392
-76.0225
-76.0083
-73.6103
-69.4508
-66.2217
-63.7591
-61.791
-60.0648
-58.2569
-55.5492
-40.0664
14.0996
-25.3012
-70.9095
-78.9448
-78.823
-78.68
-78.5234
-78.353
-78.1691
-77.9721
-77.7632
-76.8724
-74.6008
-73.1221

