-70
-70.0758
-70.1508
-70.225
-70.2983
-70.3706
-70.4419
-70.5122
-70.5814
-70.6496
-70.7168
-70.7829
-70.848
-70.9121
-70.9752
-71.0373
-71.0984
-71.1586
-71.2178
-71.2761
-71.3334
-71.3899
-71.4455
-71.5003
-71.5543
-71.6074
-71.6598
-71.7114
-71.7623
-71.8124
-71.8619
-71.9106
-71.9587
-72.006
-72.0527
-72.0988
-72.1442
-72.1889
-72.2331
-72.2766
-72.3196
-72.362
-72.4038
-72.445
-72.4857
-72.5258
-72.5654
-72.6045
-72.6431
-72.6812
-72.7188
-72.756
-72.7927
-72.8289
-72.8647
-72.9
-72.9349
-72.9694
-73.0035
-73.0371
-73.0704
-73.1032
-73.1357
-73.1678
-73.1994
-73.2307
-73.2617
-73.2922
-73.3224
-73.3523
-73.3817
-73.4109
-73.4397
-73.4682
-73.4963
-73.5241
-73.5516
-73.5788
-73.6057
-73.6323
-73.6585
-73.6845
-73.7102
-73.7356
-73.7608
-73.7857
-73.8103
-73.8346
-73.8587
-73.8825
-73.9061
-73.9294
-73.9524
-73.9753
-73.9979
-74.0202
-74.0423
-74.0642
-74.0859
-74.1073
-74.1285
-74.1495
-74.1703
-74.1909
-74.2112
-74.2313
-74.2513
-74.271
-74.2905
-74.3098
-74.329
-74.3479
-74.3666
-74.3852
-74.4036
-74.4217
-74.4397
-74.4575
-74.4752
-74.4926
-74.5099
-74.527
-74.544
-74.5607
-74.5774
-74.5938
-74.6101
-74.6262
-74.6422
-74.658
-74.6736
-74.6891
-74.7045
-74.7197
-74.7347
-74.7496
-74.7644
-74.779
-74.7935
-74.8079
-74.8221
-74.8362
-74.8501
-74.864
-74.8777
-74.8913
-74.9047
-74.918
-74.9313
-74.9443
-74.9573
-74.9701
-74.9829
-74.9955
-75.008
-75.0204
-75.0327
-75.0448
-75.0569
-75.0688
-75.0806
-75.0924
-75.104
-75.1155
-75.1269
-75.1382
-75.1495
-75.1606
-75.1716
-75.1825
-75.1933
-75.204
-75.2147
-75.2252
-75.2356
-75.246
-75.2562
-75.2664
-75.2764
-75.2864
-75.2963
-75.3061
-75.3158
-75.3255
-75.335
-75.3445
-75.3538
-75.3631
-75.3724
-75.3815
-75.3906
-75.3995
-75.4084
-75.4172
-75.426
-75.4346
-75.4432
-75.4518
-75.4602
-75.4686
-75.4769
-75.4851
-75.4932
-75.5013
-75.5093
-75.5173
-75.5251
-75.533
-75.5407
-75.5484
-75.556
-75.5635
-75.571
-75.5784
-75.5858
-75.593
-75.6003
-75.6074
-75.6145
-75.6216
-75.6285
-75.6355
-75.6423
-75.6491
-75.6559
-75.6626
-75.6692
-75.6758
-75.6823
-75.6888
-75.6952
-75.7015
-75.7078
-75.7141
-75.7203
-75.7264
-75.7325
-75.7386
-75.7446
-75.7505
-75.7564
-75.7622
-75.768
-75.7738
-75.7795
-75.7851
-75.7907
-75.7963
-75.8018
-75.8072
-75.8127
-75.818
-75.8234
-75.8287
-75.8339
-75.8391
-75.8443
-75.8494
-75.8545
-75.8595
-75.8645
-75.8695
-75.8744
-75.8793
-75.8841
-75.8889
-75.8937
-75.8984
-75.9031
-75.9077
-75.9123
-75.9169
-75.9214
-75.9259
-75.9304
-75.9348
-75.9392
-75.9436
-75.9479
-75.9522
-75.9565
-75.9607
-75.9649
-75.969
-75.9731
-75.9772
-75.9813
-75.9853
-75.9893
-75.9933
-75.9972
-76.0011
-76.005
-76.0088
-76.0126
-76.0164
-76.0201
-76.0239
-76.0275
-76.0312
-76.0348
-76.0384
-76.042
-76.0456
-76.0491
-76.0526
-76.056
-76.0595
-76.0629
-76.0663
-76.0696
-76.0729
-76.0762
-76.0795
-76.0828
-76.086
-76.0892
-76.0924
-76.0955
-76.0986
-76.1017
-76.1048
-76.1079
-76.1109
-76.1139
-76.1169
-76.1198
-76.1228
-76.1257
-76.1286
-76.1314
-76.1343
-76.1371
-76.1399
-76.1427
-76.1455
-76.1482
-76.1509
-76.1536
-76.1563
-76.1589
-76.1615
-76.1642
-76.1667
-76.1693
-76.1719
-76.1744
-76.1769
-76.1794
-76.1819
-76.1843
-76.1868
-76.1892
-76.1916
-76.1939
-76.1963
-76.1986
-76.201
-76.2033
-76.2056
-76.2078
-76.2101
-76.2123
-76.2145
-76.2167
-76.2189
-76.2211
-76.2232
-76.2254
-76.2275
-76.2296
-76.2317
-76.2337
-76.2358
-76.2378
-76.2398
-76.2418
-76.2438
-76.2458
-76.2478
-76.2497
-76.2516
-76.2536
-76.2554
-76.2573
-76.2592
-76.2611
-76.2629
-76.2647
-76.2665
-76.2683
-76.2701
-76.2719
-76.2737
-76.2754
-76.2771
-76.2788
-76.2806
-76.2822
-76.2839
-76.2856
-76.2872
-76.2889
-76.2905
-76.2921
-76.2937
-76.2953
-76.2969
-76.2985
-76.3
-76.3016
-76.3031
-76.3046
-76.3061
-76.3076
-76.3091
-76.3106
-76.312
-76.3135
-76.3149
-76.3164
-76.3178
-76.3192
-76.3206
-76.322
-76.3233
-76.3247
-76.3261
-76.3274
-76.3287
-76.33
-76.3314
-76.3327
-76.334
-76.3352
-76.3365
-76.3378
-76.339
-76.3403
-76.3415
-76.3427
-76.3439
-76.3452
-76.3464
-76.3475
-76.3487
-76.3499
-76.351
-76.3522
-76.3533
-76.3545
-76.3556
-76.3567
-76.3578
-76.3589
-76.36
-76.3611
-76.3622
-76.3632
-76.3643
-76.3654
-76.3664
-76.3674
-76.3685
-76.3695
-76.3705
-76.3715
-76.3725
-76.3735
-76.3745
-76.3754
-76.3764
-76.3774
-76.3783
-76.3793
-76.3802
-76.3811
-76.382
-76.383
-76.3839
-76.3848
-76.3857
-76.3866
-76.3874
-76.3883
-76.3892
-76.39
-76.3909
-76.3917
-76.3926
-76.3934
-76.3943
-76.3951
-76.3959
-76.3967
-76.3975
-76.3983
-76.3991
-76.3999
-76.4007
-76.4014
-76.4022
-75.9782
-71.7854
-68.0015
-65.1526
-62.9424
-61.119
-59.4235
-57.4436
-53.6142
46.3418
-5.06449
-36.4119
-78.3973
-79.7416
-79.7278
-79.053
-77.9079
-77.4784
-77.1845
-76.8943
-76.5937
-76.2823
-75.9624
-75.3937
-72.8836
-70.8652
-69.4832
-68.4515
-67.6318
-66.9533
-66.3775
-65.8819
-65.4522
-65.0796
-64.7569
-64.4791
-64.2427
-64.5818
-65.6079
-66.4489
-65.9465
-64.9912
-64.3767
-63.9882
-63.7388
-63.5804
-63.6048
-64.6936
-65.6392
-66.3109
-66.8011
-67.1697
-67.4555
-67.6836
-67.8709
-68.0289
-68.1656
-68.2867
-68.3964
-68.4976
-68.5925
-68.6826
-68.7691
-68.8529
-68.9346
-69.0148
-69.0937
-69.1717
-69.2489
-69.3255
-69.4016
-69.4772
-69.5523
-69.627
-69.7013
-69.7751
-69.8484
-69.9211
-69.9933
-70.0648
-67.5085
-64.3434
-61.9066
-59.9209
-58.0274
-55.5446
-47.4714
22.6728
-22.0772
-63.6619
-79.4693
-79.0254
-78.3287
-78.0595
-77.836
-77.6015
-77.3527
-77.0907
-76.8173
-76.5349
-75.9776
-73.2988
-71.1792
-69.7434
-68.6801
-67.84
-67.284
-67.4665
-67.6298
-68.2496
-68.8862
-69.3012
-69.5737
-69.7578
-69.886
-69.9785
-70.1423
-70.7125
-71.1825
-71.5259
-71.7833
-71.981
-72.1364
-72.2613
-72.3638
-72.4497
-72.5231
-72.5869
-72.6434
-72.6943
-72.7408
-72.7839
-72.8243
-72.8625
-72.899
-72.9341
-72.9681
-73.0012
-73.0335
-73.0653
-73.0965
-73.1272
-73.1575
-73.1875
-73.2172
-73.2466
-73.2757
-73.3045
-73.3331
-73.3615
-73.3896
-73.4175
-73.4452
-73.4726
-73.4997
-73.5267
-73.5534
-73.5799
-73.6061
-73.6321
-73.6578
-73.6834
-73.7086
-73.7337
-73.7585
-73.7831
-73.8074
-73.8316
-73.8554
-73.8791
-73.9025
-73.9257
-73.9487
-73.9714
-73.9939
-74.0162
-74.0383
-74.0601
-74.0818
-74.1032
-74.1244
-74.1454
-74.1661
-74.1867
-74.207
-74.2272
-74.2471
-74.2669
-72.025
-68.1104
-65.0696
-62.7333
-60.817
-59.024
-56.8493
-51.8847
39.6596
-12.788
-45.3115
-78.5811
-78.9562
-78.8358
-78.6959
-78.5429
-78.377
-78.1986
-78.0085
-76.6982
-74.664
-73.4352
-72.6033
-71.9408
-71.3653
-70.8442
-70.3643
-69.9398
-68.232
-66.5877
-66.1075
-66.0793
-66.0496
-66.0142
-65.9806
-65.953
-65.9335
-65.9232
-65.9225
-65.9315
-65.852
-64.5451
-63.5216
-62.8409
-62.3712
-62.0392
-61.803
-61.6346
-61.5174
-61.441
-61.3986
-61.3853
-61.3976
-61.433
-61.4895
-61.5656
-61.6598
-61.7711
-61.8981
-62.0395
-62.1926
-62.3557
-62.5277
-62.7073
-62.8935
-63.0853
-63.2807
-63.4782
-63.6769
-63.8761
-64.0752
-64.2737
-64.4703
-64.6646
-64.8563
-65.0452
-65.2311
-65.4138
-65.5929
-65.7683
-65.94
-66.108
-64.051
-61.4332
-59.3226
-57.37
-54.8821
-47.3042
21.4522
-23.388
-64.9878
-79.3162
-78.8158
-78.1496
-77.8691
-77.6281
-77.3768
-77.1116
-76.8339
-76.5457
-76.2497
-75.9491
-74.3816
-71.6029
-69.7964
-68.9182
-68.3367
-68.4463
-68.5846
-68.63
-68.626
-68.5978
-68.5597
-68.5199
-68.4829
-68.4516
-68.4275
-68.4113
-68.6401
-69.2946
-69.8276
-70.2344
-70.5513
-70.8033
-71.0075
-71.1759
-71.3171
-71.4376
-71.5419
-71.6337
-71.7155
-71.7894
-71.857
-71.9195
-71.9778
-72.0327
-72.0848
-72.1346
-72.1824
-72.2286
-72.2734
-72.317
-72.3595
-72.4012
-72.442
-72.4821
-72.5216
-72.5604
-72.5987
-72.6365
-72.6738
-72.7107
-72.7471
-72.7831
-72.8187
-72.8539
-72.8888
-72.9232
-72.9572
-72.9909
-73.0242
-73.0572
-73.0898
-73.122
-73.1539
-73.1854
-73.2166
-73.2475
-73.278
-73.3081
-73.3379
-73.3674
-73.3966
-73.4254
-73.4539
-73.4821
-73.51
-73.5376
-73.5649
-73.5918
-73.6185
-73.6449
-73.6709
-73.6968
-73.7223
-73.7475
-73.7725
-73.7972
-73.8217
-73.8459
-73.8698
-73.8935
-73.9169
-73.9401
-73.9631
-73.9858
-74.0082
-74.0305
-74.0525
-71.0123
-67.2699
-64.4175
-62.2013
-60.3386
-58.5061
-56.0363
-47.5669
23.8987
-21.0182
-62.2195
-79.1547
-78.7652
-78.5667
-78.3956
-78.2113
-78.0126
-77.8001
-77.5747
-77.3381
-76.1765
-73.8065
-72.2354
-71.1697
-70.3522
-69.675
-69.089
-68.5703
-68.1065
-67.3277
-64.9518
-63.8394
-63.2828
-63.5084
-64.254
-64.7914
-65.1649
-65.4351
-65.6385
-65.7985
-65.9304
-66.044
-66.8118
-67.6976
-68.36
-68.8578
-69.2407
-69.5418
-69.7836
-69.9817
-70.1472
-70.2881
-70.4101
-70.5176
-70.6138
-70.7011
-70.7813
-70.856
-70.9261
-70.9926
-71.0561
-71.1172
-71.1763
-71.2336
-71.2895
-71.3442
-71.3978
-71.4505
-71.5023
-71.5534
-71.6037
-71.6535
-71.7026
-71.7512
-71.7992
-71.8467
-71.8937
-71.9401
-71.986
-72.0315
-72.0764
-72.1208
-72.1647
-72.2081
-72.251
-72.2934
-72.3353
-72.007
-68.3979
-65.1383
-62.6616
-60.6589
-58.8101
-56.5861
-51.4484
38.1215
-14.1953
-47.3472
-79.202
-78.8734
-78.5267
-78.34
-78.1487
-77.943
-77.723
-77.4897
-77.2446
-76.891
-74.4629
-72.5216
-71.259

