-70
-70.0758
-70.1508
-70.225
-70.2983
-70.3706
-70.4419
-70.5122
-70.5814
-70.6496
-70.7168
-70.7829
-70.848
-70.9121
-70.9752
-71.0373
-71.0984
-71.1586
-71.2178
-71.2761
-71.3334
-71.3899
-71.4455
-71.5003
-71.5543
-71.6074
-71.6598
-71.7114
-71.7623
-71.8124
-71.8619
-71.9106
-71.9587
-72.006
-72.0527
-72.0988
-72.1442
-72.1889
-72.2331
-72.2766
-72.3196
-72.362
-72.4038
-72.445
-72.4857
-72.5258
-72.5654
-72.6045
-72.6431
-72.6812
-72.7188
-72.756
-72.7927
-72.8289
-72.8647
-72.9
-72.9349
-72.9694
-73.0035
-73.0371
-73.0704
-73.1032
-73.1357
-73.1678
-73.1994
-73.2307
-73.2617
-73.2922
-73.3224
-73.3523
-73.3817
-73.4109
-73.4397
-73.4682
-73.4963
-73.5241
-73.5516
-73.5788
-73.6057
-73.6323
-73.6585
-73.6845
-73.7102
-73.7356
-73.7608
-73.7857
-73.8103
-73.8346
-73.8587
-73.8825
-73.9061
-73.9294
-73.9524
-73.9753
-73.9979
-74.0202
-74.0423
-74.0642
-74.0859
-74.1073
-74.1285
-74.1495
-74.1703
-74.1909
-74.2112
-74.2313
-74.2513
-74.271
-74.2905
-74.3098
-74.329
-74.3479
-74.3666
-74.3852
-74.4036
-74.4217
-74.4397
-74.4575
-74.4752
-74.4926
-74.5099
-74.527
-74.544
-74.5607
-74.5774
-74.5938
-74.6101
-74.6262
-74.6422
-74.658
-74.6736
-74.6891
-74.7045
-74.7197
-74.7347
-74.7496
-74.7644
-74.779
-74.7935
-74.8079
-74.8221
-74.8362
-74.8501
-74.864
-74.8777
-74.8913
-74.9047
-74.918
-74.9313
-74.9443
-74.9573
-74.9701
-74.9829
-74.9955
-75.008
-75.0204
-75.0327
-75.0448
-75.0569
-75.0688
-75.0806
-75.0924
-75.104
-75.1155
-75.1269
-75.1382
-75.1495
-75.1606
-75.1716
-75.1825
-75.1933
-75.204
-75.2147
-75.2252
-75.2356
-75.246
-75.2562
-75.2664
-75.2764
-75.2864
-75.2963
-75.3061
-75.3158
-75.3255
-75.335
-75.3445
-75.3538
-75.3631
-75.3724
-75.3815
-75.3906
-75.3995
-75.4084
-75.4172
-75.426
-75.4346
-75.4432
-75.4518
-75.4602
-75.4686
-75.4769
-75.4851
-75.4932
-75.5013
-75.5093
-75.5173
-75.5251
-75.533
-75.5407
-75.5484
-75.556
-75.5635
-75.571
-75.5784
-75.5858
-75.593
-75.6003
-75.6074
-75.6145
-75.6216
-75.6285
-75.6355
-75.6423
-75.6491
-75.6559
-75.6626
-75.6692
-75.6758
-75.6823
-75.6888
-75.6952
-75.7015
-75.7078
-75.7141
-75.7203
-75.7264
-75.7325
-75.7386
-75.7446
-75.7505
-75.7564
-75.7622
-75.768
-75.7738
-75.7795
-75.7851
-75.7907
-75.7963
-75.8018
-75.8072
-75.8127
-75.818
-75.8234
-75.8287
-75.8339
-75.8391
-75.8443
-75.8494
-75.8545
-75.8595
-75.8645
-75.8695
-75.8744
-75.8793
-75.8841
-75.8889
-75.8937
-75.8984
-75.9031
-75.9077
-75.9123
-75.9169
-75.9214
-75.9259
-75.9304
-75.9348
-75.9392
-75.9436
-75.9479
-75.9522
-75.9565
-75.9607
-75.9649
-75.969
-75.9731
-75.9772
-75.9813
-75.9853
-75.9893
-75.9933
-75.9972
-76.0011
-76.005
-76.0088
-76.0126
-76.0164
-76.0201
-76.0239
-76.0275
-76.0312
-76.0348
-76.0384
-76.042
-76.0456
-76.0491
-76.0526
-76.056
-76.0595
-76.0629
-76.0663
-76.0696
-76.0729
-76.0762
-76.0795
-76.0828
-76.086
-76.0892
-76.0924
-76.0955
-76.0986
-76.1017
-76.1048
-76.1079
-76.1109
-76.1139
-76.1169
-76.1198
-76.1228
-76.1257
-76.1286
-76.1314
-76.1343
-76.1371
-76.1399
-76.1427
-76.1455
-76.1482
-76.1509
-76.1536
-76.1563
-76.1589
-76.1615
-76.1642
-76.1667
-76.1693
-76.1719
-76.1744
-76.1769
-76.1794
-76.1819
-76.1843
-76.1868
-76.1892
-76.1916
-76.1939
-76.1963
-76.1986
-76.201
-76.2033
-76.2056
-76.2078
-76.2101
-76.2123
-76.2145
-76.2167
-76.2189
-76.2211
-76.2232
-76.2254
-76.2275
-76.2296
-76.2317
-76.2337
-76.2358
-76.2378
-76.2398
-76.2418
-76.2438
-76.2458
-76.2478
-76.2497
-76.2516
-76.2536
-76.2554
-76.2573
-76.2592
-76.2611
-76.2629
-76.2647
-76.2665
-76.2683
-76.2701
-76.2719
-76.2737
-76.2754
-76.2771
-76.2788
-76.2806
-76.2822
-76.2839
-76.2856
-76.2872
-76.2889
-76.2905
-76.2921
-76.2937
-76.2953
-76.2969
-76.2985
-76.3
-76.3016
-76.3031
-76.3046
-76.3061
-76.3076
-76.3091
-76.3106
-76.312
-76.3135
-76.3149
-76.3164
-76.3178
-76.3192
-76.3206
-76.322
-76.3233
-76.3247
-76.3261
-76.3274
-76.3287
-76.33
-76.3314
-76.3327
-76.334
-76.3352
-76.3365
-76.3378
-76.339
-76.3403
-76.3415
-76.3427
-76.3439
-76.3452
-76.3464
-76.3475
-76.3487
-76.3499
-76.351
-76.3522
-76.3533
-76.3545
-76.3556
-76.3567
-76.3578
-76.3589
-76.36
-76.3611
-76.3622
-76.3632
-76.3643
-76.3654
-76.3664
-76.3674
-76.3685
-76.3695
-76.3705
-76.3715
-76.3725
-76.3735
-76.3745
-76.3754
-76.3764
-76.3774
-76.3783
-76.3793
-76.3802
-76.3811
-76.382
-76.383
-76.3839
-76.3848
-76.3857
-76.3866
-76.3874
-76.3883
-76.3892
-76.39
-76.3909
-76.3917
-76.3926
-76.3934
-76.3943
-76.3951
-76.3959
-76.3967
-76.3975
-76.3983
-76.3991
-76.3999
-76.4007
-76.4014
-76.4022
-74.8446
-70.5341
-67.0631
-64.4343
-62.3657
-60.6103
-58.888
-56.6535
-50.6465
33.7769
-16.042
-51.0817
-79.4364
-79.7448
-79.718
-78.7039
-77.7425
-77.3594
-77.063
-76.7661
-76.4587
-76.1412
-75.8161
-75.0514
-72.4933
-70.5197
-69.1545
-68.1283
-67.3111
-66.6352
-66.0627
-65.5711
-65.1464
-64.7788
-64.4612
-64.189
-63.9582
-63.7646
-64.5387
-64.7508
-63.3671
-63.8864
-65.1705
-66.7669
-67.7687
-68.3425
-68.6909
-68.9153
-69.187
-69.8986
-70.4195
-69.3187
-67.273
-65.9372
-65.0944
-64.547
-64.6987
-65.5054
-66.1064
-66.5314
-66.8439
-67.0828
-67.2726
-67.429
-67.5622
-67.6792
-67.7847
-67.8822
-67.9738
-68.0615
-68.1463
-68.2293
-68.311
-68.392
-68.4725
-68.5528
-68.6329
-69.0443
-69.8427
-70.4937
-71.004
-71.4104
-71.7385
-72.007
-70.554
-67.2304
-64.7231
-62.8942
-61.4915
-60.3345
-59.2769
-58.1605
-56.7022
-53.8875
-12.4027
1.25893
-32.0544
-75.9422
-79.0764
-79.0189
-78.9019
-78.7721
-78.6311
-78.0503
-76.1995
-75.1374
-74.4865
-74.1225
-73.9104
-73.8878
-74.0146
-74.1019
-74.2299
-74.3529
-74.4649
-74.4907
-74.4771
-74.4499
-74.4191
-74.3945
-74.5124
-74.703
-74.8191
-74.8819
-74.9174
-74.9381
-74.9507
-74.9588
-74.9644
-74.9688
-74.9725
-74.976
-75.0218
-75.1138
-75.1846
-75.2374
-75.2778
-75.3095
-75.335
-75.3561
-75.3739
-75.3892
-75.4026
-75.4146
-75.4256
-75.4357
-75.4452
-75.4541
-75.4627
-75.471
-75.479
-75.4868
-75.4945
-75.502
-75.5095
-75.5168
-75.5241
-75.5314
-75.5386
-75.5457
-75.5529
-75.5599
-75.567
-75.574
-75.581
-75.588
-75.5949
-75.6018
-75.6087
-75.6155
-75.6223
-75.6291
-75.6358
-75.6424
-75.6491
-75.6557
-75.6622
-75.6688
-75.6752
-75.6817
-72.4541
-68.487
-65.4687
-63.1477
-61.258
-59.5348
-57.5831
-54.044
43.4305
-2.02553
-34.0723
-77.8045
-79.7277
-79.7196
-79.6843
-78.2034
-77.4141
-77.045
-76.729
-76.4112
-76.0845
-75.7498
-75.4099
-74.625
-71.9816
-69.9079
-68.4582
-67.3693
-66.5083
-65.8032
-65.212
-64.7092
-64.2776
-63.9065
-63.5866
-63.3121
-63.7267
-64.7126
-65.5213
-66.1581
-66.6663
-66.4186
-66.1657
-66.5741
-66.8576
-67.0325
-67.1504
-67.2373
-67.3073
-67.368
-67.4239
-67.4778
-67.5313
-67.5854
-67.6698
-68.4434
-69.6347
-70.6463
-71.3345
-71.8134
-72.1573
-72.4113
-72.604
-72.7537
-72.8728
-72.9695
-73.0968
-73.4221
-73.6944
-73.8995
-74.0574
-74.1816
-74.281
-74.3619
-74.4289
-74.4851
-74.5331
-74.5745
-74.6108
-74.6429
-74.6716
-74.6977
-74.7215
-74.7436
-74.3633
-70.4547
-66.9715
-64.3821
-62.3856
-60.7347
-59.1878
-57.381
-54.0736
33.85
-0.865809
-33.3854
-76.9966
-78.9605
-78.8593
-78.722
-78.5713
-78.4075
-78.2312
-78.0428
-77.8434
-76.4396
-74.1766
-72.7617
-71.8028
-71.0566
-70.4268
-69.8716
-69.3718
-68.9775
-69.4425
-70.1635
-70.8955
-71.7572
-72.8517
-73.7067
-74.3048
-74.6512
-74.8129
-74.8911
-74.931
-74.9523
-74.9739
-75.0658
-75.1338
-75.176
-75.2036
-75.2225
-75.2363
-75.2468
-75.2553
-75.2626
-75.2691
-75.2752
-75.281
-75.2867
-75.2924
-75.2981
-75.3039
-75.3099
-75.316
-75.3222
-75.3344
-75.3989
-75.4589
-75.5064
-75.5446
-75.5759
-75.6019
-75.6238
-75.6426
-75.659
-75.6733
-75.6861
-75.6976
-75.708
-75.7176
-75.7265
-75.7348
-75.7426
-75.7501
-75.7571
-75.7639
-75.7705
-75.7769
-75.783
-75.789
-75.7949
-75.8007
-75.8064
-75.8119
-75.8174
-75.8228
-75.8282
-75.8335
-75.8387
-75.8439
-75.849
-75.8541
-75.8591
-75.8641
-75.869
-75.8739
-75.8788
-75.8836
-75.8884
-75.8931
-75.8978
-75.9025
-75.9071
-75.9117
-75.9163
-75.9208
-75.9253
-75.9298
-75.9342
-75.9386
-75.9429
-75.9473
-75.9516
-75.9558
-75.96
-75.5456
-71.4174
-67.6917
-64.8855
-62.7025
-60.8871
-59.1673
-57.0748
-52.4703
42.2413
-10.6874
-42.2538
-78.62
-78.8697
-78.714
-78.5594
-78.3912
-78.209
-78.0133
-77.8047
-77.5847
-76.0034
-73.897
-72.5776
-71.6609
-70.9361
-70.3185
-69.7713
-69.2776
-68.8292
-67.0375
-64.6722
-63.5753
-63.2823
-63.0846
-62.9315
-62.8129
-62.7229
-64.4723
-67.1907
-68.8975
-69.9235
-69.3786
-67.4709
-66.2019
-65.4135
-65.5486
-66.0751
-66.4465
-66.7065
-66.8983
-67.4809
-68.2921
-68.8666
-69.2705
-69.5645
-69.7859
-69.9581
-70.0961
-70.2102
-70.307
-70.3914
-70.4667
-70.88
-71.4344
-71.8614
-72.1883
-72.4436
-72.6468
-72.8112
-72.9464
-73.0593
-73.1549
-73.237
-73.3083
-73.371
-73.4269
-73.4771
-73.5228
-73.5647
-73.6035
-73.6397
-73.6737
-73.7059
-73.7366
-71.9576
-68.1138
-65.1038
-62.817
-60.9712
-59.299
-57.4207
-54.1276
25.8002
-0.178673
-32.894
-77.2081
-79.7001
-78.6937
-78.3122
-78.1017
-77.8882
-77.6605
-77.4187
-77.164
-76.8986
-76.5255
-74.0249
-71.9705
-70.6096
-69.6096
-68.815

