-70
-69.8623
-69.7285
-69.5983
-69.4718
-69.3487
-69.2291
-69.1128
-68.9997
-68.8897
-68.7828
-68.6789
-68.5778
-68.4795
-68.3839
-68.291
-68.2007
-68.1128
-68.0274
-67.9443
-67.8636
-67.7851
-67.7087
-67.6345
-67.5623
-67.4921
-67.4238
-67.3574
-67.2929
-67.2301
-67.1691
-67.1098
-67.0521
-66.996
-66.9414
-66.8884
-66.8368
-66.7866
-66.7378
-66.6904
-66.6443
-66.5994
-66.5558
-66.5133
-66.4721
-66.432
-66.393
-66.355
-66.3181
-66.2823
-66.2474
-66.2134
-66.1805
-66.1484
-66.1172
-66.0868
-66.0573
-66.0286
-66.0007
-65.9736
-65.9472
-65.9215
-65.8966
-65.8723
-65.8487
-65.8257
-65.8034
-65.7817
-65.7606
-65.74
-65.72
-65.7006
-65.6817
-65.6633
-65.6455
-65.6281
-65.6112
-65.5948
-65.5788
-65.5632
-65.5481
-65.5334
-65.5191
-65.5052
-65.4917
-65.4785
-65.4657
-65.4533
-65.4412
-65.4294
-65.418
-65.4068
-65.396
-65.3855
-65.3752
-65.3653
-65.3556
-65.3462
-65.337
-65.3281
-65.3194
-65.311
-65.3028
-65.2948
-65.2871
-65.2795
-65.2722
-65.2651
-65.2581
-65.2514
-65.2448
-65.2385
-65.2322
-65.2262
-65.2203
-65.2146
-65.2091
-65.2037
-65.1984
-65.1933
-65.1884
-65.1835
-65.1788
-65.1743
-65.1698
-65.1655
-65.1613
-65.1572
-65.1532
-65.1493
-65.1456
-65.1419
-65.1384
-65.1349
-65.1315
-65.1283
-65.1251
-65.122
-65.119
-65.1161
-65.1132
-65.1104
-65.1077
-65.1051
-65.1026
-65.1001
-65.0977
-65.0953
-65.0931
-65.0908
-65.0887
-65.0866
-65.0845
-65.0826
-65.0806
-65.0788
-65.0769
-65.0752
-65.0734
-65.0718
-65.0701
-65.0685
-65.067
-65.0655
-65.064
-65.0626
-65.0612
-65.0599
-65.0586
-65.0573
-65.0561
-65.0549
-65.0537
-65.0526
-65.0514
-65.0504
-65.0493
-65.0483
-65.0473
-65.0464
-65.0454
-65.0445
-65.0436
-65.0428
-65.0419
-65.0411
-65.0403
-65.0395
-65.0388
-65.0381
-65.0374
-65.0367
-65.036
-65.0353
-65.0347
-65.0341
-65.0335
-65.0329
-65.0323
-65.0318
-65.0313
-65.0307
-65.0302
-65.0297
-65.0293
-65.0288
-65.0283
-65.0279
-65.0275
-65.027
-65.0266
-65.0262
-65.0259
-65.0255
-65.0251
-65.0248
-65.0244
-65.0241
-65.0238
-65.0234
-65.0231
-65.0228
-65.0225
-65.0223
-65.022
-65.0217
-65.0215
-65.0212
-65.021
-65.0207
-65.0205
-65.0203
-65.02
-65.0198
-65.0196
-65.0194
-65.0192
-65.019
-65.0188
-65.0187
-65.0185
-65.0183
-65.0181
-65.018
-65.0178
-65.0177
-65.0175
-65.0174
-65.0172
-65.0171
-65.017
-65.0168
-65.0167
-65.0166
-65.0165
-65.0163
-65.0162
-65.0161
-65.016
-65.0159
-65.0158
-65.0157
-65.0156
-65.0155
-65.0154
-65.0153
-65.0153
-65.0152
-65.0151
-65.015
-65.0149
-65.0149
-65.0148
-65.0147
-65.0147
-65.0146
-65.0145
-65.0145
-65.0144
-65.0143
-65.0143
-65.0142
-65.0142
-65.0141
-65.0141
-65.014
-65.014
-65.0139
-65.0139
-65.0138
-65.0138
-65.0137
-65.0137
-65.0137
-65.0136
-65.0136
-65.0135
-65.0135
-65.0135
-65.0134
-65.0134
-65.0134
-65.0133
-65.0133
-65.0133
-65.0133
-65.0132
-65.0132
-65.0132
-65.0131
-65.0131
-65.0131
-65.0131
-65.0131
-65.013
-65.013
-65.013
-65.013
-65.0129
-65.0129
-65.0129
-65.0129
-65.0129
-65.0129
-65.0128
-65.0128
-65.0128
-65.0128
-65.0128
-65.0128
-65.0127
-65.0127
-65.0127
-65.0127
-65.0127
-65.0127
-65.0127
-65.0127
-65.0126
-65.0126
-65.0126
-65.0126
-65.0126
-65.0126
-65.0126
-65.0126
-65.0126
-65.0126
-65.0125
-65.0125
-65.0125
-65.0125
-65.0125
-65.0125
-65.0125
-65.0125
-65.0125
-65.0125
-65.0125
-65.0125
-65.0125
-65.0124
-65.0124
-65.0124
-65.0124
-65.0124
-65.0124
-65.0124
-65.0124
-65.0124
-65.0124
-65.0124
-65.0124
-65.0124
-65.0124
-65.0124
-65.0124
-65.0124
-65.0124
-65.0124
-65.0124
-65.0124
-65.0124
-65.0124
-65.0123
-65.0123
-65.0123
-65.0123
-65.0123
-65.0123
-65.0123
-65.0123
-65.0123
-65.0123
-65.0123
-65.0123
-65.0123
-65.0123
-65.0123
-65.0123
-65.0123
-65.0123
-65.0123
-65.0123
-65.0123
-65.0123
-65.0123
-65.0123
-65.0123
-65.0123
-65.0123
-65.0123
-65.0123
-65.0123
-65.0123
-65.0123
-65.0123
-65.0123
-65.0123
-65.0123
-65.0123
-65.0123
-65.0123
-65.0123
-65.0123
-65.0123
-65.0123
-65.0123
-65.0123
-65.0123
-65.0123
-65.0123
-65.0123
-65.0123
-65.0123
-65.0123
-65.0123
-65.0123
-65.0123
-65.0123
-65.0123
-65.0123
-65.0123
-65.0123
-65.0123
-65.0123
-65.0123
-65.0123
-65.0123
-65.0123
-65.0123
-65.0123
-65.0123
-65.0123
-65.0123
-65.0123
-65.0123
-65.0123
-64.9505
-64.8995
-64.8615
-64.8344
-64.8133
-64.7964
-64.7828
-64.772
-64.7634
-64.7568
-64.7518
-64.7482
-64.7458
-64.7444
-64.7439
-64.7441
-64.745
-64.7465
-64.7484
-64.7508
-64.7534
-64.7564
-64.7596
-64.763
-64.7666
-64.7703
-64.7742
-64.7781
-64.7821
-64.7861
-64.7902
-64.7942
-64.7983
-64.8024
-64.7542
-64.6319
-64.5502
-64.4896
-64.4463
-64.4127
-64.3865
-64.3661
-64.3507
-64.3393
-64.3314
-64.3265
-64.324
-64.3237
-64.3252
-64.3283
-64.3326
-64.3381
-64.3446
-64.2846
-64.244
-64.1095
-63.5082
-63.0953
-62.7402
-62.4299
-62.1539
-61.6386
-61.2676
-60.9864
-60.734
-60.5314
-60.3215
-60.1708
-59.9705
-59.7606
-59.5805
-59.4088
-59.2902
-59.2105
-59.1617
-59.136
-59.1291
-59.138
-59.1603
-59.1791
-59.0945
-59.0566
-59.0462
-59.0505
-59.0379
-59.0507
-59.08
-59.1027
-59.1174
-59.1515
-59.1987
-59.2567
-59.322
-59.3932
-59.469
-59.5487
-59.6313
-59.7164
-59.8033
-59.8555
-59.9027
-59.9432
-59.964
-60.0052
-60.0573
-60.1184
-60.1848
-60.2106
-60.2407
-60.2845
-60.3387
-60.3994
-60.4643
-60.5324
-60.5945
-60.6126
-60.6497
-60.6964
-60.6996
-60.7216
-60.756
-60.8009
-60.8219
-60.7833
-60.7693
-60.7765
-60.8004
-60.8342
-60.7904
-60.7311
-60.6783
-60.5562
-60.472
-60.3645
-60.1825
-59.9806
-59.8028
-59.6172
-59.4997
-59.3864
-59.1613
-58.8969
-58.6237
-58.4352
-58.311
-58.2064
-58.0905
-58.0216
-57.9865
-57.98
-57.9942
-58.0009
-58.017
-58.0471
-58.0626
-58.1013
-58.1549
-58.2216
-58.2973
-58.3803
-58.4691
-58.5627
-58.6601
-58.7606
-58.8635
-58.9682
-59.0742
-59.1811
-59.2885
-59.3961
-59.5036
-59.6108
-59.7174
-59.8233
-59.9283
-60.0323
-60.1351
-60.2366
-60.3368
-60.4355
-60.5328
-60.6285
-60.7226
-60.8151
-60.906
-60.9952
-61.0826
-61.1684
-61.2525
-61.3348
-61.4155
-61.4945
-61.5717
-61.6474
-61.7214
-61.7937
-61.8644
-61.9336
-62.0012
-62.0672
-62.1316
-62.1946
-62.2561
-62.3162
-62.3748
-62.432
-62.4879
-62.5424
-62.5956
-62.6475
-62.6981
-62.7476
-62.7958
-62.8428
-62.8887
-62.9334
-62.9771
-63.0196
-63.0611
-63.1016
-63.1411
-63.1796
-63.2171
-63.2537
-63.2894
-63.3242
-63.3581
-63.3912
-63.4234
-63.4549
-63.4277
-63.4159
-63.4137
-63.4198
-63.3649
-63.1141
-62.8166
-62.6038
-62.4019
-62.1333
-61.7844
-61.2289
-60.7984
-60.3902
-60.0632
-59.8215
-59.5855
-59.4122
-59.285
-59.1962
-59.1368
-59.1016
-59.0867
-59.0754
-59.0573
-59.0622
-59.0835
-59.1059
-59.113
-59.1077
-59.1262
-59.1615
-59.2006
-59.2222
-59.218
-59.1838
-59.1601
-59.1669
-59.1836
-59.1851
-59.2101
-59.2499
-59.273
-59.277
-59.2789
-59.3054
-59.348
-59.4025
-59.4527
-59.4754
-59.5183
-59.5728
-59.6371
-59.7076
-59.7643
-59.7981
-59.849
-59.9094
-59.9777
-60.0505
-60.1268
-60.2055
-60.2862
-60.3681
-60.4511
-60.5345
-60.6182
-60.7019
-60.7853
-60.8683
-60.9508
-61.0325
-61.1133
-61.1206
-61.1142
-61.094
-61.065
-61.0452
-61.0063
-60.9971
-61.005
-61.0266
-61.057
-61.0945
-61.0819
-61.0891
-61.1099
-61.0649
-60.9114
-60.736
-60.5558
-60.302
-60.11
-59.9569
-59.7636
-59.5073
-59.2501
-59.0246
-58.8274
-58.6853
-58.5687
-58.4851
-58.3937
-58.3118
-58.2695
-58.2563
-58.2664
-58.2937
-58.3351
-58.3884
-58.4514
-58.5227
-58.6009
-58.6848
-58.7735
-58.866
-58.9616
-59.0597
-59.1597
-59.2611
-59.3635
-59.4665
-59.5699
-59.6732
-59.7764
-59.8792
-59.9813
-60.0826
-60.1829
-60.2822
-60.3804
-60.4773
-60.5729
-60.6671
-60.7598
-60.8511
-60.9408
-61.0289
-61.1155
-61.2004
-61.2837
-61.3653
-61.4454
-61.5237
-61.6005
-61.6756
-61.7492
-61.8211
-61.8915
-61.9603
-62.0275
-62.0932
-62.1574
-62.2202
-62.2814
-62.3413
-62.3997
-62.4567
-62.5124
-62.5668
-62.6198
-62.6716
-62.7221
-62.7714
-62.8195
-62.8664
-62.9122
-62.9568
-63.0004
-63.0429
-63.0843
-63.1247
-63.164
-63.2025
-63.2399
-63.2764
-63.312
-63.3467
-63.3806
-63.4136
-63.4458
-63.4771
-63.5077
-63.5376
-63.5666
-63.595
-63.6226
-63.6496
-63.6759
-63.7015
-63.7265
-63.7508
-63.7746
-63.7978
-63.7761
-63.7558
-63.7463
-63.7449
-63.675
-63.5841
-63.5242
-63.4393
-63.3707
-63.3223
-63.2897
-63.2679
-63.2541
-63.2375
-62.9808
-62.7718
-62.6186
-62.4156
-61.7681
-61.1076
-60.6287
-60.2847
-60.0298
-59.8343
-59.6756
-59.5284
-59.4238
-59.351
-59.3058
-59.2822
-59.2635
-59.2395
-59.2388
-59.2546
-59.2512
-59.2177
-59.2124
-59.2097
-59.143
-59.1097
-59.104
-59.101
-59.1033
-59.1195
-59.1141
-59.1345
-59.1706
-59.2202
-59.279
-59.3109
-59.2983
-59.3169
-59.3534
-59.4051
-59.4658
-59.5333
-59.6063
-59.6836
-59.7642
-59.8476
-59.933
-60.0199
-60.1079
-60.1966
-60.2857
-60.3748
-60.4638
-60.5218
-60.5667
-60.6235
-60.6874
-60.7562
-60.8273
-60.8623
-60.8927
-60.9358
-60.9875
-61.0447
-61.1051
-61.1678
-61.2321
-61.2976
-61.3638
-61.3771
-61.3084
-61.2824
-61.2793
-61.2946
-61.32
-61.3528
-61.3912
-61.4341
-61.4807
-61.5301
-61.5412
-61.5557
-61.568
-61.5538
-61.5614
-61.5806
-61.5262
-61.416
-61.2768
-61.157
-61.0532
-60.871
-60.6898
-60.49
-60.2552
-60.0372
-59.7476
-59.4304
-59.1705
-58.9793
-58.8128
-58.7016
-58.6286
-58.5871

