-70
-70.0758
-70.1508
-70.225
-70.2983
-70.3706
-70.4419
-70.5122
-70.5814
-70.6496
-70.7168
-70.7829
-70.848
-70.9121
-70.9752
-71.0373
-71.0984
-71.1586
-71.2178
-71.2761
-71.3334
-71.3899
-71.4455
-71.5003
-71.5543
-71.6074
-71.6598
-71.7114
-71.7623
-71.8124
-71.8619
-71.9106
-71.9587
-72.006
-72.0527
-72.0988
-72.1442
-72.1889
-72.2331
-72.2766
-72.3196
-72.362
-72.4038
-72.445
-72.4857
-72.5258
-72.5654
-72.6045
-72.6431
-72.6812
-72.7188
-72.756
-72.7927
-72.8289
-72.8647
-72.9
-72.9349
-72.9694
-73.0035
-73.0371
-73.0704
-73.1032
-73.1357
-73.1678
-73.1994
-73.2307
-73.2617
-73.2922
-73.3224
-73.3523
-73.3817
-73.4109
-73.4397
-73.4682
-73.4963
-73.5241
-73.5516
-73.5788
-73.6057
-73.6323
-73.6585
-73.6845
-73.7102
-73.7356
-73.7608
-73.7857
-73.8103
-73.8346
-73.8587
-73.8825
-73.9061
-73.9294
-73.9524
-73.9753
-73.9979
-74.0202
-74.0423
-74.0642
-74.0859
-74.1073
-74.1285
-74.1495
-74.1703
-74.1909
-74.2112
-74.2313
-74.2513
-74.271
-74.2905
-74.3098
-74.329
-74.3479
-74.3666
-74.3852
-74.4036
-74.4217
-74.4397
-74.4575
-74.4752
-74.4926
-74.5099
-74.527
-74.544
-74.5607
-74.5774
-74.5938
-74.6101
-74.6262
-74.6422
-74.658
-74.6736
-74.6891
-74.7045
-74.7197
-74.7347
-74.7496
-74.7644
-74.779
-74.7935
-74.8079
-74.8221
-74.8362
-74.8501
-74.864
-74.8777
-74.8913
-74.9047
-74.918
-74.9313
-74.9443
-74.9573
-74.9701
-74.9829
-74.9955
-75.008
-75.0204
-75.0327
-75.0448
-75.0569
-75.0688
-75.0806
-75.0924
-75.104
-75.1155
-75.1269
-75.1382
-75.1495
-75.1606
-75.1716
-75.1825
-75.1933
-75.204
-75.2147
-75.2252
-75.2356
-75.246
-75.2562
-75.2664
-75.2764
-75.2864
-75.2963
-75.3061
-75.3158
-75.3255
-75.335
-75.3445
-75.3538
-75.3631
-75.3724
-75.3815
-75.3906
-75.3995
-75.4084
-75.4172
-75.426
-75.4346
-75.4432
-75.4518
-75.4602
-75.4686
-75.4769
-75.4851
-75.4932
-75.5013
-75.5093
-75.5173
-75.5251
-75.533
-75.5407
-75.5484
-75.556
-75.5635
-75.571
-75.5784
-75.5858
-75.593
-75.6003
-75.6074
-75.6145
-75.6216
-75.6285
-75.6355
-75.6423
-75.6491
-75.6559
-75.6626
-75.6692
-75.6758
-75.6823
-75.6888
-75.6952
-75.7015
-75.7078
-75.7141
-75.7203
-75.7264
-75.7325
-75.7386
-75.7446
-75.7505
-75.7564
-75.7622
-75.768
-75.7738
-75.7795
-75.7851
-75.7907
-75.7963
-75.8018
-75.8072
-75.8127
-75.818
-75.8234
-75.8287
-75.8339
-75.8391
-75.8443
-75.8494
-75.8545
-75.8595
-75.8645
-75.8695
-75.8744
-75.8793
-75.8841
-75.8889
-75.8937
-75.8984
-75.9031
-75.9077
-75.9123
-75.9169
-75.9214
-75.9259
-75.9304
-75.9348
-75.9392
-75.9436
-75.9479
-75.9522
-75.9565
-75.9607
-75.9649
-75.969
-75.9731
-75.9772
-75.9813
-75.9853
-75.9893
-75.9933
-75.9972
-76.0011
-76.005
-76.0088
-76.0126
-76.0164
-76.0201
-76.0239
-76.0275
-76.0312
-76.0348
-76.0384
-76.042
-76.0456
-76.0491
-76.0526
-76.056
-76.0595
-76.0629
-76.0663
-76.0696
-76.0729
-76.0762
-76.0795
-76.0828
-76.086
-76.0892
-76.0924
-76.0955
-76.0986
-76.1017
-76.1048
-76.1079
-76.1109
-76.1139
-76.1169
-76.1198
-76.1228
-76.1257
-76.1286
-76.1314
-76.1343
-76.1371
-76.1399
-76.1427
-76.1455
-76.1482
-76.1509
-76.1536
-76.1563
-76.1589
-76.1615
-76.1642
-76.1667
-76.1693
-76.1719
-76.1744
-76.1769
-76.1794
-76.1819
-76.1843
-76.1868
-76.1892
-76.1916
-76.1939
-76.1963
-76.1986
-76.201
-76.2033
-76.2056
-76.2078
-76.2101
-76.2123
-76.2145
-76.2167
-76.2189
-76.2211
-76.2232
-76.2254
-76.2275
-76.2296
-76.2317
-76.2337
-76.2358
-76.2378
-76.2398
-76.2418
-76.2438
-76.2458
-76.2478
-76.2497
-76.2516
-76.2536
-76.2554
-76.2573
-76.2592
-76.2611
-76.2629
-76.2647
-76.2665
-76.2683
-76.2701
-76.2719
-76.2737
-76.2754
-76.2771
-76.2788
-76.2806
-76.2822
-76.2839
-76.2856
-76.2872
-76.2889
-76.2905
-76.2921
-76.2937
-76.2953
-76.2969
-76.2985
-76.3
-76.3016
-76.3031
-76.3046
-76.3061
-76.3076
-76.3091
-76.3106
-76.312
-76.3135
-76.3149
-76.3164
-76.3178
-76.3192
-76.3206
-76.322
-76.3233
-76.3247
-76.3261
-76.3274
-76.3287
-76.33
-76.3314
-76.3327
-76.334
-76.3352
-76.3365
-76.3378
-76.339
-76.3403
-76.3415
-76.3427
-76.3439
-76.3452
-76.3464
-76.3475
-76.3487
-76.3499
-72.6061
-68.6339
-65.6289
-63.3156
-61.4358
-59.7365
-57.8577
-54.6849
8.05685
3.35182
-30.6725
-76.4181
-79.7264
-79.7322
-79.6987
-79.6605
-79.6184
-79.5723
-79.5222
-79.4682
-79.4105
-79.3496
-79.2858
-79.2199
-79.1523
-79.0838
-79.0152
-78.9471
-78.8801
-78.8147
-78.7515
-78.6909
-78.633
-78.5781
-78.5263
-78.4777
-78.4321
-78.3896
-78.35
-78.3132
-78.2789
-78.2471
-78.2175
-78.19
-78.1643
-78.1404
-78.1181
-78.0972
-78.0775
-78.059
-78.0416
-78.0251
-78.0093
-77.9944
-77.9801
-77.9664
-77.9532
-76.3063
-71.7725
-68.1204
-65.3598
-63.2104
-61.4416
-59.8236
-58.0272
-55.064
-18.9936
7.06617
-28.6475
-75.0709
-79.7366
-79.3551
-78.4183
-78.0926
-77.867
-77.634
-77.3868
-77.126
-76.8535
-76.5716
-75.5957
-73.0106
-71.1494
-69.872
-68.9086
-68.134
-67.4856
-66.9298
-66.4471
-65.0194
-63.8475
-63.2067
-62.7541
-62.4173
-62.2929
-63.3764
-64.4655
-66.1514
-67.1857
-66.0864
-65.0596
-64.4179
-64.0068
-64.2722
-65.1722
-65.8283
-66.2844
-66.6147
-66.8634
-67.5404
-68.4713
-69.1377
-69.6104
-69.9563
-70.217
-70.4191
-70.58
-70.7115
-70.8217
-70.916
-70.9986
-71.0724
-71.1394
-71.2014
-71.2594
-71.3145
-71.3671
-71.418
-71.4674
-71.5156
-71.563
-71.6097
-71.6558
-71.7014
-71.7466
-71.7914
-71.8359
-71.8801
-71.924
-71.9675
-72.0108
-72.0538
-70.7583
-67.1021
-64.1599
-61.8978
-60.0098
-58.1532
-55.6133
-46.0576
19.8821
-23.0043
-66.1668
-78.8705
-78.7547
-78.603
-78.4383
-78.2595
-78.0667
-77.8461
-77.5349
-77.2685
-77.0234
-76.7839
-76.547
-76.3101
-76.0543
-75.8464
-75.6926
-75.5709
-75.4661
-75.374
-75.2923
-75.2222
-75.2251
-75.2944
-75.3433
-75.3688
-75.3814
-75.387
-75.3888
-75.3886
-75.4234
-75.4713
-75.5056
-75.53
-75.548
-75.5618
-75.5728
-75.5818
-75.5895
-75.5963
-75.6025
-75.6082
-75.6136
-75.6189
-75.6241
-75.6292
-75.6343
-75.6394
-75.6446
-75.6498
-75.655
-75.6602
-75.6656
-75.6709
-75.6764
-75.6818
-75.6873
-75.6928
-75.6984
-75.7039
-75.7095
-75.7151
-75.7208
-75.7264
-75.732
-75.7376
-75.7432
-75.7488
-75.7544
-75.76
-75.7655
-75.7711
-75.7766
-75.7821
-75.7875
-75.793
-75.7984
-75.8037
-75.8091
-75.8144
-75.8197
-75.8249
-75.8301
-75.8353
-75.8404
-75.8455
-75.8506
-75.8556
-75.8606
-75.8656
-73.0511
-68.9773
-65.8512
-63.4576
-61.528
-59.8041
-57.9305
-54.8682
-11.6895
5.3973
-29.551
-75.33
-78.9601
-78.8678
-78.731
-78.5804
-78.4167
-78.2399
-78.0508
-77.8503
-76.0709
-74.1256
-72.9433
-72.1114
-71.4406
-70.858
-70.4608
-70.4584
-70.4144
-68.646
-66.5819
-65.1331
-64.0957
-63.3198
-63.5477
-65.2182
-66.4133
-67.1895
-67.7117
-68.0757
-68.3386
-68.0914
-66.1957
-65.2154
-64.6569
-64.307
-64.0873
-63.9525
-63.876
-63.8413
-63.8382
-63.8595
-63.9003
-63.9572
-64.0277
-64.1096
-64.2015
-64.3017
-64.4089
-64.5224
-64.6411
-64.7645
-64.8919
-65.0228
-65.1565
-66.0484
-67.1332
-68.0007
-68.691
-69.2474
-69.7013
-70.0759
-70.3886
-70.6524
-70.8771
-71.0705
-71.2385
-71.3857
-71.5157
-71.6317
-71.7359
-71.8303
-71.9164
-71.9955
-71.0872
-67.4717
-64.4976
-62.2446
-60.4204
-58.7427
-56.792
-53.0357
44.9034
-6.98842
-38.1823
-77.8022
-78.8298
-78.705
-78.5512
-78.383
-78.2012
-78.0061
-77.7986
-77.5801
-77.2852
-76.9909
-74.8633
-72.4137
-70.8744
-69.8339
-69.3662
-69.2714
-69.4697
-70.3589
-70.8976
-71.1823
-71.3353
-71.4172
-71.4601
-71.5234
-71.924
-72.2486
-72.4674
-72.6199
-72.7299
-72.812
-72.8754
-72.926
-72.9679
-73.0037
-73.2339
-73.5031
-73.7085
-73.866
-73.9894
-74.0879
-74.168
-74.2344
-74.2901
-74.3378
-74.3791
-74.4153
-74.4476
-74.4767
-74.5033
-74.5277
-74.5505
-74.5718
-74.5919
-74.6111
-74.6295
-74.6472
-74.6643
-74.6809
-74.6971
-74.7129
-74.7285
-74.7437
-74.7587
-74.7734
-74.788
-74.8024
-74.8166
-74.8306
-74.8445
-74.8583
-74.8719
-74.8854
-74.8988
-74.912
-74.9252
-74.9382
-74.9511
-74.9639
-74.9766
-74.9891
-75.0016
-75.014
-75.0262
-75.0384
-75.0504
-75.0624
-75.0742
-75.0859
-75.0976
-75.1091
-75.1205
-75.1319
-75.1431
-75.1543
-75.1653
-75.1763
-75.1871
-75.1979
-75.2085
-75.2191
-75.2296
-75.24
-75.2502
-75.2605
-74.5363
-70.4219
-66.8847
-64.2154
-62.1167
-60.3255
-58.53
-56.0561
-47.0944
22.9757
-21.3353
-63.1632
-79.1063
-78.7791
-78.6003
-78.4334
-78.253
-78.0583
-77.8498
-77.6286
-77.3962
-76.6801
-74.1656
-72.3824
-71.208
-70.3284
-69.6125
-69.0602
-69.109
-69.1617
-69.1389
-67.2115
-65.2351
-63.8335
-62.8056
-62.0127
-61.959
-63.1647
-64.8703
-66.0761
-66.8951
-67.4679
-67.8814
-68.1892
-68.4256
-68.6128
-69.4494
-70.6641
-71.5185
-72.0912
-72.4887
-72.7734
-72.9833
-73.1423
-73.2656
-73.3635
-73.443
-73.509
-73.5647
-73.6128
-73.655
-73.6926
-73.7268
-73.7581
-73.7873
-73.8148
-73.8408
-73.8658
-73.8899
-73.9133
-73.936
-73.9583
-73.9802
-74.0017
-74.023
-74.044
-74.0647
-74.0853
-74.1057
-74.1259
-74.1459
-74.1658
-74.1855
-74.2051
-74.2246
-74.2439
-74.263
-74.282
-74.3009
-74.3196
-74.3382
-74.3566
-74.3749
-72.5351
-68.5572
-65.4208
-63.0241
-61.0815
-59.3084
-57.2683
-53.3123
46.01
-6.54884
-37.9688
-78.0391
-79.0259
-78.9211
-78.7907
-78.6476
-78.4923
-78.3248

