-70
-69.8623
-69.7285
-69.5983
-69.4718
-69.3487
-69.2291
-69.1128
-68.9997
-68.8897
-68.7828
-68.6789
-68.5778
-68.4795
-68.3839
-68.291
-68.2007
-68.1128
-68.0274
-67.9443
-67.8636
-67.7851
-67.7087
-67.6345
-67.5623
-67.4921
-67.4238
-67.3574
-67.2929
-67.2301
-67.1691
-67.1098
-67.0521
-66.996
-66.9414
-66.8884
-66.8368
-66.7866
-66.7378
-66.6904
-66.6443
-66.5994
-66.5558
-66.5133
-66.4721
-66.432
-66.393
-66.355
-66.3181
-66.2823
-66.2474
-66.2134
-66.1805
-66.1484
-66.1172
-66.0868
-66.0573
-66.0286
-66.0007
-65.9736
-65.9472
-65.9215
-65.8966
-65.8723
-65.8487
-65.8257
-65.8034
-65.7817
-65.7606
-65.74
-65.72
-65.7006
-65.6817
-65.6633
-65.6455
-65.6281
-65.6112
-65.5948
-65.5788
-65.5632
-65.5481
-65.5334
-65.5191
-65.5052
-65.4917
-65.4785
-65.4657
-65.4533
-65.4412
-65.4294
-65.418
-65.4068
-65.396
-65.3855
-65.3752
-65.3653
-65.3556
-65.3462
-65.337
-65.3281
-65.3194
-65.311
-65.3028
-65.2948
-65.2871
-65.2795
-65.2722
-65.2651
-65.2581
-65.2514
-65.2448
-65.2385
-65.2322
-65.2262
-65.2203
-65.2146
-65.2091
-65.2037
-65.1984
-65.1933
-65.1884
-65.1835
-65.1788
-65.1743
-65.1698
-65.1655
-65.1613
-65.1572
-65.1532
-65.1493
-65.1456
-65.1419
-65.1384
-65.1349
-65.1315
-65.1283
-65.1251
-65.122
-65.119
-65.1161
-65.1132
-65.1104
-65.1077
-65.1051
-65.1026
-65.1001
-65.0977
-65.0953
-65.0931
-65.0908
-65.0887
-65.0866
-65.0845
-65.0826
-65.0806
-65.0788
-65.0769
-65.0752
-65.0734
-65.0718
-65.0701
-65.0685
-65.067
-65.0655
-65.064
-65.0626
-65.0612
-65.0599
-65.0586
-65.0573
-65.0561
-65.0549
-65.0537
-65.0526
-65.0514
-65.0504
-65.0493
-65.0483
-65.0473
-65.0464
-65.0454
-65.0445
-65.0436
-65.0428
-65.0419
-65.0411
-65.0403
-65.0395
-65.0388
-65.0381
-65.0374
-65.0367
-65.036
-65.0353
-65.0347
-65.0341
-65.0335
-65.0329
-65.0323
-65.0318
-65.0313
-65.0307
-65.0302
-65.0297
-65.0293
-65.0288
-65.0283
-65.0279
-65.0275
-65.027
-65.0266
-65.0262
-65.0259
-65.0255
-65.0251
-65.0248
-65.0244
-65.0241
-65.0238
-65.0234
-65.0231
-65.0228
-65.0225
-65.0223
-65.022
-65.0217
-65.0215
-65.0212
-65.021
-65.0207
-65.0205
-65.0203
-65.02
-65.0198
-65.0196
-65.0194
-65.0192
-65.019
-65.0188
-65.0187
-65.0185
-65.0183
-65.0181
-65.018
-65.0178
-65.0177
-65.0175
-65.0174
-65.0172
-65.0171
-65.017
-65.0168
-65.0167
-65.0166
-65.0165
-65.0163
-65.0162
-65.0161
-65.016
-65.0159
-65.0158
-65.0157
-65.0156
-65.0155
-65.0154
-65.0153
-65.0153
-65.0152
-65.0151
-65.015
-65.0149
-65.0149
-65.0148
-65.0147
-65.0147
-65.0146
-65.0145
-65.0145
-65.0144
-65.0143
-65.0143
-65.0142
-65.0142
-65.0141
-65.0141
-65.014
-65.014
-65.0139
-65.0139
-65.0138
-65.0138
-65.0137
-65.0137
-65.0137
-65.0136
-65.0136
-65.0135
-65.0135
-65.0135
-65.0134
-65.0134
-65.0134
-65.0133
-65.0133
-65.0133
-65.0133
-65.0132
-65.0132
-65.0132
-65.0131
-65.0131
-65.0131
-65.0131
-65.0131
-65.013
-65.013
-65.013
-65.013
-65.0129
-65.0129
-65.0129
-65.0129
-65.0129
-65.0129
-65.0128
-65.0128
-65.0128
-65.0128
-65.0128
-65.0128
-65.0127
-65.0127
-65.0127
-65.0127
-65.0127
-65.0127
-65.0127
-65.0127
-65.0126
-65.0126
-65.0126
-65.0126
-65.0126
-65.0126
-65.0126
-65.0126
-65.0126
-65.0126
-65.0125
-65.0125
-65.0125
-65.0125
-65.0125
-65.0125
-65.0125
-65.0125
-65.0125
-65.0125
-65.0125
-65.0125
-65.0125
-65.0124
-65.0124
-65.0124
-65.0124
-65.0124
-65.0124
-65.0124
-65.0124
-65.0124
-65.0124
-65.0124
-65.0124
-65.0124
-65.0124
-65.0124
-65.0124
-65.0124
-65.0124
-65.0124
-65.0124
-65.0124
-65.0124
-65.0124
-65.0123
-65.0123
-65.0123
-65.0123
-65.0123
-65.0123
-65.0123
-65.0123
-65.0123
-65.0123
-65.0123
-65.0123
-65.0123
-65.0123
-65.0123
-65.0123
-65.0123
-65.0123
-65.0123
-65.0123
-65.0123
-65.0123
-65.0123
-65.0123
-65.0123
-65.0123
-65.0123
-65.0123
-65.0123
-65.0123
-65.0123
-65.0123
-65.0123
-65.0123
-65.0123
-65.0123
-65.0123
-65.0123
-65.0123
-65.0123
-65.0123
-65.0123
-65.0123
-65.0123
-65.0123
-65.0123
-65.0123
-65.0123
-65.0123
-65.0123
-65.0123
-65.0123
-65.0123
-65.0123
-65.0123
-65.0123
-65.0123
-65.0123
-65.0123
-65.0123
-65.0123
-65.0123
-65.0123
-65.0123
-65.0123
-65.0123
-65.0123
-65.0123
-65.0123
-65.0123
-65.0123
-65.0123
-65.0123
-65.0123
-64.8272
-64.6749
-64.5616
-64.4807
-64.4179
-64.3677
-64.3273
-64.2951
-64.2696
-64.2499
-64.2351
-64.2244
-64.2173
-64.2132
-64.2117
-64.2125
-64.2152
-64.2195
-64.2252
-64.2321
-64.2401
-64.2489
-64.2584
-64.2685
-64.2792
-64.2902
-64.3016
-64.3133
-64.3251
-64.3371
-64.3491
-64.3613
-64.3734
-64.3855
-64.3456
-64.2321
-64.1589
-64.1065
-64.0712
-64.0455
-64.027
-64.0142
-64.0062
-64.0021
-64.0014
-64.0034
-64.0079
-64.0143
-64.0224
-64.0319
-64.0426
-64.0135
-63.9422
-63.5933
-63.3111
-63.0089
-62.3362
-61.86
-61.4108
-60.9805
-60.577
-59.8672
-59.12
-58.132
-57.3514
-56.6532
-56.1484
-55.7618
-55.2216
-54.6357
-54.1157
-53.6862
-53.3702
-53.117
-52.9085
-52.756
-52.5893
-52.4631
-52.3519
-52.2647
-52.1138
-52.0253
-51.9772
-51.9658
-51.9785
-51.937
-51.9341
-51.922
-51.9445
-51.9919
-52.0611
-52.1471
-52.2476
-52.3607
-52.4851
-52.6193
-52.7622
-52.9126
-53.0698
-53.2326
-53.3633
-53.4982
-53.6002
-53.6715
-53.7735
-53.8621
-53.965
-54.0783
-54.1586
-54.1836
-54.2489
-54.3383
-54.4474
-54.5684
-54.6849
-54.7722
-54.8812
-54.9578
-54.9532
-54.9905
-55.0573
-55.1471
-55.1803
-55.1774
-55.1524
-55.1722
-55.2232
-55.2886
-55.2838
-55.2629
-55.2397
-55.2107
-55.1211
-55.0383
-54.8657
-54.4987
-54.1221
-53.747
-53.3823
-53.0527
-52.5805
-52.033
-51.4121
-50.9187
-50.5116
-50.1634
-49.7767
-49.4634
-49.1339
-48.8496
-48.5957
-48.3376
-48.0937
-47.8188
-47.544
-47.2534
-46.9052
-46.4979
-46.0069
-45.3707
-44.4705
-43.0075
-39.8575
-19.7247
34.5491
-13.1286
-43.9265
-57.8473
-61.623
-62.8425
-63.3278
-63.5304
-63.6116
-63.6395
-63.6446
-63.6403
-63.6328
-63.6248
-63.6175
-63.6112
-63.6061
-63.6023
-63.5996
-63.598
-63.5974
-63.5976
-63.5987
-63.6004
-63.6028
-63.6058
-63.6093
-63.6133
-63.6177
-63.6225
-63.6275
-63.6329
-63.6385
-63.6444
-63.6504
-63.6566
-63.6629
-63.6693
-63.6759
-63.6825
-63.6892
-63.6959
-63.7026
-63.7094
-63.7161
-63.7229
-63.7297
-63.7364
-63.7431
-63.7498
-63.7565
-63.7631
-63.7697
-63.7762
-63.7827
-63.7891
-63.7955
-63.8018
-63.8081
-63.7931
-63.6208
-63.3232
-63.12
-62.9699
-62.8607
-62.7752
-62.5505
-62.3745
-62.2425
-62.0953
-61.8337
-61.5339
-61.2197
-60.9304
-60.661
-60.3628
-59.8778
-59.0422
-58.37
-57.4726
-56.6847
-56.0948
-55.4312
-54.9503
-54.5324
-54.2235
-53.9899
-53.8174
-53.693
-53.4811
-53.2377
-53.0486
-52.9264
-52.817
-52.7096
-52.5978
-52.4943
-52.3677
-52.2769
-52.2027
-52.1461
-52.0897
-52.0741
-52.0906
-52.1337
-52.1977
-52.2552
-52.2782
-52.3362
-52.4167
-52.5117
-52.5882
-52.6882
-52.804
-52.9274
-52.972
-53.0341
-53.0842
-53.1628
-53.264
-53.3827
-53.5139
-53.6549
-53.7669
-53.8947
-54.0341
-54.1835
-54.3031
-54.4332
-54.5744
-54.6925
-54.821
-54.9599
-55.1075
-55.2528
-55.3618
-55.4886
-55.5544
-55.582
-55.6204
-55.6598
-55.6547
-55.5913
-55.4759
-55.2434
-55.0275
-54.905
-54.8386
-54.7509
-54.6206
-54.5089
-54.4011
-54.3127
-54.2785
-54.2733
-54.2206
-54.1185
-53.9404
-53.6457
-53.346
-52.9116
-52.3574
-51.8636
-51.4542
-51.1099
-50.8108
-50.5841
-50.3865
-50.1875
-49.9818
-49.8259
-49.6374
-49.4474
-49.2612
-49.004
-48.73
-48.4981
-48.2943
-48.106
-47.9211
-47.7309
-47.5291
-47.3093
-47.0617
-46.7702
-46.4142
-45.9643
-45.3571
-44.4769
-43.0197
-39.8348
-18.8691
33.6225
-14.6316
-46.4012
-59.9542
-63.6787
-64.9
-65.3772
-65.5669
-65.6346
-65.6486
-65.6382
-65.6164
-65.5891
-65.5589
-65.5273
-65.4951
-65.4626
-65.4301
-65.3978
-65.3658
-65.3342
-65.3031
-65.2724
-65.2424
-65.2129
-65.184
-65.1557
-65.1281
-65.1011
-65.0747
-65.0491
-65.024
-64.9996
-64.9759
-64.9528
-64.9303
-64.9084
-64.8871
-64.8664
-64.8463
-64.8268
-64.8078
-64.7894
-64.7715
-64.7541
-64.7373
-64.7209
-64.7051
-64.6897
-64.6748
-64.6603
-64.6463
-64.6327
-64.6196
-64.6068
-64.5945
-64.5826
-64.571
-64.5598
-64.549
-64.5386
-64.5285
-64.5188
-64.5093
-64.5002
-64.4915
-64.483
-64.4748
-64.4223
-64.3719
-64.3331
-64.3035
-64.0932
-63.7783
-63.551
-63.2226
-62.9142
-62.6837
-62.5086
-62.2404
-61.9549
-61.7236
-61.3106
-60.9899
-60.7408
-60.3548
-59.1505
-57.823
-56.864
-56.1741
-55.6422
-55.1979
-54.8474
-54.5507
-54.328
-54.1536
-53.9575
-53.805
-53.6916
-53.6025
-53.5558
-53.52
-53.4832
-53.3653
-53.2738
-53.1448
-52.9411
-52.8242
-52.7396
-52.675
-52.6348
-52.6228
-52.6125
-52.6375
-52.6871
-52.7528
-52.7663
-52.8145
-52.8866
-52.9807
-53.0901
-53.1811
-53.2826
-53.4004
-53.5319
-53.632
-53.7052
-53.7911
-53.8812
-53.9935
-54.1195
-54.2564
-54.3792
-54.4903
-54.6183
-54.7566
-54.9033
-55.0552
-55.2111
-55.3699
-55.531
-55.6937
-55.8574
-56.0214
-56.1854
-56.3489
-56.5117
-56.6736
-56.8342
-56.9932
-57.1505
-57.306
-57.3947
-57.4613
-57.5498
-57.6517
-57.7368
-57.806
-57.8846
-57.9348
-58.0067
-58.0898
-58.1435
-58.2041
-58.2183
-58.0711
-57.9619
-57.8749
-57.745
-57.613
-57.4624
-57.2427
-56.9005
-56.4128
-55.8158
-55.1421
-54.6027
-54.1078
-53.5087
-52.9699
-52.5627
-52.2634
-51.9639
-51.7193
-51.5388
-51.3883

