-70
-69.8623
-69.7285
-69.5983
-69.4718
-69.3487
-69.2291
-69.1128
-68.9997
-68.8897
-68.7828
-68.6789
-68.5778
-68.4795
-68.3839
-68.291
-68.2007
-68.1128
-68.0274
-67.9443
-67.8636
-67.7851
-67.7087
-67.6345
-67.5623
-67.4921
-67.4238
-67.3574
-67.2929
-67.2301
-67.1691
-67.1098
-67.0521
-66.996
-66.9414
-66.8884
-66.8368
-66.7866
-66.7378
-66.6904
-66.6443
-66.5994
-66.5558
-66.5133
-66.4721
-66.432
-66.393
-66.355
-66.3181
-66.2823
-66.2474
-66.2134
-66.1805
-66.1484
-66.1172
-66.0868
-66.0573
-66.0286
-66.0007
-65.9736
-65.9472
-65.9215
-65.8966
-65.8723
-65.8487
-65.8257
-65.8034
-65.7817
-65.7606
-65.74
-65.72
-65.7006
-65.6817
-65.6633
-65.6455
-65.6281
-65.6112
-65.5948
-65.5788
-65.5632
-65.5481
-65.5334
-65.5191
-65.5052
-65.4917
-65.4785
-65.4657
-65.4533
-65.4412
-65.4294
-65.418
-65.4068
-65.396
-65.3855
-65.3752
-65.3653
-65.3556
-65.3462
-65.337
-65.3281
-65.3194
-65.311
-65.3028
-65.2948
-65.2871
-65.2795
-65.2722
-65.2651
-65.2581
-65.2514
-65.2448
-65.2385
-65.2322
-65.2262
-65.2203
-65.2146
-65.2091
-65.2037
-65.1984
-65.1933
-65.1884
-65.1835
-65.1788
-65.1743
-65.1698
-65.1655
-65.1613
-65.1572
-65.1532
-65.1493
-65.1456
-65.1419
-65.1384
-65.1349
-65.1315
-65.1283
-65.1251
-65.122
-65.119
-65.1161
-65.1132
-65.1104
-65.1077
-65.1051
-65.1026
-65.1001
-65.0977
-65.0953
-65.0931
-65.0908
-65.0887
-65.0866
-65.0845
-65.0826
-65.0806
-65.0788
-65.0769
-65.0752
-65.0734
-65.0718
-65.0701
-65.0685
-65.067
-65.0655
-65.064
-65.0626
-65.0612
-65.0599
-65.0586
-65.0573
-65.0561
-65.0549
-65.0537
-65.0526
-65.0514
-65.0504
-65.0493
-65.0483
-65.0473
-65.0464
-65.0454
-65.0445
-65.0436
-65.0428
-65.0419
-65.0411
-65.0403
-65.0395
-65.0388
-65.0381
-65.0374
-65.0367
-65.036
-65.0353
-65.0347
-65.0341
-65.0335
-65.0329
-65.0323
-65.0318
-65.0313
-65.0307
-65.0302
-65.0297
-65.0293
-65.0288
-65.0283
-65.0279
-65.0275
-65.027
-65.0266
-65.0262
-65.0259
-65.0255
-65.0251
-65.0248
-65.0244
-65.0241
-65.0238
-65.0234
-65.0231
-65.0228
-65.0225
-65.0223
-65.022
-65.0217
-65.0215
-65.0212
-65.021
-65.0207
-65.0205
-65.0203
-65.02
-65.0198
-65.0196
-65.0194
-65.0192
-65.019
-65.0188
-65.0187
-65.0185
-65.0183
-65.0181
-65.018
-65.0178
-65.0177
-65.0175
-65.0174
-65.0172
-65.0171
-65.017
-65.0168
-65.0167
-65.0166
-65.0165
-65.0163
-65.0162
-65.0161
-65.016
-65.0159
-65.0158
-65.0157
-65.0156
-65.0155
-65.0154
-65.0153
-65.0153
-65.0152
-65.0151
-65.015
-65.0149
-65.0149
-65.0148
-65.0147
-65.0147
-65.0146
-65.0145
-65.0145
-65.0144
-65.0143
-65.0143
-65.0142
-65.0142
-65.0141
-65.0141
-65.014
-65.014
-65.0139
-65.0139
-65.0138
-65.0138
-65.0137
-65.0137
-65.0137
-65.0136
-65.0136
-65.0135
-65.0135
-65.0135
-65.0134
-65.0134
-65.0134
-65.0133
-65.0133
-65.0133
-65.0133
-65.0132
-65.0132
-65.0132
-65.0131
-65.0131
-65.0131
-65.0131
-65.0131
-65.013
-65.013
-65.013
-65.013
-65.0129
-65.0129
-65.0129
-65.0129
-65.0129
-65.0129
-65.0128
-65.0128
-65.0128
-65.0128
-65.0128
-65.0128
-65.0127
-65.0127
-65.0127
-65.0127
-65.0127
-65.0127
-65.0127
-65.0127
-65.0126
-65.0126
-65.0126
-65.0126
-65.0126
-65.0126
-65.0126
-65.0126
-65.0126
-65.0126
-65.0125
-65.0125
-65.0125
-65.0125
-65.0125
-65.0125
-65.0125
-65.0125
-65.0125
-65.0125
-65.0125
-65.0125
-65.0125
-65.0124
-65.0124
-65.0124
-65.0124
-65.0124
-65.0124
-65.0124
-65.0124
-65.0124
-65.0124
-65.0124
-65.0124
-65.0124
-65.0124
-65.0124
-65.0124
-65.0124
-65.0124
-65.0124
-65.0124
-65.0124
-65.0124
-65.0124
-65.0123
-65.0123
-65.0123
-65.0123
-65.0123
-65.0123
-65.0123
-65.0123
-65.0123
-65.0123
-65.0123
-65.0123
-65.0123
-65.0123
-65.0123
-65.0123
-65.0123
-65.0123
-65.0123
-65.0123
-65.0123
-65.0123
-65.0123
-65.0123
-65.0123
-65.0123
-65.0123
-65.0123
-65.0123
-65.0123
-65.0123
-65.0123
-65.0123
-65.0123
-65.0123
-65.0123
-65.0123
-65.0123
-65.0123
-65.0123
-65.0123
-65.0123
-65.0123
-65.0123
-65.0123
-65.0123
-65.0123
-65.0123
-65.0123
-65.0123
-65.0123
-65.0123
-65.0123
-65.0123
-65.0123
-65.0123
-65.0123
-65.0123
-65.0123
-65.0123
-65.0123
-65.0123
-65.0123
-65.0123
-65.0123
-65.0123
-65.0123
-65.0123
-65.0123
-65.0123
-65.0123
-65.0123
-65.0123
-65.0123
-64.7657
-64.5631
-64.4124
-64.305
-64.2215
-64.1548
-64.1013
-64.0585
-64.0247
-63.9986
-63.9789
-63.9648
-63.9553
-63.9499
-63.9479
-63.9489
-63.9525
-63.9582
-63.9658
-63.975
-63.9855
-63.9972
-64.0098
-64.0233
-64.0374
-64.052
-64.0671
-64.0826
-64.0983
-64.1142
-64.1302
-64.1463
-64.1624
-64.1784
-64.1427
-64.0335
-63.9644
-63.9161
-63.8848
-63.863
-63.8483
-63.8392
-63.8349
-63.8344
-63.8372
-63.8427
-63.8505
-63.8603
-63.8717
-63.851
-63.8052
-63.7788
-63.7633
-63.6901
-63.6404
-63.4357
-62.5668
-61.8316
-61.1342
-60.6061
-60.1822
-59.3243
-58.6477
-57.8315
-57.1956
-56.5962
-56.1618
-55.8293
-55.4959
-55.098
-54.6779
-54.1295
-53.7059
-53.2597
-52.907
-52.6472
-52.456
-52.273
-52.1189
-52.0092
-51.8662
-51.7387
-51.6196
-51.5246
-51.4594
-51.3921
-51.3622
-51.3259
-51.2827
-51.2777
-51.2798
-51.2873
-51.2832
-51.266
-51.2865
-51.3337
-51.4032
-51.4878
-51.5535
-51.6417
-51.7461
-51.8297
-51.8932
-51.9688
-52.0689
-52.187
-52.3187
-52.4612
-52.6128
-52.7721
-52.9378
-53.109
-53.2561
-53.3944
-53.5469
-53.6716
-53.8019
-53.9069
-54.0348
-54.1301
-54.1736
-54.2305
-54.3175
-54.425
-54.5133
-54.592
-54.6519
-54.7213
-54.6576
-54.5027
-54.242
-54.0285
-53.8008
-53.5155
-53.0915
-52.6593
-52.2205
-51.8307
-51.4062
-50.9541
-50.5332
-50.0625
-49.5691
-49.1051
-48.7227
-48.3851
-48.0712
-47.764
-47.4475
-47.0004
-46.4613
-45.851
-45.082
-43.9854
-42.0743
-37.0588
28.684
15.2181
-24.8113
-50.9004
-59.3253
-61.6558
-62.4161
-62.6857
-62.7617
-62.7592
-62.7276
-62.6883
-62.6505
-62.6177
-62.5909
-62.5701
-62.555
-62.5451
-62.5397
-62.5383
-62.5404
-62.5456
-62.5536
-62.5638
-62.5761
-62.5901
-62.6057
-62.6225
-62.6406
-62.6596
-62.6794
-62.6999
-62.721
-62.7425
-62.7644
-62.7866
-62.809
-62.8316
-62.8542
-62.8768
-62.8995
-62.922
-62.9445
-62.9668
-62.989
-63.0109
-63.0327
-63.0542
-63.0755
-63.0965
-63.1173
-63.1378
-63.1579
-63.1778
-63.1974
-63.2167
-63.2357
-63.2544
-63.2727
-63.2908
-63.3086
-63.326
-63.3432
-63.36
-63.3766
-63.3928
-63.4088
-63.4245
-63.3491
-63.211
-63.1191
-63.0545
-63.0102
-62.9709
-62.8396
-62.7501
-62.6845
-62.6398
-62.5633
-62.3015
-61.8922
-61.5556
-61.3118
-60.8758
-60.1714
-59.1353
-58.2657
-57.322
-56.5125
-55.9182
-55.4191
-55.0374
-54.4913
-53.9656
-53.5822
-53.2921
-53.0561
-52.857
-52.6729
-52.5416
-52.4552
-52.3532
-52.2873
-52.2567
-52.2581
-52.2576
-52.277
-52.3206
-52.3538
-52.3665
-52.3519
-52.367
-52.4139
-52.4572
-52.4736
-52.454
-52.4302
-52.4188
-52.4375
-52.4268
-52.4301
-52.4194
-52.3893
-52.3676
-52.3691
-52.405
-52.4266
-52.4815
-52.5588
-52.6537
-52.7276
-52.825
-52.9386
-53.0669
-53.2058
-53.3534
-53.5086
-53.6701
-53.8366
-54.0073
-54.1439
-54.2839
-54.4347
-54.5941
-54.7587
-54.9263
-55.0434
-55.1228
-55.2035
-55.2983
-55.2691
-55.2251
-55.1097
-54.9396
-54.825
-54.7576
-54.6348
-54.5365
-54.4381
-54.2855
-54.1498
-54.0101
-53.9008
-53.6982
-53.5501
-53.2769
-53.0462
-52.7375
-52.3968
-52.0008
-51.5308
-51.099
-50.7006
-50.4085
-50.158
-49.9635
-49.7599
-49.5369
-49.3143
-49.1162
-48.8445
-48.5664
-48.2724
-47.9395
-47.624
-47.3042
-46.9081
-46.4243
-45.8623
-45.1403
-44.1089
-42.3596
-38.0351
15.1223
20.4661
-22.7114
-51.1869
-60.901
-63.6013
-64.4811
-64.796
-64.8906
-64.895
-64.8633
-64.8185
-64.7704
-64.7231
-64.6781
-64.6361
-64.5971
-64.561
-64.5276
-64.4967
-64.4681
-64.4417
-64.4171
-64.3944
-64.3733
-64.3538
-64.3356
-64.3187
-64.303
-64.2885
-64.2749
-64.2623
-64.2505
-64.2396
-64.2294
-64.2199
-64.2111
-64.2028
-64.1951
-64.188
-64.1813
-64.1751
-64.1693
-64.1639
-64.1589
-64.1542
-64.1499
-64.1458
-64.1421
-64.1386
-64.1354
-64.1325
-64.1297
-64.1272
-64.1249
-64.1228
-64.1209
-64.1192
-64.1176
-64.1162
-64.115
-64.1139
-64.1129
-64.1121
-64.1114
-64.1109
-64.1104
-64.1101
-64.1099
-64.1098
-64.1098
-64.1099
-64.1101
-64.1104
-64.1108
-64.1112
-64.1118
-64.0599
-64.0173
-63.7658
-63.3297
-63.0259
-62.7576
-62.5513
-62.3909
-62.2656
-62.04
-61.713
-61.3665
-61.0099
-60.7014
-60.4766
-60.1552
-59.0183
-57.85
-56.9763
-56.3517
-55.8733
-55.3658
-54.9764
-54.5525
-54.2132
-53.9385
-53.7184
-53.5532
-53.4384
-53.3651
-53.3255
-53.3145
-53.2166
-52.9035
-52.6442
-52.4262
-52.2644
-52.1432
-52.0658
-51.9594
-51.9054
-51.8773
-51.8537
-51.865
-51.9018
-51.8832
-51.7427
-51.6245
-51.5559
-51.5378
-51.5538
-51.5809
-51.6067
-51.6611
-51.7368
-51.8313
-51.9409
-52.0337
-52.1305
-52.2249
-52.3416
-52.4732
-52.6175
-52.7711
-52.9324
-53.1003
-53.2425
-53.3938
-53.5548
-53.7056
-53.8458
-53.9995
-54.1614
-54.3299
-54.5022
-54.6775
-54.8547
-55.0331
-55.212
-55.373
-55.459
-55.5468
-55.5562
-55.5908
-55.5951
-55.6158
-55.67
-55.7471
-55.8403
-55.9448
-56.0358
-56.0228
-56.0409
-56.0879
-56.1239
-56.1683
-56.1668
-56.1154
-55.9396
-55.6557
-55.3274
-55.0873
-54.7973
-54.4462
-54.0125
-53.5706
-53.21
-52.9184
-52.528
-52.0439
-51.6345
-51.2899
-50.9712
-50.7206
-50.473
-50.2157

