-70
-69.8623
-69.7285
-69.5983
-69.4718
-69.3487
-69.2291
-69.1128
-68.9997
-68.8897
-68.7828
-68.6789
-68.5778
-68.4795
-68.3839
-68.291
-68.2007
-68.1128
-68.0274
-67.9443
-67.8636
-67.7851
-67.7087
-67.6345
-67.5623
-67.4921
-67.4238
-67.3574
-67.2929
-67.2301
-67.1691
-67.1098
-67.0521
-66.996
-66.9414
-66.8884
-66.8368
-66.7866
-66.7378
-66.6904
-66.6443
-66.5994
-66.5558
-66.5133
-66.4721
-66.432
-66.393
-66.355
-66.3181
-66.2823
-66.2474
-66.2134
-66.1805
-66.1484
-66.1172
-66.0868
-66.0573
-66.0286
-66.0007
-65.9736
-65.9472
-65.9215
-65.8966
-65.8723
-65.8487
-65.8257
-65.8034
-65.7817
-65.7606
-65.74
-65.72
-65.7006
-65.6817
-65.6633
-65.6455
-65.6281
-65.6112
-65.5948
-65.5788
-65.5632
-65.5481
-65.5334
-65.5191
-65.5052
-65.4917
-65.4785
-65.4657
-65.4533
-65.4412
-65.4294
-65.418
-65.4068
-65.396
-65.3855
-65.3752
-65.3653
-65.3556
-65.3462
-65.337
-65.3281
-65.3194
-65.311
-65.3028
-65.2948
-65.2871
-65.2795
-65.2722
-65.2651
-65.2581
-65.2514
-65.2448
-65.2385
-65.2322
-65.2262
-65.2203
-65.2146
-65.2091
-65.2037
-65.1984
-65.1933
-65.1884
-65.1835
-65.1788
-65.1743
-65.1698
-65.1655
-65.1613
-65.1572
-65.1532
-65.1493
-65.1456
-65.1419
-65.1384
-65.1349
-65.1315
-65.1283
-65.1251
-65.122
-65.119
-65.1161
-65.1132
-65.1104
-65.1077
-65.1051
-65.1026
-65.1001
-65.0977
-65.0953
-65.0931
-65.0908
-65.0887
-65.0866
-65.0845
-65.0826
-65.0806
-65.0788
-65.0769
-65.0752
-65.0734
-65.0718
-65.0701
-65.0685
-65.067
-65.0655
-65.064
-65.0626
-65.0612
-65.0599
-65.0586
-65.0573
-65.0561
-65.0549
-65.0537
-65.0526
-65.0514
-65.0504
-65.0493
-65.0483
-65.0473
-65.0464
-65.0454
-65.0445
-65.0436
-65.0428
-65.0419
-65.0411
-65.0403
-65.0395
-65.0388
-65.0381
-65.0374
-65.0367
-65.036
-65.0353
-65.0347
-65.0341
-65.0335
-65.0329
-65.0323
-65.0318
-65.0313
-65.0307
-65.0302
-65.0297
-65.0293
-65.0288
-65.0283
-65.0279
-65.0275
-65.027
-65.0266
-65.0262
-65.0259
-65.0255
-65.0251
-65.0248
-65.0244
-65.0241
-65.0238
-65.0234
-65.0231
-65.0228
-65.0225
-65.0223
-65.022
-65.0217
-65.0215
-65.0212
-65.021
-65.0207
-65.0205
-65.0203
-65.02
-65.0198
-65.0196
-65.0194
-65.0192
-65.019
-65.0188
-65.0187
-65.0185
-65.0183
-65.0181
-65.018
-65.0178
-65.0177
-65.0175
-65.0174
-65.0172
-65.0171
-65.017
-65.0168
-65.0167
-65.0166
-65.0165
-65.0163
-65.0162
-65.0161
-65.016
-65.0159
-65.0158
-65.0157
-65.0156
-65.0155
-65.0154
-65.0153
-65.0153
-65.0152
-65.0151
-65.015
-65.0149
-65.0149
-65.0148
-65.0147
-65.0147
-65.0146
-65.0145
-65.0145
-65.0144
-65.0143
-65.0143
-65.0142
-65.0142
-65.0141
-65.0141
-65.014
-65.014
-65.0139
-65.0139
-65.0138
-65.0138
-65.0137
-65.0137
-65.0137
-65.0136
-65.0136
-65.0135
-65.0135
-65.0135
-65.0134
-65.0134
-65.0134
-65.0133
-65.0133
-65.0133
-65.0133
-65.0132
-65.0132
-65.0132
-65.0131
-65.0131
-65.0131
-65.0131
-65.0131
-65.013
-65.013
-65.013
-65.013
-65.0129
-65.0129
-65.0129
-65.0129
-65.0129
-65.0129
-65.0128
-65.0128
-65.0128
-65.0128
-65.0128
-65.0128
-65.0127
-65.0127
-65.0127
-65.0127
-65.0127
-65.0127
-65.0127
-65.0127
-65.0126
-65.0126
-65.0126
-65.0126
-65.0126
-65.0126
-65.0126
-65.0126
-65.0126
-65.0126
-65.0125
-65.0125
-65.0125
-65.0125
-65.0125
-65.0125
-65.0125
-65.0125
-65.0125
-65.0125
-65.0125
-65.0125
-65.0125
-65.0124
-65.0124
-65.0124
-65.0124
-65.0124
-65.0124
-65.0124
-65.0124
-65.0124
-65.0124
-65.0124
-65.0124
-65.0124
-65.0124
-65.0124
-65.0124
-65.0124
-65.0124
-65.0124
-65.0124
-65.0124
-65.0124
-65.0124
-65.0123
-65.0123
-65.0123
-65.0123
-65.0123
-65.0123
-65.0123
-65.0123
-65.0123
-65.0123
-65.0123
-65.0123
-65.0123
-65.0123
-65.0123
-65.0123
-65.0123
-65.0123
-65.0123
-65.0123
-65.0123
-65.0123
-65.0123
-65.0123
-65.0123
-65.0123
-65.0123
-65.0123
-65.0123
-65.0123
-65.0123
-65.0123
-65.0123
-65.0123
-65.0123
-65.0123
-65.0123
-65.0123
-65.0123
-65.0123
-65.0123
-65.0123
-65.0123
-65.0123
-65.0123
-65.0123
-65.0123
-65.0123
-65.0123
-65.0123
-65.0123
-65.0123
-65.0123
-65.0123
-65.0123
-65.0123
-65.0123
-65.0123
-65.0123
-65.0123
-65.0123
-65.0123
-65.0123
-65.0123
-65.0123
-65.0123
-65.0123
-65.0123
-65.0123
-65.0123
-65.0123
-65.0123
-65.0123
-65.0123
-64.9505
-64.8995
-64.8615
-64.8344
-64.8133
-64.7964
-64.7828
-64.772
-64.7634
-64.7568
-64.7518
-64.7482
-64.7458
-64.7444
-64.7439
-64.7441
-64.745
-64.7465
-64.7484
-64.7508
-64.7534
-64.7564
-64.7596
-64.763
-64.7666
-64.7703
-64.7742
-64.7781
-64.7821
-64.7861
-64.7902
-64.7942
-64.7983
-64.8024
-64.8065
-64.8105
-64.8146
-64.8185
-64.8225
-64.8264
-64.8303
-64.8341
-64.8378
-64.8415
-64.8451
-64.8487
-64.8522
-64.8556
-64.859
-64.8623
-64.8655
-64.8686
-64.8717
-64.7394
-64.6447
-64.5557
-64.4406
-64.3326
-64.1325
-63.934
-63.789
-63.6809
-63.5383
-63.2182
-62.9751
-62.7423
-62.5772
-62.4508
-62.3089
-62.1509
-61.997
-61.8254
-61.7046
-61.5133
-61.3537
-61.24
-61.1622
-61.1094
-61.0754
-61.057
-61.0514
-61.0568
-61.0714
-61.0677
-61.0419
-61.0067
-60.9965
-60.9814
-60.9607
-60.9606
-60.9742
-60.999
-61.0316
-60.9992
-60.9603
-60.9483
-60.9559
-60.9772
-61.0074
-61.0446
-61.0874
-61.1347
-61.1857
-61.1948
-61.2078
-61.2343
-61.2712
-61.3147
-61.3625
-61.4136
-61.4673
-61.523
-61.5801
-61.6385
-61.6976
-61.7572
-61.8171
-61.8771
-61.937
-61.9877
-61.9903
-62.0111
-62.0404
-62.0773
-62.1178
-62.1609
-62.2057
-62.195
-62.1723
-62.1377
-62.1284
-62.1331
-62.1482
-62.112
-62.0598
-61.969
-61.9109
-61.8089
-61.5995
-61.3847
-61.2072
-61.0197
-60.8571
-60.7128
-60.6171
-60.5505
-60.4613
-60.4077
-60.3264
-60.2412
-60.1863
-60.1597
-60.1548
-60.1654
-60.1881
-60.2209
-60.2619
-60.3099
-60.3637
-60.4222
-60.4847
-60.5504
-60.6187
-60.6892
-60.7613
-60.8345
-60.9087
-60.9835
-61.0585
-61.1337
-61.2087
-61.2834
-61.3578
-61.4316
-61.5048
-61.5772
-61.6487
-61.7194
-61.7891
-61.8577
-61.9253
-61.9918
-62.0572
-62.1214
-62.1844
-62.2462
-62.3069
-62.3663
-62.4245
-62.4816
-62.5374
-62.592
-62.6455
-62.6978
-62.7489
-62.7989
-62.8478
-62.8955
-62.9421
-62.9877
-63.0322
-63.0756
-63.118
-63.1594
-63.1997
-63.2391
-63.2776
-63.3151
-63.3517
-63.3874
-63.4223
-63.4562
-63.4894
-63.5217
-63.5532
-63.5839
-63.6139
-63.6431
-63.6716
-63.6994
-63.7264
-63.7529
-63.7786
-63.8037
-63.8186
-63.7826
-63.7658
-63.7581
-63.7585
-63.7475
-63.6531
-63.5813
-63.5322
-63.5015
-63.4778
-63.4047
-63.3101
-63.2329
-63.1233
-63.0438
-62.9111
-62.7189
-62.5422
-62.2573
-62.0281
-61.8623
-61.7447
-61.655
-61.439
-61.2644
-61.1412
-61.0584
-61.0028
-60.9515
-60.8921
-60.8592
-60.8446
-60.8457
-60.8582
-60.842
-60.7596
-60.712
-60.6811
-60.6439
-60.6323
-60.6373
-60.6564
-60.6854
-60.7223
-60.7656
-60.8143
-60.8674
-60.903
-60.9026
-60.8982
-60.9143
-60.9441
-60.9837
-61.0295
-61.0801
-61.1344
-61.1917
-61.2514
-61.3129
-61.3758
-61.394
-61.4205
-61.457
-61.5019
-61.5514
-61.6038
-61.6583
-61.7145
-61.7718
-61.8299
-61.8884
-61.9473
-62.0061
-62.0648
-62.1233
-62.1813
-62.2388
-62.2956
-62.3125
-62.323
-62.3452
-62.3424
-62.2649
-62.1879
-62.098
-61.9814
-61.9112
-61.8676
-61.8117
-61.7427
-61.6235
-61.5045
-61.4125
-61.3529
-61.2636
-61.1704
-61.0947
-61.0232
-60.9039
-60.7794
-60.702
-60.657
-60.6012
-60.5574
-60.538
-60.5373
-60.5509
-60.5641
-60.5558
-60.5681
-60.5822
-60.5777
-60.5937
-60.6068
-60.5765
-60.5345
-60.4819
-60.4575
-60.4567
-60.4735
-60.5021
-60.5399
-60.585
-60.636
-60.6919
-60.7518
-60.8148
-60.8804
-60.948
-61.0172
-61.0875
-61.1586
-61.2302
-61.302
-61.3739
-61.4456
-61.517
-61.5879
-61.6582
-61.7278
-61.7967
-61.8646
-61.9317
-61.9977
-62.0628
-62.1267
-62.1896
-62.2513
-62.312
-62.3715
-62.4298
-62.487
-62.543
-62.5979
-62.6516
-62.7042
-62.7557
-62.806
-62.8552
-62.9033
-62.9502
-62.9962
-63.041
-63.0848
-63.1276
-63.1693
-63.2101
-63.2499
-63.2887
-63.3266
-63.3635
-63.3996
-63.4348
-63.4691
-63.5025
-63.5352
-63.567
-63.598
-63.6283
-63.6578
-63.6866
-63.7146
-63.742
-63.7687
-63.7947
-63.82
-63.8447
-63.8688
-63.8923
-63.9151
-63.9375
-63.9592
-63.9804
-64.0011
-64.0212
-64.0408
-64.06
-64.0786
-64.0968
-64.1145
-64.1318
-64.1486
-64.1651
-64.1811
-64.0821
-64.0148
-63.8874
-63.7622
-63.6743
-63.6112
-63.486
-63.3176
-63.1865
-63.0921
-63.0245
-62.9748
-62.9097
-62.6426
-62.369
-62.1635
-62.019
-61.9114
-61.7752
-61.6701
-61.4899
-61.3626
-61.2729
-61.2011
-61.1295
-61.0848
-61.0595
-61.0507
-61.0542
-61.0678
-61.0586
-61.0309
-60.9308
-60.8626
-60.8259
-60.7972
-60.7196
-60.6803
-60.6637
-60.6672
-60.6835
-60.7099
-60.7446
-60.7476
-60.7621
-60.7891
-60.8272
-60.8723
-60.9226
-60.9771
-61.0349
-61.0953
-61.1577
-61.2218
-61.2872
-61.3533
-61.4201
-61.4872
-61.5186
-61.5446
-61.5817
-61.6265
-61.6761
-61.7283
-61.7825
-61.8381
-61.8945
-61.9516
-62.009
-62.0289
-62.0501
-62.0806
-62.1183
-62.1599
-62.204
-62.1954
-62.1821
-62.1494
-62.1421
-62.0947
-62.0728
-62.067
-62.0745
-62.0906
-62.1129
-62.1403
-62.1718
-62.2067
-62.2442
-62.2838
-62.3252
-62.3678
-62.4033
-62.396
-62.4063
-62.3933
-62.3297
-62.2095
-62.1164
-61.9396
-61.7283
-61.5385
-61.4024
-61.3072
-61.1967
-61.1202
-61.0073
-60.892
-60.8191
-60.7342
-60.6826
-60.6289
-60.5333

