-70
-70.0758
-70.1508
-70.225
-70.2983
-70.3706
-70.4419
-70.5122
-70.5814
-70.6496
-70.7168
-70.7829
-70.848
-70.9121
-70.9752
-71.0373
-71.0984
-71.1586
-71.2178
-71.2761
-71.3334
-71.3899
-71.4455
-71.5003
-71.5543
-71.6074
-71.6598
-71.7114
-71.7623
-71.8124
-71.8619
-71.9106
-71.9587
-72.006
-72.0527
-72.0988
-72.1442
-72.1889
-72.2331
-72.2766
-72.3196
-72.362
-72.4038
-72.445
-72.4857
-72.5258
-72.5654
-72.6045
-72.6431
-72.6812
-72.7188
-72.756
-72.7927
-72.8289
-72.8647
-72.9
-72.9349
-72.9694
-73.0035
-73.0371
-73.0704
-73.1032
-73.1357
-73.1678
-73.1994
-73.2307
-73.2617
-73.2922
-73.3224
-73.3523
-73.3817
-73.4109
-73.4397
-73.4682
-73.4963
-73.5241
-73.5516
-73.5788
-73.6057
-73.6323
-73.6585
-73.6845
-73.7102
-73.7356
-73.7608
-73.7857
-73.8103
-73.8346
-73.8587
-73.8825
-73.9061
-73.9294
-73.9524
-73.9753
-73.9979
-74.0202
-74.0423
-74.0642
-74.0859
-74.1073
-74.1285
-74.1495
-74.1703
-74.1909
-74.2112
-74.2313
-74.2513
-74.271
-74.2905
-74.3098
-74.329
-74.3479
-74.3666
-74.3852
-74.4036
-74.4217
-74.4397
-74.4575
-74.4752
-74.4926
-74.5099
-74.527
-74.544
-74.5607
-74.5774
-74.5938
-74.6101
-74.6262
-74.6422
-74.658
-74.6736
-74.6891
-74.7045
-74.7197
-74.7347
-74.7496
-74.7644
-74.779
-74.7935
-74.8079
-74.8221
-74.8362
-74.8501
-74.864
-74.8777
-74.8913
-74.9047
-74.918
-74.9313
-74.9443
-74.9573
-74.9701
-74.9829
-74.9955
-75.008
-75.0204
-75.0327
-75.0448
-75.0569
-75.0688
-75.0806
-75.0924
-75.104
-75.1155
-75.1269
-75.1382
-75.1495
-75.1606
-75.1716
-75.1825
-75.1933
-75.204
-75.2147
-75.2252
-75.2356
-75.246
-75.2562
-75.2664
-75.2764
-75.2864
-75.2963
-75.3061
-75.3158
-75.3255
-75.335
-75.3445
-75.3538
-75.3631
-75.3724
-75.3815
-75.3906
-75.3995
-75.4084
-75.4172
-75.426
-75.4346
-75.4432
-75.4518
-75.4602
-75.4686
-75.4769
-75.4851
-75.4932
-75.5013
-75.5093
-75.5173
-75.5251
-75.533
-75.5407
-75.5484
-75.556
-75.5635
-75.571
-75.5784
-75.5858
-75.593
-75.6003
-75.6074
-75.6145
-75.6216
-75.6285
-75.6355
-75.6423
-75.6491
-75.6559
-75.6626
-75.6692
-75.6758
-75.6823
-75.6888
-75.6952
-75.7015
-75.7078
-75.7141
-75.7203
-75.7264
-75.7325
-75.7386
-75.7446
-75.7505
-75.7564
-75.7622
-75.768
-75.7738
-75.7795
-75.7851
-75.7907
-75.7963
-75.8018
-75.8072
-75.8127
-75.818
-75.8234
-75.8287
-75.8339
-75.8391
-75.8443
-75.8494
-75.8545
-75.8595
-75.8645
-75.8695
-75.8744
-75.8793
-75.8841
-75.8889
-75.8937
-75.8984
-75.9031
-75.9077
-75.9123
-75.9169
-75.9214
-75.9259
-75.9304
-75.9348
-75.9392
-75.9436
-75.9479
-75.9522
-75.9565
-75.9607
-75.9649
-75.969
-75.9731
-75.9772
-75.9813
-75.9853
-75.9893
-75.9933
-75.9972
-76.0011
-76.005
-76.0088
-76.0126
-76.0164
-76.0201
-76.0239
-76.0275
-76.0312
-76.0348
-76.0384
-76.042
-76.0456
-76.0491
-76.0526
-76.056
-76.0595
-76.0629
-76.0663
-76.0696
-76.0729
-76.0762
-76.0795
-76.0828
-76.086
-76.0892
-76.0924
-76.0955
-76.0986
-76.1017
-76.1048
-76.1079
-76.1109
-76.1139
-76.1169
-76.1198
-76.1228
-76.1257
-76.1286
-76.1314
-76.1343
-76.1371
-76.1399
-76.1427
-76.1455
-76.1482
-76.1509
-76.1536
-76.1563
-76.1589
-76.1615
-76.1642
-76.1667
-76.1693
-76.1719
-76.1744
-76.1769
-76.1794
-76.1819
-76.1843
-76.1868
-76.1892
-76.1916
-76.1939
-76.1963
-76.1986
-76.201
-76.2033
-76.2056
-76.2078
-76.2101
-76.2123
-76.2145
-76.2167
-76.2189
-76.2211
-76.2232
-76.2254
-76.2275
-76.2296
-76.2317
-76.2337
-76.2358
-76.2378
-76.2398
-76.2418
-76.2438
-76.2458
-76.2478
-76.2497
-76.2516
-76.2536
-76.2554
-76.2573
-76.2592
-76.2611
-76.2629
-76.2647
-76.2665
-76.2683
-76.2701
-76.2719
-76.2737
-76.2754
-76.2771
-76.2788
-76.2806
-76.2822
-76.2839
-76.2856
-76.2872
-76.2889
-76.2905
-76.2921
-76.2937
-76.2953
-76.2969
-76.2985
-76.3
-76.3016
-76.3031
-76.3046
-76.3061
-76.3076
-76.3091
-76.3106
-76.312
-76.3135
-76.3149
-76.3164
-76.3178
-76.3192
-76.3206
-76.322
-76.3233
-76.3247
-76.3261
-76.3274
-76.3287
-76.33
-76.3314
-76.3327
-76.334
-76.3352
-76.3365
-76.3378
-76.339
-76.3403
-76.3415
-76.3427
-76.3439
-76.3452
-76.3464
-76.3475
-76.3487
-76.3499
-76.351
-76.3522
-76.3533
-76.3545
-76.3556
-76.3567
-76.3578
-76.3589
-76.36
-76.3611
-76.3622
-76.3632
-76.3643
-76.3654
-76.3664
-76.3674
-76.3685
-76.3695
-76.3705
-76.3715
-76.3725
-76.3735
-76.3745
-76.3754
-76.3764
-76.3774
-76.3783
-76.3793
-76.3802
-76.3811
-76.382
-76.383
-76.3839
-76.3848
-76.3857
-76.3866
-76.3874
-76.3883
-76.3892
-76.39
-76.3909
-76.3917
-76.3926
-76.3934
-76.3943
-76.3951
-76.3959
-76.3967
-76.3975
-76.3983
-76.3991
-76.3999
-75.9759
-71.7835
-67.9998
-65.1512
-62.9411
-61.1178
-59.4221
-57.4417
-53.6086
46.342
-5.09883
-36.4406
-78.4022
-79.7416
-79.7277
-79.6933
-79.6545
-79.6119
-79.4263
-76.9333
-75.5056
-74.7403
-74.1734
-73.6764
-73.2109
-72.7654
-72.3374
-71.9279
-71.5388
-71.1719
-70.8293
-70.5123
-70.2218
-69.9582
-69.7217
-69.5119
-69.3279
-69.2345
-69.7622
-70.2729
-70.6669
-70.9761
-71.223
-69.8486
-66.7517
-65.3079
-64.6286
-65.152
-65.7176
-66.1046
-66.3802
-66.5865
-66.7486
-66.8818
-66.9961
-67.0978
-66.0849
-63.8258
-62.1021
-60.7981
-59.7112
-58.6804
-57.515
-55.7996
-51.3104
39.6523
-14.3854
-47.4045
-79.0836
-79.6966
-79.675
-79.6349
-79.5899
-79.5406
-79.487
-79.4294
-79.3679
-79.303
-79.2351
-79.1649
-79.0931
-79.0204
-78.9476
-78.8754
-78.8045
-78.7354
-78.6686
-78.6046
-78.5437
-78.486
-75.433
-71.0856
-67.7815
-65.287
-63.3452
-61.7562
-60.3409
-58.8882
-56.9842
-52.6245
42.9434
-10.0643
-41.2559
-78.575
-79.2476
-79.1464
-78.9663
-78.8321
-78.7001
-77.1239
-75.96
-75.4392
-75.1124
-74.8225
-74.5505
-74.3889
-74.2973
-74.2268
-74.1203
-74.0019
-73.8841
-73.7724
-73.6689
-73.5746
-73.4896
-73.4139
-73.3471
-73.2887
-73.2384
-73.1955
-73.1595
-73.1299
-73.1063
-73.088
-73.0747
-73.0658
-73.0611
-73.06
-73.0623
-73.0675
-73.0755
-73.0858
-73.0983
-73.1127
-73.1287
-73.1463
-73.1651
-73.1851
-73.2061
-73.2279
-73.2505
-73.2737
-73.2974
-73.3216
-73.3461
-73.3709
-73.396
-73.4212
-73.4465
-73.4719
-73.4974
-73.5228
-73.5482
-73.5736
-73.5989
-73.624
-73.6491
-73.674
-73.6988
-73.7234
-73.7479
-73.7722
-73.7963
-73.8202
-73.844
-73.8675
-73.8909
-73.914
-72.1067
-68.1921
-65.1037
-62.737
-60.8013
-58.9953
-56.8079
-51.7913
39.276
-13.0976
-45.6413
-79.1951
-79.7102
-79.683
-79.643
-79.5984
-79.5494
-79.496
-79.4382
-79.3764
-76.3854
-74.0461
-72.6622
-71.7033
-70.9522
-70.319
-69.7632
-69.2657
-67.6811
-65.3062
-63.4749
-62.0566
-60.8759
-59.7972
-58.6802
-58.0775
-58.3717
-57.556
-56.1483
-53.1138
34.9656
-4.2897
-35.8303
-77.5975
-79.4225
-79.1794
-78.089
-77.6329
-77.3629
-77.0999
-76.8276
-76.5461
-76.2507
-75.9532
-75.6765
-75.4125
-75.159
-74.9755
-74.8381
-74.7001
-74.5655
-74.4379
-74.3192
-74.2103
-74.1113
-74.0223
-73.943
-73.873
-73.8118
-73.7588
-73.7136
-73.6754
-73.6437
-73.618
-73.5978
-73.5825
-73.5716
-73.5648
-73.5616
-73.5616
-73.5645
-73.57
-73.5777
-73.5874
-70.2176
-66.6575
-63.9709
-61.8761
-60.0936
-58.2985
-57.4072
-56.7378
-55.193
-47.7409
23.9227
-21.1954
-62.3887
-79.0341
-78.6985
-78.5099
-78.3353
-78.1473
-77.9454
-77.7301
-77.5027
-77.2648
-77.0185
-75.2689
-72.8081
-71.1865
-70.0568
-69.2133
-69.0419
-68.9596
-68.8337
-68.6893
-68.5421
-66.9417
-64.746
-63.8747
-63.7952
-63.8728
-65.0945
-66.744
-67.8044
-68.4611
-68.8868
-69.1749
-69.3785
-69.7819
-70.4011
-70.8479
-71.1628
-71.3923
-71.5648
-71.6984
-71.805
-71.8923
-71.9658
-72.0291
-72.085
-72.1354
-72.1816
-72.2247
-72.2655
-72.3044
-72.3421
-72.3787
-72.4146
-72.4499
-72.4847
-72.5192
-72.5534
-72.5874
-72.6213
-72.655
-72.6885
-72.722
-72.7553
-72.7884
-72.8215
-72.8543
-72.8871
-72.9196
-72.952
-72.9842
-73.0162
-73.048
-73.0795
-73.1108
-73.1419
-73.1727
-73.2033
-73.2336
-73.2637
-73.2934
-73.3229
-73.3522
-73.3811
-73.4098
-73.4382
-73.4663
-73.4941
-73.5216
-73.5489
-73.5758
-73.6025
-73.6289
-73.655
-73.6809
-73.7065
-73.7318
-73.7569
-73.7817
-73.8063
-73.8306
-73.8546
-73.8784
-73.902
-73.9253
-73.9484
-72.9128
-68.9485
-65.6669
-63.1734
-61.1694
-59.3623
-57.3171
-53.462
46.0534
-5.64129
-36.9214
-78.3799
-79.7061
-79.6895
-79.6504
-79.6066
-78.1463
-76.7928
-76.184
-75.752
-75.3553
-74.9649
-74.5756
-74.1885
-73.8065
-72.0509
-69.4111
-67.4759
-66.0572
-64.9663
-64.0948
-63.3768
-62.7698
-62.2439
-60.906
-58.8268
-58.1594
-57.7052
-57.0439
-55.8908
-52.9848
36.4737
-4.92805
-36.6334
-77.3643
-78.8826
-78.7322
-78.5429
-78.375
-78.2002
-78.0146
-77.8192
-77.6151
-77.3737
-77.0778
-76.5032
-73.5488
-71.4135
-70.0901
-69.182
-68.5081
-67.9797
-67.5502
-67.1937
-66.8943
-66.642
-66.4304
-66.2545
-66.1103
-65.9946
-65.9051
-65.8393
-65.7953
-65.7711
-65.765
-65.7754
-65.8007
-65.8394
-65.8901
-65.9515
-66.0224
-66.1016
-66.1881
-66.281
-66.3792
-66.4819
-66.5882
-66.6974
-66.8088
-66.922
-67.6994
-68.6491
-67.6
-65.162
-63.3902
-62.1207
-61.1599
-60.3853
-59.7116
-59.0746
-58.4062
-57.6091
-56.4839
-54.3487
-43.2651
12.8541
-26.7086
-71.1585
-79.2658
-78.532
-78.2445
-78.0372
-77.8198
-77.5881
-77.3426
-77.0849
-76.8172
-76.0735
-73.4839
-71.5767
-70.295
-69.4814

