-70
-70.0758
-70.1508
-70.225
-70.2983
-70.3706
-70.4419
-70.5122
-70.5814
-70.6496
-70.7168
-70.7829
-70.848
-70.9121
-70.9752
-71.0373
-71.0984
-71.1586
-71.2178
-71.2761
-71.3334
-71.3899
-71.4455
-71.5003
-71.5543
-71.6074
-71.6598
-71.7114
-71.7623
-71.8124
-71.8619
-71.9106
-71.9587
-72.006
-72.0527
-72.0988
-72.1442
-72.1889
-72.2331
-72.2766
-72.3196
-72.362
-72.4038
-72.445
-72.4857
-72.5258
-72.5654
-72.6045
-72.6431
-72.6812
-72.7188
-72.756
-72.7927
-72.8289
-72.8647
-72.9
-72.9349
-72.9694
-73.0035
-73.0371
-73.0704
-73.1032
-73.1357
-73.1678
-73.1994
-73.2307
-73.2617
-73.2922
-73.3224
-73.3523
-73.3817
-73.4109
-73.4397
-73.4682
-73.4963
-73.5241
-73.5516
-73.5788
-73.6057
-73.6323
-73.6585
-73.6845
-73.7102
-73.7356
-73.7608
-73.7857
-73.8103
-73.8346
-73.8587
-73.8825
-73.9061
-73.9294
-73.9524
-73.9753
-73.9979
-74.0202
-74.0423
-74.0642
-74.0859
-74.1073
-74.1285
-74.1495
-74.1703
-74.1909
-74.2112
-74.2313
-74.2513
-74.271
-74.2905
-74.3098
-74.329
-74.3479
-74.3666
-74.3852
-74.4036
-74.4217
-74.4397
-74.4575
-74.4752
-74.4926
-74.5099
-74.527
-74.544
-74.5607
-74.5774
-74.5938
-74.6101
-74.6262
-74.6422
-74.658
-74.6736
-74.6891
-74.7045
-74.7197
-74.7347
-74.7496
-74.7644
-74.779
-74.7935
-74.8079
-74.8221
-74.8362
-74.8501
-74.864
-74.8777
-74.8913
-74.9047
-74.918
-74.9313
-74.9443
-74.9573
-74.9701
-74.9829
-74.9955
-75.008
-75.0204
-75.0327
-75.0448
-75.0569
-75.0688
-75.0806
-75.0924
-75.104
-75.1155
-75.1269
-75.1382
-75.1495
-75.1606
-75.1716
-75.1825
-75.1933
-75.204
-75.2147
-75.2252
-75.2356
-75.246
-75.2562
-75.2664
-75.2764
-75.2864
-75.2963
-75.3061
-75.3158
-75.3255
-75.335
-75.3445
-75.3538
-75.3631
-75.3724
-75.3815
-75.3906
-75.3995
-75.4084
-75.4172
-75.426
-75.4346
-75.4432
-75.4518
-75.4602
-75.4686
-75.4769
-75.4851
-75.4932
-75.5013
-75.5093
-75.5173
-75.5251
-75.533
-75.5407
-75.5484
-75.556
-75.5635
-75.571
-75.5784
-75.5858
-75.593
-75.6003
-75.6074
-75.6145
-75.6216
-75.6285
-75.6355
-75.6423
-75.6491
-75.6559
-75.6626
-75.6692
-75.6758
-75.6823
-75.6888
-75.6952
-75.7015
-75.7078
-75.7141
-75.7203
-75.7264
-75.7325
-75.7386
-75.7446
-75.7505
-75.7564
-75.7622
-75.768
-75.7738
-75.7795
-75.7851
-75.7907
-75.7963
-75.8018
-75.8072
-75.8127
-75.818
-75.8234
-75.8287
-75.8339
-75.8391
-75.8443
-75.8494
-75.8545
-75.8595
-75.8645
-75.8695
-75.8744
-75.8793
-75.8841
-75.8889
-75.8937
-75.8984
-75.9031
-75.9077
-75.9123
-75.9169
-75.9214
-75.9259
-75.9304
-75.9348
-75.9392
-75.9436
-75.9479
-75.9522
-75.9565
-75.9607
-75.9649
-75.969
-75.9731
-75.9772
-75.9813
-75.9853
-75.9893
-75.9933
-75.9972
-76.0011
-76.005
-76.0088
-76.0126
-76.0164
-76.0201
-76.0239
-76.0275
-76.0312
-76.0348
-76.0384
-76.042
-76.0456
-76.0491
-76.0526
-76.056
-76.0595
-76.0629
-76.0663
-76.0696
-76.0729
-76.0762
-76.0795
-76.0828
-76.086
-76.0892
-76.0924
-76.0955
-76.0986
-76.1017
-76.1048
-76.1079
-76.1109
-76.1139
-76.1169
-76.1198
-76.1228
-76.1257
-76.1286
-76.1314
-76.1343
-76.1371
-76.1399
-76.1427
-76.1455
-76.1482
-76.1509
-76.1536
-76.1563
-76.1589
-76.1615
-76.1642
-76.1667
-76.1693
-76.1719
-76.1744
-76.1769
-76.1794
-76.1819
-76.1843
-76.1868
-76.1892
-76.1916
-76.1939
-76.1963
-76.1986
-76.201
-76.2033
-76.2056
-76.2078
-76.2101
-76.2123
-76.2145
-76.2167
-76.2189
-76.2211
-76.2232
-76.2254
-76.2275
-76.2296
-76.2317
-76.2337
-76.2358
-76.2378
-76.2398
-76.2418
-76.2438
-76.2458
-76.2478
-76.2497
-76.2516
-76.2536
-76.2554
-76.2573
-76.2592
-76.2611
-76.2629
-76.2647
-76.2665
-76.2683
-76.2701
-76.2719
-76.2737
-76.2754
-76.2771
-76.2788
-76.2806
-76.2822
-76.2839
-76.2856
-76.2872
-76.2889
-76.2905
-76.2921
-76.2937
-76.2953
-76.2969
-76.2985
-76.3
-76.3016
-76.3031
-76.3046
-76.3061
-76.3076
-76.3091
-76.3106
-76.312
-76.3135
-76.3149
-76.3164
-76.3178
-76.3192
-76.3206
-76.322
-76.3233
-76.3247
-76.3261
-76.3274
-76.3287
-76.33
-76.3314
-76.3327
-76.334
-76.3352
-76.3365
-76.3378
-76.339
-76.3403
-76.3415
-76.3427
-76.3439
-76.3452
-76.3464
-76.3475
-76.3487
-76.3499
-76.351
-76.3522
-76.3533
-76.3545
-76.3556
-76.3567
-76.3578
-76.3589
-76.36
-76.3611
-76.3622
-76.3632
-76.3643
-76.3654
-76.3664
-76.3674
-76.3685
-76.3695
-76.3705
-76.3715
-76.3725
-76.3735
-76.3745
-76.3754
-76.3764
-76.3774
-76.3783
-76.3793
-76.3802
-76.3811
-76.382
-76.383
-76.3839
-76.3848
-76.3857
-76.3866
-76.3874
-76.3883
-76.3892
-76.39
-76.3909
-76.3917
-76.3926
-76.3934
-76.3943
-76.3951
-76.3959
-76.3967
-76.3975
-76.3983
-76.3991
-76.3999
-76.4007
-76.4014
-76.4022
-76.403
-76.4037
-76.4045
-76.4052
-76.406
-75.9818
-71.7886
-68.0041
-65.1549
-62.9445
-61.1211
-59.4257
-57.4468
-53.6233
46.3408
-5.00849
-36.3651
-77.9876
-78.9065
-78.7642
-78.6151
-78.4524
-78.2759
-78.086
-77.8832
-77.6689
-76.0992
-74.0252
-72.7372
-71.8436
-71.1346
-70.5273
-69.9866
-69.4965
-69.0742
-69.2943
-69.5357
-69.6697
-69.738
-69.7675
-69.7748
-69.7704
-69.9799
-71.2023
-70.4632
-69.3794
-68.8371
-68.5628
-68.4189
-68.3435
-68.3069
-68.2938
-68.2961
-68.309
-68.3299
-68.357
-68.3892
-68.4257
-68.4662
-68.51
-68.5571
-69.086
-69.8186
-70.3793
-70.8056
-71.1366
-71.3986
-71.6099
-71.7832
-71.9276
-72.05
-72.155
-72.2465
-72.3272
-72.3993
-72.4644
-69.6947
-66.322
-63.8014
-61.873
-60.278
-58.7675
-56.9648
-53.5151
41.3402
-4.01743
-35.6531
-77.9248
-79.6998
-79.6935
-78.3405
-77.7833
-77.4977
-77.2286
-76.949
-76.6571
-76.3546
-76.0443
-75.7292
-75.1388
-72.3126
-69.9899
-68.3743
-67.1747
-66.3227
-66.4069
-66.5543
-66.6219
-66.6443
-66.6429
-66.8717
-67.9617
-69.8588
-71.8883
-73.2264
-73.9544
-74.3148
-74.5042
-74.6102
-74.6729
-74.7121
-74.738
-74.7561
-74.7695
-74.7801
-74.789
-74.797
-74.8044
-74.8116
-74.8188
-74.826
-74.8334
-74.841
-74.8488
-74.8569
-74.8653
-74.8739
-74.8828
-74.8919
-74.9013
-74.9108
-74.9206
-74.9305
-74.9407
-74.9509
-74.9613
-74.9719
-75.0603
-75.1769
-75.3364
-75.4612
-75.5516
-75.6189
-75.6701
-75.7099
-75.7416
-75.7671
-75.7882
-75.8058
-75.8208
-75.8337
-75.845
-75.855
-75.8639
-75.872
-75.8795
-75.8864
-75.8928
-75.8989
-75.9046
-75.9101
-75.9154
-75.9205
-75.9254
-75.9302
-75.9349
-75.9395
-75.944
-75.9484
-75.9527
-75.957
-75.9613
-75.9655
-75.9696
-75.9737
-75.2261
-71.0117
-67.3935
-64.6701
-62.5452
-60.7659
-59.0598
-56.9401
-52.0183
39.9915
-12.3301
-44.5283
-78.7511
-78.8606
-78.7015
-78.5455
-78.376
-78.1924
-77.9953
-77.7853
-77.5639
-76.1929
-73.9708
-72.5566
-71.5896
-70.8352
-70.1991
-69.6395
-69.2938
-69.4295
-68.1192
-66.2028
-64.8426
-63.8752
-63.1558
-62.6008
-62.2788
-64.1056
-65.8244
-67.8033
-69.6498
-70.6609
-69.048
-68.1851
-67.904
-67.7645
-67.6939
-67.6618
-67.6532
-67.6599
-67.6772
-67.7026
-67.7342
-67.7712
-67.8127
-67.8582
-67.9074
-67.9599
-68.0155
-68.074
-68.135
-68.1986
-68.2643
-68.3322
-68.4019
-68.4733
-68.5462
-68.6204
-68.6957
-68.772
-68.849
-68.9265
-69.0046
-69.0829
-69.1614
-69.2399
-69.3184
-69.3967
-69.4748
-69.5526
-69.63
-69.7069
-69.7833
-67.9525
-64.7048
-62.1588
-60.1107
-58.2001
-55.7911
-48.9486
27.4591
-20.0236
-59.0295
-79.3955
-78.7467
-78.4045
-78.2066
-78.003
-77.785
-77.5526
-77.3073
-77.0507
-76.7852
-76.5133
-73.9295
-71.5506
-70.2384
-69.5298
-68.9965
-68.5612
-68.1943
-67.8796
-67.6079
-67.476
-68.6687
-70.1255
-71.1579
-72.3344
-73.1445
-73.5862
-73.9215
-74.2143
-74.3887
-74.4935
-74.5598
-74.6038
-74.6343
-74.6566
-74.6737
-74.6875
-74.6992
-74.7096
-74.7192
-74.7284
-74.7373
-74.7462
-74.755
-74.764
-74.7732
-74.7825
-74.7921
-74.8018
-74.8118
-74.8219
-74.8322
-74.8427
-74.8534
-74.8643
-74.8752
-74.8863
-74.8975
-74.9088
-74.9202
-74.9316
-74.9431
-74.9546
-74.9662
-74.9778
-74.9894
-75.0009
-75.0125
-75.024
-75.0356
-75.0471
-75.0585
-75.0699
-75.0813
-75.0926
-75.1038
-75.115
-75.1261
-75.1372
-75.1481
-75.159
-75.1699
-75.1806
-75.1913
-75.2019
-75.2124
-75.2229
-75.2332
-75.2435
-75.2537
-75.2638
-75.2738
-75.2838
-75.2937
-75.3034
-74.5778
-70.457
-66.9145
-64.2414
-62.1407
-60.3497
-58.5589
-56.1065
-47.488
23.8998
-20.9244
-62.186
-79.5886
-79.7272
-79.6957
-79.6571
-79.6144
-79.5675
-79.5164
-76.9375
-75.2045
-74.2709
-73.6104
-73.0556
-72.5518
-72.0799
-71.6339
-71.2123
-69.2769
-66.7318
-64.8278
-63.3878
-62.2413
-61.2749
-60.4036
-59.5491
-58.6141
-56.7033
-51.924
41.761
-12.3456
-44.3361
-78.6927
-79.2726
-79.1967
-79.101
-78.1274
-77.0334
-76.5297
-76.1599
-75.8085
-75.4732
-75.2359
-75.0419
-74.903
-74.7538
-74.5985
-74.531
-74.496
-74.4369
-74.3682
-74.2987
-74.2323
-74.1709
-74.1152
-74.0655
-74.0218
-73.9838
-73.9513
-73.9238
-73.9011
-73.8827
-73.8684
-73.8578
-73.8505
-73.8462
-73.8447
-73.8457
-73.8489
-73.8541
-73.8612
-73.8698
-73.8799
-73.8913
-73.9038
-73.9173
-73.9317
-73.9468
-73.9626
-73.979
-73.9959
-74.0132
-74.0309
-74.0488
-74.067
-74.0855
-74.104
-74.1227
-74.1415
-74.1603
-74.1792
-74.1981
-74.2169
-74.2357
-74.2545
-74.2732
-72.032
-68.1206
-65.0833
-62.7508
-60.8392
-59.054
-56.8997
-52.0786
40.649
-12.1163
-44.4633
-78.5774
-79.0114
-78.8982
-78.7653
-78.6199
-78.4621
-78.2922
-78.111

