-70
-69.8623
-69.7285
-69.5983
-69.4718
-69.3487
-69.2291
-69.1128
-68.9997
-68.8897
-68.7828
-68.6789
-68.5778
-68.4795
-68.3839
-68.291
-68.2007
-68.1128
-68.0274
-67.9443
-67.8636
-67.7851
-67.7087
-67.6345
-67.5623
-67.4921
-67.4238
-67.3574
-67.2929
-67.2301
-67.1691
-67.1098
-67.0521
-66.996
-66.9414
-66.8884
-66.8368
-66.7866
-66.7378
-66.6904
-66.6443
-66.5994
-66.5558
-66.5133
-66.4721
-66.432
-66.393
-66.355
-66.3181
-66.2823
-66.2474
-66.2134
-66.1805
-66.1484
-66.1172
-66.0868
-66.0573
-66.0286
-66.0007
-65.9736
-65.9472
-65.9215
-65.8966
-65.8723
-65.8487
-65.8257
-65.8034
-65.7817
-65.7606
-65.74
-65.72
-65.7006
-65.6817
-65.6633
-65.6455
-65.6281
-65.6112
-65.5948
-65.5788
-65.5632
-65.5481
-65.5334
-65.5191
-65.5052
-65.4917
-65.4785
-65.4657
-65.4533
-65.4412
-65.4294
-65.418
-65.4068
-65.396
-65.3855
-65.3752
-65.3653
-65.3556
-65.3462
-65.337
-65.3281
-65.3194
-65.311
-65.3028
-65.2948
-65.2871
-65.2795
-65.2722
-65.2651
-65.2581
-65.2514
-65.2448
-65.2385
-65.2322
-65.2262
-65.2203
-65.2146
-65.2091
-65.2037
-65.1984
-65.1933
-65.1884
-65.1835
-65.1788
-65.1743
-65.1698
-65.1655
-65.1613
-65.1572
-65.1532
-65.1493
-65.1456
-65.1419
-65.1384
-65.1349
-65.1315
-65.1283
-65.1251
-65.122
-65.119
-65.1161
-65.1132
-65.1104
-65.1077
-65.1051
-65.1026
-65.1001
-65.0977
-65.0953
-65.0931
-65.0908
-65.0887
-65.0866
-65.0845
-65.0826
-65.0806
-65.0788
-65.0769
-65.0752
-65.0734
-65.0718
-65.0701
-65.0685
-65.067
-65.0655
-65.064
-65.0626
-65.0612
-65.0599
-65.0586
-65.0573
-65.0561
-65.0549
-65.0537
-65.0526
-65.0514
-65.0504
-65.0493
-65.0483
-65.0473
-65.0464
-65.0454
-65.0445
-65.0436
-65.0428
-65.0419
-65.0411
-65.0403
-65.0395
-65.0388
-65.0381
-65.0374
-65.0367
-65.036
-65.0353
-65.0347
-65.0341
-65.0335
-65.0329
-65.0323
-65.0318
-65.0313
-65.0307
-65.0302
-65.0297
-65.0293
-65.0288
-65.0283
-65.0279
-65.0275
-65.027
-65.0266
-65.0262
-65.0259
-65.0255
-65.0251
-65.0248
-65.0244
-65.0241
-65.0238
-65.0234
-65.0231
-65.0228
-65.0225
-65.0223
-65.022
-65.0217
-65.0215
-65.0212
-65.021
-65.0207
-65.0205
-65.0203
-65.02
-65.0198
-65.0196
-65.0194
-65.0192
-65.019
-65.0188
-65.0187
-65.0185
-65.0183
-65.0181
-65.018
-65.0178
-65.0177
-65.0175
-65.0174
-65.0172
-65.0171
-65.017
-65.0168
-65.0167
-65.0166
-65.0165
-65.0163
-65.0162
-65.0161
-65.016
-65.0159
-65.0158
-65.0157
-65.0156
-65.0155
-65.0154
-65.0153
-65.0153
-65.0152
-65.0151
-65.015
-65.0149
-65.0149
-65.0148
-65.0147
-65.0147
-65.0146
-65.0145
-65.0145
-65.0144
-65.0143
-65.0143
-65.0142
-65.0142
-65.0141
-65.0141
-65.014
-65.014
-65.0139
-65.0139
-65.0138
-65.0138
-65.0137
-65.0137
-65.0137
-65.0136
-65.0136
-65.0135
-65.0135
-65.0135
-65.0134
-65.0134
-65.0134
-65.0133
-65.0133
-65.0133
-65.0133
-65.0132
-65.0132
-65.0132
-65.0131
-65.0131
-65.0131
-65.0131
-65.0131
-65.013
-65.013
-65.013
-65.013
-65.0129
-65.0129
-65.0129
-65.0129
-65.0129
-65.0129
-65.0128
-65.0128
-65.0128
-65.0128
-65.0128
-65.0128
-65.0127
-65.0127
-65.0127
-65.0127
-65.0127
-65.0127
-65.0127
-65.0127
-65.0126
-65.0126
-65.0126
-65.0126
-65.0126
-65.0126
-65.0126
-65.0126
-65.0126
-65.0126
-65.0125
-65.0125
-65.0125
-65.0125
-65.0125
-65.0125
-65.0125
-65.0125
-65.0125
-65.0125
-65.0125
-65.0125
-65.0125
-65.0124
-65.0124
-65.0124
-65.0124
-65.0124
-65.0124
-65.0124
-65.0124
-65.0124
-65.0124
-65.0124
-65.0124
-65.0124
-65.0124
-65.0124
-65.0124
-65.0124
-65.0124
-65.0124
-65.0124
-65.0124
-65.0124
-65.0124
-65.0123
-65.0123
-65.0123
-65.0123
-65.0123
-65.0123
-65.0123
-65.0123
-65.0123
-65.0123
-65.0123
-65.0123
-65.0123
-65.0123
-65.0123
-65.0123
-65.0123
-65.0123
-65.0123
-65.0123
-65.0123
-65.0123
-65.0123
-65.0123
-65.0123
-65.0123
-65.0123
-65.0123
-65.0123
-65.0123
-65.0123
-65.0123
-65.0123
-65.0123
-65.0123
-65.0123
-65.0123
-65.0123
-65.0123
-65.0123
-65.0123
-65.0123
-65.0123
-65.0123
-65.0123
-65.0123
-65.0123
-65.0123
-65.0123
-65.0123
-65.0123
-65.0123
-65.0123
-65.0123
-65.0123
-65.0123
-65.0123
-65.0123
-65.0123
-65.0123
-65.0123
-65.0123
-65.0123
-65.0123
-65.0123
-65.0123
-65.0123
-65.0123
-65.0123
-65.0123
-65.0123
-65.0123
-65.0123
-65.0123
-65.0123
-65.0123
-65.0123
-65.0123
-65.0123
-65.0123
-65.0123
-65.0123
-65.0122
-65.0122
-65.0122
-65.0122
-65.0122
-65.0122
-65.0122
-65.0122
-65.0122
-65.0122
-65.0122
-65.0122
-65.0122
-65.0122
-65.0122
-65.0122
-65.0122
-65.0122
-65.0122
-65.0122
-65.0122
-65.0122
-65.0122
-65.0122
-65.0122
-65.0122
-64.986
-64.9225
-64.8795
-64.847
-64.8232
-64.8044
-64.7892
-64.7771
-64.7674
-64.7598
-64.7541
-64.7498
-64.7468
-64.7449
-64.744
-64.7439
-64.7445
-64.7457
-64.7474
-64.682
-64.6356
-64.5467
-64.3271
-64.1787
-64.0665
-63.9852
-63.9217
-63.8051
-63.6621
-63.4073
-63.2293
-63.0963
-62.9995
-62.9254
-62.6819
-62.363
-62.0625
-61.737
-61.5026
-61.3281
-61.1996
-61.1032
-61.0324
-60.9827
-60.9508
-60.9339
-60.9297
-60.9364
-60.9522
-60.976
-61.0064
-61.0426
-61.0836
-61.1286
-61.1771
-61.2284
-61.2822
-61.3379
-61.3697
-61.3817
-61.4088
-61.4446
-61.4873
-61.534
-61.5836
-61.6354
-61.6888
-61.7435
-61.7991
-61.8554
-61.9121
-61.969
-62.0185
-62.0268
-62.0505
-62.0816
-62.0755
-62.0739
-62.0857
-62.1079
-62.1209
-62.0973
-62.0956
-62.1056
-62.1256
-62.148
-62.1208
-62.1152
-62.1218
-62.1394
-62.1632
-62.1917
-62.2239
-62.259
-62.2965
-62.3358
-62.3766
-62.4186
-62.4614
-62.4303
-62.3741
-62.3477
-62.34
-62.2994
-62.1056
-61.9286
-61.7316
-61.4699
-61.2432
-61.0641
-60.8832
-60.731
-60.5814
-60.4801
-60.3541
-60.2368
-60.1506
-60.0985
-60.0721
-60.0647
-60.0724
-60.0926
-60.1231
-60.1623
-60.2089
-60.2616
-60.3193
-60.3814
-60.4469
-60.5153
-60.5859
-60.6584
-60.7323
-60.8072
-60.8828
-60.9589
-61.0351
-61.1113
-61.1873
-61.2629
-61.3381
-61.4126
-61.4865
-61.5595
-61.6317
-61.7029
-61.7731
-61.8422
-61.9103
-61.9772
-62.043
-62.1076
-62.171
-62.2332
-62.2941
-62.3539
-62.4124
-62.4697
-62.5258
-62.5807
-62.6344
-62.6869
-62.7383
-62.7885
-62.8376
-62.8855
-62.9323
-62.978
-63.0227
-63.0663
-63.1089
-63.1504
-63.1909
-63.2305
-63.2691
-63.3068
-63.3435
-63.3793
-63.4143
-63.4484
-63.4817
-63.5141
-63.5457
-63.5766
-63.6066
-63.6359
-63.6645
-63.6924
-63.7196
-63.7461
-63.7624
-63.7277
-63.7123
-63.7059
-63.7076
-63.7132
-63.6757
-63.6423
-63.6225
-63.6131
-63.6026
-63.4304
-63.3101
-63.224
-63.1675
-63.0721
-62.9459
-62.5497
-62.2826
-61.9809
-61.7604
-61.5962
-61.4183
-61.288
-61.157
-61.0414
-60.9621
-60.9094
-60.8778
-60.8463
-60.8037
-60.7851
-60.7827
-60.7943
-60.8159
-60.8432
-60.8366
-60.8488
-60.8728
-60.9074
-60.9488
-60.9954
-61.0462
-61.1004
-61.1573
-61.2164
-61.2556
-61.2775
-61.3125
-61.3552
-61.4041
-61.4109
-61.4324
-61.4638
-61.504
-61.5491
-61.5977
-61.649
-61.7022
-61.757
-61.8129
-61.8695
-61.9267
-61.9841
-62.0416
-62.099
-62.1561
-62.2128
-62.2691
-62.3248
-62.3798
-62.4342
-62.4878
-62.5405
-62.5925
-62.6436
-62.6938
-62.7342
-62.7269
-62.737
-62.7517
-62.7217
-62.7126
-62.63
-62.5272
-62.4179
-62.3214
-62.2603
-62.2221
-62.1759
-62.1224
-62.0923
-62.0778
-62.0415
-61.9487
-61.8868
-61.8106
-61.7495
-61.7142
-61.6883
-61.6247
-61.5019
-61.3674
-61.2059
-61.0644
-60.9534
-60.8829
-60.8101
-60.7528
-60.7208
-60.7085
-60.7116
-60.7265
-60.7299
-60.7237
-60.6969
-60.6929
-60.6234
-60.5857
-60.5726
-60.5806
-60.6019
-60.633
-60.6722
-60.7177
-60.7686
-60.8239
-60.8826
-60.9443
-61.0082
-61.0739
-61.141
-61.209
-61.2778
-61.347
-61.4163
-61.4857
-61.5549
-61.6237
-61.6921
-61.7599
-61.827
-61.8934
-61.9589
-62.0235
-62.0871
-62.1498
-62.2114
-62.272
-62.3315
-62.3899
-62.4472
-62.5034
-62.5585
-62.6125
-62.6653
-62.7171
-62.7677
-62.8173
-62.8658
-62.9132
-62.9595
-63.0048
-63.049
-63.0922
-63.1344
-63.1756
-63.2159
-63.2551
-63.2935
-63.3309
-63.3674
-63.403
-63.4378
-63.4717
-63.5048
-63.537
-63.5685
-63.5992
-63.6291
-63.6583
-63.6868
-63.7145
-63.7416
-63.768
-63.7937
-63.8188
-63.8432
-63.8671
-63.8903
-63.913
-63.9351
-63.9566
-63.9776
-63.998
-64.018
-64.0374
-64.0564
-64.0749
-64.0929
-64.1105
-64.1276
-64.1443
-64.1606
-64.1323
-64.1056
-64.0897
-64.053
-63.9984
-63.9631
-63.9391
-63.8304
-63.729
-63.6574
-63.553
-63.473
-63.4145
-63.3221
-62.8901
-62.4432
-62.0939
-61.8459
-61.6584
-61.4589
-61.3117
-61.2012
-61.1217
-61.0654
-61.0282
-61.0069
-60.9992
-61.003
-61.0164
-61.0382
-61.0514
-61.0474
-61.0607
-61.05
-61.0492
-61.0631
-61.057
-61.0103
-60.9943
-60.9968
-61.0149
-61.0426
-61.0777
-61.1187
-61.1188
-61.0908
-61.0876
-61.1016
-61.1287
-61.1638
-61.205
-61.251
-61.3008
-61.3538
-61.4092
-61.4665
-61.5254
-61.5853
-61.6461
-61.7073
-61.7688
-61.8304
-61.8919
-61.9531
-62.014
-62.0744
-62.1341
-62.1932
-62.2516
-62.3092
-62.366
-62.4218
-62.4768
-62.5309
-62.5558
-62.5682
-62.5913
-62.6207
-62.6545
-62.6904
-62.6783
-62.6758
-62.6845
-62.7023
-62.7252
-62.7516
-62.7806
-62.8116
-62.8441
-62.8778
-62.9124
-62.9477
-62.9833
-62.9675
-62.9661
-62.974
-62.9806
-62.9425
-62.8691
-62.7685
-62.6603
-62.5838
-62.4416
-62.1233
-61.8831
-61.7029
-61.5001
-61.2265
-61.036
-60.8987
-60.7664
-60.6688
-60.6017
-60.5603

