-70
-69.8623
-69.7285
-69.5983
-69.4718
-69.3487
-69.2291
-69.1128
-68.9997
-68.8897
-68.7828
-68.6789
-68.5778
-68.4795
-68.3839
-68.291
-68.2007
-68.1128
-68.0274
-67.9443
-67.8636
-67.7851
-67.7087
-67.6345
-67.5623
-67.4921
-67.4238
-67.3574
-67.2929
-67.2301
-67.1691
-67.1098
-67.0521
-66.996
-66.9414
-66.8884
-66.8368
-66.7866
-66.7378
-66.6904
-66.6443
-66.5994
-66.5558
-66.5133
-66.4721
-66.432
-66.393
-66.355
-66.3181
-66.2823
-66.2474
-66.2134
-66.1805
-66.1484
-66.1172
-66.0868
-66.0573
-66.0286
-66.0007
-65.9736
-65.9472
-65.9215
-65.8966
-65.8723
-65.8487
-65.8257
-65.8034
-65.7817
-65.7606
-65.74
-65.72
-65.7006
-65.6817
-65.6633
-65.6455
-65.6281
-65.6112
-65.5948
-65.5788
-65.5632
-65.5481
-65.5334
-65.5191
-65.5052
-65.4917
-65.4785
-65.4657
-65.4533
-65.4412
-65.4294
-65.418
-65.4068
-65.396
-65.3855
-65.3752
-65.3653
-65.3556
-65.3462
-65.337
-65.3281
-65.3194
-65.311
-65.3028
-65.2948
-65.2871
-65.2795
-65.2722
-65.2651
-65.2581
-65.2514
-65.2448
-65.2385
-65.2322
-65.2262
-65.2203
-65.2146
-65.2091
-65.2037
-65.1984
-65.1933
-65.1884
-65.1835
-65.1788
-65.1743
-65.1698
-65.1655
-65.1613
-65.1572
-65.1532
-65.1493
-65.1456
-65.1419
-65.1384
-65.1349
-65.1315
-65.1283
-65.1251
-65.122
-65.119
-65.1161
-65.1132
-65.1104
-65.1077
-65.1051
-65.1026
-65.1001
-65.0977
-65.0953
-65.0931
-65.0908
-65.0887
-65.0866
-65.0845
-65.0826
-65.0806
-65.0788
-65.0769
-65.0752
-65.0734
-65.0718
-65.0701
-65.0685
-65.067
-65.0655
-65.064
-65.0626
-65.0612
-65.0599
-65.0586
-65.0573
-65.0561
-65.0549
-65.0537
-65.0526
-65.0514
-65.0504
-65.0493
-65.0483
-65.0473
-65.0464
-65.0454
-65.0445
-65.0436
-65.0428
-65.0419
-65.0411
-65.0403
-65.0395
-65.0388
-65.0381
-65.0374
-65.0367
-65.036
-65.0353
-65.0347
-65.0341
-65.0335
-65.0329
-65.0323
-65.0318
-65.0313
-65.0307
-65.0302
-65.0297
-65.0293
-65.0288
-65.0283
-65.0279
-65.0275
-65.027
-65.0266
-65.0262
-65.0259
-65.0255
-65.0251
-65.0248
-65.0244
-65.0241
-65.0238
-65.0234
-65.0231
-65.0228
-65.0225
-65.0223
-65.022
-65.0217
-65.0215
-65.0212
-65.021
-65.0207
-65.0205
-65.0203
-65.02
-65.0198
-65.0196
-65.0194
-65.0192
-65.019
-65.0188
-65.0187
-65.0185
-65.0183
-65.0181
-65.018
-65.0178
-65.0177
-65.0175
-65.0174
-65.0172
-65.0171
-65.017
-65.0168
-65.0167
-65.0166
-65.0165
-65.0163
-65.0162
-65.0161
-65.016
-65.0159
-65.0158
-65.0157
-65.0156
-65.0155
-65.0154
-65.0153
-65.0153
-65.0152
-65.0151
-65.015
-65.0149
-65.0149
-65.0148
-65.0147
-65.0147
-65.0146
-65.0145
-65.0145
-65.0144
-65.0143
-65.0143
-65.0142
-65.0142
-65.0141
-65.0141
-65.014
-65.014
-65.0139
-65.0139
-65.0138
-65.0138
-65.0137
-65.0137
-65.0137
-65.0136
-65.0136
-65.0135
-65.0135
-65.0135
-65.0134
-65.0134
-65.0134
-65.0133
-65.0133
-65.0133
-65.0133
-65.0132
-65.0132
-65.0132
-65.0131
-65.0131
-65.0131
-65.0131
-65.0131
-65.013
-65.013
-65.013
-65.013
-65.0129
-65.0129
-65.0129
-65.0129
-65.0129
-65.0129
-65.0128
-65.0128
-65.0128
-65.0128
-65.0128
-65.0128
-65.0127
-65.0127
-65.0127
-65.0127
-65.0127
-65.0127
-65.0127
-65.0127
-65.0126
-65.0126
-65.0126
-65.0126
-65.0126
-65.0126
-65.0126
-65.0126
-65.0126
-65.0126
-65.0125
-65.0125
-65.0125
-65.0125
-65.0125
-65.0125
-65.0125
-65.0125
-65.0125
-65.0125
-65.0125
-65.0125
-65.0125
-65.0124
-65.0124
-65.0124
-65.0124
-65.0124
-65.0124
-65.0124
-65.0124
-65.0124
-65.0124
-65.0124
-65.0124
-65.0124
-65.0124
-65.0124
-65.0124
-65.0124
-65.0124
-65.0124
-65.0124
-65.0124
-65.0124
-65.0124
-65.0123
-65.0123
-65.0123
-65.0123
-65.0123
-65.0123
-65.0123
-65.0123
-65.0123
-65.0123
-65.0123
-65.0123
-65.0123
-65.0123
-65.0123
-65.0123
-65.0123
-65.0123
-65.0123
-65.0123
-65.0123
-65.0123
-65.0123
-65.0123
-65.0123
-65.0123
-65.0123
-65.0123
-65.0123
-65.0123
-65.0123
-65.0123
-65.0123
-65.0123
-65.0123
-65.0123
-65.0123
-65.0123
-65.0123
-65.0123
-65.0123
-65.0123
-65.0123
-65.0123
-65.0123
-65.0123
-65.0123
-65.0123
-65.0123
-65.0123
-65.0123
-65.0123
-65.0123
-65.0123
-65.0123
-65.0123
-65.0123
-65.0123
-65.0123
-65.0123
-65.0123
-65.0123
-65.0123
-65.0123
-65.0123
-65.0123
-65.0123
-65.0123
-65.0123
-65.0123
-65.0123
-65.0123
-65.0123
-65.0123
-64.6429
-64.3402
-64.1155
-63.9555
-63.8313
-63.7321
-63.6525
-63.5889
-63.5388
-63.5
-63.4707
-63.4497
-63.4356
-63.4276
-63.4246
-63.4261
-63.4313
-63.4398
-63.451
-63.4646
-63.4802
-63.4976
-63.5163
-63.5362
-63.5572
-63.5789
-63.6013
-63.6243
-63.6476
-63.6712
-63.695
-63.7189
-63.7428
-63.7667
-63.6619
-63.3758
-63.1899
-63.0554
-62.9633
-62.8946
-62.8436
-62.8067
-62.7816
-62.7662
-62.7591
-62.7588
-62.7645
-62.7751
-62.7899
-62.8083
-62.8296
-62.8535
-62.8795
-62.8415
-62.8232
-62.7567
-62.1842
-61.7671
-61.1458
-60.4707
-59.835
-58.6379
-57.5705
-56.363
-55.4254
-54.4805
-53.7774
-53.2317
-52.6518
-52.084
-51.5782
-50.8227
-50.2456
-49.7335
-49.3039
-48.9286
-48.5871
-48.2649
-47.9494
-47.6212
-47.231
-46.794
-46.2838
-45.5992
-44.6787
-43.2989
-40.6042
-28.567
40.6102
-5.85764
-38.0237
-55.8208
-60.4786
-61.7431
-62.141
-62.1925
-62.0978
-61.9866
-61.8793
-61.7855
-61.6625
-61.5545
-61.3921
-61.2447
-61.1355
-61.0556
-60.9895
-60.8991
-60.8371
-60.7937
-60.7666
-60.7512
-60.7454
-60.7476
-60.7414
-60.701
-60.639
-60.5919
-60.5676
-60.5516
-60.462
-60.3488
-60.1867
-59.9195
-59.6535
-59.4729
-59.3483
-59.2555
-59.0463
-58.8385
-58.592
-58.323
-57.9421
-57.4667
-56.9981
-56.4712
-55.926
-55.3579
-54.8311
-54.1859
-53.4323
-52.7204
-51.9554
-51.2287
-50.6521
-50.162
-49.6891
-49.2951
-48.9461
-48.5947
-48.1995
-47.7839
-47.3302
-46.782
-46.1555
-45.4111
-44.4286
-42.8983
-39.6254
-17.0117
33.3938
-13.5565
-44.8721
-58.9165
-62.5687
-63.5702
-63.8627
-63.9074
-63.8577
-63.7752
-63.6855
-63.5992
-63.5201
-63.4494
-63.3872
-63.3328
-63.2855
-63.2447
-63.2096
-63.1795
-63.154
-63.1326
-63.1147
-63.1
-63.0882
-63.079
-63.0721
-63.0673
-63.0643
-63.0629
-63.0631
-63.0645
-63.0671
-63.0708
-63.0754
-63.0808
-63.0869
-63.0937
-63.101
-63.1089
-63.1171
-63.1258
-63.1347
-63.144
-63.1534
-63.1631
-63.173
-63.1829
-63.193
-63.2032
-63.2134
-63.2237
-63.234
-63.2443
-63.2546
-63.2649
-63.2752
-63.2854
-63.2956
-63.3057
-63.3158
-63.3258
-63.3358
-63.3457
-63.2719
-63.0043
-62.8236
-62.6899
-62.5957
-62.5232
-62.4218
-62.3353
-62.2711
-62.2248
-62.1145
-61.9047
-61.4905
-61.1474
-60.7951
-60.2603
-59.247
-57.9459
-56.7551
-55.4203
-54.3547
-53.5553
-52.9032
-52.3954
-51.8417
-51.3265
-50.9234
-50.5995
-50.3365
-50.0531
-49.738
-49.4839
-49.2691
-49.0756
-48.8849
-48.7135
-48.5216
-48.3159
-48.1144
-47.8929
-47.5943
-47.2313
-46.7968
-46.319
-45.7463
-44.9531
-43.6989
-41.3447
-33.9425
41.1495
2.5721
-33.9821
-56.7928
-62.926
-64.4377
-64.6427
-64.5083
-64.2911
-64.0579
-63.796
-63.5207
-63.2885
-63.0526
-62.8629
-62.7057
-62.5762
-62.4206
-62.2915
-62.1878
-62.106
-62.0405
-61.9881
-61.9471
-61.9158
-61.8929
-61.8774
-61.8682
-61.8646
-61.8659
-61.8323
-61.7704
-61.6955
-61.4774
-61.1268
-60.6029
-60.1033
-59.7249
-59.3429
-58.9928
-58.7121
-58.4071
-58.0337
-57.7339
-57.4413
-57.2276
-56.9732
-56.5962
-56.1349
-55.5929
-55.1508
-54.575
-53.919
-53.2353
-52.5654
-52.0627
-51.6844
-51.3746
-51.109
-50.8618
-50.6253
-50.3919
-50.1428
-49.9336
-49.6658
-49.4345
-49.1239
-48.8724
-48.6359
-48.3483
-48.0461
-47.764
-47.4527
-47.1292
-46.7718
-46.3528
-45.8358
-45.1475
-44.145
-42.4317
-38.2135
12.7989
20.8858
-23.2208
-53.2251
-63.2398
-65.9198
-66.7015
-66.9303
-66.9596
-66.9124
-66.8362
-66.7498
-66.661
-66.573
-66.4872
-66.404
-66.3236
-66.2461
-66.1714
-66.0993
-66.0298
-65.9627
-65.898
-65.8356
-65.7753
-65.717
-65.6608
-65.6064
-65.5539
-65.5032
-65.4541
-65.4066
-65.3607
-65.3163
-65.2734
-65.2319
-65.1917
-65.1528
-65.1151
-65.0787
-65.0434
-65.0093
-64.9763
-64.9443
-64.9134
-64.8834
-64.8544
-64.8263
-64.7991
-64.7728
-64.7474
-64.7227
-64.6989
-64.6758
-64.6534
-64.6318
-64.6109
-64.5907
-64.5711
-64.5522
-64.5339
-64.5162
-64.4992
-64.4826
-64.4667
-64.4513
-64.4364
-64.422
-64.4081
-64.3947
-64.3818
-64.3694
-64.3574
-64.3382
-64.0025
-63.3864
-62.9523
-62.6019
-62.2923
-62.0188
-61.8072
-61.5955
-61.3705
-61.19
-60.7733
-60.3683
-60.072
-59.6223
-57.8531
-56.2348
-55.0773
-54.2486
-53.6122
-52.9693
-52.4703
-52.036
-51.6869
-51.4091
-51.1883
-51.0135
-50.8773
-50.7739
-50.6748
-50.6
-50.4287
-50.0363
-49.6964
-49.3877
-49.0551
-48.7474
-48.4715
-48.1944
-47.9215
-47.6033
-47.2377
-46.8237
-46.3603
-45.7112
-44.6928
-43.2032
-40.3725
-27.8863
39.6263
-8.10144
-42.8218
-60.5237
-65.0141
-66.0973
-66.3055
-66.2435
-66.0943
-65.923
-65.7539
-65.5954
-65.4498
-65.3173
-65.1969
-65.0435
-64.9019
-64.7595
-64.5654
-64.3948
-64.2553
-64.14
-64.0417
-63.9565
-63.8823
-63.8174
-63.732
-63.6421
-63.5615
-63.4276
-63.2928
-63.1777
-63.052
-62.9334
-62.7131
-62.5536
-62.4304
-62.3385
-62.2664
-62.2096
-62.1621
-62.0237
-61.8182
-61.6679
-61.5596
-61.4324
-61.3315
-61.1935
-61.0658
-60.9155
-60.5837
-60.0918
-59.5951
-59.0835
-58.3433
-57.4987
-56.6629
-55.8482
-54.8938
-53.971
-53.1773
-52.5646
-52.0965
-51.6881
-51.3339
-51.0133

