-70
-70.0758
-70.1508
-70.225
-70.2983
-70.3706
-70.4419
-70.5122
-70.5814
-70.6496
-70.7168
-70.7829
-70.848
-70.9121
-70.9752
-71.0373
-71.0984
-71.1586
-71.2178
-71.2761
-71.3334
-71.3899
-71.4455
-71.5003
-71.5543
-71.6074
-71.6598
-71.7114
-71.7623
-71.8124
-71.8619
-71.9106
-71.9587
-72.006
-72.0527
-72.0988
-72.1442
-72.1889
-72.2331
-72.2766
-72.3196
-72.362
-72.4038
-72.445
-72.4857
-72.5258
-72.5654
-72.6045
-72.6431
-72.6812
-72.7188
-72.756
-72.7927
-72.8289
-72.8647
-72.9
-72.9349
-72.9694
-73.0035
-73.0371
-73.0704
-73.1032
-73.1357
-73.1678
-73.1994
-73.2307
-73.2617
-73.2922
-73.3224
-73.3523
-73.3817
-73.4109
-73.4397
-73.4682
-73.4963
-73.5241
-73.5516
-73.5788
-73.6057
-73.6323
-73.6585
-73.6845
-73.7102
-73.7356
-73.7608
-73.7857
-73.8103
-73.8346
-73.8587
-73.8825
-73.9061
-73.9294
-73.9524
-73.9753
-73.9979
-74.0202
-74.0423
-74.0642
-74.0859
-74.1073
-74.1285
-74.1495
-74.1703
-74.1909
-74.2112
-74.2313
-74.2513
-74.271
-74.2905
-74.3098
-74.329
-74.3479
-74.3666
-74.3852
-74.4036
-74.4217
-74.4397
-74.4575
-74.4752
-74.4926
-74.5099
-74.527
-74.544
-74.5607
-74.5774
-74.5938
-74.6101
-74.6262
-74.6422
-74.658
-74.6736
-74.6891
-74.7045
-74.7197
-74.7347
-74.7496
-74.7644
-74.779
-74.7935
-74.8079
-74.8221
-74.8362
-74.8501
-74.864
-74.8777
-74.8913
-74.9047
-74.918
-74.9313
-74.9443
-74.9573
-74.9701
-74.9829
-74.9955
-75.008
-75.0204
-75.0327
-75.0448
-75.0569
-75.0688
-75.0806
-75.0924
-75.104
-75.1155
-75.1269
-75.1382
-75.1495
-75.1606
-75.1716
-75.1825
-75.1933
-75.204
-75.2147
-75.2252
-75.2356
-75.246
-75.2562
-75.2664
-75.2764
-75.2864
-75.2963
-75.3061
-75.3158
-75.3255
-75.335
-75.3445
-75.3538
-75.3631
-75.3724
-75.3815
-75.3906
-75.3995
-75.4084
-75.4172
-75.426
-75.4346
-75.4432
-75.4518
-75.4602
-75.4686
-75.4769
-75.4851
-75.4932
-75.5013
-75.5093
-75.5173
-75.5251
-75.533
-75.5407
-75.5484
-75.556
-75.5635
-75.571
-75.5784
-75.5858
-75.593
-75.6003
-75.6074
-75.6145
-75.6216
-75.6285
-75.6355
-75.6423
-75.6491
-75.6559
-75.6626
-75.6692
-75.6758
-75.6823
-75.6888
-75.6952
-75.7015
-75.7078
-75.7141
-75.7203
-75.7264
-75.7325
-75.7386
-75.7446
-75.7505
-75.7564
-75.7622
-75.768
-75.7738
-75.7795
-75.7851
-75.7907
-75.7963
-75.8018
-75.8072
-75.8127
-75.818
-75.8234
-75.8287
-75.8339
-75.8391
-75.8443
-75.8494
-75.8545
-75.8595
-75.8645
-75.8695
-75.8744
-75.8793
-75.8841
-75.8889
-75.8937
-75.8984
-75.9031
-75.9077
-75.9123
-75.9169
-75.9214
-75.9259
-75.9304
-75.9348
-75.9392
-75.9436
-75.9479
-75.9522
-75.9565
-75.9607
-75.9649
-75.969
-75.9731
-75.9772
-75.9813
-75.9853
-75.9893
-75.9933
-75.9972
-76.0011
-76.005
-76.0088
-76.0126
-76.0164
-76.0201
-76.0239
-76.0275
-76.0312
-76.0348
-76.0384
-76.042
-76.0456
-76.0491
-76.0526
-76.056
-76.0595
-76.0629
-76.0663
-76.0696
-76.0729
-76.0762
-76.0795
-76.0828
-76.086
-76.0892
-76.0924
-76.0955
-76.0986
-76.1017
-76.1048
-76.1079
-76.1109
-76.1139
-76.1169
-76.1198
-76.1228
-76.1257
-76.1286
-76.1314
-76.1343
-76.1371
-76.1399
-76.1427
-76.1455
-76.1482
-76.1509
-76.1536
-76.1563
-76.1589
-76.1615
-76.1642
-76.1667
-76.1693
-76.1719
-76.1744
-76.1769
-76.1794
-76.1819
-76.1843
-76.1868
-76.1892
-76.1916
-76.1939
-76.1963
-76.1986
-76.201
-76.2033
-76.2056
-76.2078
-76.2101
-76.2123
-76.2145
-76.2167
-76.2189
-76.2211
-76.2232
-76.2254
-76.2275
-76.2296
-76.2317
-76.2337
-76.2358
-76.2378
-76.2398
-76.2418
-76.2438
-76.2458
-76.2478
-76.2497
-76.2516
-76.2536
-76.2554
-76.2573
-76.2592
-76.2611
-76.2629
-76.2647
-76.2665
-76.2683
-76.2701
-76.2719
-76.2737
-76.2754
-76.2771
-76.2788
-76.2806
-76.2822
-76.2839
-76.2856
-76.2872
-76.2889
-76.2905
-76.2921
-76.2937
-76.2953
-76.2969
-76.2985
-76.3
-76.3016
-76.3031
-76.3046
-76.3061
-76.3076
-76.3091
-76.3106
-76.312
-76.3135
-76.3149
-76.3164
-76.3178
-76.3192
-76.3206
-76.322
-76.3233
-76.3247
-76.3261
-76.3274
-76.3287
-76.33
-76.3314
-76.3327
-76.334
-76.3352
-76.3365
-76.3378
-76.339
-76.3403
-76.3415
-76.3427
-76.3439
-76.3452
-76.3464
-76.3475
-76.3487
-76.3499
-76.351
-76.3522
-76.3533
-76.3545
-76.3556
-76.3567
-76.3578
-76.3589
-76.36
-76.3611
-76.3622
-76.3632
-76.3643
-76.3654
-76.3664
-76.3674
-76.3685
-76.3695
-76.3705
-76.3715
-76.3725
-76.3735
-76.3745
-76.3754
-76.3764
-76.3774
-76.3783
-76.3793
-76.3802
-76.3811
-76.382
-76.383
-76.3839
-76.3848
-76.3857
-76.3866
-76.3874
-76.3883
-76.3892
-76.39
-76.3909
-76.3917
-76.3926
-76.3934
-76.3943
-76.3951
-76.3959
-76.3967
-76.3975
-76.3983
-76.3991
-76.3999
-76.4007
-76.4014
-76.4022
-76.403
-76.4037
-76.4045
-76.4052
-76.406
-76.4067
-76.4074
-76.4082
-76.4089
-76.4096
-76.4103
-76.411
-76.4117
-76.4124
-76.4131
-76.4137
-76.4144
-76.4151
-76.4158
-76.4164
-76.4171
-76.4177
-76.4184
-76.419
-76.4196
-76.4203
-76.4209
-76.4215
-76.4221
-76.4227
-76.4234
-76.424
-76.4246
-76.4251
-76.4257
-76.4263
-76.4269
-76.4275
-76.428
-76.3959
-76.3236
-76.2618
-76.198
-76.1522
-76.1185
-76.0882
-76.0684
-76.0557
-76.0475
-76.0421
-76.0387
-76.0366
-76.0354
-76.0349
-76.035
-76.0354
-76.0363
-76.0374
-76.0387
-76.0402
-76.0419
-76.0438
-76.0458
-76.0479
-76.0501
-76.0524
-76.0547
-76.0572
-76.0597
-76.0623
-76.0649
-76.0676
-76.0703
-76.0731
-76.0759
-76.0787
-76.0815
-76.0843
-76.0872
-76.0901
-76.093
-76.0958
-76.0987
-76.1016
-76.1045
-76.1074
-76.1103
-76.1131
-76.116
-76.1189
-76.1217
-76.1245
-76.1274
-76.1302
-76.133
-76.1241
-76.1137
-76.1058
-76.1
-76.0956
-76.0925
-76.0903
-76.0889
-76.0882
-76.0879
-76.0881
-76.0886
-76.0895
-76.0851
-76.0728
-76.0617
-76.054
-76.0447
-76.038
-76.0338
-76.0294
-76.0256
-76.0234
-76.0223
-76.022
-76.0221
-76.0227
-76.0236
-76.0247
-76.026
-76.0275
-76.0291
-76.0309
-76.0328
-76.0347
-76.0368
-76.039
-76.0413
-76.0437
-76.0461
-76.0486
-76.0511
-76.0537
-76.0564
-76.0591
-76.0618
-76.0646
-76.0674
-76.0703
-76.0731
-76.076
-76.0789
-76.0818
-76.0847
-76.0876
-76.0905
-76.0935
-76.0964
-76.0993
-76.1023
-76.1052
-76.1081
-76.111
-76.1139
-76.1168
-76.1196
-76.1225
-76.1253
-76.1281
-76.131
-76.1338
-76.1365
-76.1393
-76.142
-76.1448
-76.1475
-76.1502
-76.1528
-76.1555
-76.1581
-76.1608
-76.1634
-76.1659
-76.1685
-76.1711
-76.1736
-76.1761
-76.1786
-76.1811
-76.1835
-76.1859
-76.1884
-76.1908
-76.1931
-76.1955
-76.1978
-76.2002
-76.2025
-76.2048
-76.207
-76.2093
-76.2115
-76.2138
-76.216
-76.2182
-76.2203
-76.2225
-76.2246
-76.2267
-76.2288
-76.2309
-76.233
-76.2351
-76.2371
-76.2391
-76.2411
-76.2431
-76.2451
-76.2471
-76.249
-76.251
-76.2529
-76.2548
-76.2388
-76.2103
-76.1753
-76.1429
-76.1127
-76.092
-76.078
-76.0628
-76.0515
-76.0441
-76.0393
-76.0363
-76.0345
-76.0336
-76.0333
-76.0335
-76.0341
-76.035
-76.0362
-76.0376
-76.0392
-76.0409
-76.0428
-76.0448
-76.0469
-76.0491
-76.0515
-76.0539
-76.0563
-76.0589
-76.0614
-76.0641
-76.0668
-76.0678
-76.0637
-76.0603
-76.058
-76.0566
-76.0559
-76.0557
-76.056
-76.0567
-76.0576
-76.0589
-76.0603
-76.0619
-76.0637
-76.0657
-76.0677
-76.0699
-76.0722
-76.0745
-76.077
-76.0795
-76.082
-76.0846
-76.0872
-76.0899
-76.0926
-76.0953
-76.0981
-76.1008
-76.1036
-76.1064
-76.1092
-76.112
-76.1148
-76.1176
-76.1204
-76.1232
-76.1259
-76.1287
-76.1315
-76.1342
-76.137
-76.1397
-76.142
-76.1328
-76.116
-76.0903
-76.0721
-76.0602
-76.0522
-76.0469
-76.0434
-76.0412
-76.0396
-76.0357
-76.0329
-76.0312
-76.0304
-76.0302
-76.0305
-76.0312
-76.0321
-76.0333
-76.0347
-76.0363
-76.0381
-76.04
-76.042
-76.0441
-76.0463
-76.0486
-76.051
-76.0535
-76.056
-76.0586
-76.0612
-76.0639
-76.0666
-76.0694
-76.0721
-76.075
-76.0778
-76.0807
-76.0835
-76.0864
-76.0893
-76.0922
-76.0951
-76.098
-76.1009
-76.1038
-76.1067
-76.1096
-76.1125
-76.1154
-76.1182
-76.1211
-76.1239
-76.1268
-76.1296
-76.1324
-76.1352
-76.1379
-76.1407
-76.1434
-76.1461
-76.1488
-76.1515
-76.1542
-76.1568
-76.1594
-76.162
-76.1646
-76.1672
-76.1698
-76.1723
-76.1748
-76.1773
-76.1798
-76.1823
-76.1847
-76.1871
-76.1895
-76.1919
-76.1943
-76.1966
-76.199
-76.2013
-76.2036
-76.2059
-76.2081
-76.2104
-76.2126
-76.2148
-76.217
-76.2192
-76.2214
-76.2235
-76.2257
-76.2278
-76.2299
-76.2319
-76.234
-76.2361
-76.2381
-76.2401
-76.2421
-76.2441
-76.2461
-76.248
-76.25
-76.2519
-76.2538
-76.2557
-76.2576
-76.2595
-76.2613
-76.2631
-76.265
-76.2668
-76.2686
-76.2704
-76.2721
-76.2739
-76.2756
-76.2774
-76.2791
-76.2808
-76.2825
-76.2697
-76.2452
-76.2125
-76.1616
-76.126
-76.1023
-76.0861
-76.0749
-76.066
-76.0551
-76.0473
-76.0422
-76.0389
-76.0369
-76.0358
-76.0354
-76.0355
-76.036
-76.0369
-76.038
-76.0376
-76.0354
-76.034
-76.0334
-76.0333
-76.0337
-76.0344
-76.0355
-76.0367
-76.0382
-76.0398
-76.0416
-76.0436
-76.0456
-76.0478
-76.05
-76.0524
-76.0548
-76.0573
-76.0598
-76.0624
-76.0651
-76.0678
-76.0705
-76.0733
-76.0761
-76.0789
-76.0818
-76.0846
-76.0875
-76.0904
-76.0933
-76.0961
-76.099
-76.1019
-76.1048
-76.1077
-76.1106
-76.1135
-76.1163
-76.1192
-76.122
-76.1249
-76.1277
-76.1305
-76.1333
-76.1361
-76.1388
-76.1416
-76.1443
-76.147
-76.1497
-76.1524
-76.155
-76.1577
-76.1603
-76.1629
-76.1655

