-70
-70.0758
-70.1508
-70.225
-70.2983
-70.3706
-70.4419
-70.5122
-70.5814
-70.6496
-70.7168
-70.7829
-70.848
-70.9121
-70.9752
-71.0373
-71.0984
-71.1586
-71.2178
-71.2761
-71.3334
-71.3899
-71.4455
-71.5003
-71.5543
-71.6074
-71.6598
-71.7114
-71.7623
-71.8124
-71.8619
-71.9106
-71.9587
-72.006
-72.0527
-72.0988
-72.1442
-72.1889
-72.2331
-72.2766
-72.3196
-72.362
-72.4038
-72.445
-72.4857
-72.5258
-72.5654
-72.6045
-72.6431
-72.6812
-72.7188
-72.756
-72.7927
-72.8289
-72.8647
-72.9
-72.9349
-72.9694
-73.0035
-73.0371
-73.0704
-73.1032
-73.1357
-73.1678
-73.1994
-73.2307
-73.2617
-73.2922
-73.3224
-73.3523
-73.3817
-73.4109
-73.4397
-73.4682
-73.4963
-73.5241
-73.5516
-73.5788
-73.6057
-73.6323
-73.6585
-73.6845
-73.7102
-73.7356
-73.7608
-73.7857
-73.8103
-73.8346
-73.8587
-73.8825
-73.9061
-73.9294
-73.9524
-73.9753
-73.9979
-74.0202
-74.0423
-74.0642
-74.0859
-74.1073
-74.1285
-74.1495
-74.1703
-74.1909
-74.2112
-74.2313
-74.2513
-74.271
-74.2905
-74.3098
-74.329
-74.3479
-74.3666
-74.3852
-74.4036
-74.4217
-74.4397
-74.4575
-74.4752
-74.4926
-74.5099
-74.527
-74.544
-74.5607
-74.5774
-74.5938
-74.6101
-74.6262
-74.6422
-74.658
-74.6736
-74.6891
-74.7045
-74.7197
-74.7347
-74.7496
-74.7644
-74.779
-74.7935
-74.8079
-74.8221
-74.8362
-74.8501
-74.864
-74.8777
-74.8913
-74.9047
-74.918
-74.9313
-74.9443
-74.9573
-74.9701
-74.9829
-74.9955
-75.008
-75.0204
-75.0327
-75.0448
-75.0569
-75.0688
-75.0806
-75.0924
-75.104
-75.1155
-75.1269
-75.1382
-75.1495
-75.1606
-75.1716
-75.1825
-75.1933
-75.204
-75.2147
-75.2252
-75.2356
-75.246
-75.2562
-75.2664
-75.2764
-75.2864
-75.2963
-75.3061
-75.3158
-75.3255
-75.335
-75.3445
-75.3538
-75.3631
-75.3724
-75.3815
-75.3906
-75.3995
-75.4084
-75.4172
-75.426
-75.4346
-75.4432
-75.4518
-75.4602
-75.4686
-75.4769
-75.4851
-75.4932
-75.5013
-75.5093
-75.5173
-75.5251
-75.533
-75.5407
-75.5484
-75.556
-75.5635
-75.571
-75.5784
-75.5858
-75.593
-75.6003
-75.6074
-75.6145
-75.6216
-75.6285
-75.6355
-75.6423
-75.6491
-75.6559
-75.6626
-75.6692
-75.6758
-75.6823
-75.6888
-75.6952
-75.7015
-75.7078
-75.7141
-75.7203
-75.7264
-75.7325
-75.7386
-75.7446
-75.7505
-75.7564
-75.7622
-75.768
-75.7738
-75.7795
-75.7851
-75.7907
-75.7963
-75.8018
-75.8072
-75.8127
-75.818
-75.8234
-75.8287
-75.8339
-75.8391
-75.8443
-75.8494
-75.8545
-75.8595
-75.8645
-75.8695
-75.8744
-75.8793
-75.8841
-75.8889
-75.8937
-75.8984
-75.9031
-75.9077
-75.9123
-75.9169
-75.9214
-75.9259
-75.9304
-75.9348
-75.9392
-75.9436
-75.9479
-75.9522
-75.9565
-75.9607
-75.9649
-75.969
-75.9731
-75.9772
-75.9813
-75.9853
-75.9893
-75.9933
-75.9972
-76.0011
-76.005
-76.0088
-76.0126
-76.0164
-76.0201
-76.0239
-76.0275
-76.0312
-76.0348
-76.0384
-76.042
-76.0456
-76.0491
-76.0526
-76.056
-76.0595
-76.0629
-76.0663
-76.0696
-76.0729
-76.0762
-76.0795
-76.0828
-76.086
-76.0892
-76.0924
-76.0955
-76.0986
-76.1017
-76.1048
-76.1079
-76.1109
-76.1139
-76.1169
-76.1198
-76.1228
-76.1257
-76.1286
-76.1314
-76.1343
-76.1371
-76.1399
-76.1427
-76.1455
-76.1482
-76.1509
-76.1536
-76.1563
-76.1589
-76.1615
-76.1642
-76.1667
-76.1693
-76.1719
-76.1744
-76.1769
-76.1794
-76.1819
-76.1843
-76.1868
-76.1892
-76.1916
-76.1939
-76.1963
-76.1986
-76.201
-76.2033
-76.2056
-76.2078
-76.2101
-76.2123
-76.2145
-76.2167
-76.2189
-76.2211
-76.2232
-76.2254
-76.2275
-76.2296
-76.2317
-76.2337
-76.2358
-76.2378
-76.2398
-76.2418
-76.2438
-76.2458
-76.2478
-76.2497
-76.2516
-76.2536
-76.2554
-76.2573
-76.2592
-76.2611
-76.2629
-76.2647
-76.2665
-76.2683
-76.2701
-76.2719
-76.2737
-76.2754
-76.2771
-76.2788
-76.2806
-76.2822
-76.2839
-76.2856
-76.2872
-76.2889
-76.2905
-76.2921
-76.2937
-76.2953
-76.2969
-76.2985
-76.3
-76.3016
-76.3031
-76.3046
-76.3061
-76.3076
-76.3091
-76.3106
-76.312
-76.3135
-76.3149
-76.3164
-76.3178
-76.3192
-76.3206
-76.322
-76.3233
-76.3247
-76.3261
-76.3274
-76.3287
-76.33
-76.3314
-76.3327
-76.334
-76.3352
-76.3365
-76.3378
-76.339
-76.3403
-76.3415
-76.3427
-76.3439
-76.3452
-76.3464
-76.3475
-76.3487
-76.3499
-76.351
-76.3522
-76.3533
-76.3545
-76.3556
-76.3567
-76.3578
-76.3589
-76.36
-76.3611
-76.3622
-76.3632
-76.3643
-76.3654
-76.3664
-76.3674
-76.3685
-76.3695
-76.3705
-76.3715
-76.3725
-76.3735
-76.3745
-76.3754
-76.3764
-76.3774
-76.3783
-76.3793
-76.3802
-76.3811
-76.382
-76.383
-76.3839
-76.3848
-76.3857
-76.3866
-76.3874
-76.3883
-76.3892
-76.39
-76.3909
-76.3917
-76.3926
-76.3934
-76.3943
-76.3951
-76.3959
-76.3967
-76.3975
-76.3983
-76.3991
-76.3999
-76.4007
-76.4014
-76.4022
-76.403
-76.4037
-76.4045
-76.4052
-76.406
-76.4067
-76.4074
-76.4082
-76.4089
-76.4096
-76.4103
-76.411
-76.4117
-76.4124
-76.4131
-75.6512
-71.369
-67.6874
-64.9138
-62.7527
-60.9543
-59.2548
-57.2071
-52.8833
44.04
-9.08953
-40.214
-78.4238
-79.1288
-79.0318
-78.9139
-78.7844
-78.6436
-78.4917
-78.062
-75.9035
-74.5839
-73.8768
-73.357
-72.9109
-72.5037
-72.25
-72.2275
-72.151
-72.1332
-72.2469
-70.0181
-68.2593
-67.7926
-67.8797
-68.4208
-68.7617
-68.9593
-69.0808
-69.1607
-69.2174
-69.2611
-69.2979
-69.3314
-69.3638
-69.3964
-69.43
-69.4651
-69.5022
-69.5412
-69.5823
-69.6254
-69.6705
-69.7175
-69.7663
-69.8166
-69.8685
-69.9218
-69.9763
-70.0318
-70.0883
-70.1456
-70.2036
-70.2621
-69.0838
-65.7249
-63.0179
-60.9033
-59.0505
-57.0132
-53.3357
43.5502
-5.31911
-36.691
-78.0717
-79.6453
-79.6303
-79.5846
-78.0704
-77.2134
-76.8069
-76.4676
-76.1313
-75.7884
-75.4393
-75.0868
-74.7342
-73.4462
-70.6612
-68.5721
-67.2717
-66.9466
-67.4836
-67.9325
-68.8842
-70.106
-70.8034
-71.1963
-71.4279
-71.5702
-71.7029
-72.2462
-73.2174
-74.0366
-74.5066
-74.7354
-74.9409
-75.0678
-75.1351
-75.1731
-75.196
-75.2108
-75.2211
-75.2289
-75.2352
-75.2407
-75.2457
-75.2505
-75.2553
-75.2601
-75.265
-75.2701
-75.2754
-75.2808
-75.2864
-75.2923
-75.2983
-75.3045
-75.3109
-75.3175
-75.3242
-75.3311
-75.3381
-75.3453
-75.3525
-75.3599
-75.3674
-75.3749
-75.3825
-75.3902
-75.398
-75.4058
-75.4136
-75.4214
-75.4293
-75.4371
-75.445
-75.4529
-75.4608
-75.4686
-75.4764
-75.4843
-75.492
-75.4998
-75.5075
-75.5152
-75.5229
-75.5305
-75.538
-75.5456
-75.553
-75.5605
-75.5678
-75.5752
-75.5825
-75.5897
-75.5969
-75.604
-75.611
-75.6181
-75.625
-75.6319
-75.6388
-75.6456
-75.6523
-75.659
-75.6657
-75.6722
-74.1568
-69.9527
-66.5678
-64.0003
-61.966
-60.2078
-58.4092
-55.8362
-44.6426
18.8089
-23.3382
-67.2424
-79.0457
-79.0415
-78.9257
-78.7964
-78.6553
-78.5025
-78.3383
-78.1634
-76.7599
-74.5415
-73.2851
-72.5962
-72.0727
-71.6227
-71.2908
-71.309
-71.2858
-71.2059
-71.1012
-70.9883
-70.1562
-67.4397
-65.3373
-64.8842
-65.6366
-66.214
-66.5837
-67.4288
-68.2304
-68.7514
-69.0985
-69.34
-69.5154
-69.6483
-69.7533
-69.8396
-69.9134
-69.9786
-70.038
-70.0936
-70.1466
-70.1981
-70.2486
-70.2986
-70.3486
-70.3986
-70.4488
-70.4994
-68.2978
-65.1133
-62.6839
-60.775
-59.0903
-57.251
-54.1797
-9.22444
1.87641
-31.7279
-76.4604
-79.5871
-79.5849
-79.5348
-79.4784
-79.4168
-79.3499
-79.278
-79.2015
-77.7819
-74.7879
-72.9781
-71.8283
-70.9857
-70.3075
-69.7306
-69.2248
-68.775
-68.3729
-68.0411
-67.1577
-65.459
-64.2439
-63.3965
-62.7791
-62.3117
-61.9479
-61.6591
-62.3842
-63.4261
-64.2477
-64.8853
-65.3871
-65.7892
-66.345
-67.4442
-68.322
-68.9755
-69.4727
-69.859
-70.165
-70.4121
-70.8006
-71.8125
-72.6233
-73.4472
-74.1918
-74.7043
-75.0678
-75.2803
-75.4086
-75.4899
-75.5438
-75.581
-75.6077
-75.6287
-75.6726
-75.7096
-75.7361
-75.7557
-75.7708
-75.7827
-75.7924
-75.8005
-75.8076
-75.8138
-75.8195
-75.8247
-75.8296
-75.8343
-75.8389
-75.8433
-75.8476
-75.8519
-75.8561
-75.8603
-75.8645
-75.8687
-75.8729
-75.8771
-75.8814
-75.8856
-75.8898
-75.894
-75.8983
-75.9025
-75.9067
-75.911
-75.9152
-75.9195
-75.9237
-75.9279
-75.9321
-75.9363
-75.9405
-75.9447
-75.9488
-75.9529
-75.9571
-75.9612
-75.9652
-75.9693
-75.9733
-75.9773
-75.9813
-75.9853
-75.9892
-75.9931
-75.997
-76.0009
-76.0047
-76.0085
-76.0123
-76.0161
-76.0198
-76.0235
-76.0272
-76.0308
-76.0344
-76.038
-76.0416
-76.0451
-76.0486
-76.0521
-76.0556
-76.059
-76.0624
-76.0658
-75.9122
-71.9315
-68.0929
-65.1982
-62.9578
-61.1144
-59.4049
-57.4119
-53.5434
46.3011
-5.45296
-36.9754
-77.9681
-79.0492
-78.9469
-78.8192
-78.679
-78.5266
-78.3623
-78.1865
-78.0002
-77.5092
-74.8698
-72.9781
-71.7745
-70.9325
-70.6345
-70.3985
-70.1467
-69.8964
-70.0104
-70.2779
-70.4327
-69.0798
-66.7664
-65.1399
-64.0169
-63.2085
-62.605
-62.696
-64.2747
-65.8649
-66.9365
-67.6642
-68.2007
-69.1692
-69.9447
-70.4751
-70.849
-71.121
-71.325
-71.4824
-71.6073
-71.7089
-71.7938
-71.8664
-71.9299
-71.9867
-72.0383
-72.086
-72.1308
-72.1733
-72.2141
-72.2535
-72.5638
-72.9401
-73.2377
-73.4728
-73.6615
-73.8151
-73.9418
-73.6585
-70.1931
-67.6602
-66.0584
-64.9923
-64.2606
-63.7468
-63.3801
-63.1182
-62.9338
-62.8076
-62.7271
-62.6839
-62.6721
-62.6871
-62.7253
-62.7839
-62.8607
-62.9537
-63.0612
-63.181
-63.0813
-60.905
-58.7247
-56.4609
-52.3101
44.4542
-10.323
-41.5942
-78.4832
-79.4945
-78.9537
-78.0291
-77.6581
-77.3883
-77.1158

