-70
-69.8623
-69.7285
-69.5983
-69.4718
-69.3487
-69.2291
-69.1128
-68.9997
-68.8897
-68.7828
-68.6789
-68.5778
-68.4795
-68.3839
-68.291
-68.2007
-68.1128
-68.0274
-67.9443
-67.8636
-67.7851
-67.7087
-67.6345
-67.5623
-67.4921
-67.4238
-67.3574
-67.2929
-67.2301
-67.1691
-67.1098
-67.0521
-66.996
-66.9414
-66.8884
-66.8368
-66.7866
-66.7378
-66.6904
-66.6443
-66.5994
-66.5558
-66.5133
-66.4721
-66.432
-66.393
-66.355
-66.3181
-66.2823
-66.2474
-66.2134
-66.1805
-66.1484
-66.1172
-66.0868
-66.0573
-66.0286
-66.0007
-65.9736
-65.9472
-65.9215
-65.8966
-65.8723
-65.8487
-65.8257
-65.8034
-65.7817
-65.7606
-65.74
-65.72
-65.7006
-65.6817
-65.6633
-65.6455
-65.6281
-65.6112
-65.5948
-65.5788
-65.5632
-65.5481
-65.5334
-65.5191
-65.5052
-65.4917
-65.4785
-65.4657
-65.4533
-65.4412
-65.4294
-65.418
-65.4068
-65.396
-65.3855
-65.3752
-65.3653
-65.3556
-65.3462
-65.337
-65.3281
-65.3194
-65.311
-65.3028
-65.2948
-65.2871
-65.2795
-65.2722
-65.2651
-65.2581
-65.2514
-65.2448
-65.2385
-65.2322
-65.2262
-65.2203
-65.2146
-65.2091
-65.2037
-65.1984
-65.1933
-65.1884
-65.1835
-65.1788
-65.1743
-65.1698
-65.1655
-65.1613
-65.1572
-65.1532
-65.1493
-65.1456
-65.1419
-65.1384
-65.1349
-65.1315
-65.1283
-65.1251
-65.122
-65.119
-65.1161
-65.1132
-65.1104
-65.1077
-65.1051
-65.1026
-65.1001
-65.0977
-65.0953
-65.0931
-65.0908
-65.0887
-65.0866
-65.0845
-65.0826
-65.0806
-65.0788
-65.0769
-65.0752
-65.0734
-65.0718
-65.0701
-65.0685
-65.067
-65.0655
-65.064
-65.0626
-65.0612
-65.0599
-65.0586
-65.0573
-65.0561
-65.0549
-65.0537
-65.0526
-65.0514
-65.0504
-65.0493
-65.0483
-65.0473
-65.0464
-65.0454
-65.0445
-65.0436
-65.0428
-65.0419
-65.0411
-65.0403
-65.0395
-65.0388
-65.0381
-65.0374
-65.0367
-65.036
-65.0353
-65.0347
-65.0341
-65.0335
-65.0329
-65.0323
-65.0318
-65.0313
-65.0307
-65.0302
-65.0297
-65.0293
-65.0288
-65.0283
-65.0279
-65.0275
-65.027
-65.0266
-65.0262
-65.0259
-65.0255
-65.0251
-65.0248
-65.0244
-65.0241
-65.0238
-65.0234
-65.0231
-65.0228
-65.0225
-65.0223
-65.022
-65.0217
-65.0215
-65.0212
-65.021
-65.0207
-65.0205
-65.0203
-65.02
-65.0198
-65.0196
-65.0194
-65.0192
-65.019
-65.0188
-65.0187
-65.0185
-65.0183
-65.0181
-65.018
-65.0178
-65.0177
-65.0175
-65.0174
-65.0172
-65.0171
-65.017
-65.0168
-65.0167
-65.0166
-65.0165
-65.0163
-65.0162
-65.0161
-65.016
-65.0159
-65.0158
-65.0157
-65.0156
-65.0155
-65.0154
-65.0153
-65.0153
-65.0152
-65.0151
-65.015
-65.0149
-65.0149
-65.0148
-65.0147
-65.0147
-65.0146
-65.0145
-65.0145
-65.0144
-65.0143
-65.0143
-65.0142
-65.0142
-65.0141
-65.0141
-65.014
-65.014
-65.0139
-65.0139
-65.0138
-65.0138
-65.0137
-65.0137
-65.0137
-65.0136
-65.0136
-65.0135
-65.0135
-65.0135
-65.0134
-65.0134
-65.0134
-65.0133
-65.0133
-65.0133
-65.0133
-65.0132
-65.0132
-65.0132
-65.0131
-65.0131
-65.0131
-65.0131
-65.0131
-65.013
-65.013
-65.013
-65.013
-65.0129
-65.0129
-65.0129
-65.0129
-65.0129
-65.0129
-65.0128
-65.0128
-65.0128
-65.0128
-65.0128
-65.0128
-65.0127
-65.0127
-65.0127
-65.0127
-65.0127
-65.0127
-65.0127
-65.0127
-65.0126
-65.0126
-65.0126
-65.0126
-65.0126
-65.0126
-65.0126
-65.0126
-65.0126
-65.0126
-65.0125
-65.0125
-65.0125
-65.0125
-65.0125
-65.0125
-65.0125
-65.0125
-65.0125
-65.0125
-65.0125
-65.0125
-65.0125
-65.0124
-65.0124
-65.0124
-65.0124
-65.0124
-65.0124
-65.0124
-65.0124
-65.0124
-65.0124
-65.0124
-65.0124
-65.0124
-65.0124
-65.0124
-65.0124
-65.0124
-65.0124
-65.0124
-65.0124
-65.0124
-65.0124
-65.0124
-65.0123
-65.0123
-65.0123
-65.0123
-65.0123
-65.0123
-65.0123
-65.0123
-65.0123
-65.0123
-65.0123
-65.0123
-65.0123
-65.0123
-65.0123
-65.0123
-65.0123
-65.0123
-65.0123
-65.0123
-65.0123
-65.0123
-65.0123
-65.0123
-65.0123
-65.0123
-65.0123
-65.0123
-65.0123
-65.0123
-65.0123
-65.0123
-65.0123
-65.0123
-65.0123
-65.0123
-65.0123
-65.0123
-65.0123
-65.0123
-65.0123
-65.0123
-65.0123
-65.0123
-65.0123
-65.0123
-65.0123
-65.0123
-65.0123
-65.0123
-65.0123
-65.0123
-65.0123
-65.0123
-65.0123
-65.0123
-65.0123
-65.0123
-65.0123
-65.0123
-65.0123
-65.0123
-65.0123
-65.0123
-65.0123
-65.0123
-65.0123
-65.0123
-65.0123
-65.0123
-65.0123
-65.0123
-65.0123
-65.0123
-64.8888
-64.7871
-64.7113
-64.6572
-64.6152
-64.5815
-64.5545
-64.5329
-64.5159
-64.5027
-64.4927
-64.4856
-64.4808
-64.478
-64.477
-64.4776
-64.4793
-64.4822
-64.4861
-64.4907
-64.496
-64.5019
-64.5083
-64.5151
-64.5223
-64.5297
-64.5373
-64.5451
-64.553
-64.5611
-64.5691
-64.5773
-64.5854
-64.5935
-64.5495
-64.4315
-64.3542
-64.2976
-64.2584
-64.2288
-64.2064
-64.1898
-64.1781
-64.1704
-64.1661
-64.1647
-64.1657
-64.1688
-64.1736
-64.1799
-64.1874
-64.196
-64.2055
-63.9482
-63.7664
-63.5248
-62.4887
-61.7216
-61.0211
-60.2796
-59.6147
-58.7079
-57.9039
-56.9101
-56.1901
-55.5912
-55.0964
-54.7183
-54.4261
-54.1461
-53.8591
-53.2954
-52.9001
-52.519
-52.2264
-52.0087
-51.8488
-51.7172
-51.6053
-51.5316
-51.4889
-51.4558
-51.4288
-51.409
-51.4008
-51.3283
-51.2717
-51.2424
-51.2233
-51.2382
-51.256
-51.2761
-51.2884
-51.3204
-51.3778
-51.4557
-51.5497
-51.6127
-51.6982
-51.8014
-51.9205
-52.0066
-52.071
-52.1355
-52.2065
-52.3044
-52.42
-52.5497
-52.6823
-52.7577
-52.8354
-52.9085
-53.0001
-53.1119
-53.2389
-53.377
-53.5237
-53.6774
-53.8368
-53.9475
-53.9548
-53.9599
-53.8985
-53.7849
-53.7467
-53.7478
-53.747
-53.7745
-53.7266
-53.6679
-53.6402
-53.6245
-53.5784
-53.4461
-53.2606
-53.053
-52.7394
-52.3231
-51.8476
-51.3144
-50.8091
-50.2519
-49.7098
-49.1827
-48.6938
-48.2568
-47.7918
-47.2898
-46.7176
-45.9919
-45.1269
-43.9342
-41.9142
-36.6499
31.1567
14.1534
-24.993
-50.6544
-58.8591
-61.0419
-61.6804
-61.8515
-61.8464
-61.7768
-61.6902
-61.6062
-61.5325
-61.4715
-61.4232
-61.3867
-61.3608
-61.3444
-61.3362
-61.3352
-61.3404
-61.3511
-61.3665
-61.3861
-61.4091
-61.4352
-61.464
-61.495
-61.5279
-61.5624
-61.5984
-61.6354
-61.6734
-61.7121
-61.7515
-61.7912
-61.8312
-61.8715
-61.9118
-61.952
-61.9922
-62.0322
-62.072
-62.1115
-62.1506
-62.1894
-62.2277
-62.2656
-62.303
-62.3399
-62.3762
-62.4121
-62.4474
-62.4821
-62.5163
-62.5498
-62.5829
-62.6153
-62.6472
-62.6784
-62.7091
-62.7393
-62.7688
-62.7978
-62.8263
-62.8542
-62.8815
-62.9083
-62.9346
-62.9604
-62.9591
-62.7674
-62.6303
-62.5333
-62.4698
-62.4159
-62.1824
-61.9911
-61.8529
-61.7569
-61.6621
-61.2758
-60.846
-60.5269
-60.245
-59.8486
-59.1121
-58.1522
-57.3779
-56.4131
-55.6379
-55.0644
-54.6376
-54.2801
-53.7274
-53.2418
-52.886
-52.6248
-52.4313
-52.251
-52.0439
-51.9027
-51.8072
-51.7513
-51.7255
-51.6999
-51.5552
-51.4685
-51.383
-51.3168
-51.2807
-51.2392
-51.215
-51.224
-51.2355
-51.2404
-51.2271
-51.2031
-51.1471
-51.1414
-51.1679
-51.2212
-51.2942
-51.345
-51.3996
-51.3868
-51.4123
-51.4392
-51.4869
-51.5606
-51.6546
-51.7649
-51.8886
-52.024
-52.1696
-52.3243
-52.487
-52.6568
-52.8324
-53.0129
-53.1973
-53.3849
-53.5752
-53.7678
-53.9543
-54.1029
-54.266
-54.383
-54.4834
-54.5264
-54.508
-54.4884
-54.4011
-54.1738
-53.9528
-53.8118
-53.7096
-53.6228
-53.4441
-53.3064
-53.1814
-53.0336
-52.8955
-52.7792
-52.6568
-52.3992
-52.0508
-51.6576
-51.3385
-51.0686
-50.8617
-50.5351
-50.1165
-49.6169
-49.2129
-48.8141
-48.4423
-48.0925
-47.7543
-47.3829
-46.928
-46.4142
-45.7691
-44.7917
-43.4062
-40.8731
-31.4586
41.8019
-2.34728
-36.5486
-56.44
-61.7362
-63.1809
-63.5953
-63.6625
-63.6
-63.4942
-63.3807
-63.2734
-63.1776
-63.0942
-63.023
-62.9629
-62.9126
-62.8711
-62.8374
-62.8105
-62.7896
-62.774
-62.7631
-62.7562
-62.7529
-62.7528
-62.7554
-62.7605
-62.7678
-62.7769
-62.7878
-62.8001
-62.8136
-62.8283
-62.8439
-62.8603
-62.8774
-62.8951
-62.9132
-62.9318
-62.9506
-62.9697
-62.9889
-63.0083
-63.0278
-63.0472
-63.0666
-63.086
-63.1053
-63.1245
-63.1436
-63.1625
-63.1812
-63.1998
-63.2181
-63.2362
-63.2541
-63.2718
-63.2892
-63.3064
-63.3234
-63.3401
-63.3565
-63.3727
-63.3887
-63.4044
-63.4198
-63.435
-63.45
-63.4646
-63.4791
-63.4933
-63.5073
-63.521
-63.5345
-63.5478
-63.5608
-63.5736
-63.5862
-63.5986
-63.6108
-63.6228
-63.6345
-63.6461
-63.6575
-63.6687
-63.676
-63.5584
-63.3753
-63.2464
-62.9854
-62.734
-62.5512
-62.4161
-62.122
-61.7736
-61.5115
-61.1327
-60.8216
-60.5864
-60.1758
-58.7074
-57.4265
-56.4976
-55.833
-55.3014
-54.6641
-54.1919
-53.7327
-53.3874
-53.1244
-52.9283
-52.7832
-52.6802
-52.6128
-52.5764
-52.5464
-52.4817
-52.3746
-52.2969
-52.1406
-51.9847
-51.889
-51.7901
-51.662
-51.5787
-51.5303
-51.4905
-51.488
-51.5123
-51.4747
-51.2785
-51.1528
-51.0812
-51.0213
-51.0023
-50.9866
-50.9909
-51.0164
-51.0305
-51.0754
-51.142
-51.2283
-51.3304
-51.4464
-51.5748
-51.7141
-51.8632
-52.0211
-52.1867
-52.3592
-52.5379
-52.722
-52.8933
-53.0429
-53.2076
-53.3808
-53.5609
-53.7453
-53.9325
-54.1215
-54.3116
-54.5025
-54.6781
-54.8069
-54.9271
-54.9991
-54.9812
-55.0135
-55.0791
-55.1705
-55.2767
-55.3937
-55.5191
-55.6512
-55.7457
-55.7972
-55.8336
-55.8739
-55.8827
-55.9019
-55.8615
-55.7257
-55.5517
-55.4292
-55.1521
-54.8157
-54.3427
-53.8057
-53.17
-52.5968
-52.1056
-51.6341
-51.0893
-50.5875
-50.1735
-49.8471
-49.5151
-49.2357
-48.9925
-48.7212

