-70
-69.8623
-69.7285
-69.5983
-69.4718
-69.3487
-69.2291
-69.1128
-68.9997
-68.8897
-68.7828
-68.6789
-68.5778
-68.4795
-68.3839
-68.291
-68.2007
-68.1128
-68.0274
-67.9443
-67.8636
-67.7851
-67.7087
-67.6345
-67.5623
-67.4921
-67.4238
-67.3574
-67.2929
-67.2301
-67.1691
-67.1098
-67.0521
-66.996
-66.9414
-66.8884
-66.8368
-66.7866
-66.7378
-66.6904
-66.6443
-66.5994
-66.5558
-66.5133
-66.4721
-66.432
-66.393
-66.355
-66.3181
-66.2823
-66.2474
-66.2134
-66.1805
-66.1484
-66.1172
-66.0868
-66.0573
-66.0286
-66.0007
-65.9736
-65.9472
-65.9215
-65.8966
-65.8723
-65.8487
-65.8257
-65.8034
-65.7817
-65.7606
-65.74
-65.72
-65.7006
-65.6817
-65.6633
-65.6455
-65.6281
-65.6112
-65.5948
-65.5788
-65.5632
-65.5481
-65.5334
-65.5191
-65.5052
-65.4917
-65.4785
-65.4657
-65.4533
-65.4412
-65.4294
-65.418
-65.4068
-65.396
-65.3855
-65.3752
-65.3653
-65.3556
-65.3462
-65.337
-65.3281
-65.3194
-65.311
-65.3028
-65.2948
-65.2871
-65.2795
-65.2722
-65.2651
-65.2581
-65.2514
-65.2448
-65.2385
-65.2322
-65.2262
-65.2203
-65.2146
-65.2091
-65.2037
-65.1984
-65.1933
-65.1884
-65.1835
-65.1788
-65.1743
-65.1698
-65.1655
-65.1613
-65.1572
-65.1532
-65.1493
-65.1456
-65.1419
-65.1384
-65.1349
-65.1315
-65.1283
-65.1251
-65.122
-65.119
-65.1161
-65.1132
-65.1104
-65.1077
-65.1051
-65.1026
-65.1001
-65.0977
-65.0953
-65.0931
-65.0908
-65.0887
-65.0866
-65.0845
-65.0826
-65.0806
-65.0788
-65.0769
-65.0752
-65.0734
-65.0718
-65.0701
-65.0685
-65.067
-65.0655
-65.064
-65.0626
-65.0612
-65.0599
-65.0586
-65.0573
-65.0561
-65.0549
-65.0537
-65.0526
-65.0514
-65.0504
-65.0493
-65.0483
-65.0473
-65.0464
-65.0454
-65.0445
-65.0436
-65.0428
-65.0419
-65.0411
-65.0403
-65.0395
-65.0388
-65.0381
-65.0374
-65.0367
-65.036
-65.0353
-65.0347
-65.0341
-65.0335
-65.0329
-65.0323
-65.0318
-65.0313
-65.0307
-65.0302
-65.0297
-65.0293
-65.0288
-65.0283
-65.0279
-65.0275
-65.027
-65.0266
-65.0262
-65.0259
-65.0255
-65.0251
-65.0248
-65.0244
-65.0241
-65.0238
-65.0234
-65.0231
-65.0228
-65.0225
-65.0223
-65.022
-65.0217
-65.0215
-65.0212
-65.021
-65.0207
-65.0205
-65.0203
-65.02
-65.0198
-65.0196
-65.0194
-65.0192
-65.019
-65.0188
-65.0187
-65.0185
-65.0183
-65.0181
-65.018
-65.0178
-65.0177
-65.0175
-65.0174
-65.0172
-65.0171
-65.017
-65.0168
-65.0167
-65.0166
-65.0165
-65.0163
-65.0162
-65.0161
-65.016
-65.0159
-65.0158
-65.0157
-65.0156
-65.0155
-65.0154
-65.0153
-65.0153
-65.0152
-65.0151
-65.015
-65.0149
-65.0149
-65.0148
-65.0147
-65.0147
-65.0146
-65.0145
-65.0145
-65.0144
-65.0143
-65.0143
-65.0142
-65.0142
-65.0141
-65.0141
-65.014
-65.014
-65.0139
-65.0139
-65.0138
-65.0138
-65.0137
-65.0137
-65.0137
-65.0136
-65.0136
-65.0135
-65.0135
-65.0135
-65.0134
-65.0134
-65.0134
-65.0133
-65.0133
-65.0133
-65.0133
-65.0132
-65.0132
-65.0132
-65.0131
-65.0131
-65.0131
-65.0131
-65.0131
-65.013
-65.013
-65.013
-65.013
-65.0129
-65.0129
-65.0129
-65.0129
-65.0129
-65.0129
-65.0128
-65.0128
-65.0128
-65.0128
-65.0128
-65.0128
-65.0127
-65.0127
-65.0127
-65.0127
-65.0127
-65.0127
-65.0127
-65.0127
-65.0126
-65.0126
-65.0126
-65.0126
-65.0126
-65.0126
-65.0126
-65.0126
-65.0126
-65.0126
-65.0125
-65.0125
-65.0125
-65.0125
-65.0125
-65.0125
-65.0125
-65.0125
-65.0125
-65.0125
-65.0125
-65.0125
-65.0125
-65.0124
-65.0124
-65.0124
-65.0124
-65.0124
-65.0124
-65.0124
-65.0124
-65.0124
-65.0124
-65.0124
-65.0124
-65.0124
-65.0124
-65.0124
-65.0124
-65.0124
-65.0124
-65.0124
-65.0124
-65.0124
-65.0124
-65.0124
-65.0123
-65.0123
-65.0123
-65.0123
-65.0123
-65.0123
-65.0123
-65.0123
-65.0123
-65.0123
-65.0123
-65.0123
-65.0123
-65.0123
-65.0123
-65.0123
-65.0123
-65.0123
-65.0123
-65.0123
-65.0123
-65.0123
-65.0123
-65.0123
-65.0123
-65.0123
-65.0123
-65.0123
-65.0123
-65.0123
-65.0123
-65.0123
-65.0123
-65.0123
-65.0123
-65.0123
-65.0123
-65.0123
-65.0123
-65.0123
-65.0123
-65.0123
-65.0123
-65.0123
-65.0123
-65.0123
-65.0123
-65.0123
-65.0123
-65.0123
-65.0123
-65.0123
-65.0123
-65.0123
-65.0123
-65.0123
-65.0123
-65.0123
-65.0123
-65.0123
-65.0123
-65.0123
-65.0123
-65.0123
-65.0123
-65.0123
-65.0123
-65.0123
-65.0123
-65.0123
-65.0123
-65.0123
-65.0123
-65.0123
-64.9505
-64.8995
-64.8615
-64.8344
-64.8133
-64.7964
-64.7828
-64.772
-64.7634
-64.7568
-64.7518
-64.7482
-64.7458
-64.7444
-64.7439
-64.7441
-64.745
-64.7465
-64.7484
-64.7508
-64.7534
-64.7564
-64.7596
-64.763
-64.7666
-64.7703
-64.7742
-64.7781
-64.7821
-64.7861
-64.7902
-64.7942
-64.7983
-64.8024
-64.8065
-64.8105
-64.8146
-64.8185
-64.8225
-64.8264
-64.8303
-64.8341
-64.8378
-64.8415
-64.8451
-64.8487
-64.8522
-64.8556
-64.859
-64.8623
-64.8655
-64.8686
-64.8717
-64.7394
-64.6447
-64.5741
-64.0555
-63.682
-63.3536
-63.1068
-62.9124
-62.6324
-62.3227
-61.9261
-61.6255
-61.3507
-61.1516
-60.9994
-60.8399
-60.7032
-60.6048
-60.5362
-60.491
-60.413
-60.3526
-60.3182
-60.305
-60.307
-60.321
-60.345
-60.3569
-60.3573
-60.3604
-60.3522
-60.3653
-60.2998
-60.2686
-60.2608
-60.2743
-60.3006
-60.3365
-60.38
-60.4297
-60.4375
-60.4571
-60.49
-60.5045
-60.4609
-60.4486
-60.4574
-60.4834
-60.5198
-60.5638
-60.6138
-60.6688
-60.7276
-60.7896
-60.8541
-60.9205
-60.9884
-61.0574
-61.1271
-61.1973
-61.2676
-61.338
-61.4081
-61.4779
-61.5472
-61.616
-61.6716
-61.6928
-61.7281
-61.7698
-61.8172
-61.8673
-61.8789
-61.8928
-61.881
-61.8724
-61.8804
-61.8479
-61.8322
-61.8325
-61.846
-61.8089
-61.7058
-61.5644
-61.3609
-61.0641
-60.859
-60.5741
-60.2583
-60.0157
-59.8465
-59.7299
-59.65
-59.5984
-59.5412
-59.481
-59.4206
-59.3832
-59.3507
-59.3284
-59.33
-59.3493
-59.3542
-59.3651
-59.3936
-59.436
-59.4888
-59.5493
-59.6159
-59.6876
-59.7633
-59.8423
-59.9239
-60.0076
-60.0928
-60.1791
-60.2662
-60.3538
-60.4416
-60.5293
-60.6168
-60.7038
-60.7903
-60.876
-60.9609
-61.0448
-61.1277
-61.2094
-61.29
-61.3693
-61.4473
-61.524
-61.5994
-61.6734
-61.7461
-61.8173
-61.8872
-61.9557
-62.0227
-62.0884
-62.1527
-62.2156
-62.2771
-62.3373
-62.3961
-62.4536
-62.5098
-62.5647
-62.6183
-62.6707
-62.7219
-62.7718
-62.8206
-62.8682
-62.9147
-62.96
-63.0043
-63.0475
-63.0896
-63.1307
-63.1708
-63.2099
-63.248
-63.2852
-63.3215
-63.3568
-63.3913
-63.425
-63.4578
-63.4897
-63.5209
-63.5422
-63.4557
-63.4039
-63.3711
-63.3552
-63.3132
-63.2155
-63.1391
-63.0878
-63.0556
-63.0356
-63.0245
-63.0205
-63.0223
-63.0289
-62.9725
-62.7708
-62.5154
-62.2874
-61.865
-61.4792
-61.2028
-60.9467
-60.7558
-60.5572
-60.4161
-60.3136
-60.2434
-60.1973
-60.1492
-60.058
-60.0068
-59.9807
-59.9768
-59.9771
-59.9594
-59.9219
-59.9104
-59.9195
-59.9447
-59.947
-59.9572
-59.9497
-59.9661
-59.9967
-59.9739
-59.9602
-59.9694
-59.9972
-60.0372
-60.0859
-60.1414
-60.2024
-60.2678
-60.3368
-60.4086
-60.4827
-60.5251
-60.5634
-60.6133
-60.6713
-60.7347
-60.8013
-60.8701
-60.9406
-61.0123
-61.0847
-61.1576
-61.2306
-61.3035
-61.3762
-61.4485
-61.5203
-61.5913
-61.6616
-61.731
-61.7995
-61.8669
-61.9221
-61.946
-61.9473
-61.9402
-61.9002
-61.8445
-61.8198
-61.8144
-61.8231
-61.8123
-61.7971
-61.7714
-61.6319
-61.5489
-61.498
-61.4743
-61.4667
-61.4037
-61.3217
-61.2237
-61.0585
-60.9334
-60.7648
-60.5355
-60.3264
-60.1412
-60.0161
-59.9334
-59.8823
-59.8546
-59.812
-59.7905
-59.7515
-59.7397
-59.7217
-59.6838
-59.6637
-59.6673
-59.6895
-59.7086
-59.7079
-59.6944
-59.7066
-59.7018
-59.7189
-59.7509
-59.796
-59.8498
-59.9104
-59.9765
-60.0469
-60.1208
-60.1976
-60.2765
-60.3571
-60.4389
-60.5216
-60.5647
-60.6147
-60.673
-60.7384
-60.8074
-60.8785
-60.9512
-61.0249
-61.0991
-61.1736
-61.2481
-61.3224
-61.3963
-61.4697
-61.5424
-61.6143
-61.6853
-61.7554
-61.8245
-61.8925
-61.9594
-62.0251
-62.0897
-62.1531
-62.2153
-62.2763
-62.3361
-62.3946
-62.452
-62.5081
-62.563
-62.6167
-62.6692
-62.7206
-62.7708
-62.8198
-62.8677
-62.9146
-62.9603
-63.005
-63.0486
-63.0911
-63.1327
-63.1732
-63.2128
-63.2514
-63.289
-63.3258
-63.3616
-63.3966
-63.4307
-63.4639
-63.4964
-63.528
-63.5588
-63.5889
-63.6183
-63.6469
-63.6747
-63.7019
-63.7284
-63.7543
-63.7795
-63.8041
-63.828
-63.8514
-63.8742
-63.8964
-63.918
-63.9391
-63.8998
-63.8767
-63.828
-63.7474
-63.6654
-63.6106
-63.5325
-63.4614
-63.4117
-63.3023
-63.1846
-63.103
-63.004
-62.3937
-61.8659
-61.477
-61.2018
-60.9963
-60.8384
-60.7142
-60.5656
-60.4614
-60.3883
-60.3419
-60.3152
-60.3049
-60.3083
-60.3232
-60.348
-60.381
-60.3903
-60.4002
-60.3906
-60.3278
-60.2877
-60.269
-60.2365
-60.2136
-60.1919
-60.1945
-60.213
-60.2443
-60.1864
-60.0928
-60.0228
-59.9625
-59.8963
-59.8658
-59.8598
-59.8731
-59.9
-59.9376
-59.9839
-60.0374
-60.0969
-60.1612
-60.2295
-60.301
-60.3751
-60.4511
-60.5288
-60.6075
-60.687
-60.7669
-60.847
-60.9271
-61.007
-61.0864
-61.1653
-61.2435
-61.3209
-61.3974
-61.473
-61.5475
-61.6087
-61.6372
-61.6788
-61.6711
-61.6376
-61.632
-61.6431
-61.6667
-61.6976
-61.7338
-61.7743
-61.818
-61.8643
-61.9127
-61.9626
-62.0137
-62.0656
-62.118
-62.1509
-62.1557
-62.0978
-62.0494
-62.0283
-62.0257
-61.936
-61.871
-61.7703
-61.4979
-61.1219
-60.8472
-60.6448
-60.3801
-60.1856
-60.046
-59.9231
-59.8276
-59.7657
-59.7305
-59.6762

