-70
-69.8623
-69.7285
-69.5983
-69.4718
-69.3487
-69.2291
-69.1128
-68.9997
-68.8897
-68.7828
-68.6789
-68.5778
-68.4795
-68.3839
-68.291
-68.2007
-68.1128
-68.0274
-67.9443
-67.8636
-67.7851
-67.7087
-67.6345
-67.5623
-67.4921
-67.4238
-67.3574
-67.2929
-67.2301
-67.1691
-67.1098
-67.0521
-66.996
-66.9414
-66.8884
-66.8368
-66.7866
-66.7378
-66.6904
-66.6443
-66.5994
-66.5558
-66.5133
-66.4721
-66.432
-66.393
-66.355
-66.3181
-66.2823
-66.2474
-66.2134
-66.1805
-66.1484
-66.1172
-66.0868
-66.0573
-66.0286
-66.0007
-65.9736
-65.9472
-65.9215
-65.8966
-65.8723
-65.8487
-65.8257
-65.8034
-65.7817
-65.7606
-65.74
-65.72
-65.7006
-65.6817
-65.6633
-65.6455
-65.6281
-65.6112
-65.5948
-65.5788
-65.5632
-65.5481
-65.5334
-65.5191
-65.5052
-65.4917
-65.4785
-65.4657
-65.4533
-65.4412
-65.4294
-65.418
-65.4068
-65.396
-65.3855
-65.3752
-65.3653
-65.3556
-65.3462
-65.337
-65.3281
-65.3194
-65.311
-65.3028
-65.2948
-65.2871
-65.2795
-65.2722
-65.2651
-65.2581
-65.2514
-65.2448
-65.2385
-65.2322
-65.2262
-65.2203
-65.2146
-65.2091
-65.2037
-65.1984
-65.1933
-65.1884
-65.1835
-65.1788
-65.1743
-65.1698
-65.1655
-65.1613
-65.1572
-65.1532
-65.1493
-65.1456
-65.1419
-65.1384
-65.1349
-65.1315
-65.1283
-65.1251
-65.122
-65.119
-65.1161
-65.1132
-65.1104
-65.1077
-65.1051
-65.1026
-65.1001
-65.0977
-65.0953
-65.0931
-65.0908
-65.0887
-65.0866
-65.0845
-65.0826
-65.0806
-65.0788
-65.0769
-65.0752
-65.0734
-65.0718
-65.0701
-65.0685
-65.067
-65.0655
-65.064
-65.0626
-65.0612
-65.0599
-65.0586
-65.0573
-65.0561
-65.0549
-65.0537
-65.0526
-65.0514
-65.0504
-65.0493
-65.0483
-65.0473
-65.0464
-65.0454
-65.0445
-65.0436
-65.0428
-65.0419
-65.0411
-65.0403
-65.0395
-65.0388
-65.0381
-65.0374
-65.0367
-65.036
-65.0353
-65.0347
-65.0341
-65.0335
-65.0329
-65.0323
-65.0318
-65.0313
-65.0307
-65.0302
-65.0297
-65.0293
-65.0288
-65.0283
-65.0279
-65.0275
-65.027
-65.0266
-65.0262
-65.0259
-65.0255
-65.0251
-65.0248
-65.0244
-65.0241
-65.0238
-65.0234
-65.0231
-65.0228
-65.0225
-65.0223
-65.022
-65.0217
-65.0215
-65.0212
-65.021
-65.0207
-65.0205
-65.0203
-65.02
-65.0198
-65.0196
-65.0194
-65.0192
-65.019
-65.0188
-65.0187
-65.0185
-65.0183
-65.0181
-65.018
-65.0178
-65.0177
-65.0175
-65.0174
-65.0172
-65.0171
-65.017
-65.0168
-65.0167
-65.0166
-65.0165
-65.0163
-65.0162
-65.0161
-65.016
-65.0159
-65.0158
-65.0157
-65.0156
-65.0155
-65.0154
-65.0153
-65.0153
-65.0152
-65.0151
-65.015
-65.0149
-65.0149
-65.0148
-65.0147
-65.0147
-65.0146
-65.0145
-65.0145
-65.0144
-65.0143
-65.0143
-65.0142
-65.0142
-65.0141
-65.0141
-65.014
-65.014
-65.0139
-65.0139
-65.0138
-65.0138
-65.0137
-65.0137
-65.0137
-65.0136
-65.0136
-65.0135
-65.0135
-65.0135
-65.0134
-65.0134
-65.0134
-65.0133
-65.0133
-65.0133
-65.0133
-65.0132
-65.0132
-65.0132
-65.0131
-65.0131
-65.0131
-65.0131
-65.0131
-65.013
-65.013
-65.013
-65.013
-65.0129
-65.0129
-65.0129
-65.0129
-65.0129
-65.0129
-65.0128
-65.0128
-65.0128
-65.0128
-65.0128
-65.0128
-65.0127
-65.0127
-65.0127
-65.0127
-65.0127
-65.0127
-65.0127
-65.0127
-65.0126
-65.0126
-65.0126
-65.0126
-65.0126
-65.0126
-65.0126
-65.0126
-65.0126
-65.0126
-65.0125
-65.0125
-65.0125
-65.0125
-65.0125
-65.0125
-65.0125
-65.0125
-65.0125
-65.0125
-65.0125
-65.0125
-65.0125
-65.0124
-65.0124
-65.0124
-65.0124
-65.0124
-65.0124
-65.0124
-65.0124
-65.0124
-65.0124
-65.0124
-65.0124
-65.0124
-65.0124
-65.0124
-65.0124
-65.0124
-65.0124
-65.0124
-65.0124
-65.0124
-65.0124
-65.0124
-65.0123
-65.0123
-65.0123
-65.0123
-65.0123
-65.0123
-65.0123
-65.0123
-65.0123
-65.0123
-65.0123
-65.0123
-65.0123
-65.0123
-65.0123
-65.0123
-65.0123
-65.0123
-65.0123
-65.0123
-65.0123
-65.0123
-65.0123
-65.0123
-65.0123
-65.0123
-65.0123
-65.0123
-65.0123
-65.0123
-65.0123
-65.0123
-65.0123
-65.0123
-65.0123
-65.0123
-65.0123
-65.0123
-65.0123
-65.0123
-65.0123
-65.0123
-65.0123
-65.0123
-65.0123
-65.0123
-65.0123
-65.0123
-65.0123
-65.0123
-65.0123
-65.0123
-65.0123
-65.0123
-65.0123
-65.0123
-65.0123
-65.0123
-65.0123
-65.0123
-65.0123
-65.0123
-65.0123
-65.0123
-65.0123
-65.0123
-65.0123
-65.0123
-65.0123
-65.0123
-65.0123
-65.0123
-65.0123
-65.0123
-64.8888
-64.7871
-64.7113
-64.6572
-64.6152
-64.5815
-64.5545
-64.5329
-64.5159
-64.5027
-64.4927
-64.4856
-64.4808
-64.478
-64.477
-64.4776
-64.4793
-64.4822
-64.4861
-64.4907
-64.496
-64.5019
-64.5083
-64.5151
-64.5223
-64.5297
-64.5373
-64.5451
-64.553
-64.5611
-64.5691
-64.5773
-64.5854
-64.5935
-64.6016
-64.6097
-64.6177
-64.6256
-64.6335
-64.6413
-64.6489
-64.6565
-64.664
-64.6713
-64.6785
-64.6856
-64.6926
-64.6994
-64.7061
-64.7127
-64.7191
-64.7255
-64.7022
-64.6554
-64.6248
-64.5512
-64.3439
-64.2003
-64.0444
-63.7782
-63.5229
-63.2047
-62.9675
-62.7248
-62.5473
-62.3639
-62.2074
-62.0901
-61.9565
-61.8399
-61.7561
-61.6975
-61.6583
-61.6339
-61.622
-61.6205
-61.5961
-61.579
-61.5763
-61.573
-61.5047
-61.4692
-61.4532
-61.4553
-61.4682
-61.4894
-61.5173
-61.5507
-61.5886
-61.6303
-61.675
-61.7222
-61.7715
-61.8224
-61.8747
-61.9279
-61.9818
-62.0362
-62.0909
-62.1152
-62.1259
-62.1492
-62.1803
-62.217
-62.2568
-62.2988
-62.3424
-62.3871
-62.4018
-62.412
-62.4288
-62.3991
-62.3921
-62.3975
-62.4135
-62.4357
-62.4622
-62.4923
-62.5251
-62.56
-62.5967
-62.6347
-62.6204
-62.546
-62.4082
-62.3163
-62.2587
-62.2264
-62.1564
-62.1072
-62.0785
-62.0668
-62.0627
-61.9791
-61.9089
-61.7909
-61.6849
-61.5949
-61.522
-61.4784
-61.4549
-61.4012
-61.3612
-61.3253
-61.2805
-61.2177
-61.13
-61.0806
-61.0559
-61.0511
-61.0595
-61.0782
-61.0654
-61.0658
-61.0321
-60.9791
-60.9575
-60.9567
-60.9719
-60.9973
-61.0309
-61.071
-61.1164
-61.1662
-61.2195
-61.2757
-61.3342
-61.3945
-61.4562
-61.5189
-61.5824
-61.6463
-61.7105
-61.7747
-61.8388
-61.9026
-61.9659
-62.0288
-62.091
-62.1525
-62.2132
-62.2732
-62.3322
-62.3904
-62.4475
-62.5037
-62.559
-62.6132
-62.6664
-62.7185
-62.7696
-62.8197
-62.8688
-62.9168
-62.9638
-63.0098
-63.0548
-63.0987
-63.1417
-63.1836
-63.2247
-63.2647
-63.3038
-63.342
-63.3793
-63.4157
-63.4512
-63.4859
-63.5197
-63.5527
-63.5849
-63.6162
-63.6469
-63.6767
-63.7058
-63.7342
-63.7619
-63.7889
-63.8153
-63.8409
-63.8659
-63.8903
-63.9141
-63.9373
-63.9599
-63.9819
-64.0034
-64.0243
-64.0447
-64.0645
-64.0839
-64.1028
-64.1212
-64.1391
-64.0669
-63.9979
-63.9516
-63.9225
-63.8998
-63.8279
-63.5748
-63.2436
-62.9668
-62.6614
-62.4184
-62.2339
-62.0399
-61.8979
-61.7908
-61.713
-61.6569
-61.6185
-61.595
-61.584
-61.5836
-61.5922
-61.6085
-61.6176
-61.5774
-61.5573
-61.5538
-61.5653
-61.586
-61.6135
-61.6465
-61.6839
-61.6669
-61.6422
-61.6383
-61.6502
-61.6728
-61.7024
-61.7372
-61.7691
-61.7642
-61.7774
-61.7584
-61.7552
-61.7658
-61.7879
-61.8172
-61.8517
-61.8903
-61.9322
-61.9767
-62.0233
-62.0016
-61.9782
-61.9755
-61.988
-62.0103
-62.0388
-62.072
-62.1089
-62.1488
-62.1909
-62.2349
-62.2803
-62.3267
-62.374
-62.4218
-62.4373
-62.3952
-62.3786
-62.3782
-62.3909
-62.3777
-62.3483
-62.2473
-62.1469
-62.0726
-62.0295
-62.007
-61.9987
-62.001
-62.0119
-62.0298
-62.0536
-62.0577
-62.0465
-62.0152
-62.0004
-62.0015
-62.0145
-61.9836
-61.933
-61.8844
-61.7811
-61.6021
-61.49
-61.4169
-61.3009
-61.2026
-61.1185
-61.0691
-61.0423
-61.0003
-60.9721
-60.9607
-60.9248
-60.9137
-60.9186
-60.9374
-60.9658
-61.0017
-61.0437
-61.0886
-61.1038
-61.1333
-61.1713
-61.2172
-61.2679
-61.322
-61.3788
-61.4377
-61.4981
-61.5598
-61.6223
-61.6854
-61.7488
-61.8124
-61.8758
-61.939
-62.0019
-62.0642
-62.126
-62.1871
-62.2474
-62.307
-62.3657
-62.4234
-62.4803
-62.5362
-62.5911
-62.645
-62.6979
-62.7498
-62.8007
-62.8505
-62.8992
-62.947
-62.9937
-63.0394
-63.0841
-63.1278
-63.1705
-63.2123
-63.253
-63.2928
-63.3317
-63.3697
-63.4067
-63.4429
-63.4782
-63.5126
-63.5462
-63.579
-63.611
-63.6422
-63.6726
-63.7022
-63.7312
-63.7594
-63.7869
-63.8137
-63.8398
-63.8653
-63.8901
-63.9144
-63.938
-63.961
-63.9834
-64.0052
-64.0265
-64.0473
-64.0675
-64.0872
-64.1064
-64.1252
-64.1434
-64.1612
-64.1785
-64.1954
-64.2119
-64.2279
-64.2435
-64.2588
-64.2736
-64.2469
-64.214
-64.194
-64.1828
-64.1773
-64.1753
-64.1759
-64.0709
-63.9926
-63.9271
-63.7339
-63.5882
-63.4656
-63.3172
-62.955
-62.6176
-62.3754
-62.1997
-62.0687
-61.9685
-61.8929
-61.8375
-61.799
-61.7747
-61.7625
-61.7606
-61.7674
-61.7815
-61.802
-61.8279
-61.8419
-61.8124
-61.7886
-61.778
-61.7169
-61.682
-61.6504
-61.6122
-61.5699
-61.5373
-61.5257
-61.529
-61.5434
-61.5659
-61.595
-61.6295
-61.6684
-61.7109
-61.7565
-61.8044
-61.8259
-61.8368
-61.8607
-61.8929
-61.9313
-61.9733
-62.0179
-62.0647
-62.113
-62.1624
-62.2127
-62.2636
-62.3149
-62.3662
-62.4176
-62.4688
-62.5198
-62.5703
-62.6205
-62.67
-62.719
-62.7674
-62.8151
-62.862
-62.9082
-62.9536
-62.9983
-63.0421
-63.085
-63.1272
-63.1684
-63.2089
-63.2485
-63.2872
-63.3252
-63.3623
-63.3986
-63.4341
-63.4687
-63.5026
-63.5357
-63.5681
-63.5997
-63.6305
-63.6606
-63.69
-63.7103
-63.6776
-63.5678
-63.4971
-63.3999
-63.245
-63.064
-62.8701
-62.6698
-62.4781
-62.2722
-62.0754
-61.8849
-61.7506
-61.6534
-61.585
-61.5376
-61.5073

