-70
-70.0758
-70.1508
-70.225
-70.2983
-70.3706
-70.4419
-70.5122
-70.5814
-70.6496
-70.7168
-70.7829
-70.848
-70.9121
-70.9752
-71.0373
-71.0984
-71.1586
-71.2178
-71.2761
-71.3334
-71.3899
-71.4455
-71.5003
-71.5543
-71.6074
-71.6598
-71.7114
-71.7623
-71.8124
-71.8619
-71.9106
-71.9587
-72.006
-72.0527
-72.0988
-72.1442
-72.1889
-72.2331
-72.2766
-72.3196
-72.362
-72.4038
-72.445
-72.4857
-72.5258
-72.5654
-72.6045
-72.6431
-72.6812
-72.7188
-72.756
-72.7927
-72.8289
-72.8647
-72.9
-72.9349
-72.9694
-73.0035
-73.0371
-73.0704
-73.1032
-73.1357
-73.1678
-73.1994
-73.2307
-73.2617
-73.2922
-73.3224
-73.3523
-73.3817
-73.4109
-73.4397
-73.4682
-73.4963
-73.5241
-73.5516
-73.5788
-73.6057
-73.6323
-73.6585
-73.6845
-73.7102
-73.7356
-73.7608
-73.7857
-73.8103
-73.8346
-73.8587
-73.8825
-73.9061
-73.9294
-73.9524
-73.9753
-73.9979
-74.0202
-74.0423
-74.0642
-74.0859
-74.1073
-74.1285
-74.1495
-74.1703
-74.1909
-74.2112
-74.2313
-74.2513
-74.271
-74.2905
-74.3098
-74.329
-74.3479
-74.3666
-74.3852
-74.4036
-74.4217
-74.4397
-74.4575
-74.4752
-74.4926
-74.5099
-74.527
-74.544
-74.5607
-74.5774
-74.5938
-74.6101
-74.6262
-74.6422
-74.658
-74.6736
-74.6891
-74.7045
-74.7197
-74.7347
-74.7496
-74.7644
-74.779
-74.7935
-74.8079
-74.8221
-74.8362
-74.8501
-74.864
-74.8777
-74.8913
-74.9047
-74.918
-74.9313
-74.9443
-74.9573
-74.9701
-74.9829
-74.9955
-75.008
-75.0204
-75.0327
-75.0448
-75.0569
-75.0688
-75.0806
-75.0924
-75.104
-75.1155
-75.1269
-75.1382
-75.1495
-75.1606
-75.1716
-75.1825
-75.1933
-75.204
-75.2147
-75.2252
-75.2356
-75.246
-75.2562
-75.2664
-75.2764
-75.2864
-75.2963
-75.3061
-75.3158
-75.3255
-75.335
-75.3445
-75.3538
-75.3631
-75.3724
-75.3815
-75.3906
-75.3995
-75.4084
-75.4172
-75.426
-75.4346
-75.4432
-75.4518
-75.4602
-75.4686
-75.4769
-75.4851
-75.4932
-75.5013
-75.5093
-75.5173
-75.5251
-75.533
-75.5407
-75.5484
-75.556
-75.5635
-75.571
-75.5784
-75.5858
-75.593
-75.6003
-75.6074
-75.6145
-75.6216
-75.6285
-75.6355
-75.6423
-75.6491
-75.6559
-75.6626
-75.6692
-75.6758
-75.6823
-75.6888
-75.6952
-75.7015
-75.7078
-75.7141
-75.7203
-75.7264
-75.7325
-75.7386
-75.7446
-75.7505
-75.7564
-75.7622
-75.768
-75.7738
-75.7795
-75.7851
-75.7907
-75.7963
-75.8018
-75.8072
-75.8127
-75.818
-75.8234
-75.8287
-75.8339
-75.8391
-75.8443
-75.8494
-75.8545
-75.8595
-75.8645
-75.8695
-75.8744
-75.8793
-75.8841
-75.8889
-75.8937
-75.8984
-75.9031
-75.9077
-75.9123
-75.9169
-75.9214
-75.9259
-75.9304
-75.9348
-75.9392
-75.9436
-75.9479
-75.9522
-75.9565
-75.9607
-75.9649
-75.969
-75.9731
-75.9772
-75.9813
-75.9853
-75.9893
-75.9933
-75.9972
-76.0011
-76.005
-76.0088
-76.0126
-76.0164
-76.0201
-76.0239
-76.0275
-76.0312
-76.0348
-76.0384
-76.042
-76.0456
-76.0491
-76.0526
-76.056
-76.0595
-76.0629
-76.0663
-76.0696
-76.0729
-76.0762
-76.0795
-76.0828
-76.086
-76.0892
-76.0924
-76.0955
-76.0986
-76.1017
-76.1048
-76.1079
-76.1109
-76.1139
-76.1169
-76.1198
-76.1228
-76.1257
-76.1286
-76.1314
-76.1343
-76.1371
-76.1399
-76.1427
-76.1455
-76.1482
-76.1509
-76.1536
-76.1563
-76.1589
-76.1615
-76.1642
-76.1667
-76.1693
-76.1719
-76.1744
-76.1769
-76.1794
-76.1819
-76.1843
-76.1868
-76.1892
-76.1916
-76.1939
-76.1963
-76.1986
-76.201
-76.2033
-76.2056
-76.2078
-76.2101
-76.2123
-76.2145
-76.2167
-76.2189
-76.2211
-76.2232
-76.2254
-76.2275
-76.2296
-76.2317
-76.2337
-76.2358
-76.2378
-76.2398
-76.2418
-76.2438
-76.2458
-76.2478
-76.2497
-76.2516
-76.2536
-76.2554
-76.2573
-76.2592
-76.2611
-76.2629
-76.2647
-76.2665
-76.2683
-76.2701
-76.2719
-76.2737
-76.2754
-76.2771
-76.2788
-76.2806
-76.2822
-76.2839
-76.2856
-76.2872
-76.2889
-76.2905
-76.2921
-76.2937
-76.2953
-76.2969
-76.2985
-76.3
-76.3016
-76.3031
-76.3046
-76.3061
-76.3076
-76.3091
-76.3106
-76.312
-76.3135
-76.3149
-76.3164
-76.3178
-76.3192
-76.3206
-76.322
-76.3233
-76.3247
-76.3261
-76.3274
-76.3287
-76.33
-76.3314
-76.3327
-76.334
-76.3352
-76.3365
-76.3378
-76.339
-76.3403
-76.3415
-76.3427
-76.3439
-76.3452
-76.3464
-76.3475
-76.3487
-76.3499
-76.351
-76.3522
-76.3533
-76.3545
-76.3556
-76.3567
-76.3578
-76.3589
-76.36
-76.3611
-76.3622
-76.3632
-76.3643
-76.3654
-76.3664
-76.3674
-76.3685
-76.3695
-76.3705
-76.3715
-76.3725
-76.3735
-76.3745
-76.3754
-76.3764
-76.3774
-76.3783
-76.3793
-76.3802
-76.3811
-76.382
-76.383
-76.3839
-76.3848
-76.3857
-76.3866
-76.3874
-76.3883
-76.3892
-76.39
-76.3909
-76.3917
-76.3926
-76.3934
-76.3943
-76.3951
-76.3959
-76.3967
-76.3975
-76.3983
-76.3991
-76.3999
-76.4007
-76.4014
-76.4022
-76.403
-76.4037
-76.4045
-76.4052
-76.406
-75.2607
-70.9439
-67.3697
-64.6701
-62.5566
-60.7809
-59.0723
-56.9387
-51.9103
39.4016
-12.6824
-45.0732
-78.6373
-78.9118
-78.783
-78.6368
-78.4771
-78.304
-78.1179
-77.9195
-77.6101
-75.321
-73.6179
-72.559
-71.7767
-71.1299
-70.5619
-70.0487
-69.5796
-69.1497
-68.7569
-68.4
-68.7702
-69.8607
-70.675
-71.6152
-72.2607
-72.6701
-70.8293
-68.8056
-67.7406
-67.1304
-66.766
-66.5444
-66.739
-67.4973
-68.0469
-68.4196
-68.6838
-68.8792
-69.0297
-69.1504
-69.251
-69.3377
-69.4148
-69.4854
-69.5514
-69.6143
-69.6752
-69.7347
-69.7934
-69.8516
-69.9096
-69.9676
-70.0257
-70.0839
-70.1424
-70.201
-70.2598
-70.3187
-70.3778
-70.4369
-70.4961
-70.5553
-70.6144
-67.644
-64.9582
-63.7337
-62.9508
-62.3965
-61.9923
-61.6925
-61.4656
-61.2938
-61.1658
-61.074
-60.718
-58.9027
-56.8432
-53.5627
8.66123
-1.65344
-33.9895
-76.9355
-79.433
-79.0736
-78.1276
-77.7411
-77.4774
-77.2119
-76.8557
-76.5201
-76.2322
-75.9557
-75.7063
-75.4736
-75.2533
-75.0445
-74.8988
-74.8062
-74.7092
-74.6118
-74.5325
-74.6486
-74.7854
-74.8603
-74.899
-74.918
-74.9262
-74.9284
-74.9277
-74.9255
-74.923
-74.9208
-74.919
-74.9181
-74.918
-74.9187
-74.9204
-74.9229
-74.9263
-74.9304
-74.9353
-74.9408
-74.947
-74.9536
-74.9608
-74.9685
-74.9766
-74.985
-74.9938
-75.0028
-75.0121
-75.0216
-75.0314
-75.0412
-75.0513
-75.0614
-75.0716
-75.082
-75.0923
-75.1028
-75.1132
-75.1237
-75.1342
-75.1446
-75.1551
-75.1655
-75.176
-75.1863
-75.1967
-75.207
-75.2172
-75.2274
-75.2376
-75.2476
-75.2577
-75.2676
-75.2775
-75.2873
-75.2971
-75.3067
-75.3163
-75.3259
-75.3353
-75.3447
-72.155
-68.2329
-65.2476
-62.9475
-61.0634
-59.3206
-57.2809
-53.207
45.5892
-7.26754
-38.4157
-78.6671
-79.7284
-79.7103
-79.2079
-77.9031
-77.4029
-77.0916
-76.7919
-76.4834
-76.1647
-75.8379
-75.5061
-74.4938
-71.8028
-69.7747
-68.347
-67.2701
-66.4167
-65.717
-65.1302
-64.6311
-63.5808
-62.2216
-61.9811
-62.787
-63.4386
-64.7801
-65.8981
-66.6228
-67.1058
-67.441
-66.9138
-65.0278
-63.62
-62.6529
-62.2851
-63.0004
-63.6371
-64.1136
-64.4813
-65.5275
-67.0163
-68.5047
-69.4856
-70.133
-70.5767
-70.8917
-71.1227
-71.2975
-71.4336
-71.5428
-71.6327
-71.7088
-71.7747
-71.8332
-71.8861
-71.9349
-71.9805
-72.0238
-72.0653
-72.1055
-72.1446
-72.183
-72.2208
-72.2582
-72.2952
-72.332
-72.3685
-71.0594
-67.387
-64.4464
-62.2043
-60.3663
-58.6318
-56.4953
-51.5228
38.7706
-13.9551
-46.9034
-79.1717
-79.691
-79.6632
-78.4215
-77.6568
-77.3157
-77.0237
-76.7265
-76.4185
-76.1008
-75.7759
-75.4472
-75.1182
-73.5248
-70.6584
-68.56
-67.0471
-65.8979
-65.6682
-65.7904
-65.8562
-66.1093
-67.3679
-68.6227
-69.4352
-67.8722
-66.2198
-65.1595
-64.4665
-64.0004
-63.6813
-63.4625
-63.3157
-63.7255
-64.7445
-65.5498
-66.1556
-66.6215
-66.9881
-67.2833
-68.1413
-69.0596
-69.7381
-70.2434
-70.6286
-70.9286
-71.1669
-71.3749
-71.9025
-72.3752
-72.7302
-73.0015
-73.2131
-73.3811
-73.5168
-73.6282
-73.721
-73.7994
-73.8666
-73.9248
-73.9758
-74.0212
-74.0618
-74.0987
-74.1325
-74.1637
-74.1927
-74.2199
-74.2456
-74.2701
-74.2934
-74.3159
-74.3375
-74.3584
-74.3787
-74.3985
-74.4179
-74.4368
-74.4554
-74.4736
-74.4915
-74.5092
-74.5265
-74.5437
-74.5606
-74.5773
-74.5939
-74.6102
-74.6263
-74.6423
-74.6581
-74.6737
-74.6892
-74.7045
-74.7197
-74.7347
-74.7496
-74.7643
-74.7789
-74.7934
-74.8077
-74.8219
-74.836
-74.8499
-74.8637
-74.8774
-74.891
-74.9044
-74.9177
-74.9309
-74.944
-74.957
-74.9698
-74.9825
-74.9951
-75.0076
-75.02
-71.4422
-67.6457
-64.7716
-62.5428
-60.6882
-58.9132
-56.6791
-51.0219
35.4677
-15.2475
-49.4363
-78.9721
-78.8273
-78.6444
-78.4817
-78.3057
-78.1154
-77.9114
-77.6945
-77.466
-76.7569
-74.2797
-72.5388
-71.3974
-70.5409
-69.8404
-69.2384
-68.8729
-69.0466
-69.5928
-68.1018
-66.6839
-66.319
-66.4482
-66.5368
-66.5898
-66.6252
-66.6528
-66.6783
-66.7049
-66.7344
-66.9849
-67.817
-68.4868
-68.7082
-66.4924
-64.5898
-63.3343
-64.0956
-65.3798
-66.2183
-66.7639
-67.1354
-67.4007
-67.599
-67.754
-67.8804
-67.9877
-68.0821
-68.1678
-68.2477
-68.3238
-68.3975
-68.4696
-68.5411
-68.6122
-68.6833
-68.7545
-68.8261
-68.8981
-68.9704
-69.0432
-69.1163
-69.1897
-69.2634
-69.3372
-69.4111
-69.4851
-69.5591
-69.6329
-69.7065
-69.7799
-69.8529
-69.9255
-69.9976
-70.0691
-70.1401
-70.2105
-70.2801
-70.3491
-70.4174
-70.4849
-68.5834
-65.221
-62.5924
-60.501
-58.6038
-56.3598
-51.2817
38.0544
-14.727
-48.1083
-78.5371
-78.7978
-78.6586
-78.4998
-78.3267
-78.1399
-77.9399
-77.7276

