-70
-69.8623
-69.7285
-69.5983
-69.4718
-69.3487
-69.2291
-69.1128
-68.9997
-68.8897
-68.7828
-68.6789
-68.5778
-68.4795
-68.3839
-68.291
-68.2007
-68.1128
-68.0274
-67.9443
-67.8636
-67.7851
-67.7087
-67.6345
-67.5623
-67.4921
-67.4238
-67.3574
-67.2929
-67.2301
-67.1691
-67.1098
-67.0521
-66.996
-66.9414
-66.8884
-66.8368
-66.7866
-66.7378
-66.6904
-66.6443
-66.5994
-66.5558
-66.5133
-66.4721
-66.432
-66.393
-66.355
-66.3181
-66.2823
-66.2474
-66.2134
-66.1805
-66.1484
-66.1172
-66.0868
-66.0573
-66.0286
-66.0007
-65.9736
-65.9472
-65.9215
-65.8966
-65.8723
-65.8487
-65.8257
-65.8034
-65.7817
-65.7606
-65.74
-65.72
-65.7006
-65.6817
-65.6633
-65.6455
-65.6281
-65.6112
-65.5948
-65.5788
-65.5632
-65.5481
-65.5334
-65.5191
-65.5052
-65.4917
-65.4785
-65.4657
-65.4533
-65.4412
-65.4294
-65.418
-65.4068
-65.396
-65.3855
-65.3752
-65.3653
-65.3556
-65.3462
-65.337
-65.3281
-65.3194
-65.311
-65.3028
-65.2948
-65.2871
-65.2795
-65.2722
-65.2651
-65.2581
-65.2514
-65.2448
-65.2385
-65.2322
-65.2262
-65.2203
-65.2146
-65.2091
-65.2037
-65.1984
-65.1933
-65.1884
-65.1835
-65.1788
-65.1743
-65.1698
-65.1655
-65.1613
-65.1572
-65.1532
-65.1493
-65.1456
-65.1419
-65.1384
-65.1349
-65.1315
-65.1283
-65.1251
-65.122
-65.119
-65.1161
-65.1132
-65.1104
-65.1077
-65.1051
-65.1026
-65.1001
-65.0977
-65.0953
-65.0931
-65.0908
-65.0887
-65.0866
-65.0845
-65.0826
-65.0806
-65.0788
-65.0769
-65.0752
-65.0734
-65.0718
-65.0701
-65.0685
-65.067
-65.0655
-65.064
-65.0626
-65.0612
-65.0599
-65.0586
-65.0573
-65.0561
-65.0549
-65.0537
-65.0526
-65.0514
-65.0504
-65.0493
-65.0483
-65.0473
-65.0464
-65.0454
-65.0445
-65.0436
-65.0428
-65.0419
-65.0411
-65.0403
-65.0395
-65.0388
-65.0381
-65.0374
-65.0367
-65.036
-65.0353
-65.0347
-65.0341
-65.0335
-65.0329
-65.0323
-65.0318
-65.0313
-65.0307
-65.0302
-65.0297
-65.0293
-65.0288
-65.0283
-65.0279
-65.0275
-65.027
-65.0266
-65.0262
-65.0259
-65.0255
-65.0251
-65.0248
-65.0244
-65.0241
-65.0238
-65.0234
-65.0231
-65.0228
-65.0225
-65.0223
-65.022
-65.0217
-65.0215
-65.0212
-65.021
-65.0207
-65.0205
-65.0203
-65.02
-65.0198
-65.0196
-65.0194
-65.0192
-65.019
-65.0188
-65.0187
-65.0185
-65.0183
-65.0181
-65.018
-65.0178
-65.0177
-65.0175
-65.0174
-65.0172
-65.0171
-65.017
-65.0168
-65.0167
-65.0166
-65.0165
-65.0163
-65.0162
-65.0161
-65.016
-65.0159
-65.0158
-65.0157
-65.0156
-65.0155
-65.0154
-65.0153
-65.0153
-65.0152
-65.0151
-65.015
-65.0149
-65.0149
-65.0148
-65.0147
-65.0147
-65.0146
-65.0145
-65.0145
-65.0144
-65.0143
-65.0143
-65.0142
-65.0142
-65.0141
-65.0141
-65.014
-65.014
-65.0139
-65.0139
-65.0138
-65.0138
-65.0137
-65.0137
-65.0137
-65.0136
-65.0136
-65.0135
-65.0135
-65.0135
-65.0134
-65.0134
-65.0134
-65.0133
-65.0133
-65.0133
-65.0133
-65.0132
-65.0132
-65.0132
-65.0131
-65.0131
-65.0131
-65.0131
-65.0131
-65.013
-65.013
-65.013
-65.013
-65.0129
-65.0129
-65.0129
-65.0129
-65.0129
-65.0129
-65.0128
-65.0128
-65.0128
-65.0128
-65.0128
-65.0128
-65.0127
-65.0127
-65.0127
-65.0127
-65.0127
-65.0127
-65.0127
-65.0127
-65.0126
-65.0126
-65.0126
-65.0126
-65.0126
-65.0126
-65.0126
-65.0126
-65.0126
-65.0126
-65.0125
-65.0125
-65.0125
-65.0125
-65.0125
-65.0125
-65.0125
-65.0125
-65.0125
-65.0125
-65.0125
-65.0125
-65.0125
-65.0124
-65.0124
-65.0124
-65.0124
-65.0124
-65.0124
-65.0124
-65.0124
-65.0124
-65.0124
-65.0124
-65.0124
-65.0124
-65.0124
-65.0124
-65.0124
-65.0124
-65.0124
-65.0124
-65.0124
-65.0124
-65.0124
-65.0124
-65.0123
-65.0123
-65.0123
-65.0123
-65.0123
-65.0123
-65.0123
-65.0123
-65.0123
-65.0123
-65.0123
-65.0123
-65.0123
-65.0123
-65.0123
-65.0123
-65.0123
-65.0123
-65.0123
-65.0123
-65.0123
-65.0123
-65.0123
-65.0123
-65.0123
-65.0123
-65.0123
-65.0123
-65.0123
-65.0123
-65.0123
-65.0123
-65.0123
-65.0123
-65.0123
-65.0123
-65.0123
-65.0123
-65.0123
-65.0123
-65.0123
-65.0123
-65.0123
-65.0123
-65.0123
-65.0123
-65.0123
-65.0123
-65.0123
-65.0123
-65.0123
-65.0123
-65.0123
-65.0123
-65.0123
-65.0123
-65.0123
-65.0123
-65.0123
-65.0123
-65.0123
-65.0123
-65.0123
-65.0123
-65.0123
-65.0123
-65.0123
-65.0123
-65.0123
-65.0123
-65.0123
-65.0123
-65.0123
-65.0123
-61.4412
-58.7189
-56.7891
-55.4549
-54.4318
-53.6145
-52.9514
-52.4086
-51.962
-51.5929
-51.2878
-51.0358
-50.8283
-50.6589
-50.5221
-50.4134
-50.3301
-50.2695
-50.2294
-50.2081
-50.2043
-50.2166
-50.2441
-50.2859
-50.341
-50.4088
-50.4887
-50.58
-50.6823
-50.7949
-50.9173
-51.0489
-51.1889
-51.3372
-50.9739
-49.866
-49.1144
-48.5081
-48.0043
-47.5223
-47.0282
-46.4888
-45.8574
-45.0554
-43.9187
-41.982
-36.8916
28.8281
14.8201
-24.7682
-50.6194
-58.8894
-60.8463
-57.4786
-55.0464
-52.3212
-45.0688
-39.5318
-30.5591
11.9576
11.0143
-17.8766
-33.4319
-37.7871
-36.0614
-31.9511
-26.6985
-16.0783
2.50305
-11.8038
-27.1717
-32.4184
-32.5608
-29.6765
-25.5063
-17.67
-1.16937
-9.87575
-24.6063
-34.0775
-35.939
-34.7304
-31.7765
-26.5618
-13.4438
-1.10557
-18.9721
-35.0192
-41.9699
-43.8538
-43.3751
-43.0819
-44.171
-43.8524
-42.7428
-44.2057
-44.1959
-44.4864
-44.2005
-44.999
-46.7816
-47.0521
-46.5567
-45.8132
-44.8179
-45.7253
-46.2374
-45.8118
-44.8148
-42.9462
-40.75
-38.024
-23.3723
16.9227
-18.1923
-43.8173
-54.2144
-57.0486
-56.7978
-55.5034
-53.2862
-52.3677
-50.9506
-48.9961
-47.0893
-45.2897
-42.9028
-39.9608
-33.323
14.6753
9.35982
-20.6286
-41.1747
-48.1278
-46.1462
-41.1123
-35.0356
-26.6542
-2.90102
-0.229216
-20.4451
-33.4917
-37.4437
-35.7769
-32.0348
-27.067
-17.3105
1.2656
-15.8705
-35.1786
-44.4721
-49.681
-51.8447
-52.1108
-52.9424
-54.1463
-54.8279
-56.956
-58.2723
-59.9176
-62.0526
-62.7011
-63.1123
-63.9554
-64.7188
-65.2793
-65.7522
-66.2519
-66.39
-66.282
-65.9615
-66.363
-66.4616
-66.7414
-66.5427
-66.7287
-66.6786
-66.3847
-66.0203
-65.6123
-65.1728
-64.709
-64.2257
-63.7268
-63.2151
-62.6932
-62.1633
-61.6274
-61.0871
-60.5439
-59.9993
-60.3318
-60.4467
-60.9081
-60.8894
-60.7121
-60.4564
-60.1482
-59.8023
-59.4284
-59.0337
-58.6235
-58.2018
-57.772
-57.3364
-56.897
-56.4553
-56.0124
-55.5689
-55.1253
-54.6817
-54.2379
-53.7934
-53.3474
-52.899
-52.4464
-51.9878
-51.5206
-51.0415
-50.5462
-50.0292
-49.4822
-48.8948
-48.25
-47.2196
-44.964
-42.2932
-37.0874
16.679
19.4895
-17.6331
-45.1796
-56.1742
-57.9139
-56.6575
-53.3667
-47.9833
-43.5628
-39.1076
-30.9858
8.32388
9.38634
-17.0067
-32.0344
-37.4188
-36.3863
-32.8907
-27.9954
-18.1614
2.60139
-8.07985
-25.8051
-35.473
-36.6011
-34.4788
-31.2838
-26.404
-13.4362
1.53677
-14.6433
-31.3432
-39.8091
-40.9484
-40.6631
-39.0066
-37.7722
-34.1495
-26.5827
3.32763
-6.10831
-29.9955
-44.2791
-49.7735
-50.1792
-50.0655
-48.8974
-47.7454
-50.2396
-51.8673
-52.2313
-51.846
-51.5559
-51.3998
-51.6636
-51.3536
-50.6729
-49.6749
-48.7249
-47.7649
-46.6715
-45.4015
-45.2792
-45.9908
-45.9377
-45.2033
-44.1165
-42.3295
-39.0226
-23.7878
26.2728
-12.6516
-42.2435
-56.2536
-58.6518
-59.6597
-59.2483
-58.136
-56.7737
-55.0293
-52.9919
-51.3282
-49.5035
-47.2245
-44.5873
-41.1294
-35.1941
-0.506536
15.6384
-16.7083
-39.5764
-48.6627
-47.4747
-42.7019
-36.3194
-27.2002
0.478841
-0.767195
-23.8149
-38.0916
-43.125
-42.8127
-40.3802
-38.1998
-35.7558
-32.7219
-22.3505
3.80153
-16.7726
-37.4863
-50.2868
-54.0885
-54.9079
-54.1651
-54.0581
-55.1211
-55.1855
-55.6788
-56.8137
-57.7333
-58.8397
-59.9142
-61.0255
-62.2074
-62.2438
-63.0104
-63.3797
-63.1993
-62.8719
-62.4678
-61.8668
-61.2829
-61.3068
-61.5612
-61.3915
-62.6897
-63.0632
-62.9745
-62.7434
-62.9838
-63.4942
-63.4327
-63.2129
-63.0831
-63.3094
-63.1559
-63.4727
-63.4629
-63.2633
-62.9888
-62.6662
-62.4885
-62.7771
-62.6705
-62.4424
-62.1579
-61.8362
-61.9965
-62.1984
-62.0984
-61.9035
-61.654
-61.3675
-61.0542
-60.7213
-60.3741
-60.0166
-59.6518
-59.2825
-58.9106
-58.5376
-58.165
-57.7937
-57.4245
-57.058
-56.6946
-56.3345
-55.978
-55.6249
-55.2752
-54.9288
-54.5851
-54.2439
-53.9047
-53.5668
-53.2293
-52.8918
-52.5528
-52.2112
-51.8659
-51.5149
-51.1561
-50.7874
-50.4053
-50.006
-49.4744
-48.8066
-47.931
-46.9093
-43.8671
-36.7781
12.4598
20.7915
-15.955
-43.3466
-54.6315
-54.2507
-51.4852
-48.523
-44.6052
-41.0058
-37.0085
-28.3935
14.7353
2.25418
-20.9647
-35.7857
-40.1455
-37.9133
-34.2388
-28.3268
-18.1843
4.4191
-8.87526
-28.1338
-38.6725
-40.1017
-38.2826
-35.4404
-31.3421
-22.075
4.2525
-4.6985
-25.1624
-38.433
-42.3986
-42.3108
-41.0407
-39.792
-38.761
-36.5798
-31.8765
-10.4534
4.14403
-24.1352
-44.7288
-53.2344
-54.0087
-54.3147
-55.3078
-55.1816
-56.8048
-58.4047
-58.5589
-58.8651
-59.1594
-58.7179
-58.1526
-57.5714
-56.97
-56.2346
-55.4732
-54.5683
-53.7478
-52.8835
-51.9493
-51.075
-50.3614
-50.9244
-50.7275
-51.6289
-51.8056
-51.6535
-52.2567
-52.2321
-53.1073
-53.94
-53.6954
-53.9254
-53.9539
-53.8362
-53.0083
-52.0562
-51.2128
-50.4062
-49.5714
-48.5324
-47.2331
-45.3052
-42.7204
-38.3495
-11.4537
25.1985
-13.3507
-41.6206
-54.3121
-54.5636
-50.6048
-45.9927
-40.7564
-34.2955
-19.8608
15.7536
-5.78894
-27.5071
-39.7053
-40.753
-37.7277
-33.6657
-27.824
-15.649
5.03046
-12.3115

