-70
-69.8623
-69.7285
-69.5983
-69.4718
-69.3487
-69.2291
-69.1128
-68.9997
-68.8897
-68.7828
-68.6789
-68.5778
-68.4795
-68.3839
-68.291
-68.2007
-68.1128
-68.0274
-67.9443
-67.8636
-67.7851
-67.7087
-67.6345
-67.5623
-67.4921
-67.4238
-67.3574
-67.2929
-67.2301
-67.1691
-67.1098
-67.0521
-66.996
-66.9414
-66.8884
-66.8368
-66.7866
-66.7378
-66.6904
-66.6443
-66.5994
-66.5558
-66.5133
-66.4721
-66.432
-66.393
-66.355
-66.3181
-66.2823
-66.2474
-66.2134
-66.1805
-66.1484
-66.1172
-66.0868
-66.0573
-66.0286
-66.0007
-65.9736
-65.9472
-65.9215
-65.8966
-65.8723
-65.8487
-65.8257
-65.8034
-65.7817
-65.7606
-65.74
-65.72
-65.7006
-65.6817
-65.6633
-65.6455
-65.6281
-65.6112
-65.5948
-65.5788
-65.5632
-65.5481
-65.5334
-65.5191
-65.5052
-65.4917
-65.4785
-65.4657
-65.4533
-65.4412
-65.4294
-65.418
-65.4068
-65.396
-65.3855
-65.3752
-65.3653
-65.3556
-65.3462
-65.337
-65.3281
-65.3194
-65.311
-65.3028
-65.2948
-65.2871
-65.2795
-65.2722
-65.2651
-65.2581
-65.2514
-65.2448
-65.2385
-65.2322
-65.2262
-65.2203
-65.2146
-65.2091
-65.2037
-65.1984
-65.1933
-65.1884
-65.1835
-65.1788
-65.1743
-65.1698
-65.1655
-65.1613
-65.1572
-65.1532
-65.1493
-65.1456
-65.1419
-65.1384
-65.1349
-65.1315
-65.1283
-65.1251
-65.122
-65.119
-65.1161
-65.1132
-65.1104
-65.1077
-65.1051
-65.1026
-65.1001
-65.0977
-65.0953
-65.0931
-65.0908
-65.0887
-65.0866
-65.0845
-65.0826
-65.0806
-65.0788
-65.0769
-65.0752
-65.0734
-65.0718
-65.0701
-65.0685
-65.067
-65.0655
-65.064
-65.0626
-65.0612
-65.0599
-65.0586
-65.0573
-65.0561
-65.0549
-65.0537
-65.0526
-65.0514
-65.0504
-65.0493
-65.0483
-65.0473
-65.0464
-65.0454
-65.0445
-65.0436
-65.0428
-65.0419
-65.0411
-65.0403
-65.0395
-65.0388
-65.0381
-65.0374
-65.0367
-65.036
-65.0353
-65.0347
-65.0341
-65.0335
-65.0329
-65.0323
-65.0318
-65.0313
-65.0307
-65.0302
-65.0297
-65.0293
-65.0288
-65.0283
-65.0279
-65.0275
-65.027
-65.0266
-65.0262
-65.0259
-65.0255
-65.0251
-65.0248
-65.0244
-65.0241
-65.0238
-65.0234
-65.0231
-65.0228
-65.0225
-65.0223
-65.022
-65.0217
-65.0215
-65.0212
-65.021
-65.0207
-65.0205
-65.0203
-65.02
-65.0198
-65.0196
-65.0194
-65.0192
-65.019
-65.0188
-65.0187
-65.0185
-65.0183
-65.0181
-65.018
-65.0178
-65.0177
-65.0175
-65.0174
-65.0172
-65.0171
-65.017
-65.0168
-65.0167
-65.0166
-65.0165
-65.0163
-65.0162
-65.0161
-65.016
-65.0159
-65.0158
-65.0157
-65.0156
-65.0155
-65.0154
-65.0153
-65.0153
-65.0152
-65.0151
-65.015
-65.0149
-65.0149
-65.0148
-65.0147
-65.0147
-65.0146
-65.0145
-65.0145
-65.0144
-65.0143
-65.0143
-65.0142
-65.0142
-65.0141
-65.0141
-65.014
-65.014
-65.0139
-65.0139
-65.0138
-65.0138
-65.0137
-65.0137
-65.0137
-65.0136
-65.0136
-65.0135
-65.0135
-65.0135
-65.0134
-65.0134
-65.0134
-65.0133
-65.0133
-65.0133
-65.0133
-65.0132
-65.0132
-65.0132
-65.0131
-65.0131
-65.0131
-65.0131
-65.0131
-65.013
-65.013
-65.013
-65.013
-65.0129
-65.0129
-65.0129
-65.0129
-65.0129
-65.0129
-65.0128
-65.0128
-65.0128
-65.0128
-65.0128
-65.0128
-65.0127
-65.0127
-65.0127
-65.0127
-65.0127
-65.0127
-65.0127
-65.0127
-65.0126
-65.0126
-65.0126
-65.0126
-65.0126
-65.0126
-65.0126
-65.0126
-65.0126
-65.0126
-65.0125
-65.0125
-65.0125
-65.0125
-65.0125
-65.0125
-65.0125
-65.0125
-65.0125
-65.0125
-65.0125
-65.0125
-65.0125
-65.0124
-65.0124
-65.0124
-65.0124
-65.0124
-65.0124
-65.0124
-65.0124
-65.0124
-65.0124
-65.0124
-65.0124
-65.0124
-65.0124
-65.0124
-65.0124
-65.0124
-65.0124
-65.0124
-65.0124
-65.0124
-65.0124
-65.0124
-65.0123
-65.0123
-65.0123
-65.0123
-65.0123
-65.0123
-65.0123
-65.0123
-65.0123
-65.0123
-65.0123
-65.0123
-65.0123
-65.0123
-65.0123
-65.0123
-65.0123
-65.0123
-65.0123
-65.0123
-65.0123
-65.0123
-65.0123
-65.0123
-65.0123
-65.0123
-65.0123
-65.0123
-65.0123
-65.0123
-65.0123
-65.0123
-65.0123
-65.0123
-65.0123
-65.0123
-65.0123
-65.0123
-65.0123
-65.0123
-65.0123
-65.0123
-65.0123
-65.0123
-65.0123
-65.0123
-65.0123
-65.0123
-65.0123
-65.0123
-65.0123
-65.0123
-65.0123
-65.0123
-65.0123
-65.0123
-65.0123
-65.0123
-65.0123
-65.0123
-65.0123
-65.0123
-65.0123
-65.0123
-65.0123
-65.0123
-65.0123
-65.0123
-65.0123
-65.0123
-65.0123
-65.0123
-65.0123
-65.0123
-64.7657
-64.5631
-64.4124
-64.305
-64.2215
-64.1548
-64.1013
-64.0585
-64.0247
-63.9986
-63.9789
-63.9648
-63.9553
-63.9499
-63.9479
-63.9489
-63.9525
-63.9582
-63.9658
-63.975
-63.9855
-63.9972
-64.0098
-64.0233
-64.0374
-64.052
-64.0671
-64.0826
-64.0983
-64.1142
-64.1302
-64.1463
-64.1624
-64.1784
-64.0909
-63.8571
-63.704
-63.5923
-63.5149
-63.4565
-63.4123
-63.3796
-63.3565
-63.3413
-63.3327
-63.3299
-63.3318
-63.3377
-63.3472
-63.3595
-63.3743
-63.3912
-63.3588
-63.2071
-63.1087
-62.9263
-61.989
-61.3215
-60.6967
-60.1486
-59.6572
-58.646
-57.7602
-56.9216
-56.234
-55.5351
-54.9571
-54.5221
-54.0317
-53.5714
-53.1919
-52.6742
-52.2958
-51.9198
-51.6217
-51.3944
-51.1733
-50.9504
-50.751
-50.6037
-50.4907
-50.3776
-50.298
-50.2096
-50.1548
-50.0551
-49.9836
-49.9054
-49.8197
-49.7689
-49.7423
-49.7369
-49.7417
-49.7245
-49.7324
-49.7582
-49.7716
-49.7916
-49.8316
-49.8179
-49.8043
-49.7529
-49.684
-49.6558
-49.6272
-49.6067
-49.6103
-49.6271
-49.6046
-49.5714
-49.5463
-49.5491
-49.5494
-49.5542
-49.579
-49.62
-49.6692
-49.6961
-49.7017
-49.732
-49.7823
-49.797
-49.7991
-49.7835
-49.8007
-49.8402
-49.8981
-49.8948
-49.7389
-49.5661
-49.3886
-49.2674
-49.0738
-48.7947
-48.487
-48.0772
-47.5701
-46.916
-46.0321
-44.9649
-43.3893
-40.6132
-30.8874
40.8838
-1.59488
-34.4842
-53.7732
-58.8582
-60.1269
-60.3845
-60.2918
-60.0719
-59.84
-59.6219
-59.4042
-59.2302
-59.0924
-58.9878
-58.9103
-58.8559
-58.7917
-58.7401
-58.7126
-58.7046
-58.712
-58.7315
-58.7613
-58.7998
-58.8457
-58.898
-58.9557
-59.0181
-59.0844
-59.154
-59.2263
-59.3011
-59.3777
-59.4558
-59.5351
-59.6153
-59.696
-59.777
-59.8582
-59.9392
-60.02
-60.1005
-60.1804
-60.2597
-60.3383
-60.4161
-60.493
-60.5689
-60.6439
-60.7178
-60.7907
-60.8624
-60.933
-61.0024
-61.0706
-61.1376
-61.2034
-61.2681
-61.3315
-61.3936
-61.4546
-61.5144
-61.573
-61.6305
-61.6867
-61.7418
-61.7958
-61.8486
-61.9003
-61.951
-62.0005
-62.049
-62.0964
-62.1428
-62.1882
-62.2326
-62.276
-62.3185
-62.36
-62.4006
-62.4075
-62.2764
-62.1956
-62.1434
-62.1152
-62.1
-62.0466
-62.0024
-61.9763
-61.9643
-61.8772
-61.5504
-61.1268
-60.8172
-60.5067
-59.9763
-59.1068
-57.8702
-56.9034
-55.8761
-55.0787
-54.4807
-53.9267
-53.4952
-52.9751
-52.5791
-52.2758
-52.0483
-51.8756
-51.7062
-51.5107
-51.3759
-51.2841
-51.1868
-51.0791
-50.9599
-50.8416
-50.7699
-50.7341
-50.6961
-50.6558
-50.5775
-50.5393
-50.5324
-50.5532
-50.5089
-50.3379
-50.1884
-50.0723
-49.9936
-49.9167
-49.8691
-49.7887
-49.7236
-49.6377
-49.511
-49.4102
-49.3436
-49.3029
-49.2814
-49.2334
-49.1936
-49.0804
-48.9674
-48.8852
-48.8255
-48.7809
-48.7467
-48.7211
-48.7033
-48.6627
-48.6304
-48.6073
-48.5924
-48.5833
-48.5792
-48.5795
-48.5837
-48.5917
-48.5677
-48.5155
-48.4386
-48.3695
-48.1233
-47.8146
-47.5087
-47.1698
-46.7187
-46.1226
-45.3708
-44.2856
-42.5163
-38.46
3.3564
24.0249
-20.7806
-49.6898
-59.7817
-62.304
-62.7848
-62.4286
-61.7402
-60.9524
-60.2275
-59.5797
-59.0683
-58.665
-58.3319
-58.0527
-57.8348
-57.6074
-57.4276
-57.2958
-57.1718
-56.9312
-56.7369
-56.6
-56.4948
-56.3718
-56.3008
-56.2642
-56.2572
-56.2465
-56.2127
-56.2133
-56.2376
-56.2823
-56.3414
-56.4121
-56.4927
-56.5814
-56.677
-56.7784
-56.8846
-56.9949
-57.1084
-57.2246
-57.3429
-57.4628
-57.5838
-57.7056
-57.8278
-57.9499
-58.0719
-58.1934
-58.3142
-58.4342
-58.5533
-58.6712
-58.7878
-58.9031
-59.017
-59.1293
-59.2399
-59.3489
-59.4562
-59.5618
-59.6656
-59.7676
-59.8678
-59.9661
-60.0626
-60.1573
-60.2501
-60.3411
-60.4302
-60.5175
-60.6031
-60.6868
-60.7688
-60.8491
-60.9276
-61.0044
-61.0796
-61.1531
-61.2249
-61.2952
-61.3639
-61.4311
-61.4967
-61.5609
-61.6236
-61.6849
-61.7447
-61.8033
-61.8604
-61.9163
-61.9709
-62.0242
-62.0762
-62.1271
-62.1768
-62.2253
-62.2727
-62.319
-62.3642
-62.4084
-62.4515
-62.4937
-62.5348
-62.5316
-62.5292
-62.537
-62.5486
-62.3611
-61.9747
-61.7162
-61.5103
-61.3101
-61.1315
-61.0024
-60.9087
-60.8223
-60.7222
-60.3492
-60.0813
-59.8827
-59.4271
-57.9745
-56.5582
-55.5511
-54.8299
-54.2713
-53.7566
-53.3524
-52.9172
-52.586
-52.3324
-52.1241
-51.9549
-51.833
-51.7496
-51.6746
-51.6267
-51.4963
-51.2298
-51.0374
-50.8686
-50.6728
-50.5371
-50.4447
-50.3714
-50.3156
-50.2837
-50.2451
-50.2039
-50.1868
-50.0551
-49.7616
-49.5073
-49.2909
-49.1314
-49.0041
-48.8555
-48.6975
-48.5636
-48.4451
-48.3371
-48.2344
-48.1332
-48.0199
-47.8839
-47.7129
-47.5281
-47.3285
-47.0667
-46.7306
-46.3365
-45.8407
-45.1672
-44.1659
-42.4231
-38.0275
16.4377
19
-24.5289
-53.2941
-62.6508
-65.2883
-66.1625
-66.4752
-66.5386
-66.4317
-66.2898
-66.0936
-65.9274
-65.7861
-65.665
-65.5576
-65.4611
-65.3739
-65.2947
-65.2223
-65.0631
-64.9202
-64.8039
-64.6943
-64.5614
-64.4116
-64.1512
-63.7227
-63.1745
-62.5012
-61.7107
-61.0548
-60.4934
-59.8896
-59.1281
-58.3492
-57.5522
-56.7529
-56.1347
-55.6106
-55.2229
-54.8912
-54.637
-54.4431
-54.2184

