-70
-70.0758
-70.1508
-70.225
-70.2983
-70.3706
-70.4419
-70.5122
-70.5814
-70.6496
-70.7168
-70.7829
-70.848
-70.9121
-70.9752
-71.0373
-71.0984
-71.1586
-71.2178
-71.2761
-71.3334
-71.3899
-71.4455
-71.5003
-71.5543
-71.6074
-71.6598
-71.7114
-71.7623
-71.8124
-71.8619
-71.9106
-71.9587
-72.006
-72.0527
-72.0988
-72.1442
-72.1889
-72.2331
-72.2766
-72.3196
-72.362
-72.4038
-72.445
-72.4857
-72.5258
-72.5654
-72.6045
-72.6431
-72.6812
-72.7188
-72.756
-72.7927
-72.8289
-72.8647
-72.9
-72.9349
-72.9694
-73.0035
-73.0371
-73.0704
-73.1032
-73.1357
-73.1678
-73.1994
-73.2307
-73.2617
-73.2922
-73.3224
-73.3523
-73.3817
-73.4109
-73.4397
-73.4682
-73.4963
-73.5241
-73.5516
-73.5788
-73.6057
-73.6323
-73.6585
-73.6845
-73.7102
-73.7356
-73.7608
-73.7857
-73.8103
-73.8346
-73.8587
-73.8825
-73.9061
-73.9294
-73.9524
-73.9753
-73.9979
-74.0202
-74.0423
-74.0642
-74.0859
-74.1073
-74.1285
-74.1495
-74.1703
-74.1909
-74.2112
-74.2313
-74.2513
-74.271
-74.2905
-74.3098
-74.329
-74.3479
-74.3666
-74.3852
-74.4036
-74.4217
-74.4397
-74.4575
-74.4752
-74.4926
-74.5099
-74.527
-74.544
-74.5607
-74.5774
-74.5938
-74.6101
-74.6262
-74.6422
-74.658
-74.6736
-74.6891
-74.7045
-74.7197
-74.7347
-74.7496
-74.7644
-74.779
-74.7935
-74.8079
-74.8221
-74.8362
-74.8501
-74.864
-74.8777
-74.8913
-74.9047
-74.918
-74.9313
-74.9443
-74.9573
-74.9701
-74.9829
-74.9955
-75.008
-75.0204
-75.0327
-75.0448
-75.0569
-75.0688
-75.0806
-75.0924
-75.104
-75.1155
-75.1269
-75.1382
-75.1495
-75.1606
-75.1716
-75.1825
-75.1933
-75.204
-75.2147
-75.2252
-75.2356
-75.246
-75.2562
-75.2664
-75.2764
-75.2864
-75.2963
-75.3061
-75.3158
-75.3255
-75.335
-75.3445
-75.3538
-75.3631
-75.3724
-75.3815
-75.3906
-75.3995
-75.4084
-75.4172
-75.426
-75.4346
-75.4432
-75.4518
-75.4602
-75.4686
-75.4769
-75.4851
-75.4932
-75.5013
-75.5093
-75.5173
-75.5251
-75.533
-75.5407
-75.5484
-75.556
-75.5635
-75.571
-75.5784
-75.5858
-75.593
-75.6003
-75.6074
-75.6145
-75.6216
-75.6285
-75.6355
-75.6423
-75.6491
-75.6559
-75.6626
-75.6692
-75.6758
-75.6823
-75.6888
-75.6952
-75.7015
-75.7078
-75.7141
-75.7203
-75.7264
-75.7325
-75.7386
-75.7446
-75.7505
-75.7564
-75.7622
-75.768
-75.7738
-75.7795
-75.7851
-75.7907
-75.7963
-75.8018
-75.8072
-75.8127
-75.818
-75.8234
-75.8287
-75.8339
-75.8391
-75.8443
-75.8494
-75.8545
-75.8595
-75.8645
-75.8695
-75.8744
-75.8793
-75.8841
-75.8889
-75.8937
-75.8984
-75.9031
-75.9077
-75.9123
-75.9169
-75.9214
-75.9259
-75.9304
-75.9348
-75.9392
-75.9436
-75.9479
-75.9522
-75.9565
-75.9607
-75.9649
-75.969
-75.9731
-75.9772
-75.9813
-75.9853
-75.9893
-75.9933
-75.9972
-76.0011
-76.005
-76.0088
-76.0126
-76.0164
-76.0201
-76.0239
-76.0275
-76.0312
-76.0348
-76.0384
-76.042
-76.0456
-76.0491
-76.0526
-76.056
-76.0595
-76.0629
-76.0663
-76.0696
-76.0729
-76.0762
-76.0795
-76.0828
-76.086
-76.0892
-76.0924
-76.0955
-76.0986
-76.1017
-76.1048
-76.1079
-76.1109
-76.1139
-76.1169
-76.1198
-76.1228
-76.1257
-76.1286
-76.1314
-76.1343
-76.1371
-76.1399
-76.1427
-76.1455
-76.1482
-76.1509
-76.1536
-76.1563
-76.1589
-76.1615
-76.1642
-76.1667
-76.1693
-76.1719
-76.1744
-76.1769
-76.1794
-76.1819
-76.1843
-76.1868
-76.1892
-76.1916
-76.1939
-76.1963
-76.1986
-76.201
-76.2033
-76.2056
-76.2078
-76.2101
-76.2123
-76.2145
-76.2167
-76.2189
-76.2211
-76.2232
-76.2254
-76.2275
-76.2296
-76.2317
-76.2337
-76.2358
-76.2378
-76.2398
-76.2418
-76.2438
-76.2458
-76.2478
-76.2497
-76.2516
-76.2536
-76.2554
-76.2573
-76.2592
-76.2611
-76.2629
-76.2647
-76.2665
-76.2683
-76.2701
-76.2719
-76.2737
-76.2754
-76.2771
-76.2788
-76.2806
-76.2822
-76.2839
-76.2856
-76.2872
-76.2889
-76.2905
-76.2921
-76.2937
-76.2953
-76.2969
-76.2985
-76.3
-76.3016
-76.3031
-76.3046
-76.3061
-76.3076
-76.3091
-76.3106
-76.312
-76.3135
-76.3149
-76.3164
-76.3178
-76.3192
-76.3206
-76.322
-76.3233
-76.3247
-76.3261
-76.3274
-76.3287
-76.33
-76.3314
-76.3327
-76.334
-76.3352
-76.3365
-76.3378
-76.339
-76.3403
-76.3415
-76.3427
-76.3439
-76.3452
-76.3464
-76.3475
-76.3487
-76.3499
-76.351
-76.3522
-76.3533
-76.3545
-76.3556
-76.3567
-76.3578
-76.3589
-76.36
-76.3611
-76.3622
-76.3632
-76.3643
-76.3654
-76.3664
-76.3674
-76.3685
-76.3695
-76.3705
-76.3715
-76.3725
-76.3735
-76.3745
-76.3754
-76.3764
-76.3774
-76.3783
-76.3793
-76.3802
-76.3811
-76.382
-76.383
-76.3839
-76.3848
-76.3857
-76.3866
-76.3874
-76.3883
-76.3892
-76.39
-76.3909
-76.3917
-76.3926
-76.3934
-76.3943
-76.3951
-76.3959
-76.3967
-76.3975
-76.3983
-76.3991
-76.3999
-75.9759
-71.7835
-67.9998
-65.1512
-62.9411
-61.1178
-59.4221
-57.4417
-53.6086
46.342
-5.09883
-36.4406
-78.4022
-79.7416
-79.7277
-79.6933
-79.6545
-79.6119
-79.4263
-76.9333
-75.5056
-74.7403
-74.1734
-73.6764
-73.2109
-72.7654
-72.3374
-71.9279
-71.5388
-71.1719
-70.8293
-70.5123
-70.2218
-69.9582
-69.7217
-69.5119
-69.3279
-69.1689
-69.0335
-68.9206
-68.9526
-70.1683
-71.6851
-71.1603
-68.8893
-67.4518
-66.5953
-66.0665
-65.7329
-65.522
-65.3919
-65.3174
-65.2825
-65.6514
-66.669
-67.4631
-66.9168
-65.0186
-63.6449
-62.7025
-62.0267
-61.5234
-61.1335
-60.8241
-60.5724
-60.3601
-60.1776
-60.0188
-59.8792
-59.7555
-59.6447
-59.5418
-59.4443
-59.3507
-59.2596
-59.1697
-59.08
-58.9893
-58.8964
-58.8
-58.6986
-58.5904
-58.47
-58.3294
-58.1611
-57.9541
-57.6931
-57.3534
-56.8738
-56.1387
-53.7143
-41.5191
8.00449
-29.4049
-72.4113
-79.0161
-79.0955
-78.9968
-78.8797
-78.7522
-76.9444
-75.5083
-74.7251
-74.152
-73.6512
-73.1823
-72.7333
-72.3016
-71.8882
-69.7097
-67.2202
-66.2546
-67.3223
-68.023
-68.3935
-68.5961
-68.7098
-68.7754
-68.8149
-68.8408
-68.8603
-69.1929
-69.8551
-70.3454
-71.0565
-71.6982
-72.1378
-72.4451
-72.6669
-72.8319
-72.958
-73.0569
-73.1365
-73.2022
-73.2575
-73.3052
-73.3472
-73.3848
-73.4191
-73.4508
-73.4806
-73.5088
-73.5358
-73.5619
-73.5873
-73.6121
-73.6364
-73.6603
-73.684
-73.7074
-73.7306
-73.7536
-73.7765
-73.7992
-73.8218
-73.8443
-73.8667
-73.8889
-73.911
-73.933
-73.9549
-73.9766
-73.9982
-74.0196
-74.0409
-74.0621
-74.0831
-74.1039
-74.1246
-74.1452
-74.1655
-74.1857
-74.2058
-74.2256
-74.2453
-74.2648
-74.2842
-74.3034
-72.4676
-68.4967
-65.3648
-62.9698
-61.0246
-59.2403
-57.1622
-52.9723
44.8889
-8.36263
-39.5283
-78.7627
-79.7144
-79.6938
-79.6551
-79.6119
-79.5644
-79.5125
-79.4563
-79.396
-76.4303
-74.1344
-72.7859
-71.8517
-71.1173
-70.4951
-69.9464
-69.4531
-67.8627
-65.4779
-63.6428
-62.2272
-61.0576
-60.004
-58.9396
-57.6738
-55.607
-46.6451
20.7322
-22.7188
-64.9608
-79.1183
-79.0387
-78.8991
-78.7756
-78.407
-76.8913
-76.1545
-75.735
-75.3745
-75.0274
-74.6858
-74.3496
-74.0211
-73.7028
-73.3971
-73.1061
-72.8318
-72.5755
-72.3382
-72.1203
-71.9223
-71.7439
-71.5847
-71.4442
-71.5567
-71.8748
-72.1283
-72.3231
-72.476
-72.5984
-72.6985
-72.7818
-72.8525
-72.9136
-72.9674
-73.0155
-73.0592
-73.0995
-73.137
-73.1724
-73.206
-73.2383
-73.2694
-69.9607
-66.4719
-63.8488
-61.8099
-60.0817
-58.3591
-56.0217
-48.5648
26.3433
-20.0301
-59.7299
-79.5208
-79.7074
-78.945
-78.0593
-77.7236
-77.4638
-77.1981
-76.9197
-76.6291
-76.3288
-76.0215
-75.7104
-73.8893
-71.1904
-69.2844
-67.9153
-66.8705
-66.0376
-65.3531
-64.7792
-64.2911
-63.8735
-62.4339
-61.493
-61.066
-62.8848
-64.5181
-65.5449
-66.2036
-66.6435
-66.9499
-67.1726
-67.3421
-67.4769
-67.5888
-67.6856
-67.7724
-67.8527
-67.929
-68.0029
-68.0755
-68.1476
-68.2198
-68.2925
-68.3658
-68.4398
-68.5147
-68.5904
-68.6668
-68.7438
-68.8214
-68.8995
-68.9779
-69.0565
-69.1352
-69.2139
-69.2926
-69.3711
-69.5112
-70.2059
-70.8541
-71.3674
-71.779
-72.1133
-72.388
-72.6162
-72.8077
-72.9699
-73.1086
-73.2282
-73.3321
-73.4231
-73.5034
-73.5748
-73.6388
-73.6964
-73.7487
-73.7966
-73.8405
-73.8812
-73.919
-73.9544
-73.9876
-74.0191
-74.0489
-74.0774
-74.1046
-74.1307
-74.1559
-74.1803
-74.2038
-74.2267
-74.249
-74.2708
-74.292
-74.3128
-74.3332
-74.3532
-74.3728
-74.3922
-74.4112
-74.4299
-74.4483
-74.4665
-74.4844
-74.5021
-73.4413
-69.3971
-66.0503
-63.5129
-61.4898
-59.7025
-57.7741
-54.5934
2.76548
3.1295
-30.8394
-76.375
-79.6992
-79.7046
-79.6678
-79.626
-78.199
-76.9086
-76.3358
-75.9239
-75.5408
-75.1609
-74.7801
-74.4
-74.0236
-72.266
-69.6281
-67.7013
-66.2917
-65.2088
-64.3446
-63.6338
-63.0343
-62.5186
-61.1805
-59.0604
-56.7928
-52.6681
45.0341
-8.99057
-40.11
-78.4588
-79.4233
-78.5539
-77.9131
-77.6399
-77.4039
-77.1614
-76.9101
-76.6519
-76.3889
-76.1198
-75.8581
-75.618
-75.3923
-74.8668
-71.8796
-69.5712
-68.0828
-67.0625
-66.3268
-65.7758
-65.3517
-65.0201
-64.7583
-64.5518
-64.3911
-64.2689
-64.1802
-64.1207
-64.0869
-64.076
-64.0859
-64.1146
-64.1602
-64.2209
-64.2951
-64.3812
-64.4779
-64.5838
-64.6977
-64.8185
-64.9453
-65.0771
-65.213
-65.3522
-65.4936
-65.6365
-65.7804
-65.9247
-66.0691
-66.2132
-64.7225
-61.9835
-59.744
-57.6997
-55.1068
-46.6059
19.7564
-23.677
-66.2031
-79.386
-79.5452
-79.4956
-79.4338
-79.3656
-79.2914
-79.2114
-78.4862
-75.5989
-73.8071
-72.7159
-71.9172
-71.262
-70.69
-70.1753
-69.7061
-68.8938
-66.3676
-64.2226
-62.6073
-61.3095

