-70
-69.8623
-69.7285
-69.5983
-69.4718
-69.3487
-69.2291
-69.1128
-68.9997
-68.8897
-68.7828
-68.6789
-68.5778
-68.4795
-68.3839
-68.291
-68.2007
-68.1128
-68.0274
-67.9443
-67.8636
-67.7851
-67.7087
-67.6345
-67.5623
-67.4921
-67.4238
-67.3574
-67.2929
-67.2301
-67.1691
-67.1098
-67.0521
-66.996
-66.9414
-66.8884
-66.8368
-66.7866
-66.7378
-66.6904
-66.6443
-66.5994
-66.5558
-66.5133
-66.4721
-66.432
-66.393
-66.355
-66.3181
-66.2823
-66.2474
-66.2134
-66.1805
-66.1484
-66.1172
-66.0868
-66.0573
-66.0286
-66.0007
-65.9736
-65.9472
-65.9215
-65.8966
-65.8723
-65.8487
-65.8257
-65.8034
-65.7817
-65.7606
-65.74
-65.72
-65.7006
-65.6817
-65.6633
-65.6455
-65.6281
-65.6112
-65.5948
-65.5788
-65.5632
-65.5481
-65.5334
-65.5191
-65.5052
-65.4917
-65.4785
-65.4657
-65.4533
-65.4412
-65.4294
-65.418
-65.4068
-65.396
-65.3855
-65.3752
-65.3653
-65.3556
-65.3462
-65.337
-65.3281
-65.3194
-65.311
-65.3028
-65.2948
-65.2871
-65.2795
-65.2722
-65.2651
-65.2581
-65.2514
-65.2448
-65.2385
-65.2322
-65.2262
-65.2203
-65.2146
-65.2091
-65.2037
-65.1984
-65.1933
-65.1884
-65.1835
-65.1788
-65.1743
-65.1698
-65.1655
-65.1613
-65.1572
-65.1532
-65.1493
-65.1456
-65.1419
-65.1384
-65.1349
-65.1315
-65.1283
-65.1251
-65.122
-65.119
-65.1161
-65.1132
-65.1104
-65.1077
-65.1051
-65.1026
-65.1001
-65.0977
-65.0953
-65.0931
-65.0908
-65.0887
-65.0866
-65.0845
-65.0826
-65.0806
-65.0788
-65.0769
-65.0752
-65.0734
-65.0718
-65.0701
-65.0685
-65.067
-65.0655
-65.064
-65.0626
-65.0612
-65.0599
-65.0586
-65.0573
-65.0561
-65.0549
-65.0537
-65.0526
-65.0514
-65.0504
-65.0493
-65.0483
-65.0473
-65.0464
-65.0454
-65.0445
-65.0436
-65.0428
-65.0419
-65.0411
-65.0403
-65.0395
-65.0388
-65.0381
-65.0374
-65.0367
-65.036
-65.0353
-65.0347
-65.0341
-65.0335
-65.0329
-65.0323
-65.0318
-65.0313
-65.0307
-65.0302
-65.0297
-65.0293
-65.0288
-65.0283
-65.0279
-65.0275
-65.027
-65.0266
-65.0262
-65.0259
-65.0255
-65.0251
-65.0248
-65.0244
-65.0241
-65.0238
-65.0234
-65.0231
-65.0228
-65.0225
-65.0223
-65.022
-65.0217
-65.0215
-65.0212
-65.021
-65.0207
-65.0205
-65.0203
-65.02
-65.0198
-65.0196
-65.0194
-65.0192
-65.019
-65.0188
-65.0187
-65.0185
-65.0183
-65.0181
-65.018
-65.0178
-65.0177
-65.0175
-65.0174
-65.0172
-65.0171
-65.017
-65.0168
-65.0167
-65.0166
-65.0165
-65.0163
-65.0162
-65.0161
-65.016
-65.0159
-65.0158
-65.0157
-65.0156
-65.0155
-65.0154
-65.0153
-65.0153
-65.0152
-65.0151
-65.015
-65.0149
-65.0149
-65.0148
-65.0147
-65.0147
-65.0146
-65.0145
-65.0145
-65.0144
-65.0143
-65.0143
-65.0142
-65.0142
-65.0141
-65.0141
-65.014
-65.014
-65.0139
-65.0139
-65.0138
-65.0138
-65.0137
-65.0137
-65.0137
-65.0136
-65.0136
-65.0135
-65.0135
-65.0135
-65.0134
-65.0134
-65.0134
-65.0133
-65.0133
-65.0133
-65.0133
-65.0132
-65.0132
-65.0132
-65.0131
-65.0131
-65.0131
-65.0131
-65.0131
-65.013
-65.013
-65.013
-65.013
-65.0129
-65.0129
-65.0129
-65.0129
-65.0129
-65.0129
-65.0128
-65.0128
-65.0128
-65.0128
-65.0128
-65.0128
-65.0127
-65.0127
-65.0127
-65.0127
-65.0127
-65.0127
-65.0127
-65.0127
-65.0126
-65.0126
-65.0126
-65.0126
-65.0126
-65.0126
-65.0126
-65.0126
-65.0126
-65.0126
-65.0125
-65.0125
-65.0125
-65.0125
-65.0125
-65.0125
-65.0125
-65.0125
-65.0125
-65.0125
-65.0125
-65.0125
-65.0125
-65.0124
-65.0124
-65.0124
-65.0124
-65.0124
-65.0124
-65.0124
-65.0124
-65.0124
-65.0124
-65.0124
-65.0124
-65.0124
-65.0124
-65.0124
-65.0124
-65.0124
-65.0124
-65.0124
-65.0124
-65.0124
-65.0124
-65.0124
-65.0123
-65.0123
-65.0123
-65.0123
-65.0123
-65.0123
-65.0123
-65.0123
-65.0123
-65.0123
-65.0123
-65.0123
-65.0123
-65.0123
-65.0123
-65.0123
-65.0123
-65.0123
-65.0123
-65.0123
-65.0123
-65.0123
-65.0123
-65.0123
-65.0123
-65.0123
-65.0123
-65.0123
-65.0123
-65.0123
-65.0123
-65.0123
-65.0123
-65.0123
-65.0123
-65.0123
-65.0123
-65.0123
-65.0123
-65.0123
-65.0123
-65.0123
-65.0123
-65.0123
-65.0123
-65.0123
-65.0123
-65.0123
-65.0123
-65.0123
-65.0123
-65.0123
-65.0123
-65.0123
-65.0123
-65.0123
-65.0123
-65.0123
-65.0123
-65.0123
-65.0123
-65.0123
-65.0123
-65.0123
-65.0123
-65.0123
-65.0123
-65.0123
-65.0123
-65.0123
-65.0123
-65.0123
-65.0123
-65.0123
-64.7657
-64.5631
-64.4124
-64.305
-64.2215
-64.1548
-64.1013
-64.0585
-64.0247
-63.9986
-63.9789
-63.9648
-63.9553
-63.9499
-63.9479
-63.9489
-63.9525
-63.9582
-63.9658
-63.975
-63.9855
-63.9972
-64.0098
-64.0233
-64.0374
-64.052
-64.0671
-64.0826
-64.0983
-64.1142
-64.1302
-64.1463
-64.1624
-64.1784
-64.1168
-63.9452
-63.834
-63.7539
-63.6995
-63.6593
-63.6297
-63.6088
-63.595
-63.5872
-63.5843
-63.5856
-63.5904
-63.5983
-63.6087
-63.6212
-63.6355
-63.6513
-63.6461
-63.213
-62.9109
-62.5723
-61.7512
-61.0906
-60.4138
-59.6019
-58.8639
-57.5119
-56.2931
-54.9886
-53.98
-53.0515
-52.3403
-51.7769
-51.1717
-50.5451
-49.9279
-48.891
-48.0607
-47.0606
-46.0503
-44.9401
-43.4659
-40.8564
-31.4519
42.4205
0.425379
-32.2898
-53.2136
-58.6846
-59.8211
-59.8998
-59.7315
-59.4742
-59.1963
-58.9506
-58.741
-58.5675
-58.4264
-58.269
-58.1448
-58.0525
-57.9596
-57.8757
-57.8213
-57.7203
-57.5868
-57.3877
-57.2222
-57.0828
-56.9724
-56.9044
-56.8661
-56.8453
-56.8011
-56.7106
-56.6429
-56.6128
-56.5801
-56.5543
-56.5252
-56.4544
-56.4085
-56.3599
-56.3496
-56.3117
-56.2722
-56.224
-56.1774
-56.1276
-56.0785
-56.049
-56.0512
-55.9876
-55.7187
-55.2466
-54.7125
-54.282
-53.8437
-53.3945
-52.8875
-52.2704
-51.4957
-50.6711
-49.9134
-49.1944
-48.2222
-47.0677
-45.7375
-44.2139
-42.1319
-37.6511
15.6057
22.4017
-19.325
-47.7687
-58.3053
-60.6695
-60.9276
-60.6306
-60.1876
-59.7226
-59.316
-58.969
-58.6789
-58.4387
-58.2425
-58.0846
-57.9601
-57.8644
-57.7936
-57.7444
-57.7138
-57.6995
-57.6993
-57.7114
-57.7342
-57.7665
-57.8069
-57.8544
-57.9081
-57.9673
-58.0312
-58.0991
-58.1704
-58.2446
-58.3213
-58.4
-58.4803
-58.562
-58.6447
-58.7282
-58.8122
-58.8965
-58.9809
-59.0652
-59.1493
-59.2331
-59.3164
-59.3991
-59.4811
-59.5624
-59.6428
-59.7224
-59.801
-59.8786
-59.9551
-60.0305
-60.1049
-60.1781
-60.2501
-60.321
-60.3907
-60.4593
-60.5267
-60.5928
-60.6578
-60.7217
-60.7843
-60.8458
-60.9062
-60.9654
-61.0234
-61.0803
-61.1361
-61.1909
-61.2445
-61.2971
-61.3486
-61.3991
-61.3707
-61.0961
-60.927
-60.8092
-60.7359
-60.6328
-60.3235
-60.0718
-59.8931
-59.7711
-59.6814
-59.3112
-58.7238
-58.2078
-57.7274
-57.1363
-56.169
-54.758
-53.6365
-52.4945
-51.5611
-50.8402
-50.2053
-49.6323
-48.555
-47.5266
-46.5909
-45.6333
-44.4901
-42.764
-39.1601
-10.2804
31.2308
-14.1442
-45.4498
-59.2764
-62.2595
-62.5746
-62.3114
-61.865
-61.3982
-60.9088
-60.4672
-60.0845
-59.7114
-59.3332
-58.9109
-58.5254
-58.2061
-57.9301
-57.6705
-57.469
-57.2689
-57.081
-56.9456
-56.7627
-56.5927
-56.4379
-56.3386
-56.2319
-56.1671
-56.1327
-56.1241
-56.0965
-56.0952
-56.0915
-56.087
-56.1081
-56.147
-56.2006
-56.2317
-56.2494
-56.2383
-56.2494
-56.2849
-56.3387
-56.4049
-56.4386
-56.4382
-56.4691
-56.4782
-56.4437
-56.3484
-56.0492
-55.6411
-55.2817
-54.8989
-54.5352
-54.1591
-53.832
-53.3874
-52.8663
-52.4579
-52.0853
-51.6427
-51.1012
-50.5571
-50.0056
-49.2487
-48.5173
-47.7344
-46.753
-45.6205
-44.2763
-42.3846
-38.2999
4.03677
25.5527
-18.5156
-49.1741
-60.77
-63.3947
-63.7479
-63.4702
-63.0009
-62.4784
-61.9707
-61.5332
-61.0552
-60.5959
-60.1827
-59.8051
-59.4586
-59.1902
-58.979
-58.8138
-58.6842
-58.5843
-58.5095
-58.4563
-58.4217
-58.4032
-58.3986
-58.4062
-58.4242
-58.4129
-58.4159
-58.4338
-58.4646
-58.5044
-58.5512
-58.604
-58.6617
-58.7235
-58.7888
-58.8571
-58.9277
-59.0003
-59.0746
-59.1501
-59.2265
-59.3036
-59.3812
-59.4591
-59.537
-59.6149
-59.6925
-59.7698
-59.8466
-59.9228
-59.9983
-60.0731
-60.147
-60.2201
-60.2922
-60.3634
-60.4336
-60.5028
-60.5709
-60.638
-60.704
-60.7688
-60.8326
-60.8953
-60.9569
-61.0173
-61.0767
-61.1349
-61.1921
-61.2482
-61.3032
-61.3571
-61.41
-61.4618
-61.5126
-61.5624
-61.6112
-61.659
-61.7059
-61.7518
-61.7968
-61.8409
-61.884
-61.9263
-61.9677
-62.0082
-62.048
-62.0869
-62.1249
-62.1623
-62.1795
-62.1688
-62.1721
-62.1825
-61.9257
-61.2485
-60.7685
-60.2753
-59.8239
-59.4655
-59.1442
-58.7168
-58.3347
-58.0438
-57.5942
-57.247
-56.9778
-56.5287
-54.9686
-53.4931
-52.4123
-51.6244
-50.9803
-50.0779
-49.3335
-48.4185
-47.6122
-46.7964
-45.9126
-44.8484
-43.4059
-40.834
-31.0566
42.0952
-2.02501
-36.982
-58.1678
-63.0684
-63.6862
-63.3808
-62.9069
-62.4252
-61.9079
-61.381
-60.8502
-60.4301
-60.0887
-59.7211
-59.3245
-58.9444
-58.6422
-58.4105
-58.2323
-58.0537
-57.8418
-57.6906
-57.5809
-57.4848
-57.3966
-57.3418
-57.3117
-57.3023
-57.309
-57.3295
-57.3615
-57.3741
-57.3908
-57.424
-57.4701
-57.5074
-57.5251
-57.5634
-57.6141
-57.6753
-57.7434
-57.817
-57.8951
-57.9446
-57.9979
-58.0501
-58.022
-57.9846
-57.8593
-57.7618
-57.6674
-57.613
-57.5519
-57.5279
-57.5279
-57.5107
-57.5025
-57.5095
-57.4624
-57.3691
-57.249
-57.1307
-57.0155
-56.7975
-56.5704
-56.3836
-56.1599
-55.7918
-55.1655
-54.538
-53.8931
-53.1562
-52.4158
-51.6501
-50.8945
-50.1336
-49.1683
-48.2637
-47.4024
-46.5609
-45.5787
-44.357
-42.5614
-38.6489

