-70
-69.8623
-69.7285
-69.5983
-69.4718
-69.3487
-69.2291
-69.1128
-68.9997
-68.8897
-68.7828
-68.6789
-68.5778
-68.4795
-68.3839
-68.291
-68.2007
-68.1128
-68.0274
-67.9443
-67.8636
-67.7851
-67.7087
-67.6345
-67.5623
-67.4921
-67.4238
-67.3574
-67.2929
-67.2301
-67.1691
-67.1098
-67.0521
-66.996
-66.9414
-66.8884
-66.8368
-66.7866
-66.7378
-66.6904
-66.6443
-66.5994
-66.5558
-66.5133
-66.4721
-66.432
-66.393
-66.355
-66.3181
-66.2823
-66.2474
-66.2134
-66.1805
-66.1484
-66.1172
-66.0868
-66.0573
-66.0286
-66.0007
-65.9736
-65.9472
-65.9215
-65.8966
-65.8723
-65.8487
-65.8257
-65.8034
-65.7817
-65.7606
-65.74
-65.72
-65.7006
-65.6817
-65.6633
-65.6455
-65.6281
-65.6112
-65.5948
-65.5788
-65.5632
-65.5481
-65.5334
-65.5191
-65.5052
-65.4917
-65.4785
-65.4657
-65.4533
-65.4412
-65.4294
-65.418
-65.4068
-65.396
-65.3855
-65.3752
-65.3653
-65.3556
-65.3462
-65.337
-65.3281
-65.3194
-65.311
-65.3028
-65.2948
-65.2871
-65.2795
-65.2722
-65.2651
-65.2581
-65.2514
-65.2448
-65.2385
-65.2322
-65.2262
-65.2203
-65.2146
-65.2091
-65.2037
-65.1984
-65.1933
-65.1884
-65.1835
-65.1788
-65.1743
-65.1698
-65.1655
-65.1613
-65.1572
-65.1532
-65.1493
-65.1456
-65.1419
-65.1384
-65.1349
-65.1315
-65.1283
-65.1251
-65.122
-65.119
-65.1161
-65.1132
-65.1104
-65.1077
-65.1051
-65.1026
-65.1001
-65.0977
-65.0953
-65.0931
-65.0908
-65.0887
-65.0866
-65.0845
-65.0826
-65.0806
-65.0788
-65.0769
-65.0752
-65.0734
-65.0718
-65.0701
-65.0685
-65.067
-65.0655
-65.064
-65.0626
-65.0612
-65.0599
-65.0586
-65.0573
-65.0561
-65.0549
-65.0537
-65.0526
-65.0514
-65.0504
-65.0493
-65.0483
-65.0473
-65.0464
-65.0454
-65.0445
-65.0436
-65.0428
-65.0419
-65.0411
-65.0403
-65.0395
-65.0388
-65.0381
-65.0374
-65.0367
-65.036
-65.0353
-65.0347
-65.0341
-65.0335
-65.0329
-65.0323
-65.0318
-65.0313
-65.0307
-65.0302
-65.0297
-65.0293
-65.0288
-65.0283
-65.0279
-65.0275
-65.027
-65.0266
-65.0262
-65.0259
-65.0255
-65.0251
-65.0248
-65.0244
-65.0241
-65.0238
-65.0234
-65.0231
-65.0228
-65.0225
-65.0223
-65.022
-65.0217
-65.0215
-65.0212
-65.021
-65.0207
-65.0205
-65.0203
-65.02
-65.0198
-65.0196
-65.0194
-65.0192
-65.019
-65.0188
-65.0187
-65.0185
-65.0183
-65.0181
-65.018
-65.0178
-65.0177
-65.0175
-65.0174
-65.0172
-65.0171
-65.017
-65.0168
-65.0167
-65.0166
-65.0165
-65.0163
-65.0162
-65.0161
-65.016
-65.0159
-65.0158
-65.0157
-65.0156
-65.0155
-65.0154
-65.0153
-65.0153
-65.0152
-65.0151
-65.015
-65.0149
-65.0149
-65.0148
-65.0147
-65.0147
-65.0146
-65.0145
-65.0145
-65.0144
-65.0143
-65.0143
-65.0142
-65.0142
-65.0141
-65.0141
-65.014
-65.014
-65.0139
-65.0139
-65.0138
-65.0138
-65.0137
-65.0137
-65.0137
-65.0136
-65.0136
-65.0135
-65.0135
-65.0135
-65.0134
-65.0134
-65.0134
-65.0133
-65.0133
-65.0133
-65.0133
-65.0132
-65.0132
-65.0132
-65.0131
-65.0131
-65.0131
-65.0131
-65.0131
-65.013
-65.013
-65.013
-65.013
-65.0129
-65.0129
-65.0129
-65.0129
-65.0129
-65.0129
-65.0128
-65.0128
-65.0128
-65.0128
-65.0128
-65.0128
-65.0127
-65.0127
-65.0127
-65.0127
-65.0127
-65.0127
-65.0127
-65.0127
-65.0126
-65.0126
-65.0126
-65.0126
-65.0126
-65.0126
-65.0126
-65.0126
-65.0126
-65.0126
-65.0125
-65.0125
-65.0125
-65.0125
-65.0125
-65.0125
-65.0125
-65.0125
-65.0125
-65.0125
-65.0125
-65.0125
-65.0125
-65.0124
-65.0124
-65.0124
-65.0124
-65.0124
-65.0124
-65.0124
-65.0124
-65.0124
-65.0124
-65.0124
-65.0124
-65.0124
-65.0124
-65.0124
-65.0124
-65.0124
-65.0124
-65.0124
-65.0124
-65.0124
-65.0124
-65.0124
-65.0123
-65.0123
-65.0123
-65.0123
-65.0123
-65.0123
-65.0123
-65.0123
-65.0123
-65.0123
-65.0123
-65.0123
-65.0123
-65.0123
-65.0123
-65.0123
-65.0123
-65.0123
-65.0123
-65.0123
-65.0123
-65.0123
-65.0123
-65.0123
-65.0123
-65.0123
-65.0123
-65.0123
-65.0123
-65.0123
-65.0123
-65.0123
-65.0123
-65.0123
-65.0123
-65.0123
-65.0123
-65.0123
-65.0123
-65.0123
-65.0123
-65.0123
-65.0123
-65.0123
-65.0123
-65.0123
-65.0123
-65.0123
-65.0123
-65.0123
-65.0123
-65.0123
-65.0123
-65.0123
-65.0123
-65.0123
-65.0123
-65.0123
-65.0123
-65.0123
-65.0123
-65.0123
-65.0123
-65.0123
-65.0123
-65.0123
-65.0123
-65.0123
-65.0123
-65.0123
-65.0123
-65.0123
-65.0123
-65.0123
-64.8272
-64.6749
-64.5616
-64.4807
-64.4179
-64.3677
-64.3273
-64.2951
-64.2696
-64.2499
-64.2351
-64.2244
-64.2173
-64.2132
-64.2117
-64.2125
-64.2152
-64.2195
-64.2252
-64.2321
-64.2401
-64.2489
-64.2584
-64.2685
-64.2792
-64.2902
-64.3016
-64.3133
-64.3251
-64.3371
-64.3491
-64.3613
-64.3734
-64.3855
-64.3716
-64.3208
-64.2901
-64.2697
-64.2579
-64.2507
-64.2471
-64.2463
-64.2479
-64.2513
-64.2563
-64.2626
-64.27
-64.2783
-64.2873
-64.297
-64.3072
-64.3177
-64.3286
-64.3397
-64.351
-64.3624
-64.3739
-64.3854
-64.2515
-64.0755
-63.9089
-63.4761
-63.113
-62.6331
-62.2794
-61.9618
-61.7292
-61.549
-61.4107
-61.2721
-61.1309
-60.9183
-60.7687
-60.6108
-60.4908
-60.4079
-60.3542
-60.3223
-60.3076
-60.3072
-60.3188
-60.3407
-60.3713
-60.4091
-60.4532
-60.5025
-60.5563
-60.571
-60.5523
-60.5599
-60.5833
-60.6195
-60.6634
-60.7129
-60.7671
-60.8249
-60.8558
-60.8759
-60.9102
-60.9538
-61.0044
-61.0591
-61.0797
-61.0968
-61.119
-61.1053
-61.1159
-61.1394
-61.1739
-61.2149
-61.2609
-61.3107
-61.3635
-61.4186
-61.4756
-61.5339
-61.5933
-61.6534
-61.7138
-61.7662
-61.7744
-61.7997
-61.8331
-61.8737
-61.9179
-61.9645
-62.0128
-62.0055
-62.0147
-62.0191
-61.992
-61.9885
-61.9422
-61.7947
-61.691
-61.5045
-61.342
-61.1484
-60.9488
-60.7668
-60.5666
-60.4345
-60.3002
-60.1791
-60.0609
-59.9399
-59.8166
-59.7404
-59.6906
-59.6314
-59.6038
-59.5976
-59.6099
-59.6356
-59.6724
-59.7182
-59.7716
-59.8313
-59.8963
-59.9656
-60.0385
-60.1142
-60.1922
-60.2721
-60.3533
-60.4354
-60.5183
-60.6015
-60.6848
-60.7681
-60.8511
-60.9336
-61.0155
-61.0967
-61.1771
-61.2566
-61.335
-61.4124
-61.4887
-61.5638
-61.6377
-61.7103
-61.7817
-61.8518
-61.9206
-61.9881
-62.0542
-62.119
-62.1825
-62.2447
-62.3055
-62.365
-62.4232
-62.4802
-62.5359
-62.5903
-62.6435
-62.6954
-62.7462
-62.7957
-62.8442
-62.8914
-62.9376
-62.9826
-63.0266
-63.0695
-63.1114
-63.1522
-63.192
-63.2309
-63.2688
-63.3058
-63.3419
-63.3771
-63.4114
-63.4448
-63.4774
-63.5092
-63.5403
-63.5705
-63.6
-63.6288
-63.6568
-63.6841
-63.7016
-63.6704
-63.6576
-63.6533
-63.6566
-63.6638
-63.6736
-63.6855
-63.699
-63.7138
-63.7296
-63.7229
-63.6291
-63.5636
-63.5195
-63.4316
-63.2079
-62.8503
-62.4691
-62.0621
-61.6926
-61.4271
-61.2285
-61.0758
-60.8683
-60.6955
-60.5712
-60.4848
-60.4263
-60.3738
-60.3159
-60.285
-60.2732
-60.2778
-60.2946
-60.3213
-60.3564
-60.3986
-60.4467
-60.4997
-60.5569
-60.5962
-60.6201
-60.6582
-60.7049
-60.7587
-60.8001
-60.8195
-60.8068
-60.7668
-60.7108
-60.6506
-60.626
-60.6239
-60.6388
-60.6649
-60.6924
-60.6861
-60.7014
-60.7292
-60.7681
-60.8138
-60.8649
-60.9201
-60.9786
-61.0398
-61.1031
-61.168
-61.234
-61.3009
-61.3683
-61.4361
-61.5038
-61.5715
-61.6388
-61.7058
-61.7722
-61.8379
-61.9029
-61.9671
-62.0039
-62.0188
-62.0475
-62.0834
-62.0871
-62.0733
-62.0405
-62.0333
-62.04
-62.0092
-61.9366
-61.899
-61.8825
-61.8311
-61.7405
-61.5891
-61.4331
-61.3336
-61.2705
-61.1805
-61.0439
-60.8972
-60.6917
-60.4451
-60.2668
-60.1463
-60.0682
-60.0192
-59.9926
-59.9818
-59.9471
-59.9378
-59.946
-59.9695
-60.0039
-60.0471
-60.0974
-60.1537
-60.2022
-60.1854
-60.1984
-60.2271
-60.2703
-60.3217
-60.379
-60.4411
-60.5069
-60.5757
-60.6469
-60.7198
-60.794
-60.8693
-60.9451
-61.0212
-61.0974
-61.1735
-61.2493
-61.3247
-61.3995
-61.4736
-61.5469
-61.6192
-61.6907
-61.7611
-61.8304
-61.8986
-61.9657
-62.0316
-62.0963
-62.1598
-62.222
-62.2831
-62.3429
-62.4014
-62.4588
-62.5149
-62.5699
-62.6236
-62.6762
-62.7275
-62.7777
-62.8268
-62.8748
-62.9216
-62.9673
-63.012
-63.0556
-63.0982
-63.1397
-63.1802
-63.2198
-63.2584
-63.296
-63.3328
-63.3686
-63.4036
-63.4377
-63.4709
-63.5033
-63.535
-63.5658
-63.5959
-63.6252
-63.6538
-63.6817
-63.7088
-63.7353
-63.7612
-63.7864
-63.8109
-63.8349
-63.8582
-63.881
-63.9032
-63.9248
-63.9459
-63.9665
-63.9865
-64.0061
-64.0251
-64.0437
-64.0618
-64.0795
-64.093
-64.0364
-63.9555
-63.9031
-63.8682
-63.8457
-63.8306
-63.8212
-63.8163
-63.8151
-63.7602
-63.6008
-63.4921
-63.4149
-63.3497
-62.8547
-62.3377
-61.9527
-61.678
-61.4707
-61.2553
-61.0859
-60.907
-60.7808
-60.689
-60.6262
-60.585
-60.5617
-60.5534
-60.5577
-60.5728
-60.5527
-60.5089
-60.4936
-60.4979
-60.5175
-60.5472
-60.5848
-60.6289
-60.6576
-60.6731
-60.7036
-60.7438
-60.7918
-60.8134
-60.6707
-60.5491
-60.4623
-60.4199
-60.4036
-60.4059
-60.4218
-60.4488
-60.4847
-60.5281
-60.5775
-60.632
-60.6906
-60.7525
-60.8172
-60.8839
-60.9524
-61.022
-61.0925
-61.1636
-61.2351
-61.3066
-61.378
-61.4492
-61.5199
-61.5901
-61.6596
-61.7284
-61.7963
-61.8634
-61.9295
-61.9945
-62.0044
-62.0282
-62.0605
-62.1003
-62.1435
-62.1862
-62.188
-62.2049
-62.2298
-62.262
-62.298
-62.3366
-62.3771
-62.3848
-62.3798
-62.3897
-62.409
-62.4349
-62.4564
-62.4375
-62.4379
-62.4398
-62.4057
-62.3943
-62.3951
-62.4066
-62.376
-62.2664
-62.0156
-61.7153
-61.4237
-61.151
-60.8574
-60.6549
-60.5079
-60.3905
-60.26
-60.1474

