-70
-69.8623
-69.7285
-69.5983
-69.4718
-69.3487
-69.2291
-69.1128
-68.9997
-68.8897
-68.7828
-68.6789
-68.5778
-68.4795
-68.3839
-68.291
-68.2007
-68.1128
-68.0274
-67.9443
-67.8636
-67.7851
-67.7087
-67.6345
-67.5623
-67.4921
-67.4238
-67.3574
-67.2929
-67.2301
-67.1691
-67.1098
-67.0521
-66.996
-66.9414
-66.8884
-66.8368
-66.7866
-66.7378
-66.6904
-66.6443
-66.5994
-66.5558
-66.5133
-66.4721
-66.432
-66.393
-66.355
-66.3181
-66.2823
-66.2474
-66.2134
-66.1805
-66.1484
-66.1172
-66.0868
-66.0573
-66.0286
-66.0007
-65.9736
-65.9472
-65.9215
-65.8966
-65.8723
-65.8487
-65.8257
-65.8034
-65.7817
-65.7606
-65.74
-65.72
-65.7006
-65.6817
-65.6633
-65.6455
-65.6281
-65.6112
-65.5948
-65.5788
-65.5632
-65.5481
-65.5334
-65.5191
-65.5052
-65.4917
-65.4785
-65.4657
-65.4533
-65.4412
-65.4294
-65.418
-65.4068
-65.396
-65.3855
-65.3752
-65.3653
-65.3556
-65.3462
-65.337
-65.3281
-65.3194
-65.311
-65.3028
-65.2948
-65.2871
-65.2795
-65.2722
-65.2651
-65.2581
-65.2514
-65.2448
-65.2385
-65.2322
-65.2262
-65.2203
-65.2146
-65.2091
-65.2037
-65.1984
-65.1933
-65.1884
-65.1835
-65.1788
-65.1743
-65.1698
-65.1655
-65.1613
-65.1572
-65.1532
-65.1493
-65.1456
-65.1419
-65.1384
-65.1349
-65.1315
-65.1283
-65.1251
-65.122
-65.119
-65.1161
-65.1132
-65.1104
-65.1077
-65.1051
-65.1026
-65.1001
-65.0977
-65.0953
-65.0931
-65.0908
-65.0887
-65.0866
-65.0845
-65.0826
-65.0806
-65.0788
-65.0769
-65.0752
-65.0734
-65.0718
-65.0701
-65.0685
-65.067
-65.0655
-65.064
-65.0626
-65.0612
-65.0599
-65.0586
-65.0573
-65.0561
-65.0549
-65.0537
-65.0526
-65.0514
-65.0504
-65.0493
-65.0483
-65.0473
-65.0464
-65.0454
-65.0445
-65.0436
-65.0428
-65.0419
-65.0411
-65.0403
-65.0395
-65.0388
-65.0381
-65.0374
-65.0367
-65.036
-65.0353
-65.0347
-65.0341
-65.0335
-65.0329
-65.0323
-65.0318
-65.0313
-65.0307
-65.0302
-65.0297
-65.0293
-65.0288
-65.0283
-65.0279
-65.0275
-65.027
-65.0266
-65.0262
-65.0259
-65.0255
-65.0251
-65.0248
-65.0244
-65.0241
-65.0238
-65.0234
-65.0231
-65.0228
-65.0225
-65.0223
-65.022
-65.0217
-65.0215
-65.0212
-65.021
-65.0207
-65.0205
-65.0203
-65.02
-65.0198
-65.0196
-65.0194
-65.0192
-65.019
-65.0188
-65.0187
-65.0185
-65.0183
-65.0181
-65.018
-65.0178
-65.0177
-65.0175
-65.0174
-65.0172
-65.0171
-65.017
-65.0168
-65.0167
-65.0166
-65.0165
-65.0163
-65.0162
-65.0161
-65.016
-65.0159
-65.0158
-65.0157
-65.0156
-65.0155
-65.0154
-65.0153
-65.0153
-65.0152
-65.0151
-65.015
-65.0149
-65.0149
-65.0148
-65.0147
-65.0147
-65.0146
-65.0145
-65.0145
-65.0144
-65.0143
-65.0143
-65.0142
-65.0142
-65.0141
-65.0141
-65.014
-65.014
-65.0139
-65.0139
-65.0138
-65.0138
-65.0137
-65.0137
-65.0137
-65.0136
-65.0136
-65.0135
-65.0135
-65.0135
-65.0134
-65.0134
-65.0134
-65.0133
-65.0133
-65.0133
-65.0133
-65.0132
-65.0132
-65.0132
-65.0131
-65.0131
-65.0131
-65.0131
-65.0131
-65.013
-65.013
-65.013
-65.013
-65.0129
-65.0129
-65.0129
-65.0129
-65.0129
-65.0129
-65.0128
-65.0128
-65.0128
-65.0128
-65.0128
-65.0128
-65.0127
-65.0127
-65.0127
-65.0127
-65.0127
-65.0127
-65.0127
-65.0127
-65.0126
-65.0126
-65.0126
-65.0126
-65.0126
-65.0126
-65.0126
-65.0126
-65.0126
-65.0126
-65.0125
-65.0125
-65.0125
-65.0125
-65.0125
-65.0125
-65.0125
-65.0125
-65.0125
-65.0125
-65.0125
-65.0125
-65.0125
-65.0124
-65.0124
-65.0124
-65.0124
-65.0124
-65.0124
-65.0124
-65.0124
-65.0124
-65.0124
-65.0124
-65.0124
-65.0124
-65.0124
-65.0124
-65.0124
-65.0124
-65.0124
-65.0124
-65.0124
-65.0124
-65.0124
-65.0124
-65.0123
-65.0123
-65.0123
-65.0123
-65.0123
-65.0123
-65.0123
-65.0123
-65.0123
-65.0123
-65.0123
-65.0123
-65.0123
-65.0123
-65.0123
-65.0123
-65.0123
-65.0123
-65.0123
-65.0123
-65.0123
-65.0123
-65.0123
-65.0123
-65.0123
-65.0123
-65.0123
-65.0123
-65.0123
-65.0123
-65.0123
-65.0123
-65.0123
-65.0123
-65.0123
-65.0123
-65.0123
-65.0123
-65.0123
-65.0123
-65.0123
-65.0123
-65.0123
-65.0123
-65.0123
-65.0123
-65.0123
-65.0123
-65.0123
-65.0123
-65.0123
-65.0123
-65.0123
-65.0123
-65.0123
-65.0123
-65.0123
-65.0123
-65.0123
-65.0123
-65.0123
-65.0123
-65.0123
-65.0123
-65.0123
-65.0123
-65.0123
-65.0123
-65.0123
-65.0123
-65.0123
-65.0123
-65.0123
-65.0123
-64.9505
-64.8995
-64.8615
-64.8344
-64.8133
-64.7964
-64.7828
-64.772
-64.7634
-64.7568
-64.7518
-64.7482
-64.7458
-64.7444
-64.7439
-64.7441
-64.745
-64.7465
-64.7484
-64.7508
-64.7534
-64.7564
-64.7596
-64.763
-64.7666
-64.7703
-64.7742
-64.7781
-64.7821
-64.7861
-64.7902
-64.7942
-64.7983
-64.8024
-64.728
-64.5428
-64.4186
-64.326
-64.2594
-64.2073
-64.1662
-64.1339
-64.109
-64.0903
-64.0767
-64.0676
-64.0622
-64.06
-64.0606
-64.0301
-63.9753
-63.9407
-63.9179
-63.7047
-63.5128
-63.2837
-62.2961
-61.5455
-60.8642
-60.1479
-59.539
-58.6149
-57.7325
-56.2701
-55.1669
-54.2212
-53.4834
-52.913
-52.3458
-51.7185
-51.0736
-50.2392
-49.5613
-48.8696
-48.2487
-47.6672
-47.0724
-46.4449
-45.7237
-44.8074
-43.4275
-40.8499
-30.677
42.1093
-2.11621
-34.6699
-54.336
-59.4321
-60.6654
-60.9344
-60.8963
-60.7397
-60.5214
-60.2724
-60.0716
-59.885
-59.7123
-59.5778
-59.428
-59.2736
-59.1628
-59.0653
-58.9658
-58.9
-58.8575
-58.835
-58.8196
-58.7578
-58.69
-58.6062
-58.5538
-58.4817
-58.4401
-58.3844
-58.3243
-58.2783
-58.261
-58.264
-58.2822
-58.3042
-58.2404
-58.1668
-58.1334
-58.0843
-58.0072
-57.8634
-57.6782
-57.5182
-57.2137
-56.7603
-56.2331
-55.7959
-55.4183
-54.9859
-54.4121
-53.882
-53.2345
-52.598
-51.9807
-51.2492
-50.4269
-49.5754
-48.8122
-48.1632
-47.4685
-46.7766
-45.9795
-44.9844
-43.6229
-41.2547
-33.6526
41.8234
3.75202
-31.4206
-54.3324
-60.4174
-61.724
-61.844
-61.6679
-61.4053
-61.1341
-60.8831
-60.6629
-60.4751
-60.3183
-60.1894
-60.0854
-60.003
-59.9397
-59.8928
-59.8603
-59.8404
-59.8313
-59.8318
-59.8407
-59.8568
-59.8792
-59.9072
-59.94
-59.9768
-60.0173
-60.0609
-60.1071
-60.1555
-60.2059
-60.2578
-60.311
-60.3653
-60.4204
-60.4762
-60.5325
-60.5891
-60.6458
-60.7025
-60.7592
-60.8157
-60.8719
-60.9277
-60.9831
-61.038
-61.0923
-61.1461
-61.1992
-61.2516
-61.3034
-61.3544
-61.4047
-61.4542
-61.503
-61.551
-61.5982
-61.6446
-61.6902
-61.7351
-61.7791
-61.8223
-61.8648
-61.9065
-61.9474
-61.9875
-62.0269
-62.0655
-62.1033
-62.1405
-62.115
-61.9351
-61.8239
-61.7476
-61.7011
-61.6584
-61.4283
-61.2607
-61.1407
-61.0355
-60.9072
-60.6857
-60.3547
-60.0717
-59.7654
-59.3089
-58.4127
-57.1437
-56.2023
-54.7425
-53.5128
-52.601
-51.8666
-51.2842
-50.4927
-49.7345
-49.1167
-48.579
-48.0686
-47.5452
-46.9776
-46.3495
-45.6081
-44.643
-43.2118
-40.3877
-26.4207
39.1951
-7.875
-41.0839
-58.6011
-62.8483
-63.6634
-63.6846
-63.4934
-63.1628
-62.8046
-62.4161
-62.0445
-61.7479
-61.4661
-61.1907
-60.9117
-60.6528
-60.3581
-59.9948
-59.6635
-59.3768
-59.1665
-59.0079
-58.8411
-58.6312
-58.4701
-58.356
-58.2794
-58.2296
-58.2011
-58.1902
-58.1944
-58.2114
-58.2393
-58.2481
-58.2606
-58.2888
-58.3293
-58.3792
-58.4359
-58.4982
-58.5138
-58.4361
-58.2945
-58.0931
-57.8254
-57.4292
-56.8765
-56.3642
-56.0102
-55.7251
-55.4248
-55.201
-54.8852
-54.488
-54.1364
-53.8561
-53.5532
-53.1866
-52.7787
-52.3173
-51.8917
-51.39
-50.7387
-50.1505
-49.5153
-48.8991
-48.3132
-47.7453
-47.1688
-46.5494
-45.8388
-44.9704
-43.7153
-41.4452
-34.4738
40.7261
4.79568
-32.1551
-56.3302
-62.7618
-64.0786
-64.1509
-63.9114
-63.5741
-63.1975
-62.8512
-62.5539
-62.28
-62.0414
-61.8427
-61.6777
-61.541
-61.4279
-61.3351
-61.2598
-61.1998
-61.1531
-61.118
-61.0931
-61.0771
-61.0688
-61.0674
-61.072
-61.0817
-61.0961
-61.1144
-61.1363
-61.1611
-61.1887
-61.2185
-61.2504
-61.2839
-61.3189
-61.3551
-61.3923
-61.4304
-61.4691
-61.5083
-61.5478
-61.5877
-61.6276
-61.6677
-61.7077
-61.7476
-61.7873
-61.8268
-61.8661
-61.905
-61.9435
-61.9817
-62.0194
-62.0567
-62.0935
-62.1298
-62.1655
-62.2008
-62.2356
-62.2698
-62.3035
-62.3366
-62.3692
-62.4012
-62.4327
-62.4636
-62.494
-62.5239
-62.5532
-62.582
-62.6103
-62.6381
-62.6653
-62.692
-62.7183
-62.744
-62.7693
-62.7941
-62.8184
-62.8423
-62.8657
-62.8887
-62.9112
-62.9334
-62.9355
-62.9098
-62.8987
-62.8741
-62.6562
-62.223
-61.9246
-61.5351
-61.1869
-60.8952
-60.681
-60.3169
-59.9727
-59.674
-59.2429
-58.8719
-58.5983
-58.1363
-56.4728
-54.902
-53.7343
-52.8957
-52.2357
-51.4912
-50.8995
-50.2627
-49.7278
-49.2421
-48.7719
-48.3335
-47.9227
-47.5176
-47.0729
-46.5825
-45.9526
-45.007
-43.7303
-41.4559
-34.463
41.0653
4.50176
-32.8187
-57.3257
-63.8165
-65.2146
-65.3748
-65.2165
-64.8024
-64.1954
-63.5903
-63.0736
-62.6287
-62.2729
-61.98
-61.7093
-61.4677
-61.2717
-61.1119
-60.9823
-60.8066
-60.6584
-60.5134
-60.4079
-60.2934
-60.1613
-60.0522
-59.9759
-59.9244
-59.8914
-59.8729
-59.8665
-59.8703
-59.8829
-59.9031
-59.9297
-59.9618
-59.9987
-60.0396
-60.084
-60.1313
-60.1728
-60.1287
-60.0353
-59.8902
-59.7169
-59.5577
-59.3829
-59.235
-59.1383
-59.077
-59.0417
-59.0258
-58.9559
-58.7733
-58.6621
-58.5268
-58.3803
-58.2854
-58.1107
-57.7892
-57.4753
-57.1931
-56.7865
-56.4
-55.9113
-55.2545
-54.2259
-53.2587
-52.5258
-51.809
-50.9957
-50.2888
-49.6888
-49.1837
-48.6902
-48.1937
-47.6655
-47.0563

