-70
-69.8623
-69.7285
-69.5983
-69.4718
-69.3487
-69.2291
-69.1128
-68.9997
-68.8897
-68.7828
-68.6789
-68.5778
-68.4795
-68.3839
-68.291
-68.2007
-68.1128
-68.0274
-67.9443
-67.8636
-67.7851
-67.7087
-67.6345
-67.5623
-67.4921
-67.4238
-67.3574
-67.2929
-67.2301
-67.1691
-67.1098
-67.0521
-66.996
-66.9414
-66.8884
-66.8368
-66.7866
-66.7378
-66.6904
-66.6443
-66.5994
-66.5558
-66.5133
-66.4721
-66.432
-66.393
-66.355
-66.3181
-66.2823
-66.2474
-66.2134
-66.1805
-66.1484
-66.1172
-66.0868
-66.0573
-66.0286
-66.0007
-65.9736
-65.9472
-65.9215
-65.8966
-65.8723
-65.8487
-65.8257
-65.8034
-65.7817
-65.7606
-65.74
-65.72
-65.7006
-65.6817
-65.6633
-65.6455
-65.6281
-65.6112
-65.5948
-65.5788
-65.5632
-65.5481
-65.5334
-65.5191
-65.5052
-65.4917
-65.4785
-65.4657
-65.4533
-65.4412
-65.4294
-65.418
-65.4068
-65.396
-65.3855
-65.3752
-65.3653
-65.3556
-65.3462
-65.337
-65.3281
-65.3194
-65.311
-65.3028
-65.2948
-65.2871
-65.2795
-65.2722
-65.2651
-65.2581
-65.2514
-65.2448
-65.2385
-65.2322
-65.2262
-65.2203
-65.2146
-65.2091
-65.2037
-65.1984
-65.1933
-65.1884
-65.1835
-65.1788
-65.1743
-65.1698
-65.1655
-65.1613
-65.1572
-65.1532
-65.1493
-65.1456
-65.1419
-65.1384
-65.1349
-65.1315
-65.1283
-65.1251
-65.122
-65.119
-65.1161
-65.1132
-65.1104
-65.1077
-65.1051
-65.1026
-65.1001
-65.0977
-65.0953
-65.0931
-65.0908
-65.0887
-65.0866
-65.0845
-65.0826
-65.0806
-65.0788
-65.0769
-65.0752
-65.0734
-65.0718
-65.0701
-65.0685
-65.067
-65.0655
-65.064
-65.0626
-65.0612
-65.0599
-65.0586
-65.0573
-65.0561
-65.0549
-65.0537
-65.0526
-65.0514
-65.0504
-65.0493
-65.0483
-65.0473
-65.0464
-65.0454
-65.0445
-65.0436
-65.0428
-65.0419
-65.0411
-65.0403
-65.0395
-65.0388
-65.0381
-65.0374
-65.0367
-65.036
-65.0353
-65.0347
-65.0341
-65.0335
-65.0329
-65.0323
-65.0318
-65.0313
-65.0307
-65.0302
-65.0297
-65.0293
-65.0288
-65.0283
-65.0279
-65.0275
-65.027
-65.0266
-65.0262
-65.0259
-65.0255
-65.0251
-65.0248
-65.0244
-65.0241
-65.0238
-65.0234
-65.0231
-65.0228
-65.0225
-65.0223
-65.022
-65.0217
-65.0215
-65.0212
-65.021
-65.0207
-65.0205
-65.0203
-65.02
-65.0198
-65.0196
-65.0194
-65.0192
-65.019
-65.0188
-65.0187
-65.0185
-65.0183
-65.0181
-65.018
-65.0178
-65.0177
-65.0175
-65.0174
-65.0172
-65.0171
-65.017
-65.0168
-65.0167
-65.0166
-65.0165
-65.0163
-65.0162
-65.0161
-65.016
-65.0159
-65.0158
-65.0157
-65.0156
-65.0155
-65.0154
-65.0153
-65.0153
-65.0152
-65.0151
-65.015
-65.0149
-65.0149
-65.0148
-65.0147
-65.0147
-65.0146
-65.0145
-65.0145
-65.0144
-65.0143
-65.0143
-65.0142
-65.0142
-65.0141
-65.0141
-65.014
-65.014
-65.0139
-65.0139
-65.0138
-65.0138
-65.0137
-65.0137
-65.0137
-65.0136
-65.0136
-65.0135
-65.0135
-65.0135
-65.0134
-65.0134
-65.0134
-65.0133
-65.0133
-65.0133
-65.0133
-65.0132
-65.0132
-65.0132
-65.0131
-65.0131
-65.0131
-65.0131
-65.0131
-65.013
-65.013
-65.013
-65.013
-65.0129
-65.0129
-65.0129
-65.0129
-65.0129
-65.0129
-65.0128
-65.0128
-65.0128
-65.0128
-65.0128
-65.0128
-65.0127
-65.0127
-65.0127
-65.0127
-65.0127
-65.0127
-65.0127
-65.0127
-65.0126
-65.0126
-65.0126
-65.0126
-65.0126
-65.0126
-65.0126
-65.0126
-65.0126
-65.0126
-65.0125
-65.0125
-65.0125
-65.0125
-65.0125
-65.0125
-65.0125
-65.0125
-65.0125
-65.0125
-65.0125
-65.0125
-65.0125
-65.0124
-65.0124
-65.0124
-65.0124
-65.0124
-65.0124
-65.0124
-65.0124
-65.0124
-65.0124
-65.0124
-65.0124
-65.0124
-65.0124
-65.0124
-65.0124
-65.0124
-65.0124
-65.0124
-65.0124
-65.0124
-65.0124
-65.0124
-65.0123
-65.0123
-65.0123
-65.0123
-65.0123
-65.0123
-65.0123
-65.0123
-65.0123
-65.0123
-65.0123
-65.0123
-65.0123
-65.0123
-65.0123
-65.0123
-65.0123
-65.0123
-65.0123
-65.0123
-65.0123
-65.0123
-65.0123
-65.0123
-65.0123
-65.0123
-65.0123
-65.0123
-65.0123
-65.0123
-65.0123
-65.0123
-65.0123
-65.0123
-65.0123
-65.0123
-65.0123
-65.0123
-65.0123
-65.0123
-65.0123
-65.0123
-65.0123
-65.0123
-65.0123
-65.0123
-65.0123
-65.0123
-65.0123
-65.0123
-65.0123
-65.0123
-65.0123
-65.0123
-65.0123
-65.0123
-65.0123
-65.0123
-65.0123
-65.0123
-65.0123
-65.0123
-65.0123
-65.0123
-65.0123
-65.0123
-65.0123
-65.0123
-65.0123
-65.0123
-65.0123
-65.0123
-65.0123
-65.0123
-64.8272
-64.6749
-64.5616
-64.4807
-64.4179
-64.3677
-64.3273
-64.2951
-64.2696
-64.2499
-64.2351
-64.2244
-64.2173
-64.2132
-64.2117
-64.2125
-64.2152
-64.2195
-64.2252
-64.2321
-64.2401
-64.2489
-64.2584
-64.2685
-64.2792
-64.2902
-64.3016
-64.3133
-64.3251
-64.3371
-64.3491
-64.3613
-64.3734
-64.3855
-64.2937
-64.0552
-63.8977
-63.7818
-63.7003
-63.6379
-63.5899
-63.5534
-63.5266
-63.5078
-63.4957
-63.4894
-63.488
-63.4906
-63.4968
-63.506
-63.5177
-63.5316
-63.5473
-63.4981
-63.4687
-63.3542
-62.5089
-61.8815
-61.2204
-60.5457
-59.9531
-59.2245
-58.5118
-57.7384
-57.1516
-56.6208
-56.2328
-55.9352
-55.546
-55.1633
-54.842
-54.2605
-53.8539
-53.509
-53.2556
-53.0706
-52.939
-52.8494
-52.7943
-52.7558
-52.6128
-52.5122
-52.4076
-52.3288
-52.2767
-52.1064
-52.0027
-51.9291
-51.8824
-51.8509
-51.8155
-51.7942
-51.8085
-51.8496
-51.9128
-51.9938
-52.0902
-52.2001
-52.3222
-52.455
-52.5973
-52.7186
-52.8408
-52.9777
-53.1031
-53.2176
-53.3506
-53.4956
-53.6503
-53.7987
-53.9176
-54.055
-54.1736
-54.2881
-54.4192
-54.5613
-54.7115
-54.8605
-54.978
-55.1112
-55.2073
-55.2384
-55.1766
-55.0954
-55.031
-54.9588
-54.8412
-54.7248
-54.6592
-54.6428
-54.6162
-54.494
-54.3811
-54.2333
-53.9333
-53.459
-53.0982
-52.8044
-52.445
-52.0413
-51.5271
-51.0475
-50.578
-50.2245
-49.9468
-49.7232
-49.5077
-49.329
-49.144
-48.9443
-48.6889
-48.4281
-48.1256
-47.8457
-47.5436
-47.1856
-46.7965
-46.3273
-45.7648
-45.0197
-43.9236
-41.9856
-36.6315
32.7309
12.4043
-26.7937
-52.1141
-59.9633
-62.2206
-63.0225
-63.3481
-63.4782
-63.524
-63.5338
-63.529
-63.5192
-63.5085
-63.4988
-63.4906
-63.4842
-63.4796
-63.4766
-63.4751
-63.4749
-63.4759
-63.4781
-63.4811
-63.4851
-63.4898
-63.4952
-63.5012
-63.5077
-63.5147
-63.5221
-63.5298
-63.5378
-63.5461
-63.5546
-63.5632
-63.572
-63.581
-63.59
-63.599
-63.6081
-63.6173
-63.6264
-63.6355
-63.6446
-63.6537
-63.6627
-63.6717
-63.6806
-63.6895
-63.6983
-63.7069
-63.7156
-63.7241
-63.7325
-63.7409
-63.7491
-63.7573
-63.7653
-63.7733
-63.7812
-63.7364
-63.5758
-63.4659
-63.3854
-63.329
-63.286
-63.1954
-63.1289
-63.0793
-63.0442
-62.9444
-62.7
-62.3832
-62.0914
-61.8239
-61.2747
-60.3748
-59.4275
-58.6742
-57.833
-57.1083
-56.5634
-56.0548
-55.6673
-55.1785
-54.7605
-54.4538
-54.2308
-54.0697
-53.8888
-53.6797
-53.5423
-53.4293
-53.3502
-53.2886
-53.2664
-53.2463
-53.2177
-53.2173
-53.2065
-53.2092
-53.225
-53.2237
-53.2469
-53.2984
-53.3083
-53.3028
-53.3306
-53.3518
-53.408
-53.4859
-53.5824
-53.6494
-53.6564
-53.6903
-53.6408
-53.5807
-53.5624
-53.5492
-53.5295
-53.5501
-53.5612
-53.6023
-53.6686
-53.7559
-53.8586
-53.974
-54.0634
-54.1672
-54.2855
-54.4163
-54.5557
-54.6642
-54.7787
-54.9066
-55.045
-55.19
-55.3398
-55.4236
-55.4814
-55.5489
-55.6036
-55.4823
-55.2972
-55.106
-54.9662
-54.8408
-54.7296
-54.6054
-54.5168
-54.4806
-54.4469
-54.3872
-54.3431
-54.3103
-54.2092
-54.0184
-53.7277
-53.4732
-53.2485
-52.9269
-52.5931
-52.281
-51.918
-51.5129
-51.216
-51.0025
-50.8461
-50.6643
-50.5093
-50.3631
-50.2364
-50.1272
-49.9823
-49.8417
-49.7094
-49.5577
-49.4343
-49.2944
-49.1824
-49.0498
-48.9312
-48.8368
-48.7367
-48.6436
-48.5653
-48.4978
-48.4382
-48.3844
-48.3343
-48.2867
-48.2403
-48.194
-48.147
-48.0981
-48.0461
-47.9894
-47.9262
-47.8546
-47.7724
-47.6768
-47.5636
-47.4268
-47.2589
-47.0504
-46.7867
-46.4432
-45.9798
-45.3195
-44.2932
-42.3947
-36.5096
34.2644
7.77507
-31.2107
-55.5825
-62.7471
-64.917
-65.7304
-66.0762
-66.2278
-66.2929
-66.3173
-66.3209
-66.3128
-66.2973
-66.2768
-66.2526
-66.2254
-66.196
-66.1647
-66.132
-66.0981
-66.0633
-66.0279
-65.992
-65.9557
-65.9193
-65.8828
-65.8464
-65.8101
-65.774
-65.7383
-65.703
-65.668
-65.6335
-65.5995
-65.5661
-65.5332
-65.5008
-65.4691
-65.438
-65.4075
-65.3776
-65.3484
-65.3198
-65.2918
-65.2645
-65.2378
-65.2118
-65.1311
-65.0666
-65.0125
-64.9676
-64.683
-64.1229
-63.7296
-63.3884
-63.1244
-62.9152
-62.7479
-62.524
-62.2359
-62.0047
-61.7866
-61.614
-61.4823
-61.2136
-59.8352
-58.6835
-57.8518
-57.2423
-56.746
-56.187
-55.763
-55.3902
-55.1148
-54.9086
-54.7194
-54.5564
-54.4343
-54.3352
-54.28
-54.2572
-54.1871
-53.9209
-53.6943
-53.5098
-53.3756
-53.3002
-53.2611
-53.2236
-53.2235
-53.2507
-53.3019
-53.354
-53.4136
-53.3961
-53.3276
-53.2945
-53.2502
-53.2586
-53.2982
-53.3582
-53.3808
-53.4128
-53.4375
-53.4974
-53.5801
-53.6812
-53.7345
-53.7887
-53.8706
-53.9732
-54.0691
-54.1579
-54.2641
-54.3412
-54.4432
-54.5601
-54.6896
-54.8275
-54.9717
-55.121
-55.2743
-55.4306
-55.5894
-55.7498
-55.9083
-56.0215
-56.1498
-56.2857
-56.428
-56.5733
-56.7202
-56.8483
-56.9484
-57.0634
-57.1856
-57.3135
-57.4439
-57.5758
-57.6797
-57.7136
-57.6767
-57.6418
-57.6518
-57.6905
-57.748
-57.733
-57.5815
-57.2531
-56.8998
-56.6149
-56.2712
-55.7802
-55.3332
-54.8644
-54.4281
-54.0011
-53.5206
-53.0163
-52.597
-52.2979
-52.0816
-51.8967
-51.726
-51.6001

