-70
-69.8623
-69.7285
-69.5983
-69.4718
-69.3487
-69.2291
-69.1128
-68.9997
-68.8897
-68.7828
-68.6789
-68.5778
-68.4795
-68.3839
-68.291
-68.2007
-68.1128
-68.0274
-67.9443
-67.8636
-67.7851
-67.7087
-67.6345
-67.5623
-67.4921
-67.4238
-67.3574
-67.2929
-67.2301
-67.1691
-67.1098
-67.0521
-66.996
-66.9414
-66.8884
-66.8368
-66.7866
-66.7378
-66.6904
-66.6443
-66.5994
-66.5558
-66.5133
-66.4721
-66.432
-66.393
-66.355
-66.3181
-66.2823
-66.2474
-66.2134
-66.1805
-66.1484
-66.1172
-66.0868
-66.0573
-66.0286
-66.0007
-65.9736
-65.9472
-65.9215
-65.8966
-65.8723
-65.8487
-65.8257
-65.8034
-65.7817
-65.7606
-65.74
-65.72
-65.7006
-65.6817
-65.6633
-65.6455
-65.6281
-65.6112
-65.5948
-65.5788
-65.5632
-65.5481
-65.5334
-65.5191
-65.5052
-65.4917
-65.4785
-65.4657
-65.4533
-65.4412
-65.4294
-65.418
-65.4068
-65.396
-65.3855
-65.3752
-65.3653
-65.3556
-65.3462
-65.337
-65.3281
-65.3194
-65.311
-65.3028
-65.2948
-65.2871
-65.2795
-65.2722
-65.2651
-65.2581
-65.2514
-65.2448
-65.2385
-65.2322
-65.2262
-65.2203
-65.2146
-65.2091
-65.2037
-65.1984
-65.1933
-65.1884
-65.1835
-65.1788
-65.1743
-65.1698
-65.1655
-65.1613
-65.1572
-65.1532
-65.1493
-65.1456
-65.1419
-65.1384
-65.1349
-65.1315
-65.1283
-65.1251
-65.122
-65.119
-65.1161
-65.1132
-65.1104
-65.1077
-65.1051
-65.1026
-65.1001
-65.0977
-65.0953
-65.0931
-65.0908
-65.0887
-65.0866
-65.0845
-65.0826
-65.0806
-65.0788
-65.0769
-65.0752
-65.0734
-65.0718
-65.0701
-65.0685
-65.067
-65.0655
-65.064
-65.0626
-65.0612
-65.0599
-65.0586
-65.0573
-65.0561
-65.0549
-65.0537
-65.0526
-65.0514
-65.0504
-65.0493
-65.0483
-65.0473
-65.0464
-65.0454
-65.0445
-65.0436
-65.0428
-65.0419
-65.0411
-65.0403
-65.0395
-65.0388
-65.0381
-65.0374
-65.0367
-65.036
-65.0353
-65.0347
-65.0341
-65.0335
-65.0329
-65.0323
-65.0318
-65.0313
-65.0307
-65.0302
-65.0297
-65.0293
-65.0288
-65.0283
-65.0279
-65.0275
-65.027
-65.0266
-65.0262
-65.0259
-65.0255
-65.0251
-65.0248
-65.0244
-65.0241
-65.0238
-65.0234
-65.0231
-65.0228
-65.0225
-65.0223
-65.022
-65.0217
-65.0215
-65.0212
-65.021
-65.0207
-65.0205
-65.0203
-65.02
-65.0198
-65.0196
-65.0194
-65.0192
-65.019
-65.0188
-65.0187
-65.0185
-65.0183
-65.0181
-65.018
-65.0178
-65.0177
-65.0175
-65.0174
-65.0172
-65.0171
-65.017
-65.0168
-65.0167
-65.0166
-65.0165
-65.0163
-65.0162
-65.0161
-65.016
-65.0159
-65.0158
-65.0157
-65.0156
-65.0155
-65.0154
-65.0153
-65.0153
-65.0152
-65.0151
-65.015
-65.0149
-65.0149
-65.0148
-65.0147
-65.0147
-65.0146
-65.0145
-65.0145
-65.0144
-65.0143
-65.0143
-65.0142
-65.0142
-65.0141
-65.0141
-65.014
-65.014
-65.0139
-65.0139
-65.0138
-65.0138
-65.0137
-65.0137
-65.0137
-65.0136
-65.0136
-65.0135
-65.0135
-65.0135
-65.0134
-65.0134
-65.0134
-65.0133
-65.0133
-65.0133
-65.0133
-65.0132
-65.0132
-65.0132
-65.0131
-65.0131
-65.0131
-65.0131
-65.0131
-65.013
-65.013
-65.013
-65.013
-65.0129
-65.0129
-65.0129
-65.0129
-65.0129
-65.0129
-65.0128
-65.0128
-65.0128
-65.0128
-65.0128
-65.0128
-65.0127
-65.0127
-65.0127
-65.0127
-65.0127
-65.0127
-65.0127
-65.0127
-65.0126
-65.0126
-65.0126
-65.0126
-65.0126
-65.0126
-65.0126
-65.0126
-65.0126
-65.0126
-65.0125
-65.0125
-65.0125
-65.0125
-65.0125
-65.0125
-65.0125
-65.0125
-65.0125
-65.0125
-65.0125
-65.0125
-65.0125
-65.0124
-65.0124
-65.0124
-65.0124
-65.0124
-65.0124
-65.0124
-65.0124
-65.0124
-65.0124
-65.0124
-65.0124
-65.0124
-65.0124
-65.0124
-65.0124
-65.0124
-65.0124
-65.0124
-65.0124
-65.0124
-65.0124
-65.0124
-65.0123
-65.0123
-65.0123
-65.0123
-65.0123
-65.0123
-65.0123
-65.0123
-65.0123
-65.0123
-65.0123
-65.0123
-65.0123
-65.0123
-65.0123
-65.0123
-65.0123
-65.0123
-65.0123
-65.0123
-65.0123
-65.0123
-65.0123
-65.0123
-65.0123
-65.0123
-65.0123
-65.0123
-65.0123
-65.0123
-65.0123
-65.0123
-65.0123
-65.0123
-65.0123
-65.0123
-65.0123
-65.0123
-65.0123
-65.0123
-65.0123
-65.0123
-65.0123
-65.0123
-65.0123
-65.0123
-65.0123
-65.0123
-65.0123
-65.0123
-65.0123
-65.0123
-65.0123
-65.0123
-65.0123
-65.0123
-65.0123
-65.0123
-65.0123
-65.0123
-65.0123
-65.0123
-65.0123
-65.0123
-65.0123
-65.0123
-65.0123
-65.0123
-65.0123
-65.0123
-65.0123
-65.0123
-65.0123
-65.0123
-65.0123
-65.0123
-65.0123
-65.0123
-65.0123
-65.0123
-65.0123
-65.0123
-65.0122
-65.0122
-65.0122
-65.0122
-65.0122
-65.0122
-65.0122
-65.0122
-65.0122
-65.0122
-65.0122
-65.0122
-65.0122
-65.0122
-65.0122
-65.0122
-65.0122
-65.0122
-65.0122
-65.0122
-65.0122
-65.0122
-65.0122
-65.0122
-65.0122
-65.0122
-64.9336
-64.7437
-64.6151
-64.5182
-64.4475
-64.3914
-64.3464
-64.3103
-64.2816
-64.2591
-64.242
-64.2293
-64.2204
-64.2149
-64.2122
-64.2118
-64.2136
-64.2171
-64.2222
-64.1615
-64.1205
-64.0517
-63.9111
-63.8124
-63.7406
-63.6429
-63.5474
-63.3479
-63.1601
-63.0026
-62.8722
-62.7326
-62.574
-62.4612
-62.3789
-62.2557
-62.0907
-61.75
-61.5115
-61.2866
-61.1173
-60.994
-60.9058
-60.844
-60.8031
-60.7688
-60.7177
-60.6919
-60.6834
-60.6901
-60.7077
-60.6881
-60.6875
-60.7014
-60.7281
-60.7633
-60.805
-60.852
-60.9032
-60.958
-61.0157
-61.0758
-61.1377
-61.2011
-61.2655
-61.3308
-61.3965
-61.4094
-61.3875
-61.3463
-61.29
-61.2435
-61.2263
-61.2277
-61.2426
-61.2669
-61.2985
-61.3361
-61.3784
-61.4247
-61.4742
-61.5262
-61.5802
-61.6358
-61.6925
-61.6387
-61.5244
-61.4437
-61.3531
-61.2968
-61.267
-61.2177
-61.1836
-61.1702
-61.1734
-61.1154
-61.0578
-61.03
-61.0241
-61.0337
-61.0456
-61.0218
-60.9438
-60.8281
-60.727
-60.6312
-60.579
-60.553
-60.5015
-60.3629
-60.2839
-60.2389
-60.1894
-60.1625
-60.1317
-60.0189
-59.9125
-59.8519
-59.8114
-59.7665
-59.7182
-59.6717
-59.6425
-59.6399
-59.6564
-59.6872
-59.729
-59.7796
-59.8374
-59.9013
-59.97
-60.0428
-60.1187
-60.1973
-60.2779
-60.36
-60.4432
-60.5272
-60.6117
-60.6963
-60.7809
-60.8651
-60.949
-61.0322
-61.1147
-61.1964
-61.2771
-61.3567
-61.4353
-61.5127
-61.5889
-61.6639
-61.7376
-61.81
-61.8811
-61.9509
-62.0193
-62.0864
-62.152
-62.2164
-62.2794
-62.341
-62.4013
-62.4602
-62.5179
-62.5743
-62.6293
-62.6831
-62.7357
-62.7871
-62.8372
-62.8861
-62.9339
-62.9806
-63.0261
-63.0705
-63.1138
-63.1561
-63.1973
-63.2375
-63.2768
-63.315
-63.3523
-63.3887
-63.4241
-63.4587
-63.4924
-63.5253
-63.5573
-63.5886
-63.604
-63.5802
-63.5733
-63.5743
-63.5823
-63.553
-63.5205
-63.5029
-63.4957
-63.4955
-63.4842
-63.3808
-63.3145
-63.2696
-63.2431
-63.1225
-62.8802
-62.4633
-62.1731
-61.9624
-61.8126
-61.6999
-61.6154
-61.5444
-61.3578
-61.1612
-61.0266
-60.9356
-60.8766
-60.8394
-60.8197
-60.8144
-60.8211
-60.838
-60.8106
-60.7359
-60.6992
-60.6864
-60.6935
-60.7129
-60.7283
-60.7301
-60.7488
-60.7785
-60.7912
-60.7281
-60.6902
-60.6786
-60.6886
-60.712
-60.7449
-60.7854
-60.7949
-60.7777
-60.7663
-60.7341
-60.7302
-60.7435
-60.7707
-60.807
-60.8503
-60.8993
-60.9527
-61.0098
-61.0698
-61.1321
-61.1962
-61.2616
-61.3281
-61.3952
-61.4627
-61.5304
-61.5981
-61.6655
-61.7326
-61.7992
-61.8652
-61.889
-61.9191
-61.9132
-61.8911
-61.8778
-61.7965
-61.6234
-61.4877
-61.4019
-61.3515
-61.2636
-61.1148
-60.9796
-60.8944
-60.7934
-60.7257
-60.6822
-60.6088
-60.5698
-60.5529
-60.5549
-60.57
-60.5926
-60.5782
-60.5865
-60.5625
-60.4807
-60.4421
-60.4165
-60.3927
-60.3922
-60.4075
-60.4359
-60.4357
-60.4078
-60.3685
-60.3542
-60.327
-60.3277
-60.3449
-60.3565
-60.3183
-60.271
-60.2191
-60.1965
-60.198
-60.2173
-60.2489
-60.29
-60.3388
-60.3937
-60.4537
-60.5179
-60.5854
-60.6555
-60.7278
-60.8016
-60.8765
-60.9523
-61.0286
-61.1051
-61.1816
-61.258
-61.3339
-61.4093
-61.4841
-61.5581
-61.6313
-61.7035
-61.7748
-61.845
-61.9141
-61.9821
-62.0489
-62.1145
-62.1789
-62.2421
-62.3041
-62.3648
-62.4243
-62.4826
-62.5397
-62.5955
-62.6501
-62.7035
-62.7557
-62.8068
-62.8566
-62.9054
-62.953
-62.9994
-63.0448
-63.0891
-63.1324
-63.1746
-63.2157
-63.2559
-63.2951
-63.3333
-63.3706
-63.407
-63.4425
-63.4771
-63.5108
-63.5437
-63.5757
-63.607
-63.6375
-63.6672
-63.6962
-63.7244
-63.7519
-63.7788
-63.8049
-63.8304
-63.8552
-63.8795
-63.9031
-63.9261
-63.9485
-63.9703
-63.9916
-64.0124
-64.0326
-64.0523
-64.0715
-64.0903
-63.9604
-63.8564
-63.7834
-63.7271
-63.6392
-63.5792
-63.5142
-63.4333
-63.3783
-63.3393
-63.2613
-63.2017
-63.1567
-63.0084
-62.7625
-62.4792
-62.2578
-62.0999
-61.9767
-61.7907
-61.6492
-61.4884
-61.3764
-61.288
-61.1993
-61.1413
-61.1046
-61.0863
-61.0817
-61.0884
-61.054
-60.9679
-60.9217
-60.8801
-60.8426
-60.8289
-60.8318
-60.8256
-60.8188
-60.8223
-60.8018
-60.805
-60.8221
-60.8265
-60.8282
-60.8462
-60.8759
-60.9146
-60.9596
-61.0029
-61.0142
-61.0422
-61.0795
-61.1253
-61.176
-61.2303
-61.2874
-61.3467
-61.4076
-61.4698
-61.5329
-61.5965
-61.6605
-61.7246
-61.7886
-61.8523
-61.9157
-61.9786
-62.0409
-62.1025
-62.1093
-62.1301
-62.1598
-62.197
-62.238
-62.2812
-62.3176
-62.3102
-62.2717
-62.2183
-62.125
-62.0273
-61.9562
-61.9151
-61.8945
-61.8879
-61.892
-61.9047
-61.9243
-61.9497
-61.9623
-61.9539
-61.9405
-61.8595
-61.7978
-61.601
-61.458
-61.363
-61.3054
-61.2716
-61.2549
-61.252
-61.2602
-61.2424
-61.1719
-61.1115
-60.9445
-60.8147
-60.7325
-60.6865
-60.6203
-60.5428
-60.4991
-60.4354

