-70
-70.0758
-70.1508
-70.225
-70.2983
-70.3706
-70.4419
-70.5122
-70.5814
-70.6496
-70.7168
-70.7829
-70.848
-70.9121
-70.9752
-71.0373
-71.0984
-71.1586
-71.2178
-71.2761
-71.3334
-71.3899
-71.4455
-71.5003
-71.5543
-71.6074
-71.6598
-71.7114
-71.7623
-71.8124
-71.8619
-71.9106
-71.9587
-72.006
-72.0527
-72.0988
-72.1442
-72.1889
-72.2331
-72.2766
-72.3196
-72.362
-72.4038
-72.445
-72.4857
-72.5258
-72.5654
-72.6045
-72.6431
-72.6812
-72.7188
-72.756
-72.7927
-72.8289
-72.8647
-72.9
-72.9349
-72.9694
-73.0035
-73.0371
-73.0704
-73.1032
-73.1357
-73.1678
-73.1994
-73.2307
-73.2617
-73.2922
-73.3224
-73.3523
-73.3817
-73.4109
-73.4397
-73.4682
-73.4963
-73.5241
-73.5516
-73.5788
-73.6057
-73.6323
-73.6585
-73.6845
-73.7102
-73.7356
-73.7608
-73.7857
-73.8103
-73.8346
-73.8587
-73.8825
-73.9061
-73.9294
-73.9524
-73.9753
-73.9979
-74.0202
-74.0423
-74.0642
-74.0859
-74.1073
-74.1285
-74.1495
-74.1703
-74.1909
-74.2112
-74.2313
-74.2513
-74.271
-74.2905
-74.3098
-74.329
-74.3479
-74.3666
-74.3852
-74.4036
-74.4217
-74.4397
-74.4575
-74.4752
-74.4926
-74.5099
-74.527
-74.544
-74.5607
-74.5774
-74.5938
-74.6101
-74.6262
-74.6422
-74.658
-74.6736
-74.6891
-74.7045
-74.7197
-74.7347
-74.7496
-74.7644
-74.779
-74.7935
-74.8079
-74.8221
-74.8362
-74.8501
-74.864
-74.8777
-74.8913
-74.9047
-74.918
-74.9313
-74.9443
-74.9573
-74.9701
-74.9829
-74.9955
-75.008
-75.0204
-75.0327
-75.0448
-75.0569
-75.0688
-75.0806
-75.0924
-75.104
-75.1155
-75.1269
-75.1382
-75.1495
-75.1606
-75.1716
-75.1825
-75.1933
-75.204
-75.2147
-75.2252
-75.2356
-75.246
-75.2562
-75.2664
-75.2764
-75.2864
-75.2963
-75.3061
-75.3158
-75.3255
-75.335
-75.3445
-75.3538
-75.3631
-75.3724
-75.3815
-75.3906
-75.3995
-75.4084
-75.4172
-75.426
-75.4346
-75.4432
-75.4518
-75.4602
-75.4686
-75.4769
-75.4851
-75.4932
-75.5013
-75.5093
-75.5173
-75.5251
-75.533
-75.5407
-75.5484
-75.556
-75.5635
-75.571
-75.5784
-75.5858
-75.593
-75.6003
-75.6074
-75.6145
-75.6216
-75.6285
-75.6355
-75.6423
-75.6491
-75.6559
-75.6626
-75.6692
-75.6758
-75.6823
-75.6888
-75.6952
-75.7015
-75.7078
-75.7141
-75.7203
-75.7264
-75.7325
-75.7386
-75.7446
-75.7505
-75.7564
-75.7622
-75.768
-75.7738
-75.7795
-75.7851
-75.7907
-75.7963
-75.8018
-75.8072
-75.8127
-75.818
-75.8234
-75.8287
-75.8339
-75.8391
-75.8443
-75.8494
-75.8545
-75.8595
-75.8645
-75.8695
-75.8744
-75.8793
-75.8841
-75.8889
-75.8937
-75.8984
-75.9031
-75.9077
-75.9123
-75.9169
-75.9214
-75.9259
-75.9304
-75.9348
-75.9392
-75.9436
-75.9479
-75.9522
-75.9565
-75.9607
-75.9649
-75.969
-75.9731
-75.9772
-75.9813
-75.9853
-75.9893
-75.9933
-75.9972
-76.0011
-76.005
-76.0088
-76.0126
-76.0164
-76.0201
-76.0239
-76.0275
-76.0312
-76.0348
-76.0384
-76.042
-76.0456
-76.0491
-76.0526
-76.056
-76.0595
-76.0629
-76.0663
-76.0696
-76.0729
-76.0762
-76.0795
-76.0828
-76.086
-76.0892
-76.0924
-76.0955
-76.0986
-76.1017
-76.1048
-76.1079
-76.1109
-76.1139
-76.1169
-76.1198
-76.1228
-76.1257
-76.1286
-76.1314
-76.1343
-76.1371
-76.1399
-76.1427
-76.1455
-76.1482
-76.1509
-76.1536
-76.1563
-76.1589
-76.1615
-76.1642
-76.1667
-76.1693
-76.1719
-76.1744
-76.1769
-76.1794
-76.1819
-76.1843
-76.1868
-76.1892
-76.1916
-76.1939
-76.1963
-76.1986
-76.201
-76.2033
-76.2056
-76.2078
-76.2101
-76.2123
-76.2145
-76.2167
-76.2189
-76.2211
-76.2232
-76.2254
-76.2275
-76.2296
-76.2317
-76.2337
-76.2358
-76.2378
-76.2398
-76.2418
-76.2438
-76.2458
-76.2478
-76.2497
-76.2516
-76.2536
-76.2554
-76.2573
-76.2592
-76.2611
-76.2629
-76.2647
-76.2665
-76.2683
-76.2701
-76.2719
-76.2737
-76.2754
-76.2771
-76.2788
-76.2806
-76.2822
-76.2839
-76.2856
-76.2872
-76.2889
-76.2905
-76.2921
-76.2937
-76.2953
-76.2969
-76.2985
-76.3
-76.3016
-76.3031
-76.3046
-76.3061
-76.3076
-76.3091
-76.3106
-76.312
-76.3135
-76.3149
-76.3164
-76.3178
-76.3192
-76.3206
-76.322
-76.3233
-76.3247
-76.3261
-76.3274
-76.3287
-76.33
-76.3314
-76.3327
-76.334
-76.3352
-76.3365
-76.3378
-76.339
-76.3403
-76.3415
-76.3427
-76.3439
-76.3452
-76.3464
-76.3475
-76.3487
-76.3499
-76.351
-76.3522
-76.3533
-76.3545
-76.3556
-76.3567
-76.3578
-76.3589
-76.36
-76.3611
-76.3622
-76.3632
-76.3643
-76.3654
-76.3664
-76.3674
-76.3685
-76.3695
-76.3705
-76.3715
-76.3725
-76.3735
-76.3745
-76.3754
-76.3764
-76.3774
-76.3783
-76.3793
-76.3802
-76.3811
-76.382
-76.383
-76.3839
-76.3848
-76.3857
-76.3866
-76.3874
-76.3883
-76.3892
-76.39
-76.3909
-76.3917
-76.3926
-76.3934
-76.3943
-76.3951
-76.3959
-76.3967
-76.3975
-76.3983
-76.3991
-76.3999
-76.4007
-76.4014
-76.4022
-76.403
-76.4037
-76.4045
-76.4052
-76.406
-76.4067
-76.4074
-75.6458
-71.3644
-67.6835
-64.9104
-62.7495
-60.9512
-59.2514
-57.2021
-52.8667
43.9686
-9.01768
-40.4998
-78.3979
-79.0597
-78.9539
-78.8271
-78.688
-78.5369
-78.3739
-77.9444
-75.8546
-74.5108
-73.6947
-73.0675
-72.5215
-72.0196
-71.5488
-71.1048
-70.6873
-70.6973
-70.8351
-70.8924
-70.8981
-70.8755
-70.8384
-70.8143
-71.2394
-69.0038
-66.7481
-65.2551
-65.1505
-65.3815
-65.5571
-65.6922
-65.803
-65.8991
-65.9865
-66.0692
-66.1495
-66.2291
-66.309
-66.3901
-66.4726
-66.5567
-66.6426
-66.7303
-66.8199
-66.9112
-67.0041
-67.0986
-67.1944
-67.2914
-67.3895
-67.4885
-67.5881
-67.6881
-67.7884
-67.8887
-67.9889
-68.0889
-68.1885
-68.2876
-68.3862
-68.4842
-68.5814
-68.6778
-68.7732
-68.8676
-68.3828
-65.2232
-62.4854
-60.3317
-58.3977
-56.1214
-50.9168
36.796
-15.8088
-49.9136
-79.1372
-78.7605
-78.4327
-78.2387
-78.0381
-77.8231
-77.5937
-77.3513
-77.0976
-76.8347
-74.458
-72.3443
-71.1717
-70.5557
-70.0755
-69.665
-69.3628
-69.5944
-69.7812
-69.8658
-69.8938
-69.8912
-69.8732
-70.154
-70.6421
-70.9992
-71.2551
-71.4437
-71.5867
-71.6983
-71.7877
-71.8615
-71.9241
-71.9786
-72.0272
-72.0716
-72.113
-72.1521
-72.1896
-72.2261
-72.2618
-72.2969
-72.3317
-72.3662
-72.4006
-72.4349
-72.4691
-72.5034
-72.5375
-72.5717
-72.6058
-72.6398
-72.6738
-72.7078
-72.7416
-72.7753
-72.8089
-72.8423
-72.8756
-72.9087
-72.9416
-72.9742
-73.0067
-73.0389
-73.0708
-73.1025
-73.134
-73.1652
-73.196
-73.2266
-73.257
-73.287
-73.3167
-73.3462
-73.3753
-73.4042
-73.4327
-73.461
-73.4889
-73.5166
-73.544
-73.5711
-73.5979
-73.6244
-73.6506
-73.6766
-73.7023
-73.7277
-73.7528
-73.7777
-73.8023
-73.8267
-73.8508
-72.4427
-68.5046
-65.3327
-62.9116
-60.947
-59.1415
-57.0191
-52.5709
43.2211
-10.1844
-41.6526
-78.3662
-78.9394
-78.8197
-78.6779
-78.5228
-78.3546
-78.1737
-77.9809
-77.1058
-74.8991
-73.501
-72.5919
-71.8886
-71.2886
-70.7511
-70.6148
-70.5981
-69.2973
-67.1614
-65.6302
-64.5484
-63.7491
-63.5392
-64.1767
-64.7
-65.0793
-65.3637
-65.5843
-65.6828
-63.8391
-62.045
-60.6894
-59.6165
-60.0295
-60.7162
-61.3167
-61.8279
-62.2647
-62.6385
-62.9634
-63.2503
-63.5065
-63.7389
-63.9532
-64.1534
-64.3427
-64.5228
-64.6957
-64.8629
-65.0258
-65.185
-65.3414
-65.4951
-65.6462
-65.7951
-65.9421
-66.0871
-66.2305
-66.3721
-66.512
-66.65
-66.7861
-66.9203
-67.0525
-67.1829
-67.3113
-67.4378
-67.5623
-66.8642
-63.8815
-61.3747
-59.3449
-57.3971
-54.7517
-44.2027
14.4777
-25.925
-69.9805
-79.462
-78.7647
-78.183
-77.9263
-77.6929
-77.4474
-77.188
-76.9159
-76.6333
-76.3427
-76.0472
-74.736
-71.8755
-69.7943
-68.3258
-67.4763
-67.3282
-67.2135
-67.0847
-66.9556
-66.8342
-66.7247
-66.9186
-67.6294
-68.1903
-68.6018
-68.9117
-69.1511
-69.3408
-69.4952
-69.624
-69.7342
-69.8307
-69.9171
-69.9961
-70.0694
-70.1386
-70.4392
-71.0135
-71.4844
-71.8559
-72.1536
-72.3956
-72.595
-72.7612
-72.9014
-73.021
-73.124
-73.2137
-73.2926
-73.3625
-73.425
-73.4814
-73.5327
-73.5797
-73.623
-73.6633
-73.701
-73.7364
-73.7699
-73.8018
-73.8322
-73.8614
-73.8895
-73.9167
-73.943
-73.9685
-73.9934
-74.0177
-74.0415
-74.0647
-74.0875
-74.1099
-74.1319
-74.1536
-74.1749
-74.1959
-74.2166
-74.237
-74.2572
-74.2771
-74.2968
-74.3162
-74.3354
-74.3544
-74.3732
-74.3918
-74.4102
-74.4283
-74.4463
-74.4641
-74.4817
-74.4991
-74.5164
-74.5334
-74.5503
-74.567
-74.5836
-74.6
-74.6162
-74.6323
-74.6482
-74.6639
-74.6795
-74.695
-74.7103
-74.7254
-74.7404
-74.7553
-74.77
-72.0658
-68.1466
-65.1374
-62.8216
-60.9221
-59.1525
-57.0381
-52.4877
42.5965
-10.5763
-42.0914
-79.011
-78.9643
-78.5929
-78.4098
-78.2249
-78.0257
-77.8122
-77.5853
-77.3462
-77.097
-75.4228
-73.0943
-71.5683
-70.4994
-69.6701
-68.9838
-68.3939
-67.9462
-68.1791
-67.4551
-65.5915
-64.2033
-63.2154
-62.4776
-61.9014
-61.4336
-62.1838
-63.1353
-63.8776
-64.4528
-64.9053
-65.2688
-65.5673
-64.0602
-62.1089
-60.6172
-60.4857
-60.9316
-61.3303
-61.6711
-61.9687
-62.2325
-62.4694
-62.6865
-62.8891
-63.0813
-63.2654
-63.4428
-63.6155
-63.7848
-63.9518
-64.1173
-64.2816
-64.4446
-64.6063
-64.7669
-64.9267
-65.0855
-65.2435
-65.4005
-65.556
-65.71
-65.8625
-66.0133
-66.1623
-66.3097
-66.4552
-66.5986
-66.7398
-66.8789
-67.0157
-67.1502
-67.2825
-67.4126
-67.5405
-67.666
-67.7892
-67.9101
-68.0286
-65.7215
-62.833
-60.5715
-58.6368
-56.5736
-53.0216
32.7431
-5.61959
-37.0449
-77.7486
-78.9343
-78.4188
-78.1903
-77.982
-77.7606
-77.5248
-77.2755
-77.0144
-76.7439
-75.2937
-72.8279

