-70
-70.0758
-70.1508
-70.225
-70.2983
-70.3706
-70.4419
-70.5122
-70.5814
-70.6496
-70.7168
-70.7829
-70.848
-70.9121
-70.9752
-71.0373
-71.0984
-71.1586
-71.2178
-71.2761
-71.3334
-71.3899
-71.4455
-71.5003
-71.5543
-71.6074
-71.6598
-71.7114
-71.7623
-71.8124
-71.8619
-71.9106
-71.9587
-72.006
-72.0527
-72.0988
-72.1442
-72.1889
-72.2331
-72.2766
-72.3196
-72.362
-72.4038
-72.445
-72.4857
-72.5258
-72.5654
-72.6045
-72.6431
-72.6812
-72.7188
-72.756
-72.7927
-72.8289
-72.8647
-72.9
-72.9349
-72.9694
-73.0035
-73.0371
-73.0704
-73.1032
-73.1357
-73.1678
-73.1994
-73.2307
-73.2617
-73.2922
-73.3224
-73.3523
-73.3817
-73.4109
-73.4397
-73.4682
-73.4963
-73.5241
-73.5516
-73.5788
-73.6057
-73.6323
-73.6585
-73.6845
-73.7102
-73.7356
-73.7608
-73.7857
-73.8103
-73.8346
-73.8587
-73.8825
-73.9061
-73.9294
-73.9524
-73.9753
-73.9979
-74.0202
-74.0423
-74.0642
-74.0859
-74.1073
-74.1285
-74.1495
-74.1703
-74.1909
-74.2112
-74.2313
-74.2513
-74.271
-74.2905
-74.3098
-74.329
-74.3479
-74.3666
-74.3852
-74.4036
-74.4217
-74.4397
-74.4575
-74.4752
-74.4926
-74.5099
-74.527
-74.544
-74.5607
-74.5774
-74.5938
-74.6101
-74.6262
-74.6422
-74.658
-74.6736
-74.6891
-74.7045
-74.7197
-74.7347
-74.7496
-74.7644
-74.779
-74.7935
-74.8079
-74.8221
-74.8362
-74.8501
-74.864
-74.8777
-74.8913
-74.9047
-74.918
-74.9313
-74.9443
-74.9573
-74.9701
-74.9829
-74.9955
-75.008
-75.0204
-75.0327
-75.0448
-75.0569
-75.0688
-75.0806
-75.0924
-75.104
-75.1155
-75.1269
-75.1382
-75.1495
-75.1606
-75.1716
-75.1825
-75.1933
-75.204
-75.2147
-75.2252
-75.2356
-75.246
-75.2562
-75.2664
-75.2764
-75.2864
-75.2963
-75.3061
-75.3158
-75.3255
-75.335
-75.3445
-75.3538
-75.3631
-75.3724
-75.3815
-75.3906
-75.3995
-75.4084
-75.4172
-75.426
-75.4346
-75.4432
-75.4518
-75.4602
-75.4686
-75.4769
-75.4851
-75.4932
-75.5013
-75.5093
-75.5173
-75.5251
-75.533
-75.5407
-75.5484
-75.556
-75.5635
-75.571
-75.5784
-75.5858
-75.593
-75.6003
-75.6074
-75.6145
-75.6216
-75.6285
-75.6355
-75.6423
-75.6491
-75.6559
-75.6626
-75.6692
-75.6758
-75.6823
-75.6888
-75.6952
-75.7015
-75.7078
-75.7141
-75.7203
-75.7264
-75.7325
-75.7386
-75.7446
-75.7505
-75.7564
-75.7622
-75.768
-75.7738
-75.7795
-75.7851
-75.7907
-75.7963
-75.8018
-75.8072
-75.8127
-75.818
-75.8234
-75.8287
-75.8339
-75.8391
-75.8443
-75.8494
-75.8545
-75.8595
-75.8645
-75.8695
-75.8744
-75.8793
-75.8841
-75.8889
-75.8937
-75.8984
-75.9031
-75.9077
-75.9123
-75.9169
-75.9214
-75.9259
-75.9304
-75.9348
-75.9392
-75.9436
-75.9479
-75.9522
-75.9565
-75.9607
-75.9649
-75.969
-75.9731
-75.9772
-75.9813
-75.9853
-75.9893
-75.9933
-75.9972
-76.0011
-76.005
-76.0088
-76.0126
-76.0164
-76.0201
-76.0239
-76.0275
-76.0312
-76.0348
-76.0384
-76.042
-76.0456
-76.0491
-76.0526
-76.056
-76.0595
-76.0629
-76.0663
-76.0696
-76.0729
-76.0762
-76.0795
-76.0828
-76.086
-76.0892
-76.0924
-76.0955
-76.0986
-76.1017
-76.1048
-76.1079
-76.1109
-76.1139
-76.1169
-76.1198
-76.1228
-76.1257
-76.1286
-76.1314
-76.1343
-76.1371
-76.1399
-76.1427
-76.1455
-76.1482
-76.1509
-76.1536
-76.1563
-76.1589
-76.1615
-76.1642
-76.1667
-76.1693
-76.1719
-76.1744
-76.1769
-76.1794
-76.1819
-76.1843
-76.1868
-76.1892
-76.1916
-76.1939
-76.1963
-76.1986
-76.201
-76.2033
-76.2056
-76.2078
-76.2101
-76.2123
-76.2145
-76.2167
-76.2189
-76.2211
-76.2232
-76.2254
-76.2275
-76.2296
-76.2317
-76.2337
-76.2358
-76.2378
-76.2398
-76.2418
-76.2438
-76.2458
-76.2478
-76.2497
-76.2516
-76.2536
-76.2554
-76.2573
-76.2592
-76.2611
-76.2629
-76.2647
-76.2665
-76.2683
-76.2701
-76.2719
-76.2737
-76.2754
-76.2771
-76.2788
-76.2806
-76.2822
-76.2839
-76.2856
-76.2872
-76.2889
-76.2905
-76.2921
-76.2937
-76.2953
-76.2969
-76.2985
-76.3
-76.3016
-76.3031
-76.3046
-76.3061
-76.3076
-76.3091
-76.3106
-76.312
-76.3135
-76.3149
-76.3164
-76.3178
-76.3192
-76.3206
-76.322
-76.3233
-76.3247
-76.3261
-76.3274
-76.3287
-76.33
-76.3314
-76.3327
-76.334
-76.3352
-76.3365
-76.3378
-76.339
-76.3403
-76.3415
-76.3427
-76.3439
-76.3452
-76.3464
-76.3475
-76.3487
-76.3499
-76.351
-76.3522
-76.3533
-76.3545
-76.3556
-76.3567
-76.3578
-76.3589
-76.36
-76.3611
-76.3622
-76.3632
-76.3643
-76.3654
-76.3664
-76.3674
-76.3685
-76.3695
-76.3705
-76.3715
-76.3725
-76.3735
-76.3745
-76.3754
-76.3764
-76.3774
-76.3783
-76.3793
-76.3802
-76.3811
-76.382
-76.383
-76.3839
-76.3848
-76.3857
-76.3866
-76.3874
-76.3883
-76.3892
-76.39
-76.3909
-76.3917
-76.3926
-76.3934
-76.3943
-76.3951
-76.3959
-76.3967
-76.3975
-76.3983
-76.3991
-76.3999
-76.4007
-76.4014
-76.4022
-74.8446
-70.5341
-67.0631
-64.4343
-62.3657
-60.6103
-58.888
-56.6535
-50.6465
33.7769
-16.042
-51.0817
-79.4364
-79.7448
-79.718
-78.7039
-77.7425
-77.3594
-77.063
-76.7661
-76.4587
-76.1412
-75.8161
-75.0514
-72.4933
-70.5197
-69.1545
-68.1283
-67.3111
-66.6352
-66.0627
-65.5711
-65.1464
-64.7788
-64.4612
-64.189
-63.9582
-63.7646
-63.6054
-62.6876
-60.3161
-58.0821
-55.4354
-51.5259
41.4852
-13.1881
-45.767
-78.8453
-79.4026
-79.3434
-79.2659
-78.0169
-76.9284
-76.4417
-76.0765
-75.7289
-75.3817
-75.0335
-74.6863
-74.3433
-74.0075
-73.6821
-73.3699
-73.0732
-72.7939
-72.5336
-72.2931
-72.0731
-71.8736
-71.6946
-71.5356
-71.3957
-71.2743
-71.5804
-71.9465
-72.2314
-72.4544
-72.6321
-72.7762
-72.895
-72.9944
-73.079
-73.1519
-73.2157
-71.5195
-67.8567
-65.035
-62.9262
-61.2567
-59.7974
-58.2951
-56.2391
-50.6196
34.1524
-16.3989
-51.8761
-78.7426
-78.961
-78.8403
-78.7016
-78.5501
-78.3862
-78.2102
-77.5788
-75.4725
-74.1444
-73.3117
-72.6662
-72.1064
-71.5957
-71.1202
-70.6753
-70.6729
-70.7325
-70.7227
-70.8422
-71.2226
-71.4896
-71.6608
-71.7729
-71.8477
-71.899
-71.9354
-71.9626
-72.0536
-72.4562
-72.7967
-73.0501
-73.2432
-73.3935
-73.5128
-73.6095
-73.6892
-73.756
-73.813
-73.8623
-73.9057
-73.9444
-73.9794
-74.0113
-74.0409
-74.0685
-74.0945
-74.1192
-74.1428
-74.1655
-74.1875
-74.2088
-74.2296
-74.2499
-74.2699
-74.2894
-74.3087
-74.3277
-74.3464
-74.3649
-74.3832
-74.4012
-74.4191
-74.4368
-74.4544
-74.4718
-74.489
-74.506
-74.5229
-74.5397
-74.5563
-74.5727
-74.589
-74.6052
-74.6212
-74.637
-74.6528
-74.6683
-74.6838
-74.6991
-74.7142
-74.7292
-74.7441
-74.7589
-71.6366
-67.796
-64.8714
-62.6107
-60.739
-58.9629
-56.7614
-51.4422
37.4858
-14.1337
-47.3855
-79.2866
-79.7219
-79.6947
-79.6561
-78.0961
-77.2263
-76.8187
-76.4797
-76.1439
-75.8015
-75.4528
-75.1006
-74.308
-71.6525
-69.55
-68.0712
-66.9593
-66.0817
-65.365
-64.7662
-64.2578
-63.8225
-63.447
-63.1231
-62.8448
-62.6054
-62.4013
-62.2298
-62.089
-61.9774
-60.4977
-58.1586
-56.2695
-54.4651
-45.7571
17.8668
-24.2742
-67.6072
-79.2978
-79.3646
-79.2908
-79.2079
-79.1179
-79.021
-78.8043
-78.5758
-78.4096
-78.2638
-78.1245
-77.9882
-77.8546
-77.7242
-77.5978
-77.4763
-77.3604
-77.2507
-77.1476
-77.0515
-76.9624
-76.8804
-76.8052
-76.7367
-76.6746
-76.6186
-76.5682
-76.5231
-76.4829
-76.4471
-76.4155
-76.3875
-76.3629
-76.3414
-76.3225
-75.8843
-71.7146
-67.9653
-65.1523
-62.977
-61.1906
-59.5455
-57.6723
-54.341
33.491
0.354799
-32.5377
-76.8631
-78.9965
-78.8981
-78.7648
-78.6183
-78.4589
-78.287
-78.1031
-77.9082
-76.5129
-74.2765
-72.8881
-71.9484
-71.2152
-70.5937
-70.0434
-69.5462
-69.0935
-68.6813
-68.3073
-67.9702
-67.6687
-67.4019
-67.1686
-66.9672
-66.7962
-66.6839
-67.3406
-68.0299
-68.5736
-69.0068
-69.3574
-69.6456
-69.9055
-70.5966
-71.2294
-71.714
-72.0905
-72.3881
-72.6271
-72.8218
-72.9825
-73.117
-73.2308
-73.3282
-73.4125
-73.4862
-73.5513
-73.6093
-73.6614
-73.7088
-73.7521
-73.792
-73.8291
-73.8638
-73.8964
-73.9273
-73.9566
-73.9847
-74.0116
-74.0376
-74.0627
-74.087
-74.1107
-74.1337
-74.1563
-74.1783
-74.1999
-74.2211
-74.2419
-74.2624
-74.2826
-74.3024
-74.322
-74.3414
-74.3604
-74.3793
-74.3979
-74.4163
-74.4345
-74.4524
-74.4702
-74.4878
-74.5052
-74.5224
-74.5394
-74.5563
-74.5729
-74.5894
-74.6058
-74.6219
-74.638
-74.6538
-74.6695
-74.685
-74.7004
-74.7157
-74.7308
-74.7457
-74.7605
-74.7752
-74.7897
-74.8041
-74.8184
-74.8325
-74.8465
-74.8604
-74.8741
-74.8877
-74.9012
-74.5102
-70.5317
-66.941
-64.2323
-62.108
-60.2994
-58.4892
-55.99
-46.7012
22.0774
-21.756
-64.078
-79.1091
-78.7717
-78.5914
-78.4236
-78.2422
-78.0466
-77.8372
-77.615
-77.3817
-75.774
-73.5957
-72.2056
-71.2365
-70.4757
-69.8345
-69.2726
-68.7707
-68.3191
-66.5548
-64.2229
-62.423
-60.9846
-59.7156
-58.4251
-56.7888
-53.5953
28.6111
-2.75473
-34.8095
-77.6309
-78.975
-78.4854
-78.2198
-77.9931
-77.7796
-77.5574
-77.3248
-77.0831
-76.7767
-76.4995
-76.2482
-76.0102
-75.7819
-75.5631
-75.3545
-75.1569
-74.9713
-74.7982
-74.6381
-74.491
-74.3571
-74.2359
-74.1272
-74.0305
-73.945
-73.8702
-73.8054
-73.7498
-73.7027
-73.6633
-73.6311
-73.6053
-73.5853
-73.5705
-73.5604
-73.5545
-73.5523
-73.5534
-73.5575
-73.5641
-73.573
-73.5839
-73.5965
-71.8092
-67.9527
-64.9135
-62.5834
-60.6697
-58.8649
-56.6287
-51.1174
36.144
-15.0437
-48.9567
-79.3122
-79.7065
-78.6057
-78.185
-77.9574
-77.7304
-77.4895
-77.2348
-76.9676
-76.6901
-76.3062
-73.7799
-71.6765
-70.27
-69.2353
-68.4165

