-70
-69.8623
-69.7285
-69.5983
-69.4718
-69.3487
-69.2291
-69.1128
-68.9997
-68.8897
-68.7828
-68.6789
-68.5778
-68.4795
-68.3839
-68.291
-68.2007
-68.1128
-68.0274
-67.9443
-67.8636
-67.7851
-67.7087
-67.6345
-67.5623
-67.4921
-67.4238
-67.3574
-67.2929
-67.2301
-67.1691
-67.1098
-67.0521
-66.996
-66.9414
-66.8884
-66.8368
-66.7866
-66.7378
-66.6904
-66.6443
-66.5994
-66.5558
-66.5133
-66.4721
-66.432
-66.393
-66.355
-66.3181
-66.2823
-66.2474
-66.2134
-66.1805
-66.1484
-66.1172
-66.0868
-66.0573
-66.0286
-66.0007
-65.9736
-65.9472
-65.9215
-65.8966
-65.8723
-65.8487
-65.8257
-65.8034
-65.7817
-65.7606
-65.74
-65.72
-65.7006
-65.6817
-65.6633
-65.6455
-65.6281
-65.6112
-65.5948
-65.5788
-65.5632
-65.5481
-65.5334
-65.5191
-65.5052
-65.4917
-65.4785
-65.4657
-65.4533
-65.4412
-65.4294
-65.418
-65.4068
-65.396
-65.3855
-65.3752
-65.3653
-65.3556
-65.3462
-65.337
-65.3281
-65.3194
-65.311
-65.3028
-65.2948
-65.2871
-65.2795
-65.2722
-65.2651
-65.2581
-65.2514
-65.2448
-65.2385
-65.2322
-65.2262
-65.2203
-65.2146
-65.2091
-65.2037
-65.1984
-65.1933
-65.1884
-65.1835
-65.1788
-65.1743
-65.1698
-65.1655
-65.1613
-65.1572
-65.1532
-65.1493
-65.1456
-65.1419
-65.1384
-65.1349
-65.1315
-65.1283
-65.1251
-65.122
-65.119
-65.1161
-65.1132
-65.1104
-65.1077
-65.1051
-65.1026
-65.1001
-65.0977
-65.0953
-65.0931
-65.0908
-65.0887
-65.0866
-65.0845
-65.0826
-65.0806
-65.0788
-65.0769
-65.0752
-65.0734
-65.0718
-65.0701
-65.0685
-65.067
-65.0655
-65.064
-65.0626
-65.0612
-65.0599
-65.0586
-65.0573
-65.0561
-65.0549
-65.0537
-65.0526
-65.0514
-65.0504
-65.0493
-65.0483
-65.0473
-65.0464
-65.0454
-65.0445
-65.0436
-65.0428
-65.0419
-65.0411
-65.0403
-65.0395
-65.0388
-65.0381
-65.0374
-65.0367
-65.036
-65.0353
-65.0347
-65.0341
-65.0335
-65.0329
-65.0323
-65.0318
-65.0313
-65.0307
-65.0302
-65.0297
-65.0293
-65.0288
-65.0283
-65.0279
-65.0275
-65.027
-65.0266
-65.0262
-65.0259
-65.0255
-65.0251
-65.0248
-65.0244
-65.0241
-65.0238
-65.0234
-65.0231
-65.0228
-65.0225
-65.0223
-65.022
-65.0217
-65.0215
-65.0212
-65.021
-65.0207
-65.0205
-65.0203
-65.02
-65.0198
-65.0196
-65.0194
-65.0192
-65.019
-65.0188
-65.0187
-65.0185
-65.0183
-65.0181
-65.018
-65.0178
-65.0177
-65.0175
-65.0174
-65.0172
-65.0171
-65.017
-65.0168
-65.0167
-65.0166
-65.0165
-65.0163
-65.0162
-65.0161
-65.016
-65.0159
-65.0158
-65.0157
-65.0156
-65.0155
-65.0154
-65.0153
-65.0153
-65.0152
-65.0151
-65.015
-65.0149
-65.0149
-65.0148
-65.0147
-65.0147
-65.0146
-65.0145
-65.0145
-65.0144
-65.0143
-65.0143
-65.0142
-65.0142
-65.0141
-65.0141
-65.014
-65.014
-65.0139
-65.0139
-65.0138
-65.0138
-65.0137
-65.0137
-65.0137
-65.0136
-65.0136
-65.0135
-65.0135
-65.0135
-65.0134
-65.0134
-65.0134
-65.0133
-65.0133
-65.0133
-65.0133
-65.0132
-65.0132
-65.0132
-65.0131
-65.0131
-65.0131
-65.0131
-65.0131
-65.013
-65.013
-65.013
-65.013
-65.0129
-65.0129
-65.0129
-65.0129
-65.0129
-65.0129
-65.0128
-65.0128
-65.0128
-65.0128
-65.0128
-65.0128
-65.0127
-65.0127
-65.0127
-65.0127
-65.0127
-65.0127
-65.0127
-65.0127
-65.0126
-65.0126
-65.0126
-65.0126
-65.0126
-65.0126
-65.0126
-65.0126
-65.0126
-65.0126
-65.0125
-65.0125
-65.0125
-65.0125
-65.0125
-65.0125
-65.0125
-65.0125
-65.0125
-65.0125
-65.0125
-65.0125
-65.0125
-65.0124
-65.0124
-65.0124
-65.0124
-65.0124
-65.0124
-65.0124
-65.0124
-65.0124
-65.0124
-65.0124
-65.0124
-65.0124
-65.0124
-65.0124
-65.0124
-65.0124
-65.0124
-65.0124
-65.0124
-65.0124
-65.0124
-65.0124
-65.0123
-65.0123
-65.0123
-65.0123
-65.0123
-65.0123
-65.0123
-65.0123
-65.0123
-65.0123
-65.0123
-65.0123
-65.0123
-65.0123
-65.0123
-65.0123
-65.0123
-65.0123
-65.0123
-65.0123
-65.0123
-65.0123
-65.0123
-65.0123
-65.0123
-65.0123
-65.0123
-65.0123
-65.0123
-65.0123
-65.0123
-65.0123
-65.0123
-65.0123
-65.0123
-65.0123
-65.0123
-65.0123
-65.0123
-65.0123
-65.0123
-65.0123
-65.0123
-65.0123
-65.0123
-65.0123
-65.0123
-65.0123
-65.0123
-65.0123
-65.0123
-65.0123
-65.0123
-65.0123
-65.0123
-65.0123
-65.0123
-65.0123
-65.0123
-65.0123
-65.0123
-65.0123
-65.0123
-65.0123
-65.0123
-65.0123
-65.0123
-65.0123
-65.0123
-65.0123
-65.0123
-65.0123
-65.0123
-65.0123
-64.8272
-64.6749
-64.5616
-64.4807
-64.4179
-64.3677
-64.3273
-64.2951
-64.2696
-64.2499
-64.2351
-64.2244
-64.2173
-64.2132
-64.2117
-64.2125
-64.2152
-64.2195
-64.2252
-64.2321
-64.2401
-64.2489
-64.2584
-64.2685
-64.2792
-64.2902
-64.3016
-64.3133
-64.3251
-64.3371
-64.3491
-64.3613
-64.3734
-64.3855
-64.2678
-63.967
-63.7677
-63.6204
-63.516
-63.4354
-63.3729
-63.3248
-63.2887
-63.2626
-63.245
-63.2345
-63.2302
-63.231
-63.2362
-63.2122
-63.1655
-63.1397
-63.1221
-62.9202
-62.75
-62.5655
-61.7533
-61.1346
-60.3788
-59.4237
-58.6244
-57.287
-56.2616
-55.4621
-54.8584
-54.3066
-53.8821
-53.5491
-52.8987
-52.1488
-51.469
-50.591
-49.8925
-49.1092
-48.4115
-47.788
-47.1564
-46.4772
-45.6824
-44.682
-43.2317
-40.4528
-27.5224
40.2109
-5.73643
-37.2452
-54.9949
-59.4318
-60.4363
-60.6046
-60.5187
-60.3109
-60.1037
-59.8737
-59.6734
-59.5108
-59.382
-59.279
-59.1616
-59.0767
-59.0157
-58.9029
-58.8021
-58.7359
-58.6892
-58.6187
-58.5802
-58.5625
-58.5561
-58.4575
-58.3236
-58.2315
-58.1427
-58.0347
-57.9644
-57.8802
-57.8373
-57.8196
-57.823
-57.8186
-57.6973
-57.5521
-57.43
-57.283
-57.172
-56.9834
-56.7987
-56.6799
-56.2818
-55.8006
-55.2785
-54.7866
-54.3489
-53.9574
-53.4202
-52.7356
-52.1339
-51.63
-51.1248
-50.6999
-50.0981
-49.4074
-48.6723
-47.9649
-47.2485
-46.4904
-45.5911
-44.5103
-42.8973
-39.5442
-17.7879
34.1658
-12.1712
-43.1285
-57.6366
-61.0876
-61.7667
-61.7615
-61.5109
-61.2174
-60.9339
-60.682
-60.465
-60.2821
-60.1308
-60.0075
-59.909
-59.8319
-59.7737
-59.7318
-59.704
-59.6886
-59.6838
-59.6885
-59.7013
-59.7212
-59.7474
-59.779
-59.8152
-59.8556
-59.8994
-59.9462
-59.9955
-60.0471
-60.1004
-60.1553
-60.2115
-60.2686
-60.3266
-60.3851
-60.444
-60.5031
-60.5624
-60.6216
-60.6806
-60.7394
-60.7979
-60.856
-60.9135
-60.9705
-61.027
-61.0827
-61.1378
-61.1922
-61.2458
-61.2987
-61.3507
-61.402
-61.4525
-61.5021
-61.5509
-61.5989
-61.646
-61.6923
-61.7378
-61.7825
-61.8263
-61.8693
-61.9115
-61.9529
-61.9935
-62.0333
-62.0724
-62.09
-62.058
-61.9448
-61.8767
-61.8337
-61.8105
-61.7952
-61.6422
-61.5235
-61.4414
-61.3894
-61.3371
-61.148
-60.7132
-60.3934
-60.0461
-59.4427
-58.2963
-56.5649
-55.2651
-54.1414
-53.2796
-52.6053
-51.8574
-51.254
-50.4077
-49.7014
-49.1176
-48.6106
-48.1242
-47.6324
-47.0894
-46.5192
-45.8285
-44.95
-43.7069
-41.4771
-34.1955
41.6833
4.19847
-32.0606
-55.8548
-62.2398
-63.6741
-63.9017
-63.793
-63.4317
-63.009
-62.5925
-62.186
-61.7848
-61.4292
-61.1484
-60.9235
-60.6909
-60.4426
-60.1127
-59.8662
-59.6781
-59.5388
-59.4326
-59.3347
-59.1929
-59.0779
-58.955
-58.8685
-58.7683
-58.7074
-58.632
-58.5843
-58.5603
-58.5562
-58.538
-58.4871
-58.4566
-58.4511
-58.4648
-58.4707
-58.4699
-58.4783
-58.4718
-58.4528
-58.3806
-58.2428
-57.9516
-57.612
-57.3211
-57.0435
-56.7753
-56.3584
-56.0645
-55.7808
-55.3651
-54.9231
-54.5459
-54.2317
-53.9637
-53.598
-53.2174
-52.7583
-52.3624
-51.8594
-51.2375
-50.5553
-49.8735
-49.191
-48.6397
-48.1283
-47.6297
-47.0725
-46.4669
-45.7286
-44.8109
-43.4542
-40.8496
-31.1149
41.8443
-2.80577
-37.75
-58.1729
-63.2705
-64.3507
-64.3733
-64.0849
-63.7496
-63.4278
-63.1394
-62.8862
-62.6671
-62.4791
-62.3188
-62.1829
-62.0681
-61.9719
-61.8919
-61.826
-61.7725
-61.7299
-61.6968
-61.6722
-61.6549
-61.6441
-61.639
-61.6389
-61.6432
-61.6515
-61.6631
-61.6778
-61.6951
-61.7147
-61.7363
-61.7596
-61.7845
-61.8107
-61.838
-61.8662
-61.8952
-61.9248
-61.9549
-61.9855
-62.0163
-62.0473
-62.0784
-62.1096
-62.1407
-62.1718
-62.2028
-62.2336
-62.2642
-62.2946
-62.3247
-62.3545
-62.3839
-62.4131
-62.4419
-62.4703
-62.4984
-62.526
-62.5533
-62.5802
-62.6067
-62.6327
-62.6584
-62.6836
-62.7085
-62.7329
-62.7569
-62.7806
-62.8038
-62.8266
-62.849
-62.8711
-62.8927
-62.914
-62.9349
-62.9555
-62.9756
-62.9955
-63.0149
-63.0341
-63.0529
-63.0235
-62.9442
-62.8953
-62.8075
-62.3045
-61.5469
-61.0133
-60.4905
-60.0286
-59.6834
-59.4191
-59.2165
-58.977
-58.7213
-58.4333
-58.2253
-58.0763
-57.7845
-56.2993
-54.8188
-53.7272
-52.9484
-52.3575
-51.7078
-51.1955
-50.5264
-49.9406
-49.3797
-48.8491
-48.3407
-47.8764
-47.4222
-46.9519
-46.4314
-45.6795
-44.4916
-42.8006
-39.2658
-12.5877
31.291
-15.3423
-47.9211
-61.5319
-64.7185
-65.2497
-65.1724
-64.9335
-64.5266
-63.9595
-63.4433
-63.03
-62.697
-62.422
-62.18
-61.9445
-61.7462
-61.541
-61.3807
-61.2511
-61.0774
-60.9362
-60.7967
-60.6729
-60.5815
-60.4547
-60.323
-60.1905
-60.0875
-60.0166
-59.9695
-59.9402
-59.9249
-59.9213
-59.9277
-59.9063
-59.8934
-59.8959
-59.8777
-59.8691
-59.8756
-59.8943
-59.8597
-59.6952
-59.5922
-59.431
-59.3329
-59.2705
-59.2374
-59.2236
-59.2251
-59.2389
-59.2631
-59.2842
-59.186
-59.0984
-58.9818
-58.8238
-58.7013
-58.5163
-58.2644
-57.8149
-57.2701
-56.7745
-56.3687
-55.9203
-55.4368
-54.9651
-54.3126
-53.6893
-52.9959
-52.0419
-51.1837
-50.4676
-49.9085
-49.3488
-48.8617
-48.4193
-47.8454

