-70
-69.8623
-69.7285
-69.5983
-69.4718
-69.3487
-69.2291
-69.1128
-68.9997
-68.8897
-68.7828
-68.6789
-68.5778
-68.4795
-68.3839
-68.291
-68.2007
-68.1128
-68.0274
-67.9443
-67.8636
-67.7851
-67.7087
-67.6345
-67.5623
-67.4921
-67.4238
-67.3574
-67.2929
-67.2301
-67.1691
-67.1098
-67.0521
-66.996
-66.9414
-66.8884
-66.8368
-66.7866
-66.7378
-66.6904
-66.6443
-66.5994
-66.5558
-66.5133
-66.4721
-66.432
-66.393
-66.355
-66.3181
-66.2823
-66.2474
-66.2134
-66.1805
-66.1484
-66.1172
-66.0868
-66.0573
-66.0286
-66.0007
-65.9736
-65.9472
-65.9215
-65.8966
-65.8723
-65.8487
-65.8257
-65.8034
-65.7817
-65.7606
-65.74
-65.72
-65.7006
-65.6817
-65.6633
-65.6455
-65.6281
-65.6112
-65.5948
-65.5788
-65.5632
-65.5481
-65.5334
-65.5191
-65.5052
-65.4917
-65.4785
-65.4657
-65.4533
-65.4412
-65.4294
-65.418
-65.4068
-65.396
-65.3855
-65.3752
-65.3653
-65.3556
-65.3462
-65.337
-65.3281
-65.3194
-65.311
-65.3028
-65.2948
-65.2871
-65.2795
-65.2722
-65.2651
-65.2581
-65.2514
-65.2448
-65.2385
-65.2322
-65.2262
-65.2203
-65.2146
-65.2091
-65.2037
-65.1984
-65.1933
-65.1884
-65.1835
-65.1788
-65.1743
-65.1698
-65.1655
-65.1613
-65.1572
-65.1532
-65.1493
-65.1456
-65.1419
-65.1384
-65.1349
-65.1315
-65.1283
-65.1251
-65.122
-65.119
-65.1161
-65.1132
-65.1104
-65.1077
-65.1051
-65.1026
-65.1001
-65.0977
-65.0953
-65.0931
-65.0908
-65.0887
-65.0866
-65.0845
-65.0826
-65.0806
-65.0788
-65.0769
-65.0752
-65.0734
-65.0718
-65.0701
-65.0685
-65.067
-65.0655
-65.064
-65.0626
-65.0612
-65.0599
-65.0586
-65.0573
-65.0561
-65.0549
-65.0537
-65.0526
-65.0514
-65.0504
-65.0493
-65.0483
-65.0473
-65.0464
-65.0454
-65.0445
-65.0436
-65.0428
-65.0419
-65.0411
-65.0403
-65.0395
-65.0388
-65.0381
-65.0374
-65.0367
-65.036
-65.0353
-65.0347
-65.0341
-65.0335
-65.0329
-65.0323
-65.0318
-65.0313
-65.0307
-65.0302
-65.0297
-65.0293
-65.0288
-65.0283
-65.0279
-65.0275
-65.027
-65.0266
-65.0262
-65.0259
-65.0255
-65.0251
-65.0248
-65.0244
-65.0241
-65.0238
-65.0234
-65.0231
-65.0228
-65.0225
-65.0223
-65.022
-65.0217
-65.0215
-65.0212
-65.021
-65.0207
-65.0205
-65.0203
-65.02
-65.0198
-65.0196
-65.0194
-65.0192
-65.019
-65.0188
-65.0187
-65.0185
-65.0183
-65.0181
-65.018
-65.0178
-65.0177
-65.0175
-65.0174
-65.0172
-65.0171
-65.017
-65.0168
-65.0167
-65.0166
-65.0165
-65.0163
-65.0162
-65.0161
-65.016
-65.0159
-65.0158
-65.0157
-65.0156
-65.0155
-65.0154
-65.0153
-65.0153
-65.0152
-65.0151
-65.015
-65.0149
-65.0149
-65.0148
-65.0147
-65.0147
-65.0146
-65.0145
-65.0145
-65.0144
-65.0143
-65.0143
-65.0142
-65.0142
-65.0141
-65.0141
-65.014
-65.014
-65.0139
-65.0139
-65.0138
-65.0138
-65.0137
-65.0137
-65.0137
-65.0136
-65.0136
-65.0135
-65.0135
-65.0135
-65.0134
-65.0134
-65.0134
-65.0133
-65.0133
-65.0133
-65.0133
-65.0132
-65.0132
-65.0132
-65.0131
-65.0131
-65.0131
-65.0131
-65.0131
-65.013
-65.013
-65.013
-65.013
-65.0129
-65.0129
-65.0129
-65.0129
-65.0129
-65.0129
-65.0128
-65.0128
-65.0128
-65.0128
-65.0128
-65.0128
-65.0127
-65.0127
-65.0127
-65.0127
-65.0127
-65.0127
-65.0127
-65.0127
-65.0126
-65.0126
-65.0126
-65.0126
-65.0126
-65.0126
-65.0126
-65.0126
-65.0126
-65.0126
-65.0125
-65.0125
-65.0125
-65.0125
-65.0125
-65.0125
-65.0125
-65.0125
-65.0125
-65.0125
-65.0125
-65.0125
-65.0125
-65.0124
-65.0124
-65.0124
-65.0124
-65.0124
-65.0124
-65.0124
-65.0124
-65.0124
-65.0124
-65.0124
-65.0124
-65.0124
-65.0124
-65.0124
-65.0124
-65.0124
-65.0124
-65.0124
-65.0124
-65.0124
-65.0124
-65.0124
-65.0123
-65.0123
-65.0123
-65.0123
-65.0123
-65.0123
-65.0123
-65.0123
-65.0123
-65.0123
-65.0123
-65.0123
-65.0123
-65.0123
-65.0123
-65.0123
-65.0123
-65.0123
-65.0123
-65.0123
-65.0123
-65.0123
-65.0123
-65.0123
-65.0123
-65.0123
-65.0123
-65.0123
-65.0123
-65.0123
-65.0123
-65.0123
-65.0123
-65.0123
-65.0123
-65.0123
-65.0123
-65.0123
-65.0123
-65.0123
-65.0123
-65.0123
-65.0123
-65.0123
-65.0123
-65.0123
-65.0123
-65.0123
-65.0123
-65.0123
-65.0123
-65.0123
-65.0123
-65.0123
-65.0123
-65.0123
-65.0123
-65.0123
-65.0123
-65.0123
-65.0123
-65.0123
-65.0123
-65.0123
-65.0123
-65.0123
-65.0123
-65.0123
-65.0123
-65.0123
-65.0123
-65.0123
-65.0123
-65.0123
-64.7043
-64.4515
-64.2637
-64.1299
-64.026
-63.943
-63.8763
-63.8231
-63.7811
-63.7486
-63.7241
-63.7065
-63.6948
-63.688
-63.6856
-63.6868
-63.6912
-63.6983
-63.7077
-63.7191
-63.7322
-63.7467
-63.7624
-63.7792
-63.7967
-63.8149
-63.8337
-63.8529
-63.8724
-63.8922
-63.9121
-63.9321
-63.9522
-63.9722
-63.9405
-63.8356
-63.7707
-63.7264
-63.699
-63.681
-63.6701
-63.6648
-63.6641
-63.6672
-63.6735
-63.6824
-63.6936
-63.7067
-63.7213
-63.7372
-63.7541
-63.7719
-63.7391
-63.4715
-63.2691
-63.0387
-62.3903
-61.9128
-61.421
-60.9459
-60.5128
-59.7231
-59.1137
-58.4639
-57.9537
-57.4483
-57.0831
-56.8057
-56.3071
-55.8264
-55.4707
-55.0049
-54.6786
-54.392
-54.1795
-54.0282
-53.8706
-53.6495
-53.4937
-53.3863
-53.2426
-53.1332
-53.0727
-53.0517
-53.0609
-53.021
-53.0107
-53.0134
-53.0276
-53.0719
-53.1379
-53.2225
-53.3215
-53.4329
-53.555
-53.6646
-53.7319
-53.8116
-53.906
-53.9781
-54.0639
-54.1314
-54.2266
-54.3377
-54.4621
-54.5956
-54.7362
-54.8766
-54.9617
-55.0108
-55.0332
-55.0475
-55.1005
-55.1787
-55.275
-55.3835
-55.5013
-55.6267
-55.758
-55.8941
-56.034
-56.1639
-56.2003
-56.2352
-56.2529
-56.3002
-56.3711
-56.4025
-56.398
-56.3712
-56.276
-56.1371
-56.0627
-56.0069
-55.9506
-55.8095
-55.605
-55.3022
-55.0388
-54.7417
-54.2951
-53.7514
-53.2559
-52.8152
-52.4034
-52.0995
-51.8383
-51.6254
-51.4229
-51.2629
-51.1231
-50.9987
-50.903
-50.8469
-50.8109
-50.742
-50.7146
-50.7159
-50.7441
-50.7927
-50.8595
-50.9428
-51.0411
-51.153
-51.2778
-51.4142
-51.5614
-51.7181
-51.883
-52.0555
-52.2344
-52.4193
-52.6095
-52.8041
-53.0021
-53.2028
-53.4054
-53.6097
-53.8151
-54.0209
-54.2264
-54.4314
-54.6356
-54.8386
-55.0401
-55.2396
-55.437
-55.6322
-55.8251
-56.0153
-56.2027
-56.3872
-56.5687
-56.7473
-56.9228
-57.0952
-57.2643
-57.4302
-57.5929
-57.7524
-57.9088
-58.0619
-58.2118
-58.3586
-58.5022
-58.6427
-58.7802
-58.9146
-59.0461
-59.1746
-59.3001
-59.4228
-59.5427
-59.6599
-59.7743
-59.8861
-59.9953
-60.1019
-60.206
-60.3076
-60.4067
-60.5036
-60.5981
-60.6903
-60.763
-60.7424
-60.7554
-60.7837
-60.8254
-60.8735
-60.8185
-60.791
-60.7865
-60.7863
-60.71
-60.3971
-59.9559
-59.6068
-59.3324
-59.0089
-58.4319
-57.6775
-57.0108
-56.3697
-55.9024
-55.5548
-55.0862
-54.7232
-54.3176
-53.9614
-53.7097
-53.5315
-53.4095
-53.3039
-53.1927
-53.1314
-53.0798
-53.0396
-52.9832
-52.9301
-52.8452
-52.798
-52.7928
-52.7885
-52.8163
-52.8102
-52.7835
-52.8013
-52.8494
-52.8714
-52.877
-52.903
-52.926
-52.9777
-53.0281
-53.0987
-53.1543
-53.2325
-53.2941
-53.3782
-53.4818
-53.6018
-53.6946
-53.8027
-53.926
-54.0624
-54.1741
-54.3009
-54.4315
-54.5332
-54.6557
-54.7898
-54.9339
-55.0841
-55.206
-55.3361
-55.4753
-55.6221
-55.7735
-55.9277
-56.0837
-56.174
-56.2589
-56.3365
-56.4167
-56.5162
-56.6219
-56.6003
-56.5565
-56.5051
-56.4194
-56.3337
-56.3025
-56.2764
-56.1826
-56.0762
-56.0005
-55.9764
-55.9291
-55.8754
-55.6859
-55.447
-55.1784
-54.8349
-54.4806
-54.0294
-53.5505
-53.1285
-52.7621
-52.4918
-52.2888
-52.0899
-51.895
-51.7507
-51.6587
-51.6082
-51.59
-51.5758
-51.5393
-51.51
-51.4977
-51.497
-51.4459
-51.4281
-51.4464
-51.4952
-51.5397
-51.5686
-51.6284
-51.7112
-51.8138
-51.9315
-52.0621
-52.2041
-52.356
-52.5169
-52.6855
-52.8606
-53.0411
-53.2262
-53.4151
-53.6072
-53.8018
-53.9981
-54.1954
-54.3931
-54.5911
-54.7888
-54.9857
-55.1814
-55.3756
-55.5682
-55.7589
-55.9476
-56.1339
-56.3175
-56.4987
-56.6771
-56.8528
-57.0256
-57.1954
-57.3622
-57.5259
-57.6867
-57.8443
-57.9989
-58.1504
-58.2988
-58.4441
-58.5864
-58.7256
-58.8619
-58.9953
-59.1257
-59.2531
-59.3778
-59.4996
-59.6186
-59.7349
-59.8486
-59.9597
-60.0682
-60.1741
-60.2775
-60.3785
-60.477
-60.5733
-60.6672
-60.7589
-60.8485
-60.9359
-61.0211
-61.1043
-61.1855
-61.2647
-61.342
-61.4174
-61.491
-61.5628
-61.6328
-61.7012
-61.7678
-61.8329
-61.8963
-61.9582
-62.0186
-62.0775
-62.135
-61.9372
-61.5134
-61.2263
-60.9499
-60.7277
-60.5682
-60.4537
-60.3238
-60.2281
-60.1455
-59.9532
-59.8281
-59.7442
-59.5883
-58.6069
-57.5054
-56.7304
-56.1822
-55.7723
-55.3148
-54.9795
-54.681
-54.4453
-54.2186
-53.9826
-53.8107
-53.6851
-53.5878
-53.5349
-53.5155
-53.4727
-53.3356
-53.2556
-53.1661
-53.0561
-53.0011
-52.9742
-52.9611
-52.9828
-53.03
-53.0989
-53.1851
-53.2803
-53.3354
-53.292
-53.2576
-53.2725
-53.3243
-53.4015
-53.4742
-53.5326
-53.5987
-53.6895
-53.7982
-53.9208
-54.0536
-54.1949
-54.3161
-54.396
-54.4921
-54.6073
-54.7374
-54.8766
-55.0224
-55.1732
-55.3281
-55.486
-55.6462
-55.8081
-55.971
-56.1343
-56.2975
-56.4605
-56.6227
-56.784
-56.9441
-57.1026
-57.2594
-57.3837
-57.4933
-57.6134
-57.7391
-57.8682
-57.9983
-58.1287
-58.2587
-58.3881
-58.5166
-58.6438
-58.7327
-58.7757
-58.8302
-58.8844
-58.8557
-58.788
-58.7513
-58.7383
-58.6454
-58.3707
-58.0351
-57.612
-57.1572
-56.6597
-56.205
-55.822
-55.4031
-54.7772
-54.22
-53.7608
-53.4388
-53.2051
-53.0372
-52.9194
-52.8072

