-70
-70.0758
-70.1508
-70.225
-70.2983
-70.3706
-70.4419
-70.5122
-70.5814
-70.6496
-70.7168
-70.7829
-70.848
-70.9121
-70.9752
-71.0373
-71.0984
-71.1586
-71.2178
-71.2761
-71.3334
-71.3899
-71.4455
-71.5003
-71.5543
-71.6074
-71.6598
-71.7114
-71.7623
-71.8124
-71.8619
-71.9106
-71.9587
-72.006
-72.0527
-72.0988
-72.1442
-72.1889
-72.2331
-72.2766
-72.3196
-72.362
-72.4038
-72.445
-72.4857
-72.5258
-72.5654
-72.6045
-72.6431
-72.6812
-72.7188
-72.756
-72.7927
-72.8289
-72.8647
-72.9
-72.9349
-72.9694
-73.0035
-73.0371
-73.0704
-73.1032
-73.1357
-73.1678
-73.1994
-73.2307
-73.2617
-73.2922
-73.3224
-73.3523
-73.3817
-73.4109
-73.4397
-73.4682
-73.4963
-73.5241
-73.5516
-73.5788
-73.6057
-73.6323
-73.6585
-73.6845
-73.7102
-73.7356
-73.7608
-73.7857
-73.8103
-73.8346
-73.8587
-73.8825
-73.9061
-73.9294
-73.9524
-73.9753
-73.9979
-74.0202
-74.0423
-74.0642
-74.0859
-74.1073
-74.1285
-74.1495
-74.1703
-74.1909
-74.2112
-74.2313
-74.2513
-74.271
-74.2905
-74.3098
-74.329
-74.3479
-74.3666
-74.3852
-74.4036
-74.4217
-74.4397
-74.4575
-74.4752
-74.4926
-74.5099
-74.527
-74.544
-74.5607
-74.5774
-74.5938
-74.6101
-74.6262
-74.6422
-74.658
-74.6736
-74.6891
-74.7045
-74.7197
-74.7347
-74.7496
-74.7644
-74.779
-74.7935
-74.8079
-74.8221
-74.8362
-74.8501
-74.864
-74.8777
-74.8913
-74.9047
-74.918
-74.9313
-74.9443
-74.9573
-74.9701
-74.9829
-74.9955
-75.008
-75.0204
-75.0327
-75.0448
-75.0569
-75.0688
-75.0806
-75.0924
-75.104
-75.1155
-75.1269
-75.1382
-75.1495
-75.1606
-75.1716
-75.1825
-75.1933
-75.204
-75.2147
-75.2252
-75.2356
-75.246
-75.2562
-75.2664
-75.2764
-75.2864
-75.2963
-75.3061
-75.3158
-75.3255
-75.335
-75.3445
-75.3538
-75.3631
-75.3724
-75.3815
-75.3906
-75.3995
-75.4084
-75.4172
-75.426
-75.4346
-75.4432
-75.4518
-75.4602
-75.4686
-75.4769
-75.4851
-75.4932
-75.5013
-75.5093
-75.5173
-75.5251
-75.533
-75.5407
-75.5484
-75.556
-75.5635
-75.571
-75.5784
-75.5858
-75.593
-75.6003
-75.6074
-75.6145
-75.6216
-75.6285
-75.6355
-75.6423
-75.6491
-75.6559
-75.6626
-75.6692
-75.6758
-75.6823
-75.6888
-75.6952
-75.7015
-75.7078
-75.7141
-75.7203
-75.7264
-75.7325
-75.7386
-75.7446
-75.7505
-75.7564
-75.7622
-75.768
-75.7738
-75.7795
-75.7851
-75.7907
-75.7963
-75.8018
-75.8072
-75.8127
-75.818
-75.8234
-75.8287
-75.8339
-75.8391
-75.8443
-75.8494
-75.8545
-75.8595
-75.8645
-75.8695
-75.8744
-75.8793
-75.8841
-75.8889
-75.8937
-75.8984
-75.9031
-75.9077
-75.9123
-75.9169
-75.9214
-75.9259
-75.9304
-75.9348
-75.9392
-75.9436
-75.9479
-75.9522
-75.9565
-75.9607
-75.9649
-75.969
-75.9731
-75.9772
-75.9813
-75.9853
-75.9893
-75.9933
-75.9972
-76.0011
-76.005
-76.0088
-76.0126
-76.0164
-76.0201
-76.0239
-76.0275
-76.0312
-76.0348
-76.0384
-76.042
-76.0456
-76.0491
-76.0526
-76.056
-76.0595
-76.0629
-76.0663
-76.0696
-76.0729
-76.0762
-76.0795
-76.0828
-76.086
-76.0892
-76.0924
-76.0955
-76.0986
-76.1017
-76.1048
-76.1079
-76.1109
-76.1139
-76.1169
-76.1198
-76.1228
-76.1257
-76.1286
-76.1314
-76.1343
-76.1371
-76.1399
-76.1427
-76.1455
-76.1482
-76.1509
-76.1536
-76.1563
-76.1589
-76.1615
-76.1642
-76.1667
-76.1693
-76.1719
-76.1744
-76.1769
-76.1794
-76.1819
-76.1843
-76.1868
-76.1892
-76.1916
-76.1939
-76.1963
-76.1986
-76.201
-76.2033
-76.2056
-76.2078
-76.2101
-76.2123
-76.2145
-76.2167
-76.2189
-76.2211
-76.2232
-76.2254
-76.2275
-76.2296
-76.2317
-76.2337
-76.2358
-76.2378
-76.2398
-76.2418
-76.2438
-76.2458
-76.2478
-76.2497
-76.2516
-76.2536
-76.2554
-76.2573
-76.2592
-76.2611
-76.2629
-76.2647
-76.2665
-76.2683
-76.2701
-76.2719
-76.2737
-76.2754
-76.2771
-76.2788
-76.2806
-76.2822
-76.2839
-76.2856
-76.2872
-76.2889
-76.2905
-76.2921
-76.2937
-76.2953
-76.2969
-76.2985
-76.3
-76.3016
-76.3031
-76.3046
-76.3061
-76.3076
-76.3091
-76.3106
-76.312
-76.3135
-76.3149
-76.3164
-76.3178
-76.3192
-76.3206
-76.322
-76.3233
-76.3247
-76.3261
-76.3274
-76.3287
-76.33
-76.3314
-76.3327
-76.334
-76.3352
-76.3365
-76.3378
-76.339
-76.3403
-76.3415
-76.3427
-76.3439
-76.3452
-76.3464
-76.3475
-76.3487
-76.3499
-76.351
-76.3522
-76.3533
-76.3545
-76.3556
-76.3567
-76.3578
-76.3589
-76.36
-76.3611
-76.3622
-76.3632
-76.3643
-76.3654
-76.3664
-76.3674
-76.3685
-76.3695
-76.3705
-76.3715
-76.3725
-76.3735
-76.3745
-76.3754
-76.3764
-76.3774
-76.3783
-76.3793
-76.3802
-76.3811
-76.382
-76.383
-76.3839
-76.3848
-76.3857
-76.3866
-76.3874
-76.3883
-76.3892
-76.39
-76.3909
-76.3917
-76.3926
-76.3934
-76.3943
-76.3951
-76.3959
-76.3967
-76.3975
-76.3983
-76.3991
-76.3999
-76.4007
-76.4014
-76.4022
-76.403
-76.4037
-76.4045
-76.4052
-76.406
-76.4067
-76.4074
-76.4082
-76.4089
-76.4096
-76.4103
-76.411
-76.4117
-76.4124
-76.4131
-76.4137
-76.4144
-76.4151
-72.663
-68.6821
-65.6705
-63.3528
-61.4712
-59.7744
-57.908
-54.8005
-3.08847
4.51303
-30.173
-75.7291
-79.0914
-79.0157
-78.8959
-78.7637
-78.6197
-78.3627
-78.1256
-77.9259
-76.2876
-74.3199
-73.3218
-73.0937
-72.9423
-72.7543
-72.6979
-72.8643
-73.0755
-73.1487
-73.151
-73.1235
-73.0845
-73.0426
-73.0019
-72.9644
-72.9312
-72.9819
-73.2445
-73.4471
-73.588
-73.6893
-73.7645
-73.9619
-74.1957
-74.3643
-74.4863
-74.5772
-74.6466
-74.7011
-74.7448
-74.7806
-74.8107
-74.8365
-74.8589
-73.4234
-69.5135
-66.4857
-64.2779
-62.6019
-61.2482
-60.0469
-58.8207
-57.2675
-54.3008
7.49335
1.92117
-31.6005
-76.7038
-79.7508
-79.7629
-79.7336
-79.6998
-78.8423
-77.0096
-76.2038
-75.7193
-75.3027
-74.9017
-74.505
-74.1116
-73.724
-73.3452
-72.5115
-69.6243
-67.2467
-65.5229
-64.3962
-64.4167
-64.535
-64.6042
-65.1078
-66.664
-68.0659
-69.5043
-70.7932
-72.0158
-72.8276
-73.2794
-73.5421
-73.703
-73.8066
-73.8764
-73.9256
-73.9619
-73.99
-74.0127
-74.0319
-74.0488
-74.0643
-74.0788
-74.0928
-74.1065
-74.1987
-74.3813
-74.5282
-74.6419
-74.7318
-74.8041
-74.8632
-74.9124
-74.9538
-74.9893
-75.02
-75.0469
-75.0709
-75.0924
-75.1119
-75.1298
-75.1464
-75.1618
-75.1763
-75.1901
-75.2031
-75.2157
-75.2278
-75.2394
-75.2507
-75.2618
-75.2725
-75.283
-75.2934
-75.3035
-75.3135
-75.3233
-75.333
-75.3426
-75.352
-75.3614
-75.3707
-75.3798
-75.3889
-75.3978
-75.4067
-75.4156
-75.4243
-75.4329
-75.4415
-75.45
-75.4584
-75.4668
-75.4751
-75.4833
-75.4914
-75.4995
-75.5075
-75.5154
-75.5233
-75.5311
-75.5389
-75.5465
-75.5541
-75.5617
-75.5692
-75.5766
-71.932
-68.0645
-65.1375
-62.8756
-61.0143
-59.2803
-57.2283
-53.0247
44.7959
-8.22836
-39.6311
-78.2993
-79.057
-78.9524
-78.8254
-78.6861
-78.5348
-78.3716
-78.1972
-77.9841
-76.9214
-74.4436
-72.9331
-72.0564
-71.6861
-71.3884
-71.1022
-70.8322
-70.9612
-71.1028
-71.7535
-72.398
-72.9712
-71.4686
-69.4971
-68.8904
-68.7326
-68.6533
-68.611
-68.5904
-68.5837
-68.5868
-68.5972
-68.6138
-68.6354
-68.6616
-68.6918
-68.7259
-68.7633
-68.8041
-68.8478
-68.8943
-68.9435
-68.9951
-69.0489
-69.4559
-70.1295
-70.6696
-71.093
-71.4304
-71.7033
-71.9273
-72.1136
-72.2705
-72.4041
-71.1851
-67.6562
-64.8946
-62.8507
-61.2512
-59.8798
-58.5217
-56.8236
-53.4538
40.4636
-4.10665
-35.7398
-77.9227
-79.7148
-79.7118
-79.6762
-79.6358
-79.5912
-78.1333
-76.1934
-75.2527
-74.6493
-74.1479
-73.6848
-73.2416
-72.8136
-72.4012
-72.0062
-71.6311
-71.278
-70.9486
-68.5278
-65.987
-64.7791
-64.0028
-63.4426
-63.6351
-64.3678
-64.9258
-65.3346
-65.6438
-65.8854
-66.6928
-68.6031
-70.3606
-71.7616
-72.5942
-73.0866
-73.393
-73.5925
-73.7279
-73.8234
-73.8933
-73.9463
-73.9879
-74.0218
-74.0501
-74.0747
-74.0965
-74.1164
-74.1349
-74.1524
-74.1693
-74.1857
-74.2018
-74.2178
-74.2336
-74.2494
-74.2651
-74.2809
-74.2968
-74.3127
-74.3286
-74.3446
-74.3606
-74.3767
-74.3928
-74.4089
-74.4251
-74.4412
-74.4574
-74.4735
-74.4896
-74.5057
-74.5217
-74.5376
-74.5535
-74.5694
-74.5851
-74.6008
-74.6164
-74.6319
-74.6473
-74.6626
-74.6778
-74.6929
-74.7079
-74.7228
-74.7375
-74.7522
-74.7667
-74.7811
-74.7955
-74.8096
-74.8237
-74.8377
-74.8515
-74.8653
-74.8789
-74.8924
-74.9057
-74.919
-74.9321
-74.9452
-74.9581
-74.9709
-74.9836
-74.9962
-75.0086
-75.021
-75.0332
-75.0454
-75.0574
-75.0693
-75.0811
-75.0929
-75.1045
-75.116
-75.1274
-75.1387
-75.1499
-75.161
-75.172
-75.1829
-75.1937
-75.2044
-72.0315
-68.1294
-65.1586
-62.8679
-60.9867
-59.2364
-57.1605
-52.8408
44.0757
-9.07376
-40.5393
-78.3453
-79.0138
-78.9032
-78.7707
-78.6254
-78.4678
-78.2979
-78.1164
-77.9245
-77.7234
-77.2955
-74.4839
-72.3843
-71.2427
-70.742
-70.3729
-70.0575
-69.7812
-69.5367
-69.6383
-70.4136
-71.4185
-72.0341
-72.5888
-73.026
-73.4435
-73.8878
-74.2221
-74.4079
-74.5142
-74.5784
-74.6191
-74.6463
-74.6655
-74.6798
-74.6912
-74.7008
-74.7094
-74.7174
-74.7251
-74.7328
-74.7406
-74.7485
-74.7566
-74.765
-72.1173
-68.3778
-65.6017
-63.5407
-61.9346
-60.5814
-59.2925
-57.8047
-55.389
-42.8778
15.734
-24.6961
-69.7286
-79.6798
-79.7573
-79.7287
-79.6943
-79.6562
-79.6144
-79.5689
-79.5198
-79.4673
-79.4117
-79.3535
-79.2931
-79.231
-79.1681
-79.1048
-79.0418
-78.9797
-78.919
-78.8602
-78.8035
-78.7493
-75.681
-71.3198
-68.0126
-65.5204
-63.5859
-62.0137
-60.6351
-59.2673
-57.5991
-54.5371
10.9007
2.5935
-31.006
-76.1634

