-70
-69.8623
-69.7285
-69.5983
-69.4718
-69.3487
-69.2291
-69.1128
-68.9997
-68.8897
-68.7828
-68.6789
-68.5778
-68.4795
-68.3839
-68.291
-68.2007
-68.1128
-68.0274
-67.9443
-67.8636
-67.7851
-67.7087
-67.6345
-67.5623
-67.4921
-67.4238
-67.3574
-67.2929
-67.2301
-67.1691
-67.1098
-67.0521
-66.996
-66.9414
-66.8884
-66.8368
-66.7866
-66.7378
-66.6904
-66.6443
-66.5994
-66.5558
-66.5133
-66.4721
-66.432
-66.393
-66.355
-66.3181
-66.2823
-66.2474
-66.2134
-66.1805
-66.1484
-66.1172
-66.0868
-66.0573
-66.0286
-66.0007
-65.9736
-65.9472
-65.9215
-65.8966
-65.8723
-65.8487
-65.8257
-65.8034
-65.7817
-65.7606
-65.74
-65.72
-65.7006
-65.6817
-65.6633
-65.6455
-65.6281
-65.6112
-65.5948
-65.5788
-65.5632
-65.5481
-65.5334
-65.5191
-65.5052
-65.4917
-65.4785
-65.4657
-65.4533
-65.4412
-65.4294
-65.418
-65.4068
-65.396
-65.3855
-65.3752
-65.3653
-65.3556
-65.3462
-65.337
-65.3281
-65.3194
-65.311
-65.3028
-65.2948
-65.2871
-65.2795
-65.2722
-65.2651
-65.2581
-65.2514
-65.2448
-65.2385
-65.2322
-65.2262
-65.2203
-65.2146
-65.2091
-65.2037
-65.1984
-65.1933
-65.1884
-65.1835
-65.1788
-65.1743
-65.1698
-65.1655
-65.1613
-65.1572
-65.1532
-65.1493
-65.1456
-65.1419
-65.1384
-65.1349
-65.1315
-65.1283
-65.1251
-65.122
-65.119
-65.1161
-65.1132
-65.1104
-65.1077
-65.1051
-65.1026
-65.1001
-65.0977
-65.0953
-65.0931
-65.0908
-65.0887
-65.0866
-65.0845
-65.0826
-65.0806
-65.0788
-65.0769
-65.0752
-65.0734
-65.0718
-65.0701
-65.0685
-65.067
-65.0655
-65.064
-65.0626
-65.0612
-65.0599
-65.0586
-65.0573
-65.0561
-65.0549
-65.0537
-65.0526
-65.0514
-65.0504
-65.0493
-65.0483
-65.0473
-65.0464
-65.0454
-65.0445
-65.0436
-65.0428
-65.0419
-65.0411
-65.0403
-65.0395
-65.0388
-65.0381
-65.0374
-65.0367
-65.036
-65.0353
-65.0347
-65.0341
-65.0335
-65.0329
-65.0323
-65.0318
-65.0313
-65.0307
-65.0302
-65.0297
-65.0293
-65.0288
-65.0283
-65.0279
-65.0275
-65.027
-65.0266
-65.0262
-65.0259
-65.0255
-65.0251
-65.0248
-65.0244
-65.0241
-65.0238
-65.0234
-65.0231
-65.0228
-65.0225
-65.0223
-65.022
-65.0217
-65.0215
-65.0212
-65.021
-65.0207
-65.0205
-65.0203
-65.02
-65.0198
-65.0196
-65.0194
-65.0192
-65.019
-65.0188
-65.0187
-65.0185
-65.0183
-65.0181
-65.018
-65.0178
-65.0177
-65.0175
-65.0174
-65.0172
-65.0171
-65.017
-65.0168
-65.0167
-65.0166
-65.0165
-65.0163
-65.0162
-65.0161
-65.016
-65.0159
-65.0158
-65.0157
-65.0156
-65.0155
-65.0154
-65.0153
-65.0153
-65.0152
-65.0151
-65.015
-65.0149
-65.0149
-65.0148
-65.0147
-65.0147
-65.0146
-65.0145
-65.0145
-65.0144
-65.0143
-65.0143
-65.0142
-65.0142
-65.0141
-65.0141
-65.014
-65.014
-65.0139
-65.0139
-65.0138
-65.0138
-65.0137
-65.0137
-65.0137
-65.0136
-65.0136
-65.0135
-65.0135
-65.0135
-65.0134
-65.0134
-65.0134
-65.0133
-65.0133
-65.0133
-65.0133
-65.0132
-65.0132
-65.0132
-65.0131
-65.0131
-65.0131
-65.0131
-65.0131
-65.013
-65.013
-65.013
-65.013
-65.0129
-65.0129
-65.0129
-65.0129
-65.0129
-65.0129
-65.0128
-65.0128
-65.0128
-65.0128
-65.0128
-65.0128
-65.0127
-65.0127
-65.0127
-65.0127
-65.0127
-65.0127
-65.0127
-65.0127
-65.0126
-65.0126
-65.0126
-65.0126
-65.0126
-65.0126
-65.0126
-65.0126
-65.0126
-65.0126
-65.0125
-65.0125
-65.0125
-65.0125
-65.0125
-65.0125
-65.0125
-65.0125
-65.0125
-65.0125
-65.0125
-65.0125
-65.0125
-65.0124
-65.0124
-65.0124
-65.0124
-65.0124
-65.0124
-65.0124
-65.0124
-65.0124
-65.0124
-65.0124
-65.0124
-65.0124
-65.0124
-65.0124
-65.0124
-65.0124
-65.0124
-65.0124
-65.0124
-65.0124
-65.0124
-65.0124
-65.0123
-65.0123
-65.0123
-65.0123
-65.0123
-65.0123
-65.0123
-65.0123
-65.0123
-65.0123
-65.0123
-65.0123
-65.0123
-65.0123
-65.0123
-65.0123
-65.0123
-65.0123
-65.0123
-65.0123
-65.0123
-65.0123
-65.0123
-65.0123
-65.0123
-65.0123
-65.0123
-65.0123
-65.0123
-65.0123
-65.0123
-65.0123
-65.0123
-65.0123
-65.0123
-65.0123
-65.0123
-65.0123
-65.0123
-65.0123
-65.0123
-65.0123
-65.0123
-65.0123
-65.0123
-65.0123
-65.0123
-65.0123
-65.0123
-65.0123
-65.0123
-65.0123
-65.0123
-65.0123
-65.0123
-65.0123
-65.0123
-65.0123
-65.0123
-65.0123
-65.0123
-65.0123
-65.0123
-65.0123
-65.0123
-65.0123
-65.0123
-65.0123
-65.0123
-65.0123
-65.0123
-65.0123
-65.0123
-65.0123
-64.7657
-64.5631
-64.4124
-64.305
-64.2215
-64.1548
-64.1013
-64.0585
-64.0247
-63.9986
-63.9789
-63.9648
-63.9553
-63.9499
-63.9479
-63.9489
-63.9525
-63.9582
-63.9658
-63.975
-63.9855
-63.9972
-64.0098
-64.0233
-64.0374
-64.052
-64.0671
-64.0826
-64.0983
-64.1142
-64.1302
-64.1463
-64.1624
-64.1784
-63.9617
-63.4193
-63.0596
-62.7933
-62.6035
-62.456
-62.3404
-62.2506
-62.1819
-62.131
-62.0951
-62.0718
-62.0594
-62.0562
-62.0608
-62.0397
-61.9463
-61.8779
-61.8154
-61.5509
-61.3715
-61.1057
-59.8816
-59.0148
-58.2229
-57.4958
-56.8775
-55.9145
-55.1611
-54.3118
-53.5726
-52.8123
-52.2071
-51.7396
-51.1434
-50.5312
-49.986
-49.1563
-48.4262
-47.6849
-46.9768
-46.2467
-45.3898
-44.2569
-42.4842
-38.4506
7.48277
25.1212
-17.8044
-46.2046
-57.4236
-60.0768
-60.6232
-60.564
-60.3062
-60.0409
-59.7981
-59.5898
-59.3983
-59.0789
-58.8376
-58.6522
-58.5175
-58.3647
-58.2158
-58.0695
-57.9583
-57.8665
-57.7765
-57.6909
-57.5617
-57.4338
-57.3498
-57.2569
-57.1714
-57.1246
-57.0661
-56.9982
-56.9325
-56.8856
-56.8548
-56.7681
-56.6881
-56.6185
-56.5127
-56.4031
-56.1572
-55.873
-55.6
-55.4024
-55.2427
-55.0664
-54.8487
-54.6519
-54.4068
-54.1985
-53.9728
-53.7908
-53.5889
-53.4285
-53.0679
-52.6191
-52.1585
-51.6769
-51.1234
-50.5653
-49.7462
-48.9887
-48.1593
-47.3347
-46.5163
-45.611
-44.4064
-42.694
-39.1092
-11.0286
31.0932
-14.3874
-44.6912
-57.9707
-61.1205
-61.6316
-61.4962
-61.2026
-60.8378
-60.504
-60.2123
-59.9662
-59.7613
-59.593
-59.4572
-59.3495
-59.2663
-59.2043
-59.1606
-59.1329
-59.119
-59.1172
-59.1258
-59.1435
-59.1692
-59.2018
-59.2404
-59.2842
-59.3325
-59.3847
-59.4402
-59.4984
-59.5591
-59.6218
-59.6861
-59.7518
-59.8185
-59.886
-59.9541
-60.0225
-60.0912
-60.1599
-60.2285
-60.2969
-60.365
-60.4326
-60.4997
-60.5662
-60.6321
-60.6972
-60.7615
-60.825
-60.8877
-60.9495
-61.0103
-61.0702
-61.1292
-61.1872
-61.2442
-61.3003
-61.3553
-61.4094
-61.4625
-61.5146
-61.5658
-61.616
-61.6652
-61.7134
-61.7608
-61.8072
-61.8527
-61.8972
-61.9409
-61.9837
-61.9775
-61.8746
-61.8045
-61.7616
-61.7401
-61.6797
-61.4467
-61.264
-61.1358
-61.0503
-60.9007
-60.5101
-60.0657
-59.745
-59.4795
-58.7711
-57.6127
-56.1629
-54.985
-53.7189
-52.6873
-51.9044
-51.1986
-50.6142
-49.9389
-49.3511
-48.8491
-48.3878
-47.9118
-47.4323
-46.9186
-46.3597
-45.6747
-44.779
-43.4297
-40.8068
-30.1309
41.5997
-4.03118
-38.1736
-57.8147
-62.7548
-63.83
-63.9671
-63.8006
-63.4239
-63.0347
-62.6799
-62.2567
-61.8688
-61.5495
-61.1089
-60.6853
-60.3295
-60.0139
-59.5932
-59.2045
-58.883
-58.6299
-58.4403
-58.297
-58.1902
-58.1054
-58.0047
-57.9411
-57.9032
-57.8877
-57.8504
-57.8338
-57.8371
-57.8234
-57.8279
-57.8494
-57.8857
-57.9327
-57.9881
-58.0504
-58.0845
-58.0695
-58.045
-58.0048
-57.8761
-57.5348
-57.1582
-56.7027
-56.2578
-55.91
-55.6407
-55.2598
-54.9453
-54.6998
-54.5019
-54.3526
-54.2169
-53.9658
-53.595
-53.2721
-52.975
-52.5084
-51.9541
-51.3614
-50.7322
-50.1022
-49.4038
-48.7821
-48.2319
-47.7018
-47.1007
-46.4019
-45.5994
-44.5475
-42.9842
-39.8107
-21.328
35.7232
-11.6967
-44.5801
-59.98
-63.6524
-64.3027
-64.2286
-63.965
-63.6314
-63.3043
-63.0144
-62.7635
-62.5485
-62.3648
-62.2089
-62.0771
-61.9665
-61.8741
-61.7979
-61.7356
-61.6855
-61.6055
-61.5419
-61.495
-61.4628
-61.4411
-61.4278
-61.4217
-61.4217
-61.4271
-61.4371
-61.4511
-61.4686
-61.4892
-61.5123
-61.5378
-61.5651
-61.5942
-61.6246
-61.6563
-61.6889
-61.7223
-61.7564
-61.791
-61.8259
-61.8611
-61.8965
-61.932
-61.9674
-62.0028
-62.0381
-62.0732
-62.108
-62.1426
-62.1768
-62.2107
-62.2443
-62.2775
-62.3102
-62.3426
-62.3745
-62.4059
-62.4369
-62.4674
-62.4975
-62.527
-62.5561
-62.5847
-62.6129
-62.6405
-62.6677
-62.6944
-62.7206
-62.7464
-62.7717
-62.7966
-62.821
-62.8449
-62.8685
-62.8915
-62.9142
-62.9365
-62.9583
-62.9797
-63.0007
-63.0214
-62.9882
-62.9694
-62.9598
-62.9434
-62.501
-61.9657
-61.5899
-61.1607
-60.7681
-60.4488
-60.2111
-59.8988
-59.6417
-59.3884
-58.8092
-58.2712
-57.882
-57.3736
-55.7563
-54.2311
-53.1267
-52.3082
-51.6489
-51.0424
-50.5521
-50.0714
-49.6546
-49.2797
-48.9158
-48.556
-48.2242
-47.9049
-47.5847
-47.2276
-46.6803
-45.8542
-44.9047
-43.4634
-40.7803
-30.9048
41.6964
-3.12166
-38.4313
-58.9811
-64.0172
-65.0113
-65.02
-64.6969
-64.1576
-63.6909
-63.2902
-62.9128
-62.6004
-62.3022
-62.0486
-61.7883
-61.5467
-61.3551
-61.2015
-61.0436
-60.881
-60.7407
-60.6351
-60.5556
-60.4372
-60.3109
-60.2198
-60.1087
-60.0348
-59.9845
-59.9543
-59.9386
-59.935
-59.9413
-59.9563
-59.9785
-60.0069
-60.0406
-60.0144
-59.964
-59.8921
-59.8141
-59.7335
-59.6174
-59.4436
-59.312
-59.1584
-58.995
-58.8884
-58.8205
-58.7824
-58.7653
-58.7391
-58.7064
-58.6997
-58.6612
-58.5737
-58.4711
-58.3907
-58.0367
-57.5404
-56.9717
-56.3694
-55.7891
-55.2801
-54.7548
-54.0631
-53.3333
-52.6748
-52.0227
-51.2786
-50.4768
-49.7986
-49.2105
-48.6562
-48.1639
-47.6959
-47.1941

