-70
-70.0758
-70.1508
-70.225
-70.2983
-70.3706
-70.4419
-70.5122
-70.5814
-70.6496
-70.7168
-70.7829
-70.848
-70.9121
-70.9752
-71.0373
-71.0984
-71.1586
-71.2178
-71.2761
-71.3334
-71.3899
-71.4455
-71.5003
-71.5543
-71.6074
-71.6598
-71.7114
-71.7623
-71.8124
-71.8619
-71.9106
-71.9587
-72.006
-72.0527
-72.0988
-72.1442
-72.1889
-72.2331
-72.2766
-72.3196
-72.362
-72.4038
-72.445
-72.4857
-72.5258
-72.5654
-72.6045
-72.6431
-72.6812
-72.7188
-72.756
-72.7927
-72.8289
-72.8647
-72.9
-72.9349
-72.9694
-73.0035
-73.0371
-73.0704
-73.1032
-73.1357
-73.1678
-73.1994
-73.2307
-73.2617
-73.2922
-73.3224
-73.3523
-73.3817
-73.4109
-73.4397
-73.4682
-73.4963
-73.5241
-73.5516
-73.5788
-73.6057
-73.6323
-73.6585
-73.6845
-73.7102
-73.7356
-73.7608
-73.7857
-73.8103
-73.8346
-73.8587
-73.8825
-73.9061
-73.9294
-73.9524
-73.9753
-73.9979
-74.0202
-74.0423
-74.0642
-74.0859
-74.1073
-74.1285
-74.1495
-74.1703
-74.1909
-74.2112
-74.2313
-74.2513
-74.271
-74.2905
-74.3098
-74.329
-74.3479
-74.3666
-74.3852
-74.4036
-74.4217
-74.4397
-74.4575
-74.4752
-74.4926
-74.5099
-74.527
-74.544
-74.5607
-74.5774
-74.5938
-74.6101
-74.6262
-74.6422
-74.658
-74.6736
-74.6891
-74.7045
-74.7197
-74.7347
-74.7496
-74.7644
-74.779
-74.7935
-74.8079
-74.8221
-74.8362
-74.8501
-74.864
-74.8777
-74.8913
-74.9047
-74.918
-74.9313
-74.9443
-74.9573
-74.9701
-74.9829
-74.9955
-75.008
-75.0204
-75.0327
-75.0448
-75.0569
-75.0688
-75.0806
-75.0924
-75.104
-75.1155
-75.1269
-75.1382
-75.1495
-75.1606
-75.1716
-75.1825
-75.1933
-75.204
-75.2147
-75.2252
-75.2356
-75.246
-75.2562
-75.2664
-75.2764
-75.2864
-75.2963
-75.3061
-75.3158
-75.3255
-75.335
-75.3445
-75.3538
-75.3631
-75.3724
-75.3815
-75.3906
-75.3995
-75.4084
-75.4172
-75.426
-75.4346
-75.4432
-75.4518
-75.4602
-75.4686
-75.4769
-75.4851
-75.4932
-75.5013
-75.5093
-75.5173
-75.5251
-75.533
-75.5407
-75.5484
-75.556
-75.5635
-75.571
-75.5784
-75.5858
-75.593
-75.6003
-75.6074
-75.6145
-75.6216
-75.6285
-75.6355
-75.6423
-75.6491
-75.6559
-75.6626
-75.6692
-75.6758
-75.6823
-75.6888
-75.6952
-75.7015
-75.7078
-75.7141
-75.7203
-75.7264
-75.7325
-75.7386
-75.7446
-75.7505
-75.7564
-75.7622
-75.768
-75.7738
-75.7795
-75.7851
-75.7907
-75.7963
-75.8018
-75.8072
-75.8127
-75.818
-75.8234
-75.8287
-75.8339
-75.8391
-75.8443
-75.8494
-75.8545
-75.8595
-75.8645
-75.8695
-75.8744
-75.8793
-75.8841
-75.8889
-75.8937
-75.8984
-75.9031
-75.9077
-75.9123
-75.9169
-75.9214
-75.9259
-75.9304
-75.9348
-75.9392
-75.9436
-75.9479
-75.9522
-75.9565
-75.9607
-75.9649
-75.969
-75.9731
-75.9772
-75.9813
-75.9853
-75.9893
-75.9933
-75.9972
-76.0011
-76.005
-76.0088
-76.0126
-76.0164
-76.0201
-76.0239
-76.0275
-76.0312
-76.0348
-76.0384
-76.042
-76.0456
-76.0491
-76.0526
-76.056
-76.0595
-76.0629
-76.0663
-76.0696
-76.0729
-76.0762
-76.0795
-76.0828
-76.086
-76.0892
-76.0924
-76.0955
-76.0986
-76.1017
-76.1048
-76.1079
-76.1109
-76.1139
-76.1169
-76.1198
-76.1228
-76.1257
-76.1286
-76.1314
-76.1343
-76.1371
-76.1399
-76.1427
-76.1455
-76.1482
-76.1509
-76.1536
-76.1563
-76.1589
-76.1615
-76.1642
-76.1667
-76.1693
-76.1719
-76.1744
-76.1769
-76.1794
-76.1819
-76.1843
-76.1868
-76.1892
-76.1916
-76.1939
-76.1963
-76.1986
-76.201
-76.2033
-76.2056
-76.2078
-76.2101
-76.2123
-76.2145
-76.2167
-76.2189
-76.2211
-76.2232
-76.2254
-76.2275
-76.2296
-76.2317
-76.2337
-76.2358
-76.2378
-76.2398
-76.2418
-76.2438
-76.2458
-76.2478
-76.2497
-76.2516
-76.2536
-76.2554
-76.2573
-76.2592
-76.2611
-76.2629
-76.2647
-76.2665
-76.2683
-76.2701
-76.2719
-76.2737
-76.2754
-76.2771
-76.2788
-76.2806
-76.2822
-76.2839
-76.2856
-76.2872
-76.2889
-76.2905
-76.2921
-76.2937
-76.2953
-76.2969
-76.2985
-76.3
-76.3016
-76.3031
-76.3046
-76.3061
-76.3076
-76.3091
-76.3106
-76.312
-76.3135
-76.3149
-76.3164
-76.3178
-76.3192
-76.3206
-76.322
-76.3233
-76.3247
-76.3261
-76.3274
-76.3287
-76.33
-76.3314
-76.3327
-76.334
-76.3352
-76.3365
-76.3378
-76.339
-76.3403
-76.3415
-76.3427
-76.3439
-76.3452
-76.3464
-76.3475
-76.3487
-76.3499
-76.351
-76.3522
-76.3533
-76.3545
-76.3556
-76.3567
-76.3578
-76.3589
-76.36
-76.3611
-76.3622
-76.3632
-76.3643
-76.3654
-76.3664
-76.3674
-76.3685
-76.3695
-76.3705
-76.3715
-76.3725
-76.3735
-76.3745
-76.3754
-76.3764
-76.3774
-76.3783
-76.3793
-76.3802
-76.3811
-76.382
-76.383
-76.3839
-76.3848
-76.3857
-76.3866
-76.3874
-76.3883
-76.3892
-76.39
-76.3909
-76.3917
-76.3926
-76.3934
-76.3943
-76.3951
-76.3959
-76.3967
-76.3975
-76.3983
-76.3991
-76.3999
-76.4007
-76.4014
-76.4022
-76.403
-76.4037
-76.4045
-76.4052
-76.406
-75.9818
-71.7886
-68.0041
-65.1549
-62.9445
-61.1211
-59.4257
-57.4468
-53.6233
46.3408
-5.00849
-36.3651
-77.9876
-78.9065
-78.7642
-78.6151
-78.4524
-78.2759
-78.086
-77.8832
-77.6689
-76.0992
-74.0252
-72.7372
-71.8436
-71.1346
-70.5273
-69.9866
-69.4965
-69.0495
-68.6422
-68.2726
-68.8382
-70.4859
-71.5343
-72.1533
-72.6559
-73.228
-73.8446
-72.1884
-70.6107
-70.1746
-70.2278
-70.6776
-70.9984
-71.1592
-71.2466
-71.2995
-71.3353
-71.3625
-71.3854
-71.4062
-71.4262
-71.4462
-71.4668
-71.488
-71.5102
-71.5334
-71.5576
-71.583
-71.6094
-71.637
-71.6656
-71.6952
-71.7258
-71.7572
-71.7896
-71.8227
-71.8566
-71.8912
-71.9263
-69.1799
-65.8213
-63.2809
-61.295
-59.5748
-57.7708
-55.014
-37.1389
10.4181
-27.2119
-73.0001
-79.6374
-79.6809
-79.6425
-78.127
-77.4494
-77.1089
-76.8035
-76.4927
-76.1722
-75.8453
-75.537
-75.2411
-74.684
-71.9749
-69.83
-68.4045
-67.3888
-66.6242
-66.337
-66.9442
-68.4046
-70.2326
-71.7406
-72.7403
-73.2382
-73.585
-73.9762
-74.3749
-74.5917
-74.7666
-74.9742
-75.0919
-75.1818
-75.2643
-75.3084
-75.3323
-75.3464
-75.3664
-75.4269
-75.4695
-75.4963
-75.5141
-75.5267
-75.5362
-75.5595
-75.6064
-75.641
-75.6654
-75.6833
-75.6971
-75.7079
-75.7169
-75.7245
-75.7311
-75.7371
-75.7426
-75.7477
-75.7526
-75.7574
-75.762
-75.7666
-75.7711
-75.7756
-75.7801
-75.7846
-75.7892
-75.7937
-75.7983
-75.8029
-75.8075
-75.8121
-75.8167
-75.8214
-75.8261
-75.8308
-75.8355
-75.8402
-75.8449
-75.8496
-75.8543
-75.859
-75.8637
-75.8684
-75.8731
-75.8777
-75.8824
-75.887
-75.8916
-75.8962
-75.9008
-75.9053
-75.9098
-75.9143
-75.9188
-75.9233
-75.9277
-75.9321
-75.9364
-75.1899
-70.9773
-67.3563
-64.6272
-62.4941
-60.7024
-58.9716
-56.7827
-51.3247
36.772
-14.4178
-47.9376
-78.8746
-78.8434
-78.6797
-78.5214
-78.3495
-78.1635
-77.9638
-77.7514
-77.5275
-76.1524
-73.9172
-72.4895
-71.5122
-70.7508
-70.1099
-69.5474
-69.0435
-68.5884
-67.2776
-66.9388
-67.1586
-67.2786
-67.6679
-68.305
-68.6968
-68.9927
-69.6823
-70.2007
-70.9366
-71.3594
-69.4837
-68.5722
-68.5588
-68.5976
-68.8538
-69.4014
-69.7431
-69.9474
-70.0787
-70.1693
-70.2366
-70.2901
-70.3354
-70.3758
-70.5055
-71.037
-71.4701
-71.7817
-72.0127
-72.1887
-72.3265
-72.4369
-72.5276
-72.6037
-72.6689
-72.7259
-72.7767
-72.8226
-72.8648
-72.904
-72.941
-72.9762
-73.0099
-73.0424
-73.0741
-73.105
-73.1353
-73.1651
-73.1944
-73.2234
-73.2521
-71.1112
-67.3788
-64.4932
-62.2776
-60.446
-58.698
-56.5015
-51.0317
35.9774
-15.3164
-49.4152
-78.6814
-78.8459
-78.6432
-78.4622
-78.2883
-78.1036
-77.9071
-77.6999
-77.4833
-77.2593
-74.8249
-72.7648
-71.4896
-71.0346
-71.2563
-71.5018
-71.9111
-72.3817
-72.6035
-72.687
-72.7084
-72.7014
-72.8859
-73.08
-73.2383
-73.623
-74.1404
-74.4449
-74.6088
-74.7022
-74.8357
-74.9481
-75.0169
-75.0605
-75.0895
-75.1098
-75.1249
-75.1366
-75.1462
-75.1545
-75.162
-75.2096
-75.2853
-75.3434
-75.3875
-75.4217
-75.449
-75.4712
-75.4898
-75.5055
-75.5192
-75.5313
-75.5422
-75.5521
-75.5612
-75.5698
-75.5779
-75.5857
-75.5931
-75.6003
-75.6074
-75.6142
-75.621
-75.6276
-75.6342
-75.6407
-75.6471
-75.6535
-75.6599
-75.6661
-75.6724
-75.6786
-75.6848
-75.691
-75.6971
-75.7032
-75.7092
-75.7153
-75.7213
-75.7272
-75.7331
-75.739
-75.7449
-75.7507
-75.7565
-75.7622
-75.7679
-75.7736
-75.7792
-75.7848
-75.7903
-75.7958
-75.8013
-75.8067
-75.0645
-70.8713
-67.2668
-64.5495
-62.4233
-60.6323
-58.891
-56.6557
-50.7685
34.2957
-15.8048
-50.5745
-79.413
-79.7374
-79.71
-79.6732
-79.6322
-79.5872
-79.5381
-77.0041
-75.3347
-74.4447
-73.8116
-73.2747
-72.7828
-72.3189
-71.8781
-71.4597
-69.5138
-66.957
-65.0491
-63.6103
-62.4704
-61.5177
-60.671
-59.8605
-59.0095
-57.2596
-53.4305
40.0929
-4.44629
-35.9001
-77.6395
-79.3213
-79.1399
-78.9327
-77.975
-77.0068
-76.5723
-76.2358
-75.9359
-75.6445
-75.3567
-75.1188
-74.9018
-74.7642
-74.6625
-74.6212
-74.6279
-74.6357
-74.6129
-74.6725
-74.7075
-74.7126
-74.735
-74.8262
-74.8837
-74.9148
-74.9315
-74.9404
-74.9449
-74.9471
-74.9483
-74.9492
-74.9503
-74.9516
-74.9535
-74.956
-74.9591
-74.9628
-74.9671
-74.972
-74.9775
-74.9835
-74.9899
-74.9968
-75.0042
-75.0939
-75.1907
-75.2675
-75.3288
-75.3785
-75.4194
-75.4536
-75.4826
-75.5074
-75.5289
-75.5477
-75.5645
-75.5795
-75.593
-75.6054
-75.6168
-75.6274
-75.6372
-75.6465
-73.2954
-69.2255
-66.094
-63.725
-61.8464
-60.2186
-58.5622
-56.2873
-49.1812
28.4517
-18.9263
-57.1593
-78.9865
-79.096
-78.9882
-78.8658
-78.732
-78.5868
-78.4306

