-70
-69.8623
-69.7285
-69.5983
-69.4718
-69.3487
-69.2291
-69.1128
-68.9997
-68.8897
-68.7828
-68.6789
-68.5778
-68.4795
-68.3839
-68.291
-68.2007
-68.1128
-68.0274
-67.9443
-67.8636
-67.7851
-67.7087
-67.6345
-67.5623
-67.4921
-67.4238
-67.3574
-67.2929
-67.2301
-67.1691
-67.1098
-67.0521
-66.996
-66.9414
-66.8884
-66.8368
-66.7866
-66.7378
-66.6904
-66.6443
-66.5994
-66.5558
-66.5133
-66.4721
-66.432
-66.393
-66.355
-66.3181
-66.2823
-66.2474
-66.2134
-66.1805
-66.1484
-66.1172
-66.0868
-66.0573
-66.0286
-66.0007
-65.9736
-65.9472
-65.9215
-65.8966
-65.8723
-65.8487
-65.8257
-65.8034
-65.7817
-65.7606
-65.74
-65.72
-65.7006
-65.6817
-65.6633
-65.6455
-65.6281
-65.6112
-65.5948
-65.5788
-65.5632
-65.5481
-65.5334
-65.5191
-65.5052
-65.4917
-65.4785
-65.4657
-65.4533
-65.4412
-65.4294
-65.418
-65.4068
-65.396
-65.3855
-65.3752
-65.3653
-65.3556
-65.3462
-65.337
-65.3281
-65.3194
-65.311
-65.3028
-65.2948
-65.2871
-65.2795
-65.2722
-65.2651
-65.2581
-65.2514
-65.2448
-65.2385
-65.2322
-65.2262
-65.2203
-65.2146
-65.2091
-65.2037
-65.1984
-65.1933
-65.1884
-65.1835
-65.1788
-65.1743
-65.1698
-65.1655
-65.1613
-65.1572
-65.1532
-65.1493
-65.1456
-65.1419
-65.1384
-65.1349
-65.1315
-65.1283
-65.1251
-65.122
-65.119
-65.1161
-65.1132
-65.1104
-65.1077
-65.1051
-65.1026
-65.1001
-65.0977
-65.0953
-65.0931
-65.0908
-65.0887
-65.0866
-65.0845
-65.0826
-65.0806
-65.0788
-65.0769
-65.0752
-65.0734
-65.0718
-65.0701
-65.0685
-65.067
-65.0655
-65.064
-65.0626
-65.0612
-65.0599
-65.0586
-65.0573
-65.0561
-65.0549
-65.0537
-65.0526
-65.0514
-65.0504
-65.0493
-65.0483
-65.0473
-65.0464
-65.0454
-65.0445
-65.0436
-65.0428
-65.0419
-65.0411
-65.0403
-65.0395
-65.0388
-65.0381
-65.0374
-65.0367
-65.036
-65.0353
-65.0347
-65.0341
-65.0335
-65.0329
-65.0323
-65.0318
-65.0313
-65.0307
-65.0302
-65.0297
-65.0293
-65.0288
-65.0283
-65.0279
-65.0275
-65.027
-65.0266
-65.0262
-65.0259
-65.0255
-65.0251
-65.0248
-65.0244
-65.0241
-65.0238
-65.0234
-65.0231
-65.0228
-65.0225
-65.0223
-65.022
-65.0217
-65.0215
-65.0212
-65.021
-65.0207
-65.0205
-65.0203
-65.02
-65.0198
-65.0196
-65.0194
-65.0192
-65.019
-65.0188
-65.0187
-65.0185
-65.0183
-65.0181
-65.018
-65.0178
-65.0177
-65.0175
-65.0174
-65.0172
-65.0171
-65.017
-65.0168
-65.0167
-65.0166
-65.0165
-65.0163
-65.0162
-65.0161
-65.016
-65.0159
-65.0158
-65.0157
-65.0156
-65.0155
-65.0154
-65.0153
-65.0153
-65.0152
-65.0151
-65.015
-65.0149
-65.0149
-65.0148
-65.0147
-65.0147
-65.0146
-65.0145
-65.0145
-65.0144
-65.0143
-65.0143
-65.0142
-65.0142
-65.0141
-65.0141
-65.014
-65.014
-65.0139
-65.0139
-65.0138
-65.0138
-65.0137
-65.0137
-65.0137
-65.0136
-65.0136
-65.0135
-65.0135
-65.0135
-65.0134
-65.0134
-65.0134
-65.0133
-65.0133
-65.0133
-65.0133
-65.0132
-65.0132
-65.0132
-65.0131
-65.0131
-65.0131
-65.0131
-65.0131
-65.013
-65.013
-65.013
-65.013
-65.0129
-65.0129
-65.0129
-65.0129
-65.0129
-65.0129
-65.0128
-65.0128
-65.0128
-65.0128
-65.0128
-65.0128
-65.0127
-65.0127
-65.0127
-65.0127
-65.0127
-65.0127
-65.0127
-65.0127
-65.0126
-65.0126
-65.0126
-65.0126
-65.0126
-65.0126
-65.0126
-65.0126
-65.0126
-65.0126
-65.0125
-65.0125
-65.0125
-65.0125
-65.0125
-65.0125
-65.0125
-65.0125
-65.0125
-65.0125
-65.0125
-65.0125
-65.0125
-65.0124
-65.0124
-65.0124
-65.0124
-65.0124
-65.0124
-65.0124
-65.0124
-65.0124
-65.0124
-65.0124
-65.0124
-65.0124
-65.0124
-65.0124
-65.0124
-65.0124
-65.0124
-65.0124
-65.0124
-65.0124
-65.0124
-65.0124
-65.0123
-65.0123
-65.0123
-65.0123
-65.0123
-65.0123
-65.0123
-65.0123
-65.0123
-65.0123
-65.0123
-65.0123
-65.0123
-65.0123
-65.0123
-65.0123
-65.0123
-65.0123
-65.0123
-65.0123
-65.0123
-65.0123
-65.0123
-65.0123
-65.0123
-65.0123
-65.0123
-65.0123
-65.0123
-65.0123
-65.0123
-65.0123
-65.0123
-65.0123
-65.0123
-65.0123
-65.0123
-65.0123
-65.0123
-65.0123
-65.0123
-65.0123
-65.0123
-65.0123
-65.0123
-65.0123
-65.0123
-65.0123
-65.0123
-65.0123
-65.0123
-65.0123
-65.0123
-65.0123
-65.0123
-65.0123
-65.0123
-65.0123
-65.0123
-65.0123
-65.0123
-65.0123
-65.0123
-65.0123
-65.0123
-65.0123
-65.0123
-65.0123
-65.0123
-65.0123
-65.0123
-65.0123
-65.0123
-65.0123
-62.0179
-59.7048
-58.0522
-56.905
-56.0256
-55.3262
-54.7639
-54.3105
-53.946
-53.6547
-53.4248
-53.2467
-53.1128
-53.0171
-52.9545
-52.9206
-52.9119
-52.9256
-52.959
-53.0101
-53.0769
-53.1575
-53.2506
-53.3548
-53.4687
-53.5911
-53.7209
-53.8573
-53.9993
-54.1461
-54.2971
-54.4514
-54.6087
-54.7683
-54.2674
-52.8551
-51.9483
-51.2787
-50.7944
-50.4008
-50.071
-49.789
-49.5436
-49.3265
-49.1322
-48.9559
-48.7921
-48.6368
-48.4872
-48.2121
-47.8162
-47.4509
-47.0741
-44.5994
-41.9603
-36.1312
26.1493
14.6039
-19.7055
-39.509
-44.504
-38.8542
-33.173
-24.5673
-9.83501
2.53334
-14.8297
-27.8849
-32.6643
-32.024
-29.1413
-23.801
-13.1428
-1.07881
-13.7446
-27.0526
-32.8964
-32.366
-29.781
-25.3846
-14.921
-1.26593
-13.5237
-28.3765
-38.4699
-42.1167
-43.6129
-42.5042
-40.2226
-37.4436
-34.0059
-25.9293
7.00386
-17.1654
-39.8341
-52.1542
-54.2244
-55.1208
-55.1131
-55.1274
-56.6894
-57.5792
-57.1926
-56.4913
-55.7842
-56.4238
-56.4148
-55.6732
-54.9127
-54.0331
-53.3893
-53.2085
-53.6013
-53.192
-53.6746
-54.4946
-54.398
-53.8622
-53.2714
-52.5705
-51.3381
-52.2735
-52.5703
-51.9753
-50.7659
-49.3044
-47.7974
-45.9254
-42.5937
-36.4948
10.798
16.7759
-16.0513
-38.7345
-47.2819
-45.578
-40.9156
-36.1981
-29.8014
-19.3066
6.70351
-10.0195
-25.5566
-33.1664
-34.19
-32.2218
-28.635
-22.7652
-11.0273
-7.58126
-24.3792
-38.5412
-44.6971
-46.8338
-49.0381
-51.5693
-51.8146
-52.6134
-53.8687
-54.7752
-56.1111
-57.6249
-58.499
-60.5241
-62.8244
-64.4742
-65.7318
-66.4465
-67.1123
-67.2493
-67.141
-67.0405
-66.9095
-67.3326
-67.1552
-66.8267
-66.7664
-66.7413
-66.5135
-66.1514
-65.7401
-65.2956
-64.8261
-64.3365
-63.8304
-63.3108
-62.7801
-62.2406
-61.694
-61.142
-60.5863
-60.0281
-59.8916
-60.9118
-61.0421
-60.9268
-61.2707
-61.4614
-61.3659
-61.1646
-60.8966
-60.5812
-60.2307
-59.8536
-59.4563
-59.0436
-58.6194
-58.1867
-57.7479
-57.3049
-56.8593
-56.4119
-55.9637
-55.5152
-55.0664
-54.6174
-54.1678
-53.717
-53.2641
-52.8078
-52.3464
-51.8777
-51.3989
-50.9064
-49.6963
-46.7783
-44.1554
-40.7247
-30.9344
37.6512
2.83626
-27.302
-50.8252
-57.1621
-57.1556
-53.8296
-48.4548
-44.4297
-39.9521
-32.7895
-3.05782
13.7574
-13.3804
-28.9563
-36.1033
-35.8098
-31.9168
-26.9342
-17.974
1.35127
-8.14301
-25.1512
-34.6714
-35.574
-33.227
-29.8232
-24.3289
-8.11819
-1.41656
-18.0139
-32.761
-39.1865
-39.6183
-39.265
-37.2321
-38.809
-39.3815
-37.6395
-36.394
-29.2404
6.62196
-9.8474
-36.59
-48.6975
-51.3318
-50.3461
-51.4935
-54.1179
-55.3177
-56.1955
-56.3864
-56.5178
-56.8977
-56.7052
-56.5048
-55.8592
-55.1253
-54.2545
-53.4111
-52.4453
-51.8403
-52.8383
-52.9168
-52.5781
-52.1032
-52.0716
-53.2242
-53.4159
-53.1966
-52.6652
-51.9399
-51.1318
-50.2234
-48.8455
-48.3203
-47.193
-46.4855
-46.2219
-43.9487
-40.1728
-30.4346
29.9171
-3.33366
-31.6083
-49.7065
-51.1947
-48.776
-45.5222
-42.0766
-37.558
-30.2564
-4.66806
9.26107
-16.8399
-35.4361
-42.2296
-40.6568
-36.6854
-31.5769
-26.1481
-7.46129
0.0232512
-21.6671
-37.1584
-43.1001
-42.7921
-42.0876
-40.2956
-42.1535
-43.4467
-44.0363
-44.6206
-45.3942
-48.276
-50.616
-50.9102
-51.4463
-51.2617
-50.8432
-51.1543
-51.9502
-53.995
-56.2119
-56.6991
-58.6708
-60.8403
-61.2481
-62.3734
-63.1841
-63.334
-63.1667
-62.876
-63.0607
-63.3312
-64.4557
-64.7107
-64.5808
-64.7877
-64.9496
-64.9311
-64.6932
-64.3764
-64.0103
-63.6093
-63.1823
-63.3373
-63.2149
-62.9254
-62.7518
-63.0081
-63.0449
-63.4054
-63.3522
-63.163
-62.9057
-62.6021
-62.7425
-62.9082
-62.7866
-62.573
-62.3059
-62.002
-61.6713
-61.3209
-60.9558
-60.58
-60.1967
-59.8085
-59.4173
-59.0249
-58.6324
-58.2411
-57.8517
-57.4648
-57.081
-56.7005
-56.3235
-55.9501
-55.5801
-55.2134
-54.8498
-54.4888
-54.1298
-53.7724
-53.4156
-53.0587
-52.7007
-52.3401
-51.9755
-51.6054
-51.2271
-50.8385
-50.436
-50.0152
-49.4938
-48.815
-48.1292
-47.2872
-43.8481
-35.7728
20.6785
17.3174
-17.6629
-44.0297
-54.134
-53.6693
-50.7211
-47.6342
-43.3023
-39.1331
-33.8674
-16.4401
16.7534
-9.44387
-27.029
-36.8637
-37.9284
-35.1617
-31.0889
-24.3401
-6.48191
0.893015
-18.5494
-33.9072
-39.4529
-38.7924
-36.3307
-33.0406
-27.3543
-9.80897
3.20196
-16.2617
-32.5737
-39.9088
-40.8413
-40.8684
-40.1371
-40.6768
-42.7644
-43.3217
-42.5369
-40.8743
-37.6032
-34.0604
-8.81098
-2.8548
-32.7486
-51.3309
-57.0707
-58.4372
-59.708
-60.8034
-60.7857
-60.5133
-60.7314
-60.5972
-60.7558
-61.0247
-60.8323
-60.3229
-59.7492
-59.1649
-58.5714
-58.756
-58.4829
-57.914
-58.3522
-58.8385
-58.6452
-58.2977
-57.8882
-57.2981
-57.4865
-57.4386
-56.8607
-55.7234
-54.2869
-52.6227
-51.4478
-51.0183
-50.2372
-49.4104
-48.4358
-47.3067
-46.0811
-44.6026
-42.3088
-37.4103
13.027
18.2566
-18.6141
-47.9755
-58.4102
-58.5243
-55.7213
-52.2341
-47.7407
-43.0005
-36.5134
-20.4957
20.1312
-4.20577
-26.6737
-40.3879
-40.2619
-36.2089
-31.0593
-24.3535
-7.4174
1.50734
-17.9566
-33.7769

