-70
-69.8623
-69.7285
-69.5983
-69.4718
-69.3487
-69.2291
-69.1128
-68.9997
-68.8897
-68.7828
-68.6789
-68.5778
-68.4795
-68.3839
-68.291
-68.2007
-68.1128
-68.0274
-67.9443
-67.8636
-67.7851
-67.7087
-67.6345
-67.5623
-67.4921
-67.4238
-67.3574
-67.2929
-67.2301
-67.1691
-67.1098
-67.0521
-66.996
-66.9414
-66.8884
-66.8368
-66.7866
-66.7378
-66.6904
-66.6443
-66.5994
-66.5558
-66.5133
-66.4721
-66.432
-66.393
-66.355
-66.3181
-66.2823
-66.2474
-66.2134
-66.1805
-66.1484
-66.1172
-66.0868
-66.0573
-66.0286
-66.0007
-65.9736
-65.9472
-65.9215
-65.8966
-65.8723
-65.8487
-65.8257
-65.8034
-65.7817
-65.7606
-65.74
-65.72
-65.7006
-65.6817
-65.6633
-65.6455
-65.6281
-65.6112
-65.5948
-65.5788
-65.5632
-65.5481
-65.5334
-65.5191
-65.5052
-65.4917
-65.4785
-65.4657
-65.4533
-65.4412
-65.4294
-65.418
-65.4068
-65.396
-65.3855
-65.3752
-65.3653
-65.3556
-65.3462
-65.337
-65.3281
-65.3194
-65.311
-65.3028
-65.2948
-65.2871
-65.2795
-65.2722
-65.2651
-65.2581
-65.2514
-65.2448
-65.2385
-65.2322
-65.2262
-65.2203
-65.2146
-65.2091
-65.2037
-65.1984
-65.1933
-65.1884
-65.1835
-65.1788
-65.1743
-65.1698
-65.1655
-65.1613
-65.1572
-65.1532
-65.1493
-65.1456
-65.1419
-65.1384
-65.1349
-65.1315
-65.1283
-65.1251
-65.122
-65.119
-65.1161
-65.1132
-65.1104
-65.1077
-65.1051
-65.1026
-65.1001
-65.0977
-65.0953
-65.0931
-65.0908
-65.0887
-65.0866
-65.0845
-65.0826
-65.0806
-65.0788
-65.0769
-65.0752
-65.0734
-65.0718
-65.0701
-65.0685
-65.067
-65.0655
-65.064
-65.0626
-65.0612
-65.0599
-65.0586
-65.0573
-65.0561
-65.0549
-65.0537
-65.0526
-65.0514
-65.0504
-65.0493
-65.0483
-65.0473
-65.0464
-65.0454
-65.0445
-65.0436
-65.0428
-65.0419
-65.0411
-65.0403
-65.0395
-65.0388
-65.0381
-65.0374
-65.0367
-65.036
-65.0353
-65.0347
-65.0341
-65.0335
-65.0329
-65.0323
-65.0318
-65.0313
-65.0307
-65.0302
-65.0297
-65.0293
-65.0288
-65.0283
-65.0279
-65.0275
-65.027
-65.0266
-65.0262
-65.0259
-65.0255
-65.0251
-65.0248
-65.0244
-65.0241
-65.0238
-65.0234
-65.0231
-65.0228
-65.0225
-65.0223
-65.022
-65.0217
-65.0215
-65.0212
-65.021
-65.0207
-65.0205
-65.0203
-65.02
-65.0198
-65.0196
-65.0194
-65.0192
-65.019
-65.0188
-65.0187
-65.0185
-65.0183
-65.0181
-65.018
-65.0178
-65.0177
-65.0175
-65.0174
-65.0172
-65.0171
-65.017
-65.0168
-65.0167
-65.0166
-65.0165
-65.0163
-65.0162
-65.0161
-65.016
-65.0159
-65.0158
-65.0157
-65.0156
-65.0155
-65.0154
-65.0153
-65.0153
-65.0152
-65.0151
-65.015
-65.0149
-65.0149
-65.0148
-65.0147
-65.0147
-65.0146
-65.0145
-65.0145
-65.0144
-65.0143
-65.0143
-65.0142
-65.0142
-65.0141
-65.0141
-65.014
-65.014
-65.0139
-65.0139
-65.0138
-65.0138
-65.0137
-65.0137
-65.0137
-65.0136
-65.0136
-65.0135
-65.0135
-65.0135
-65.0134
-65.0134
-65.0134
-65.0133
-65.0133
-65.0133
-65.0133
-65.0132
-65.0132
-65.0132
-65.0131
-65.0131
-65.0131
-65.0131
-65.0131
-65.013
-65.013
-65.013
-65.013
-65.0129
-65.0129
-65.0129
-65.0129
-65.0129
-65.0129
-65.0128
-65.0128
-65.0128
-65.0128
-65.0128
-65.0128
-65.0127
-65.0127
-65.0127
-65.0127
-65.0127
-65.0127
-65.0127
-65.0127
-65.0126
-65.0126
-65.0126
-65.0126
-65.0126
-65.0126
-65.0126
-65.0126
-65.0126
-65.0126
-65.0125
-65.0125
-65.0125
-65.0125
-65.0125
-65.0125
-65.0125
-65.0125
-65.0125
-65.0125
-65.0125
-65.0125
-65.0125
-65.0124
-65.0124
-65.0124
-65.0124
-65.0124
-65.0124
-65.0124
-65.0124
-65.0124
-65.0124
-65.0124
-65.0124
-65.0124
-65.0124
-65.0124
-65.0124
-65.0124
-65.0124
-65.0124
-65.0124
-65.0124
-65.0124
-65.0124
-65.0123
-65.0123
-65.0123
-65.0123
-65.0123
-65.0123
-65.0123
-65.0123
-65.0123
-65.0123
-65.0123
-65.0123
-65.0123
-65.0123
-65.0123
-65.0123
-65.0123
-65.0123
-65.0123
-65.0123
-65.0123
-65.0123
-65.0123
-65.0123
-65.0123
-65.0123
-65.0123
-65.0123
-65.0123
-65.0123
-65.0123
-65.0123
-65.0123
-65.0123
-65.0123
-65.0123
-65.0123
-65.0123
-65.0123
-65.0123
-65.0123
-65.0123
-65.0123
-65.0123
-65.0123
-65.0123
-65.0123
-65.0123
-65.0123
-65.0123
-65.0123
-65.0123
-65.0123
-65.0123
-65.0123
-65.0123
-65.0123
-65.0123
-65.0123
-65.0123
-65.0123
-65.0123
-65.0123
-65.0123
-65.0123
-65.0123
-65.0123
-65.0123
-65.0123
-65.0123
-65.0123
-65.0123
-65.0123
-65.0123
-64.9505
-64.8995
-64.8615
-64.8344
-64.8133
-64.7964
-64.7828
-64.772
-64.7634
-64.7568
-64.7518
-64.7482
-64.7458
-64.7444
-64.7439
-64.7441
-64.745
-64.7465
-64.7484
-64.7508
-64.7534
-64.7564
-64.7596
-64.763
-64.7666
-64.7703
-64.7742
-64.7781
-64.7821
-64.7861
-64.7902
-64.7942
-64.7983
-64.8024
-64.728
-64.5428
-64.4186
-64.326
-64.2594
-64.2073
-64.1662
-64.1339
-64.109
-64.0903
-64.0767
-64.0676
-64.0622
-64.06
-64.0606
-64.0635
-64.0685
-64.0751
-64.0832
-64.0256
-63.9877
-63.9443
-63.7988
-63.6769
-63.5497
-63.4161
-63.2838
-63.0663
-62.8217
-62.6035
-62.3971
-62.1614
-61.9945
-61.8694
-61.6408
-61.4178
-61.2543
-60.9248
-60.6914
-60.5197
-60.4013
-60.317
-60.2589
-60.2224
-60.2038
-60.2003
-60.2096
-60.2297
-60.2273
-60.2325
-60.2523
-60.2847
-60.3258
-60.3735
-60.4266
-60.4841
-60.5207
-60.5398
-60.5681
-60.5664
-60.5871
-60.62
-60.6635
-60.7134
-60.7682
-60.8267
-60.8883
-60.9521
-61.0178
-61.0849
-61.1529
-61.2216
-61.2908
-61.3571
-61.3773
-61.4125
-61.4553
-61.5051
-61.5582
-61.6135
-61.6703
-61.7281
-61.7866
-61.8455
-61.9045
-61.9551
-61.9612
-61.9842
-62.0151
-62.0532
-62.0947
-62.1384
-62.1839
-62.2305
-62.2779
-62.3259
-62.3347
-62.3447
-62.3646
-62.3626
-62.2877
-62.2378
-62.1149
-61.8575
-61.6199
-61.4113
-61.1709
-60.9167
-60.6568
-60.3804
-60.1435
-59.975
-59.8575
-59.7775
-59.7231
-59.6526
-59.6136
-59.5972
-59.6007
-59.6187
-59.6487
-59.679
-59.6905
-59.7205
-59.7623
-59.8146
-59.8737
-59.9384
-60.0075
-60.0801
-60.1557
-60.2335
-60.313
-60.3939
-60.4757
-60.5581
-60.6409
-60.7238
-60.8065
-60.889
-60.971
-61.0523
-61.133
-61.2128
-61.2917
-61.3696
-61.4464
-61.522
-61.5965
-61.6698
-61.7418
-61.8126
-61.8821
-61.9502
-62.0171
-62.0826
-62.1468
-62.2096
-62.2712
-62.3314
-62.3903
-62.4479
-62.5043
-62.5594
-62.6133
-62.6659
-62.7173
-62.7675
-62.8166
-62.8645
-62.9113
-62.9569
-63.0015
-63.045
-63.0874
-63.1288
-63.1692
-63.2087
-63.2471
-63.2846
-63.3212
-63.3569
-63.3917
-63.4256
-63.4587
-63.4909
-63.5224
-63.5531
-63.583
-63.6122
-63.6084
-63.5205
-63.4703
-63.4382
-63.4218
-63.4136
-63.369
-63.3232
-63.295
-63.2793
-63.2437
-63.1917
-63.0971
-62.9774
-62.8984
-62.6785
-62.3337
-61.9303
-61.6339
-61.3679
-61.1785
-61.0362
-60.8743
-60.7571
-60.6383
-60.5342
-60.4657
-60.4232
-60.4014
-60.3538
-60.284
-60.2484
-60.2356
-60.2416
-60.2604
-60.2895
-60.2823
-60.2555
-60.2546
-60.2719
-60.2669
-60.2801
-60.3068
-60.3456
-60.3608
-60.3021
-60.2562
-60.1739
-60.0824
-60.0285
-60.0064
-59.9637
-59.9488
-59.9539
-59.976
-60.01
-60.0533
-60.1043
-60.1614
-60.2237
-60.2901
-60.3599
-60.4324
-60.5071
-60.5833
-60.6608
-60.7392
-60.818
-60.8971
-60.9762
-61.0551
-61.1337
-61.2117
-61.289
-61.3656
-61.4414
-61.5161
-61.5899
-61.6626
-61.7342
-61.8046
-61.8739
-61.9419
-61.9502
-61.8555
-61.6838
-61.5808
-61.5188
-61.4593
-61.3959
-61.3615
-61.3465
-61.3162
-61.2604
-61.1557
-61.0096
-60.8425
-60.7352
-60.6277
-60.4738
-60.3448
-60.2293
-60.0856
-59.9944
-59.9386
-59.9113
-59.9038
-59.9122
-59.9135
-59.9165
-59.9366
-59.9697
-60.0133
-60.0644
-60.0356
-59.9719
-59.935
-59.9297
-59.9462
-59.9772
-60.0186
-60.0683
-60.1247
-60.1865
-60.2528
-60.3227
-60.3955
-60.4705
-60.5473
-60.6253
-60.7043
-60.7839
-60.8638
-60.9437
-61.0235
-61.1029
-61.1819
-61.2601
-61.3377
-61.4143
-61.49
-61.5647
-61.6384
-61.7109
-61.7822
-61.8523
-61.9212
-61.9888
-62.0552
-62.1203
-62.1841
-62.2466
-62.3079
-62.3678
-62.4265
-62.4839
-62.5401
-62.595
-62.6487
-62.7012
-62.7525
-62.8026
-62.8516
-62.8994
-62.946
-62.9916
-63.0361
-63.0795
-63.1219
-63.1632
-63.2035
-63.2429
-63.2812
-63.3187
-63.3552
-63.3908
-63.4255
-63.4594
-63.4924
-63.5246
-63.556
-63.5866
-63.6164
-63.6455
-63.6739
-63.7016
-63.7285
-63.7548
-63.7804
-63.8054
-63.8298
-63.8535
-63.8766
-63.8992
-63.9212
-63.9426
-63.9635
-63.9839
-64.0038
-64.0231
-64.042
-64.0604
-64.0784
-64.0959
-63.9372
-63.7148
-63.5616
-63.4245
-63.2959
-63.2024
-63.1323
-63.0807
-63.0428
-63.0159
-62.9895
-62.9251
-62.8854
-62.7677
-62.3488
-61.9125
-61.5989
-61.3765
-61.2144
-61.0345
-60.902
-60.8053
-60.7385
-60.6941
-60.6418
-60.5997
-60.5787
-60.575
-60.5847
-60.605
-60.5461
-60.4447
-60.378
-60.3114
-60.2572
-60.2069
-60.1866
-60.186
-60.2016
-60.2287
-60.2652
-60.3094
-60.36
-60.3607
-60.3062
-60.2865
-60.2911
-60.3148
-60.3499
-60.3937
-60.4076
-60.4281
-60.4622
-60.5074
-60.5599
-60.6175
-60.6791
-60.7439
-60.8112
-60.8804
-60.9511
-61.0227
-61.0951
-61.1679
-61.2408
-61.3137
-61.3863
-61.4585
-61.5303
-61.6013
-61.6716
-61.7411
-61.8097
-61.8773
-61.9439
-62.0094
-62.0738
-62.1371
-62.1992
-62.2602
-62.2916
-62.3103
-62.3395
-62.3749
-62.4144
-62.456
-62.4989
-62.5427
-62.587
-62.6162
-62.6057
-62.6133
-62.6297
-62.6535
-62.6812
-62.6701
-62.527
-62.4139
-62.338
-62.1174
-61.9212
-61.6685
-61.4416
-61.1928
-60.9286
-60.7116
-60.473
-60.3097
-60.1931
-60.1144
-60.0628
-60.033
-60.0213
-60.0248

