-70
-70.0758
-70.1508
-70.225
-70.2983
-70.3706
-70.4419
-70.5122
-70.5814
-70.6496
-70.7168
-70.7829
-70.848
-70.9121
-70.9752
-71.0373
-71.0984
-71.1586
-71.2178
-71.2761
-71.3334
-71.3899
-71.4455
-71.5003
-71.5543
-71.6074
-71.6598
-71.7114
-71.7623
-71.8124
-71.8619
-71.9106
-71.9587
-72.006
-72.0527
-72.0988
-72.1442
-72.1889
-72.2331
-72.2766
-72.3196
-72.362
-72.4038
-72.445
-72.4857
-72.5258
-72.5654
-72.6045
-72.6431
-72.6812
-72.7188
-72.756
-72.7927
-72.8289
-72.8647
-72.9
-72.9349
-72.9694
-73.0035
-73.0371
-73.0704
-73.1032
-73.1357
-73.1678
-73.1994
-73.2307
-73.2617
-73.2922
-73.3224
-73.3523
-73.3817
-73.4109
-73.4397
-73.4682
-73.4963
-73.5241
-73.5516
-73.5788
-73.6057
-73.6323
-73.6585
-73.6845
-73.7102
-73.7356
-73.7608
-73.7857
-73.8103
-73.8346
-73.8587
-73.8825
-73.9061
-73.9294
-73.9524
-73.9753
-73.9979
-74.0202
-74.0423
-74.0642
-74.0859
-74.1073
-74.1285
-74.1495
-74.1703
-74.1909
-74.2112
-74.2313
-74.2513
-74.271
-74.2905
-74.3098
-74.329
-74.3479
-74.3666
-74.3852
-74.4036
-74.4217
-74.4397
-74.4575
-74.4752
-74.4926
-74.5099
-74.527
-74.544
-74.5607
-74.5774
-74.5938
-74.6101
-74.6262
-74.6422
-74.658
-74.6736
-74.6891
-74.7045
-74.7197
-74.7347
-74.7496
-74.7644
-74.779
-74.7935
-74.8079
-74.8221
-74.8362
-74.8501
-74.864
-74.8777
-74.8913
-74.9047
-74.918
-74.9313
-74.9443
-74.9573
-74.9701
-74.9829
-74.9955
-75.008
-75.0204
-75.0327
-75.0448
-75.0569
-75.0688
-75.0806
-75.0924
-75.104
-75.1155
-75.1269
-75.1382
-75.1495
-75.1606
-75.1716
-75.1825
-75.1933
-75.204
-75.2147
-75.2252
-75.2356
-75.246
-75.2562
-75.2664
-75.2764
-75.2864
-75.2963
-75.3061
-75.3158
-75.3255
-75.335
-75.3445
-75.3538
-75.3631
-75.3724
-75.3815
-75.3906
-75.3995
-75.4084
-75.4172
-75.426
-75.4346
-75.4432
-75.4518
-75.4602
-75.4686
-75.4769
-75.4851
-75.4932
-75.5013
-75.5093
-75.5173
-75.5251
-75.533
-75.5407
-75.5484
-75.556
-75.5635
-75.571
-75.5784
-75.5858
-75.593
-75.6003
-75.6074
-75.6145
-75.6216
-75.6285
-75.6355
-75.6423
-75.6491
-75.6559
-75.6626
-75.6692
-75.6758
-75.6823
-75.6888
-75.6952
-75.7015
-75.7078
-75.7141
-75.7203
-75.7264
-75.7325
-75.7386
-75.7446
-75.7505
-75.7564
-75.7622
-75.768
-75.7738
-75.7795
-75.7851
-75.7907
-75.7963
-75.8018
-75.8072
-75.8127
-75.818
-75.8234
-75.8287
-75.8339
-75.8391
-75.8443
-75.8494
-75.8545
-75.8595
-75.8645
-75.8695
-75.8744
-75.8793
-75.8841
-75.8889
-75.8937
-75.8984
-75.9031
-75.9077
-75.9123
-75.9169
-75.9214
-75.9259
-75.9304
-75.9348
-75.9392
-75.9436
-75.9479
-75.9522
-75.9565
-75.9607
-75.9649
-75.969
-75.9731
-75.9772
-75.9813
-75.9853
-75.9893
-75.9933
-75.9972
-76.0011
-76.005
-76.0088
-76.0126
-76.0164
-76.0201
-76.0239
-76.0275
-76.0312
-76.0348
-76.0384
-76.042
-76.0456
-76.0491
-76.0526
-76.056
-76.0595
-76.0629
-76.0663
-76.0696
-76.0729
-76.0762
-76.0795
-76.0828
-76.086
-76.0892
-76.0924
-76.0955
-76.0986
-76.1017
-76.1048
-76.1079
-76.1109
-76.1139
-76.1169
-76.1198
-76.1228
-76.1257
-76.1286
-76.1314
-76.1343
-76.1371
-76.1399
-76.1427
-76.1455
-76.1482
-76.1509
-76.1536
-76.1563
-76.1589
-76.1615
-76.1642
-76.1667
-76.1693
-76.1719
-76.1744
-76.1769
-76.1794
-76.1819
-76.1843
-76.1868
-76.1892
-76.1916
-76.1939
-76.1963
-76.1986
-76.201
-76.2033
-76.2056
-76.2078
-76.2101
-76.2123
-76.2145
-76.2167
-76.2189
-76.2211
-76.2232
-76.2254
-76.2275
-76.2296
-76.2317
-76.2337
-76.2358
-76.2378
-76.2398
-76.2418
-76.2438
-76.2458
-76.2478
-76.2497
-76.2516
-76.2536
-76.2554
-76.2573
-76.2592
-76.2611
-76.2629
-76.2647
-76.2665
-76.2683
-76.2701
-76.2719
-76.2737
-76.2754
-76.2771
-76.2788
-76.2806
-76.2822
-76.2839
-76.2856
-76.2872
-76.2889
-76.2905
-76.2921
-76.2937
-76.2953
-76.2969
-76.2985
-76.3
-76.3016
-76.3031
-76.3046
-76.3061
-76.3076
-76.3091
-76.3106
-76.312
-76.3135
-76.3149
-76.3164
-76.3178
-76.3192
-76.3206
-76.322
-76.3233
-76.3247
-76.3261
-76.3274
-76.3287
-76.33
-76.3314
-76.3327
-76.334
-76.3352
-76.3365
-76.3378
-76.339
-76.3403
-76.3415
-76.3427
-76.3439
-76.3452
-76.3464
-76.3475
-76.3487
-76.3499
-76.351
-76.3522
-76.3533
-76.3545
-76.3556
-76.3567
-76.3578
-76.3589
-76.36
-76.3611
-76.3622
-76.3632
-76.3643
-76.3654
-76.3664
-76.3674
-76.3685
-76.3695
-76.3705
-76.3715
-76.3725
-76.3735
-76.3745
-76.3754
-76.3764
-76.3774
-76.3783
-76.3793
-76.3802
-76.3811
-76.382
-76.383
-76.3839
-76.3848
-76.3857
-76.3866
-76.3874
-76.3883
-76.3892
-76.39
-76.3909
-76.3917
-76.3926
-76.3934
-76.3943
-76.3951
-76.3959
-76.3967
-76.3975
-76.3983
-76.3991
-76.3999
-76.4007
-76.4014
-76.4022
-75.9782
-71.7854
-68.0015
-65.1526
-62.9424
-61.119
-59.4235
-57.4436
-53.6142
46.3418
-5.06449
-36.4119
-78.3973
-79.7416
-79.7278
-79.053
-77.9079
-77.4784
-77.1845
-76.8943
-76.5937
-76.2823
-75.9624
-75.3937
-72.8836
-70.8652
-69.4832
-68.4515
-67.6318
-66.9533
-66.3775
-65.8819
-65.4522
-65.0796
-64.7569
-64.4791
-64.2427
-64.0447
-63.8816
-63.7507
-61.9218
-59.5745
-57.3193
-53.9932
-6.77404
0.80513
-32.3984
-76.4433
-79.4933
-79.4859
-79.3315
-79.1982
-79.0992
-78.9996
-78.8945
-78.7838
-78.6682
-78.5487
-78.4264
-78.3027
-78.1787
-78.0559
-77.9354
-77.8183
-77.7055
-77.5979
-77.4961
-77.4004
-77.3111
-77.2284
-77.1521
-77.0822
-77.0184
-76.9605
-76.9081
-76.8609
-76.8184
-76.7804
-76.7464
-76.7161
-73.3686
-69.2743
-66.1675
-63.794
-61.8955
-60.2371
-58.531
-56.1292
-47.4854
24.0047
-20.8306
-62.0361
-78.9008
-78.9108
-78.7801
-78.6342
-78.4751
-78.303
-78.1182
-77.9217
-77.4447
-75.0493
-73.3655
-72.3029
-71.5113
-70.8565
-70.2836
-70.0857
-70.1645
-70.1616
-70.102
-70.015
-69.9171
-69.8183
-69.7241
-69.6382
-69.5623
-69.4973
-69.4437
-69.4014
-69.3701
-69.3491
-69.4443
-70.0477
-70.5877
-71.0097
-71.3449
-71.6156
-71.8372
-72.0213
-72.1762
-72.3081
-72.4218
-72.5208
-72.6081
-72.6857
-72.7556
-72.8189
-72.8768
-72.9303
-72.98
-73.0266
-73.0704
-73.112
-73.1516
-73.1895
-73.2259
-73.2611
-73.2951
-73.3281
-73.3603
-73.3917
-73.4223
-73.4523
-73.4818
-73.5107
-73.539
-73.567
-73.5945
-73.6216
-73.6483
-73.6746
-73.7006
-73.7263
-73.7517
-73.7767
-73.8015
-73.826
-73.8502
-73.8741
-73.8978
-73.9212
-73.9444
-73.9673
-73.99
-74.0124
-74.0346
-74.0565
-74.0783
-74.0998
-74.1211
-74.1421
-74.163
-74.1836
-74.204
-74.2242
-74.2442
-74.264
-72.0224
-68.1083
-65.0678
-62.7318
-60.8157
-59.023
-56.8488
-51.8871
39.6755
-12.7803
-45.2989
-78.5801
-78.9561
-78.8357
-78.6957
-78.5427
-78.3768
-78.1984
-78.0082
-76.6979
-74.6636
-73.4347
-72.6027
-71.9402
-71.3646
-70.8435
-70.3635
-69.9194
-67.6643
-65.366
-63.6524
-62.3233
-61.2265
-60.2505
-59.2946
-58.2286
-56.7843
-53.9354
-7.24278
1.13113
-32.4137
-76.1792
-78.9122
-78.8247
-78.6847
-78.5306
-78.3633
-78.1835
-77.9918
-77.7894
-77.5778
-77.3473
-77.035
-76.7604
-76.5185
-76.2965
-76.0894
-75.8954
-75.7139
-75.5448
-75.388
-75.2438
-75.1118
-74.9919
-74.8837
-74.7868
-74.7005
-74.6242
-74.5574
-74.4993
-74.4492
-74.4065
-74.3705
-74.3406
-74.3163
-74.2969
-74.2819
-74.271
-74.2635
-74.2592
-74.2577
-74.2587
-71.1945
-67.4351
-64.5757
-62.3613
-60.5131
-58.7241
-56.4087
-49.8686
30.8779
-17.815
-56.1315
-78.799
-78.8739
-78.7421
-78.595
-78.4352
-78.263
-78.079
-77.8842
-77.6798
-76.2374
-73.9015
-72.442
-71.4634
-70.7148
-70.0937
-69.5547
-69.0761
-68.6469
-68.2613
-67.9157
-67.6078
-67.3359
-67.098
-66.8925
-66.7178
-66.5722
-66.454
-66.3615
-66.2927
-66.2457
-66.2188
-66.2103
-66.2184
-66.2416
-66.2783
-66.327
-66.3864
-66.4551
-66.5318
-66.6154
-66.7049
-66.7994
-66.898
-66.9999
-67.1045
-67.2112
-67.3195
-67.4289
-67.539
-67.6494
-67.7596
-67.8695
-67.9788
-68.0873
-68.1949
-68.3014
-68.4067
-68.5108
-68.6136
-68.7149
-68.8148
-68.9131
-69.0099
-69.1051
-69.1988
-69.2909
-69.3814
-69.4705
-69.558
-69.6441
-69.7287
-69.8119
-69.8936
-69.9739
-70.0528
-70.1303
-70.2065
-70.2814
-70.3549
-70.4273
-70.4984
-70.5683
-70.6371
-70.7047
-70.7713
-70.8368
-70.9012
-70.9645
-71.0269
-71.0882
-71.1486
-71.208
-71.2665
-71.324
-71.3807
-71.4365
-71.4914
-71.5455
-71.5988
-71.6513
-71.7031
-71.7541
-71.8043
-71.8539
-71.9028
-71.9509
-69.1576
-65.7086
-63.0683
-60.9731
-59.1056
-57.0019
-52.961
45.5043
-7.976
-39.1169
-78.5678
-79.2114
-78.5401
-78.2903
-78.0894
-77.8767
-77.6495
-77.4084
-77.1551
-76.8915
-75.698
-73.2182
-71.5169
-70.3472
-69.4558
-68.7291
-68.1121
-67.5761
-67.1051
-66.342
-64.0125
-61.9808
-60.349
-58.8513
-57.1486
-54.245
-20.4936
3.59253
-31.2138
-76.172
-79.5597
-79.5577
-79.5046
-79.4447
-79.3793
-79.3085
-79.2324
-79.1515
-79.0662
-78.9772
-78.8854
-78.7916
-78.6969
-78.6022
-78.5085
-78.4167
-78.3276
-78.2419
-78.16
-78.0824
-78.0094
-77.9411
-77.8775
-77.8186
-77.7642
-77.7143
-77.6685
-77.6266
-77.5883
-77.5534
-77.5216
-77.4927
-77.4663
-77.4423
-77.4204
-77.4003
-77.382
-77.3652
-77.3498
-77.3355
-77.3224
-77.3102
-77.2988
-77.2882
-77.2783
-77.269
-77.2602
-76.8161
-72.5055
-68.6152
-65.6879
-63.4271
-61.5881
-59.9343
-58.1423
-55.3119
-32.4627
10.3083
-27.0383
-73.214
-78.9877
-78.9168
-78.7857
-78.6409
-78.4832
-78.3127
-78.13
-77.8371
-75.6426
-74.0655
-73.1032

