-70
-70.0758
-70.1508
-70.225
-70.2983
-70.3706
-70.4419
-70.5122
-70.5814
-70.6496
-70.7168
-70.7829
-70.848
-70.9121
-70.9752
-71.0373
-71.0984
-71.1586
-71.2178
-71.2761
-71.3334
-71.3899
-71.4455
-71.5003
-71.5543
-71.6074
-71.6598
-71.7114
-71.7623
-71.8124
-71.8619
-71.9106
-71.9587
-72.006
-72.0527
-72.0988
-72.1442
-72.1889
-72.2331
-72.2766
-72.3196
-72.362
-72.4038
-72.445
-72.4857
-72.5258
-72.5654
-72.6045
-72.6431
-72.6812
-72.7188
-72.756
-72.7927
-72.8289
-72.8647
-72.9
-72.9349
-72.9694
-73.0035
-73.0371
-73.0704
-73.1032
-73.1357
-73.1678
-73.1994
-73.2307
-73.2617
-73.2922
-73.3224
-73.3523
-73.3817
-73.4109
-73.4397
-73.4682
-73.4963
-73.5241
-73.5516
-73.5788
-73.6057
-73.6323
-73.6585
-73.6845
-73.7102
-73.7356
-73.7608
-73.7857
-73.8103
-73.8346
-73.8587
-73.8825
-73.9061
-73.9294
-73.9524
-73.9753
-73.9979
-74.0202
-74.0423
-74.0642
-74.0859
-74.1073
-74.1285
-74.1495
-74.1703
-74.1909
-74.2112
-74.2313
-74.2513
-74.271
-74.2905
-74.3098
-74.329
-74.3479
-74.3666
-74.3852
-74.4036
-74.4217
-74.4397
-74.4575
-74.4752
-74.4926
-74.5099
-74.527
-74.544
-74.5607
-74.5774
-74.5938
-74.6101
-74.6262
-74.6422
-74.658
-74.6736
-74.6891
-74.7045
-74.7197
-74.7347
-74.7496
-74.7644
-74.779
-74.7935
-74.8079
-74.8221
-74.8362
-74.8501
-74.864
-74.8777
-74.8913
-74.9047
-74.918
-74.9313
-74.9443
-74.9573
-74.9701
-74.9829
-74.9955
-75.008
-75.0204
-75.0327
-75.0448
-75.0569
-75.0688
-75.0806
-75.0924
-75.104
-75.1155
-75.1269
-75.1382
-75.1495
-75.1606
-75.1716
-75.1825
-75.1933
-75.204
-75.2147
-75.2252
-75.2356
-75.246
-75.2562
-75.2664
-75.2764
-75.2864
-75.2963
-75.3061
-75.3158
-75.3255
-75.335
-75.3445
-75.3538
-75.3631
-75.3724
-75.3815
-75.3906
-75.3995
-75.4084
-75.4172
-75.426
-75.4346
-75.4432
-75.4518
-75.4602
-75.4686
-75.4769
-75.4851
-75.4932
-75.5013
-75.5093
-75.5173
-75.5251
-75.533
-75.5407
-75.5484
-75.556
-75.5635
-75.571
-75.5784
-75.5858
-75.593
-75.6003
-75.6074
-75.6145
-75.6216
-75.6285
-75.6355
-75.6423
-75.6491
-75.6559
-75.6626
-75.6692
-75.6758
-75.6823
-75.6888
-75.6952
-75.7015
-75.7078
-75.7141
-75.7203
-75.7264
-75.7325
-75.7386
-75.7446
-75.7505
-75.7564
-75.7622
-75.768
-75.7738
-75.7795
-75.7851
-75.7907
-75.7963
-75.8018
-75.8072
-75.8127
-75.818
-75.8234
-75.8287
-75.8339
-75.8391
-75.8443
-75.8494
-75.8545
-75.8595
-75.8645
-75.8695
-75.8744
-75.8793
-75.8841
-75.8889
-75.8937
-75.8984
-75.9031
-75.9077
-75.9123
-75.9169
-75.9214
-75.9259
-75.9304
-75.9348
-75.9392
-75.9436
-75.9479
-75.9522
-75.9565
-75.9607
-75.9649
-75.969
-75.9731
-75.9772
-75.9813
-75.9853
-75.9893
-75.9933
-75.9972
-76.0011
-76.005
-76.0088
-76.0126
-76.0164
-76.0201
-76.0239
-76.0275
-76.0312
-76.0348
-76.0384
-76.042
-76.0456
-76.0491
-76.0526
-76.056
-76.0595
-76.0629
-76.0663
-76.0696
-76.0729
-76.0762
-76.0795
-76.0828
-76.086
-76.0892
-76.0924
-76.0955
-76.0986
-76.1017
-76.1048
-76.1079
-76.1109
-76.1139
-76.1169
-76.1198
-76.1228
-76.1257
-76.1286
-76.1314
-76.1343
-76.1371
-76.1399
-76.1427
-76.1455
-76.1482
-76.1509
-76.1536
-76.1563
-76.1589
-76.1615
-76.1642
-76.1667
-76.1693
-76.1719
-76.1744
-76.1769
-76.1794
-76.1819
-76.1843
-76.1868
-76.1892
-76.1916
-76.1939
-76.1963
-76.1986
-76.201
-76.2033
-76.2056
-76.2078
-76.2101
-76.2123
-76.2145
-76.2167
-76.2189
-76.2211
-76.2232
-76.2254
-76.2275
-76.2296
-76.2317
-76.2337
-76.2358
-76.2378
-76.2398
-76.2418
-76.2438
-76.2458
-76.2478
-76.2497
-76.2516
-76.2536
-76.2554
-76.2573
-76.2592
-76.2611
-76.2629
-76.2647
-76.2665
-76.2683
-76.2701
-76.2719
-76.2737
-76.2754
-76.2771
-76.2788
-76.2806
-76.2822
-76.2839
-76.2856
-76.2872
-76.2889
-76.2905
-76.2921
-76.2937
-76.2953
-76.2969
-76.2985
-76.3
-76.3016
-76.3031
-76.3046
-76.3061
-76.3076
-76.3091
-76.3106
-76.312
-76.3135
-76.3149
-76.3164
-76.3178
-76.3192
-76.3206
-76.322
-76.3233
-76.3247
-76.3261
-76.3274
-76.3287
-76.33
-76.3314
-76.3327
-76.334
-76.3352
-76.3365
-76.3378
-76.339
-76.3403
-76.3415
-76.3427
-76.3439
-76.3452
-76.3464
-76.3475
-76.3487
-76.3499
-76.351
-76.3522
-76.3533
-76.3545
-76.3556
-76.3567
-76.3578
-76.3589
-76.36
-76.3611
-76.3622
-76.3632
-76.3643
-76.3654
-76.3664
-76.3674
-76.3685
-76.3695
-76.3705
-76.3715
-76.3725
-76.3735
-76.3745
-76.3754
-76.3764
-76.3774
-76.3783
-76.3793
-76.3802
-76.3811
-76.382
-76.383
-76.3839
-76.3848
-76.3857
-76.3866
-76.3874
-76.3883
-76.3892
-76.39
-76.3909
-76.3917
-76.3926
-76.3934
-76.3943
-76.3951
-76.3959
-76.3967
-76.3975
-76.3983
-76.3991
-76.3999
-76.4007
-76.4014
-76.4022
-76.403
-76.4037
-76.4045
-76.4052
-76.406
-75.2607
-70.9439
-67.3697
-64.6701
-62.5566
-60.7809
-59.0723
-56.9387
-51.9103
39.4016
-12.6824
-45.0732
-78.6373
-78.9118
-78.783
-78.6368
-78.4771
-78.304
-78.1179
-77.9195
-77.6101
-75.321
-73.6179
-72.559
-71.7767
-71.1299
-70.5619
-70.0487
-69.5796
-69.1497
-68.8796
-69.2174
-69.6708
-70.4274
-70.9616
-71.3134
-71.5523
-71.719
-69.7378
-66.9665
-65.8356
-65.3896
-65.1229
-64.9593
-64.863
-64.8128
-64.7957
-64.8033
-64.8301
-64.8722
-64.9269
-64.9921
-65.0664
-65.1485
-65.2375
-65.3324
-65.4323
-65.5365
-65.6445
-65.7558
-65.8698
-65.9862
-66.1045
-66.2245
-66.3459
-66.4681
-66.5908
-66.7136
-66.8363
-66.9588
-67.0808
-67.2021
-67.3226
-67.4422
-67.5608
-65.0035
-62.2462
-60.0634
-58.0995
-55.7441
-49.8896
31.8769
-18.4926
-55.1713
-79.2275
-79.5839
-79.1286
-77.9576
-77.4952
-77.1981
-76.8535
-76.5395
-76.2392
-75.94
-75.6409
-74.8856
-72.2811
-70.3289
-69.0224
-68.0721
-68.1301
-68.7852
-69.1838
-69.5606
-70.223
-70.653
-70.9099
-71.0686
-71.17
-71.2371
-71.3253
-71.753
-72.1103
-72.3618
-72.5442
-72.6805
-72.7853
-72.8682
-72.9355
-72.9917
-73.0397
-73.0818
-73.1194
-73.1538
-73.1856
-73.2157
-73.2444
-73.272
-73.2988
-73.3251
-73.351
-73.3765
-73.4018
-73.4269
-73.4519
-73.4767
-73.5015
-73.5261
-73.5507
-73.5752
-73.5996
-73.624
-73.6482
-73.6724
-73.6964
-73.7204
-73.7442
-73.7679
-73.7915
-73.8149
-73.8382
-73.8613
-73.8843
-73.9071
-73.9297
-73.9522
-73.9745
-73.9966
-74.0185
-74.0403
-74.0618
-74.0832
-74.1044
-74.1254
-74.1462
-74.1668
-74.1872
-74.2074
-74.2275
-74.2473
-74.267
-74.2864
-74.3057
-74.3248
-74.3437
-74.3624
-71.2855
-67.4993
-64.6148
-62.3789
-60.5123
-58.7051
-56.3589
-49.5769
29.7885
-18.2603
-55.7678
-79.4834
-79.7149
-79.6837
-79.1633
-77.756
-77.1981
-76.8583
-76.5387
-76.2131
-75.8791
-75.5385
-75.1945
-74.1754
-71.469
-69.4097
-67.9519
-66.8513
-65.9809
-65.2693
-64.6744
-64.1694
-63.7311
-63.4582
-63.6579
-63.8091
-63.9139
-63.9936
-64.0606
-64.1221
-64.1827
-64.2449
-63.6462
-61.8443
-60.9668
-61.1809
-61.4275
-61.64
-61.8298
-62.0047
-62.1686
-62.3249
-62.4768
-62.6266
-62.7759
-62.926
-63.0777
-63.2309
-63.3853
-63.5411
-63.6985
-63.8575
-64.0181
-64.1801
-64.3429
-64.506
-64.6691
-64.8321
-64.9947
-65.1568
-65.5869
-66.7721
-67.7946
-68.6038
-69.2519
-69.7773
-70.2082
-70.5654
-70.8647
-69.8453
-66.596
-64.1657
-63.4695
-63.2093
-63.0531
-62.9663
-62.9284
-62.9269
-62.9533
-63.0022
-63.0694
-63.1515
-63.2461
-61.9864
-60.0342
-58.3441
-56.5678
-53.7259
-30.1137
2.89489
-31.466
-75.3538
-79.4686
-78.7594
-78.0465
-77.7469
-77.4942
-77.2326
-76.8908
-76.5497
-76.2599
-75.9887
-75.7263
-75.4711
-75.2239
-72.5109
-70.0039
-68.3473
-67.6939
-67.5669
-67.4621
-67.3619
-67.2711
-67.5335
-68.1645
-68.6205
-68.936
-69.162
-69.3296
-69.4585
-69.5614
-69.6466
-69.7199
-69.7851
-69.8449
-69.9012
-69.9553
-70.0081
-70.0603
-70.1122
-70.1643
-70.2166
-70.2694
-70.3225
-70.3762
-70.4303
-70.4849
-70.5398
-70.595
-70.6505
-70.7062
-70.7621
-70.8179
-70.8738
-70.9295
-70.9852
-71.0406
-71.0957
-71.1506
-71.2051
-71.2593
-71.313
-71.3663
-71.4191
-71.4715
-71.5233
-71.5747
-71.6255
-71.6758
-71.7256
-71.7748
-71.8235
-71.8716
-71.9192
-71.9662
-72.0127
-72.0586
-72.1039
-72.1486
-72.1928
-72.2365
-72.2796
-72.3222
-72.3642
-72.4057
-72.4466
-72.4871
-72.527
-72.5664
-72.6053
-72.6438
-72.6818
-72.7193
-72.7563
-72.7929
-72.8291
-72.8648
-72.9001
-72.935
-72.9694
-73.0034
-73.0371
-73.0703
-73.1031
-73.1355
-73.1676
-73.1992
-69.8591
-66.311
-63.6166
-61.4936
-59.6442
-57.6758
-54.4611
3.72125
2.418
-31.288
-76.501
-79.2366
-78.6421
-78.4152
-78.2277
-78.0277
-77.813
-77.5844
-77.3432
-77.0913
-76.3591
-73.7957
-71.9352
-70.6944
-69.7663
-69.0175
-68.7389
-68.9706
-69.5332
-69.8049
-68.001
-66.3519
-65.268
-64.5293
-64.0073
-63.6285
-63.3493
-63.1436
-62.9944
-63.5398
-64.6088
-65.4513
-66.0934
-66.592
-66.7378
-64.632
-62.7532
-61.3847
-60.3115
-59.3837
-58.4753
-57.4305
-56.8204
-57.2915
-57.99
-58.8243
-59.7227
-60.6058
-61.4213
-62.1474
-62.7829
-63.336
-63.8173
-64.2385
-64.6095
-64.9386
-65.2335
-65.5002
-65.743
-65.9661
-66.1727
-66.3657
-66.547
-66.7182
-66.8808
-67.036
-67.1847
-67.3278
-67.466
-67.5997
-67.7293
-67.8552
-67.9777
-68.0971
-68.2135
-68.3272
-68.4383
-68.5471
-68.6535
-68.7578
-68.8598
-68.9598
-67.2065
-64.0719
-61.6072
-59.6062
-57.7004
-55.1943
-46.9013
20.6429
-23.2448
-65.5358
-78.7292
-78.6456
-78.4836
-78.3071
-78.116
-77.9108
-77.6922
-77.4617

