-70
-70.0758
-70.1508
-70.225
-70.2983
-70.3706
-70.4419
-70.5122
-70.5814
-70.6496
-70.7168
-70.7829
-70.848
-70.9121
-70.9752
-71.0373
-71.0984
-71.1586
-71.2178
-71.2761
-71.3334
-71.3899
-71.4455
-71.5003
-71.5543
-71.6074
-71.6598
-71.7114
-71.7623
-71.8124
-71.8619
-71.9106
-71.9587
-72.006
-72.0527
-72.0988
-72.1442
-72.1889
-72.2331
-72.2766
-72.3196
-72.362
-72.4038
-72.445
-72.4857
-72.5258
-72.5654
-72.6045
-72.6431
-72.6812
-72.7188
-72.756
-72.7927
-72.8289
-72.8647
-72.9
-72.9349
-72.9694
-73.0035
-73.0371
-73.0704
-73.1032
-73.1357
-73.1678
-73.1994
-73.2307
-73.2617
-73.2922
-73.3224
-73.3523
-73.3817
-73.4109
-73.4397
-73.4682
-73.4963
-73.5241
-73.5516
-73.5788
-73.6057
-73.6323
-73.6585
-73.6845
-73.7102
-73.7356
-73.7608
-73.7857
-73.8103
-73.8346
-73.8587
-73.8825
-73.9061
-73.9294
-73.9524
-73.9753
-73.9979
-74.0202
-74.0423
-74.0642
-74.0859
-74.1073
-74.1285
-74.1495
-74.1703
-74.1909
-74.2112
-74.2313
-74.2513
-74.271
-74.2905
-74.3098
-74.329
-74.3479
-74.3666
-74.3852
-74.4036
-74.4217
-74.4397
-74.4575
-74.4752
-74.4926
-74.5099
-74.527
-74.544
-74.5607
-74.5774
-74.5938
-74.6101
-74.6262
-74.6422
-74.658
-74.6736
-74.6891
-74.7045
-74.7197
-74.7347
-74.7496
-74.7644
-74.779
-74.7935
-74.8079
-74.8221
-74.8362
-74.8501
-74.864
-74.8777
-74.8913
-74.9047
-74.918
-74.9313
-74.9443
-74.9573
-74.9701
-74.9829
-74.9955
-75.008
-75.0204
-75.0327
-75.0448
-75.0569
-75.0688
-75.0806
-75.0924
-75.104
-75.1155
-75.1269
-75.1382
-75.1495
-75.1606
-75.1716
-75.1825
-75.1933
-75.204
-75.2147
-75.2252
-75.2356
-75.246
-75.2562
-75.2664
-75.2764
-75.2864
-75.2963
-75.3061
-75.3158
-75.3255
-75.335
-75.3445
-75.3538
-75.3631
-75.3724
-75.3815
-75.3906
-75.3995
-75.4084
-75.4172
-75.426
-75.4346
-75.4432
-75.4518
-75.4602
-75.4686
-75.4769
-75.4851
-75.4932
-75.5013
-75.5093
-75.5173
-75.5251
-75.533
-75.5407
-75.5484
-75.556
-75.5635
-75.571
-75.5784
-75.5858
-75.593
-75.6003
-75.6074
-75.6145
-75.6216
-75.6285
-75.6355
-75.6423
-75.6491
-75.6559
-75.6626
-75.6692
-75.6758
-75.6823
-75.6888
-75.6952
-75.7015
-75.7078
-75.7141
-75.7203
-75.7264
-75.7325
-75.7386
-75.7446
-75.7505
-75.7564
-75.7622
-75.768
-75.7738
-75.7795
-75.7851
-75.7907
-75.7963
-75.8018
-75.8072
-75.8127
-75.818
-75.8234
-75.8287
-75.8339
-75.8391
-75.8443
-75.8494
-75.8545
-75.8595
-75.8645
-75.8695
-75.8744
-75.8793
-75.8841
-75.8889
-75.8937
-75.8984
-75.9031
-75.9077
-75.9123
-75.9169
-75.9214
-75.9259
-75.9304
-75.9348
-75.9392
-75.9436
-75.9479
-75.9522
-75.9565
-75.9607
-75.9649
-75.969
-75.9731
-75.9772
-75.9813
-75.9853
-75.9893
-75.9933
-75.9972
-76.0011
-76.005
-76.0088
-76.0126
-76.0164
-76.0201
-76.0239
-76.0275
-76.0312
-76.0348
-76.0384
-76.042
-76.0456
-76.0491
-76.0526
-76.056
-76.0595
-76.0629
-76.0663
-76.0696
-76.0729
-76.0762
-76.0795
-76.0828
-76.086
-76.0892
-76.0924
-76.0955
-76.0986
-76.1017
-76.1048
-76.1079
-76.1109
-76.1139
-76.1169
-76.1198
-76.1228
-76.1257
-76.1286
-76.1314
-76.1343
-76.1371
-76.1399
-76.1427
-76.1455
-76.1482
-76.1509
-76.1536
-76.1563
-76.1589
-76.1615
-76.1642
-76.1667
-76.1693
-76.1719
-76.1744
-76.1769
-76.1794
-76.1819
-76.1843
-76.1868
-76.1892
-76.1916
-76.1939
-76.1963
-76.1986
-76.201
-76.2033
-76.2056
-76.2078
-76.2101
-76.2123
-76.2145
-76.2167
-76.2189
-76.2211
-76.2232
-76.2254
-76.2275
-76.2296
-76.2317
-76.2337
-76.2358
-76.2378
-76.2398
-76.2418
-76.2438
-76.2458
-76.2478
-76.2497
-76.2516
-76.2536
-76.2554
-76.2573
-76.2592
-76.2611
-76.2629
-76.2647
-76.2665
-76.2683
-76.2701
-76.2719
-76.2737
-76.2754
-76.2771
-76.2788
-76.2806
-76.2822
-76.2839
-76.2856
-76.2872
-76.2889
-76.2905
-76.2921
-76.2937
-76.2953
-76.2969
-76.2985
-76.3
-76.3016
-76.3031
-76.3046
-76.3061
-76.3076
-76.3091
-76.3106
-76.312
-76.3135
-76.3149
-76.3164
-76.3178
-76.3192
-76.3206
-76.322
-76.3233
-76.3247
-76.3261
-76.3274
-76.3287
-76.33
-76.3314
-76.3327
-76.334
-76.3352
-76.3365
-76.3378
-76.339
-76.3403
-76.3415
-76.3427
-76.3439
-76.3452
-76.3464
-76.3475
-76.3487
-76.3499
-76.351
-76.3522
-76.3533
-76.3545
-76.3556
-76.3567
-76.3578
-76.3589
-76.36
-76.3611
-76.3622
-76.3632
-76.3643
-76.3654
-76.3664
-76.3674
-76.3685
-76.3695
-76.3705
-76.3715
-76.3725
-76.3735
-76.3745
-76.3754
-76.3764
-76.3774
-76.3783
-76.3793
-76.3802
-76.3811
-76.382
-76.383
-76.3839
-76.3848
-76.3857
-76.3866
-76.3874
-76.3883
-76.3892
-76.39
-76.3909
-76.3917
-76.3926
-76.3934
-76.3943
-76.3951
-76.3959
-76.3967
-76.3975
-76.3983
-76.3991
-76.3999
-76.4007
-76.4014
-76.4022
-76.403
-76.4037
-76.4045
-76.4052
-76.406
-74.8465
-67.0754
-61.2571
-56.8085
-46.1431
22.0409
-21.402
-63.3625
-79.1073
-79.1337
-79.0285
-78.9105
-76.5968
-74.796
-74.033
-73.471
-72.9362
-72.4038
-71.8726
-71.346
-70.7462
-67.2557
-63.7656
-61.5752
-60.025
-58.7039
-57.2999
-55.2415
-48.5487
26.1366
-20.7234
-60.2266
-79.1312
-79.2793
-79.1958
-79.1009
-78.903
-78.5745
-76.6185
-73.2303
-71.3928
-70.5159
-69.9152
-69.7557
-69.6879
-69.4971
-69.2604
-69.0156
-68.7785
-68.5566
-68.3531
-68.1694
-68.0061
-67.8631
-67.74
-67.6361
-67.5506
-67.4826
-67.431
-67.3948
-67.3729
-67.3643
-67.3678
-67.3825
-67.4074
-67.4724
-68.3024
-69.1227
-69.7627
-70.2674
-70.6715
-68.3823
-65.5586
-63.5304
-62.041
-58.9716
-55.5593
-46.3386
19.7765
-23.173
-65.5879
-78.977
-79.0374
-78.9248
-78.797
-77.0047
-75.6155
-73.5245
-72.415
-71.6933
-71.0732
-70.4905
-69.9304
-69.3908
-68.6567
-65.8641
-62.2834
-59.7585
-57.7469
-55.3772
-48.5928
26.2218
-21.1336
-61.7912
-78.9471
-79.0421
-78.9264
-78.6436
-78.3374
-78.0508
-77.8491
-77.6748
-77.5046
-77.3356
-77.1686
-76.9432
-76.7385
-76.5703
-76.4237
-76.2918
-76.1717
-76.062
-75.962
-75.871
-75.7885
-75.7142
-75.6475
-75.5879
-75.535
-75.4882
-75.4472
-75.4115
-75.3805
-75.3539
-75.3312
-75.3121
-75.2963
-75.2833
-75.2729
-75.2649
-75.259
-75.2548
-75.2524
-75.2513
-75.2516
-75.253
-75.2554
-75.2586
-75.2626
-75.2673
-75.2726
-75.2784
-75.2847
-75.2913
-75.2982
-75.3054
-75.3129
-75.3206
-75.3284
-75.3364
-75.3444
-75.3526
-75.3609
-75.3692
-75.3775
-75.3858
-75.3942
-75.4026
-75.411
-75.4193
-75.4277
-75.436
-75.4443
-75.4525
-75.4607
-75.4689
-72.2648
-68.3255
-65.3273
-63.0189
-60.7346
-56.6665
-46.4805
22.0703
-21.5141
-63.3452
-79.0745
-79.1088
-79.0012
-78.8803
-78.2437
-76.5212
-74.8638
-72.9049
-71.8576
-71.1286
-70.4953
-69.9025
-69.3364
-68.2554
-65.9006
-63.3733
-60.6748
-58.6166
-56.5931
-53.1474
36.6258
-4.6589
-36.2231
-76.9976
-77.8295
-77.3646
-77.0651
-76.7585
-76.434
-76.0929
-75.7474
-75.4289
-74.2392
-72.1948
-71.0435
-70.2359
-67.7104
-65.8777
-64.7729
-64.0259
-63.4716
-63.0331
-62.6718
-62.365
-62.814
-63.8007
-64.519
-65.0226
-65.386
-65.6565
-65.8648
-66.0315
-66.9329
-67.8283
-68.4888
-68.9826
-69.3605
-69.6564
-69.893
-70.0862
-70.2471
-70.3836
-70.5016
-70.6054
-70.6983
-70.7825
-70.8599
-70.932
-70.9997
-69.7874
-66.349
-63.6166
-61.5372
-59.8152
-58.1506
-56.0142
-50.6053
34.7132
-16.5828
-50.9972
-78.5242
-78.8194
-78.6863
-77.3449
-76.4759
-76.0307
-75.6345
-75.2327
-72.9317
-71.2088
-70.1593
-69.3739
-68.7083
-67.1428
-64.7677
-63.0853
-61.8627
-60.8842
-58.7454
-57.0677
-56.2868
-56.7883
-57.687
-58.6572
-59.5688
-59.1627
-59.6385
-60.4142
-62.9096
-65.8177
-67.3208
-68.079
-68.4887
-68.7254
-68.8716
-68.9685
-69.0379
-69.0917
-69.1368
-69.1774
-69.2158
-69.2537
-69.292
-69.3314
-69.3721
-69.4145
-69.4587
-69.5046
-69.5523
-69.6016
-69.6526
-69.7051
-69.759
-69.8141
-69.8703
-69.9276
-69.9857
-70.0445
-70.104
-70.164
-70.2244
-70.2851
-70.346
-70.407
-70.468
-70.5289
-70.5898
-70.6505
-70.7109
-70.7711
-70.8309
-70.8903
-70.9492
-71.0077
-71.0656
-71.123
-71.1798
-71.2361
-71.2917
-71.3467
-71.4011
-71.4549
-71.508
-71.5605
-71.6124
-71.6636
-71.7142
-71.7642
-71.8136
-71.8623
-71.9105
-71.958
-72.0049
-72.0512
-72.0969
-72.142
-72.1865
-72.2305
-72.2738
-72.3166
-72.3588
-72.4005
-71.7763
-68.0792
-64.8976
-62.4736
-60.4953
-58.6348
-56.3085
-50.1567
32.051
-17.4231
-53.6538
-79.3891
-79.6843
-79.6512
-79.6073
-77.6172
-76.7096
-76.2624
-75.8811
-73.1672
-71.2512
-70.1346
-69.32
-68.638
-68.0297
-67.4726
-66.3696
-63.8412
-60.8693
-57.9699
-54.8339
-40.7417
11.554
-26.7344
-71.512
-78.7279
-78.1029
-77.0184
-76.2243
-75.7779
-75.3619
-74.9338
-74.4919
-74.0657
-73.6514
-71.389
-68.7662
-66.1879
-64.6369
-63.996
-64.1682
-65.0192
-65.6392
-65.9364
-66.5541
-67.3186
-67.7704
-68.0322
-68.1895
-68.0247
-65.6617
-63.7564
-62.4962
-61.6137
-60.9569
-60.4402
-60.007
-59.6253
-59.266
-58.9028
-59.6447
-61.1462
-62.4563
-63.515
-64.3594
-65.0353
-65.5823
-66.0307
-66.4038
-66.719
-66.989
-67.2238
-67.431
-67.6162
-67.7838
-67.9372
-68.079
-68.2114
-68.3361
-68.4544
-68.5674
-68.6759
-68.7805
-68.8817
-68.98
-69.0757
-69.1691
-69.2604
-69.3498
-69.4374
-69.5234
-69.6079
-69.691
-69.7727
-69.853
-69.932
-68.0843
-63.2574
-58.4163
-53.6354
37.1654
-3.95372
-35.4031
-77.2032
-78.9763
-78.8838
-77.7116
-75.8682
-75.0078
-74.4787
-73.9848
-73.4877
-72.9846
-72.4791
-71.9756

