-70
-69.8623
-69.7285
-69.5983
-69.4718
-69.3487
-69.2291
-69.1128
-68.9997
-68.8897
-68.7828
-68.6789
-68.5778
-68.4795
-68.3839
-68.291
-68.2007
-68.1128
-68.0274
-67.9443
-67.8636
-67.7851
-67.7087
-67.6345
-67.5623
-67.4921
-67.4238
-67.3574
-67.2929
-67.2301
-67.1691
-67.1098
-67.0521
-66.996
-66.9414
-66.8884
-66.8368
-66.7866
-66.7378
-66.6904
-66.6443
-66.5994
-66.5558
-66.5133
-66.4721
-66.432
-66.393
-66.355
-66.3181
-66.2823
-66.2474
-66.2134
-66.1805
-66.1484
-66.1172
-66.0868
-66.0573
-66.0286
-66.0007
-65.9736
-65.9472
-65.9215
-65.8966
-65.8723
-65.8487
-65.8257
-65.8034
-65.7817
-65.7606
-65.74
-65.72
-65.7006
-65.6817
-65.6633
-65.6455
-65.6281
-65.6112
-65.5948
-65.5788
-65.5632
-65.5481
-65.5334
-65.5191
-65.5052
-65.4917
-65.4785
-65.4657
-65.4533
-65.4412
-65.4294
-65.418
-65.4068
-65.396
-65.3855
-65.3752
-65.3653
-65.3556
-65.3462
-65.337
-65.3281
-65.3194
-65.311
-65.3028
-65.2948
-65.2871
-65.2795
-65.2722
-65.2651
-65.2581
-65.2514
-65.2448
-65.2385
-65.2322
-65.2262
-65.2203
-65.2146
-65.2091
-65.2037
-65.1984
-65.1933
-65.1884
-65.1835
-65.1788
-65.1743
-65.1698
-65.1655
-65.1613
-65.1572
-65.1532
-65.1493
-65.1456
-65.1419
-65.1384
-65.1349
-65.1315
-65.1283
-65.1251
-65.122
-65.119
-65.1161
-65.1132
-65.1104
-65.1077
-65.1051
-65.1026
-65.1001
-65.0977
-65.0953
-65.0931
-65.0908
-65.0887
-65.0866
-65.0845
-65.0826
-65.0806
-65.0788
-65.0769
-65.0752
-65.0734
-65.0718
-65.0701
-65.0685
-65.067
-65.0655
-65.064
-65.0626
-65.0612
-65.0599
-65.0586
-65.0573
-65.0561
-65.0549
-65.0537
-65.0526
-65.0514
-65.0504
-65.0493
-65.0483
-65.0473
-65.0464
-65.0454
-65.0445
-65.0436
-65.0428
-65.0419
-65.0411
-65.0403
-65.0395
-65.0388
-65.0381
-65.0374
-65.0367
-65.036
-65.0353
-65.0347
-65.0341
-65.0335
-65.0329
-65.0323
-65.0318
-65.0313
-65.0307
-65.0302
-65.0297
-65.0293
-65.0288
-65.0283
-65.0279
-65.0275
-65.027
-65.0266
-65.0262
-65.0259
-65.0255
-65.0251
-65.0248
-65.0244
-65.0241
-65.0238
-65.0234
-65.0231
-65.0228
-65.0225
-65.0223
-65.022
-65.0217
-65.0215
-65.0212
-65.021
-65.0207
-65.0205
-65.0203
-65.02
-65.0198
-65.0196
-65.0194
-65.0192
-65.019
-65.0188
-65.0187
-65.0185
-65.0183
-65.0181
-65.018
-65.0178
-65.0177
-65.0175
-65.0174
-65.0172
-65.0171
-65.017
-65.0168
-65.0167
-65.0166
-65.0165
-65.0163
-65.0162
-65.0161
-65.016
-65.0159
-65.0158
-65.0157
-65.0156
-65.0155
-65.0154
-65.0153
-65.0153
-65.0152
-65.0151
-65.015
-65.0149
-65.0149
-65.0148
-65.0147
-65.0147
-65.0146
-65.0145
-65.0145
-65.0144
-65.0143
-65.0143
-65.0142
-65.0142
-65.0141
-65.0141
-65.014
-65.014
-65.0139
-65.0139
-65.0138
-65.0138
-65.0137
-65.0137
-65.0137
-65.0136
-65.0136
-65.0135
-65.0135
-65.0135
-65.0134
-65.0134
-65.0134
-65.0133
-65.0133
-65.0133
-65.0133
-65.0132
-65.0132
-65.0132
-65.0131
-65.0131
-65.0131
-65.0131
-65.0131
-65.013
-65.013
-65.013
-65.013
-65.0129
-65.0129
-65.0129
-65.0129
-65.0129
-65.0129
-65.0128
-65.0128
-65.0128
-65.0128
-65.0128
-65.0128
-65.0127
-65.0127
-65.0127
-65.0127
-65.0127
-65.0127
-65.0127
-65.0127
-65.0126
-65.0126
-65.0126
-65.0126
-65.0126
-65.0126
-65.0126
-65.0126
-65.0126
-65.0126
-65.0125
-65.0125
-65.0125
-65.0125
-65.0125
-65.0125
-65.0125
-65.0125
-65.0125
-65.0125
-65.0125
-65.0125
-65.0125
-65.0124
-65.0124
-65.0124
-65.0124
-65.0124
-65.0124
-65.0124
-65.0124
-65.0124
-65.0124
-65.0124
-65.0124
-65.0124
-65.0124
-65.0124
-65.0124
-65.0124
-65.0124
-65.0124
-65.0124
-65.0124
-65.0124
-65.0124
-65.0123
-65.0123
-65.0123
-65.0123
-65.0123
-65.0123
-65.0123
-65.0123
-65.0123
-65.0123
-65.0123
-65.0123
-65.0123
-65.0123
-65.0123
-65.0123
-65.0123
-65.0123
-65.0123
-65.0123
-65.0123
-65.0123
-65.0123
-65.0123
-65.0123
-65.0123
-65.0123
-65.0123
-65.0123
-65.0123
-65.0123
-65.0123
-65.0123
-65.0123
-65.0123
-65.0123
-65.0123
-65.0123
-65.0123
-65.0123
-65.0123
-65.0123
-65.0123
-65.0123
-65.0123
-65.0123
-65.0123
-65.0123
-65.0123
-65.0123
-65.0123
-65.0123
-65.0123
-65.0123
-65.0123
-65.0123
-65.0123
-65.0123
-65.0123
-65.0123
-65.0123
-65.0123
-65.0123
-65.0123
-65.0123
-65.0123
-65.0123
-65.0123
-65.0123
-65.0123
-65.0123
-65.0123
-65.0123
-65.0123
-64.8272
-64.6749
-64.5616
-64.4807
-64.4179
-64.3677
-64.3273
-64.2951
-64.2696
-64.2499
-64.2351
-64.2244
-64.2173
-64.2132
-64.2117
-64.2125
-64.2152
-64.2195
-64.2252
-64.2321
-64.2401
-64.2489
-64.2584
-64.2685
-64.2792
-64.2902
-64.3016
-64.3133
-64.3251
-64.3371
-64.3491
-64.3613
-64.3734
-64.3855
-64.2159
-63.7912
-63.5088
-63.2992
-63.1497
-63.0333
-62.942
-62.8709
-62.8165
-62.7761
-62.7475
-62.7289
-62.7188
-62.716
-62.7193
-62.728
-62.7411
-62.7582
-62.7784
-62.3448
-62.0036
-61.5954
-60.7098
-60.0579
-59.4171
-58.8698
-58.4016
-57.7202
-57.1161
-56.0687
-55.2561
-54.4489
-53.8769
-53.4366
-52.825
-52.2513
-51.8112
-51.116
-50.59
-50.0386
-49.5713
-49.1515
-48.7784
-48.4056
-48.0269
-47.6475
-47.2247
-46.7348
-46.1565
-45.4598
-44.5219
-43.0066
-39.8391
-20.0114
35.1004
-11.7667
-42.3526
-56.9362
-60.7249
-61.6789
-61.9127
-61.8951
-61.743
-61.5759
-61.4274
-61.2222
-61.0121
-60.8002
-60.6263
-60.4488
-60.3117
-60.2089
-60.0559
-59.9246
-59.8222
-59.6765
-59.5495
-59.4633
-59.3757
-59.2974
-59.2491
-59.2227
-59.2138
-59.2115
-59.1824
-59.132
-59.1041
-59.0141
-58.9021
-58.7935
-58.6731
-58.5571
-58.4664
-58.3585
-58.1701
-57.9834
-57.7611
-57.5838
-57.3866
-57.2171
-56.9481
-56.6801
-56.2883
-55.9267
-55.6539
-55.2584
-54.6136
-53.7298
-52.8266
-52.1051
-51.4714
-50.9463
-50.4308
-50.0099
-49.5208
-49.049
-48.5803
-48.1434
-47.733
-47.2885
-46.7914
-46.2312
-45.5357
-44.6047
-43.1827
-40.3576
-26.4835
39.112
-8.27764
-40.95
-57.9472
-62.3895
-63.6128
-63.9853
-64.0683
-64.0394
-63.9694
-63.8879
-63.8071
-63.7318
-63.6638
-63.6031
-63.5496
-63.5025
-63.4612
-63.4252
-63.3938
-63.3667
-63.3433
-63.3233
-63.3063
-63.292
-63.2802
-63.2705
-63.2628
-63.2568
-63.2524
-63.2495
-63.2478
-63.2473
-63.2478
-63.2492
-63.2514
-63.2544
-63.258
-63.2622
-63.2669
-63.2721
-63.2777
-63.2836
-63.2899
-63.2964
-63.3032
-63.3102
-63.3174
-63.3247
-63.3321
-63.3397
-63.3474
-63.3551
-63.3629
-63.3707
-63.3786
-63.3865
-63.3944
-63.4024
-63.4103
-63.4182
-63.4261
-63.4339
-63.4093
-63.2541
-63.1519
-63.0764
-63.0242
-62.9719
-62.6079
-62.2812
-62.0431
-61.8566
-61.6427
-61.2633
-60.8285
-60.4713
-60.2087
-59.5664
-58.6711
-57.7841
-57.0188
-55.9342
-54.9712
-54.2577
-53.4636
-52.8462
-52.1277
-51.5662
-51.1252
-50.7656
-50.4528
-50.1868
-49.9375
-49.7334
-49.5365
-49.3433
-49.1729
-49.0113
-48.7288
-48.4436
-48.1499
-47.8782
-47.5649
-47.1752
-46.7247
-46.2097
-45.5806
-44.6747
-43.2978
-40.6363
-29.2312
40.6022
-6.40789
-40.5152
-58.6912
-63.3774
-64.5821
-64.829
-64.7419
-64.4925
-64.2552
-64.0403
-63.8534
-63.6902
-63.5484
-63.4257
-63.3199
-63.2031
-63.0304
-62.8919
-62.7815
-62.6949
-62.6243
-62.5666
-62.4767
-62.3977
-62.3378
-62.2932
-62.2598
-62.235
-62.1728
-62.1288
-62.0979
-62.0713
-61.9255
-61.5682
-61.1983
-60.8123
-60.5067
-60.2463
-59.9142
-59.5652
-59.1492
-58.7155
-58.3072
-57.9592
-57.64
-57.1243
-56.6687
-56.2154
-55.7635
-55.2428
-54.7387
-54.0085
-53.3647
-52.752
-52.2024
-51.7753
-51.4272
-51.153
-50.9079
-50.6902
-50.5228
-50.3475
-50.2114
-50.0402
-49.7496
-49.4779
-49.2498
-49.0641
-48.8782
-48.7105
-48.5336
-48.376
-48.2273
-48.0841
-47.9395
-47.7882
-47.6259
-47.4479
-47.2484
-47.0167
-46.7373
-46.3913
-45.948
-45.3434
-44.46
-42.9865
-39.7261
-16.7873
32.0782
-16.3316
-49.2749
-62.524
-66.0988
-67.1824
-67.5492
-67.6566
-67.6609
-67.6218
-67.5633
-67.4956
-67.4232
-67.3485
-67.2725
-67.1962
-67.1198
-67.0438
-66.9684
-66.8937
-66.82
-66.7473
-66.6757
-66.6054
-66.5363
-66.4685
-66.402
-66.3369
-66.2732
-66.2109
-66.1499
-66.0904
-66.0323
-65.9756
-65.9202
-65.8663
-65.8136
-65.7623
-65.7123
-65.6636
-65.6162
-65.57
-65.525
-65.4813
-65.4387
-65.3973
-65.357
-65.3178
-65.2797
-65.2427
-65.2067
-65.1717
-65.1378
-65.1048
-65.0727
-65.0416
-65.0113
-64.982
-64.9535
-64.9258
-64.899
-64.873
-64.7928
-64.7286
-64.675
-64.623
-64.2444
-63.7217
-63.3129
-62.7795
-62.2472
-61.8531
-61.5504
-61.1535
-60.7215
-60.366
-60.0486
-59.7546
-59.5353
-59.2332
-57.7917
-56.2541
-55.1825
-54.3945
-53.7614
-53.1994
-52.765
-52.2828
-51.9043
-51.6077
-51.3541
-51.1281
-50.9466
-50.8089
-50.7073
-50.625
-50.394
-50.0635
-49.7525
-49.3705
-48.9946
-48.6643
-48.3355
-47.9729
-47.6333
-47.2887
-46.8943
-46.4315
-45.8699
-45.1277
-43.9281
-41.9261
-36.5534
32.4637
12.0015
-28.5323
-55.9589
-63.9933
-66.0125
-66.4946
-66.5183
-66.3872
-66.1822
-65.9692
-65.7775
-65.6063
-65.4531
-65.3152
-65.191
-65.0458
-64.8981
-64.7525
-64.5553
-64.3604
-64.1788
-64.0343
-63.9143
-63.8133
-63.7266
-63.6519
-63.5874
-63.5317
-63.4351
-63.2945
-63.0054
-62.7785
-62.5786
-62.4104
-62.2814
-62.1797
-62.0997
-62.0365
-61.9873
-61.941
-61.8587
-61.8032
-61.7641
-61.7159
-61.6588
-61.5756
-61.4087
-61.1712
-60.6356
-60.0239
-59.5324
-58.815
-58.0054
-57.2732
-56.5931
-55.8596
-55.141
-54.4299
-53.6566
-53.0463
-52.4406
-51.9762
-51.6157
-51.3356
-51.1142
-50.8298

