-70
-70.0758
-70.1508
-70.225
-70.2983
-70.3706
-70.4419
-70.5122
-70.5814
-70.6496
-70.7168
-70.7829
-70.848
-70.9121
-70.9752
-71.0373
-71.0984
-71.1586
-71.2178
-71.2761
-71.3334
-71.3899
-71.4455
-71.5003
-71.5543
-71.6074
-71.6598
-71.7114
-71.7623
-71.8124
-71.8619
-71.9106
-71.9587
-72.006
-72.0527
-72.0988
-72.1442
-72.1889
-72.2331
-72.2766
-72.3196
-72.362
-72.4038
-72.445
-72.4857
-72.5258
-72.5654
-72.6045
-72.6431
-72.6812
-72.7188
-72.756
-72.7927
-72.8289
-72.8647
-72.9
-72.9349
-72.9694
-73.0035
-73.0371
-73.0704
-73.1032
-73.1357
-73.1678
-73.1994
-73.2307
-73.2617
-73.2922
-73.3224
-73.3523
-73.3817
-73.4109
-73.4397
-73.4682
-73.4963
-73.5241
-73.5516
-73.5788
-73.6057
-73.6323
-73.6585
-73.6845
-73.7102
-73.7356
-73.7608
-73.7857
-73.8103
-73.8346
-73.8587
-73.8825
-73.9061
-73.9294
-73.9524
-73.9753
-73.9979
-74.0202
-74.0423
-74.0642
-74.0859
-74.1073
-74.1285
-74.1495
-74.1703
-74.1909
-74.2112
-74.2313
-74.2513
-74.271
-74.2905
-74.3098
-74.329
-74.3479
-74.3666
-74.3852
-74.4036
-74.4217
-74.4397
-74.4575
-74.4752
-74.4926
-74.5099
-74.527
-74.544
-74.5607
-74.5774
-74.5938
-74.6101
-74.6262
-74.6422
-74.658
-74.6736
-74.6891
-74.7045
-74.7197
-74.7347
-74.7496
-74.7644
-74.779
-74.7935
-74.8079
-74.8221
-74.8362
-74.8501
-74.864
-74.8777
-74.8913
-74.9047
-74.918
-74.9313
-74.9443
-74.9573
-74.9701
-74.9829
-74.9955
-75.008
-75.0204
-75.0327
-75.0448
-75.0569
-75.0688
-75.0806
-75.0924
-75.104
-75.1155
-75.1269
-75.1382
-75.1495
-75.1606
-75.1716
-75.1825
-75.1933
-75.204
-75.2147
-75.2252
-75.2356
-75.246
-75.2562
-75.2664
-75.2764
-75.2864
-75.2963
-75.3061
-75.3158
-75.3255
-75.335
-75.3445
-75.3538
-75.3631
-75.3724
-75.3815
-75.3906
-75.3995
-75.4084
-75.4172
-75.426
-75.4346
-75.4432
-75.4518
-75.4602
-75.4686
-75.4769
-75.4851
-75.4932
-75.5013
-75.5093
-75.5173
-75.5251
-75.533
-75.5407
-75.5484
-75.556
-75.5635
-75.571
-75.5784
-75.5858
-75.593
-75.6003
-75.6074
-75.6145
-75.6216
-75.6285
-75.6355
-75.6423
-75.6491
-75.6559
-75.6626
-75.6692
-75.6758
-75.6823
-75.6888
-75.6952
-75.7015
-75.7078
-75.7141
-75.7203
-75.7264
-75.7325
-75.7386
-75.7446
-75.7505
-75.7564
-75.7622
-75.768
-75.7738
-75.7795
-75.7851
-75.7907
-75.7963
-75.8018
-75.8072
-75.8127
-75.818
-75.8234
-75.8287
-75.8339
-75.8391
-75.8443
-75.8494
-75.8545
-75.8595
-75.8645
-75.8695
-75.8744
-75.8793
-75.8841
-75.8889
-75.8937
-75.8984
-75.9031
-75.9077
-75.9123
-75.9169
-75.9214
-75.9259
-75.9304
-75.9348
-75.9392
-75.9436
-75.9479
-75.9522
-75.9565
-75.9607
-75.9649
-75.969
-75.9731
-75.9772
-75.9813
-75.9853
-75.9893
-75.9933
-75.9972
-76.0011
-76.005
-76.0088
-76.0126
-76.0164
-76.0201
-76.0239
-76.0275
-76.0312
-76.0348
-76.0384
-76.042
-76.0456
-76.0491
-76.0526
-76.056
-76.0595
-76.0629
-76.0663
-76.0696
-76.0729
-76.0762
-76.0795
-76.0828
-76.086
-76.0892
-76.0924
-76.0955
-76.0986
-76.1017
-76.1048
-76.1079
-76.1109
-76.1139
-76.1169
-76.1198
-76.1228
-76.1257
-76.1286
-76.1314
-76.1343
-76.1371
-76.1399
-76.1427
-76.1455
-76.1482
-76.1509
-76.1536
-76.1563
-76.1589
-76.1615
-76.1642
-76.1667
-76.1693
-76.1719
-76.1744
-76.1769
-76.1794
-76.1819
-76.1843
-76.1868
-76.1892
-76.1916
-76.1939
-76.1963
-76.1986
-76.201
-76.2033
-76.2056
-76.2078
-76.2101
-76.2123
-76.2145
-76.2167
-76.2189
-76.2211
-76.2232
-76.2254
-76.2275
-76.2296
-76.2317
-76.2337
-76.2358
-76.2378
-76.2398
-76.2418
-76.2438
-76.2458
-76.2478
-76.2497
-76.2516
-76.2536
-76.2554
-76.2573
-76.2592
-76.2611
-76.2629
-76.2647
-76.2665
-76.2683
-76.2701
-76.2719
-76.2737
-76.2754
-76.2771
-76.2788
-76.2806
-76.2822
-76.2839
-76.2856
-76.2872
-76.2889
-76.2905
-76.2921
-76.2937
-76.2953
-76.2969
-76.2985
-76.3
-76.3016
-76.3031
-76.3046
-76.3061
-76.3076
-76.3091
-76.3106
-76.312
-76.3135
-76.3149
-76.3164
-76.3178
-76.3192
-76.3206
-76.322
-76.3233
-76.3247
-76.3261
-76.3274
-76.3287
-76.33
-76.3314
-76.3327
-76.334
-76.3352
-76.3365
-76.3378
-76.339
-76.3403
-76.3415
-76.3427
-76.3439
-76.3452
-76.3464
-76.3475
-76.3487
-76.3499
-76.351
-76.3522
-76.3533
-76.3545
-76.3556
-76.3567
-76.3578
-76.3589
-76.36
-76.3611
-76.3622
-76.3632
-76.3643
-76.3654
-76.3664
-76.3674
-76.3685
-76.3695
-76.3705
-76.3715
-76.3725
-76.3735
-76.3745
-76.3754
-76.3764
-76.3774
-76.3783
-76.3793
-76.3802
-76.3811
-76.382
-76.383
-76.3839
-76.3848
-76.3857
-76.3866
-76.3874
-76.3883
-76.3892
-76.39
-76.3909
-76.3917
-76.3926
-76.3934
-76.3943
-76.3951
-76.3959
-76.3967
-76.3975
-76.3983
-76.3991
-76.3999
-76.4007
-76.4014
-76.4022
-76.403
-76.4037
-76.4045
-76.4052
-76.406
-76.4067
-76.4074
-76.4082
-76.4089
-76.4096
-76.4103
-76.411
-76.4117
-76.4124
-76.4131
-76.4137
-76.4144
-76.4151
-76.4158
-76.4164
-76.4171
-76.4177
-76.4184
-76.419
-76.4196
-76.4203
-76.4209
-76.4215
-76.4221
-76.4227
-76.4234
-76.424
-76.4246
-76.4251
-76.4257
-76.4263
-76.4269
-76.4275
-76.4169
-76.3741
-76.3371
-76.3081
-76.2853
-76.2671
-76.2526
-76.2409
-76.2315
-76.2239
-76.2079
-76.182
-76.1526
-76.1236
-76.1032
-76.089
-76.079
-76.0718
-76.0668
-76.0632
-76.0609
-76.0594
-76.0586
-76.0584
-76.0587
-76.0593
-76.0602
-76.0614
-76.0628
-76.0644
-76.0662
-76.0682
-76.0702
-76.0724
-76.0746
-76.077
-76.0794
-76.0819
-76.0844
-76.087
-76.0896
-76.0923
-76.095
-76.0977
-76.1004
-76.1032
-76.106
-76.1087
-76.1115
-76.1143
-76.1171
-76.1199
-76.1226
-76.1254
-76.1282
-76.1309
-76.1337
-76.1364
-76.1391
-76.1419
-76.1446
-76.1472
-76.1499
-76.1526
-76.1552
-76.1578
-76.1604
-76.163
-76.1656
-76.1667
-76.154
-76.1418
-76.1324
-76.1253
-76.1199
-76.1158
-76.1128
-76.1107
-76.1094
-76.1086
-76.1079
-76.0988
-76.0901
-76.0837
-76.0778
-76.0677
-76.0599
-76.0546
-76.051
-76.0487
-76.0473
-76.0466
-76.0464
-76.0468
-76.0474
-76.0484
-76.0497
-76.0511
-76.0528
-76.0546
-76.0565
-76.0586
-76.0608
-76.0631
-76.0655
-76.0679
-76.0704
-76.073
-76.0756
-76.0782
-76.0809
-76.0837
-76.0864
-76.0892
-76.092
-76.0948
-76.0976
-76.1005
-76.1033
-76.1061
-76.109
-76.1118
-76.1147
-76.1175
-76.1203
-76.1231
-76.1259
-76.1287
-76.1315
-76.1343
-76.137
-76.1398
-76.1425
-76.1452
-76.1479
-76.1506
-76.1532
-76.1559
-76.1585
-76.1611
-76.1637
-76.1663
-76.1689
-76.1714
-76.1739
-76.1764
-76.1789
-76.1814
-76.1838
-76.1862
-76.1887
-76.1911
-76.1934
-76.1958
-76.1981
-76.2005
-76.2028
-76.205
-76.2073
-76.2096
-76.2118
-76.214
-76.2162
-76.2184
-76.2206
-76.2227
-76.2249
-76.227
-76.2291
-76.2312
-76.2332
-76.2353
-76.2373
-76.2394
-76.2414
-76.2434
-76.2453
-76.2473
-76.2493
-76.2472
-76.226
-76.2067
-76.1918
-76.1801
-76.1709
-76.1637
-76.1581
-76.1538
-76.1505
-76.1481
-76.1464
-76.1393
-76.1254
-76.1145
-76.1063
-76.1003
-76.0958
-76.0925
-76.0902
-76.0888
-76.0879
-76.0868
-76.0792
-76.0725
-76.0678
-76.0645
-76.0622
-76.0609
-76.0602
-76.06
-76.0603
-76.061
-76.0619
-76.0632
-76.0646
-76.0662
-76.068
-76.07
-76.072
-76.0742
-76.0765
-76.0788
-76.0812
-76.0837
-76.0862
-76.0888
-76.0915
-76.0941
-76.0968
-76.0995
-76.1022
-76.105
-76.1078
-76.1105
-76.1133
-76.1161
-76.1188
-76.1216
-76.1244
-76.1271
-76.1299
-76.1327
-76.1354
-76.1381
-76.1408
-76.1435
-76.1462
-76.1489
-76.1516
-76.1542
-76.1568
-76.1594
-76.162
-76.1646
-76.1672
-76.1697
-76.1723
-76.1646
-76.1515
-76.1411
-76.1331
-76.127
-76.1224
-76.119
-76.1165
-76.1148
-76.1137
-76.1132
-76.1131
-76.1134
-76.114
-76.115
-76.1161
-76.1174
-76.1189
-76.1206
-76.1224
-76.1243
-76.1263
-76.1197
-76.1105
-76.1035
-76.0982
-76.0944
-76.0917
-76.0898
-76.0887
-76.0881
-76.088
-76.0883
-76.089
-76.0899
-76.0911
-76.0926
-76.0941
-76.0959
-76.0978
-76.0998
-76.1019
-76.1041
-76.1064
-76.1087
-76.1111
-76.1135
-76.116
-76.1185
-76.1211
-76.1236
-76.1262
-76.1288
-76.1314
-76.134
-76.1366
-76.1393
-76.1419
-76.1445
-76.1471
-76.1497
-76.1523
-76.1549
-76.1575
-76.1601
-76.1626
-76.1652
-76.1677
-76.1702
-76.1727
-76.1752
-76.1777
-76.1801
-76.1826
-76.185
-76.1874
-76.1898
-76.1922
-76.1945
-76.1969
-76.1992
-76.2015
-76.2038
-76.2061
-76.2083
-76.2106
-76.2128
-76.215
-76.2172
-76.2194
-76.2215
-76.2237
-76.2258
-76.2279
-76.23
-76.2321
-76.2342
-76.2362
-76.2382
-76.2403
-76.2423
-76.2442
-76.2462
-76.2482
-76.2501
-76.252
-76.2539
-76.2558
-76.2577
-76.2596
-76.2614
-76.2633
-76.2651
-76.2669
-76.2687
-76.2705
-76.2723
-76.274
-76.2758
-76.2775
-76.2792
-76.2809
-76.2826
-76.2843
-76.2859
-76.273
-76.2481
-76.2278
-76.2119
-76.1994
-76.1738
-76.1502
-76.1328
-76.1199
-76.1102
-76.103
-76.0977
-76.0938
-76.0896
-76.0797
-76.0718
-76.0662
-76.0623
-76.0596
-76.0579
-76.057
-76.0566
-76.0568
-76.0573
-76.0582
-76.0593
-76.0607
-76.0622
-76.064
-76.0659
-76.0679
-76.07
-76.0722
-76.0746
-76.077
-76.0794
-76.082
-76.0846
-76.0872
-76.0898
-76.0925
-76.0952
-76.098
-76.1007
-76.1035
-76.1063
-76.1091
-76.1119
-76.1147
-76.1174
-76.1202
-76.123
-76.1258
-76.1286
-76.1313
-76.1341
-76.1368
-76.1395
-76.1423
-76.145
-76.1476
-76.1503
-76.153
-76.1556
-76.1582
-76.1608
-76.1634
-76.166
-76.1686
-76.1711
-76.1736
-76.1761
-76.1786
-76.1811
-76.1835
-76.1859
-76.1884
-76.1908

