-70
-69.8623
-69.7285
-69.5983
-69.4718
-69.3487
-69.2291
-69.1128
-68.9997
-68.8897
-68.7828
-68.6789
-68.5778
-68.4795
-68.3839
-68.291
-68.2007
-68.1128
-68.0274
-67.9443
-67.8636
-67.7851
-67.7087
-67.6345
-67.5623
-67.4921
-67.4238
-67.3574
-67.2929
-67.2301
-67.1691
-67.1098
-67.0521
-66.996
-66.9414
-66.8884
-66.8368
-66.7866
-66.7378
-66.6904
-66.6443
-66.5994
-66.5558
-66.5133
-66.4721
-66.432
-66.393
-66.355
-66.3181
-66.2823
-66.2474
-66.2134
-66.1805
-66.1484
-66.1172
-66.0868
-66.0573
-66.0286
-66.0007
-65.9736
-65.9472
-65.9215
-65.8966
-65.8723
-65.8487
-65.8257
-65.8034
-65.7817
-65.7606
-65.74
-65.72
-65.7006
-65.6817
-65.6633
-65.6455
-65.6281
-65.6112
-65.5948
-65.5788
-65.5632
-65.5481
-65.5334
-65.5191
-65.5052
-65.4917
-65.4785
-65.4657
-65.4533
-65.4412
-65.4294
-65.418
-65.4068
-65.396
-65.3855
-65.3752
-65.3653
-65.3556
-65.3462
-65.337
-65.3281
-65.3194
-65.311
-65.3028
-65.2948
-65.2871
-65.2795
-65.2722
-65.2651
-65.2581
-65.2514
-65.2448
-65.2385
-65.2322
-65.2262
-65.2203
-65.2146
-65.2091
-65.2037
-65.1984
-65.1933
-65.1884
-65.1835
-65.1788
-65.1743
-65.1698
-65.1655
-65.1613
-65.1572
-65.1532
-65.1493
-65.1456
-65.1419
-65.1384
-65.1349
-65.1315
-65.1283
-65.1251
-65.122
-65.119
-65.1161
-65.1132
-65.1104
-65.1077
-65.1051
-65.1026
-65.1001
-65.0977
-65.0953
-65.0931
-65.0908
-65.0887
-65.0866
-65.0845
-65.0826
-65.0806
-65.0788
-65.0769
-65.0752
-65.0734
-65.0718
-65.0701
-65.0685
-65.067
-65.0655
-65.064
-65.0626
-65.0612
-65.0599
-65.0586
-65.0573
-65.0561
-65.0549
-65.0537
-65.0526
-65.0514
-65.0504
-65.0493
-65.0483
-65.0473
-65.0464
-65.0454
-65.0445
-65.0436
-65.0428
-65.0419
-65.0411
-65.0403
-65.0395
-65.0388
-65.0381
-65.0374
-65.0367
-65.036
-65.0353
-65.0347
-65.0341
-65.0335
-65.0329
-65.0323
-65.0318
-65.0313
-65.0307
-65.0302
-65.0297
-65.0293
-65.0288
-65.0283
-65.0279
-65.0275
-65.027
-65.0266
-65.0262
-65.0259
-65.0255
-65.0251
-65.0248
-65.0244
-65.0241
-65.0238
-65.0234
-65.0231
-65.0228
-65.0225
-65.0223
-65.022
-65.0217
-65.0215
-65.0212
-65.021
-65.0207
-65.0205
-65.0203
-65.02
-65.0198
-65.0196
-65.0194
-65.0192
-65.019
-65.0188
-65.0187
-65.0185
-65.0183
-65.0181
-65.018
-65.0178
-65.0177
-65.0175
-65.0174
-65.0172
-65.0171
-65.017
-65.0168
-65.0167
-65.0166
-65.0165
-65.0163
-65.0162
-65.0161
-65.016
-65.0159
-65.0158
-65.0157
-65.0156
-65.0155
-65.0154
-65.0153
-65.0153
-65.0152
-65.0151
-65.015
-65.0149
-65.0149
-65.0148
-65.0147
-65.0147
-65.0146
-65.0145
-65.0145
-65.0144
-65.0143
-65.0143
-65.0142
-65.0142
-65.0141
-65.0141
-65.014
-65.014
-65.0139
-65.0139
-65.0138
-65.0138
-65.0137
-65.0137
-65.0137
-65.0136
-65.0136
-65.0135
-65.0135
-65.0135
-65.0134
-65.0134
-65.0134
-65.0133
-65.0133
-65.0133
-65.0133
-65.0132
-65.0132
-65.0132
-65.0131
-65.0131
-65.0131
-65.0131
-65.0131
-65.013
-65.013
-65.013
-65.013
-65.0129
-65.0129
-65.0129
-65.0129
-65.0129
-65.0129
-65.0128
-65.0128
-65.0128
-65.0128
-65.0128
-65.0128
-65.0127
-65.0127
-65.0127
-65.0127
-65.0127
-65.0127
-65.0127
-65.0127
-65.0126
-65.0126
-65.0126
-65.0126
-65.0126
-65.0126
-65.0126
-65.0126
-65.0126
-65.0126
-65.0125
-65.0125
-65.0125
-65.0125
-65.0125
-65.0125
-65.0125
-65.0125
-65.0125
-65.0125
-65.0125
-65.0125
-65.0125
-65.0124
-65.0124
-65.0124
-65.0124
-65.0124
-65.0124
-65.0124
-65.0124
-65.0124
-65.0124
-65.0124
-65.0124
-65.0124
-65.0124
-65.0124
-65.0124
-65.0124
-65.0124
-65.0124
-65.0124
-65.0124
-65.0124
-65.0124
-65.0123
-65.0123
-65.0123
-65.0123
-65.0123
-65.0123
-65.0123
-65.0123
-65.0123
-65.0123
-65.0123
-65.0123
-65.0123
-65.0123
-65.0123
-65.0123
-65.0123
-65.0123
-65.0123
-65.0123
-65.0123
-65.0123
-65.0123
-65.0123
-65.0123
-65.0123
-65.0123
-65.0123
-65.0123
-65.0123
-65.0123
-65.0123
-65.0123
-65.0123
-65.0123
-65.0123
-65.0123
-65.0123
-65.0123
-65.0123
-65.0123
-65.0123
-65.0123
-65.0123
-65.0123
-65.0123
-65.0123
-65.0123
-65.0123
-65.0123
-65.0123
-65.0123
-65.0123
-65.0123
-65.0123
-65.0123
-65.0123
-65.0123
-65.0123
-65.0123
-65.0123
-65.0123
-65.0123
-65.0123
-65.0123
-65.0123
-65.0123
-65.0123
-65.0123
-65.0123
-65.0123
-65.0123
-65.0123
-65.0123
-64.7043
-64.4515
-64.2637
-64.1299
-64.026
-63.943
-63.8763
-63.8231
-63.7811
-63.7486
-63.7241
-63.7065
-63.6948
-63.688
-63.6856
-63.6868
-63.6912
-63.6983
-63.7077
-63.7191
-63.7322
-63.7467
-63.7624
-63.7792
-63.7967
-63.8149
-63.8337
-63.8529
-63.8724
-63.8922
-63.9121
-63.9321
-63.9522
-63.9722
-63.7858
-63.3103
-62.9964
-62.765
-62.6016
-62.4757
-62.3781
-62.3032
-62.2471
-62.2068
-62.1797
-62.1639
-62.1575
-62.1593
-62.168
-62.1826
-62.1493
-62.1225
-62.1127
-61.9868
-61.9058
-61.7488
-60.4638
-59.5216
-58.5746
-57.5544
-56.6481
-55.3927
-54.3855
-53.1232
-52.1391
-51.2142
-50.5047
-49.918
-49.1973
-48.3875
-47.5595
-46.4858
-45.3786
-43.9541
-41.7865
-36.2285
34.8215
13.9739
-23.7144
-49.551
-57.8352
-59.6473
-59.8613
-59.7241
-59.4719
-58.9354
-58.466
-57.9771
-57.56
-57.2369
-56.979
-56.7
-56.4117
-56.0887
-55.8591
-55.6693
-55.5114
-55.402
-55.3217
-55.2319
-55.1813
-55.1283
-55.0939
-55.0874
-55.1034
-55.1373
-55.1854
-55.2456
-55.3085
-55.3128
-55.3203
-55.3557
-55.4112
-55.4675
-55.4548
-55.3766
-55.3509
-55.3539
-55.3485
-55.2858
-55.0903
-54.8106
-54.5827
-54.3927
-54.1642
-53.8954
-53.6756
-53.494
-53.2946
-53.0983
-52.8014
-52.5113
-52.2094
-51.8858
-51.4598
-51.0274
-50.4452
-49.8679
-49.29
-48.6777
-47.7171
-46.6033
-45.3765
-43.8474
-41.444
-35.2001
36.7272
10.2106
-26.7974
-51.7407
-59.0209
-60.5651
-60.6775
-60.3855
-59.9351
-59.3812
-58.8518
-58.4114
-58.0567
-57.7712
-57.5411
-57.3575
-57.2135
-57.1033
-57.0223
-56.9663
-56.9318
-56.9161
-56.9165
-56.9311
-56.9579
-56.9954
-57.0423
-57.0972
-57.1592
-57.2274
-57.3009
-57.3789
-57.4609
-57.5463
-57.6344
-57.7248
-57.8171
-57.911
-58.006
-58.1019
-58.1983
-58.2951
-58.392
-58.4889
-58.5855
-58.6817
-58.7775
-58.8725
-58.9667
-59.0601
-59.1525
-59.2438
-59.334
-59.4231
-59.511
-59.5976
-59.683
-59.767
-59.8497
-59.9311
-60.0111
-60.0897
-60.1669
-60.2428
-60.3172
-60.3903
-60.4621
-60.5325
-60.6015
-60.6692
-60.7357
-60.8008
-60.8646
-60.9271
-60.9884
-61.0484
-61.1072
-61.1648
-61.2065
-61.2087
-61.2271
-61.2529
-61.2851
-61.2978
-61.1765
-61.1058
-61.0625
-61.0431
-60.9883
-60.599
-59.8829
-59.2598
-58.79
-57.9771
-56.7137
-55.3134
-54.0732
-52.5918
-51.3635
-50.4184
-49.4308
-48.6098
-47.6961
-46.8494
-45.9727
-44.9531
-43.5512
-41.0885
-32.4839
42.5237
1.35521
-33.3999
-56.0617
-61.9305
-63.0553
-63.0198
-62.7136
-62.3726
-62.0484
-61.6098
-61.1087
-60.7088
-60.3905
-60.0922
-59.7445
-59.4538
-59.1453
-58.835
-58.5948
-58.342
-58.1127
-57.9009
-57.7158
-57.4929
-57.2461
-57.0057
-56.8418
-56.7293
-56.6388
-56.5521
-56.495
-56.3861
-56.3256
-56.2733
-56.23
-56.2185
-56.2297
-56.2594
-56.3033
-56.3313
-56.3649
-56.4154
-56.4715
-56.497
-56.5458
-56.5532
-56.55
-56.5142
-56.4208
-56.2214
-55.9168
-55.5935
-55.3143
-55.0055
-54.7651
-54.5354
-54.2984
-54.0837
-53.8131
-53.4338
-53.1716
-52.9471
-52.6568
-52.2294
-51.704
-51.1522
-50.5981
-50.0423
-49.3911
-48.6702
-47.789
-46.7892
-45.656
-44.3368
-42.4869
-38.5939
-2.67087
27.8111
-17.0754
-48.1745
-60.4836
-63.2319
-63.5734
-63.2918
-62.855
-62.3626
-61.8874
-61.4788
-61.1347
-60.7874
-60.4347
-60.1293
-59.889
-59.6988
-59.5477
-59.4275
-59.3334
-59.2617
-59.2092
-59.1733
-59.1518
-59.1429
-59.1448
-59.1563
-59.1761
-59.2032
-59.2366
-59.2754
-59.319
-59.3667
-59.4179
-59.4721
-59.5289
-59.5878
-59.6485
-59.7107
-59.774
-59.8383
-59.9033
-59.9688
-60.0346
-60.1005
-60.1664
-60.2323
-60.2979
-60.3632
-60.428
-60.4924
-60.5562
-60.6193
-60.6818
-60.7435
-60.8044
-60.8646
-60.9239
-60.9823
-61.0399
-61.0965
-61.1522
-61.2071
-61.2609
-61.3139
-61.366
-61.4171
-61.4673
-61.5166
-61.5649
-61.6124
-61.659
-61.7046
-61.7495
-61.7934
-61.8365
-61.8787
-61.9202
-61.9608
-62.0005
-62.0395
-62.0778
-62.1152
-62.1519
-62.1879
-62.2231
-62.2576
-62.2915
-62.3246
-62.3571
-62.389
-62.3478
-62.2935
-62.2629
-62.2212
-61.7207
-60.9787
-60.4456
-59.9274
-59.5462
-59.2551
-59.034
-58.6693
-58.2886
-57.9971
-57.6969
-57.4662
-57.2871
-56.8069
-55.0066
-53.0967
-51.7097
-50.6762
-49.8438
-49.0623
-48.3805
-47.6472
-46.9195
-46.1337
-45.1253
-43.7658
-41.5088
-34.8304
40.5109
6.82537
-30.5089
-56.0612
-62.8028
-63.9844
-63.8511
-63.4571
-63.0198
-62.553
-62.1281
-61.767
-61.4627
-61.1863
-60.9073
-60.5179
-60.0428
-59.5275
-59.1301
-58.8298
-58.6012
-58.3938
-58.1946
-58.0176
-57.8617
-57.7293
-57.6125
-57.5054
-57.3946
-57.31
-57.2603
-57.237
-57.2339
-57.2234
-57.2076
-57.2162
-57.2417
-57.2813
-57.3313
-57.3698
-57.3991
-57.4453
-57.5028
-57.5696
-57.6428
-57.7211
-57.8035
-57.8894
-57.9779
-58.0687
-58.1301
-58.1719
-58.0962
-58.0599
-57.9891
-57.9435
-57.9312
-57.9432
-57.965
-57.9613
-57.9623
-57.9504
-57.9283
-57.8187
-57.7221
-57.6743
-57.5961
-57.3202
-56.8738
-56.3047
-55.5791
-54.9133
-54.263
-53.5838
-52.7817
-51.9461
-51.2251
-50.5671
-49.5807
-48.552
-47.602
-46.7384
-45.7364
-44.5633
-42.8986
-39.6404

