-70
-70.0758
-70.1508
-70.225
-70.2983
-70.3706
-70.4419
-70.5122
-70.5814
-70.6496
-70.7168
-70.7829
-70.848
-70.9121
-70.9752
-71.0373
-71.0984
-71.1586
-71.2178
-71.2761
-71.3334
-71.3899
-71.4455
-71.5003
-71.5543
-71.6074
-71.6598
-71.7114
-71.7623
-71.8124
-71.8619
-71.9106
-71.9587
-72.006
-72.0527
-72.0988
-72.1442
-72.1889
-72.2331
-72.2766
-72.3196
-72.362
-72.4038
-72.445
-72.4857
-72.5258
-72.5654
-72.6045
-72.6431
-72.6812
-72.7188
-72.756
-72.7927
-72.8289
-72.8647
-72.9
-72.9349
-72.9694
-73.0035
-73.0371
-73.0704
-73.1032
-73.1357
-73.1678
-73.1994
-73.2307
-73.2617
-73.2922
-73.3224
-73.3523
-73.3817
-73.4109
-73.4397
-73.4682
-73.4963
-73.5241
-73.5516
-73.5788
-73.6057
-73.6323
-73.6585
-73.6845
-73.7102
-73.7356
-73.7608
-73.7857
-73.8103
-73.8346
-73.8587
-73.8825
-73.9061
-73.9294
-73.9524
-73.9753
-73.9979
-74.0202
-74.0423
-74.0642
-74.0859
-74.1073
-74.1285
-74.1495
-74.1703
-74.1909
-74.2112
-74.2313
-74.2513
-74.271
-74.2905
-74.3098
-74.329
-74.3479
-74.3666
-74.3852
-74.4036
-74.4217
-74.4397
-74.4575
-74.4752
-74.4926
-74.5099
-74.527
-74.544
-74.5607
-74.5774
-74.5938
-74.6101
-74.6262
-74.6422
-74.658
-74.6736
-74.6891
-74.7045
-74.7197
-74.7347
-74.7496
-74.7644
-74.779
-74.7935
-74.8079
-74.8221
-74.8362
-74.8501
-74.864
-74.8777
-74.8913
-74.9047
-74.918
-74.9313
-74.9443
-74.9573
-74.9701
-74.9829
-74.9955
-75.008
-75.0204
-75.0327
-75.0448
-75.0569
-75.0688
-75.0806
-75.0924
-75.104
-75.1155
-75.1269
-75.1382
-75.1495
-75.1606
-75.1716
-75.1825
-75.1933
-75.204
-75.2147
-75.2252
-75.2356
-75.246
-75.2562
-75.2664
-75.2764
-75.2864
-75.2963
-75.3061
-75.3158
-75.3255
-75.335
-75.3445
-75.3538
-75.3631
-75.3724
-75.3815
-75.3906
-75.3995
-75.4084
-75.4172
-75.426
-75.4346
-75.4432
-75.4518
-75.4602
-75.4686
-75.4769
-75.4851
-75.4932
-75.5013
-75.5093
-75.5173
-75.5251
-75.533
-75.5407
-75.5484
-75.556
-75.5635
-75.571
-75.5784
-75.5858
-75.593
-75.6003
-75.6074
-75.6145
-75.6216
-75.6285
-75.6355
-75.6423
-75.6491
-75.6559
-75.6626
-75.6692
-75.6758
-75.6823
-75.6888
-75.6952
-75.7015
-75.7078
-75.7141
-75.7203
-75.7264
-75.7325
-75.7386
-75.7446
-75.7505
-75.7564
-75.7622
-75.768
-75.7738
-75.7795
-75.7851
-75.7907
-75.7963
-75.8018
-75.8072
-75.8127
-75.818
-75.8234
-75.8287
-75.8339
-75.8391
-75.8443
-75.8494
-75.8545
-75.8595
-75.8645
-75.8695
-75.8744
-75.8793
-75.8841
-75.8889
-75.8937
-75.8984
-75.9031
-75.9077
-75.9123
-75.9169
-75.9214
-75.9259
-75.9304
-75.9348
-75.9392
-75.9436
-75.9479
-75.9522
-75.9565
-75.9607
-75.9649
-75.969
-75.9731
-75.9772
-75.9813
-75.9853
-75.9893
-75.9933
-75.9972
-76.0011
-76.005
-76.0088
-76.0126
-76.0164
-76.0201
-76.0239
-76.0275
-76.0312
-76.0348
-76.0384
-76.042
-76.0456
-76.0491
-76.0526
-76.056
-76.0595
-76.0629
-76.0663
-76.0696
-76.0729
-76.0762
-76.0795
-76.0828
-76.086
-76.0892
-76.0924
-76.0955
-76.0986
-76.1017
-76.1048
-76.1079
-76.1109
-76.1139
-76.1169
-76.1198
-76.1228
-76.1257
-76.1286
-76.1314
-76.1343
-76.1371
-76.1399
-76.1427
-76.1455
-76.1482
-76.1509
-76.1536
-76.1563
-76.1589
-76.1615
-76.1642
-76.1667
-76.1693
-76.1719
-76.1744
-76.1769
-76.1794
-76.1819
-76.1843
-76.1868
-76.1892
-76.1916
-76.1939
-76.1963
-76.1986
-76.201
-76.2033
-76.2056
-76.2078
-76.2101
-76.2123
-76.2145
-76.2167
-76.2189
-76.2211
-76.2232
-76.2254
-76.2275
-76.2296
-76.2317
-76.2337
-76.2358
-76.2378
-76.2398
-76.2418
-76.2438
-76.2458
-76.2478
-76.2497
-76.2516
-76.2536
-76.2554
-76.2573
-76.2592
-76.2611
-76.2629
-76.2647
-76.2665
-76.2683
-76.2701
-76.2719
-76.2737
-76.2754
-76.2771
-76.2788
-76.2806
-76.2822
-76.2839
-76.2856
-76.2872
-76.2889
-76.2905
-76.2921
-76.2937
-76.2953
-76.2969
-76.2985
-76.3
-76.3016
-76.3031
-76.3046
-76.3061
-76.3076
-76.3091
-76.3106
-76.312
-76.3135
-76.3149
-76.3164
-76.3178
-76.3192
-76.3206
-76.322
-76.3233
-76.3247
-76.3261
-76.3274
-76.3287
-76.33
-76.3314
-76.3327
-76.334
-76.3352
-76.3365
-76.3378
-76.339
-76.3403
-76.3415
-76.3427
-76.3439
-76.3452
-76.3464
-76.3475
-76.3487
-76.3499
-76.351
-76.3522
-76.3533
-76.3545
-76.3556
-76.3567
-76.3578
-76.3589
-76.36
-76.3611
-76.3622
-76.3632
-76.3643
-76.3654
-76.3664
-76.3674
-76.3685
-76.3695
-76.3705
-76.3715
-76.3725
-76.3735
-76.3745
-76.3754
-76.3764
-76.3774
-76.3783
-76.3793
-76.3802
-76.3811
-76.382
-76.383
-76.3839
-76.3848
-76.3857
-76.3866
-76.3874
-76.3883
-76.3892
-76.39
-76.3909
-76.3917
-76.3926
-76.3934
-76.3943
-76.3951
-76.3959
-76.3967
-76.3975
-76.3983
-76.3991
-76.3999
-76.4007
-76.4014
-76.4022
-76.403
-76.4037
-76.4045
-76.4052
-76.406
-76.4067
-76.4074
-76.4082
-76.4089
-76.4096
-76.4103
-76.411
-76.4117
-73.1002
-67.146
-61.4032
-56.9619
-47.2827
24.093
-20.4554
-61.1106
-79.0905
-78.4792
-77.2737
-76.7071
-76.3386
-75.9659
-75.5746
-75.1662
-74.7437
-74.2212
-71.8937
-70.0996
-68.9345
-68.0645
-67.3515
-66.7365
-66.192
-65.7043
-65.1994
-63.1352
-61.158
-59.5443
-57.9938
-56.0312
-51.5239
40.6042
-14.0408
-49.5364
-78.9693
-79.2828
-79.2074
-79.1187
-79.0231
-78.921
-78.8128
-78.2976
-75.3374
-73.6733
-72.7709
-72.1413
-71.6297
-71.1814
-70.7754
-70.4035
-70.0619
-69.7493
-69.4649
-69.2081
-68.9783
-68.7748
-68.5969
-68.4434
-68.3131
-68.2047
-68.1168
-68.0482
-66.3574
-63.4699
-61.1866
-59.2684
-57.2793
-54.0778
-2.41755
1.05316
-32.2154
-76.0552
-78.5091
-78.3538
-77.0858
-76.3981
-75.9883
-75.5921
-75.1826
-74.7593
-74.3254
-73.885
-73.168
-68.6332
-65.2687
-63.2814
-61.9405
-60.9108
-60.0253
-59.1782
-58.2671
-57.1261
-55.2871
-49.5196
30.2526
-19.1704
-56.6705
-79.2617
-79.5784
-79.5363
-79.4792
-79.2991
-78.9468
-78.6584
-78.49
-78.2291
-78.0083
-77.8416
-77.6271
-77.3835
-77.203
-77.0591
-76.9366
-76.8286
-76.7319
-76.6446
-76.5658
-76.4945
-76.4303
-76.3726
-76.3208
-76.2746
-76.2335
-76.197
-76.1648
-76.1365
-76.1116
-76.09
-76.0712
-76.0549
-76.041
-76.0292
-76.0191
-76.0107
-76.0038
-75.9982
-75.9937
-75.9902
-75.9876
-75.9858
-75.9847
-75.9842
-75.9842
-75.9847
-75.9857
-75.9869
-75.9885
-75.9904
-75.9925
-75.9948
-75.9973
-76
-76.0027
-76.0056
-76.0086
-76.0116
-76.0148
-76.018
-76.0212
-76.0244
-76.0277
-76.031
-76.0344
-76.0377
-76.0411
-76.0444
-76.0477
-76.0511
-76.0544
-76.0577
-75.6409
-71.4971
-67.7576
-64.9415
-62.7524
-60.935
-57.3072
-49.8713
30.8808
-17.344
-53.5283
-78.9695
-78.3917
-77.9533
-77.7027
-76.9001
-75.54
-74.8533
-74.3443
-73.8571
-73.3693
-71.1403
-69.2922
-68.1001
-67.1448
-64.7584
-62.7965
-61.4128
-60.3177
-59.0052
-56.5989
-52.6062
44.2024
-8.26032
-39.3698
-77.3512
-78.3122
-78.1347
-77.9203
-77.4417
-75.7818
-74.9217
-74.3729
-74.0159
-73.7558
-73.4356
-73.0946
-72.7646
-72.6741
-72.5625
-72.4053
-72.2334
-72.0617
-71.8975
-71.7445
-71.6044
-71.4781
-71.3658
-71.6277
-71.9214
-72.1314
-72.2833
-72.3964
-72.4829
-72.5511
-72.6065
-72.653
-72.6931
-69.5672
-66.3593
-64.0282
-62.2812
-60.8808
-59.6364
-58.3453
-56.6334
-52.8825
45.4796
-7.94024
-39.1082
-78.5863
-79.7336
-79.722
-79.6873
-79.6482
-78.8164
-74.5368
-72.6816
-71.7819
-71.1023
-70.4887
-69.9048
-69.343
-68.8034
-68.2127
-65.9249
-63.2393
-60.166
-57.7186
-54.8679
-42.7252
13.5767
-25.8826
-70.3075
-79.0746
-78.2825
-77.7668
-77.4884
-75.8496
-74.7946
-74.1952
-73.6761
-73.1684
-72.6617
-72.1573
-71.6591
-71.1715
-70.699
-70.2455
-69.8147
-69.4096
-69.0324
-68.6848
-68.3679
-68.5971
-68.9972
-69.2897
-69.5016
-69.9131
-70.5605
-71.0509
-71.412
-71.6843
-71.8944
-72.0599
-72.1931
-72.3024
-72.3939
-72.4719
-72.5396
-72.6793
-73.0338
-73.3324
-73.5646
-73.7485
-73.8963
-74.0171
-74.117
-74.2008
-74.2718
-74.3328
-74.3858
-74.4322
-74.4733
-74.51
-74.5432
-74.5733
-74.601
-74.6266
-74.6504
-74.6727
-74.6937
-74.7137
-74.7327
-74.7509
-74.7685
-74.7854
-74.8018
-74.8177
-74.8332
-74.8484
-74.8632
-74.8777
-74.892
-74.906
-74.9198
-74.9334
-74.9468
-74.96
-74.9731
-74.986
-74.9987
-75.0113
-75.0238
-75.0361
-75.0483
-75.0604
-75.0723
-75.0842
-75.0959
-75.1075
-75.119
-75.1304
-75.1417
-75.1529
-75.164
-75.175
-75.1859
-75.1967
-75.2073
-75.2179
-75.2284
-75.2388
-69.554
-62.8945
-58.2104
-52.3245
40.6711
-11.3526
-42.8922
-78.6542
-79.1377
-79.0386
-78.9215
-78.0111
-75.3134
-74.1223
-73.4767
-72.9184
-72.3743
-71.8337
-71.2979
-70.7709
-69.4816
-66.7025
-63.2527
-60.8603
-59.1053
-57.4556
-55.2192
-47.8464
23.6978
-21.818
-62.6076
-78.0491
-77.6463
-77.3467
-77.0536
-76.7408
-76.4084
-76.0582
-75.6925
-75.3382
-75.0046
-74.668
-74.3324
-74.1015
-74.0297
-73.9733
-73.8729
-73.7733
-73.8283
-73.8558
-73.8463
-73.8189
-73.784
-73.747
-73.711
-73.6776
-73.6476
-73.6215
-73.5995
-73.5814
-73.5671
-73.5564
-73.5491
-73.545
-73.5438
-70.9842
-67.3573
-64.6431
-62.5978
-60.9517
-59.4671
-57.8438
-55.315
-41.9758
14.5505
-25.2522
-70.5358
-79.6518
-79.7192
-79.6858
-79.6462
-79.6025
-79.5545
-79.5024
-79.4463
-79.3865
-79.3232
-79.2571
-78.4372
-74.5698
-71.6884
-67.3176
-63.5709
-61.077
-59.1283
-57.0991
-53.4382
45.2932
-4.82853
-36.3486
-77.5005
-78.3153
-77.6241
-77.2939
-76.9953
-76.6785
-76.3425
-75.8966
-73.795
-72.3679

