-70
-69.8623
-69.7285
-69.5983
-69.4718
-69.3487
-69.2291
-69.1128
-68.9997
-68.8897
-68.7828
-68.6789
-68.5778
-68.4795
-68.3839
-68.291
-68.2007
-68.1128
-68.0274
-67.9443
-67.8636
-67.7851
-67.7087
-67.6345
-67.5623
-67.4921
-67.4238
-67.3574
-67.2929
-67.2301
-67.1691
-67.1098
-67.0521
-66.996
-66.9414
-66.8884
-66.8368
-66.7866
-66.7378
-66.6904
-66.6443
-66.5994
-66.5558
-66.5133
-66.4721
-66.432
-66.393
-66.355
-66.3181
-66.2823
-66.2474
-66.2134
-66.1805
-66.1484
-66.1172
-66.0868
-66.0573
-66.0286
-66.0007
-65.9736
-65.9472
-65.9215
-65.8966
-65.8723
-65.8487
-65.8257
-65.8034
-65.7817
-65.7606
-65.74
-65.72
-65.7006
-65.6817
-65.6633
-65.6455
-65.6281
-65.6112
-65.5948
-65.5788
-65.5632
-65.5481
-65.5334
-65.5191
-65.5052
-65.4917
-65.4785
-65.4657
-65.4533
-65.4412
-65.4294
-65.418
-65.4068
-65.396
-65.3855
-65.3752
-65.3653
-65.3556
-65.3462
-65.337
-65.3281
-65.3194
-65.311
-65.3028
-65.2948
-65.2871
-65.2795
-65.2722
-65.2651
-65.2581
-65.2514
-65.2448
-65.2385
-65.2322
-65.2262
-65.2203
-65.2146
-65.2091
-65.2037
-65.1984
-65.1933
-65.1884
-65.1835
-65.1788
-65.1743
-65.1698
-65.1655
-65.1613
-65.1572
-65.1532
-65.1493
-65.1456
-65.1419
-65.1384
-65.1349
-65.1315
-65.1283
-65.1251
-65.122
-65.119
-65.1161
-65.1132
-65.1104
-65.1077
-65.1051
-65.1026
-65.1001
-65.0977
-65.0953
-65.0931
-65.0908
-65.0887
-65.0866
-65.0845
-65.0826
-65.0806
-65.0788
-65.0769
-65.0752
-65.0734
-65.0718
-65.0701
-65.0685
-65.067
-65.0655
-65.064
-65.0626
-65.0612
-65.0599
-65.0586
-65.0573
-65.0561
-65.0549
-65.0537
-65.0526
-65.0514
-65.0504
-65.0493
-65.0483
-65.0473
-65.0464
-65.0454
-65.0445
-65.0436
-65.0428
-65.0419
-65.0411
-65.0403
-65.0395
-65.0388
-65.0381
-65.0374
-65.0367
-65.036
-65.0353
-65.0347
-65.0341
-65.0335
-65.0329
-65.0323
-65.0318
-65.0313
-65.0307
-65.0302
-65.0297
-65.0293
-65.0288
-65.0283
-65.0279
-65.0275
-65.027
-65.0266
-65.0262
-65.0259
-65.0255
-65.0251
-65.0248
-65.0244
-65.0241
-65.0238
-65.0234
-65.0231
-65.0228
-65.0225
-65.0223
-65.022
-65.0217
-65.0215
-65.0212
-65.021
-65.0207
-65.0205
-65.0203
-65.02
-65.0198
-65.0196
-65.0194
-65.0192
-65.019
-65.0188
-65.0187
-65.0185
-65.0183
-65.0181
-65.018
-65.0178
-65.0177
-65.0175
-65.0174
-65.0172
-65.0171
-65.017
-65.0168
-65.0167
-65.0166
-65.0165
-65.0163
-65.0162
-65.0161
-65.016
-65.0159
-65.0158
-65.0157
-65.0156
-65.0155
-65.0154
-65.0153
-65.0153
-65.0152
-65.0151
-65.015
-65.0149
-65.0149
-65.0148
-65.0147
-65.0147
-65.0146
-65.0145
-65.0145
-65.0144
-65.0143
-65.0143
-65.0142
-65.0142
-65.0141
-65.0141
-65.014
-65.014
-65.0139
-65.0139
-65.0138
-65.0138
-65.0137
-65.0137
-65.0137
-65.0136
-65.0136
-65.0135
-65.0135
-65.0135
-65.0134
-65.0134
-65.0134
-65.0133
-65.0133
-65.0133
-65.0133
-65.0132
-65.0132
-65.0132
-65.0131
-65.0131
-65.0131
-65.0131
-65.0131
-65.013
-65.013
-65.013
-65.013
-65.0129
-65.0129
-65.0129
-65.0129
-65.0129
-65.0129
-65.0128
-65.0128
-65.0128
-65.0128
-65.0128
-65.0128
-65.0127
-65.0127
-65.0127
-65.0127
-65.0127
-65.0127
-65.0127
-65.0127
-65.0126
-65.0126
-65.0126
-65.0126
-65.0126
-65.0126
-65.0126
-65.0126
-65.0126
-65.0126
-65.0125
-65.0125
-65.0125
-65.0125
-65.0125
-65.0125
-65.0125
-65.0125
-65.0125
-65.0125
-65.0125
-65.0125
-65.0125
-65.0124
-65.0124
-65.0124
-65.0124
-65.0124
-65.0124
-65.0124
-65.0124
-65.0124
-65.0124
-65.0124
-65.0124
-65.0124
-65.0124
-65.0124
-65.0124
-65.0124
-65.0124
-65.0124
-65.0124
-65.0124
-65.0124
-65.0124
-65.0123
-65.0123
-65.0123
-65.0123
-65.0123
-65.0123
-65.0123
-65.0123
-65.0123
-65.0123
-65.0123
-65.0123
-65.0123
-65.0123
-65.0123
-65.0123
-65.0123
-65.0123
-65.0123
-65.0123
-65.0123
-65.0123
-65.0123
-65.0123
-65.0123
-65.0123
-65.0123
-65.0123
-65.0123
-65.0123
-65.0123
-65.0123
-65.0123
-65.0123
-65.0123
-65.0123
-65.0123
-65.0123
-65.0123
-65.0123
-65.0123
-65.0123
-65.0123
-65.0123
-65.0123
-65.0123
-65.0123
-65.0123
-65.0123
-65.0123
-65.0123
-65.0123
-65.0123
-65.0123
-65.0123
-65.0123
-65.0123
-65.0123
-65.0123
-65.0123
-65.0123
-65.0123
-65.0123
-65.0123
-65.0123
-65.0123
-65.0123
-65.0123
-65.0123
-65.0123
-65.0123
-65.0123
-65.0123
-65.0123
-64.8888
-64.7871
-64.7113
-64.6572
-64.6152
-64.5815
-64.5545
-64.5329
-64.5159
-64.5027
-64.4927
-64.4856
-64.4808
-64.478
-64.477
-64.4776
-64.4793
-64.4822
-64.4861
-64.4907
-64.496
-64.5019
-64.5083
-64.5151
-64.5223
-64.5297
-64.5373
-64.5451
-64.553
-64.5611
-64.5691
-64.5773
-64.5854
-64.5935
-64.5755
-64.5205
-64.4857
-64.4613
-64.4456
-64.4346
-64.4271
-64.4226
-64.4204
-64.4202
-64.4216
-64.4244
-64.4284
-64.4333
-64.4391
-64.4455
-64.4525
-64.46
-64.4452
-64.3311
-64.2536
-64.1612
-63.7937
-63.4824
-63.1908
-62.877
-62.5875
-62.3223
-62.0265
-61.6429
-61.3675
-61.1609
-61.0085
-60.8926
-60.7155
-60.519
-60.3393
-60.045
-59.8428
-59.6987
-59.5849
-59.4866
-59.4226
-59.3847
-59.3688
-59.3699
-59.3791
-59.3634
-59.3712
-59.3642
-59.3652
-59.3038
-59.2691
-59.2628
-59.28
-59.3122
-59.3557
-59.4082
-59.468
-59.4875
-59.5196
-59.5655
-59.6231
-59.6879
-59.7581
-59.8323
-59.9098
-59.9898
-60.0717
-60.155
-60.2394
-60.3246
-60.41
-60.4956
-60.581
-60.6661
-60.7507
-60.8347
-60.891
-60.9347
-60.9884
-61.0481
-61.0787
-61.1062
-61.1454
-61.1928
-61.2035
-61.2188
-61.1899
-61.1713
-61.1287
-61.1099
-61.0665
-61.053
-61.0562
-61.0734
-61.0593
-61.0429
-60.9909
-60.8584
-60.7216
-60.6346
-60.4735
-60.285
-60.0832
-59.8732
-59.58
-59.2649
-58.9805
-58.789
-58.6585
-58.5728
-58.5197
-58.4928
-58.4876
-58.49
-58.479
-58.4556
-58.4552
-58.4775
-58.5177
-58.5704
-58.6178
-58.6504
-58.7015
-58.7644
-58.8373
-58.9168
-59.0014
-59.09
-59.182
-59.2765
-59.3729
-59.4708
-59.5696
-59.6691
-59.7689
-59.8687
-59.9683
-60.0674
-60.1658
-60.2636
-60.3603
-60.4561
-60.5506
-60.644
-60.736
-60.8266
-60.9158
-61.0035
-61.0897
-61.1744
-61.2575
-61.339
-61.4189
-61.4972
-61.574
-61.6492
-61.7228
-61.7948
-61.8653
-61.9343
-62.0017
-62.0676
-62.1321
-62.195
-62.2565
-62.3166
-62.3753
-62.4326
-62.4885
-62.5432
-62.5965
-62.6485
-62.6993
-62.7489
-62.7973
-62.8445
-62.8905
-62.9355
-62.9793
-63.022
-63.0637
-63.1044
-63.1441
-63.1827
-63.2204
-63.2572
-63.2931
-63.328
-63.3529
-63.2806
-63.2284
-63.1971
-63.1828
-63.1432
-63.0962
-63.0685
-63.0534
-63.048
-63.0215
-62.9193
-62.8093
-62.6605
-62.5646
-62.3624
-62.0031
-61.7018
-61.4261
-61.0808
-60.812
-60.6156
-60.3605
-60.1764
-59.9514
-59.7304
-59.5771
-59.4709
-59.4017
-59.3591
-59.2966
-59.2628
-59.2516
-59.26
-59.2455
-59.187
-59.139
-59.0974
-59.0894
-59.1026
-59.1327
-59.175
-59.2269
-59.2869
-59.3535
-59.4013
-59.443
-59.4983
-59.5628
-59.6346
-59.7109
-59.7908
-59.8734
-59.9581
-60.0443
-60.1316
-60.2122
-60.2524
-60.3083
-60.3718
-60.3928
-60.4303
-60.4787
-60.5364
-60.5993
-60.6657
-60.7348
-60.8057
-60.8781
-60.9515
-61.0254
-61.0996
-61.1738
-61.2478
-61.3215
-61.3946
-61.4671
-61.5388
-61.5766
-61.6
-61.6033
-61.6064
-61.4874
-61.3488
-61.1712
-61.0314
-60.9025
-60.7727
-60.6464
-60.5492
-60.4894
-60.456
-60.4425
-60.4038
-60.2946
-60.1519
-60.0683
-60.0218
-59.9535
-59.8943
-59.8322
-59.7139
-59.5324
-59.3693
-59.2274
-59.1435
-59.0961
-59.0704
-59.0299
-59.0192
-58.9969
-58.9928
-58.9771
-58.86
-58.7977
-58.7301
-58.7066
-58.7089
-58.732
-58.7701
-58.8201
-58.88
-58.9479
-59.0224
-59.1024
-59.1868
-59.2749
-59.3658
-59.459
-59.554
-59.6502
-59.7472
-59.8447
-59.9424
-60.0401
-60.0976
-60.1611
-60.2322
-60.3097
-60.3902
-60.4724
-60.5556
-60.6394
-60.7233
-60.8072
-60.8906
-60.9736
-61.0559
-61.1373
-61.2178
-61.2972
-61.3756
-61.4527
-61.5286
-61.6033
-61.6766
-61.7486
-61.8193
-61.8885
-61.9565
-62.023
-62.0882
-62.152
-62.2144
-62.2754
-62.3351
-62.3935
-62.4506
-62.5064
-62.5609
-62.6142
-62.6662
-62.717
-62.7666
-62.815
-62.8623
-62.9085
-62.9535
-62.9975
-63.0404
-63.0822
-63.1231
-63.1629
-63.2017
-63.2396
-63.2766
-63.3126
-63.3478
-63.3821
-63.4155
-63.4481
-63.4799
-63.5109
-63.5411
-63.5706
-63.5993
-63.6273
-63.6547
-63.6813
-63.7073
-63.7326
-63.7573
-63.7814
-63.8049
-63.7733
-63.693
-63.6423
-63.61
-63.5646
-63.5062
-63.4683
-63.4049
-63.2857
-63.2021
-62.9746
-62.817
-62.7014
-62.5314
-61.9973
-61.4473
-61.0328
-60.7369
-60.5026
-60.2268
-60.0256
-59.8759
-59.7694
-59.6943
-59.6223
-59.561
-59.5269
-59.5141
-59.519
-59.5375
-59.5427
-59.5469
-59.506
-59.4793
-59.372
-59.3135
-59.2813
-59.2424
-59.2345
-59.2465
-59.2755
-59.3166
-59.3674
-59.4064
-59.4354
-59.4806
-59.5365
-59.6011
-59.6716
-59.7465
-59.825
-59.9063
-59.9898
-60.0749
-60.1612
-60.2483
-60.3358
-60.4235
-60.5111
-60.5985
-60.6854
-60.7716
-60.8539
-60.8875
-60.9362
-60.9921
-61.0546
-61.1199
-61.1869
-61.255
-61.3238
-61.3928
-61.4619
-61.5308
-61.5993
-61.6551
-61.6786
-61.7156
-61.7588
-61.7807
-61.7838
-61.8033
-61.8322
-61.8681
-61.9082
-61.9512
-61.9964
-62.0434
-62.0844
-62.0205
-61.9579
-61.9095
-61.8894
-61.8859
-61.894
-61.8628
-61.6912
-61.4532
-61.2562
-61.1267
-60.9593
-60.8258
-60.6616
-60.4622
-60.3008
-60.1059
-59.8608
-59.6441
-59.4972
-59.3567
-59.2251
-59.1407
-59.071
-59.0196

