-70
-70.0758
-70.1508
-70.225
-70.2983
-70.3706
-70.4419
-70.5122
-70.5814
-70.6496
-70.7168
-70.7829
-70.848
-70.9121
-70.9752
-71.0373
-71.0984
-71.1586
-71.2178
-71.2761
-71.3334
-71.3899
-71.4455
-71.5003
-71.5543
-71.6074
-71.6598
-71.7114
-71.7623
-71.8124
-71.8619
-71.9106
-71.9587
-72.006
-72.0527
-72.0988
-72.1442
-72.1889
-72.2331
-72.2766
-72.3196
-72.362
-72.4038
-72.445
-72.4857
-72.5258
-72.5654
-72.6045
-72.6431
-72.6812
-72.7188
-72.756
-72.7927
-72.8289
-72.8647
-72.9
-72.9349
-72.9694
-73.0035
-73.0371
-73.0704
-73.1032
-73.1357
-73.1678
-73.1994
-73.2307
-73.2617
-73.2922
-73.3224
-73.3523
-73.3817
-73.4109
-73.4397
-73.4682
-73.4963
-73.5241
-73.5516
-73.5788
-73.6057
-73.6323
-73.6585
-73.6845
-73.7102
-73.7356
-73.7608
-73.7857
-73.8103
-73.8346
-73.8587
-73.8825
-73.9061
-73.9294
-73.9524
-73.9753
-73.9979
-74.0202
-74.0423
-74.0642
-74.0859
-74.1073
-74.1285
-74.1495
-74.1703
-74.1909
-74.2112
-74.2313
-74.2513
-74.271
-74.2905
-74.3098
-74.329
-74.3479
-74.3666
-74.3852
-74.4036
-74.4217
-74.4397
-74.4575
-74.4752
-74.4926
-74.5099
-74.527
-74.544
-74.5607
-74.5774
-74.5938
-74.6101
-74.6262
-74.6422
-74.658
-74.6736
-74.6891
-74.7045
-74.7197
-74.7347
-74.7496
-74.7644
-74.779
-74.7935
-74.8079
-74.8221
-74.8362
-74.8501
-74.864
-74.8777
-74.8913
-74.9047
-74.918
-74.9313
-74.9443
-74.9573
-74.9701
-74.9829
-74.9955
-75.008
-75.0204
-75.0327
-75.0448
-75.0569
-75.0688
-75.0806
-75.0924
-75.104
-75.1155
-75.1269
-75.1382
-75.1495
-75.1606
-75.1716
-75.1825
-75.1933
-75.204
-75.2147
-75.2252
-75.2356
-75.246
-75.2562
-75.2664
-75.2764
-75.2864
-75.2963
-75.3061
-75.3158
-75.3255
-75.335
-75.3445
-75.3538
-75.3631
-75.3724
-75.3815
-75.3906
-75.3995
-75.4084
-75.4172
-75.426
-75.4346
-75.4432
-75.4518
-75.4602
-75.4686
-75.4769
-75.4851
-75.4932
-75.5013
-75.5093
-75.5173
-75.5251
-75.533
-75.5407
-75.5484
-75.556
-75.5635
-75.571
-75.5784
-75.5858
-75.593
-75.6003
-75.6074
-75.6145
-75.6216
-75.6285
-75.6355
-75.6423
-75.6491
-75.6559
-75.6626
-75.6692
-75.6758
-75.6823
-75.6888
-75.6952
-75.7015
-75.7078
-75.7141
-75.7203
-75.7264
-75.7325
-75.7386
-75.7446
-75.7505
-75.7564
-75.7622
-75.768
-75.7738
-75.7795
-75.7851
-75.7907
-75.7963
-75.8018
-75.8072
-75.8127
-75.818
-75.8234
-75.8287
-75.8339
-75.8391
-75.8443
-75.8494
-75.8545
-75.8595
-75.8645
-75.8695
-75.8744
-75.8793
-75.8841
-75.8889
-75.8937
-75.8984
-75.9031
-75.9077
-75.9123
-75.9169
-75.9214
-75.9259
-75.9304
-75.9348
-75.9392
-75.9436
-75.9479
-75.9522
-75.9565
-75.9607
-75.9649
-75.969
-75.9731
-75.9772
-75.9813
-75.9853
-75.9893
-75.9933
-75.9972
-76.0011
-76.005
-76.0088
-76.0126
-76.0164
-76.0201
-76.0239
-76.0275
-76.0312
-76.0348
-76.0384
-76.042
-76.0456
-76.0491
-76.0526
-76.056
-76.0595
-76.0629
-76.0663
-76.0696
-76.0729
-76.0762
-76.0795
-76.0828
-76.086
-76.0892
-76.0924
-76.0955
-76.0986
-76.1017
-76.1048
-76.1079
-76.1109
-76.1139
-76.1169
-76.1198
-76.1228
-76.1257
-76.1286
-76.1314
-76.1343
-76.1371
-76.1399
-76.1427
-76.1455
-76.1482
-76.1509
-76.1536
-76.1563
-76.1589
-76.1615
-76.1642
-76.1667
-76.1693
-76.1719
-76.1744
-76.1769
-76.1794
-76.1819
-76.1843
-76.1868
-76.1892
-76.1916
-76.1939
-76.1963
-76.1986
-76.201
-76.2033
-76.2056
-76.2078
-76.2101
-76.2123
-76.2145
-76.2167
-76.2189
-76.2211
-76.2232
-76.2254
-76.2275
-76.2296
-76.2317
-76.2337
-76.2358
-76.2378
-76.2398
-76.2418
-76.2438
-76.2458
-76.2478
-76.2497
-76.2516
-76.2536
-76.2554
-76.2573
-76.2592
-76.2611
-76.2629
-76.2647
-76.2665
-76.2683
-76.2701
-76.2719
-76.2737
-76.2754
-76.2771
-76.2788
-76.2806
-76.2822
-76.2839
-76.2856
-76.2872
-76.2889
-76.2905
-76.2921
-76.2937
-76.2953
-76.2969
-76.2985
-76.3
-76.3016
-76.3031
-76.3046
-76.3061
-76.3076
-76.3091
-76.3106
-76.312
-76.3135
-76.3149
-76.3164
-76.3178
-76.3192
-76.3206
-76.322
-76.3233
-76.3247
-76.3261
-76.3274
-76.3287
-76.33
-76.3314
-76.3327
-76.334
-76.3352
-76.3365
-76.3378
-76.339
-76.3403
-76.3415
-76.3427
-76.3439
-76.3452
-76.3464
-76.3475
-76.3487
-76.3499
-76.351
-76.3522
-76.3533
-76.3545
-76.3556
-76.3567
-76.3578
-76.3589
-76.36
-76.3611
-76.3622
-76.3632
-76.3643
-76.3654
-76.3664
-76.3674
-76.3685
-76.3695
-76.3705
-76.3715
-76.3725
-76.3735
-76.3745
-76.3754
-76.3764
-76.3774
-76.3783
-76.3793
-76.3802
-76.3811
-76.382
-76.383
-76.3839
-76.3848
-76.3857
-76.3866
-76.3874
-76.3883
-76.3892
-76.39
-76.3909
-76.3917
-76.3926
-76.3934
-76.3943
-76.3951
-76.3959
-76.3967
-76.3975
-76.3983
-76.3991
-76.3999
-76.4007
-76.4014
-76.4022
-76.403
-76.4037
-76.4045
-76.4052
-76.406
-76.4067
-76.4074
-75.6458
-71.3644
-67.6835
-64.9104
-62.7495
-60.9512
-59.2514
-57.2021
-52.8667
43.9686
-9.01768
-40.3284
-78.3431
-78.9732
-78.8568
-78.7189
-78.5679
-78.4039
-78.2273
-78.0388
-76.9591
-74.8756
-73.6035
-72.7604
-72.0952
-71.519
-70.9971
-70.5157
-70.0694
-68.229
-65.8106
-63.9841
-62.5843
-61.4451
-60.4484
-59.4929
-58.4583
-57.1203
-54.7331
-42.4521
13.1414
-26.0417
-70.6979
-79.0005
-78.993
-78.8014
-78.6258
-78.4717
-78.3119
-78.1435
-77.9674
-77.7847
-77.5972
-77.4068
-77.2155
-77.0252
-76.8378
-76.6553
-76.4792
-76.3108
-76.1514
-76.0016
-75.8621
-75.7331
-75.6148
-75.507
-75.4096
-75.322
-75.2439
-75.1746
-75.1137
-75.0604
-75.0142
-74.9744
-74.9406
-74.9121
-74.8884
-74.8691
-74.4526
-70.4871
-66.9176
-64.2303
-62.1264
-60.3394
-58.5609
-56.1472
-48.0489
25.2378
-20.3514
-61.0249
-78.9215
-78.969
-78.8457
-78.7073
-78.5562
-78.3927
-78.2171
-78.0302
-77.8332
-77.6276
-77.4155
-77.1578
-76.8541
-76.5956
-76.3688
-76.1635
-75.975
-75.8115
-75.6983
-75.6124
-75.5403
-75.503
-75.4925
-75.5001
-75.5263
-75.5405
-75.5467
-75.5486
-75.5484
-75.5471
-75.5456
-75.5441
-75.5429
-75.5422
-75.5419
-75.5422
-75.543
-75.5442
-75.546
-75.5482
-75.5509
-75.5539
-75.5573
-75.5611
-75.5651
-75.5694
-75.574
-75.5788
-75.5837
-75.5889
-75.5942
-75.5997
-75.6053
-75.6109
-75.6167
-75.6226
-75.6285
-75.6345
-75.6405
-75.6466
-75.6526
-75.6587
-75.6648
-75.671
-75.6771
-75.6832
-75.6893
-75.6954
-75.7015
-75.7075
-75.7135
-75.7195
-75.7255
-75.7314
-75.7374
-75.7432
-75.7491
-75.7549
-75.7606
-75.7664
-75.772
-75.7777
-75.7833
-75.7889
-75.7944
-75.7999
-75.8053
-75.8107
-75.8161
-75.8214
-75.8267
-73.016
-68.9473
-65.8249
-63.4339
-61.5051
-59.7793
-57.8975
-54.7933
-5.6214
4.61563
-30.0024
-75.6268
-78.9937
-78.9061
-78.7737
-78.628
-78.4693
-78.2981
-78.1148
-77.6602
-75.4265
-73.9149
-72.9775
-72.2697
-71.6702
-71.133
-70.6396
-70.1827
-69.3733
-66.8374
-64.6911
-63.0866
-61.8163
-60.738
-59.7385
-58.6974
-57.4151
-55.3091
-47.2386
22.0517
-22.3649
-64.3875
-79.5521
-79.6377
-79.5222
-79.4548
-79.3916
-79.3244
-79.2526
-79.1766
-79.0968
-79.014
-78.9289
-78.8423
-78.7551
-78.6682
-78.5823
-78.4984
-78.417
-78.3388
-75.3471
-71.2271
-68.2037
-65.9856
-64.3061
-62.9859
-61.8973
-60.9411
-60.0281
-59.0516
-57.8206
-55.7693
-47.9447
24.6268
-20.8398
-61.7137
-79.658
-79.8383
-79.8219
-79.799
-79.7734
-79.1191
-76.8511
-75.7606
-75.1476
-74.6594
-74.2106
-73.7784
-73.3575
-72.9483
-72.553
-71.92
-69.1151
-66.673
-64.8902
-63.5303
-62.4431
-61.5288
-60.7133
-59.9333
-59.1193
-58.1605
-56.0479
-49.4111
29.3189
-19.0916
-57.8913
-79.0675
-79.238
-79.1514
-79.0508
-78.874
-78.6624
-78.5045
-78.3555
-78.2041
-78.0493
-77.892
-77.7335
-77.5755
-77.32
-77.0711
-76.8702
-76.7012
-76.5546
-76.3945
-76.253
-76.1398
-76.0472
-75.9701
-75.9103
-75.8636
-75.8262
-75.7957
-75.7706
-75.7499
-75.7327
-75.7185
-75.7068
-75.6973
-75.6897
-75.6837
-75.6791
-75.6758
-75.6736
-75.6723
-75.6719
-75.6723
-75.6733
-75.6749
-75.677
-75.6796
-75.6826
-75.6859
-75.6896
-75.6935
-75.6977
-75.702
-75.7066
-75.7113
-75.7161
-75.721
-75.7261
-75.7312
-75.7364
-75.7416
-75.7469
-75.7522
-75.7575
-75.7629
-75.7682
-75.7736
-75.779
-75.7843
-75.7897
-75.795
-75.8003
-75.8056
-75.8109
-75.8161
-75.8213
-75.8265
-75.8317
-75.8368
-75.8419
-75.847
-75.852
-75.857
-75.862
-75.8669
-75.8718
-75.8767
-73.9273
-69.7283
-66.417
-63.8988
-61.8958
-60.1536
-58.3536
-55.7318
-43.196
16.9527
-24.0035
-68.8279
-79.6613
-79.7329
-78.7371
-78.0569
-77.7729
-77.5237
-77.2644
-76.9917
-76.7068
-76.4121
-76.0144
-73.5178
-71.4149
-69.997
-68.9509
-68.1234
-67.4388
-66.8566
-66.3538
-65.9164
-63.896
-61.7735
-60.0405
-58.4104
-56.4105
-52.0198
42.3468
-11.9374
-43.7508
-78.3599
-78.7909
-78.6497
-78.4896
-78.3153
-78.1269
-77.9251
-77.7109
-77.4856
-77.2512
-77.0098
-76.7639
-76.5161
-76.2591
-76.0051
-75.7796
-75.5934
-75.45
-75.3253
-75.2143
-75.1155
-75.0274
-74.9491
-74.8799
-74.8189
-74.7656
-74.7192
-74.6792
-74.6451
-74.6163
-74.5923
-74.5726
-74.5569
-74.5448
-74.5358
-74.5296
-74.526
-74.5247
-74.5254
-74.5278
-74.5319
-74.5373
-74.544
-74.5517
-74.5604
-74.5699
-74.5801
-74.5909
-74.6023
-74.6141
-74.6263
-74.6388
-74.2511
-70.3138
-66.7645
-64.0892
-61.989
-60.1928
-58.3769
-55.8134
-45.1128
19.2705
-23.0348
-66.7732
-79.623
-79.209
-78.4392
-78.1634
-77.9486
-77.7234
-77.4837
-77.2305
-76.9654
-76.6906
-75.9386
-73.3095
-71.3489

