-70
-69.8623
-69.7285
-69.5983
-69.4718
-69.3487
-69.2291
-69.1128
-68.9997
-68.8897
-68.7828
-68.6789
-68.5778
-68.4795
-68.3839
-68.291
-68.2007
-68.1128
-68.0274
-67.9443
-67.8636
-67.7851
-67.7087
-67.6345
-67.5623
-67.4921
-67.4238
-67.3574
-67.2929
-67.2301
-67.1691
-67.1098
-67.0521
-66.996
-66.9414
-66.8884
-66.8368
-66.7866
-66.7378
-66.6904
-66.6443
-66.5994
-66.5558
-66.5133
-66.4721
-66.432
-66.393
-66.355
-66.3181
-66.2823
-66.2474
-66.2134
-66.1805
-66.1484
-66.1172
-66.0868
-66.0573
-66.0286
-66.0007
-65.9736
-65.9472
-65.9215
-65.8966
-65.8723
-65.8487
-65.8257
-65.8034
-65.7817
-65.7606
-65.74
-65.72
-65.7006
-65.6817
-65.6633
-65.6455
-65.6281
-65.6112
-65.5948
-65.5788
-65.5632
-65.5481
-65.5334
-65.5191
-65.5052
-65.4917
-65.4785
-65.4657
-65.4533
-65.4412
-65.4294
-65.418
-65.4068
-65.396
-65.3855
-65.3752
-65.3653
-65.3556
-65.3462
-65.337
-65.3281
-65.3194
-65.311
-65.3028
-65.2948
-65.2871
-65.2795
-65.2722
-65.2651
-65.2581
-65.2514
-65.2448
-65.2385
-65.2322
-65.2262
-65.2203
-65.2146
-65.2091
-65.2037
-65.1984
-65.1933
-65.1884
-65.1835
-65.1788
-65.1743
-65.1698
-65.1655
-65.1613
-65.1572
-65.1532
-65.1493
-65.1456
-65.1419
-65.1384
-65.1349
-65.1315
-65.1283
-65.1251
-65.122
-65.119
-65.1161
-65.1132
-65.1104
-65.1077
-65.1051
-65.1026
-65.1001
-65.0977
-65.0953
-65.0931
-65.0908
-65.0887
-65.0866
-65.0845
-65.0826
-65.0806
-65.0788
-65.0769
-65.0752
-65.0734
-65.0718
-65.0701
-65.0685
-65.067
-65.0655
-65.064
-65.0626
-65.0612
-65.0599
-65.0586
-65.0573
-65.0561
-65.0549
-65.0537
-65.0526
-65.0514
-65.0504
-65.0493
-65.0483
-65.0473
-65.0464
-65.0454
-65.0445
-65.0436
-65.0428
-65.0419
-65.0411
-65.0403
-65.0395
-65.0388
-65.0381
-65.0374
-65.0367
-65.036
-65.0353
-65.0347
-65.0341
-65.0335
-65.0329
-65.0323
-65.0318
-65.0313
-65.0307
-65.0302
-65.0297
-65.0293
-65.0288
-65.0283
-65.0279
-65.0275
-65.027
-65.0266
-65.0262
-65.0259
-65.0255
-65.0251
-65.0248
-65.0244
-65.0241
-65.0238
-65.0234
-65.0231
-65.0228
-65.0225
-65.0223
-65.022
-65.0217
-65.0215
-65.0212
-65.021
-65.0207
-65.0205
-65.0203
-65.02
-65.0198
-65.0196
-65.0194
-65.0192
-65.019
-65.0188
-65.0187
-65.0185
-65.0183
-65.0181
-65.018
-65.0178
-65.0177
-65.0175
-65.0174
-65.0172
-65.0171
-65.017
-65.0168
-65.0167
-65.0166
-65.0165
-65.0163
-65.0162
-65.0161
-65.016
-65.0159
-65.0158
-65.0157
-65.0156
-65.0155
-65.0154
-65.0153
-65.0153
-65.0152
-65.0151
-65.015
-65.0149
-65.0149
-65.0148
-65.0147
-65.0147
-65.0146
-65.0145
-65.0145
-65.0144
-65.0143
-65.0143
-65.0142
-65.0142
-65.0141
-65.0141
-65.014
-65.014
-65.0139
-65.0139
-65.0138
-65.0138
-65.0137
-65.0137
-65.0137
-65.0136
-65.0136
-65.0135
-65.0135
-65.0135
-65.0134
-65.0134
-65.0134
-65.0133
-65.0133
-65.0133
-65.0133
-65.0132
-65.0132
-65.0132
-65.0131
-65.0131
-65.0131
-65.0131
-65.0131
-65.013
-65.013
-65.013
-65.013
-65.0129
-65.0129
-65.0129
-65.0129
-65.0129
-65.0129
-65.0128
-65.0128
-65.0128
-65.0128
-65.0128
-65.0128
-65.0127
-65.0127
-65.0127
-65.0127
-65.0127
-65.0127
-65.0127
-65.0127
-65.0126
-65.0126
-65.0126
-65.0126
-65.0126
-65.0126
-65.0126
-65.0126
-65.0126
-65.0126
-65.0125
-65.0125
-65.0125
-65.0125
-65.0125
-65.0125
-65.0125
-65.0125
-65.0125
-65.0125
-65.0125
-65.0125
-65.0125
-65.0124
-65.0124
-65.0124
-65.0124
-65.0124
-65.0124
-65.0124
-65.0124
-65.0124
-65.0124
-65.0124
-65.0124
-65.0124
-65.0124
-65.0124
-65.0124
-65.0124
-65.0124
-65.0124
-65.0124
-65.0124
-65.0124
-65.0124
-65.0123
-65.0123
-65.0123
-65.0123
-65.0123
-65.0123
-65.0123
-65.0123
-65.0123
-65.0123
-65.0123
-65.0123
-65.0123
-65.0123
-65.0123
-65.0123
-65.0123
-65.0123
-65.0123
-65.0123
-65.0123
-65.0123
-65.0123
-65.0123
-65.0123
-65.0123
-65.0123
-65.0123
-65.0123
-65.0123
-65.0123
-65.0123
-65.0123
-65.0123
-65.0123
-65.0123
-65.0123
-65.0123
-65.0123
-65.0123
-65.0123
-65.0123
-65.0123
-65.0123
-65.0123
-65.0123
-65.0123
-65.0123
-65.0123
-65.0123
-65.0123
-65.0123
-65.0123
-65.0123
-65.0123
-65.0123
-65.0123
-65.0123
-65.0123
-65.0123
-65.0123
-65.0123
-65.0123
-65.0123
-65.0123
-65.0123
-65.0123
-65.0123
-65.0123
-65.0123
-65.0123
-65.0123
-65.0123
-65.0123
-64.8272
-64.6749
-64.5616
-64.4807
-64.4179
-64.3677
-64.3273
-64.2951
-64.2696
-64.2499
-64.2351
-64.2244
-64.2173
-64.2132
-64.2117
-64.2125
-64.2152
-64.2195
-64.2252
-64.2321
-64.2401
-64.2489
-64.2584
-64.2685
-64.2792
-64.2902
-64.3016
-64.3133
-64.3251
-64.3371
-64.3491
-64.3613
-64.3734
-64.3855
-64.2678
-63.967
-63.7677
-63.6204
-63.516
-63.4354
-63.3729
-63.3248
-63.2887
-63.2626
-63.245
-63.2345
-63.2302
-63.231
-63.2362
-63.2452
-63.2575
-63.2724
-63.2609
-62.9652
-62.7215
-62.4915
-61.9943
-61.6182
-61.2201
-60.6737
-60.1341
-59.2834
-58.3691
-57.287
-56.445
-55.7385
-55.1688
-54.7357
-54.3211
-53.9169
-53.5517
-53.0993
-52.7682
-52.3879
-52.0809
-51.841
-51.6159
-51.4284
-51.2716
-51.1569
-51.0163
-50.904
-50.8079
-50.7515
-50.7236
-50.7205
-50.738
-50.7383
-50.7225
-50.7168
-50.7163
-50.7075
-50.7249
-50.7282
-50.7638
-50.8206
-50.8141
-50.7532
-50.7403
-50.7619
-50.8115
-50.8803
-50.9264
-50.9917
-51.0768
-51.1798
-51.2634
-51.3384
-51.3859
-51.4541
-51.5398
-51.6046
-51.6702
-51.7409
-51.8377
-51.9128
-51.9931
-52.0629
-52.1614
-52.2779
-52.3733
-52.3362
-52.2166
-52.1101
-52.0215
-51.9563
-51.9216
-51.9037
-51.841
-51.6232
-51.4149
-51.2784
-51.0759
-50.821
-50.5715
-50.3232
-50.0659
-49.7848
-49.4168
-48.9181
-48.2906
-47.6361
-46.8795
-46.0973
-45.1876
-43.9847
-42.0619
-37.3675
21.4055
18.7536
-22.3721
-49.0416
-58.1263
-60.316
-60.7819
-60.7303
-60.5439
-60.3256
-60.119
-59.9375
-59.7856
-59.6628
-59.5669
-59.4948
-59.4436
-59.4104
-59.3929
-59.3889
-59.3966
-59.4144
-59.4409
-59.4748
-59.5152
-59.5612
-59.612
-59.667
-59.7254
-59.7867
-59.8505
-59.9163
-59.9837
-60.0525
-60.1222
-60.1927
-60.2637
-60.335
-60.4064
-60.4778
-60.5491
-60.62
-60.6906
-60.7606
-60.83
-60.8987
-60.9666
-61.0337
-61.0999
-61.1652
-61.2295
-61.2928
-61.3552
-61.4165
-61.4767
-61.5359
-61.5941
-61.6512
-61.7072
-61.7622
-61.816
-61.8689
-61.9207
-61.9714
-62.0211
-62.0698
-62.1174
-62.1641
-62.2097
-62.2544
-62.2982
-62.341
-62.3829
-62.4238
-62.4639
-62.5031
-62.4938
-62.1645
-61.9278
-61.7592
-61.6477
-61.5552
-61.2816
-61.0862
-60.9439
-60.8218
-60.6477
-60.4001
-59.9354
-59.5937
-59.2947
-58.8957
-58.23
-57.3151
-56.5982
-55.7332
-55.0266
-54.5059
-54.1194
-53.7951
-53.333
-52.9391
-52.6496
-52.4396
-52.2877
-52.1397
-51.8961
-51.7074
-51.5477
-51.4419
-51.3495
-51.2616
-51.0791
-50.9559
-50.8791
-50.8313
-50.7811
-50.6651
-50.5083
-50.3992
-50.304
-50.1888
-50.083
-49.9382
-49.8279
-49.722
-49.5866
-49.4703
-49.3766
-49.3136
-49.2634
-49.174
-49.1143
-49.0439
-48.9158
-48.7342
-48.592
-48.4586
-48.2861
-48.1328
-47.9847
-47.8363
-47.6417
-47.4343
-47.2076
-46.9472
-46.6333
-46.2431
-45.6979
-44.9412
-43.7849
-41.6344
-34.818
39.5755
3.85616
-33.3956
-56.1455
-62.461
-64.1539
-64.4341
-64.253
-63.9126
-63.5489
-63.211
-62.8624
-62.5227
-62.0528
-61.4468
-60.9901
-60.6201
-60.2921
-59.9334
-59.5332
-59.1891
-58.7615
-58.3813
-58.0108
-57.6314
-57.2245
-56.8006
-56.3868
-56.0637
-55.8154
-55.6115
-55.44
-55.2938
-55.1549
-54.9824
-54.858
-54.7211
-54.5659
-54.4027
-54.2544
-54.1494
-54.0324
-53.9432
-53.8807
-53.8101
-53.7371
-53.6534
-53.6233
-53.6108
-53.6244
-53.6651
-53.7276
-53.808
-53.9029
-54.0102
-54.128
-54.2548
-54.3894
-54.5304
-54.677
-54.828
-54.9826
-55.1401
-55.2998
-55.4612
-55.6237
-55.787
-55.9505
-56.1138
-56.2766
-56.4387
-56.5997
-56.7596
-56.9181
-57.0748
-57.2298
-57.3828
-57.5338
-57.6827
-57.8295
-57.974
-58.1161
-58.2558
-58.393
-58.5279
-58.6603
-58.7902
-58.9176
-59.0426
-59.165
-59.2849
-59.4024
-59.5175
-59.6301
-59.7403
-59.8482
-59.9538
-60.057
-60.1579
-60.2566
-60.3531
-60.4474
-60.5395
-60.6296
-60.7176
-60.8036
-60.8876
-60.9696
-61.0498
-61.128
-61.2045
-61.2791
-61.3519
-61.4231
-61.4926
-61.5604
-61.6266
-61.6912
-61.7543
-61.816
-61.8761
-61.9348
-61.9921
-61.9954
-62.012
-62.0366
-62.0423
-61.8763
-61.6505
-61.4573
-61.1811
-60.9548
-60.7946
-60.6826
-60.4556
-60.1779
-59.917
-59.4979
-59.1368
-58.872
-58.4717
-57.3389
-56.1847
-55.3467
-54.7291
-54.239
-53.8315
-53.5126
-53.131
-52.8474
-52.6118
-52.422
-52.2692
-52.1469
-52.0539
-52.0008
-51.9591
-51.8615
-51.7218
-51.5963
-51.4317
-51.2556
-51.086
-50.9729
-50.8562
-50.7792
-50.7387
-50.7292
-50.7273
-50.7324
-50.6471
-50.4418
-50.2215
-50.0559
-49.9122
-49.8171
-49.7249
-49.6575
-49.598
-49.5519
-49.53
-49.5279
-49.5171
-49.5158
-49.5082
-49.525
-49.5594
-49.6101
-49.6747
-49.7498
-49.7972
-49.8674
-49.954
-50.0262
-50.1046
-50.2024
-50.3163
-50.4442
-50.5842
-50.7354
-50.8964
-51.0663
-51.2442
-51.4225
-51.5315
-51.5827
-51.634
-51.6583
-51.6984
-51.7613
-51.8283
-51.9243
-52.0393
-52.1705
-52.3141
-52.4683
-52.6317
-52.803
-52.9567
-53.1114
-53.2512
-53.2929
-53.3151
-53.2649
-53.2038
-53.0589
-52.8435
-52.5471
-52.1049
-51.6734
-51.063
-50.5493
-50.057
-49.4169
-48.8805
-48.3676
-47.9222
-47.4465
-46.9371
-46.3656
-45.6063

