-70
-70.0758
-70.1508
-70.225
-70.2983
-70.3706
-70.4419
-70.5122
-70.5814
-70.6496
-70.7168
-70.7829
-70.848
-70.9121
-70.9752
-71.0373
-71.0984
-71.1586
-71.2178
-71.2761
-71.3334
-71.3899
-71.4455
-71.5003
-71.5543
-71.6074
-71.6598
-71.7114
-71.7623
-71.8124
-71.8619
-71.9106
-71.9587
-72.006
-72.0527
-72.0988
-72.1442
-72.1889
-72.2331
-72.2766
-72.3196
-72.362
-72.4038
-72.445
-72.4857
-72.5258
-72.5654
-72.6045
-72.6431
-72.6812
-72.7188
-72.756
-72.7927
-72.8289
-72.8647
-72.9
-72.9349
-72.9694
-73.0035
-73.0371
-73.0704
-73.1032
-73.1357
-73.1678
-73.1994
-73.2307
-73.2617
-73.2922
-73.3224
-73.3523
-73.3817
-73.4109
-73.4397
-73.4682
-73.4963
-73.5241
-73.5516
-73.5788
-73.6057
-73.6323
-73.6585
-73.6845
-73.7102
-73.7356
-73.7608
-73.7857
-73.8103
-73.8346
-73.8587
-73.8825
-73.9061
-73.9294
-73.9524
-73.9753
-73.9979
-74.0202
-74.0423
-74.0642
-74.0859
-74.1073
-74.1285
-74.1495
-74.1703
-74.1909
-74.2112
-74.2313
-74.2513
-74.271
-74.2905
-74.3098
-74.329
-74.3479
-74.3666
-74.3852
-74.4036
-74.4217
-74.4397
-74.4575
-74.4752
-74.4926
-74.5099
-74.527
-74.544
-74.5607
-74.5774
-74.5938
-74.6101
-74.6262
-74.6422
-74.658
-74.6736
-74.6891
-74.7045
-74.7197
-74.7347
-74.7496
-74.7644
-74.779
-74.7935
-74.8079
-74.8221
-74.8362
-74.8501
-74.864
-74.8777
-74.8913
-74.9047
-74.918
-74.9313
-74.9443
-74.9573
-74.9701
-74.9829
-74.9955
-75.008
-75.0204
-75.0327
-75.0448
-75.0569
-75.0688
-75.0806
-75.0924
-75.104
-75.1155
-75.1269
-75.1382
-75.1495
-75.1606
-75.1716
-75.1825
-75.1933
-75.204
-75.2147
-75.2252
-75.2356
-75.246
-75.2562
-75.2664
-75.2764
-75.2864
-75.2963
-75.3061
-75.3158
-75.3255
-75.335
-75.3445
-75.3538
-75.3631
-75.3724
-75.3815
-75.3906
-75.3995
-75.4084
-75.4172
-75.426
-75.4346
-75.4432
-75.4518
-75.4602
-75.4686
-75.4769
-75.4851
-75.4932
-75.5013
-75.5093
-75.5173
-75.5251
-75.533
-75.5407
-75.5484
-75.556
-75.5635
-75.571
-75.5784
-75.5858
-75.593
-75.6003
-75.6074
-75.6145
-75.6216
-75.6285
-75.6355
-75.6423
-75.6491
-75.6559
-75.6626
-75.6692
-75.6758
-75.6823
-75.6888
-75.6952
-75.7015
-75.7078
-75.7141
-75.7203
-75.7264
-75.7325
-75.7386
-75.7446
-75.7505
-75.7564
-75.7622
-75.768
-75.7738
-75.7795
-75.7851
-75.7907
-75.7963
-75.8018
-75.8072
-75.8127
-75.818
-75.8234
-75.8287
-75.8339
-75.8391
-75.8443
-75.8494
-75.8545
-75.8595
-75.8645
-75.8695
-75.8744
-75.8793
-75.8841
-75.8889
-75.8937
-75.8984
-75.9031
-75.9077
-75.9123
-75.9169
-75.9214
-75.9259
-75.9304
-75.9348
-75.9392
-75.9436
-75.9479
-75.9522
-75.9565
-75.9607
-75.9649
-75.969
-75.9731
-75.9772
-75.9813
-75.9853
-75.9893
-75.9933
-75.9972
-76.0011
-76.005
-76.0088
-76.0126
-76.0164
-76.0201
-76.0239
-76.0275
-76.0312
-76.0348
-76.0384
-76.042
-76.0456
-76.0491
-76.0526
-76.056
-76.0595
-76.0629
-76.0663
-76.0696
-76.0729
-76.0762
-76.0795
-76.0828
-76.086
-76.0892
-76.0924
-76.0955
-76.0986
-76.1017
-76.1048
-76.1079
-76.1109
-76.1139
-76.1169
-76.1198
-76.1228
-76.1257
-76.1286
-76.1314
-76.1343
-76.1371
-76.1399
-76.1427
-76.1455
-76.1482
-76.1509
-76.1536
-76.1563
-76.1589
-76.1615
-76.1642
-76.1667
-76.1693
-76.1719
-76.1744
-76.1769
-76.1794
-76.1819
-76.1843
-76.1868
-76.1892
-76.1916
-76.1939
-76.1963
-76.1986
-76.201
-76.2033
-76.2056
-76.2078
-76.2101
-76.2123
-76.2145
-76.2167
-76.2189
-76.2211
-76.2232
-76.2254
-76.2275
-76.2296
-76.2317
-76.2337
-76.2358
-76.2378
-76.2398
-76.2418
-76.2438
-76.2458
-76.2478
-76.2497
-76.2516
-76.2536
-76.2554
-76.2573
-76.2592
-76.2611
-76.2629
-76.2647
-76.2665
-76.2683
-76.2701
-76.2719
-76.2737
-76.2754
-76.2771
-76.2788
-76.2806
-76.2822
-76.2839
-76.2856
-76.2872
-76.2889
-76.2905
-76.2921
-76.2937
-76.2953
-76.2969
-76.2985
-76.3
-76.3016
-76.3031
-76.3046
-76.3061
-76.3076
-76.3091
-76.3106
-76.312
-76.3135
-76.3149
-76.3164
-76.3178
-76.3192
-76.3206
-76.322
-76.3233
-76.3247
-76.3261
-76.3274
-76.3287
-76.33
-76.3314
-76.3327
-76.334
-76.3352
-76.3365
-76.3378
-76.339
-76.3403
-76.3415
-76.3427
-76.3439
-76.3452
-76.3464
-76.3475
-76.3487
-76.3499
-76.351
-76.3522
-76.3533
-76.3545
-76.3556
-76.3567
-76.3578
-76.3589
-76.36
-76.3611
-76.3622
-76.3632
-76.3643
-76.3654
-76.3664
-76.3674
-76.3685
-76.3695
-76.3705
-76.3715
-76.3725
-76.3735
-76.3745
-76.3754
-76.3764
-76.3774
-76.3783
-76.3793
-76.3802
-76.3811
-76.382
-76.383
-76.3839
-76.3848
-76.3857
-76.3866
-76.3874
-76.3883
-76.3892
-76.39
-76.3909
-76.3917
-76.3926
-76.3934
-76.3943
-76.3951
-76.3959
-76.3967
-76.3975
-76.3983
-76.3991
-76.3999
-76.4007
-76.4014
-76.4022
-76.403
-76.4037
-76.4045
-76.4052
-76.406
-75.6444
-71.3632
-67.6824
-64.9095
-61.8539
-57.6113
-50.7147
33.9229
-15.6327
-50.0068
-78.9271
-79.1489
-78.4104
-77.5988
-76.221
-75.2732
-74.7323
-74.2473
-73.7617
-73.2698
-72.7743
-70.886
-68.5604
-65.5113
-63.3858
-61.9725
-60.9018
-59.9892
-59.1201
-58.1847
-57.0029
-55.0502
-48.9543
28.0711
-20.1805
-59.2586
-79.1693
-79.3433
-79.2723
-77.7439
-76.9771
-75.3981
-73.7134
-72.904
-72.3602
-72.0991
-71.7845
-71.429
-71.0693
-70.7197
-70.3866
-70.0735
-69.7824
-69.5145
-69.2703
-69.05
-68.8534
-68.6801
-68.5293
-68.4002
-68.2916
-68.2024
-68.1315
-68.0776
-68.0394
-68.0158
-68.0054
-68.0073
-68.0201
-68.0428
-68.0744
-68.1139
-68.1605
-68.2132
-68.2713
-68.3341
-68.401
-67.6245
-64.5044
-61.8939
-59.2449
-54.9569
-34.1154
7.38101
-28.6568
-73.6039
-78.9305
-78.8796
-78.7464
-77.2573
-76.5183
-74.803
-73.4099
-72.6262
-72.0029
-71.4243
-70.8651
-70.1091
-67.719
-65.8357
-64.5426
-64.0509
-64.2657
-64.3687
-65.0971
-67.0803
-68.7596
-69.6772
-70.1797
-70.4678
-70.6399
-70.7468
-70.8659
-71.3851
-72.1213
-72.6497
-73.2343
-73.6309
-74.0441
-74.3308
-74.5025
-74.6099
-74.6804
-74.7288
-74.7636
-74.7897
-74.8101
-74.8268
-74.8409
-74.8533
-74.8645
-74.875
-74.885
-74.8946
-74.9041
-74.9135
-74.9229
-74.9323
-74.9418
-74.9514
-74.961
-74.9708
-74.9807
-74.9906
-75.0007
-75.0108
-75.0211
-75.0314
-75.0417
-75.0521
-75.0626
-75.0731
-75.0836
-75.0942
-75.1047
-75.1153
-75.1258
-75.1364
-75.1469
-75.1574
-75.1679
-75.1783
-75.1887
-75.199
-75.2093
-75.2195
-75.2297
-75.2398
-75.2499
-75.2599
-75.2698
-75.2797
-75.2895
-75.2992
-75.3088
-75.3184
-75.3279
-75.3374
-75.3467
-75.356
-71.7399
-65.4527
-60.1464
-55.5948
-24.785
8.60484
-27.696
-73.8456
-79.1425
-79.0878
-78.9765
-78.8531
-76.865
-74.5979
-73.6307
-73.0061
-72.4405
-71.8877
-71.3413
-70.8031
-70.2773
-67.6526
-63.9018
-61.3837
-59.6222
-58.089
-56.299
-52.7704
43.4931
-7.24583
-39.2158
-77.1246
-77.873
-77.6481
-77.3741
-77.0771
-76.7923
-76.4998
-76.1977
-75.8884
-75.0818
-71.5029
-68.2998
-66.5973
-65.5653
-65.5549
-65.622
-66.157
-66.7425
-67.0201
-67.1329
-67.1643
-67.1561
-67.1303
-67.099
-67.0688
-67.0437
-67.0258
-67.0162
-67.0152
-67.0232
-67.0398
-67.0648
-67.0977
-67.138
-67.1852
-67.2388
-67.2982
-67.3628
-67.4322
-67.5057
-67.5829
-67.6633
-67.7463
-67.8317
-67.9189
-68.0077
-68.0978
-68.1887
-68.2804
-64.3108
-59.1137
-54.6154
-26.9778
4.4756
-30.1744
-74.7297
-78.9214
-78.8584
-78.7229
-78.5729
-77.2815
-74.181
-72.8172
-72.0554
-71.425
-70.8333
-70.2607
-69.705
-69.1683
-68.6539
-67.0196
-62.829
-59.8343
-57.5195
-55.564
-52.8333
32.5233
-4.46949
-36.6947
-77.6924
-79.0275
-78.8715
-78.7353
-78.5991
-78.4546
-78.302
-78.1422
-77.9764
-77.8062
-77.6332
-77.4591
-77.2858
-77.1148
-76.9101
-76.6599
-76.3912
-76.1956
-76.0579
-75.9539
-75.8712
-75.8032
-75.746
-75.6974
-75.6558
-75.62
-75.5893
-75.563
-75.5405
-75.5214
-75.5053
-75.492
-75.481
-75.4721
-75.4651
-75.4599
-75.4561
-75.4537
-75.4525
-75.4574
-75.5099
-75.5595
-75.5988
-75.6305
-75.6565
-75.6782
-75.6966
-75.7124
-75.7262
-75.7383
-75.7492
-75.759
-75.768
-75.7763
-75.784
-75.7913
-75.7982
-75.8047
-75.811
-75.8171
-75.823
-75.8287
-75.8342
-75.8397
-75.845
-75.8503
-75.8554
-75.8605
-75.8656
-75.8705
-75.8754
-75.8803
-75.8851
-75.8899
-75.8946
-75.8993
-75.9039
-75.9085
-75.9131
-72.2276
-68.3189
-65.363
-63.0843
-61.2219
-59.5146
-57.5675
-53.9992
44.3417
-2.39785
-34.3421
-77.8914
-79.7318
-79.0539
-78.0486
-77.7039
-77.4416
-77.17
-76.8834
-74.2347
-72.4343
-71.4096
-70.6553
-70.0115
-69.4263
-67.1447
-64.8151
-62.93
-60.3013
-58.0679
-55.6053
-48.9981
27.838
-19.7797
-58.2999
-78.3281
-78.2047
-77.2225
-76.7627
-76.4118
-76.0497
-75.6701
-75.2748
-73.8532
-72.0758
-71.1795
-68.9558
-67.4242
-66.9279
-66.8853
-66.7575
-66.586
-66.4055
-66.2313
-66.0704
-65.9261
-65.7999
-65.6923
-65.6939
-66.4932
-66.9296
-64.966
-63.3026
-62.1889
-61.3995
-60.8056
-60.334
-59.936
-59.585
-59.2537
-58.9201
-58.5668
-58.1626
-57.6542
-56.9562
-55.8263
-53.3409
-26.7406
1.07835
-32.6733
-76.0677
-79.7827
-79.8546
-79.8404
-79.8202
-79.7976
-79.7727
-79.7456
-79.7163
-79.685
-79.6519
-79.6171
-79.5809
-79.5438
-79.5059
-79.4678
-79.4295
-77.2578
-72.7692
-69.3508
-65.7536
-61.2352
-57.5923
-51.9428
39.3186
-12.4654
-44.5101
-78.8051
-79.2352
-79.1474
-79.0429
-77.355
-75.1826
-74.205
-73.6063
-73.0651
-72.5316
-71.9999
-71.4722
-70.9529
-68.5728
-64.8253
-62.1864
-60.418

