-70
-70.0758
-70.1508
-70.225
-70.2983
-70.3706
-70.4419
-70.5122
-70.5814
-70.6496
-70.7168
-70.7829
-70.848
-70.9121
-70.9752
-71.0373
-71.0984
-71.1586
-71.2178
-71.2761
-71.3334
-71.3899
-71.4455
-71.5003
-71.5543
-71.6074
-71.6598
-71.7114
-71.7623
-71.8124
-71.8619
-71.9106
-71.9587
-72.006
-72.0527
-72.0988
-72.1442
-72.1889
-72.2331
-72.2766
-72.3196
-72.362
-72.4038
-72.445
-72.4857
-72.5258
-72.5654
-72.6045
-72.6431
-72.6812
-72.7188
-72.756
-72.7927
-72.8289
-72.8647
-72.9
-72.9349
-72.9694
-73.0035
-73.0371
-73.0704
-73.1032
-73.1357
-73.1678
-73.1994
-73.2307
-73.2617
-73.2922
-73.3224
-73.3523
-73.3817
-73.4109
-73.4397
-73.4682
-73.4963
-73.5241
-73.5516
-73.5788
-73.6057
-73.6323
-73.6585
-73.6845
-73.7102
-73.7356
-73.7608
-73.7857
-73.8103
-73.8346
-73.8587
-73.8825
-73.9061
-73.9294
-73.9524
-73.9753
-73.9979
-74.0202
-74.0423
-74.0642
-74.0859
-74.1073
-74.1285
-74.1495
-74.1703
-74.1909
-74.2112
-74.2313
-74.2513
-74.271
-74.2905
-74.3098
-74.329
-74.3479
-74.3666
-74.3852
-74.4036
-74.4217
-74.4397
-74.4575
-74.4752
-74.4926
-74.5099
-74.527
-74.544
-74.5607
-74.5774
-74.5938
-74.6101
-74.6262
-74.6422
-74.658
-74.6736
-74.6891
-74.7045
-74.7197
-74.7347
-74.7496
-74.7644
-74.779
-74.7935
-74.8079
-74.8221
-74.8362
-74.8501
-74.864
-74.8777
-74.8913
-74.9047
-74.918
-74.9313
-74.9443
-74.9573
-74.9701
-74.9829
-74.9955
-75.008
-75.0204
-75.0327
-75.0448
-75.0569
-75.0688
-75.0806
-75.0924
-75.104
-75.1155
-75.1269
-75.1382
-75.1495
-75.1606
-75.1716
-75.1825
-75.1933
-75.204
-75.2147
-75.2252
-75.2356
-75.246
-75.2562
-75.2664
-75.2764
-75.2864
-75.2963
-75.3061
-75.3158
-75.3255
-75.335
-75.3445
-75.3538
-75.3631
-75.3724
-75.3815
-75.3906
-75.3995
-75.4084
-75.4172
-75.426
-75.4346
-75.4432
-75.4518
-75.4602
-75.4686
-75.4769
-75.4851
-75.4932
-75.5013
-75.5093
-75.5173
-75.5251
-75.533
-75.5407
-75.5484
-75.556
-75.5635
-75.571
-75.5784
-75.5858
-75.593
-75.6003
-75.6074
-75.6145
-75.6216
-75.6285
-75.6355
-75.6423
-75.6491
-75.6559
-75.6626
-75.6692
-75.6758
-75.6823
-75.6888
-75.6952
-75.7015
-75.7078
-75.7141
-75.7203
-75.7264
-75.7325
-75.7386
-75.7446
-75.7505
-75.7564
-75.7622
-75.768
-75.7738
-75.7795
-75.7851
-75.7907
-75.7963
-75.8018
-75.8072
-75.8127
-75.818
-75.8234
-75.8287
-75.8339
-75.8391
-75.8443
-75.8494
-75.8545
-75.8595
-75.8645
-75.8695
-75.8744
-75.8793
-75.8841
-75.8889
-75.8937
-75.8984
-75.9031
-75.9077
-75.9123
-75.9169
-75.9214
-75.9259
-75.9304
-75.9348
-75.9392
-75.9436
-75.9479
-75.9522
-75.9565
-75.9607
-75.9649
-75.969
-75.9731
-75.9772
-75.9813
-75.9853
-75.9893
-75.9933
-75.9972
-76.0011
-76.005
-76.0088
-76.0126
-76.0164
-76.0201
-76.0239
-76.0275
-76.0312
-76.0348
-76.0384
-76.042
-76.0456
-76.0491
-76.0526
-76.056
-76.0595
-76.0629
-76.0663
-76.0696
-76.0729
-76.0762
-76.0795
-76.0828
-76.086
-76.0892
-76.0924
-76.0955
-76.0986
-76.1017
-76.1048
-76.1079
-76.1109
-76.1139
-76.1169
-76.1198
-76.1228
-76.1257
-76.1286
-76.1314
-76.1343
-76.1371
-76.1399
-76.1427
-76.1455
-76.1482
-76.1509
-76.1536
-76.1563
-76.1589
-76.1615
-76.1642
-76.1667
-76.1693
-76.1719
-76.1744
-76.1769
-76.1794
-76.1819
-76.1843
-76.1868
-76.1892
-76.1916
-76.1939
-76.1963
-76.1986
-76.201
-76.2033
-76.2056
-76.2078
-76.2101
-76.2123
-76.2145
-76.2167
-76.2189
-76.2211
-76.2232
-76.2254
-76.2275
-76.2296
-76.2317
-76.2337
-76.2358
-76.2378
-76.2398
-76.2418
-76.2438
-76.2458
-76.2478
-76.2497
-76.2516
-76.2536
-76.2554
-76.2573
-76.2592
-76.2611
-76.2629
-76.2647
-76.2665
-76.2683
-76.2701
-76.2719
-76.2737
-76.2754
-76.2771
-76.2788
-76.2806
-76.2822
-76.2839
-76.2856
-76.2872
-76.2889
-76.2905
-76.2921
-76.2937
-76.2953
-76.2969
-76.2985
-76.3
-76.3016
-76.3031
-76.3046
-76.3061
-76.3076
-76.3091
-76.3106
-76.312
-76.3135
-76.3149
-76.3164
-76.3178
-76.3192
-76.3206
-76.322
-76.3233
-76.3247
-76.3261
-76.3274
-76.3287
-76.33
-76.3314
-76.3327
-76.334
-76.3352
-76.3365
-76.3378
-76.339
-76.3403
-76.3415
-76.3427
-76.3439
-76.3452
-76.3464
-76.3475
-76.3487
-76.3499
-76.351
-76.3522
-76.3533
-76.3545
-76.3556
-76.3567
-76.3578
-76.3589
-76.36
-76.3611
-76.3622
-76.3632
-76.3643
-76.3654
-76.3664
-76.3674
-76.3685
-76.3695
-76.3705
-76.3715
-76.3725
-76.3735
-76.3745
-76.3754
-76.3764
-76.3774
-76.3783
-76.3793
-76.3802
-76.3811
-76.382
-76.383
-76.3839
-76.3848
-76.3857
-76.3866
-76.3874
-76.3883
-76.3892
-76.39
-76.3909
-76.3917
-76.3926
-76.3934
-76.3943
-76.3951
-76.3959
-76.3967
-76.3975
-76.3983
-76.3991
-76.3999
-76.4007
-76.4014
-76.4022
-76.403
-76.4037
-76.4045
-76.4052
-76.406
-76.4067
-76.4074
-76.4082
-76.4089
-76.4096
-76.4103
-76.411
-76.4117
-76.4124
-76.4131
-76.4137
-76.4144
-76.4151
-76.4158
-76.4164
-76.4171
-76.4177
-76.4184
-76.419
-76.4196
-76.4203
-76.4209
-76.4215
-76.4221
-76.4227
-76.4234
-76.424
-76.4246
-76.4251
-76.4257
-76.4263
-76.4269
-76.4275
-76.428
-76.4286
-76.4292
-76.4297
-76.4303
-76.4308
-76.4314
-76.3945
-76.3536
-76.3215
-76.2962
-76.2761
-76.26
-76.2471
-76.2368
-76.2284
-76.2217
-76.2164
-76.2122
-76.2089
-76.2064
-76.2045
-76.2032
-76.2024
-76.202
-76.2019
-76.2021
-76.2026
-76.2033
-76.2041
-76.2052
-76.2064
-76.2077
-76.2091
-76.2106
-76.2122
-76.2138
-76.2155
-76.2172
-76.219
-76.2208
-76.2227
-76.2245
-76.2264
-76.2283
-76.2302
-76.2321
-76.2341
-76.236
-76.2379
-76.2398
-76.2417
-76.2436
-76.2456
-76.2475
-76.2493
-76.2512
-76.2531
-76.255
-76.2568
-76.2587
-76.2605
-76.2623
-76.2641
-76.2659
-76.2677
-76.2545
-76.2292
-76.2088
-76.193
-76.1806
-76.1709
-76.1634
-76.1575
-76.1529
-76.1495
-76.1469
-76.1438
-76.1298
-76.1172
-76.1079
-76.1009
-76.0957
-76.0916
-76.0807
-76.0713
-76.0646
-76.06
-76.0568
-76.0547
-76.0535
-76.0529
-76.0529
-76.0533
-76.054
-76.0551
-76.0563
-76.0578
-76.0595
-76.0614
-76.0633
-76.0654
-76.0676
-76.0699
-76.0723
-76.0748
-76.0773
-76.0798
-76.0825
-76.0851
-76.0878
-76.0905
-76.0933
-76.096
-76.0988
-76.1016
-76.1044
-76.1072
-76.11
-76.1128
-76.1156
-76.1184
-76.1212
-76.124
-76.1268
-76.1296
-76.1324
-76.1351
-76.1379
-76.1406
-76.1433
-76.146
-76.1487
-76.1514
-76.154
-76.1566
-76.1593
-76.1619
-76.1644
-76.167
-76.1696
-76.1721
-76.1746
-76.1771
-76.1796
-76.182
-76.1845
-76.1869
-76.1893
-76.1917
-76.1941
-76.1964
-76.1988
-76.2011
-76.2034
-76.2057
-76.2079
-76.2102
-76.2124
-76.2146
-76.2168
-76.219
-76.2212
-76.2233
-76.2254
-76.2276
-76.2297
-76.2317
-76.2338
-76.2359
-76.2379
-76.2399
-76.2419
-76.2439
-76.2459
-76.2478
-76.2498
-76.2517
-76.2536
-76.2555
-76.2574
-76.2593
-76.2611
-76.263
-76.2648
-76.2666
-76.2684
-76.259
-76.2355
-76.2161
-76.2009
-76.189
-76.1797
-76.1723
-76.1665
-76.1621
-76.1587
-76.1561
-76.1543
-76.1531
-76.1524
-76.1522
-76.1523
-76.1527
-76.1534
-76.1543
-76.1555
-76.1568
-76.1582
-76.1598
-76.1615
-76.1633
-76.1651
-76.1671
-76.1691
-76.1711
-76.1732
-76.1753
-76.1775
-76.1797
-76.1818
-76.1841
-76.1863
-76.1885
-76.1842
-76.1677
-76.1539
-76.1433
-76.1351
-76.1289
-76.1242
-76.1206
-76.1181
-76.1163
-76.1152
-76.1146
-76.1145
-76.1148
-76.1154
-76.1162
-76.1173
-76.1187
-76.1202
-76.1218
-76.1236
-76.1255
-76.1275
-76.1295
-76.1317
-76.1339
-76.1362
-76.1385
-76.1408
-76.1432
-76.1456
-76.148
-76.1504
-76.1529
-76.1553
-76.1578
-76.1603
-76.1627
-76.1652
-76.1676
-76.1701
-76.1725
-76.1679
-76.1545
-76.1434
-76.1349
-76.1284
-76.1234
-76.1197
-76.117
-76.1152
-76.114
-76.1133
-76.1131
-76.1134
-76.1139
-76.1147
-76.1158
-76.1171
-76.1186
-76.1202
-76.122
-76.1239
-76.1259
-76.1279
-76.1301
-76.1323
-76.1345
-76.1369
-76.1392
-76.1416
-76.144
-76.145
-76.1334
-76.1224
-76.1141
-76.1078
-76.1032
-76.0997
-76.0973
-76.0957
-76.0947
-76.0943
-76.0944
-76.0948
-76.0955
-76.0965
-76.0978
-76.0992
-76.1008
-76.1026
-76.1045
-76.1065
-76.1086
-76.1108
-76.1131
-76.1154
-76.1178
-76.1202
-76.1227
-76.1251
-76.1277
-76.1302
-76.1328
-76.1353
-76.1379
-76.1405
-76.1431
-76.1456
-76.1482
-76.1508
-76.1534
-76.156
-76.1585
-76.1611
-76.1636
-76.1661
-76.1686
-76.1711
-76.1736
-76.1761
-76.1786
-76.181
-76.1834
-76.1859
-76.1883
-76.1906
-76.193
-76.1954
-76.1977
-76.2
-76.2023
-76.2046
-76.2069
-76.2091
-76.2114
-76.2136
-76.2158
-76.218
-76.2201
-76.2223
-76.2244
-76.2265
-76.2286
-76.2307
-76.2328
-76.2349
-76.2369
-76.2389
-76.2409
-76.2429
-76.2449
-76.2469
-76.2488
-76.2508
-76.2527
-76.2546
-76.2565
-76.2584
-76.2602
-76.2621
-76.2639
-76.2657
-76.2675
-76.2693
-76.2574
-76.2341
-76.2152
-76.2004
-76.1888
-76.1796
-76.1725
-76.1668
-76.1625
-76.1591
-76.1567
-76.1549
-76.1538
-76.1531
-76.1529
-76.153
-76.1535
-76.1542
-76.1551
-76.1563
-76.1576
-76.1591
-76.1606
-76.1623
-76.1641
-76.166
-76.1679
-76.1699
-76.172
-76.1741
-76.1762
-76.1783
-76.1805
-76.1827
-76.1849
-76.1871
-76.1893
-76.1867
-76.1701
-76.1558
-76.1448
-76.1363
-76.1299
-76.1249
-76.1212
-76.1186
-76.1167
-76.1155
-76.1148
-76.1146
-76.1149
-76.1154
-76.1162
-76.1173
-76.1186
-76.1201
-76.1217
-76.1235
-76.1253
-76.1273
-76.1294
-76.1315
-76.1337
-76.136
-76.1383
-76.1406
-76.143
-76.1454
-76.1478
-76.1502
-76.1527

