-70
-70.0758
-70.1508
-70.225
-70.2983
-70.3706
-70.4419
-70.5122
-70.5814
-70.6496
-70.7168
-70.7829
-70.848
-70.9121
-70.9752
-71.0373
-71.0984
-71.1586
-71.2178
-71.2761
-71.3334
-71.3899
-71.4455
-71.5003
-71.5543
-71.6074
-71.6598
-71.7114
-71.7623
-71.8124
-71.8619
-71.9106
-71.9587
-72.006
-72.0527
-72.0988
-72.1442
-72.1889
-72.2331
-72.2766
-72.3196
-72.362
-72.4038
-72.445
-72.4857
-72.5258
-72.5654
-72.6045
-72.6431
-72.6812
-72.7188
-72.756
-72.7927
-72.8289
-72.8647
-72.9
-72.9349
-72.9694
-73.0035
-73.0371
-73.0704
-73.1032
-73.1357
-73.1678
-73.1994
-73.2307
-73.2617
-73.2922
-73.3224
-73.3523
-73.3817
-73.4109
-73.4397
-73.4682
-73.4963
-73.5241
-73.5516
-73.5788
-73.6057
-73.6323
-73.6585
-73.6845
-73.7102
-73.7356
-73.7608
-73.7857
-73.8103
-73.8346
-73.8587
-73.8825
-73.9061
-73.9294
-73.9524
-73.9753
-73.9979
-74.0202
-74.0423
-74.0642
-74.0859
-74.1073
-74.1285
-74.1495
-74.1703
-74.1909
-74.2112
-74.2313
-74.2513
-74.271
-74.2905
-74.3098
-74.329
-74.3479
-74.3666
-74.3852
-74.4036
-74.4217
-74.4397
-74.4575
-74.4752
-74.4926
-74.5099
-74.527
-74.544
-74.5607
-74.5774
-74.5938
-74.6101
-74.6262
-74.6422
-74.658
-74.6736
-74.6891
-74.7045
-74.7197
-74.7347
-74.7496
-74.7644
-74.779
-74.7935
-74.8079
-74.8221
-74.8362
-74.8501
-74.864
-74.8777
-74.8913
-74.9047
-74.918
-74.9313
-74.9443
-74.9573
-74.9701
-74.9829
-74.9955
-75.008
-75.0204
-75.0327
-75.0448
-75.0569
-75.0688
-75.0806
-75.0924
-75.104
-75.1155
-75.1269
-75.1382
-75.1495
-75.1606
-75.1716
-75.1825
-75.1933
-75.204
-75.2147
-75.2252
-75.2356
-75.246
-75.2562
-75.2664
-75.2764
-75.2864
-75.2963
-75.3061
-75.3158
-75.3255
-75.335
-75.3445
-75.3538
-75.3631
-75.3724
-75.3815
-75.3906
-75.3995
-75.4084
-75.4172
-75.426
-75.4346
-75.4432
-75.4518
-75.4602
-75.4686
-75.4769
-75.4851
-75.4932
-75.5013
-75.5093
-75.5173
-75.5251
-75.533
-75.5407
-75.5484
-75.556
-75.5635
-75.571
-75.5784
-75.5858
-75.593
-75.6003
-75.6074
-75.6145
-75.6216
-75.6285
-75.6355
-75.6423
-75.6491
-75.6559
-75.6626
-75.6692
-75.6758
-75.6823
-75.6888
-75.6952
-75.7015
-75.7078
-75.7141
-75.7203
-75.7264
-75.7325
-75.7386
-75.7446
-75.7505
-75.7564
-75.7622
-75.768
-75.7738
-75.7795
-75.7851
-75.7907
-75.7963
-75.8018
-75.8072
-75.8127
-75.818
-75.8234
-75.8287
-75.8339
-75.8391
-75.8443
-75.8494
-75.8545
-75.8595
-75.8645
-75.8695
-75.8744
-75.8793
-75.8841
-75.8889
-75.8937
-75.8984
-75.9031
-75.9077
-75.9123
-75.9169
-75.9214
-75.9259
-75.9304
-75.9348
-75.9392
-75.9436
-75.9479
-75.9522
-75.9565
-75.9607
-75.9649
-75.969
-75.9731
-75.9772
-75.9813
-75.9853
-75.9893
-75.9933
-75.9972
-76.0011
-76.005
-76.0088
-76.0126
-76.0164
-76.0201
-76.0239
-76.0275
-76.0312
-76.0348
-76.0384
-76.042
-76.0456
-76.0491
-76.0526
-76.056
-76.0595
-76.0629
-76.0663
-76.0696
-76.0729
-76.0762
-76.0795
-76.0828
-76.086
-76.0892
-76.0924
-76.0955
-76.0986
-76.1017
-76.1048
-76.1079
-76.1109
-76.1139
-76.1169
-76.1198
-76.1228
-76.1257
-76.1286
-76.1314
-76.1343
-76.1371
-76.1399
-76.1427
-76.1455
-76.1482
-76.1509
-76.1536
-76.1563
-76.1589
-76.1615
-76.1642
-76.1667
-76.1693
-76.1719
-76.1744
-76.1769
-76.1794
-76.1819
-76.1843
-76.1868
-76.1892
-76.1916
-76.1939
-76.1963
-76.1986
-76.201
-76.2033
-76.2056
-76.2078
-76.2101
-76.2123
-76.2145
-76.2167
-76.2189
-76.2211
-76.2232
-76.2254
-76.2275
-76.2296
-76.2317
-76.2337
-76.2358
-76.2378
-76.2398
-76.2418
-76.2438
-76.2458
-76.2478
-76.2497
-76.2516
-76.2536
-76.2554
-76.2573
-76.2592
-76.2611
-76.2629
-76.2647
-76.2665
-76.2683
-76.2701
-76.2719
-76.2737
-76.2754
-76.2771
-76.2788
-76.2806
-76.2822
-76.2839
-76.2856
-76.2872
-76.2889
-76.2905
-76.2921
-76.2937
-76.2953
-76.2969
-76.2985
-76.3
-76.3016
-76.3031
-76.3046
-76.3061
-76.3076
-76.3091
-76.3106
-76.312
-76.3135
-76.3149
-76.3164
-76.3178
-76.3192
-76.3206
-76.322
-76.3233
-76.3247
-76.3261
-76.3274
-76.3287
-76.33
-76.3314
-76.3327
-76.334
-76.3352
-76.3365
-76.3378
-76.339
-76.3403
-76.3415
-76.3427
-76.3439
-76.3452
-76.3464
-76.3475
-76.3487
-76.3499
-76.351
-76.3522
-76.3533
-76.3545
-76.3556
-76.3567
-76.3578
-76.3589
-76.36
-76.3611
-76.3622
-76.3632
-76.3643
-76.3654
-76.3664
-76.3674
-76.3685
-76.3695
-76.3705
-76.3715
-76.3725
-76.3735
-76.3745
-76.3754
-76.3764
-76.3774
-76.3783
-76.3793
-76.3802
-76.3811
-76.382
-76.383
-76.3839
-76.3848
-76.3857
-76.3866
-76.3874
-76.3883
-76.3892
-76.39
-76.3909
-76.3917
-76.3926
-76.3934
-76.3943
-76.3951
-76.3959
-76.3967
-76.3975
-76.3983
-76.3991
-76.3999
-76.4007
-76.4014
-76.4022
-76.403
-76.4037
-76.4045
-76.4052
-76.406
-76.4067
-76.4074
-75.6458
-71.3644
-67.6835
-64.9104
-62.7495
-60.9512
-59.2514
-57.2021
-52.8667
43.9686
-9.01768
-40.4998
-78.3979
-79.0597
-78.9539
-78.8271
-78.688
-78.5369
-78.3739
-77.9444
-75.8546
-74.5108
-73.6947
-73.0675
-72.5215
-72.0196
-71.5488
-71.1048
-70.6873
-70.2969
-69.9346
-69.6013
-69.721
-70.0766
-70.352
-71.0185
-71.59
-69.7569
-68.0333
-67.0175
-66.4038
-66.0209
-65.7781
-65.6251
-65.5325
-65.4824
-66.0307
-66.9762
-67.6774
-68.1871
-69.117
-70.0056
-70.624
-71.0617
-71.3811
-71.6207
-71.8054
-71.9512
-72.0691
-72.1666
-72.2489
-72.3199
-72.3822
-72.4379
-72.4884
-72.535
-72.5785
-72.6195
-72.6586
-72.6961
-72.7324
-72.7676
-72.8021
-72.8359
-72.8692
-72.9019
-72.9343
-72.9663
-72.3221
-68.5658
-65.3491
-62.9186
-60.9707
-59.2157
-57.2355
-53.5979
44.2645
-4.24364
-35.7881
-77.558
-78.9052
-78.7911
-78.6463
-78.4876
-78.3156
-78.1305
-77.9332
-77.7247
-75.5108
-73.7011
-72.5846
-71.7735
-71.1102
-70.5319
-70.1225
-70.7729
-71.5068
-71.891
-72.0787
-72.1652
-72.1983
-72.203
-72.1932
-72.1767
-72.1582
-72.1402
-72.1244
-72.1116
-72.1023
-72.0966
-72.2219
-72.5765
-72.8665
-73.089
-73.2632
-73.4021
-73.6193
-73.9274
-74.165
-74.3442
-74.4822
-74.5907
-74.6774
-74.7479
-74.8062
-74.855
-74.8965
-74.9323
-74.9634
-74.9909
-75.0154
-75.0376
-75.0577
-75.0763
-75.0935
-75.1095
-75.1247
-75.139
-75.1527
-75.1658
-75.1784
-75.1906
-75.2025
-75.214
-75.2253
-75.2363
-75.2471
-75.2577
-75.2682
-75.2785
-75.2886
-75.2986
-75.3085
-75.3183
-75.3279
-75.3375
-75.347
-75.3563
-75.3656
-75.3748
-75.3839
-75.3929
-75.4019
-75.4107
-75.4195
-75.4282
-75.4368
-75.4454
-75.4539
-75.4623
-75.4706
-73.9669
-69.7923
-66.4314
-63.8811
-61.8565
-60.0968
-58.2748
-55.5887
-41.3258
14.9674
-25.0309
-70.3725
-79.0137
-78.976
-78.8522
-78.7148
-78.5649
-78.4028
-78.229
-77.3827
-75.2963
-74.026
-73.209
-72.5677
-72.0087
-71.4981
-71.0228
-70.5784
-68.936
-66.4478
-64.555
-63.2327
-63.2251
-63.8912
-65.007
-65.8259
-67.1264
-68.1143
-68.758
-69.0994
-67.1664
-65.3982
-64.2317
-63.4391
-62.8831
-62.4836
-62.1923
-61.9809
-61.8304
-61.7267
-61.6612
-61.6283
-61.624
-61.6452
-61.6896
-61.7553
-61.8406
-61.9442
-62.064
-62.9077
-64.334
-65.5134
-66.4532
-67.2078
-67.82
-68.3221
-68.7387
-69.0881
-69.3843
-69.638
-69.8575
-70.0493
-70.2184
-70.3689
-70.5039
-70.6261
-70.7377
-70.8402
-70.9351
-70.082
-66.6281
-63.7814
-61.6101
-59.8171
-58.0957
-55.8994
-50.2647
33.3712
-17.5237
-53.3558
-78.687
-78.7024
-78.48
-78.2759
-78.0835
-77.8811
-77.6669
-77.442
-77.2083
-76.9676
-75.7139
-73.0793
-71.3067
-70.116
-69.2319
-68.5289
-67.9451
-67.4477
-67.0932
-67.4639
-67.8445
-68.6984
-69.3943
-70.1584
-70.9289
-71.4476
-71.7983
-72.0435
-72.2202
-72.3515
-72.4519
-72.531
-72.5951
-72.6486
-72.6945
-72.735
-72.7716
-72.8053
-72.837
-72.8673
-72.8966
-72.9252
-72.9533
-72.981
-73.0086
-73.0361
-73.0635
-73.091
-73.1184
-73.1458
-73.1732
-73.2006
-73.228
-73.2554
-73.2828
-73.3101
-73.3374
-73.3646
-73.3917
-73.4186
-73.4455
-73.4722
-73.4988
-73.5252
-73.5515
-73.5775
-73.6034
-73.6291
-73.6546
-73.6799
-73.705
-73.7299
-73.7546
-73.779
-73.8033
-73.8273
-73.8512
-73.8748
-73.8981
-73.9213
-73.9443
-73.967
-73.9895
-74.0118
-74.0339
-74.0557
-74.0774
-74.0988
-74.12
-74.141
-74.1618
-74.1824
-74.2028
-74.223
-74.243
-74.2627
-74.2823
-74.3017
-74.3209
-74.3399
-74.3587
-74.3773
-74.3957
-74.414
-74.432
-74.4499
-74.4676
-74.4851
-74.5025
-71.8253
-67.9438
-64.963
-62.6655
-60.7716
-58.986
-56.7932
-51.6139
38.3178
-13.6387
-46.5336
-79.2491
-78.9467
-78.5617
-78.3741
-78.1856
-77.9829
-77.7659
-77.5353
-77.2928
-77.0403
-75.3608
-73.0173
-71.4754
-70.3941
-69.5562
-68.8641
-68.2706
-67.7512
-67.2924
-65.974
-63.6331
-61.7493
-60.2067
-58.7587
-58.6273
-60.59
-62.3772
-64.0057
-65.9292
-67.2629
-68.1505
-68.7606
-69.1938
-67.8119
-66.4696
-65.6744
-65.225
-65.7917
-66.3483
-66.7207
-66.9807
-67.172
-67.3202
-67.4409
-67.5437
-67.6347
-67.718
-67.7964
-67.8718
-67.9454
-68.0182
-68.0907
-68.1635
-68.2367
-68.3106
-68.3852
-68.4606
-68.5367
-68.6136
-68.6911
-68.7691
-68.8475
-68.9263
-69.0053
-69.0844
-69.1635
-69.2425
-69.3214
-69.4
-69.4784
-69.5564
-69.6339
-69.7109
-69.7873
-69.8631
-69.9381
-70.0124
-70.086
-70.1587
-67.5857
-64.3968
-61.9388
-59.9338
-58.0177
-55.4847
-46.7844
20.9257
-22.7903
-65.2328
-78.9361
-78.6656
-78.4824
-78.304
-78.1117
-77.9049
-77.6844
-77.4514
-77.2077
-75.7919
-73.4361

