-70
-70.0758
-70.1508
-70.225
-70.2983
-70.3706
-70.4419
-70.5122
-70.5814
-70.6496
-70.7168
-70.7829
-70.848
-70.9121
-70.9752
-71.0373
-71.0984
-71.1586
-71.2178
-71.2761
-71.3334
-71.3899
-71.4455
-71.5003
-71.5543
-71.6074
-71.6598
-71.7114
-71.7623
-71.8124
-71.8619
-71.9106
-71.9587
-72.006
-72.0527
-72.0988
-72.1442
-72.1889
-72.2331
-72.2766
-72.3196
-72.362
-72.4038
-72.445
-72.4857
-72.5258
-72.5654
-72.6045
-72.6431
-72.6812
-72.7188
-72.756
-72.7927
-72.8289
-72.8647
-72.9
-72.9349
-72.9694
-73.0035
-73.0371
-73.0704
-73.1032
-73.1357
-73.1678
-73.1994
-73.2307
-73.2617
-73.2922
-73.3224
-73.3523
-73.3817
-73.4109
-73.4397
-73.4682
-73.4963
-73.5241
-73.5516
-73.5788
-73.6057
-73.6323
-73.6585
-73.6845
-73.7102
-73.7356
-73.7608
-73.7857
-73.8103
-73.8346
-73.8587
-73.8825
-73.9061
-73.9294
-73.9524
-73.9753
-73.9979
-74.0202
-74.0423
-74.0642
-74.0859
-74.1073
-74.1285
-74.1495
-74.1703
-74.1909
-74.2112
-74.2313
-74.2513
-74.271
-74.2905
-74.3098
-74.329
-74.3479
-74.3666
-74.3852
-74.4036
-74.4217
-74.4397
-74.4575
-74.4752
-74.4926
-74.5099
-74.527
-74.544
-74.5607
-74.5774
-74.5938
-74.6101
-74.6262
-74.6422
-74.658
-74.6736
-74.6891
-74.7045
-74.7197
-74.7347
-74.7496
-74.7644
-74.779
-74.7935
-74.8079
-74.8221
-74.8362
-74.8501
-74.864
-74.8777
-74.8913
-74.9047
-74.918
-74.9313
-74.9443
-74.9573
-74.9701
-74.9829
-74.9955
-75.008
-75.0204
-75.0327
-75.0448
-75.0569
-75.0688
-75.0806
-75.0924
-75.104
-75.1155
-75.1269
-75.1382
-75.1495
-75.1606
-75.1716
-75.1825
-75.1933
-75.204
-75.2147
-75.2252
-75.2356
-75.246
-75.2562
-75.2664
-75.2764
-75.2864
-75.2963
-75.3061
-75.3158
-75.3255
-75.335
-75.3445
-75.3538
-75.3631
-75.3724
-75.3815
-75.3906
-75.3995
-75.4084
-75.4172
-75.426
-75.4346
-75.4432
-75.4518
-75.4602
-75.4686
-75.4769
-75.4851
-75.4932
-75.5013
-75.5093
-75.5173
-75.5251
-75.533
-75.5407
-75.5484
-75.556
-75.5635
-75.571
-75.5784
-75.5858
-75.593
-75.6003
-75.6074
-75.6145
-75.6216
-75.6285
-75.6355
-75.6423
-75.6491
-75.6559
-75.6626
-75.6692
-75.6758
-75.6823
-75.6888
-75.6952
-75.7015
-75.7078
-75.7141
-75.7203
-75.7264
-75.7325
-75.7386
-75.7446
-75.7505
-75.7564
-75.7622
-75.768
-75.7738
-75.7795
-75.7851
-75.7907
-75.7963
-75.8018
-75.8072
-75.8127
-75.818
-75.8234
-75.8287
-75.8339
-75.8391
-75.8443
-75.8494
-75.8545
-75.8595
-75.8645
-75.8695
-75.8744
-75.8793
-75.8841
-75.8889
-75.8937
-75.8984
-75.9031
-75.9077
-75.9123
-75.9169
-75.9214
-75.9259
-75.9304
-75.9348
-75.9392
-75.9436
-75.9479
-75.9522
-75.9565
-75.9607
-75.9649
-75.969
-75.9731
-75.9772
-75.9813
-75.9853
-75.9893
-75.9933
-75.9972
-76.0011
-76.005
-76.0088
-76.0126
-76.0164
-76.0201
-76.0239
-76.0275
-76.0312
-76.0348
-76.0384
-76.042
-76.0456
-76.0491
-76.0526
-76.056
-76.0595
-76.0629
-76.0663
-76.0696
-76.0729
-76.0762
-76.0795
-76.0828
-76.086
-76.0892
-76.0924
-76.0955
-76.0986
-76.1017
-76.1048
-76.1079
-76.1109
-76.1139
-76.1169
-76.1198
-76.1228
-76.1257
-76.1286
-76.1314
-76.1343
-76.1371
-76.1399
-76.1427
-76.1455
-76.1482
-76.1509
-76.1536
-76.1563
-76.1589
-76.1615
-76.1642
-76.1667
-76.1693
-76.1719
-76.1744
-76.1769
-76.1794
-76.1819
-76.1843
-76.1868
-76.1892
-76.1916
-76.1939
-76.1963
-76.1986
-76.201
-76.2033
-76.2056
-76.2078
-76.2101
-76.2123
-76.2145
-76.2167
-76.2189
-76.2211
-76.2232
-76.2254
-76.2275
-76.2296
-76.2317
-76.2337
-76.2358
-76.2378
-76.2398
-76.2418
-76.2438
-76.2458
-76.2478
-76.2497
-76.2516
-76.2536
-76.2554
-76.2573
-76.2592
-76.2611
-76.2629
-76.2647
-76.2665
-76.2683
-76.2701
-76.2719
-76.2737
-76.2754
-76.2771
-76.2788
-76.2806
-76.2822
-76.2839
-76.2856
-76.2872
-76.2889
-76.2905
-76.2921
-76.2937
-76.2953
-76.2969
-76.2985
-76.3
-76.3016
-76.3031
-76.3046
-76.3061
-76.3076
-76.3091
-76.3106
-76.312
-76.3135
-76.3149
-76.3164
-76.3178
-76.3192
-76.3206
-76.322
-76.3233
-76.3247
-76.3261
-76.3274
-76.3287
-76.33
-76.3314
-76.3327
-76.334
-76.3352
-76.3365
-76.3378
-76.339
-76.3403
-76.3415
-76.3427
-76.3439
-76.3452
-76.3464
-76.3475
-76.3487
-76.3499
-76.351
-76.3522
-76.3533
-76.3545
-76.3556
-76.3567
-76.3578
-76.3589
-76.36
-76.3611
-76.3622
-76.3632
-76.3643
-76.3654
-76.3664
-76.3674
-76.3685
-76.3695
-76.3705
-76.3715
-76.3725
-76.3735
-76.3745
-76.3754
-76.3764
-76.3774
-76.3783
-76.3793
-76.3802
-76.3811
-76.382
-76.383
-76.3839
-76.3848
-76.3857
-76.3866
-76.3874
-76.3883
-76.3892
-76.39
-76.3909
-76.3917
-76.3926
-76.3934
-76.3943
-76.3951
-76.3959
-76.3967
-76.3975
-76.3983
-76.3991
-76.3999
-76.4007
-76.4014
-76.4022
-76.403
-76.4037
-76.4045
-76.4052
-76.406
-75.2607
-70.9439
-67.3697
-64.6701
-62.5566
-60.7809
-59.0723
-56.9387
-51.9103
39.4016
-12.6824
-45.0732
-78.6373
-78.9118
-78.783
-78.6368
-78.4771
-78.304
-78.1179
-77.9195
-77.6101
-75.321
-73.6179
-72.559
-71.7767
-71.1299
-70.5619
-70.0487
-69.5796
-69.1497
-68.7569
-68.4
-68.0781
-67.7905
-67.5364
-67.3146
-67.1238
-66.9623
-65.0595
-62.3614
-60.1766
-58.1731
-55.6387
-47.6266
23.2109
-21.7614
-63.0713
-79.4264
-79.5883
-79.5177
-79.3482
-79.2478
-79.1604
-79.0694
-78.9733
-78.8724
-78.7675
-78.6595
-78.5495
-78.4386
-78.328
-78.2188
-78.1121
-78.0087
-77.9095
-77.815
-77.7258
-77.6421
-77.564
-77.4917
-77.425
-77.3638
-77.3078
-77.2569
-77.2107
-73.3675
-69.3203
-66.2766
-63.9543
-62.104
-60.5074
-58.9167
-56.8583
-51.8595
39.2492
-12.8391
-45.3683
-78.6222
-78.9461
-78.8232
-78.6817
-78.442
-78.2283
-78.0365
-77.8401
-77.179
-74.979
-73.5862
-72.7272
-72.0823
-71.5405
-71.0593
-70.6214
-70.2736
-70.4341
-70.5682
-70.6151
-70.6134
-70.5859
-70.546
-70.5018
-70.8124
-71.671
-72.366
-73.101
-73.6098
-73.9316
-74.2261
-74.5185
-74.7096
-74.8349
-74.9202
-74.9806
-75.0247
-75.0581
-75.0841
-75.105
-75.1224
-75.1373
-75.1503
-75.162
-75.1728
-75.1828
-75.1924
-75.2016
-75.2106
-75.2193
-75.228
-75.2366
-75.2452
-75.2537
-75.2623
-75.3265
-75.4047
-75.4671
-75.5169
-75.5573
-75.5906
-75.6184
-75.642
-75.6623
-75.6798
-75.6953
-75.709
-75.7212
-75.7324
-75.7425
-75.7519
-75.7606
-75.7688
-75.7765
-75.7838
-75.7908
-75.7974
-75.8039
-75.8101
-75.8161
-75.822
-75.8277
-75.8334
-75.8389
-75.8443
-75.8496
-75.8548
-75.86
-75.8651
-72.6177
-68.6298
-65.5988
-63.2724
-61.3864
-59.6833
-57.7977
-54.593
13.3011
2.64391
-31.0917
-76.6087
-79.7221
-79.7261
-79.236
-77.997
-77.5319
-77.2378
-76.9505
-76.6529
-76.3443
-76.0268
-75.7033
-74.696
-72.018
-70.0133
-68.6077
-67.5479
-66.7067
-66.0152
-65.4337
-64.9382
-63.8807
-61.7101
-59.8126
-58.0041
-55.6114
-47.9176
24.0648
-21.3651
-63.0182
-79.3662
-78.9374
-78.2916
-78.0329
-77.8132
-77.5827
-77.339
-77.0833
-76.8177
-76.5444
-76.2662
-75.986
-75.7067
-75.4314
-75.1628
-74.9033
-74.6552
-74.4202
-74.1997
-74.0273
-74.0326
-74.0448
-74.0421
-74.0313
-74.0166
-74.0005
-73.9847
-73.9702
-73.9576
-73.9473
-73.9395
-73.934
-73.931
-73.9302
-73.9316
-73.9349
-73.9402
-73.947
-72.5339
-68.6322
-65.5175
-63.1642
-61.2838
-59.6108
-57.7962
-54.8656
-24.307
6.77594
-28.9039
-74.9575
-79.6881
-79.7091
-78.5841
-77.9421
-77.6551
-77.3966
-77.1282
-76.8467
-76.5537
-76.2517
-75.9436
-75.6326
-74.0442
-71.2041
-69.1535
-67.6862
-66.5736
-65.693
-64.9741
-64.3741
-63.866
-63.4304
-63.0552
-62.731
-61.8384
-61.1279
-60.5918
-60.1531
-59.7694
-59.4122
-59.0493
-58.6566
-58.2605
-59.4414
-60.9574
-62.6263
-64.8885
-66.5623
-67.7334
-68.5721
-69.1876
-69.6503
-70.0061
-70.2855
-70.5094
-70.6924
-70.8449
-70.9741
-71.3021
-71.8586
-72.2989
-72.8739
-73.393
-73.7667
-74.04
-74.2449
-74.4018
-74.5243
-74.6219
-74.7008
-74.7656
-74.8196
-74.8653
-74.9045
-74.9384
-74.9682
-74.9947
-75.0184
-75.0399
-75.0596
-75.0778
-75.0947
-75.1106
-75.1255
-75.1398
-75.1534
-75.1664
-75.179
-75.1912
-75.203
-75.2146
-75.2258
-75.2368
-75.2477
-75.2583
-75.2687
-75.279
-75.2892
-75.2992
-75.3091
-75.3189
-75.3286
-75.3381
-75.3476
-75.357
-75.3663
-75.3755
-75.3846
-75.3936
-75.4025
-75.4114
-75.4202
-75.4289
-75.4375
-75.4461
-75.4545
-75.4629
-75.4713
-75.4795
-75.4877
-75.4958
-75.5039
-75.5119
-75.5198
-75.5276
-75.5354
-71.8915
-68.0254
-65.1
-62.8388
-60.976
-59.2357
-57.1609
-52.8053
43.8554
-9.25605
-40.509
-78.5461
-78.8739
-78.7058
-78.5499
-78.3805
-78.1971
-78
-77.79
-77.5684
-76.8664
-74.4178
-72.7145
-71.6036
-70.7688
-70.0828
-69.49
-68.9641
-68.492
-67.99
-65.6664
-63.4576
-61.7642
-60.3624
-59.052
-57.581
-55.3177
-46.5147
20.3469
-23.0133
-65.7915
-79.548
-79.6895
-79.655
-79.3113
-77.6292
-76.9095
-76.5099
-76.1556
-75.806
-75.4759
-75.1567
-74.8428
-74.5358
-74.238
-73.9516
-73.6787
-73.421
-73.1798
-72.956
-72.7503
-72.5628
-72.3934
-72.2419
-72.4098
-72.6279
-72.7919
-72.916
-73.012
-73.0882
-73.15
-73.2015
-73.2454
-73.2837
-73.318
-73.3492
-73.3782
-73.4056
-73.4319
-73.4572
-73.4819
-73.5062
-73.5301
-73.5538
-73.5774
-73.6008
-73.6241
-73.6474
-73.6706
-73.6938
-73.7169
-73.7399
-71.5457
-67.7188
-64.7532
-62.4746
-60.5957
-58.8126
-56.5862
-51.0364
35.7903
-15.2716
-49.7331
-78.7394
-78.9923
-78.8749
-78.7396
-78.5918
-78.4315
-78.2593

