-70
-70.0758
-70.1508
-70.225
-70.2983
-70.3706
-70.4419
-70.5122
-70.5814
-70.6496
-70.7168
-70.7829
-70.848
-70.9121
-70.9752
-71.0373
-71.0984
-71.1586
-71.2178
-71.2761
-71.3334
-71.3899
-71.4455
-71.5003
-71.5543
-71.6074
-71.6598
-71.7114
-71.7623
-71.8124
-71.8619
-71.9106
-71.9587
-72.006
-72.0527
-72.0988
-72.1442
-72.1889
-72.2331
-72.2766
-72.3196
-72.362
-72.4038
-72.445
-72.4857
-72.5258
-72.5654
-72.6045
-72.6431
-72.6812
-72.7188
-72.756
-72.7927
-72.8289
-72.8647
-72.9
-72.9349
-72.9694
-73.0035
-73.0371
-73.0704
-73.1032
-73.1357
-73.1678
-73.1994
-73.2307
-73.2617
-73.2922
-73.3224
-73.3523
-73.3817
-73.4109
-73.4397
-73.4682
-73.4963
-73.5241
-73.5516
-73.5788
-73.6057
-73.6323
-73.6585
-73.6845
-73.7102
-73.7356
-73.7608
-73.7857
-73.8103
-73.8346
-73.8587
-73.8825
-73.9061
-73.9294
-73.9524
-73.9753
-73.9979
-74.0202
-74.0423
-74.0642
-74.0859
-74.1073
-74.1285
-74.1495
-74.1703
-74.1909
-74.2112
-74.2313
-74.2513
-74.271
-74.2905
-74.3098
-74.329
-74.3479
-74.3666
-74.3852
-74.4036
-74.4217
-74.4397
-74.4575
-74.4752
-74.4926
-74.5099
-74.527
-74.544
-74.5607
-74.5774
-74.5938
-74.6101
-74.6262
-74.6422
-74.658
-74.6736
-74.6891
-74.7045
-74.7197
-74.7347
-74.7496
-74.7644
-74.779
-74.7935
-74.8079
-74.8221
-74.8362
-74.8501
-74.864
-74.8777
-74.8913
-74.9047
-74.918
-74.9313
-74.9443
-74.9573
-74.9701
-74.9829
-74.9955
-75.008
-75.0204
-75.0327
-75.0448
-75.0569
-75.0688
-75.0806
-75.0924
-75.104
-75.1155
-75.1269
-75.1382
-75.1495
-75.1606
-75.1716
-75.1825
-75.1933
-75.204
-75.2147
-75.2252
-75.2356
-75.246
-75.2562
-75.2664
-75.2764
-75.2864
-75.2963
-75.3061
-75.3158
-75.3255
-75.335
-75.3445
-75.3538
-75.3631
-75.3724
-75.3815
-75.3906
-75.3995
-75.4084
-75.4172
-75.426
-75.4346
-75.4432
-75.4518
-75.4602
-75.4686
-75.4769
-75.4851
-75.4932
-75.5013
-75.5093
-75.5173
-75.5251
-75.533
-75.5407
-75.5484
-75.556
-75.5635
-75.571
-75.5784
-75.5858
-75.593
-75.6003
-75.6074
-75.6145
-75.6216
-75.6285
-75.6355
-75.6423
-75.6491
-75.6559
-75.6626
-75.6692
-75.6758
-75.6823
-75.6888
-75.6952
-75.7015
-75.7078
-75.7141
-75.7203
-75.7264
-75.7325
-75.7386
-75.7446
-75.7505
-75.7564
-75.7622
-75.768
-75.7738
-75.7795
-75.7851
-75.7907
-75.7963
-75.8018
-75.8072
-75.8127
-75.818
-75.8234
-75.8287
-75.8339
-75.8391
-75.8443
-75.8494
-75.8545
-75.8595
-75.8645
-75.8695
-75.8744
-75.8793
-75.8841
-75.8889
-75.8937
-75.8984
-75.9031
-75.9077
-75.9123
-75.9169
-75.9214
-75.9259
-75.9304
-75.9348
-75.9392
-75.9436
-75.9479
-75.9522
-75.9565
-75.9607
-75.9649
-75.969
-75.9731
-75.9772
-75.9813
-75.9853
-75.9893
-75.9933
-75.9972
-76.0011
-76.005
-76.0088
-76.0126
-76.0164
-76.0201
-76.0239
-76.0275
-76.0312
-76.0348
-76.0384
-76.042
-76.0456
-76.0491
-76.0526
-76.056
-76.0595
-76.0629
-76.0663
-76.0696
-76.0729
-76.0762
-76.0795
-76.0828
-76.086
-76.0892
-76.0924
-76.0955
-76.0986
-76.1017
-76.1048
-76.1079
-76.1109
-76.1139
-76.1169
-76.1198
-76.1228
-76.1257
-76.1286
-76.1314
-76.1343
-76.1371
-76.1399
-76.1427
-76.1455
-76.1482
-76.1509
-76.1536
-76.1563
-76.1589
-76.1615
-76.1642
-76.1667
-76.1693
-76.1719
-76.1744
-76.1769
-76.1794
-76.1819
-76.1843
-76.1868
-76.1892
-76.1916
-76.1939
-76.1963
-76.1986
-76.201
-76.2033
-76.2056
-76.2078
-76.2101
-76.2123
-76.2145
-76.2167
-76.2189
-76.2211
-76.2232
-76.2254
-76.2275
-76.2296
-76.2317
-76.2337
-76.2358
-76.2378
-76.2398
-76.2418
-76.2438
-76.2458
-76.2478
-76.2497
-76.2516
-76.2536
-76.2554
-76.2573
-76.2592
-76.2611
-76.2629
-76.2647
-76.2665
-76.2683
-76.2701
-76.2719
-76.2737
-76.2754
-76.2771
-76.2788
-76.2806
-76.2822
-76.2839
-76.2856
-76.2872
-76.2889
-76.2905
-76.2921
-76.2937
-76.2953
-76.2969
-76.2985
-76.3
-76.3016
-76.3031
-76.3046
-76.3061
-76.3076
-76.3091
-76.3106
-76.312
-76.3135
-76.3149
-76.3164
-76.3178
-76.3192
-76.3206
-76.322
-76.3233
-76.3247
-76.3261
-76.3274
-76.3287
-76.33
-76.3314
-76.3327
-76.334
-76.3352
-76.3365
-76.3378
-76.339
-76.3403
-76.3415
-76.3427
-76.3439
-76.3452
-76.3464
-76.3475
-76.3487
-76.3499
-76.351
-76.3522
-76.3533
-76.3545
-76.3556
-76.3567
-76.3578
-76.3589
-76.36
-76.3611
-76.3622
-76.3632
-76.3643
-76.3654
-76.3664
-76.3674
-76.3685
-76.3695
-76.3705
-76.3715
-76.3725
-76.3735
-76.3745
-76.3754
-76.3764
-76.3774
-76.3783
-76.3793
-76.3802
-76.3811
-76.382
-76.383
-76.3839
-76.3848
-74.8282
-70.5201
-67.0513
-64.4239
-62.3561
-60.6007
-58.8768
-56.6354
-50.5571
33.4334
-16.2327
-51.469
-79.4443
-79.7444
-79.7174
-79.6815
-79.6415
-79.5976
-79.5496
-79.4977
-79.442
-79.3828
-79.3206
-79.2558
-79.1891
-79.1212
-79.0527
-78.9844
-78.9168
-78.8506
-78.7864
-78.7245
-78.6652
-78.6089
-78.5556
-77.2989
-72.7326
-68.9791
-66.1661
-64.0021
-62.2666
-60.7703
-59.3098
-57.5423
-53.6831
46.1988
-5.01337
-36.2327
-78.0354
-79.3317
-79.2663
-79.1759
-79.076
-78.967
-78.8489
-78.722
-78.5869
-78.4445
-78.296
-78.1074
-77.7839
-77.5169
-77.2979
-77.1073
-76.9361
-76.7593
-76.5512
-76.3816
-76.2434
-76.1134
-73.8277
-70.4317
-68.2348
-66.8281
-65.8918
-65.2491
-64.7982
-64.4778
-64.2506
-64.0924
-63.9866
-63.9216
-63.8898
-63.8855
-63.9043
-63.943
-63.9988
-64.0695
-64.1534
-63.6092
-61.2528
-59.1086
-56.92
-53.1453
43.7557
-6.15695
-37.3824
-78.0604
-79.5311
-79.502
-79.4409
-79.3726
-79.2978
-79.2168
-79.1297
-79.0369
-78.939
-78.8369
-78.7314
-77.1807
-73.4701
-70.8286
-68.9958
-67.6424
-66.5951
-65.7562
-65.0673
-64.4912
-63.5446
-61.3379
-59.305
-57.1919
-53.5499
42.6702
-4.08092
-35.6385
-77.8521
-79.5551
-79.5282
-79.3851
-79.1384
-78.9997
-78.8887
-78.7675
-78.4879
-78.158
-77.9093
-77.6456
-77.3957
-77.1355
-76.8568
-76.6708
-76.5135
-76.383
-76.2908
-76.2205
-76.1636
-76.1158
-76.0749
-76.0395
-76.0087
-75.9819
-75.9586
-75.9384
-75.9208
-75.9057
-75.8928
-75.8819
-75.8726
-75.8649
-75.8586
-75.8536
-75.8497
-75.8467
-75.8446
-75.8434
-75.8428
-75.8428
-75.8553
-75.8714
-75.8845
-75.8953
-75.9043
-75.9121
-75.919
-75.9251
-75.9307
-75.9358
-75.9406
-75.9452
-75.9496
-75.9538
-75.9578
-75.9618
-75.9658
-75.9696
-75.9734
-75.9772
-75.9809
-75.9847
-75.9884
-75.992
-75.9957
-75.9994
-76.003
-76.0066
-76.0102
-76.0138
-76.0174
-76.021
-76.0245
-76.0281
-76.0316
-76.0351
-76.0386
-73.2077
-69.1132
-65.9737
-63.5735
-61.6449
-59.9354
-58.1105
-55.2654
-32.8542
10.1453
-27.1443
-73.4837
-79.4894
-78.7486
-78.4813
-78.298
-78.1038
-77.8951
-77.6723
-77.4366
-77.1896
-76.2533
-73.8089
-72.1237
-70.9909
-70.1318
-69.4278
-68.8241
-68.2939
-67.8226
-65.9083
-63.6879
-62.0942
-61.9612
-62.0548
-62.1228
-62.1767
-62.2248
-62.2724
-61.2721
-59.6661
-58.173
-56.8923
-56.6386
-56.2721
-55.4298
-53.8686
-48.8759
28.0753
-20.3728
-59.1792
-79.3114
-79.5998
-79.5614
-79.5088
-79.451
-79.3882
-79.3207
-79.2488
-79.173
-79.0939
-79.0122
-78.9286
-78.8441
-78.7595
-78.6756
-78.5934
-76.9257
-72.6198
-69.3133
-66.9081
-65.1005
-63.6954
-62.5588
-61.5928
-60.7175
-59.8562
-58.9095
-57.6853
-55.5896
-46.9418
21.9661
-22.0738
-64.4146
-79.1088
-78.7281
-78.5389
-78.3655
-78.1787
-77.9775
-77.7625
-77.5349
-77.2962
-77.0485
-75.5381
-72.9507
-71.204
-69.9918
-69.0684
-68.3201
-67.6897
-67.1467
-66.6735
-66.2594
-65.3599
-62.9968
-60.9698
-59.2403
-57.4269
-54.611
-44.3989
16.1557
-24.6928
-69.1006
-79.4293
-79.4486
-79.3246
-79.2387
-79.1532
-79.0621
-78.9654
-78.7125
-78.4036
-78.1298
-77.9399
-77.7852
-77.6469
-77.5186
-77.3439
-77.1332
-76.9683
-76.8365
-76.7268
-76.6333
-76.5522
-76.4814
-76.4192
-76.3644
-76.3161
-76.2736
-76.2362
-76.2033
-76.1746
-76.1495
-76.1277
-76.1088
-76.0925
-76.0785
-76.0666
-76.0565
-76.0481
-76.0411
-76.0353
-76.0307
-76.0271
-76.0244
-76.0224
-76.0212
-76.0205
-76.0203
-76.0206
-76.0214
-76.0224
-76.0238
-76.0255
-76.0273
-76.0294
-76.0317
-76.0341
-76.0366
-76.0392
-76.042
-76.0448
-76.0477
-76.0506
-76.0536
-76.0566
-76.0596
-76.0627
-76.0658
-76.0689
-76.072
-76.0751
-76.0782
-76.0813
-76.0844
-76.0875
-76.0906
-76.0937
-72.8112
-68.778
-65.7101
-63.355
-61.4477
-59.7299
-57.836
-54.6347
11.7302
2.9151
-30.9252
-76.5395
-79.7225
-79.7269
-79.6927
-79.6539
-79.611
-79.564
-79.1425
-76.4368
-74.8685
-73.9813
-73.329
-72.7736
-72.268
-71.7953
-71.35
-70.9309
-68.5393
-66.1135
-64.3205
-62.9472
-61.8364
-60.8792
-59.9885
-59.0744
-57.9997
-55.2324
-43.0703
14.4928
-25.44
-69.9678
-79.2652
-79.3049
-79.2222
-79.1278
-77.5872
-76.7453
-76.3231
-75.971
-75.6282
-75.2851
-74.9417
-74.6005
-74.2647
-74.058
-73.4044
-70.6926
-68.6447
-67.2962
-66.386
-66.4757
-66.6821
-66.8054
-66.8793
-66.9259
-66.9581
-66.9839
-67.0082
-67.0338
-67.0627
-67.0958
-67.1338
-67.177
-67.2253
-67.2787
-67.3369
-67.3996
-67.4666
-67.5374
-67.6115
-67.6888
-67.7686
-67.8508
-67.935
-68.0209
-68.1081
-68.1964
-68.2856
-68.3754
-68.4657
-68.5562
-68.6467
-68.7371
-68.8271
-68.9167
-69.0057
-66.567
-63.5338
-61.1741
-59.1864
-57.128
-53.7895
10.8243
-1.08035
-33.6151
-77.0318
-79.599
-79.5979
-79.549
-79.4933
-78.0384
-76.644
-75.9997
-75.5455
-75.1333
-74.7308
-74.3317
-73.9367
-73.5483
-71.5603
-68.9908
-67.1243
-65.7468
-64.6821

