-70
-70.0758
-70.1508
-70.225
-70.2983
-70.3706
-70.4419
-70.5122
-70.5814
-70.6496
-70.7168
-70.7829
-70.848
-70.9121
-70.9752
-71.0373
-71.0984
-71.1586
-71.2178
-71.2761
-71.3334
-71.3899
-71.4455
-71.5003
-71.5543
-71.6074
-71.6598
-71.7114
-71.7623
-71.8124
-71.8619
-71.9106
-71.9587
-72.006
-72.0527
-72.0988
-72.1442
-72.1889
-72.2331
-72.2766
-72.3196
-72.362
-72.4038
-72.445
-72.4857
-72.5258
-72.5654
-72.6045
-72.6431
-72.6812
-72.7188
-72.756
-72.7927
-72.8289
-72.8647
-72.9
-72.9349
-72.9694
-73.0035
-73.0371
-73.0704
-73.1032
-73.1357
-73.1678
-73.1994
-73.2307
-73.2617
-73.2922
-73.3224
-73.3523
-73.3817
-73.4109
-73.4397
-73.4682
-73.4963
-73.5241
-73.5516
-73.5788
-73.6057
-73.6323
-73.6585
-73.6845
-73.7102
-73.7356
-73.7608
-73.7857
-73.8103
-73.8346
-73.8587
-73.8825
-73.9061
-73.9294
-73.9524
-73.9753
-73.9979
-74.0202
-74.0423
-74.0642
-74.0859
-74.1073
-74.1285
-74.1495
-74.1703
-74.1909
-74.2112
-74.2313
-74.2513
-74.271
-74.2905
-74.3098
-74.329
-74.3479
-74.3666
-74.3852
-74.4036
-74.4217
-74.4397
-74.4575
-74.4752
-74.4926
-74.5099
-74.527
-74.544
-74.5607
-74.5774
-74.5938
-74.6101
-74.6262
-74.6422
-74.658
-74.6736
-74.6891
-74.7045
-74.7197
-74.7347
-74.7496
-74.7644
-74.779
-74.7935
-74.8079
-74.8221
-74.8362
-74.8501
-74.864
-74.8777
-74.8913
-74.9047
-74.918
-74.9313
-74.9443
-74.9573
-74.9701
-74.9829
-74.9955
-75.008
-75.0204
-75.0327
-75.0448
-75.0569
-75.0688
-75.0806
-75.0924
-75.104
-75.1155
-75.1269
-75.1382
-75.1495
-75.1606
-75.1716
-75.1825
-75.1933
-75.204
-75.2147
-75.2252
-75.2356
-75.246
-75.2562
-75.2664
-75.2764
-75.2864
-75.2963
-75.3061
-75.3158
-75.3255
-75.335
-75.3445
-75.3538
-75.3631
-75.3724
-75.3815
-75.3906
-75.3995
-75.4084
-75.4172
-75.426
-75.4346
-75.4432
-75.4518
-75.4602
-75.4686
-75.4769
-75.4851
-75.4932
-75.5013
-75.5093
-75.5173
-75.5251
-75.533
-75.5407
-75.5484
-75.556
-75.5635
-75.571
-75.5784
-75.5858
-75.593
-75.6003
-75.6074
-75.6145
-75.6216
-75.6285
-75.6355
-75.6423
-75.6491
-75.6559
-75.6626
-75.6692
-75.6758
-75.6823
-75.6888
-75.6952
-75.7015
-75.7078
-75.7141
-75.7203
-75.7264
-75.7325
-75.7386
-75.7446
-75.7505
-75.7564
-75.7622
-75.768
-75.7738
-75.7795
-75.7851
-75.7907
-75.7963
-75.8018
-75.8072
-75.8127
-75.818
-75.8234
-75.8287
-75.8339
-75.8391
-75.8443
-75.8494
-75.8545
-75.8595
-75.8645
-75.8695
-75.8744
-75.8793
-75.8841
-75.8889
-75.8937
-75.8984
-75.9031
-75.9077
-75.9123
-75.9169
-75.9214
-75.9259
-75.9304
-75.9348
-75.9392
-75.9436
-75.9479
-75.9522
-75.9565
-75.9607
-75.9649
-75.969
-75.9731
-75.9772
-75.9813
-75.9853
-75.9893
-75.9933
-75.9972
-76.0011
-76.005
-76.0088
-76.0126
-76.0164
-76.0201
-76.0239
-76.0275
-76.0312
-76.0348
-76.0384
-76.042
-76.0456
-76.0491
-76.0526
-76.056
-76.0595
-76.0629
-76.0663
-76.0696
-76.0729
-76.0762
-76.0795
-76.0828
-76.086
-76.0892
-76.0924
-76.0955
-76.0986
-76.1017
-76.1048
-76.1079
-76.1109
-76.1139
-76.1169
-76.1198
-76.1228
-76.1257
-76.1286
-76.1314
-76.1343
-76.1371
-76.1399
-76.1427
-76.1455
-76.1482
-76.1509
-76.1536
-76.1563
-76.1589
-76.1615
-76.1642
-76.1667
-76.1693
-76.1719
-76.1744
-76.1769
-76.1794
-76.1819
-76.1843
-76.1868
-76.1892
-76.1916
-76.1939
-76.1963
-76.1986
-76.201
-76.2033
-76.2056
-76.2078
-76.2101
-76.2123
-76.2145
-76.2167
-76.2189
-76.2211
-76.2232
-76.2254
-76.2275
-76.2296
-76.2317
-76.2337
-76.2358
-76.2378
-76.2398
-76.2418
-76.2438
-76.2458
-76.2478
-76.2497
-76.2516
-76.2536
-76.2554
-76.2573
-76.2592
-76.2611
-76.2629
-76.2647
-76.2665
-76.2683
-76.2701
-76.2719
-76.2737
-76.2754
-76.2771
-76.2788
-76.2806
-76.2822
-76.2839
-76.2856
-76.2872
-76.2889
-76.2905
-76.2921
-76.2937
-76.2953
-76.2969
-76.2985
-76.3
-76.3016
-76.3031
-76.3046
-76.3061
-76.3076
-76.3091
-76.3106
-76.312
-76.3135
-76.3149
-76.3164
-76.3178
-76.3192
-76.3206
-76.322
-76.3233
-76.3247
-76.3261
-76.3274
-76.3287
-76.33
-76.3314
-76.3327
-76.334
-76.3352
-76.3365
-76.3378
-76.339
-76.3403
-76.3415
-76.3427
-76.3439
-76.3452
-76.3464
-76.3475
-76.3487
-76.3499
-76.351
-76.3522
-76.3533
-76.3545
-76.3556
-76.3567
-76.3578
-76.3589
-76.36
-76.3611
-76.3622
-76.3632
-76.3643
-76.3654
-76.3664
-76.3674
-76.3685
-76.3695
-76.3705
-76.3715
-76.3725
-76.3735
-76.3745
-76.3754
-76.3764
-76.3774
-76.3783
-76.3793
-76.3802
-76.3811
-76.382
-76.383
-76.3839
-76.3848
-76.3857
-76.3866
-76.3874
-76.3883
-76.3892
-76.39
-76.3909
-76.3917
-76.3926
-76.3934
-76.3943
-76.3951
-76.3959
-76.3967
-76.3975
-76.3983
-76.3991
-76.3999
-76.4007
-76.4014
-76.4022
-75.9782
-71.7854
-68.0015
-65.1526
-62.9424
-61.119
-59.4235
-57.4436
-53.6142
46.3418
-5.06449
-36.4119
-78.3973
-79.7416
-79.7278
-79.053
-77.9079
-77.4784
-77.1845
-76.8943
-76.5937
-76.2823
-75.9624
-75.3937
-72.8836
-70.8652
-69.4832
-68.4515
-67.6318
-66.9533
-66.3775
-65.8819
-65.4522
-65.0796
-64.7569
-64.4791
-64.2427
-64.0447
-63.8816
-63.7507
-61.9218
-59.5745
-58.7167
-58.5438
-59.8961
-61.5123
-62.7667
-64.3609
-66.0398
-67.1681
-68.3617
-69.517
-70.2715
-71.0513
-71.7974
-72.2811
-72.5984
-73.017
-73.4176
-73.6826
-73.861
-73.9858
-74.0762
-74.1439
-74.1962
-74.2379
-74.2722
-74.301
-74.326
-74.3482
-74.3683
-74.3868
-74.4043
-74.4208
-74.4368
-74.4523
-74.4675
-74.5667
-74.7296
-74.8605
-71.9299
-68.5316
-66.1627
-64.4935
-63.2729
-62.3416
-61.5956
-60.963
-60.3941
-59.8403
-59.2586
-58.0473
-55.0267
-38.3294
10.7389
-27.0362
-72.4702
-79.3368
-79.3467
-79.2679
-78.9429
-77.5235
-76.8529
-76.46
-76.097
-75.7549
-75.4263
-75.1028
-74.7841
-74.4722
-74.1693
-73.9748
-73.8711
-73.8395
-73.8917
-73.8997
-73.8784
-73.8936
-74.0335
-74.1312
-74.1896
-74.2248
-74.2738
-74.4354
-74.5622
-74.6501
-74.7129
-74.7995
-74.9485
-75.1339
-75.2661
-75.3542
-75.415
-75.4585
-75.4907
-75.5152
-75.5344
-75.55
-75.5629
-75.5739
-75.5835
-75.5921
-75.6
-75.6073
-75.6142
-75.6207
-75.627
-75.6332
-75.6392
-75.6452
-75.651
-75.6569
-75.6627
-75.6685
-75.6742
-75.68
-75.6858
-75.6915
-75.6973
-75.703
-75.7087
-75.7145
-75.7202
-75.7259
-75.7316
-75.7373
-75.743
-75.7486
-75.7543
-75.7599
-75.7655
-75.771
-75.7766
-75.7821
-75.7875
-75.793
-75.7984
-75.8038
-75.8091
-75.8145
-75.8197
-75.825
-75.8302
-75.8354
-75.8405
-75.8456
-75.8507
-75.8557
-73.4767
-69.3351
-66.1199
-63.6668
-61.7026
-59.9711
-58.1365
-55.3074
-34.399
10.7283
-27.0265
-73.0275
-79.0456
-78.988
-78.8653
-78.7295
-78.5815
-78.4214
-78.2496
-76.9826
-75.0789
-73.9701
-73.2217
-72.6149
-72.0763
-71.5793
-71.1141
-70.6777
-68.3789
-66.0463
-64.3211
-62.9991
-61.9313
-62.0167
-62.5557
-62.9864
-63.7292
-65.0676
-66.0817
-66.8091
-66.7143
-64.8016
-63.2872
-62.2246
-61.5658
-62.8112
-64.6091
-65.8221
-66.6232
-67.1714
-67.5608
-67.9199
-68.8042
-69.5137
-70.4133
-71.1858
-71.7035
-72.0591
-72.3117
-72.6728
-73.0885
-73.3832
-73.592
-73.7445
-73.8592
-73.9477
-74.0178
-74.0746
-74.1217
-74.1616
-74.1961
-74.2265
-74.2537
-74.2785
-74.3594
-74.5416
-74.6915
-74.8082
-74.9007
-74.9752
-75.0362
-75.0869
-72.0285
-68.3976
-65.7656
-63.8374
-62.3624
-61.1607
-60.0897
-59.0062
-57.6884
-55.4997
-45.357
18.8477
-23.2809
-66.587
-79.1686
-79.2116
-79.1172
-79.0104
-78.8936
-78.767
-77.5189
-75.7704
-74.8343
-74.2081
-73.6845
-73.2034
-72.7462
-72.3081
-72.0406
-71.9731
-71.8671
-71.7324
-71.5873
-71.4423
-71.6051
-71.8459
-72.0091
-72.1185
-72.1934
-72.2461
-72.2844
-72.3136
-72.3371
-72.3574
-72.3759
-72.3937
-72.4116
-72.43
-72.4492
-72.4693
-72.4905
-72.5128
-72.59
-72.9221
-73.2205
-73.457
-73.6472
-73.8025
-73.9307
-74.038
-74.1287
-74.2062
-74.273
-74.3312
-74.3824
-74.4278
-74.4684
-74.5049
-74.5381
-74.5685
-74.5965
-74.6225
-74.6467
-74.6695
-74.691
-74.7113
-74.7308
-74.7494
-74.7673
-74.7846
-74.8013
-74.8175
-74.8333
-74.8487
-74.8637
-74.8784
-74.8929
-74.9071
-74.921
-74.9347
-74.9482
-74.9616
-74.9747
-74.9877
-75.0005
-75.0131
-75.0256
-75.038
-75.0503
-75.0624
-75.0743
-75.0862
-75.098
-75.1096
-75.1211
-75.1325
-75.1438
-75.155
-75.1661
-75.177
-75.1879
-75.1987
-75.2094
-75.22
-75.2305
-75.2409
-75.2512
-72.0732
-68.1649
-65.1895
-62.8959
-61.0141
-59.267
-57.2052
-52.9832
44.6859
-8.40557
-39.5786
-78.4502
-78.8778
-78.7118
-78.5565
-78.3879
-78.2052
-78.0088
-77.7995
-77.5786
-76.4385
-74.1442
-72.6579
-71.6578
-70.886
-70.2392
-69.6724
-69.1645
-68.7054
-67.9177
-65.4582
-63.3511
-61.7346
-60.388
-59.1269
-57.7227
-56.3098
-55.1959
-54.2795
-50.0411
33.2432
-17.8759
-55.1738
-79.2776
-79.4757
-79.3836
-79.2271
-79.0952
-78.9971
-78.7934
-78.5928
-78.4523
-78.3292
-78.2115
-78.0969
-77.9852
-77.8769
-77.7726
-77.673
-77.5785
-77.4895
-77.4062
-77.3288
-77.2572
-77.1913
-77.1309
-77.0759
-77.026
-76.9807
-76.9399
-76.9031
-76.8701
-76.8405
-76.8141
-76.7905
-76.7694
-76.7506
-76.7153
-76.6297
-76.5569
-76.4997
-76.4542
-76.4177
-76.3881
-76.3639
-76.3441
-76.3278
-75.8917
-71.7726
-68.1544
-65.5069
-63.5116
-61.9311
-60.5731
-59.2446
-57.6427
-54.7704
-13.3424
5.39553
-29.7365
-75.3757
-79.0792
-79.0066
-78.8861
-78.7531
-78.6082
-78.4516
-78.1857
-76.1367
-74.7585
-73.9444

