-70
-70.0758
-70.1508
-70.225
-70.2983
-70.3706
-70.4419
-70.5122
-70.5814
-70.6496
-70.7168
-70.7829
-70.848
-70.9121
-70.9752
-71.0373
-71.0984
-71.1586
-71.2178
-71.2761
-71.3334
-71.3899
-71.4455
-71.5003
-71.5543
-71.6074
-71.6598
-71.7114
-71.7623
-71.8124
-71.8619
-71.9106
-71.9587
-72.006
-72.0527
-72.0988
-72.1442
-72.1889
-72.2331
-72.2766
-72.3196
-72.362
-72.4038
-72.445
-72.4857
-72.5258
-72.5654
-72.6045
-72.6431
-72.6812
-72.7188
-72.756
-72.7927
-72.8289
-72.8647
-72.9
-72.9349
-72.9694
-73.0035
-73.0371
-73.0704
-73.1032
-73.1357
-73.1678
-73.1994
-73.2307
-73.2617
-73.2922
-73.3224
-73.3523
-73.3817
-73.4109
-73.4397
-73.4682
-73.4963
-73.5241
-73.5516
-73.5788
-73.6057
-73.6323
-73.6585
-73.6845
-73.7102
-73.7356
-73.7608
-73.7857
-73.8103
-73.8346
-73.8587
-73.8825
-73.9061
-73.9294
-73.9524
-73.9753
-73.9979
-74.0202
-74.0423
-74.0642
-74.0859
-74.1073
-74.1285
-74.1495
-74.1703
-74.1909
-74.2112
-74.2313
-74.2513
-74.271
-74.2905
-74.3098
-74.329
-74.3479
-74.3666
-74.3852
-74.4036
-74.4217
-74.4397
-74.4575
-74.4752
-74.4926
-74.5099
-74.527
-74.544
-74.5607
-74.5774
-74.5938
-74.6101
-74.6262
-74.6422
-74.658
-74.6736
-74.6891
-74.7045
-74.7197
-74.7347
-74.7496
-74.7644
-74.779
-74.7935
-74.8079
-74.8221
-74.8362
-74.8501
-74.864
-74.8777
-74.8913
-74.9047
-74.918
-74.9313
-74.9443
-74.9573
-74.9701
-74.9829
-74.9955
-75.008
-75.0204
-75.0327
-75.0448
-75.0569
-75.0688
-75.0806
-75.0924
-75.104
-75.1155
-75.1269
-75.1382
-75.1495
-75.1606
-75.1716
-75.1825
-75.1933
-75.204
-75.2147
-75.2252
-75.2356
-75.246
-75.2562
-75.2664
-75.2764
-75.2864
-75.2963
-75.3061
-75.3158
-75.3255
-75.335
-75.3445
-75.3538
-75.3631
-75.3724
-75.3815
-75.3906
-75.3995
-75.4084
-75.4172
-75.426
-75.4346
-75.4432
-75.4518
-75.4602
-75.4686
-75.4769
-75.4851
-75.4932
-75.5013
-75.5093
-75.5173
-75.5251
-75.533
-75.5407
-75.5484
-75.556
-75.5635
-75.571
-75.5784
-75.5858
-75.593
-75.6003
-75.6074
-75.6145
-75.6216
-75.6285
-75.6355
-75.6423
-75.6491
-75.6559
-75.6626
-75.6692
-75.6758
-75.6823
-75.6888
-75.6952
-75.7015
-75.7078
-75.7141
-75.7203
-75.7264
-75.7325
-75.7386
-75.7446
-75.7505
-75.7564
-75.7622
-75.768
-75.7738
-75.7795
-75.7851
-75.7907
-75.7963
-75.8018
-75.8072
-75.8127
-75.818
-75.8234
-75.8287
-75.8339
-75.8391
-75.8443
-75.8494
-75.8545
-75.8595
-75.8645
-75.8695
-75.8744
-75.8793
-75.8841
-75.8889
-75.8937
-75.8984
-75.9031
-75.9077
-75.9123
-75.9169
-75.9214
-75.9259
-75.9304
-75.9348
-75.9392
-75.9436
-75.9479
-75.9522
-75.9565
-75.9607
-75.9649
-75.969
-75.9731
-75.9772
-75.9813
-75.9853
-75.9893
-75.9933
-75.9972
-76.0011
-76.005
-76.0088
-76.0126
-76.0164
-76.0201
-76.0239
-76.0275
-76.0312
-76.0348
-76.0384
-76.042
-76.0456
-76.0491
-76.0526
-76.056
-76.0595
-76.0629
-76.0663
-76.0696
-76.0729
-76.0762
-76.0795
-76.0828
-76.086
-76.0892
-76.0924
-76.0955
-76.0986
-76.1017
-76.1048
-76.1079
-76.1109
-76.1139
-76.1169
-76.1198
-76.1228
-76.1257
-76.1286
-76.1314
-76.1343
-76.1371
-76.1399
-76.1427
-76.1455
-76.1482
-76.1509
-76.1536
-76.1563
-76.1589
-76.1615
-76.1642
-76.1667
-76.1693
-76.1719
-76.1744
-76.1769
-76.1794
-76.1819
-76.1843
-76.1868
-76.1892
-76.1916
-76.1939
-76.1963
-76.1986
-76.201
-76.2033
-76.2056
-76.2078
-76.2101
-76.2123
-76.2145
-76.2167
-76.2189
-76.2211
-76.2232
-76.2254
-76.2275
-76.2296
-76.2317
-76.2337
-76.2358
-76.2378
-76.2398
-76.2418
-76.2438
-76.2458
-76.2478
-76.2497
-76.2516
-76.2536
-76.2554
-76.2573
-76.2592
-76.2611
-76.2629
-76.2647
-76.2665
-76.2683
-76.2701
-76.2719
-76.2737
-76.2754
-76.2771
-76.2788
-76.2806
-76.2822
-76.2839
-76.2856
-76.2872
-76.2889
-76.2905
-76.2921
-76.2937
-76.2953
-76.2969
-76.2985
-76.3
-76.3016
-76.3031
-76.3046
-76.3061
-76.3076
-76.3091
-76.3106
-76.312
-76.3135
-76.3149
-76.3164
-76.3178
-76.3192
-76.3206
-76.322
-76.3233
-76.3247
-76.3261
-76.3274
-76.3287
-76.33
-76.3314
-76.3327
-76.334
-76.3352
-76.3365
-76.3378
-76.339
-76.3403
-76.3415
-76.3427
-76.3439
-76.3452
-76.3464
-76.3475
-76.3487
-76.3499
-76.351
-76.3522
-76.3533
-76.3545
-76.3556
-76.3567
-76.3578
-76.3589
-76.36
-76.3611
-76.3622
-76.3632
-76.3643
-76.3654
-76.3664
-76.3674
-76.3685
-76.3695
-76.3705
-76.3715
-76.3725
-76.3735
-76.3745
-76.3754
-76.3764
-76.3774
-76.3783
-76.3793
-76.3802
-76.3811
-76.382
-76.383
-76.3839
-76.3848
-74.8282
-70.5201
-67.0513
-64.4239
-62.3561
-60.6007
-58.8768
-56.6354
-50.5571
33.4334
-16.2327
-51.469
-79.4443
-79.7444
-79.7174
-79.6815
-79.6415
-79.5976
-79.5496
-79.4977
-79.442
-79.3828
-79.3206
-79.2558
-79.1891
-79.1212
-79.0527
-78.9844
-75.4792
-71.4237
-68.4942
-66.3397
-64.6985
-63.4018
-62.3331
-60.8099
-57.2645
-48.6657
26.7728
-19.3741
-57.2788
-78.0077
-77.9732
-77.7405
-76.7773
-75.8298
-74.4579
-72.37
-70.5197
-69.5076
-68.7602
-68.0908
-67.4584
-66.8547
-66.2792
-65.5497
-63.3819
-61.6059
-60.8161
-61.1877
-61.4654
-61.6118
-61.6826
-61.7111
-61.1889
-59.2264
-57.37
-53.9613
-35.0445
4.88669
-30.498
-73.6672
-77.6661
-77.4736
-77.203
-76.882
-76.5635
-76.239
-75.9211
-75.6125
-75.3057
-75.0014
-74.7018
-74.4093
-74.1264
-73.8553
-73.5978
-73.3552
-73.1287
-72.0071
-68.5774
-65.9666
-64.1342
-62.7832
-61.7298
-60.8527
-60.0643
-59.2866
-58.4212
-57.2902
-54.7726
-35.517
8.02113
-28.6279
-73.1664
-78.1859
-78.0397
-77.8152
-77.5704
-76.3136
-74.5893
-73.765
-73.1732
-72.5319
-68.3878
-65.4313
-63.8637
-62.8397
-61.6592
-59.678
-58.0192
-56.3045
-53.2647
7.67713
-2.49652
-34.759
-76.0618
-77.9034
-77.6633
-77.3963
-77.1271
-76.8148
-76.4712
-76.1773
-75.8939
-75.6127
-75.3344
-75.0609
-74.7945
-74.5372
-74.291
-74.0575
-73.972
-73.9327
-73.9623
-74.0722
-74.1288
-74.1495
-74.2568
-74.3885
-74.4716
-74.5234
-74.5563
-74.636
-74.7679
-74.8627
-74.9288
-74.9765
-75.012
-75.0393
-75.061
-75.0787
-75.0936
-75.1066
-75.1182
-75.1288
-75.1387
-75.1482
-75.1573
-75.1662
-75.1749
-75.1836
-75.1922
-75.2009
-75.2095
-75.2182
-75.2268
-75.2356
-75.2443
-75.2531
-75.2619
-75.2708
-75.2797
-75.2885
-75.2974
-75.3063
-75.3153
-75.3241
-75.333
-75.3419
-75.1974
-71.3168
-67.5799
-64.7646
-62.5795
-60.7614
-59.0296
-56.8886
-51.9035
39.5517
-12.7119
-45.0882
-79.2119
-79.7324
-79.7074
-78.2716
-77.4643
-77.1104
-76.8007
-76.4832
-76.1534
-75.8129
-75.4645
-74.4631
-69.8142
-65.009
-62.2296
-60.2711
-57.354
-53.5147
35.5147
-2.89384
-34.6916
-76.5243
-77.5477
-77.0241
-76.2301
-75.1145
-74.5098
-73.9988
-73.2686
-71.2607
-69.9749
-69.1271
-67.5137
-64.2044
-62.2345
-61.751
-61.3813
-59.9488
-58.5602
-57.3535
-55.9519
-53.445
-29.7169
2.65397
-31.4616
-74.1919
-77.6292
-76.7441
-75.9096
-75.4401
-74.9996
-74.5448
-74.0752
-73.5942
-73.1062
-72.6161
-72.2149
-72.0373
-71.8043
-71.7354
-71.7777
-71.7311
-71.6352
-71.5191
-71.3979
-71.3534
-71.6446
-71.875
-72.024
-72.1227
-70.907
-68.0941
-64.1998
-59.3506
-55.9647
-49.3888
29.343
-18.5858
-55.4308
-78.4482
-78.552
-78.3864
-78.2012
-78.0008
-77.7858
-77.5571
-77.316
-75.8834
-73.2112
-70.36
-67.3375
-64.7007
-61.7562
-59.8572
-58.3871
-56.846
-54.3846
-38.4692
9.29805
-27.6214
-71.8089
-77.9883
-77.1036
-76.4211
-76.0136
-75.6126
-75.193
-74.1371
-71.1966
-68.785
-67.5268
-67.1934
-66.8688
-66.7593
-67.0075
-67.0142
-66.8869
-66.7405
-67.2871
-67.7059
-67.9169
-68.0167
-68.0574
-68.0674
-68.0625
-68.0521
-68.0416
-68.0341
-68.0316
-68.0351
-68.045
-68.0615
-68.0846
-68.1139
-68.1492
-68.1901
-68.2362
-68.287
-68.3421
-68.4011
-68.4636
-68.5292
-68.5974
-68.6679
-68.7403
-68.8144
-68.8898
-68.9663
-69.0435
-69.1214
-69.1997
-69.2782
-69.3568
-69.4353
-69.5136
-69.5916
-69.6693
-69.7464
-69.823
-69.8989
-69.9741
-70.0485
-70.1221
-70.1949
-70.2668
-70.3378
-70.4079
-70.4771
-70.5454
-70.6127
-70.6792
-70.7448
-70.8095
-70.8732
-70.9361
-70.998
-71.0591
-71.1192
-71.1785
-71.2369
-71.2945
-71.3512
-71.407
-71.4621
-71.5163
-71.5698
-71.6225
-71.6745
-71.7257
-71.7763
-71.8261
-71.8752
-69.0869
-65.6443
-63.0087
-60.9147
-59.0416
-56.9124
-52.7024
44.6336
-9.32243
-40.5457
-78.73
-79.6723
-79.649
-79.2605
-77.5014
-76.8263
-76.4413
-76.0847
-75.2372
-69.843
-66.845
-65.3228
-64.3279
-63.5559
-62.8965
-61.8373
-59.6764
-57.7791
-54.5308
-36.5771
7.73535
-28.3734
-72.4727
-78.0871
-77.516
-76.6155
-76.1597
-74.5393
-73.5649
-72.6976
-70.5297
-69.195
-68.3275
-67.6608
-66.0639
-64.84
-62.7642
-61.1539
-60.0927
-59.2682
-58.5212
-56.9924
-54.2236
-43.0096
11.6471
-27.1133
-70.468
-77.1946
-76.9317
-76.5894
-76.2335
-75.8896
-75.5387
-75.1794
-74.851
-74.5541
-74.2429
-73.9304
-73.6245
-73.3293
-73.0474
-72.7807
-72.5307
-72.2982
-72.0838
-71.8879
-71.7105
-71.5511
-71.4094
-71.2847
-71.1763
-71.0832
-71.0046
-70.9394
-70.8868
-70.8457
-70.8151
-70.7942
-70.782
-70.432
-67.0456
-64.0209
-61.7231
-59.8179
-57.9319
-55.2639
-42.7746
14.5628
-25.211
-69.5655
-78.8179
-78.7863
-78.1159
-76.652
-76.069
-75.6539
-75.2414
-74.8168
-74.3811
-73.9378
-73.1519
-68.4872
-64.5028
-61.66
-58.8391
-56.4823
-52.7983
43.1501
-6.53812
-37.4585
-76.6803
-77.239
-76.4777
-75.4919
-74.95

