-70
-70.0758
-70.1508
-70.225
-70.2983
-70.3706
-70.4419
-70.5122
-70.5814
-70.6496
-70.7168
-70.7829
-70.848
-70.9121
-70.9752
-71.0373
-71.0984
-71.1586
-71.2178
-71.2761
-71.3334
-71.3899
-71.4455
-71.5003
-71.5543
-71.6074
-71.6598
-71.7114
-71.7623
-71.8124
-71.8619
-71.9106
-71.9587
-72.006
-72.0527
-72.0988
-72.1442
-72.1889
-72.2331
-72.2766
-72.3196
-72.362
-72.4038
-72.445
-72.4857
-72.5258
-72.5654
-72.6045
-72.6431
-72.6812
-72.7188
-72.756
-72.7927
-72.8289
-72.8647
-72.9
-72.9349
-72.9694
-73.0035
-73.0371
-73.0704
-73.1032
-73.1357
-73.1678
-73.1994
-73.2307
-73.2617
-73.2922
-73.3224
-73.3523
-73.3817
-73.4109
-73.4397
-73.4682
-73.4963
-73.5241
-73.5516
-73.5788
-73.6057
-73.6323
-73.6585
-73.6845
-73.7102
-73.7356
-73.7608
-73.7857
-73.8103
-73.8346
-73.8587
-73.8825
-73.9061
-73.9294
-73.9524
-73.9753
-73.9979
-74.0202
-74.0423
-74.0642
-74.0859
-74.1073
-74.1285
-74.1495
-74.1703
-74.1909
-74.2112
-74.2313
-74.2513
-74.271
-74.2905
-74.3098
-74.329
-74.3479
-74.3666
-74.3852
-74.4036
-74.4217
-74.4397
-74.4575
-74.4752
-74.4926
-74.5099
-74.527
-74.544
-74.5607
-74.5774
-74.5938
-74.6101
-74.6262
-74.6422
-74.658
-74.6736
-74.6891
-74.7045
-74.7197
-74.7347
-74.7496
-74.7644
-74.779
-74.7935
-74.8079
-74.8221
-74.8362
-74.8501
-74.864
-74.8777
-74.8913
-74.9047
-74.918
-74.9313
-74.9443
-74.9573
-74.9701
-74.9829
-74.9955
-75.008
-75.0204
-75.0327
-75.0448
-75.0569
-75.0688
-75.0806
-75.0924
-75.104
-75.1155
-75.1269
-75.1382
-75.1495
-75.1606
-75.1716
-75.1825
-75.1933
-75.204
-75.2147
-75.2252
-75.2356
-75.246
-75.2562
-75.2664
-75.2764
-75.2864
-75.2963
-75.3061
-75.3158
-75.3255
-75.335
-75.3445
-75.3538
-75.3631
-75.3724
-75.3815
-75.3906
-75.3995
-75.4084
-75.4172
-75.426
-75.4346
-75.4432
-75.4518
-75.4602
-75.4686
-75.4769
-75.4851
-75.4932
-75.5013
-75.5093
-75.5173
-75.5251
-75.533
-75.5407
-75.5484
-75.556
-75.5635
-75.571
-75.5784
-75.5858
-75.593
-75.6003
-75.6074
-75.6145
-75.6216
-75.6285
-75.6355
-75.6423
-75.6491
-75.6559
-75.6626
-75.6692
-75.6758
-75.6823
-75.6888
-75.6952
-75.7015
-75.7078
-75.7141
-75.7203
-75.7264
-75.7325
-75.7386
-75.7446
-75.7505
-75.7564
-75.7622
-75.768
-75.7738
-75.7795
-75.7851
-75.7907
-75.7963
-75.8018
-75.8072
-75.8127
-75.818
-75.8234
-75.8287
-75.8339
-75.8391
-75.8443
-75.8494
-75.8545
-75.8595
-75.8645
-75.8695
-75.8744
-75.8793
-75.8841
-75.8889
-75.8937
-75.8984
-75.9031
-75.9077
-75.9123
-75.9169
-75.9214
-75.9259
-75.9304
-75.9348
-75.9392
-75.9436
-75.9479
-75.9522
-75.9565
-75.9607
-75.9649
-75.969
-75.9731
-75.9772
-75.9813
-75.9853
-75.9893
-75.9933
-75.9972
-76.0011
-76.005
-76.0088
-76.0126
-76.0164
-76.0201
-76.0239
-76.0275
-76.0312
-76.0348
-76.0384
-76.042
-76.0456
-76.0491
-76.0526
-76.056
-76.0595
-76.0629
-76.0663
-76.0696
-76.0729
-76.0762
-76.0795
-76.0828
-76.086
-76.0892
-76.0924
-76.0955
-76.0986
-76.1017
-76.1048
-76.1079
-76.1109
-76.1139
-76.1169
-76.1198
-76.1228
-76.1257
-76.1286
-76.1314
-76.1343
-76.1371
-76.1399
-76.1427
-76.1455
-76.1482
-76.1509
-76.1536
-76.1563
-76.1589
-76.1615
-76.1642
-76.1667
-76.1693
-76.1719
-76.1744
-76.1769
-76.1794
-76.1819
-76.1843
-76.1868
-76.1892
-76.1916
-76.1939
-76.1963
-76.1986
-76.201
-76.2033
-76.2056
-76.2078
-76.2101
-76.2123
-76.2145
-76.2167
-76.2189
-76.2211
-76.2232
-76.2254
-76.2275
-76.2296
-76.2317
-76.2337
-76.2358
-76.2378
-76.2398
-76.2418
-76.2438
-76.2458
-76.2478
-76.2497
-76.2516
-76.2536
-76.2554
-76.2573
-76.2592
-76.2611
-76.2629
-76.2647
-76.2665
-76.2683
-76.2701
-76.2719
-76.2737
-76.2754
-76.2771
-76.2788
-76.2806
-76.2822
-76.2839
-76.2856
-76.2872
-76.2889
-76.2905
-76.2921
-76.2937
-76.2953
-76.2969
-76.2985
-76.3
-76.3016
-76.3031
-76.3046
-76.3061
-76.3076
-76.3091
-76.3106
-76.312
-76.3135
-76.3149
-76.3164
-76.3178
-76.3192
-76.3206
-76.322
-76.3233
-76.3247
-76.3261
-76.3274
-76.3287
-76.33
-76.3314
-76.3327
-76.334
-76.3352
-76.3365
-76.3378
-76.339
-76.3403
-76.3415
-76.3427
-76.3439
-76.3452
-76.3464
-76.3475
-76.3487
-76.3499
-72.6061
-68.6339
-65.6289
-63.3156
-61.4358
-59.7365
-57.8577
-54.6849
8.05685
3.35182
-30.6725
-76.4181
-79.7264
-79.7322
-79.6987
-79.6605
-79.6184
-79.5723
-79.5222
-79.4682
-79.4105
-79.3496
-79.2858
-79.2199
-79.1523
-79.0838
-79.0152
-78.9471
-78.8801
-78.8147
-78.7515
-78.6909
-78.633
-78.5781
-78.5263
-78.4777
-78.4321
-78.3896
-78.35
-78.3132
-78.2789
-78.2471
-78.2175
-78.19
-78.1643
-78.1404
-78.1181
-78.0972
-78.0775
-78.059
-78.0416
-78.0251
-78.0093
-77.9944
-77.9801
-77.9664
-77.9532
-76.3063
-71.7725
-68.1204
-65.3598
-63.2104
-61.4416
-59.8236
-58.0272
-55.064
-18.9936
7.06617
-28.6475
-75.0709
-79.7366
-79.3551
-78.4183
-78.0926
-77.867
-77.634
-77.3868
-77.126
-76.8535
-76.5716
-75.5957
-73.0106
-71.1494
-69.872
-68.9086
-68.134
-67.4856
-66.9298
-66.4471
-65.0194
-63.8475
-63.2067
-63.6821
-64.4175
-64.9157
-65.2551
-65.4966
-65.6766
-65.6282
-64.089
-63.6799
-63.5719
-63.5193
-63.5036
-63.5138
-63.5435
-63.5883
-63.6456
-63.7136
-63.7909
-63.8767
-63.97
-64.0702
-64.1768
-64.2889
-64.4057
-64.5267
-64.6516
-64.7799
-64.9111
-65.045
-65.1811
-65.319
-65.4581
-65.5979
-65.7381
-65.8784
-66.0186
-66.1585
-66.2978
-66.4363
-66.5737
-66.7098
-66.8444
-66.9774
-67.1087
-67.2384
-67.3662
-67.4922
-67.6163
-67.7384
-67.8584
-66.8432
-63.8111
-61.3303
-59.307
-57.3391
-54.5869
-41.5477
11.0048
-27.3878
-72.0677
-79.5005
-78.6109
-78.2133
-77.9907
-77.7668
-77.5289
-77.277
-77.0041
-76.6763
-76.3665
-76.0765
-75.8207
-75.6019
-75.4221
-75.2574
-75.1048
-75.0199
-75.1309
-75.1954
-75.2582
-75.3574
-75.4112
-75.4315
-75.4366
-75.4351
-75.4307
-75.4254
-75.4659
-75.5041
-75.5281
-75.5437
-75.5542
-75.5618
-75.5675
-75.5721
-75.6032
-75.6441
-75.6742
-75.6964
-75.7134
-75.7268
-75.7377
-75.7468
-75.7547
-75.7616
-75.7679
-75.7736
-75.779
-75.7842
-75.7891
-75.7939
-75.7986
-75.8033
-75.8079
-75.8124
-75.817
-75.8215
-75.8261
-75.8306
-75.8351
-75.8397
-75.8443
-75.8488
-75.8534
-75.858
-75.8625
-75.8671
-75.8717
-75.8762
-75.8808
-75.8853
-75.8899
-75.8944
-75.8989
-75.9034
-75.9079
-75.9123
-75.9167
-75.9212
-75.9256
-75.9299
-75.9343
-75.9386
-75.9429
-75.9471
-75.9514
-75.9556
-75.9598
-75.9639
-75.968
-73.1435
-69.0556
-65.9189
-63.5183
-61.5859
-59.8657
-58.0116
-55.0434
-22.8662
7.35859
-28.5351
-74.5381
-78.9609
-78.876
-78.7402
-78.5906
-78.4278
-78.2521
-78.0639
-77.8644
-76.0879
-74.1493
-72.9728
-72.1451
-71.4771
-70.8964
-70.4994
-70.4941
-70.7993
-69.4313
-67.7475
-66.6523
-65.9256
-65.4204
-65.0578
-64.7918
-64.5952
-64.4511
-64.6228
-65.5751
-66.3617
-66.5334
-64.7055
-63.1745
-62.1006
-61.3031
-60.6744
-60.1465
-59.6735
-59.2187
-58.7414
-58.1996
-57.5033
-56.4713
-54.4699
-44.9275
15.6472
-25.5249
-69.4624
-79.6728
-79.8316
-79.817
-79.794
-79.7681
-79.7396
-79.7086
-79.6751
-79.6393
-79.6013
-79.5614
-79.52
-79.4774
-79.434
-79.3902
-79.3464
-79.3031
-79.2604
-79.2187
-79.1782
-79.1391
-79.1015
-79.0655
-79.0311
-78.9983
-77.7339
-73.071
-69.2223
-66.3296
-64.1016
-62.3154
-60.7753
-59.2672
-57.4151
-53.7166
46.3069
-4.50076
-35.8043
-77.8637
-79.18
-79.0957
-78.9851
-78.8634
-78.7308
-78.5875
-78.3343
-78.0833
-76.0593
-74.2128
-73.3299
-72.789
-72.436
-72.3719
-72.418
-72.5425
-72.5591
-72.5192
-72.4564
-72.5353
-72.9954
-73.3043
-73.5362
-73.8295
-74.0104
-74.1156
-74.1795
-74.2199
-74.2465
-74.2649
-74.2785
-74.2892
-74.2983
-74.3065
-74.3145
-74.3224
-74.3306
-74.3391
-74.348
-74.3574
-74.3672
-74.3775
-74.3883
-74.3995
-74.4111
-74.4231
-74.4355
-74.4482
-74.4612
-74.4744
-74.488
-74.5017
-74.5156
-74.5296
-74.5438
-74.5581
-74.5725
-74.587
-74.6015
-74.616
-74.6306
-74.6452
-74.6597
-74.6743
-74.6888
-74.7032
-74.7176
-74.732
-74.7463
-74.7605
-74.7747
-74.7888
-74.8028
-74.8167
-74.8305
-74.8442
-74.8578
-74.8714
-74.8848
-74.8981
-74.9113
-74.9245
-74.9375
-74.9504
-74.9632
-74.9759
-74.9885
-75.001
-75.0134
-75.0257
-75.0378
-75.0499
-75.0619
-75.0737
-75.0855
-75.0972
-75.1087
-75.1202
-75.1315
-75.1428
-75.1539
-75.165
-74.444
-70.3435
-66.8182
-64.1573
-62.0635
-60.2719
-58.4662
-55.9443
-46.105
21.0173
-22.218
-65.1302
-79.1204
-78.7695
-78.5886
-78.4205
-78.2388
-78.0428
-77.8331
-77.6107
-77.377
-76.6597
-74.1405
-72.3508
-71.171
-70.2876
-69.569
-69.0154
-69.0673
-69.1232
-69.1256
-67.7904
-66.459
-65.5964
-65.0225
-64.6257
-64.345
-64.145
-64.0037
-63.9067
-63.8447
-63.9184
-64.9565
-65.9066
-66.6245
-67.1761
-67.6086
-67.9544
-68.2364
-68.4708
-68.6694
-68.8405
-68.9905
-69.124
-69.2446
-69.355
-69.4574
-69.5532
-69.6439
-69.7303
-69.8132
-69.8931
-69.9707
-70.0461
-70.1197
-70.1918
-70.2625
-70.332
-70.4004
-70.4677
-70.534
-70.5995
-70.6641
-70.7279
-70.7909
-70.8531
-70.9145
-70.9751
-71.035
-71.0941
-71.1524
-71.21
-71.2669
-71.323
-71.3783
-71.4329
-71.4868
-71.5401
-71.5926
-71.6444
-71.6955
-71.746
-71.7958
-70.1494
-66.5479
-63.6996
-61.4843
-59.5881
-57.6176
-54.5284
-18.0263
4.25017
-30.3281
-75.3726
-78.8887
-78.7965
-78.6526
-78.4942
-78.3223
-78.1372
-77.9396

