-70
-69.8623
-69.7285
-69.5983
-69.4718
-69.3487
-69.2291
-69.1128
-68.9997
-68.8897
-68.7828
-68.6789
-68.5778
-68.4795
-68.3839
-68.291
-68.2007
-68.1128
-68.0274
-67.9443
-67.8636
-67.7851
-67.7087
-67.6345
-67.5623
-67.4921
-67.4238
-67.3574
-67.2929
-67.2301
-67.1691
-67.1098
-67.0521
-66.996
-66.9414
-66.8884
-66.8368
-66.7866
-66.7378
-66.6904
-66.6443
-66.5994
-66.5558
-66.5133
-66.4721
-66.432
-66.393
-66.355
-66.3181
-66.2823
-66.2474
-66.2134
-66.1805
-66.1484
-66.1172
-66.0868
-66.0573
-66.0286
-66.0007
-65.9736
-65.9472
-65.9215
-65.8966
-65.8723
-65.8487
-65.8257
-65.8034
-65.7817
-65.7606
-65.74
-65.72
-65.7006
-65.6817
-65.6633
-65.6455
-65.6281
-65.6112
-65.5948
-65.5788
-65.5632
-65.5481
-65.5334
-65.5191
-65.5052
-65.4917
-65.4785
-65.4657
-65.4533
-65.4412
-65.4294
-65.418
-65.4068
-65.396
-65.3855
-65.3752
-65.3653
-65.3556
-65.3462
-65.337
-65.3281
-65.3194
-65.311
-65.3028
-65.2948
-65.2871
-65.2795
-65.2722
-65.2651
-65.2581
-65.2514
-65.2448
-65.2385
-65.2322
-65.2262
-65.2203
-65.2146
-65.2091
-65.2037
-65.1984
-65.1933
-65.1884
-65.1835
-65.1788
-65.1743
-65.1698
-65.1655
-65.1613
-65.1572
-65.1532
-65.1493
-65.1456
-65.1419
-65.1384
-65.1349
-65.1315
-65.1283
-65.1251
-65.122
-65.119
-65.1161
-65.1132
-65.1104
-65.1077
-65.1051
-65.1026
-65.1001
-65.0977
-65.0953
-65.0931
-65.0908
-65.0887
-65.0866
-65.0845
-65.0826
-65.0806
-65.0788
-65.0769
-65.0752
-65.0734
-65.0718
-65.0701
-65.0685
-65.067
-65.0655
-65.064
-65.0626
-65.0612
-65.0599
-65.0586
-65.0573
-65.0561
-65.0549
-65.0537
-65.0526
-65.0514
-65.0504
-65.0493
-65.0483
-65.0473
-65.0464
-65.0454
-65.0445
-65.0436
-65.0428
-65.0419
-65.0411
-65.0403
-65.0395
-65.0388
-65.0381
-65.0374
-65.0367
-65.036
-65.0353
-65.0347
-65.0341
-65.0335
-65.0329
-65.0323
-65.0318
-65.0313
-65.0307
-65.0302
-65.0297
-65.0293
-65.0288
-65.0283
-65.0279
-65.0275
-65.027
-65.0266
-65.0262
-65.0259
-65.0255
-65.0251
-65.0248
-65.0244
-65.0241
-65.0238
-65.0234
-65.0231
-65.0228
-65.0225
-65.0223
-65.022
-65.0217
-65.0215
-65.0212
-65.021
-65.0207
-65.0205
-65.0203
-65.02
-65.0198
-65.0196
-65.0194
-65.0192
-65.019
-65.0188
-65.0187
-65.0185
-65.0183
-65.0181
-65.018
-65.0178
-65.0177
-65.0175
-65.0174
-65.0172
-65.0171
-65.017
-65.0168
-65.0167
-65.0166
-65.0165
-65.0163
-65.0162
-65.0161
-65.016
-65.0159
-65.0158
-65.0157
-65.0156
-65.0155
-65.0154
-65.0153
-65.0153
-65.0152
-65.0151
-65.015
-65.0149
-65.0149
-65.0148
-65.0147
-65.0147
-65.0146
-65.0145
-65.0145
-65.0144
-65.0143
-65.0143
-65.0142
-65.0142
-65.0141
-65.0141
-65.014
-65.014
-65.0139
-65.0139
-65.0138
-65.0138
-65.0137
-65.0137
-65.0137
-65.0136
-65.0136
-65.0135
-65.0135
-65.0135
-65.0134
-65.0134
-65.0134
-65.0133
-65.0133
-65.0133
-65.0133
-65.0132
-65.0132
-65.0132
-65.0131
-65.0131
-65.0131
-65.0131
-65.0131
-65.013
-65.013
-65.013
-65.013
-65.0129
-65.0129
-65.0129
-65.0129
-65.0129
-65.0129
-65.0128
-65.0128
-65.0128
-65.0128
-65.0128
-65.0128
-65.0127
-65.0127
-65.0127
-65.0127
-65.0127
-65.0127
-65.0127
-65.0127
-65.0126
-65.0126
-65.0126
-65.0126
-65.0126
-65.0126
-65.0126
-65.0126
-65.0126
-65.0126
-65.0125
-65.0125
-65.0125
-65.0125
-65.0125
-65.0125
-65.0125
-65.0125
-65.0125
-65.0125
-65.0125
-65.0125
-65.0125
-65.0124
-65.0124
-65.0124
-65.0124
-65.0124
-65.0124
-65.0124
-65.0124
-65.0124
-65.0124
-65.0124
-65.0124
-65.0124
-65.0124
-65.0124
-65.0124
-65.0124
-65.0124
-65.0124
-65.0124
-65.0124
-65.0124
-65.0124
-65.0123
-65.0123
-65.0123
-65.0123
-65.0123
-65.0123
-65.0123
-65.0123
-65.0123
-65.0123
-65.0123
-65.0123
-65.0123
-65.0123
-65.0123
-65.0123
-65.0123
-65.0123
-65.0123
-65.0123
-65.0123
-65.0123
-65.0123
-65.0123
-65.0123
-65.0123
-65.0123
-65.0123
-65.0123
-65.0123
-65.0123
-65.0123
-65.0123
-65.0123
-65.0123
-65.0123
-65.0123
-65.0123
-65.0123
-65.0123
-65.0123
-65.0123
-65.0123
-65.0123
-65.0123
-65.0123
-65.0123
-65.0123
-65.0123
-65.0123
-65.0123
-65.0123
-65.0123
-65.0123
-65.0123
-65.0123
-65.0123
-65.0123
-65.0123
-65.0123
-65.0123
-65.0123
-65.0123
-65.0123
-65.0123
-65.0123
-65.0123
-65.0123
-65.0123
-65.0123
-65.0123
-65.0123
-65.0123
-65.0123
-64.8272
-64.6749
-64.5616
-64.4807
-64.4179
-64.3677
-64.3273
-64.2951
-64.2696
-64.2499
-64.2351
-64.2244
-64.2173
-64.2132
-64.2117
-64.2125
-64.2152
-64.2195
-64.2252
-64.2321
-64.2401
-64.2489
-64.2584
-64.2685
-64.2792
-64.2902
-64.3016
-64.3133
-64.3251
-64.3371
-64.3491
-64.3613
-64.3734
-64.3855
-64.2937
-64.0552
-63.8977
-63.7818
-63.7003
-63.6379
-63.5899
-63.5534
-63.5266
-63.5078
-63.4957
-63.4894
-63.488
-63.4906
-63.4968
-63.506
-63.5177
-63.5316
-63.525
-63.3556
-63.2419
-63.1621
-62.947
-62.7594
-62.4531
-62.0663
-61.6908
-60.9544
-60.4059
-59.4559
-58.6977
-57.9393
-57.3496
-56.9066
-56.4042
-55.9317
-55.5476
-55.0749
-54.7318
-54.3394
-54.0117
-53.7551
-53.5737
-53.4462
-53.3616
-53.3118
-53.2695
-53.2039
-53.1558
-53.1218
-53.0931
-53.102
-53.1242
-53.1085
-53.1291
-53.1759
-53.2466
-53.334
-53.4352
-53.5481
-53.6711
-53.8027
-53.9122
-54.0222
-54.1466
-54.2821
-54.3881
-54.4704
-54.5328
-54.603
-54.6981
-54.8098
-54.9044
-54.9919
-55.0561
-55.1457
-55.2515
-55.3701
-55.4909
-55.5834
-55.6934
-55.8134
-55.9116
-56.0103
-56.1221
-56.2017
-56.2391
-56.2682
-56.2967
-56.2723
-56.192
-56.1619
-56.1728
-56.2135
-56.1494
-56.0084
-55.8804
-55.7841
-55.7106
-55.5247
-55.3208
-55.0608
-54.8068
-54.5998
-54.435
-54.1863
-53.7389
-53.2584
-52.8105
-52.4439
-52.0824
-51.7546
-51.51
-51.2889
-51.1101
-50.9311
-50.8032
-50.6948
-50.5631
-50.4482
-50.356
-50.2714
-50.1937
-50.143
-50.1223
-50.1263
-50.1506
-50.193
-50.2519
-50.3264
-50.4154
-50.5182
-50.6336
-50.7608
-50.8991
-51.048
-51.2062
-51.3734
-51.5489
-51.732
-51.9215
-52.1163
-52.3156
-52.5189
-52.7258
-52.9354
-53.1467
-53.359
-53.5721
-53.7856
-53.9989
-54.2112
-54.4223
-54.632
-54.84
-55.0461
-55.2496
-55.4507
-55.6491
-55.8448
-56.0376
-56.2272
-56.4136
-56.5968
-56.7768
-56.9535
-57.1269
-57.2968
-57.4633
-57.6265
-57.7864
-57.9429
-58.0962
-58.2461
-58.3927
-58.5362
-58.6764
-58.8136
-58.9477
-59.0787
-59.2067
-59.3318
-59.454
-59.5733
-59.6898
-59.8036
-59.9148
-60.0233
-60.1293
-60.2327
-60.3195
-60.3172
-60.343
-60.3834
-60.4365
-60.4882
-60.4347
-60.4208
-60.4278
-60.4532
-60.4886
-60.4676
-60.2492
-60.0018
-59.7948
-59.5254
-58.9537
-58.1591
-57.4658
-56.601
-55.8645
-55.3291
-54.8354
-54.4439
-53.9539
-53.5524
-53.2579
-53.045
-52.8923
-52.7854
-52.7168
-52.6809
-52.6592
-52.6486
-52.6434
-52.6423
-52.6356
-52.6132
-52.6147
-52.5871
-52.5938
-52.5242
-52.4572
-52.4329
-52.427
-52.4053
-52.4256
-52.4739
-52.5467
-52.6374
-52.7083
-52.7969
-52.8748
-52.9307
-52.9661
-52.9607
-52.9594
-53.0015
-53.0484
-53.1129
-53.2009
-53.291
-53.3714
-53.4753
-53.5948
-53.7276
-53.8698
-54.0197
-54.1758
-54.3372
-54.5028
-54.6718
-54.8435
-55.017
-55.1841
-55.312
-55.4437
-55.5523
-55.6506
-55.7019
-55.7067
-55.6721
-55.5965
-55.4694
-55.3
-55.2116
-55.1777
-55.1844
-55.1013
-55.0025
-54.8494
-54.6564
-54.4426
-54.248
-54.0303
-53.835
-53.6567
-53.4193
-53.1106
-52.8013
-52.5549
-52.2764
-51.9792
-51.7738
-51.6091
-51.4351
-51.2765
-51.1251
-50.9788
-50.8564
-50.7466
-50.6388
-50.5199
-50.4123
-50.2858
-50.2099
-50.1692
-50.1579
-50.1453
-50.1513
-50.1796
-50.2282
-50.2736
-50.2787
-50.2897
-50.3317
-50.3978
-50.4833
-50.5845
-50.6995
-50.8272
-50.9668
-51.1174
-51.2778
-51.4476
-51.626
-51.812
-52.0043
-52.202
-52.4042
-52.6105
-52.8202
-53.0324
-53.2461
-53.4608
-53.6763
-53.892
-54.1071
-54.3212
-54.534
-54.7453
-54.9548
-55.162
-55.3667
-55.5687
-55.7681
-55.9645
-56.1579
-56.348
-56.5349
-56.7185
-56.8988
-57.0757
-57.2491
-57.4191
-57.5857
-57.7489
-57.9087
-58.0651
-58.2181
-58.3678
-58.5141
-58.6573
-58.7972
-58.934
-59.0677
-59.1983
-59.3258
-59.4504
-59.5721
-59.6909
-59.8069
-59.9202
-60.0308
-60.1387
-60.2441
-60.3468
-60.4472
-60.5451
-60.6406
-60.7338
-60.8247
-60.9135
-61.0001
-61.0845
-61.1669
-61.2473
-61.3256
-61.4021
-61.4767
-61.5494
-61.6204
-61.6896
-61.7314
-61.5643
-61.1563
-60.884
-60.6128
-60.4018
-60.2523
-60.133
-59.8195
-59.4721
-59.2218
-58.9071
-58.675
-58.493
-58.2375
-57.4673
-56.5699
-55.9296
-55.4756
-55.1483
-54.8643
-54.6452
-54.3436
-54.1053
-53.9013
-53.7377
-53.6203
-53.5506
-53.518
-53.5153
-53.5067
-53.4462
-53.2709
-53.0917
-52.9062
-52.7769
-52.6998
-52.6543
-52.5469
-52.459
-52.3899
-52.3711
-52.3865
-52.4291
-52.4777
-52.4753
-52.4714
-52.4815
-52.5289
-52.6019
-52.6855
-52.7583
-52.8354
-52.9201
-53.0267
-53.1488
-53.2522
-53.37
-53.5019
-53.646
-53.7985
-53.9577
-54.1221
-54.2908
-54.426
-54.5647
-54.7144
-54.8726
-55.0358
-55.202
-55.3703
-55.54
-55.7106
-55.8815
-56.0522
-56.2221
-56.3912
-56.559
-56.7254
-56.8457
-56.8996
-56.8641
-56.8829
-56.9332
-57.0074
-57.0949
-57.1919
-57.289
-57.3545
-57.4387
-57.5333
-57.5877
-57.5732
-57.5742
-57.543
-57.5121
-57.4682
-57.3285
-57.1408
-56.951
-56.69
-56.2729
-55.8465
-55.4385
-55.0079
-54.6041
-54.2586
-53.8609
-53.4556
-53.1339
-52.8551
-52.5881
-52.4013
-52.2566
-52.0906

