-70
-70.0758
-70.1508
-70.225
-70.2983
-70.3706
-70.4419
-70.5122
-70.5814
-70.6496
-70.7168
-70.7829
-70.848
-70.9121
-70.9752
-71.0373
-71.0984
-71.1586
-71.2178
-71.2761
-71.3334
-71.3899
-71.4455
-71.5003
-71.5543
-71.6074
-71.6598
-71.7114
-71.7623
-71.8124
-71.8619
-71.9106
-71.9587
-72.006
-72.0527
-72.0988
-72.1442
-72.1889
-72.2331
-72.2766
-72.3196
-72.362
-72.4038
-72.445
-72.4857
-72.5258
-72.5654
-72.6045
-72.6431
-72.6812
-72.7188
-72.756
-72.7927
-72.8289
-72.8647
-72.9
-72.9349
-72.9694
-73.0035
-73.0371
-73.0704
-73.1032
-73.1357
-73.1678
-73.1994
-73.2307
-73.2617
-73.2922
-73.3224
-73.3523
-73.3817
-73.4109
-73.4397
-73.4682
-73.4963
-73.5241
-73.5516
-73.5788
-73.6057
-73.6323
-73.6585
-73.6845
-73.7102
-73.7356
-73.7608
-73.7857
-73.8103
-73.8346
-73.8587
-73.8825
-73.9061
-73.9294
-73.9524
-73.9753
-73.9979
-74.0202
-74.0423
-74.0642
-74.0859
-74.1073
-74.1285
-74.1495
-74.1703
-74.1909
-74.2112
-74.2313
-74.2513
-74.271
-74.2905
-74.3098
-74.329
-74.3479
-74.3666
-74.3852
-74.4036
-74.4217
-74.4397
-74.4575
-74.4752
-74.4926
-74.5099
-74.527
-74.544
-74.5607
-74.5774
-74.5938
-74.6101
-74.6262
-74.6422
-74.658
-74.6736
-74.6891
-74.7045
-74.7197
-74.7347
-74.7496
-74.7644
-74.779
-74.7935
-74.8079
-74.8221
-74.8362
-74.8501
-74.864
-74.8777
-74.8913
-74.9047
-74.918
-74.9313
-74.9443
-74.9573
-74.9701
-74.9829
-74.9955
-75.008
-75.0204
-75.0327
-75.0448
-75.0569
-75.0688
-75.0806
-75.0924
-75.104
-75.1155
-75.1269
-75.1382
-75.1495
-75.1606
-75.1716
-75.1825
-75.1933
-75.204
-75.2147
-75.2252
-75.2356
-75.246
-75.2562
-75.2664
-75.2764
-75.2864
-75.2963
-75.3061
-75.3158
-75.3255
-75.335
-75.3445
-75.3538
-75.3631
-75.3724
-75.3815
-75.3906
-75.3995
-75.4084
-75.4172
-75.426
-75.4346
-75.4432
-75.4518
-75.4602
-75.4686
-75.4769
-75.4851
-75.4932
-75.5013
-75.5093
-75.5173
-75.5251
-75.533
-75.5407
-75.5484
-75.556
-75.5635
-75.571
-75.5784
-75.5858
-75.593
-75.6003
-75.6074
-75.6145
-75.6216
-75.6285
-75.6355
-75.6423
-75.6491
-75.6559
-75.6626
-75.6692
-75.6758
-75.6823
-75.6888
-75.6952
-75.7015
-75.7078
-75.7141
-75.7203
-75.7264
-75.7325
-75.7386
-75.7446
-75.7505
-75.7564
-75.7622
-75.768
-75.7738
-75.7795
-75.7851
-75.7907
-75.7963
-75.8018
-75.8072
-75.8127
-75.818
-75.8234
-75.8287
-75.8339
-75.8391
-75.8443
-75.8494
-75.8545
-75.8595
-75.8645
-75.8695
-75.8744
-75.8793
-75.8841
-75.8889
-75.8937
-75.8984
-75.9031
-75.9077
-75.9123
-75.9169
-75.9214
-75.9259
-75.9304
-75.9348
-75.9392
-75.9436
-75.9479
-75.9522
-75.9565
-75.9607
-75.9649
-75.969
-75.9731
-75.9772
-75.9813
-75.9853
-75.9893
-75.9933
-75.9972
-76.0011
-76.005
-76.0088
-76.0126
-76.0164
-76.0201
-76.0239
-76.0275
-76.0312
-76.0348
-76.0384
-76.042
-76.0456
-76.0491
-76.0526
-76.056
-76.0595
-76.0629
-76.0663
-76.0696
-76.0729
-76.0762
-76.0795
-76.0828
-76.086
-76.0892
-76.0924
-76.0955
-76.0986
-76.1017
-76.1048
-76.1079
-76.1109
-76.1139
-76.1169
-76.1198
-76.1228
-76.1257
-76.1286
-76.1314
-76.1343
-76.1371
-76.1399
-76.1427
-76.1455
-76.1482
-76.1509
-76.1536
-76.1563
-76.1589
-76.1615
-76.1642
-76.1667
-76.1693
-76.1719
-76.1744
-76.1769
-76.1794
-76.1819
-76.1843
-76.1868
-76.1892
-76.1916
-76.1939
-76.1963
-76.1986
-76.201
-76.2033
-76.2056
-76.2078
-76.2101
-76.2123
-76.2145
-76.2167
-76.2189
-76.2211
-76.2232
-76.2254
-76.2275
-76.2296
-76.2317
-76.2337
-76.2358
-76.2378
-76.2398
-76.2418
-76.2438
-76.2458
-76.2478
-76.2497
-76.2516
-76.2536
-76.2554
-76.2573
-76.2592
-76.2611
-76.2629
-76.2647
-76.2665
-76.2683
-76.2701
-76.2719
-76.2737
-76.2754
-76.2771
-76.2788
-76.2806
-76.2822
-76.2839
-76.2856
-76.2872
-76.2889
-76.2905
-76.2921
-76.2937
-76.2953
-76.2969
-76.2985
-76.3
-76.3016
-76.3031
-76.3046
-76.3061
-76.3076
-76.3091
-76.3106
-76.312
-76.3135
-76.3149
-76.3164
-76.3178
-76.3192
-76.3206
-76.322
-76.3233
-76.3247
-76.3261
-76.3274
-76.3287
-76.33
-76.3314
-76.3327
-76.334
-76.3352
-76.3365
-76.3378
-76.339
-76.3403
-76.3415
-76.3427
-76.3439
-76.3452
-76.3464
-76.3475
-76.3487
-76.3499
-76.351
-76.3522
-76.3533
-76.3545
-76.3556
-76.3567
-76.3578
-76.3589
-76.36
-76.3611
-76.3622
-76.3632
-76.3643
-76.3654
-76.3664
-76.3674
-76.3685
-76.3695
-76.3705
-76.3715
-76.3725
-76.3735
-76.3745
-76.3754
-76.3764
-76.3774
-76.3783
-76.3793
-76.3802
-76.3811
-76.382
-76.383
-76.3839
-76.3848
-76.3857
-76.3866
-76.3874
-76.3883
-76.3892
-76.39
-76.3909
-76.3917
-76.3926
-76.3934
-76.3943
-76.3951
-76.3959
-76.3967
-76.3975
-76.3983
-76.3991
-76.3999
-75.9759
-71.7835
-67.9998
-65.1512
-62.9411
-61.1178
-59.4221
-57.4417
-53.361
45.4018
-7.26468
-37.9301
-77.4938
-78.2959
-78.1052
-77.8854
-77.6469
-77.3901
-76.9868
-74.527
-71.8348
-67.972
-66.0598
-64.9803
-64.1828
-63.5068
-62.8973
-62.3316
-61.799
-59.8755
-56.7283
-52.5868
42.546
-7.79001
-38.5985
-77.4235
-78.6884
-78.5611
-78.3928
-78.1297
-77.8881
-77.6675
-77.3724
-75.5522
-73.2488
-72.1981
-70.8309
-66.9337
-64.7176
-63.7155
-63.1515
-63.6933
-64.1347
-64.3016
-64.3434
-64.3316
-63.377
-61.5767
-60.3269
-59.408
-58.6182
-57.819
-56.8379
-55.2638
-50.7695
37.7821
-15.8754
-49.7602
-78.9744
-79.5129
-79.4695
-79.4052
-79.334
-79.2565
-79.1729
-79.0836
-78.7927
-78.5513
-78.3723
-78.2195
-78.0791
-77.9465
-77.82
-77.6992
-77.5844
-74.6301
-70.6724
-67.8401
-65.0509
-61.0221
-56.4692
-43.986
17.9566
-23.2907
-66.7161
-78.5285
-77.7288
-77.3427
-77.0442
-75.6311
-73.4063
-72.1688
-71.4341
-70.7959
-69.8258
-67.696
-66.2636
-65.3035
-64.551
-62.7144
-60.8864
-60.5645
-62.6454
-64.4032
-65.3653
-66.8684
-68.7517
-69.7083
-70.1413
-70.652
-71.086
-71.5127
-71.9685
-72.2227
-72.3639
-72.4472
-72.4997
-72.5351
-72.5609
-72.5813
-72.5988
-72.6148
-72.6303
-72.6458
-72.6617
-72.6782
-72.6954
-72.7134
-72.7322
-72.7519
-72.7724
-72.7937
-72.8158
-72.8386
-72.862
-72.8861
-72.9108
-72.9359
-72.9616
-72.9876
-73.014
-73.0408
-73.0677
-73.0949
-73.1223
-73.1498
-73.1774
-73.2051
-73.2329
-73.2606
-73.2883
-73.3159
-73.3435
-73.371
-73.3984
-73.4256
-73.4527
-73.4797
-73.5065
-73.533
-73.5595
-73.5857
-73.4672
-69.8249
-66.3127
-63.6557
-61.5588
-59.7327
-56.9147
-49.0915
28.1007
-18.9434
-56.8956
-78.9338
-79.0547
-78.9427
-78.8152
-78.676
-78.525
-76.157
-74.5236
-73.6869
-73.0703
-72.5217
-72.0015
-70.9215
-67.6522
-65.3109
-61.8618
-59.0704
-56.4481
-50.2825
33.3661
-16.9111
-51.8241
-77.7144
-77.2299
-76.6406
-76.2598
-75.5139
-73.9955
-73.1608
-72.3375
-70.2806
-68.7545
-66.4519
-64.9586
-64.7222
-63.9612
-62.373
-61.2822
-60.0492
-59.6277
-59.1878
-57.7252
-56.7888
-57.0375
-58.7649
-60.3409
-60.6637
-59.9241
-59.2664
-58.9632
-58.7807
-58.6523
-58.5555
-58.4758
-58.4066
-59.2583
-60.7868
-61.9243
-62.7214
-63.2895
-63.7067
-64.0247
-64.2767
-64.4839
-64.6606
-64.8166
-64.9587
-65.0913
-65.2179
-65.3407
-65.4609
-65.5797
-65.6979
-65.3327
-62.7511
-60.5235
-58.7371
-57.0379
-54.8389
-46.9125
20.1171
-24.0395
-65.1241
-78.5193
-78.644
-77.0159
-76.195
-75.7508
-75.3369
-74.9136
-73.165
-70.7909
-68.5579
-65.8784
-64.2574
-63.1877
-62.1975
-59.9874
-58.0835
-55.8014
-50.2939
34.8528
-17.1684
-51.393
-77.6015
-77.7953
-77.1997
-76.02
-75.4359
-74.0862
-72.5665
-71.7101
-70.057
-68.547
-67.6443
-66.9736
-67.2194
-67.7694
-67.9021
-68.2623
-69.1881
-69.9055
-70.4226
-70.6494
-70.7385
-70.7653
-70.7636
-70.7499
-70.7322
-71.0485
-71.4056
-71.6446
-71.8072
-71.9221
-72.0068
-72.0716
-72.1235
-72.1666
-72.2039
-72.2374
-72.2683
-72.2977
-72.3261
-72.354
-72.3818
-72.4095
-72.4375
-72.4657
-72.5272
-72.8842
-73.2145
-73.4727
-73.6775
-73.8426
-73.9775
-74.0892
-74.1828
-74.2621
-74.3301
-74.3889
-74.4402
-74.4855
-74.5258
-74.562
-74.5947
-74.6246
-74.652
-74.6773
-74.701
-74.7231
-74.744
-74.7638
-74.7826
-74.8006
-74.8179
-74.8346
-74.8508
-74.8665
-74.8817
-74.8966
-74.9111
-74.9254
-74.9393
-74.953
-74.9665
-74.9798
-74.9928
-75.0057
-75.0184
-75.031
-75.0434
-75.0556
-75.0677
-75.0797
-75.0915
-75.1033
-74.0158
-69.8873
-66.4705
-63.884
-61.8357
-60.0593
-58.221
-55.4971
-40.1172
13.8608
-25.5507
-70.8261
-77.8505
-77.6302
-77.3609
-77.0692
-75.573
-74.3193
-73.6569
-73.1003
-72.5565
-72.0136
-70.8016
-66.6782
-63.7437
-61.2655
-58.9805
-57.1351
-54.8487
-47.3192
21.988
-22.6121
-63.7136
-77.4307
-76.6732
-75.9976
-75.56
-75.1238
-74.6682
-74.1949
-73.6733
-70.7348
-68.1669
-65.9497
-64.2149
-63.8838
-63.6212
-63.3167
-63.0107
-63.3081
-64.8833
-65.4218
-64.131
-63.188
-62.6366
-62.8421
-61.9073
-61.1308
-60.4819
-58.5442
-58.2789
-58.4797
-58.6412
-58.7693
-58.8733
-58.9624
-59.0436
-59.1218
-59.2006
-59.283
-59.3718
-59.469
-59.5766
-59.6962
-59.8287
-59.9723
-60.127
-60.2934
-60.4713
-60.6609
-60.8619
-61.0721
-61.289
-61.5118
-61.7396
-61.9717
-62.2063
-62.4414
-62.6762
-62.9104
-63.1433
-63.3736
-62.1835
-59.8729
-57.8972
-55.8945
-52.7434
-20.1391
-3.32664
-35.6304
-74.9713
-77.1313
-76.8812
-76.5514
-76.1971
-75.8224
-75.4299
-75.0225
-74.0411
-71.0931
-66.6809
-63.0221
-61.0283
-59.7285
-58.6609
-57.5873
-56.2411
-53.673
-27.166
2.25496
-31.3014
-73.9713

