-70
-69.8623
-69.7285
-69.5983
-69.4718
-69.3487
-69.2291
-69.1128
-68.9997
-68.8897
-68.7828
-68.6789
-68.5778
-68.4795
-68.3839
-68.291
-68.2007
-68.1128
-68.0274
-67.9443
-67.8636
-67.7851
-67.7087
-67.6345
-67.5623
-67.4921
-67.4238
-67.3574
-67.2929
-67.2301
-67.1691
-67.1098
-67.0521
-66.996
-66.9414
-66.8884
-66.8368
-66.7866
-66.7378
-66.6904
-66.6443
-66.5994
-66.5558
-66.5133
-66.4721
-66.432
-66.393
-66.355
-66.3181
-66.2823
-66.2474
-66.2134
-66.1805
-66.1484
-66.1172
-66.0868
-66.0573
-66.0286
-66.0007
-65.9736
-65.9472
-65.9215
-65.8966
-65.8723
-65.8487
-65.8257
-65.8034
-65.7817
-65.7606
-65.74
-65.72
-65.7006
-65.6817
-65.6633
-65.6455
-65.6281
-65.6112
-65.5948
-65.5788
-65.5632
-65.5481
-65.5334
-65.5191
-65.5052
-65.4917
-65.4785
-65.4657
-65.4533
-65.4412
-65.4294
-65.418
-65.4068
-65.396
-65.3855
-65.3752
-65.3653
-65.3556
-65.3462
-65.337
-65.3281
-65.3194
-65.311
-65.3028
-65.2948
-65.2871
-65.2795
-65.2722
-65.2651
-65.2581
-65.2514
-65.2448
-65.2385
-65.2322
-65.2262
-65.2203
-65.2146
-65.2091
-65.2037
-65.1984
-65.1933
-65.1884
-65.1835
-65.1788
-65.1743
-65.1698
-65.1655
-65.1613
-65.1572
-65.1532
-65.1493
-65.1456
-65.1419
-65.1384
-65.1349
-65.1315
-65.1283
-65.1251
-65.122
-65.119
-65.1161
-65.1132
-65.1104
-65.1077
-65.1051
-65.1026
-65.1001
-65.0977
-65.0953
-65.0931
-65.0908
-65.0887
-65.0866
-65.0845
-65.0826
-65.0806
-65.0788
-65.0769
-65.0752
-65.0734
-65.0718
-65.0701
-65.0685
-65.067
-65.0655
-65.064
-65.0626
-65.0612
-65.0599
-65.0586
-65.0573
-65.0561
-65.0549
-65.0537
-65.0526
-65.0514
-65.0504
-65.0493
-65.0483
-65.0473
-65.0464
-65.0454
-65.0445
-65.0436
-65.0428
-65.0419
-65.0411
-65.0403
-65.0395
-65.0388
-65.0381
-65.0374
-65.0367
-65.036
-65.0353
-65.0347
-65.0341
-65.0335
-65.0329
-65.0323
-65.0318
-65.0313
-65.0307
-65.0302
-65.0297
-65.0293
-65.0288
-65.0283
-65.0279
-65.0275
-65.027
-65.0266
-65.0262
-65.0259
-65.0255
-65.0251
-65.0248
-65.0244
-65.0241
-65.0238
-65.0234
-65.0231
-65.0228
-65.0225
-65.0223
-65.022
-65.0217
-65.0215
-65.0212
-65.021
-65.0207
-65.0205
-65.0203
-65.02
-65.0198
-65.0196
-65.0194
-65.0192
-65.019
-65.0188
-65.0187
-65.0185
-65.0183
-65.0181
-65.018
-65.0178
-65.0177
-65.0175
-65.0174
-65.0172
-65.0171
-65.017
-65.0168
-65.0167
-65.0166
-65.0165
-65.0163
-65.0162
-65.0161
-65.016
-65.0159
-65.0158
-65.0157
-65.0156
-65.0155
-65.0154
-65.0153
-65.0153
-65.0152
-65.0151
-65.015
-65.0149
-65.0149
-65.0148
-65.0147
-65.0147
-65.0146
-65.0145
-65.0145
-65.0144
-65.0143
-65.0143
-65.0142
-65.0142
-65.0141
-65.0141
-65.014
-65.014
-65.0139
-65.0139
-65.0138
-65.0138
-65.0137
-65.0137
-65.0137
-65.0136
-65.0136
-65.0135
-65.0135
-65.0135
-65.0134
-65.0134
-65.0134
-65.0133
-65.0133
-65.0133
-65.0133
-65.0132
-65.0132
-65.0132
-65.0131
-65.0131
-65.0131
-65.0131
-65.0131
-65.013
-65.013
-65.013
-65.013
-65.0129
-65.0129
-65.0129
-65.0129
-65.0129
-65.0129
-65.0128
-65.0128
-65.0128
-65.0128
-65.0128
-65.0128
-65.0127
-65.0127
-65.0127
-65.0127
-65.0127
-65.0127
-65.0127
-65.0127
-65.0126
-65.0126
-65.0126
-65.0126
-65.0126
-65.0126
-65.0126
-65.0126
-65.0126
-65.0126
-65.0125
-65.0125
-65.0125
-65.0125
-65.0125
-65.0125
-65.0125
-65.0125
-65.0125
-65.0125
-65.0125
-65.0125
-65.0125
-65.0124
-65.0124
-65.0124
-65.0124
-65.0124
-65.0124
-65.0124
-65.0124
-65.0124
-65.0124
-65.0124
-65.0124
-65.0124
-65.0124
-65.0124
-65.0124
-65.0124
-65.0124
-65.0124
-65.0124
-65.0124
-65.0124
-65.0124
-65.0123
-65.0123
-65.0123
-65.0123
-65.0123
-65.0123
-65.0123
-65.0123
-65.0123
-65.0123
-65.0123
-65.0123
-65.0123
-65.0123
-65.0123
-65.0123
-65.0123
-65.0123
-65.0123
-65.0123
-65.0123
-65.0123
-65.0123
-65.0123
-65.0123
-65.0123
-65.0123
-65.0123
-65.0123
-65.0123
-65.0123
-65.0123
-65.0123
-65.0123
-65.0123
-65.0123
-65.0123
-65.0123
-65.0123
-65.0123
-65.0123
-65.0123
-65.0123
-65.0123
-65.0123
-65.0123
-65.0123
-65.0123
-65.0123
-65.0123
-65.0123
-65.0123
-65.0123
-65.0123
-65.0123
-65.0123
-65.0123
-65.0123
-65.0123
-65.0123
-65.0123
-65.0123
-65.0123
-65.0123
-65.0123
-65.0123
-65.0123
-65.0123
-65.0123
-65.0123
-65.0123
-65.0123
-65.0123
-65.0123
-64.7043
-64.4515
-64.2637
-64.1299
-64.026
-63.943
-63.8763
-63.8231
-63.7811
-63.7486
-63.7241
-63.7065
-63.6948
-63.688
-63.6856
-63.6868
-63.6912
-63.6983
-63.7077
-63.7191
-63.7322
-63.7467
-63.7624
-63.7792
-63.7967
-63.8149
-63.8337
-63.8529
-63.8724
-63.8922
-63.9121
-63.9321
-63.9522
-63.9722
-63.8889
-63.6598
-63.5111
-63.4036
-63.3302
-63.2756
-63.2353
-63.2064
-63.1869
-63.1752
-63.1702
-63.1707
-63.176
-63.1852
-63.1979
-63.2133
-63.2312
-63.2108
-63.176
-62.6348
-62.2545
-61.843
-60.8481
-60.1302
-59.2844
-58.5781
-57.9663
-56.8003
-55.7293
-54.5494
-53.6108
-52.6264
-51.8874
-51.3014
-50.7187
-50.1174
-49.537
-48.8394
-48.2412
-47.6751
-47.1033
-46.4995
-45.8076
-44.9111
-43.6242
-41.292
-33.3813
42.4791
2.8443
-31.3588
-53.3949
-59.3498
-60.8008
-61.0677
-61.0162
-60.8721
-60.7083
-60.5525
-60.4146
-60.2978
-60.2019
-60.1012
-59.998
-59.9239
-59.8632
-59.748
-59.6505
-59.5661
-59.4788
-59.4246
-59.3918
-59.342
-59.2673
-59.1629
-59.0887
-58.9968
-58.9371
-58.9042
-58.8926
-58.8963
-58.9092
-58.8441
-58.7488
-58.647
-58.593
-58.5686
-58.5337
-58.4532
-58.3862
-58.326
-58.1566
-57.9219
-57.7362
-57.59
-57.4432
-57.2609
-57.0783
-56.8972
-56.6536
-56.2656
-55.8701
-55.3119
-54.6937
-54.106
-53.5584
-53.0791
-52.1338
-51.0749
-50.118
-49.2783
-48.5126
-47.845
-47.2037
-46.5145
-45.7028
-44.6631
-43.1543
-40.2562
-26.0071
39.0788
-7.47724
-39.6654
-56.9788
-61.2958
-62.28
-62.4301
-62.3287
-62.1468
-61.95
-61.7646
-61.5997
-61.4576
-61.3375
-61.2378
-61.1562
-61.0905
-61.0388
-60.9995
-60.9708
-60.9515
-60.9405
-60.9369
-60.9396
-60.9478
-60.961
-60.9783
-60.9994
-61.0237
-61.0508
-61.0804
-61.112
-61.1454
-61.1803
-61.2166
-61.2539
-61.2921
-61.331
-61.3705
-61.4104
-61.4506
-61.4909
-61.5314
-61.5718
-61.6122
-61.6524
-61.6925
-61.7322
-61.7717
-61.8108
-61.8495
-61.8878
-61.9256
-61.963
-61.9999
-62.0363
-62.0721
-62.1075
-62.1423
-62.1766
-62.2103
-62.2435
-62.2761
-62.3082
-62.3397
-62.3707
-62.4011
-62.431
-62.4604
-62.4893
-62.5176
-62.4292
-62.1394
-61.948
-61.8104
-61.717
-61.6321
-61.181
-60.8148
-60.5477
-60.324
-60.1218
-59.7493
-59.143
-58.6665
-58.2286
-57.5627
-56.4781
-55.2552
-54.185
-53.0425
-52.0867
-51.3567
-50.6887
-50.1331
-49.6031
-49.1037
-48.6548
-48.2446
-47.8519
-47.3926
-46.8428
-46.227
-45.5043
-44.5406
-43.0548
-39.9785
-21.4515
35.8385
-11.5034
-43.955
-59.3056
-62.9659
-63.6482
-63.6254
-63.3892
-62.9809
-62.5773
-62.1649
-61.7968
-61.4534
-61.1176
-60.8247
-60.5381
-60.3117
-60.0845
-59.8256
-59.5945
-59.4232
-59.2961
-59.2024
-59.1341
-58.9927
-58.8611
-58.7728
-58.7179
-58.6874
-58.6747
-58.6768
-58.6912
-58.7161
-58.7499
-58.7914
-58.8394
-58.8929
-58.9512
-59.0134
-59.0667
-59.0907
-59.0969
-59.1132
-59.0999
-59.0609
-58.9326
-58.71
-58.3871
-58.0954
-57.8835
-57.707
-57.5062
-57.237
-56.784
-56.3369
-55.9425
-55.5365
-55.0722
-54.543
-54.0557
-53.5851
-53.071
-52.5641
-52.0073
-51.2198
-50.5584
-49.937
-49.348
-48.8417
-48.3976
-47.9357
-47.427
-46.8864
-46.2741
-45.5303
-44.557
-43.0334
-39.8616
-21.3771
35.687
-11.9752
-45.0856
-60.486
-64.319
-65.1877
-65.2141
-65.0043
-64.7531
-64.5097
-64.2878
-64.0896
-63.9146
-63.7612
-63.6271
-63.5103
-63.4085
-63.3201
-63.2433
-63.1769
-63.1196
-63.0704
-63.0283
-62.9925
-62.9623
-62.9372
-62.9164
-62.8997
-62.8864
-62.8764
-62.8691
-62.8644
-62.8619
-62.8615
-62.8628
-62.8657
-62.87
-62.8756
-62.8823
-62.8899
-62.8984
-62.9077
-62.9177
-62.9282
-62.9392
-62.9507
-62.9625
-62.9746
-62.987
-62.9996
-63.0124
-63.0253
-63.0383
-63.0514
-63.0645
-63.0777
-63.0909
-63.104
-63.1171
-63.1302
-63.1432
-63.1561
-63.169
-63.1817
-63.1944
-63.207
-63.2194
-63.2318
-63.244
-63.2561
-63.2681
-63.2799
-63.2916
-63.3032
-63.3147
-63.326
-63.3372
-63.3483
-63.3593
-63.3701
-63.3808
-63.3913
-63.4018
-63.4121
-63.4223
-63.4323
-63.4423
-63.4521
-63.1021
-62.3954
-61.8645
-61.1731
-60.5753
-60.1319
-59.7833
-59.3573
-58.9962
-58.6954
-58.2983
-57.9518
-57.6562
-57.1401
-55.6592
-54.0549
-52.9074
-52.07
-51.4315
-50.8679
-50.4032
-50.012
-49.6769
-49.3844
-49.0788
-48.7652
-48.4574
-48.1574
-47.8704
-47.5322
-47.0651
-46.2776
-45.3731
-44.0201
-41.9676
-36.9238
27.9494
15.4481
-25.6115
-54.1507
-62.8726
-64.8607
-65.1526
-64.9338
-64.4263
-63.8917
-63.4458
-63.0759
-62.7665
-62.5044
-62.2539
-62.0262
-61.8399
-61.6866
-61.5608
-61.4076
-61.2596
-61.1457
-61.0584
-60.992
-60.9392
-60.8632
-60.7698
-60.6532
-60.5633
-60.5026
-60.4638
-60.4404
-60.4292
-60.3906
-60.3551
-60.3388
-60.3369
-60.3458
-60.3625
-60.3858
-60.3682
-60.368
-60.3799
-60.3938
-60.3264
-60.283
-60.2175
-60.1843
-60.1711
-60.135
-60.0967
-60.0401
-60.0142
-59.9544
-59.9241
-59.9134
-59.889
-59.7723
-59.4345
-59.0802
-58.6046
-58.0441
-57.3349
-56.6718
-56.0515
-55.4225
-54.6864
-54.0519
-53.4978
-52.9456
-52.1907
-51.3805
-50.6419
-50.0631
-49.5069
-49.0373
-48.6217
-48.242

