-70
-69.8623
-69.7285
-69.5983
-69.4718
-69.3487
-69.2291
-69.1128
-68.9997
-68.8897
-68.7828
-68.6789
-68.5778
-68.4795
-68.3839
-68.291
-68.2007
-68.1128
-68.0274
-67.9443
-67.8636
-67.7851
-67.7087
-67.6345
-67.5623
-67.4921
-67.4238
-67.3574
-67.2929
-67.2301
-67.1691
-67.1098
-67.0521
-66.996
-66.9414
-66.8884
-66.8368
-66.7866
-66.7378
-66.6904
-66.6443
-66.5994
-66.5558
-66.5133
-66.4721
-66.432
-66.393
-66.355
-66.3181
-66.2823
-66.2474
-66.2134
-66.1805
-66.1484
-66.1172
-66.0868
-66.0573
-66.0286
-66.0007
-65.9736
-65.9472
-65.9215
-65.8966
-65.8723
-65.8487
-65.8257
-65.8034
-65.7817
-65.7606
-65.74
-65.72
-65.7006
-65.6817
-65.6633
-65.6455
-65.6281
-65.6112
-65.5948
-65.5788
-65.5632
-65.5481
-65.5334
-65.5191
-65.5052
-65.4917
-65.4785
-65.4657
-65.4533
-65.4412
-65.4294
-65.418
-65.4068
-65.396
-65.3855
-65.3752
-65.3653
-65.3556
-65.3462
-65.337
-65.3281
-65.3194
-65.311
-65.3028
-65.2948
-65.2871
-65.2795
-65.2722
-65.2651
-65.2581
-65.2514
-65.2448
-65.2385
-65.2322
-65.2262
-65.2203
-65.2146
-65.2091
-65.2037
-65.1984
-65.1933
-65.1884
-65.1835
-65.1788
-65.1743
-65.1698
-65.1655
-65.1613
-65.1572
-65.1532
-65.1493
-65.1456
-65.1419
-65.1384
-65.1349
-65.1315
-65.1283
-65.1251
-65.122
-65.119
-65.1161
-65.1132
-65.1104
-65.1077
-65.1051
-65.1026
-65.1001
-65.0977
-65.0953
-65.0931
-65.0908
-65.0887
-65.0866
-65.0845
-65.0826
-65.0806
-65.0788
-65.0769
-65.0752
-65.0734
-65.0718
-65.0701
-65.0685
-65.067
-65.0655
-65.064
-65.0626
-65.0612
-65.0599
-65.0586
-65.0573
-65.0561
-65.0549
-65.0537
-65.0526
-65.0514
-65.0504
-65.0493
-65.0483
-65.0473
-65.0464
-65.0454
-65.0445
-65.0436
-65.0428
-65.0419
-65.0411
-65.0403
-65.0395
-65.0388
-65.0381
-65.0374
-65.0367
-65.036
-65.0353
-65.0347
-65.0341
-65.0335
-65.0329
-65.0323
-65.0318
-65.0313
-65.0307
-65.0302
-65.0297
-65.0293
-65.0288
-65.0283
-65.0279
-65.0275
-65.027
-65.0266
-65.0262
-65.0259
-65.0255
-65.0251
-65.0248
-65.0244
-65.0241
-65.0238
-65.0234
-65.0231
-65.0228
-65.0225
-65.0223
-65.022
-65.0217
-65.0215
-65.0212
-65.021
-65.0207
-65.0205
-65.0203
-65.02
-65.0198
-65.0196
-65.0194
-65.0192
-65.019
-65.0188
-65.0187
-65.0185
-65.0183
-65.0181
-65.018
-65.0178
-65.0177
-65.0175
-65.0174
-65.0172
-65.0171
-65.017
-65.0168
-65.0167
-65.0166
-65.0165
-65.0163
-65.0162
-65.0161
-65.016
-65.0159
-65.0158
-65.0157
-65.0156
-65.0155
-65.0154
-65.0153
-65.0153
-65.0152
-65.0151
-65.015
-65.0149
-65.0149
-65.0148
-65.0147
-65.0147
-65.0146
-65.0145
-65.0145
-65.0144
-65.0143
-65.0143
-65.0142
-65.0142
-65.0141
-65.0141
-65.014
-65.014
-65.0139
-65.0139
-65.0138
-65.0138
-65.0137
-65.0137
-65.0137
-65.0136
-65.0136
-65.0135
-65.0135
-65.0135
-65.0134
-65.0134
-65.0134
-65.0133
-65.0133
-65.0133
-65.0133
-65.0132
-65.0132
-65.0132
-65.0131
-65.0131
-65.0131
-65.0131
-65.0131
-65.013
-65.013
-65.013
-65.013
-65.0129
-65.0129
-65.0129
-65.0129
-65.0129
-65.0129
-65.0128
-65.0128
-65.0128
-65.0128
-65.0128
-65.0128
-65.0127
-65.0127
-65.0127
-65.0127
-65.0127
-65.0127
-65.0127
-65.0127
-65.0126
-65.0126
-65.0126
-65.0126
-65.0126
-65.0126
-65.0126
-65.0126
-65.0126
-65.0126
-65.0125
-65.0125
-65.0125
-65.0125
-65.0125
-65.0125
-65.0125
-65.0125
-65.0125
-65.0125
-65.0125
-65.0125
-65.0125
-65.0124
-65.0124
-65.0124
-65.0124
-65.0124
-65.0124
-65.0124
-65.0124
-65.0124
-65.0124
-65.0124
-65.0124
-65.0124
-65.0124
-65.0124
-65.0124
-65.0124
-65.0124
-65.0124
-65.0124
-65.0124
-65.0124
-65.0124
-65.0123
-65.0123
-65.0123
-65.0123
-65.0123
-65.0123
-65.0123
-65.0123
-65.0123
-65.0123
-65.0123
-65.0123
-65.0123
-65.0123
-65.0123
-65.0123
-65.0123
-65.0123
-65.0123
-65.0123
-65.0123
-65.0123
-65.0123
-65.0123
-65.0123
-65.0123
-65.0123
-65.0123
-65.0123
-65.0123
-65.0123
-65.0123
-65.0123
-65.0123
-65.0123
-65.0123
-65.0123
-65.0123
-65.0123
-65.0123
-65.0123
-65.0123
-65.0123
-65.0123
-65.0123
-65.0123
-65.0123
-65.0123
-65.0123
-65.0123
-65.0123
-65.0123
-65.0123
-65.0123
-65.0123
-65.0123
-65.0123
-65.0123
-65.0123
-65.0123
-65.0123
-65.0123
-65.0123
-65.0123
-65.0123
-65.0123
-65.0123
-65.0123
-65.0123
-65.0123
-65.0123
-65.0123
-65.0123
-65.0123
-64.8888
-64.7871
-64.7113
-64.6572
-64.6152
-64.5815
-64.5545
-64.5329
-64.5159
-64.5027
-64.4927
-64.4856
-64.4808
-64.478
-64.477
-64.4776
-64.4793
-64.4822
-64.4861
-64.4907
-64.496
-64.5019
-64.5083
-64.5151
-64.5223
-64.5297
-64.5373
-64.5451
-64.553
-64.5611
-64.5691
-64.5773
-64.5854
-64.5935
-64.4713
-64.1657
-63.9618
-63.8101
-63.7016
-63.617
-63.5505
-63.4986
-63.4588
-63.4291
-63.4079
-63.394
-63.3863
-63.3838
-63.3858
-63.3917
-63.4008
-63.4127
-63.427
-63.245
-63.0871
-62.8332
-61.6712
-60.7847
-60.0098
-59.3263
-58.7394
-57.5487
-56.4432
-55.3006
-54.3918
-53.5309
-52.8453
-52.3121
-51.6609
-51.0593
-50.5852
-50.0348
-49.5853
-48.9465
-48.3483
-47.8112
-47.2956
-46.7589
-46.1325
-45.3579
-44.2257
-42.3958
-38.1173
14.1507
22.5208
-19.6164
-47.5098
-57.8342
-60.3735
-60.9776
-61.07
-60.9505
-60.7654
-60.5113
-60.2965
-60.096
-59.9088
-59.7158
-59.5707
-59.4608
-59.3729
-59.2083
-59.0212
-58.8267
-58.6828
-58.5842
-58.5192
-58.4355
-58.3724
-58.3363
-58.3139
-58.2635
-58.2434
-58.2427
-58.2588
-58.2867
-58.3244
-58.37
-58.4224
-58.4806
-58.5435
-58.5971
-58.5173
-58.3748
-58.2527
-58.1081
-57.8896
-57.5297
-57.1726
-56.7921
-56.3236
-55.9732
-55.7212
-55.4266
-54.976
-54.5526
-53.9165
-53.247
-52.7049
-52.1537
-51.3285
-50.5222
-49.7972
-49.0261
-48.3502
-47.7156
-47.0709
-46.3523
-45.5232
-44.4619
-42.8563
-39.4857
-15.6041
33.0995
-13.1259
-44.0343
-58.1241
-61.5808
-62.3529
-62.4455
-62.2937
-62.0704
-61.848
-61.6461
-61.4703
-61.3203
-61.1945
-61.0905
-61.0058
-60.9381
-60.8852
-60.8452
-60.8166
-60.7978
-60.7876
-60.7851
-60.7892
-60.799
-60.814
-60.8333
-60.8565
-60.883
-60.9125
-60.9444
-60.9784
-61.0143
-61.0518
-61.0906
-61.1305
-61.1713
-61.2128
-61.2549
-61.2973
-61.3401
-61.383
-61.426
-61.4689
-61.5118
-61.5545
-61.5969
-61.639
-61.6808
-61.7222
-61.7632
-61.8038
-61.8438
-61.8833
-61.9224
-61.9608
-61.9987
-62.0361
-62.0728
-62.109
-62.1446
-62.1796
-62.2141
-62.2479
-62.2811
-62.3138
-62.3459
-62.3774
-62.4083
-62.4387
-62.4685
-62.4287
-62.237
-62.1166
-62.0318
-61.9775
-61.8904
-61.7162
-61.5857
-61.4927
-61.4295
-61.3289
-61.025
-60.5362
-60.0728
-59.6506
-58.9607
-57.8439
-56.3436
-55.1584
-53.8928
-52.8776
-52.1072
-51.5071
-51.0076
-50.3299
-49.7466
-49.2596
-48.8417
-48.4617
-48.0514
-47.5947
-47.1407
-46.654
-46.096
-45.3693
-44.3003
-42.5378
-38.538
5.71651
24.6289
-19.5567
-49.7874
-60.8432
-63.5524
-64.0963
-63.9744
-63.5533
-63.0248
-62.5687
-62.1298
-61.7749
-61.4835
-61.2455
-60.9271
-60.6415
-60.3477
-60.0802
-59.8275
-59.5935
-59.419
-59.2876
-59.1467
-59.0393
-58.9628
-58.9123
-58.8817
-58.8674
-58.8669
-58.8782
-58.8997
-58.9298
-58.9673
-59.0113
-59.0607
-59.1149
-59.173
-59.1703
-59.1282
-59.0283
-58.9127
-58.7819
-58.6498
-58.4157
-58.0989
-57.7272
-57.4097
-57.166
-56.9743
-56.7377
-56.538
-56.3206
-56.0186
-55.7553
-55.5401
-55.2467
-54.8363
-54.3507
-53.851
-53.33
-52.6538
-52.0041
-51.4244
-50.7728
-50.0919
-49.5151
-49.0435
-48.5808
-48.1044
-47.6071
-47.0844
-46.4281
-45.6175
-44.6028
-43.0809
-40.0885
-24.4405
37.666
-9.95208
-43.4301
-59.9686
-64.0794
-64.9993
-65.0905
-64.9388
-64.6948
-64.4337
-64.1992
-63.9922
-63.8116
-63.654
-63.5167
-63.3974
-63.294
-63.2044
-63.1269
-63.0186
-62.9267
-62.8519
-62.7921
-62.743
-62.7025
-62.6695
-62.6429
-62.6219
-62.6059
-62.5942
-62.5863
-62.5818
-62.5803
-62.5814
-62.5848
-62.5903
-62.5976
-62.6064
-62.6166
-62.628
-62.6405
-62.6538
-62.668
-62.6828
-62.6982
-62.7141
-62.7304
-62.7471
-62.764
-62.7811
-62.7983
-62.8157
-62.8331
-62.8506
-62.8681
-62.8856
-62.903
-62.9204
-62.9377
-62.9548
-62.9718
-62.9887
-63.0055
-63.0221
-63.0385
-63.0547
-63.0708
-63.0867
-63.1023
-63.1178
-63.1331
-63.1482
-63.1631
-63.1778
-63.1924
-63.2067
-63.2208
-63.2347
-63.2484
-63.2619
-63.2753
-63.2884
-63.3014
-63.3142
-63.3268
-63.3392
-63.3514
-63.2388
-62.7211
-61.8775
-61.2966
-60.7939
-60.3665
-60.0147
-59.7051
-59.2789
-58.9104
-58.6037
-58.2899
-58.0445
-57.8605
-57.4561
-55.7691
-54.3709
-53.3728
-52.6565
-52.1051
-51.662
-51.3012
-50.7787
-50.3098
-49.861
-49.43
-49.0542
-48.7257
-48.4269
-48.1422
-47.8619
-47.4482
-46.64
-45.7896
-44.7184
-43.2206
-40.4337
-28.4343
40.2849
-6.56608
-41.1479
-59.7521
-64.3259
-65.2714
-65.1854
-64.6823
-64.1055
-63.583
-63.1543
-62.7971
-62.497
-62.2433
-62.0215
-61.7932
-61.6099
-61.4595
-61.3378
-61.2386
-61.1559
-61.0497
-60.9358
-60.8361
-60.765
-60.7113
-60.6261
-60.5694
-60.5315
-60.5101
-60.5004
-60.5001
-60.4705
-60.3897
-60.3413
-60.3156
-60.3078
-60.3084
-60.2569
-60.1481
-59.9921
-59.6933
-59.4118
-59.2047
-59.064
-58.9646
-58.8488
-58.7735
-58.7264
-58.7033
-58.6981
-58.7074
-58.729
-58.7608
-58.8014
-58.8492
-58.9033
-58.8534
-58.6786
-58.4455
-58.1515
-57.5641
-57.0281
-56.3975
-55.5667
-54.6803
-53.8445
-53.1681
-52.4877
-51.6824
-50.887
-50.2295
-49.6856
-49.2227
-48.819
-48.4052
-47.8824

