-70
-70.0758
-70.1508
-70.225
-70.2983
-70.3706
-70.4419
-70.5122
-70.5814
-70.6496
-70.7168
-70.7829
-70.848
-70.9121
-70.9752
-71.0373
-71.0984
-71.1586
-71.2178
-71.2761
-71.3334
-71.3899
-71.4455
-71.5003
-71.5543
-71.6074
-71.6598
-71.7114
-71.7623
-71.8124
-71.8619
-71.9106
-71.9587
-72.006
-72.0527
-72.0988
-72.1442
-72.1889
-72.2331
-72.2766
-72.3196
-72.362
-72.4038
-72.445
-72.4857
-72.5258
-72.5654
-72.6045
-72.6431
-72.6812
-72.7188
-72.756
-72.7927
-72.8289
-72.8647
-72.9
-72.9349
-72.9694
-73.0035
-73.0371
-73.0704
-73.1032
-73.1357
-73.1678
-73.1994
-73.2307
-73.2617
-73.2922
-73.3224
-73.3523
-73.3817
-73.4109
-73.4397
-73.4682
-73.4963
-73.5241
-73.5516
-73.5788
-73.6057
-73.6323
-73.6585
-73.6845
-73.7102
-73.7356
-73.7608
-73.7857
-73.8103
-73.8346
-73.8587
-73.8825
-73.9061
-73.9294
-73.9524
-73.9753
-73.9979
-74.0202
-74.0423
-74.0642
-74.0859
-74.1073
-74.1285
-74.1495
-74.1703
-74.1909
-74.2112
-74.2313
-74.2513
-74.271
-74.2905
-74.3098
-74.329
-74.3479
-74.3666
-74.3852
-74.4036
-74.4217
-74.4397
-74.4575
-74.4752
-74.4926
-74.5099
-74.527
-74.544
-74.5607
-74.5774
-74.5938
-74.6101
-74.6262
-74.6422
-74.658
-74.6736
-74.6891
-74.7045
-74.7197
-74.7347
-74.7496
-74.7644
-74.779
-74.7935
-74.8079
-74.8221
-74.8362
-74.8501
-74.864
-74.8777
-74.8913
-74.9047
-74.918
-74.9313
-74.9443
-74.9573
-74.9701
-74.9829
-74.9955
-75.008
-75.0204
-75.0327
-75.0448
-75.0569
-75.0688
-75.0806
-75.0924
-75.104
-75.1155
-75.1269
-75.1382
-75.1495
-75.1606
-75.1716
-75.1825
-75.1933
-75.204
-75.2147
-75.2252
-75.2356
-75.246
-75.2562
-75.2664
-75.2764
-75.2864
-75.2963
-75.3061
-75.3158
-75.3255
-75.335
-75.3445
-75.3538
-75.3631
-75.3724
-75.3815
-75.3906
-75.3995
-75.4084
-75.4172
-75.426
-75.4346
-75.4432
-75.4518
-75.4602
-75.4686
-75.4769
-75.4851
-75.4932
-75.5013
-75.5093
-75.5173
-75.5251
-75.533
-75.5407
-75.5484
-75.556
-75.5635
-75.571
-75.5784
-75.5858
-75.593
-75.6003
-75.6074
-75.6145
-75.6216
-75.6285
-75.6355
-75.6423
-75.6491
-75.6559
-75.6626
-75.6692
-75.6758
-75.6823
-75.6888
-75.6952
-75.7015
-75.7078
-75.7141
-75.7203
-75.7264
-75.7325
-75.7386
-75.7446
-75.7505
-75.7564
-75.7622
-75.768
-75.7738
-75.7795
-75.7851
-75.7907
-75.7963
-75.8018
-75.8072
-75.8127
-75.818
-75.8234
-75.8287
-75.8339
-75.8391
-75.8443
-75.8494
-75.8545
-75.8595
-75.8645
-75.8695
-75.8744
-75.8793
-75.8841
-75.8889
-75.8937
-75.8984
-75.9031
-75.9077
-75.9123
-75.9169
-75.9214
-75.9259
-75.9304
-75.9348
-75.9392
-75.9436
-75.9479
-75.9522
-75.9565
-75.9607
-75.9649
-75.969
-75.9731
-75.9772
-75.9813
-75.9853
-75.9893
-75.9933
-75.9972
-76.0011
-76.005
-76.0088
-76.0126
-76.0164
-76.0201
-76.0239
-76.0275
-76.0312
-76.0348
-76.0384
-76.042
-76.0456
-76.0491
-76.0526
-76.056
-76.0595
-76.0629
-76.0663
-76.0696
-76.0729
-76.0762
-76.0795
-76.0828
-76.086
-76.0892
-76.0924
-76.0955
-76.0986
-76.1017
-76.1048
-76.1079
-76.1109
-76.1139
-76.1169
-76.1198
-76.1228
-76.1257
-76.1286
-76.1314
-76.1343
-76.1371
-76.1399
-76.1427
-76.1455
-76.1482
-76.1509
-76.1536
-76.1563
-76.1589
-76.1615
-76.1642
-76.1667
-76.1693
-76.1719
-76.1744
-76.1769
-76.1794
-76.1819
-76.1843
-76.1868
-76.1892
-76.1916
-76.1939
-76.1963
-76.1986
-76.201
-76.2033
-76.2056
-76.2078
-76.2101
-76.2123
-76.2145
-76.2167
-76.2189
-76.2211
-76.2232
-76.2254
-76.2275
-76.2296
-76.2317
-76.2337
-76.2358
-76.2378
-76.2398
-76.2418
-76.2438
-76.2458
-76.2478
-76.2497
-76.2516
-76.2536
-76.2554
-76.2573
-76.2592
-76.2611
-76.2629
-76.2647
-76.2665
-76.2683
-76.2701
-76.2719
-76.2737
-76.2754
-76.2771
-76.2788
-76.2806
-76.2822
-76.2839
-76.2856
-76.2872
-76.2889
-76.2905
-76.2921
-76.2937
-76.2953
-76.2969
-76.2985
-76.3
-76.3016
-76.3031
-76.3046
-76.3061
-76.3076
-76.3091
-76.3106
-76.312
-76.3135
-76.3149
-76.3164
-76.3178
-76.3192
-76.3206
-76.322
-76.3233
-76.3247
-76.3261
-76.3274
-76.3287
-76.33
-76.3314
-76.3327
-76.334
-76.3352
-76.3365
-76.3378
-76.339
-76.3403
-76.3415
-76.3427
-76.3439
-76.3452
-76.3464
-76.3475
-76.3487
-76.3499
-76.351
-76.3522
-76.3533
-76.3545
-76.3556
-76.3567
-76.3578
-76.3589
-76.36
-76.3611
-76.3622
-76.3632
-76.3643
-76.3654
-76.3664
-76.3674
-76.3685
-76.3695
-76.3705
-76.3715
-76.3725
-76.3735
-76.3745
-76.3754
-76.3764
-76.3774
-76.3783
-76.3793
-76.3802
-76.3811
-76.382
-76.383
-76.3839
-76.3848
-76.3857
-76.3866
-76.3874
-76.3883
-76.3892
-76.39
-76.3909
-76.3917
-76.3926
-76.3934
-76.3943
-76.3951
-76.3959
-76.3967
-76.3975
-76.3983
-76.3991
-76.3999
-76.4007
-76.4014
-76.4022
-76.403
-76.4037
-76.4045
-76.4052
-76.406
-76.4067
-76.4074
-76.4082
-76.4089
-74.8509
-70.5394
-67.0677
-64.4383
-62.3694
-60.6139
-58.8923
-56.6604
-50.6804
33.9118
-16.0888
-50.9472
-78.9028
-79.1134
-79.0087
-78.8884
-78.7566
-78.6135
-78.2127
-76.3092
-75.1594
-74.474
-73.9313
-73.4415
-72.978
-72.5331
-72.1058
-71.6976
-71.3104
-70.9643
-71.0879
-71.2368
-71.3133
-71.3453
-71.3515
-71.3433
-71.328
-69.8222
-66.6825
-64.3011
-62.5421
-61.1593
-59.9686
-58.8
-57.4085
-55.0994
-43.9016
15.6
-25.0381
-69.8865
-79.5873
-79.6635
-79.6246
-79.5787
-79.5282
-79.4733
-79.4141
-79.3508
-79.2838
-79.2135
-79.1406
-79.0657
-78.9896
-78.9131
-78.837
-78.7619
-78.6886
-78.6176
-78.5494
-78.4843
-78.4226
-78.3644
-78.3098
-77.0596
-72.5269
-68.8104
-66.0323
-63.899
-62.1891
-60.7128
-59.5541
-59.8464
-60.3538
-60.8583
-61.3476
-60.2901
-58.8209
-57.1955
-54.427
-22.398
5.17046
-29.7821
-75.2995
-79.3291
-78.629
-78.344
-78.1468
-77.9396
-77.7181
-77.4347
-77.115
-76.7873
-76.5138
-76.2649
-76.0278
-75.7994
-75.5798
-75.4033
-75.2634
-75.1321
-75.0092
-74.8956
-74.7915
-74.697
-74.612
-74.5359
-74.4684
-74.409
-74.4462
-74.5591
-74.6457
-74.7098
-74.8022
-74.9546
-75.0697
-75.1531
-75.2153
-75.2628
-75.3
-75.3298
-75.3542
-75.3746
-75.392
-75.4071
-75.4204
-75.4325
-75.4435
-75.4537
-75.4632
-75.477
-75.533
-75.5846
-75.6254
-75.6582
-75.6852
-75.7075
-75.7265
-75.7427
-75.7568
-75.7692
-75.7802
-75.7901
-75.7992
-75.8075
-75.8152
-75.8225
-75.8293
-75.8358
-75.842
-75.8479
-75.8536
-75.8592
-75.8646
-75.8699
-75.8751
-75.8801
-75.8851
-75.89
-75.8949
-75.8996
-75.9044
-75.909
-75.9136
-75.9182
-75.9227
-75.9272
-72.2393
-68.3294
-65.3737
-63.0961
-61.2359
-59.5329
-57.5969
-54.083
42.9622
-1.75756
-33.8821
-77.7608
-78.9758
-78.6881
-78.5226
-78.3494
-78.1619
-77.9604
-77.7454
-77.5182
-77.2806
-74.9897
-73.027
-71.776
-70.8679
-70.1387
-69.5174
-68.9708
-68.4826
-67.6885
-65.2996
-63.249
-62.5871
-62.532
-62.4993
-62.4714
-62.4517
-62.4422
-62.4442
-62.4585
-62.1744
-60.4007
-58.6607
-56.8392
-53.8574
-17.2509
1.57781
-32.007
-76.0963
-79.4882
-79.4908
-79.4298
-79.3604
-79.2844
-79.1008
-78.8797
-78.7264
-78.5937
-78.4657
-78.3386
-78.2119
-78.0863
-77.9628
-77.8422
-77.7257
-77.614
-77.5079
-77.4077
-77.314
-77.2267
-77.1461
-77.072
-77.0042
-76.9425
-76.8865
-76.836
-76.7906
-76.7499
-76.7135
-76.681
-74.2237
-69.9883
-66.7138
-64.2311
-62.2714
-60.6016
-58.9625
-56.871
-51.8304
39.1029
-12.9337
-45.6071
-78.6317
-78.9718
-78.8522
-78.714
-78.5628
-78.3988
-78.2224
-78.0342
-77.7709
-76.5064
-74.181
-72.7862
-71.9013
-71.2431
-70.7033
-70.2366
-69.8221
-69.5645
-70.292
-70.8526
-71.1738
-71.3604
-71.4696
-71.5334
-71.5704
-71.5918
-71.8763
-72.2619
-72.5423
-72.7456
-72.8971
-73.0131
-73.1041
-73.1774
-73.2379
-73.2889
-73.333
-73.3718
-73.4068
-73.4389
-73.4687
-73.4967
-73.5235
-73.5493
-73.5744
-73.5988
-73.6228
-73.6465
-73.6699
-73.693
-73.716
-73.7389
-73.7616
-73.7842
-73.8067
-73.8291
-73.8514
-73.8736
-73.8957
-73.9177
-73.9396
-73.9614
-73.983
-74.0045
-74.0259
-74.0471
-74.0682
-74.0892
-74.1099
-74.1306
-74.1511
-74.1714
-74.1915
-74.2115
-74.2313
-74.2509
-74.2704
-74.2897
-74.3088
-74.3278
-74.3466
-74.3652
-74.3836
-74.4018
-74.4199
-74.4379
-74.4556
-74.4732
-74.4906
-74.5078
-74.5249
-74.5418
-74.5586
-74.5752
-74.5916
-74.6079
-74.624
-71.1028
-67.365
-64.5333
-62.3311
-60.4841
-58.6836
-56.3211
-49.2615
28.6827
-18.7517
-56.9606
-79.5099
-79.719
-79.6878
-79.6483
-79.6045
-79.5563
-79.5039
-79.4473
-76.6397
-74.5835
-73.419
-72.6094
-71.9576
-71.3897
-70.8759
-70.4036
-69.5839
-67.0529
-64.914
-63.3191
-62.0613
-61.0021
-60.0352
-59.0554
-57.9069
-56.1086
-49.7846
30.8158
-18.34
-55.0677
-79.0258
-79.2739
-79.1918
-79.0936
-78.8901
-77.1706
-76.2835
-75.8134
-75.4261
-75.0569
-74.6933
-74.3339
-73.9809
-73.637
-73.305
-72.9875
-72.6868
-72.4046
-72.1422
-71.9006
-71.6802
-71.6695
-71.9112
-72.1009
-72.3006
-72.7379
-73.0839
-73.3315
-73.5133
-73.6502
-73.7558
-73.8389
-73.9059
-73.961
-74.0073
-74.0469
-74.0815
-74.1123
-74.1401
-74.1656
-74.1893
-74.2116
-74.2328
-74.2532
-74.2728
-74.2919
-74.3106
-74.3289
-74.3468
-74.3646
-74.3821
-74.3995
-74.4167
-74.4337
-74.4506
-74.4674
-72.6228
-68.6417
-65.5094
-63.1222
-61.1964
-59.4567
-57.5043
-54.0098
41.2359
-1.8981
-34.0005
-77.7094
-79.7121
-79.7044
-78.4191
-77.9028
-77.6348
-77.378
-77.1093
-76.8278
-76.5349
-76.2334
-75.9263
-73.4709
-71.179
-69.6186
-68.4767

