-70
-69.8623
-69.7285
-69.5983
-69.4718
-69.3487
-69.2291
-69.1128
-68.9997
-68.8897
-68.7828
-68.6789
-68.5778
-68.4795
-68.3839
-68.291
-68.2007
-68.1128
-68.0274
-67.9443
-67.8636
-67.7851
-67.7087
-67.6345
-67.5623
-67.4921
-67.4238
-67.3574
-67.2929
-67.2301
-67.1691
-67.1098
-67.0521
-66.996
-66.9414
-66.8884
-66.8368
-66.7866
-66.7378
-66.6904
-66.6443
-66.5994
-66.5558
-66.5133
-66.4721
-66.432
-66.393
-66.355
-66.3181
-66.2823
-66.2474
-66.2134
-66.1805
-66.1484
-66.1172
-66.0868
-66.0573
-66.0286
-66.0007
-65.9736
-65.9472
-65.9215
-65.8966
-65.8723
-65.8487
-65.8257
-65.8034
-65.7817
-65.7606
-65.74
-65.72
-65.7006
-65.6817
-65.6633
-65.6455
-65.6281
-65.6112
-65.5948
-65.5788
-65.5632
-65.5481
-65.5334
-65.5191
-65.5052
-65.4917
-65.4785
-65.4657
-65.4533
-65.4412
-65.4294
-65.418
-65.4068
-65.396
-65.3855
-65.3752
-65.3653
-65.3556
-65.3462
-65.337
-65.3281
-65.3194
-65.311
-65.3028
-65.2948
-65.2871
-65.2795
-65.2722
-65.2651
-65.2581
-65.2514
-65.2448
-65.2385
-65.2322
-65.2262
-65.2203
-65.2146
-65.2091
-65.2037
-65.1984
-65.1933
-65.1884
-65.1835
-65.1788
-65.1743
-65.1698
-65.1655
-65.1613
-65.1572
-65.1532
-65.1493
-65.1456
-65.1419
-65.1384
-65.1349
-65.1315
-65.1283
-65.1251
-65.122
-65.119
-65.1161
-65.1132
-65.1104
-65.1077
-65.1051
-65.1026
-65.1001
-65.0977
-65.0953
-65.0931
-65.0908
-65.0887
-65.0866
-65.0845
-65.0826
-65.0806
-65.0788
-65.0769
-65.0752
-65.0734
-65.0718
-65.0701
-65.0685
-65.067
-65.0655
-65.064
-65.0626
-65.0612
-65.0599
-65.0586
-65.0573
-65.0561
-65.0549
-65.0537
-65.0526
-65.0514
-65.0504
-65.0493
-65.0483
-65.0473
-65.0464
-65.0454
-65.0445
-65.0436
-65.0428
-65.0419
-65.0411
-65.0403
-65.0395
-65.0388
-65.0381
-65.0374
-65.0367
-65.036
-65.0353
-65.0347
-65.0341
-65.0335
-65.0329
-65.0323
-65.0318
-65.0313
-65.0307
-65.0302
-65.0297
-65.0293
-65.0288
-65.0283
-65.0279
-65.0275
-65.027
-65.0266
-65.0262
-65.0259
-65.0255
-65.0251
-65.0248
-65.0244
-65.0241
-65.0238
-65.0234
-65.0231
-65.0228
-65.0225
-65.0223
-65.022
-65.0217
-65.0215
-65.0212
-65.021
-65.0207
-65.0205
-65.0203
-65.02
-65.0198
-65.0196
-65.0194
-65.0192
-65.019
-65.0188
-65.0187
-65.0185
-65.0183
-65.0181
-65.018
-65.0178
-65.0177
-65.0175
-65.0174
-65.0172
-65.0171
-65.017
-65.0168
-65.0167
-65.0166
-65.0165
-65.0163
-65.0162
-65.0161
-65.016
-65.0159
-65.0158
-65.0157
-65.0156
-65.0155
-65.0154
-65.0153
-65.0153
-65.0152
-65.0151
-65.015
-65.0149
-65.0149
-65.0148
-65.0147
-65.0147
-65.0146
-65.0145
-65.0145
-65.0144
-65.0143
-65.0143
-65.0142
-65.0142
-65.0141
-65.0141
-65.014
-65.014
-65.0139
-65.0139
-65.0138
-65.0138
-65.0137
-65.0137
-65.0137
-65.0136
-65.0136
-65.0135
-65.0135
-65.0135
-65.0134
-65.0134
-65.0134
-65.0133
-65.0133
-65.0133
-65.0133
-65.0132
-65.0132
-65.0132
-65.0131
-65.0131
-65.0131
-65.0131
-65.0131
-65.013
-65.013
-65.013
-65.013
-65.0129
-65.0129
-65.0129
-65.0129
-65.0129
-65.0129
-65.0128
-65.0128
-65.0128
-65.0128
-65.0128
-65.0128
-65.0127
-65.0127
-65.0127
-65.0127
-65.0127
-65.0127
-65.0127
-65.0127
-65.0126
-65.0126
-65.0126
-65.0126
-65.0126
-65.0126
-65.0126
-65.0126
-65.0126
-65.0126
-65.0125
-65.0125
-65.0125
-65.0125
-65.0125
-65.0125
-65.0125
-65.0125
-65.0125
-65.0125
-65.0125
-65.0125
-65.0125
-65.0124
-65.0124
-65.0124
-65.0124
-65.0124
-65.0124
-65.0124
-65.0124
-65.0124
-65.0124
-65.0124
-65.0124
-65.0124
-65.0124
-65.0124
-65.0124
-65.0124
-65.0124
-65.0124
-65.0124
-65.0124
-65.0124
-65.0124
-65.0123
-65.0123
-65.0123
-65.0123
-65.0123
-65.0123
-65.0123
-65.0123
-65.0123
-65.0123
-65.0123
-65.0123
-65.0123
-65.0123
-65.0123
-65.0123
-65.0123
-65.0123
-65.0123
-65.0123
-65.0123
-65.0123
-65.0123
-65.0123
-65.0123
-65.0123
-65.0123
-65.0123
-65.0123
-65.0123
-65.0123
-65.0123
-65.0123
-65.0123
-65.0123
-65.0123
-65.0123
-65.0123
-65.0123
-65.0123
-65.0123
-65.0123
-65.0123
-65.0123
-65.0123
-65.0123
-65.0123
-65.0123
-65.0123
-65.0123
-65.0123
-65.0123
-65.0123
-65.0123
-65.0123
-65.0123
-65.0123
-65.0123
-65.0123
-65.0123
-65.0123
-65.0123
-65.0123
-65.0123
-65.0123
-65.0123
-65.0123
-65.0123
-65.0123
-65.0123
-65.0123
-65.0123
-65.0123
-65.0123
-64.8272
-64.6749
-64.5616
-64.4807
-64.4179
-64.3677
-64.3273
-64.2951
-64.2696
-64.2499
-64.2351
-64.2244
-64.2173
-64.2132
-64.2117
-64.2125
-64.2152
-64.2195
-64.2252
-64.2321
-64.2401
-64.2489
-64.2584
-64.2685
-64.2792
-64.2902
-64.3016
-64.3133
-64.3251
-64.3371
-64.3491
-64.3613
-64.3734
-64.3855
-64.3456
-64.2321
-64.1589
-64.1065
-64.0712
-64.0455
-64.027
-64.0142
-64.0062
-64.0021
-64.0014
-64.0034
-64.0079
-64.0143
-64.0224
-64.0319
-64.0426
-64.0543
-64.0668
-64.0131
-63.9784
-63.7956
-63.1861
-62.6867
-62.2165
-61.6293
-61.0332
-60.0218
-59.2481
-58.3583
-57.6412
-56.9658
-56.4728
-56.094
-55.6403
-55.2048
-54.8431
-54.3712
-54.0361
-53.7426
-53.523
-53.3644
-53.2528
-53.1215
-53.0305
-52.9511
-52.8304
-52.695
-52.5634
-52.4821
-52.4137
-52.3901
-52.3838
-52.3633
-52.357
-52.3831
-52.4347
-52.5068
-52.5951
-52.6974
-52.8121
-52.9376
-53.0725
-53.2157
-53.3661
-53.4478
-53.4917
-53.5223
-53.5519
-53.5708
-53.6216
-53.6557
-53.7171
-53.8014
-53.9043
-54.0205
-54.1471
-54.2512
-54.3334
-54.4163
-54.5193
-54.5555
-54.6257
-54.7169
-54.8266
-54.9444
-54.9851
-55.0233
-55.0634
-55.0266
-54.977
-54.9399
-54.9108
-54.8817
-54.8361
-54.8109
-54.7084
-54.6629
-54.5563
-54.3999
-54.072
-53.7879
-53.4887
-53.2334
-52.9058
-52.4865
-52.0556
-51.5906
-51.1603
-50.8016
-50.5259
-50.262
-50.042
-49.8623
-49.6774
-49.4696
-49.2315
-48.9838
-48.726
-48.3866
-48.0632
-47.7476
-47.4388
-47.1143
-46.7538
-46.3273
-45.7978
-45.0877
-44.0415
-42.2154
-37.4393
25.1669
16.5539
-24.483
-51.0475
-59.7344
-62.2131
-63.0882
-63.4489
-63.5994
-63.6585
-63.6776
-63.6798
-63.6753
-63.6687
-63.662
-63.656
-63.6512
-63.6475
-63.645
-63.6435
-63.6431
-63.6435
-63.6448
-63.6468
-63.6494
-63.6527
-63.6565
-63.6607
-63.6654
-63.6704
-63.6758
-63.6815
-63.6873
-63.6935
-63.6997
-63.7062
-63.7128
-63.7195
-63.7262
-63.7331
-63.74
-63.7469
-63.7538
-63.7608
-63.7678
-63.7747
-63.7817
-63.7886
-63.7954
-63.8023
-63.8091
-63.8158
-63.8225
-63.8292
-63.8358
-63.8423
-63.8488
-63.8552
-63.8615
-63.7727
-63.6295
-63.5309
-63.4597
-63.4083
-63.3599
-63.2744
-63.2144
-63.1695
-63.1375
-63.0835
-62.7748
-62.1452
-61.6109
-61.1693
-60.7926
-60.1132
-59.1967
-58.3439
-57.5295
-56.9095
-56.4394
-55.9823
-55.642
-55.188
-54.7725
-54.472
-54.2551
-54.1015
-53.9722
-53.8361
-53.753
-53.6813
-53.6189
-53.5618
-53.5286
-53.4757
-53.4124
-53.3694
-53.3421
-53.3544
-53.3093
-53.2149
-53.1721
-53.1725
-53.2075
-53.2661
-53.3434
-53.4365
-53.5431
-53.6255
-53.6946
-53.744
-53.759
-53.729
-53.647
-53.6233
-53.643
-53.6893
-53.7209
-53.7832
-53.8662
-53.967
-54.0809
-54.2054
-54.3389
-54.4799
-54.6272
-54.7795
-54.9359
-55.0956
-55.2577
-55.3836
-55.5119
-55.6502
-55.7964
-55.9063
-55.9965
-56.0126
-56.0498
-56.0854
-55.9949
-55.8217
-55.6778
-55.5078
-55.3382
-55.1438
-54.9894
-54.8467
-54.7712
-54.7129
-54.5235
-54.3705
-54.1909
-53.9583
-53.7795
-53.6436
-53.4959
-53.315
-53.1283
-52.9095
-52.5529
-52.2083
-51.916
-51.6638
-51.4426
-51.2613
-51.0738
-50.8778
-50.7435
-50.6379
-50.5616
-50.4989
-50.3234
-50.1331
-49.9727
-49.8662
-49.7597
-49.6888
-49.6444
-49.6214
-49.5834
-49.527
-49.474
-49.4513
-49.451
-49.4695
-49.5034
-49.5516
-49.6133
-49.6881
-49.7756
-49.8753
-49.9872
-50.1106
-50.2453
-50.3909
-50.5471
-50.7137
-50.8894
-51.0731
-51.264
-51.4616
-51.6656
-51.8752
-52.0891
-52.3062
-52.5263
-52.7488
-52.9731
-53.198
-53.423
-53.6478
-53.8721
-54.0953
-54.3167
-54.5361
-54.7535
-54.9685
-55.1807
-55.3899
-55.596
-55.7989
-55.9986
-56.1948
-56.3874
-56.5764
-56.7619
-56.9438
-57.1221
-57.2966
-57.4675
-57.6348
-57.7985
-57.9587
-58.1153
-58.2684
-58.4181
-58.5643
-58.7072
-58.8469
-58.9833
-59.1165
-59.2466
-59.3736
-59.4975
-59.6185
-59.7367
-59.852
-59.9645
-60.0743
-60.1815
-60.286
-60.388
-60.4875
-60.5846
-60.6792
-60.7716
-60.8617
-60.9497
-61.0354
-61.119
-61.2006
-61.206
-61.1194
-60.819
-60.6105
-60.4294
-60.3169
-60.2421
-60.196
-59.9987
-59.7748
-59.5015
-59.109
-58.8029
-58.5895
-58.399
-57.4579
-56.3997
-55.6488
-55.1161
-54.7109
-54.2655
-53.9391
-53.6564
-53.4422
-53.2137
-53.0333
-52.9102
-52.8148
-52.7467
-52.7157
-52.715
-52.7008
-52.5544
-52.4356
-52.2827
-52.1006
-51.9819
-51.8912
-51.8029
-51.7486
-51.715
-51.7189
-51.7501
-51.8047
-51.8555
-51.8295
-51.8207
-51.8509
-51.9121
-51.9961
-52.0972
-52.213
-52.3415
-52.4812
-52.6308
-52.7886
-52.9258
-53.069
-53.2214
-53.3484
-53.4931
-53.6486
-53.8062
-53.9316
-54.0386
-54.1246
-54.2327
-54.359
-54.4986
-54.6468
-54.8013
-54.9125
-55.04
-55.1782
-55.3257
-55.4438
-55.5601
-55.6738
-55.7737
-55.8714
-55.9512
-56.0199
-56.1124
-56.2163
-56.2852
-56.376
-56.4796
-56.594
-56.715
-56.8375
-56.9155
-56.998
-57.0087
-57.0569
-57.1257
-57.1889
-57.1936
-57.1584
-57.0244
-56.8615
-56.5362
-56.145
-55.7859
-55.3247
-54.6992
-54.2003
-53.7407
-53.2839
-52.7628
-52.3034
-51.96
-51.7092
-51.5245
-51.3891
-51.294

