-70
-70.0758
-70.1508
-70.225
-70.2983
-70.3706
-70.4419
-70.5122
-70.5814
-70.6496
-70.7168
-70.7829
-70.848
-70.9121
-70.9752
-71.0373
-71.0984
-71.1586
-71.2178
-71.2761
-71.3334
-71.3899
-71.4455
-71.5003
-71.5543
-71.6074
-71.6598
-71.7114
-71.7623
-71.8124
-71.8619
-71.9106
-71.9587
-72.006
-72.0527
-72.0988
-72.1442
-72.1889
-72.2331
-72.2766
-72.3196
-72.362
-72.4038
-72.445
-72.4857
-72.5258
-72.5654
-72.6045
-72.6431
-72.6812
-72.7188
-72.756
-72.7927
-72.8289
-72.8647
-72.9
-72.9349
-72.9694
-73.0035
-73.0371
-73.0704
-73.1032
-73.1357
-73.1678
-73.1994
-73.2307
-73.2617
-73.2922
-73.3224
-73.3523
-73.3817
-73.4109
-73.4397
-73.4682
-73.4963
-73.5241
-73.5516
-73.5788
-73.6057
-73.6323
-73.6585
-73.6845
-73.7102
-73.7356
-73.7608
-73.7857
-73.8103
-73.8346
-73.8587
-73.8825
-73.9061
-73.9294
-73.9524
-73.9753
-73.9979
-74.0202
-74.0423
-74.0642
-74.0859
-74.1073
-74.1285
-74.1495
-74.1703
-74.1909
-74.2112
-74.2313
-74.2513
-74.271
-74.2905
-74.3098
-74.329
-74.3479
-74.3666
-74.3852
-74.4036
-74.4217
-74.4397
-74.4575
-74.4752
-74.4926
-74.5099
-74.527
-74.544
-74.5607
-74.5774
-74.5938
-74.6101
-74.6262
-74.6422
-74.658
-74.6736
-74.6891
-74.7045
-74.7197
-74.7347
-74.7496
-74.7644
-74.779
-74.7935
-74.8079
-74.8221
-74.8362
-74.8501
-74.864
-74.8777
-74.8913
-74.9047
-74.918
-74.9313
-74.9443
-74.9573
-74.9701
-74.9829
-74.9955
-75.008
-75.0204
-75.0327
-75.0448
-75.0569
-75.0688
-75.0806
-75.0924
-75.104
-75.1155
-75.1269
-75.1382
-75.1495
-75.1606
-75.1716
-75.1825
-75.1933
-75.204
-75.2147
-75.2252
-75.2356
-75.246
-75.2562
-75.2664
-75.2764
-75.2864
-75.2963
-75.3061
-75.3158
-75.3255
-75.335
-75.3445
-75.3538
-75.3631
-75.3724
-75.3815
-75.3906
-75.3995
-75.4084
-75.4172
-75.426
-75.4346
-75.4432
-75.4518
-75.4602
-75.4686
-75.4769
-75.4851
-75.4932
-75.5013
-75.5093
-75.5173
-75.5251
-75.533
-75.5407
-75.5484
-75.556
-75.5635
-75.571
-75.5784
-75.5858
-75.593
-75.6003
-75.6074
-75.6145
-75.6216
-75.6285
-75.6355
-75.6423
-75.6491
-75.6559
-75.6626
-75.6692
-75.6758
-75.6823
-75.6888
-75.6952
-75.7015
-75.7078
-75.7141
-75.7203
-75.7264
-75.7325
-75.7386
-75.7446
-75.7505
-75.7564
-75.7622
-75.768
-75.7738
-75.7795
-75.7851
-75.7907
-75.7963
-75.8018
-75.8072
-75.8127
-75.818
-75.8234
-75.8287
-75.8339
-75.8391
-75.8443
-75.8494
-75.8545
-75.8595
-75.8645
-75.8695
-75.8744
-75.8793
-75.8841
-75.8889
-75.8937
-75.8984
-75.9031
-75.9077
-75.9123
-75.9169
-75.9214
-75.9259
-75.9304
-75.9348
-75.9392
-75.9436
-75.9479
-75.9522
-75.9565
-75.9607
-75.9649
-75.969
-75.9731
-75.9772
-75.9813
-75.9853
-75.9893
-75.9933
-75.9972
-76.0011
-76.005
-76.0088
-76.0126
-76.0164
-76.0201
-76.0239
-76.0275
-76.0312
-76.0348
-76.0384
-76.042
-76.0456
-76.0491
-76.0526
-76.056
-76.0595
-76.0629
-76.0663
-76.0696
-76.0729
-76.0762
-76.0795
-76.0828
-76.086
-76.0892
-76.0924
-76.0955
-76.0986
-76.1017
-76.1048
-76.1079
-76.1109
-76.1139
-76.1169
-76.1198
-76.1228
-76.1257
-76.1286
-76.1314
-76.1343
-76.1371
-76.1399
-76.1427
-76.1455
-76.1482
-76.1509
-76.1536
-76.1563
-76.1589
-76.1615
-76.1642
-76.1667
-76.1693
-76.1719
-76.1744
-76.1769
-76.1794
-76.1819
-76.1843
-76.1868
-76.1892
-76.1916
-76.1939
-76.1963
-76.1986
-76.201
-76.2033
-76.2056
-76.2078
-76.2101
-76.2123
-76.2145
-76.2167
-76.2189
-76.2211
-76.2232
-76.2254
-76.2275
-76.2296
-76.2317
-76.2337
-76.2358
-76.2378
-76.2398
-76.2418
-76.2438
-76.2458
-76.2478
-76.2497
-76.2516
-76.2536
-76.2554
-76.2573
-76.2592
-76.2611
-76.2629
-76.2647
-76.2665
-76.2683
-76.2701
-76.2719
-76.2737
-76.2754
-76.2771
-76.2788
-76.2806
-76.2822
-76.2839
-76.2856
-76.2872
-76.2889
-76.2905
-76.2921
-76.2937
-76.2953
-76.2969
-76.2985
-76.3
-76.3016
-76.3031
-76.3046
-76.3061
-76.3076
-76.3091
-76.3106
-76.312
-76.3135
-76.3149
-76.3164
-76.3178
-76.3192
-76.3206
-76.322
-76.3233
-76.3247
-76.3261
-76.3274
-76.3287
-76.33
-76.3314
-76.3327
-76.334
-76.3352
-76.3365
-76.3378
-76.339
-76.3403
-76.3415
-76.3427
-76.3439
-76.3452
-76.3464
-76.3475
-76.3487
-76.3499
-76.351
-76.3522
-76.3533
-76.3545
-76.3556
-76.3567
-76.3578
-76.3589
-76.36
-76.3611
-76.3622
-76.3632
-76.3643
-76.3654
-76.3664
-76.3674
-76.3685
-76.3695
-76.3705
-76.3715
-76.3725
-76.3735
-76.3745
-76.3754
-76.3764
-76.3774
-76.3783
-76.3793
-76.3802
-76.3811
-76.382
-76.383
-76.3839
-76.3848
-76.3857
-76.3866
-76.3874
-76.3883
-76.3892
-76.39
-76.3909
-76.3917
-76.3926
-76.3934
-76.3943
-76.3951
-76.3959
-76.3967
-76.3975
-76.3983
-76.3991
-76.3999
-76.4007
-76.4014
-76.4022
-76.403
-76.4037
-76.4045
-76.4052
-73.0945
-69.0255
-65.9295
-63.5553
-61.6413
-59.9385
-58.1125
-55.246
-31.2515
9.69463
-27.3558
-73.7447
-79.0249
-78.7511
-78.5907
-78.4241
-78.2434
-78.0487
-77.8404
-77.6198
-77.3884
-75.137
-73.2319
-72.0281
-71.1533
-70.4465
-69.8396
-69.3018
-68.8181
-68.3811
-68.19
-68.6086
-68.9426
-69.6431
-70.9007
-71.7333
-72.2513
-72.4644
-70.1224
-69.0314
-69.1087
-69.5194
-70.4372
-71.0257
-71.3094
-71.4563
-71.5398
-71.5919
-71.628
-71.6556
-71.6788
-71.6997
-71.9078
-72.302
-72.585
-72.7823
-72.925
-73.0317
-73.1142
-73.18
-73.2339
-73.2794
-73.3188
-73.3538
-73.3854
-72.4135
-68.866
-66.745
-65.4778
-64.6373
-64.0639
-63.6655
-63.3864
-63.1932
-63.0643
-62.9847
-62.9439
-62.9346
-62.952
-62.9922
-63.0522
-63.1291
-61.7607
-59.6087
-57.561
-54.7653
-40.4687
11.0201
-27.1398
-72.2062
-79.4463
-78.843
-78.2304
-77.9683
-77.738
-77.4962
-77.2404
-76.9717
-76.6922
-76.4045
-74.312
-72.5081
-71.693
-71.3732
-71.2312
-71.3595
-71.4688
-71.9292
-72.3951
-73.2711
-73.8234
-74.2085
-74.4473
-74.5449
-74.5836
-74.5987
-74.6038
-74.6049
-74.6044
-74.6637
-74.7766
-74.8507
-74.8979
-74.9297
-74.9521
-74.9688
-74.9819
-74.9927
-75.0432
-75.1365
-75.2074
-75.2596
-75.2992
-75.3301
-75.3548
-75.3751
-75.3922
-75.4069
-75.4198
-75.4314
-75.4419
-75.4516
-75.4606
-75.4693
-75.4775
-75.4855
-75.4932
-75.5008
-75.5082
-75.5155
-75.5227
-75.5299
-75.537
-75.5441
-75.5511
-75.5581
-75.5651
-75.572
-75.5789
-75.5858
-75.5927
-75.5995
-75.6063
-75.6131
-75.6198
-75.6265
-75.6332
-75.6398
-75.6464
-75.653
-75.6596
-75.6661
-75.6725
-75.6789
-75.6853
-75.6916
-75.6979
-75.7042
-75.7104
-75.7165
-75.7227
-72.9228
-68.8699
-65.7599
-63.3777
-61.4537
-59.7268
-57.8312
-54.6487
7.68731
3.17908
-30.7822
-76.4408
-79.015
-78.706
-78.5391
-78.3672
-78.1812
-77.9809
-77.7672
-77.5412
-77.3045
-75.2298
-73.1829
-71.8811
-70.9483
-70.2052
-69.5749
-69.0217
-69.0043
-68.9434
-67.4772
-66.9276
-66.9938
-67.0369
-67.0505
-67.0519
-67.05
-67.3313
-68.0581
-68.7595
-68.2127
-67.015
-67.4195
-68.0371
-68.6776
-69.3757
-69.7771
-70.0091
-70.3947
-70.929
-71.2672
-71.4788
-71.6188
-71.7166
-71.7886
-71.8446
-71.8902
-71.9292
-71.9638
-71.9957
-72.0259
-72.1176
-72.4931
-72.8141
-73.0566
-73.2439
-73.3916
-73.5103
-73.6074
-73.6883
-72.7361
-69.0479
-66.1247
-64.0125
-62.4211
-61.1459
-60.0287
-58.9172
-57.585
-55.4012
-46.1925
20.04
-22.9857
-66.1349
-79.6367
-79.7683
-79.7427
-79.7101
-78.4407
-77.0072
-76.3945
-75.9771
-75.5947
-75.2168
-74.8382
-74.4601
-74.0855
-72.3407
-69.7271
-67.8224
-66.431
-65.3629
-64.8895
-65.4971
-66.6187
-67.3977
-68.218
-69.0616
-67.5893
-66.504
-67.074
-67.6162
-67.9261
-68.1132
-68.469
-69.1218
-69.5594
-70.2099
-70.9215
-71.6862
-72.3214
-72.8923
-73.4291
-73.7559
-73.9514
-74.211
-74.3921
-74.5024
-74.5729
-74.6204
-74.654
-74.679
-74.6986
-74.7146
-74.7282
-74.7403
-74.7513
-74.7618
-74.7718
-74.7815
-74.7912
-74.8008
-74.8105
-74.8203
-74.8301
-74.8401
-74.8502
-74.8605
-74.8709
-74.8814
-74.892
-74.9028
-74.9136
-74.9246
-74.9356
-74.9467
-74.9579
-74.9691
-74.9804
-74.9917
-75.003
-75.0143
-75.0256
-75.0369
-75.0482
-75.0594
-75.0707
-75.0819
-75.093
-75.1042
-75.1152
-75.1262
-75.1372
-75.1481
-75.1589
-75.1697
-75.1804
-75.191
-75.2016
-75.212
-75.2224
-75.2328
-75.243
-75.2532
-75.2633
-75.2733
-75.2832
-75.2931
-75.3028
-75.3125
-75.3222
-75.3317
-75.3411
-75.3505
-75.3598
-75.369
-75.3782
-75.3872
-75.3962
-75.4051
-75.414
-75.4227
-72.6425
-68.6181
-65.531
-63.1633
-61.2406
-59.49
-57.5006
-53.8187
45.6127
-3.61301
-35.2434
-78.1071
-78.9632
-78.6671
-78.499
-78.3233
-78.1334
-77.9293
-77.7117
-77.482
-77.2418
-74.9384
-72.9605
-71.6979
-70.7818
-70.0471
-69.4221
-68.8732
-68.8693
-69.4232
-68.5744
-67.6051
-67.1663
-66.9007
-66.7274
-66.6109
-66.5322
-66.6285
-67.3804
-67.9766
-68.5055
-68.5379
-67.1206
-67.3794
-68.4317
-69.3978
-70.0861
-70.4383
-70.6286
-70.7405
-70.9388
-71.403
-71.7148
-71.9091
-72.0372
-72.1264
-72.1919
-72.2426
-72.2839
-72.3191
-72.3503
-72.3789
-72.4059
-72.432
-72.4576
-72.483
-72.5084
-72.534
-72.5598
-72.586
-72.6125
-72.6394
-72.6667
-72.6944
-72.7224
-72.7508
-72.7794
-72.8083
-72.8375
-72.8668
-72.8963
-72.926
-72.9557
-72.9855
-73.0154
-73.0452
-73.075
-73.1048
-73.1345
-73.1641
-71.4077
-67.5999
-64.6001
-62.2958
-60.3881
-58.5515
-56.1626
-48.9943
27.7098
-19.3657
-58.1794
-78.8194
-78.8428
-78.7048
-78.5508
-78.383
-78.2017
-78.0074
-77.801
-77.3191
-74.9445

