-70
-70.0758
-70.1508
-70.225
-70.2983
-70.3706
-70.4419
-70.5122
-70.5814
-70.6496
-70.7168
-70.7829
-70.848
-70.9121
-70.9752
-71.0373
-71.0984
-71.1586
-71.2178
-71.2761
-71.3334
-71.3899
-71.4455
-71.5003
-71.5543
-71.6074
-71.6598
-71.7114
-71.7623
-71.8124
-71.8619
-71.9106
-71.9587
-72.006
-72.0527
-72.0988
-72.1442
-72.1889
-72.2331
-72.2766
-72.3196
-72.362
-72.4038
-72.445
-72.4857
-72.5258
-72.5654
-72.6045
-72.6431
-72.6812
-72.7188
-72.756
-72.7927
-72.8289
-72.8647
-72.9
-72.9349
-72.9694
-73.0035
-73.0371
-73.0704
-73.1032
-73.1357
-73.1678
-73.1994
-73.2307
-73.2617
-73.2922
-73.3224
-73.3523
-73.3817
-73.4109
-73.4397
-73.4682
-73.4963
-73.5241
-73.5516
-73.5788
-73.6057
-73.6323
-73.6585
-73.6845
-73.7102
-73.7356
-73.7608
-73.7857
-73.8103
-73.8346
-73.8587
-73.8825
-73.9061
-73.9294
-73.9524
-73.9753
-73.9979
-74.0202
-74.0423
-74.0642
-74.0859
-74.1073
-74.1285
-74.1495
-74.1703
-74.1909
-74.2112
-74.2313
-74.2513
-74.271
-74.2905
-74.3098
-74.329
-74.3479
-74.3666
-74.3852
-74.4036
-74.4217
-74.4397
-74.4575
-74.4752
-74.4926
-74.5099
-74.527
-74.544
-74.5607
-74.5774
-74.5938
-74.6101
-74.6262
-74.6422
-74.658
-74.6736
-74.6891
-74.7045
-74.7197
-74.7347
-74.7496
-74.7644
-74.779
-74.7935
-74.8079
-74.8221
-74.8362
-74.8501
-74.864
-74.8777
-74.8913
-74.9047
-74.918
-74.9313
-74.9443
-74.9573
-74.9701
-74.9829
-74.9955
-75.008
-75.0204
-75.0327
-75.0448
-75.0569
-75.0688
-75.0806
-75.0924
-75.104
-75.1155
-75.1269
-75.1382
-75.1495
-75.1606
-75.1716
-75.1825
-75.1933
-75.204
-75.2147
-75.2252
-75.2356
-75.246
-75.2562
-75.2664
-75.2764
-75.2864
-75.2963
-75.3061
-75.3158
-75.3255
-75.335
-75.3445
-75.3538
-75.3631
-75.3724
-75.3815
-75.3906
-75.3995
-75.4084
-75.4172
-75.426
-75.4346
-75.4432
-75.4518
-75.4602
-75.4686
-75.4769
-75.4851
-75.4932
-75.5013
-75.5093
-75.5173
-75.5251
-75.533
-75.5407
-75.5484
-75.556
-75.5635
-75.571
-75.5784
-75.5858
-75.593
-75.6003
-75.6074
-75.6145
-75.6216
-75.6285
-75.6355
-75.6423
-75.6491
-75.6559
-75.6626
-75.6692
-75.6758
-75.6823
-75.6888
-75.6952
-75.7015
-75.7078
-75.7141
-75.7203
-75.7264
-75.7325
-75.7386
-75.7446
-75.7505
-75.7564
-75.7622
-75.768
-75.7738
-75.7795
-75.7851
-75.7907
-75.7963
-75.8018
-75.8072
-75.8127
-75.818
-75.8234
-75.8287
-75.8339
-75.8391
-75.8443
-75.8494
-75.8545
-75.8595
-75.8645
-75.8695
-75.8744
-75.8793
-75.8841
-75.8889
-75.8937
-75.8984
-75.9031
-75.9077
-75.9123
-75.9169
-75.9214
-75.9259
-75.9304
-75.9348
-75.9392
-75.9436
-75.9479
-75.9522
-75.9565
-75.9607
-75.9649
-75.969
-75.9731
-75.9772
-75.9813
-75.9853
-75.9893
-75.9933
-75.9972
-76.0011
-76.005
-76.0088
-76.0126
-76.0164
-76.0201
-76.0239
-76.0275
-76.0312
-76.0348
-76.0384
-76.042
-76.0456
-76.0491
-76.0526
-76.056
-76.0595
-76.0629
-76.0663
-76.0696
-76.0729
-76.0762
-76.0795
-76.0828
-76.086
-76.0892
-76.0924
-76.0955
-76.0986
-76.1017
-76.1048
-76.1079
-76.1109
-76.1139
-76.1169
-76.1198
-76.1228
-76.1257
-76.1286
-76.1314
-76.1343
-76.1371
-76.1399
-76.1427
-76.1455
-76.1482
-76.1509
-76.1536
-76.1563
-76.1589
-76.1615
-76.1642
-76.1667
-76.1693
-76.1719
-76.1744
-76.1769
-76.1794
-76.1819
-76.1843
-76.1868
-76.1892
-76.1916
-76.1939
-76.1963
-76.1986
-76.201
-76.2033
-76.2056
-76.2078
-76.2101
-76.2123
-76.2145
-76.2167
-76.2189
-76.2211
-76.2232
-76.2254
-76.2275
-76.2296
-76.2317
-76.2337
-76.2358
-76.2378
-76.2398
-76.2418
-76.2438
-76.2458
-76.2478
-76.2497
-76.2516
-76.2536
-76.2554
-76.2573
-76.2592
-76.2611
-76.2629
-76.2647
-76.2665
-76.2683
-76.2701
-76.2719
-76.2737
-76.2754
-76.2771
-76.2788
-76.2806
-76.2822
-76.2839
-76.2856
-76.2872
-76.2889
-76.2905
-76.2921
-76.2937
-76.2953
-76.2969
-76.2985
-76.3
-76.3016
-76.3031
-76.3046
-76.3061
-76.3076
-76.3091
-76.3106
-76.312
-76.3135
-76.3149
-76.3164
-76.3178
-76.3192
-76.3206
-76.322
-76.3233
-76.3247
-76.3261
-76.3274
-76.3287
-76.33
-76.3314
-76.3327
-76.334
-76.3352
-76.3365
-76.3378
-76.339
-76.3403
-76.3415
-76.3427
-76.3439
-76.3452
-76.3464
-76.3475
-76.3487
-76.3499
-76.351
-76.3522
-76.3533
-76.3545
-76.3556
-76.3567
-76.3578
-76.3589
-76.36
-76.3611
-76.3622
-76.3632
-76.3643
-76.3654
-76.3664
-76.3674
-76.3685
-76.3695
-76.3705
-76.3715
-76.3725
-76.3735
-76.3745
-76.3754
-76.3764
-76.3774
-76.3783
-76.3793
-76.3802
-76.3811
-76.382
-76.383
-76.3839
-76.3848
-76.3857
-76.3866
-76.3874
-76.3883
-76.3892
-76.39
-76.3909
-76.3917
-76.3926
-76.3934
-76.3943
-76.3951
-76.3959
-76.3967
-76.3975
-76.3983
-76.3991
-76.3999
-76.4007
-76.4014
-76.4022
-76.403
-76.4037
-76.4045
-76.4052
-76.406
-75.9818
-71.7886
-67.4378
-61.8514
-57.3919
-49.6155
30.047
-17.5987
-54.2691
-79.014
-79.1466
-78.434
-77.6405
-76.0704
-75.2639
-74.758
-74.2817
-73.8001
-73.3114
-72.8188
-71.1181
-68.6895
-65.532
-63.3487
-61.9023
-60.8078
-59.8722
-58.9728
-57.9864
-56.6921
-54.3547
-46.4382
19.5053
-23.6179
-66.3827
-79.3602
-79.4916
-78.1598
-77.47
-75.5144
-74.5562
-74.0312
-73.678
-73.2988
-72.902
-72.612
-72.4705
-72.2603
-72.0185
-71.7731
-71.5358
-71.312
-71.1044
-70.9143
-70.7423
-70.6076
-70.9539
-71.2867
-71.513
-71.6701
-71.7824
-71.8652
-71.9285
-71.9786
-72.02
-72.0557
-72.0876
-72.1172
-72.1455
-72.1732
-72.2006
-72.2281
-72.256
-70.948
-67.3189
-64.4425
-62.2702
-60.5073
-58.8731
-56.9483
-52.935
45.0421
-8.49194
-39.3734
-78.0452
-78.9788
-77.8549
-77.3773
-77.0736
-76.7642
-76.4375
-74.3649
-72.9455
-72.1047
-71.4447
-69.1517
-67.223
-65.9599
-65.0334
-64.2908
-62.2657
-60.3312
-59.5848
-59.72
-59.8116
-59.837
-60.2005
-61.5907
-62.7184
-63.5212
-64.098
-64.7041
-65.9786
-66.9628
-67.6491
-68.142
-69.0421
-70.428
-71.4075
-72.0328
-72.4473
-72.7324
-72.9353
-73.0842
-73.1968
-73.2843
-73.3542
-73.4114
-73.4595
-73.5009
-73.5372
-73.5699
-73.5997
-73.6274
-73.6535
-73.6784
-73.7023
-73.7256
-73.7483
-73.7705
-73.7925
-73.8143
-73.8358
-73.8572
-73.8784
-73.8996
-73.9207
-73.9417
-73.9626
-73.9834
-74.0042
-74.0249
-74.0454
-74.0659
-74.0863
-74.1066
-74.1268
-74.1469
-74.1668
-74.1866
-74.2063
-74.2258
-74.2453
-74.2645
-74.2836
-74.3026
-74.3214
-74.3401
-74.3586
-74.377
-74.3952
-74.4132
-74.4311
-74.4488
-74.4664
-74.4838
-74.501
-74.5181
-74.5351
-74.5518
-74.5684
-71.0537
-67.323
-63.5158
-58.8696
-53.8291
46.2335
-4.58099
-35.8007
-77.8248
-79.1323
-78.8224
-77.7672
-76.9404
-75.4988
-74.7806
-74.2642
-73.7686
-73.2705
-72.7691
-71.8661
-69.4332
-67.1435
-64.3145
-62.3794
-61.0236
-59.9318
-58.9218
-57.8316
-57.0245
-55.8942
-52.9255
27.2198
-4.39288
-35.7084
-76.8312
-78.6414
-78.4654
-77.6438
-76.6392
-76.162
-75.7946
-75.3367
-73.1644
-71.9508
-71.2843
-70.7833
-70.3498
-69.955
-69.5902
-69.2526
-68.9412
-68.6561
-68.3971
-68.1639
-68.349
-68.8313
-69.1697
-69.398
-69.5567
-69.6707
-69.7557
-69.8219
-69.8761
-69.9229
-69.9653
-70.0054
-70.0446
-70.0839
-70.1239
-70.1648
-70.2071
-70.2507
-70.2957
-70.342
-70.3896
-70.4385
-70.4884
-68.2309
-64.9565
-62.4401
-60.4363
-58.1015
-53.3609
44.4719
-5.95286
-36.9985
-77.6506
-79.0009
-78.9033
-78.3396
-77.0075
-76.4305
-74.8623
-73.3124
-72.4547
-71.8026
-71.2108
-70.6452
-70.0987
-69.486
-66.9972
-64.8786
-62.7758
-60.0891
-57.8807
-55.3835
-49.2656
29.3951
-19.1943
-56.6951
-78.9092
-79.1239
-79.0075
-78.81
-78.6603
-78.5154
-78.3634
-78.2039
-78.0379
-77.8668
-77.6431
-77.3619
-77.1299
-76.9305
-76.7511
-76.5865
-76.4344
-76.2936
-76.1637
-76.0442
-75.935
-75.8355
-75.7455
-75.6645
-75.592
-75.5275
-75.4704
-75.4202
-75.3763
-75.3383
-75.3055
-75.2775
-75.2539
-75.2342
-75.2727
-75.3307
-75.3779
-75.4161
-75.4527
-75.5286
-75.593
-75.6417
-75.6793
-75.7089
-75.7328
-75.7524
-75.7688
-75.7828
-75.7948
-75.8054
-75.8148
-75.8233
-75.831
-75.8382
-75.8448
-75.8511
-75.8571
-75.8628
-75.8683
-75.8736
-75.8787
-75.8837
-75.8887
-75.8935
-75.8982
-75.9029
-75.9075
-75.9121
-75.9166
-75.9211
-75.9255
-75.9299
-75.9342
-75.9386
-75.9429
-75.9471
-75.9513
-75.9555
-75.9597
-75.9638
-75.968
-75.972
-75.9761
-75.9801
-75.9841
-75.9881
-75.992
-72.7298
-68.7204
-65.6699
-63.3274
-59.8745
-55.4294
-19.4988
7.33954
-28.3457
-74.4362
-79.154
-79.0967
-78.4244
-77.38
-76.9443
-76.61
-74.807
-73.2448
-72.3752
-71.7136
-71.119
-69.2466
-67.1617
-65.7672
-64.7608
-63.0415
-60.8978
-59.2129
-57.6348
-55.5868
-49.0548
28.0948
-19.9735
-59.2077
-78.1464
-77.8892
-77.6329
-77.3734
-77.0963
-75.4153
-74.3786
-73.8059
-73.4145
-73.0088
-72.6677
-72.4984
-72.4765
-72.4215
-70.2558
-68.172
-66.9587
-66.2023
-65.69
-65.3212
-65.0445
-64.8315
-64.666
-64.538
-64.4413
-64.3714
-64.3251
-64.2998
-64.2935
-64.3044
-64.3311
-64.3721
-64.4262
-64.4922
-64.569
-64.6554
-64.7505
-64.8534
-64.963
-65.0787
-65.1995
-65.3248
-65.4534
-65.5848
-65.7182
-65.8531
-65.9891
-66.1258
-66.2627
-66.3996
-66.536
-66.6715
-66.8059
-66.9391
-67.0708
-67.2009
-67.3294
-67.4561
-67.5811
-67.704
-65.4354
-62.1565
-57.723
-52.7308
43.9901
-8.53155
-39.4011
-77.7272
-78.8911
-78.7846
-77.8094
-76.2686
-74.6811
-73.8974
-73.3237
-72.7829
-72.2476
-71.7156
-71.1899
-69.6888
-66.9839

