-70
-70.0758
-70.1508
-70.225
-70.2983
-70.3706
-70.4419
-70.5122
-70.5814
-70.6496
-70.7168
-70.7829
-70.848
-70.9121
-70.9752
-71.0373
-71.0984
-71.1586
-71.2178
-71.2761
-71.3334
-71.3899
-71.4455
-71.5003
-71.5543
-71.6074
-71.6598
-71.7114
-71.7623
-71.8124
-71.8619
-71.9106
-71.9587
-72.006
-72.0527
-72.0988
-72.1442
-72.1889
-72.2331
-72.2766
-72.3196
-72.362
-72.4038
-72.445
-72.4857
-72.5258
-72.5654
-72.6045
-72.6431
-72.6812
-72.7188
-72.756
-72.7927
-72.8289
-72.8647
-72.9
-72.9349
-72.9694
-73.0035
-73.0371
-73.0704
-73.1032
-73.1357
-73.1678
-73.1994
-73.2307
-73.2617
-73.2922
-73.3224
-73.3523
-73.3817
-73.4109
-73.4397
-73.4682
-73.4963
-73.5241
-73.5516
-73.5788
-73.6057
-73.6323
-73.6585
-73.6845
-73.7102
-73.7356
-73.7608
-73.7857
-73.8103
-73.8346
-73.8587
-73.8825
-73.9061
-73.9294
-73.9524
-73.9753
-73.9979
-74.0202
-74.0423
-74.0642
-74.0859
-74.1073
-74.1285
-74.1495
-74.1703
-74.1909
-74.2112
-74.2313
-74.2513
-74.271
-74.2905
-74.3098
-74.329
-74.3479
-74.3666
-74.3852
-74.4036
-74.4217
-74.4397
-74.4575
-74.4752
-74.4926
-74.5099
-74.527
-74.544
-74.5607
-74.5774
-74.5938
-74.6101
-74.6262
-74.6422
-74.658
-74.6736
-74.6891
-74.7045
-74.7197
-74.7347
-74.7496
-74.7644
-74.779
-74.7935
-74.8079
-74.8221
-74.8362
-74.8501
-74.864
-74.8777
-74.8913
-74.9047
-74.918
-74.9313
-74.9443
-74.9573
-74.9701
-74.9829
-74.9955
-75.008
-75.0204
-75.0327
-75.0448
-75.0569
-75.0688
-75.0806
-75.0924
-75.104
-75.1155
-75.1269
-75.1382
-75.1495
-75.1606
-75.1716
-75.1825
-75.1933
-75.204
-75.2147
-75.2252
-75.2356
-75.246
-75.2562
-75.2664
-75.2764
-75.2864
-75.2963
-75.3061
-75.3158
-75.3255
-75.335
-75.3445
-75.3538
-75.3631
-75.3724
-75.3815
-75.3906
-75.3995
-75.4084
-75.4172
-75.426
-75.4346
-75.4432
-75.4518
-75.4602
-75.4686
-75.4769
-75.4851
-75.4932
-75.5013
-75.5093
-75.5173
-75.5251
-75.533
-75.5407
-75.5484
-75.556
-75.5635
-75.571
-75.5784
-75.5858
-75.593
-75.6003
-75.6074
-75.6145
-75.6216
-75.6285
-75.6355
-75.6423
-75.6491
-75.6559
-75.6626
-75.6692
-75.6758
-75.6823
-75.6888
-75.6952
-75.7015
-75.7078
-75.7141
-75.7203
-75.7264
-75.7325
-75.7386
-75.7446
-75.7505
-75.7564
-75.7622
-75.768
-75.7738
-75.7795
-75.7851
-75.7907
-75.7963
-75.8018
-75.8072
-75.8127
-75.818
-75.8234
-75.8287
-75.8339
-75.8391
-75.8443
-75.8494
-75.8545
-75.8595
-75.8645
-75.8695
-75.8744
-75.8793
-75.8841
-75.8889
-75.8937
-75.8984
-75.9031
-75.9077
-75.9123
-75.9169
-75.9214
-75.9259
-75.9304
-75.9348
-75.9392
-75.9436
-75.9479
-75.9522
-75.9565
-75.9607
-75.9649
-75.969
-75.9731
-75.9772
-75.9813
-75.9853
-75.9893
-75.9933
-75.9972
-76.0011
-76.005
-76.0088
-76.0126
-76.0164
-76.0201
-76.0239
-76.0275
-76.0312
-76.0348
-76.0384
-76.042
-76.0456
-76.0491
-76.0526
-76.056
-76.0595
-76.0629
-76.0663
-76.0696
-76.0729
-76.0762
-76.0795
-76.0828
-76.086
-76.0892
-76.0924
-76.0955
-76.0986
-76.1017
-76.1048
-76.1079
-76.1109
-76.1139
-76.1169
-76.1198
-76.1228
-76.1257
-76.1286
-76.1314
-76.1343
-76.1371
-76.1399
-76.1427
-76.1455
-76.1482
-76.1509
-76.1536
-76.1563
-76.1589
-76.1615
-76.1642
-76.1667
-76.1693
-76.1719
-76.1744
-76.1769
-76.1794
-76.1819
-76.1843
-76.1868
-76.1892
-76.1916
-76.1939
-76.1963
-76.1986
-76.201
-76.2033
-76.2056
-76.2078
-76.2101
-76.2123
-76.2145
-76.2167
-76.2189
-76.2211
-76.2232
-76.2254
-76.2275
-76.2296
-76.2317
-76.2337
-76.2358
-76.2378
-76.2398
-76.2418
-76.2438
-76.2458
-76.2478
-76.2497
-76.2516
-76.2536
-76.2554
-76.2573
-76.2592
-76.2611
-76.2629
-76.2647
-76.2665
-76.2683
-76.2701
-76.2719
-76.2737
-76.2754
-76.2771
-76.2788
-76.2806
-76.2822
-76.2839
-76.2856
-76.2872
-76.2889
-76.2905
-76.2921
-76.2937
-76.2953
-76.2969
-76.2985
-76.3
-76.3016
-76.3031
-76.3046
-76.3061
-76.3076
-76.3091
-76.3106
-76.312
-76.3135
-76.3149
-76.3164
-76.3178
-76.3192
-76.3206
-76.322
-76.3233
-76.3247
-76.3261
-76.3274
-76.3287
-76.33
-76.3314
-76.3327
-76.334
-76.3352
-76.3365
-76.3378
-76.339
-76.3403
-76.3415
-76.3427
-76.3439
-76.3452
-76.3464
-76.3475
-76.3487
-76.3499
-76.351
-76.3522
-76.3533
-76.3545
-76.3556
-76.3567
-76.3578
-76.3589
-76.36
-76.3611
-76.3622
-76.3632
-76.3643
-76.3654
-76.3664
-76.3674
-76.3685
-76.3695
-76.3705
-76.3715
-76.3725
-76.3735
-76.3745
-76.3754
-76.3764
-76.3774
-76.3783
-76.3793
-76.3802
-76.3811
-76.382
-76.383
-76.3839
-76.3848
-76.3857
-76.3866
-76.3874
-76.3883
-76.3892
-76.39
-76.3909
-76.3917
-76.3926
-76.3934
-76.3943
-76.3951
-76.3959
-76.3967
-76.3975
-76.3983
-76.3991
-76.3999
-76.4007
-76.4014
-76.4022
-76.403
-76.4037
-76.4045
-76.4052
-76.406
-76.4067
-76.4074
-73.0964
-69.0272
-65.9309
-63.5565
-61.6425
-59.9397
-58.1142
-55.2494
-31.3797
9.73798
-27.4461
-73.5564
-79.0274
-78.9617
-78.8359
-78.6967
-78.5451
-78.3812
-78.2055
-77.1501
-75.153
-73.9654
-73.1817
-72.5563
-72.0065
-71.5018
-71.031
-70.5904
-70.1997
-70.3452
-70.5114
-70.729
-71.2451
-71.6123
-71.85
-72.0079
-71.2565
-68.2547
-65.9747
-64.4092
-63.2908
-62.4584
-61.8126
-61.2901
-60.8487
-60.4609
-60.0999
-59.7498
-59.3923
-58.9971
-58.5344
-57.9417
-57.0867
-55.5871
-51.296
40.2417
-14.435
-47.5135
-79.2035
-79.8953
-79.9019
-79.8898
-79.8753
-79.8591
-79.8412
-79.8216
-79.8002
-79.7773
-79.7528
-79.7268
-79.6997
-79.6715
-79.6426
-79.6131
-79.5833
-76.4878
-72.1647
-68.9543
-66.5709
-64.7483
-63.3064
-62.1141
-61.0666
-60.0659
-58.989
-57.5551
-53.3855
45.9176
-6.20951
-37.2966
-78.1498
-79.3523
-79.2904
-79.203
-78.7203
-77.3854
-76.757
-76.3647
-76.0031
-75.6582
-75.331
-75.061
-74.8005
-74.5426
-74.2924
-74.0532
-73.8269
-73.6148
-73.4178
-73.2363
-73.1713
-73.3024
-73.3977
-73.455
-73.6964
-73.9199
-74.0726
-74.3303
-74.5448
-74.689
-74.7886
-74.8596
-74.9117
-74.9511
-74.9819
-75.0065
-75.0268
-75.044
-75.059
-75.0723
-75.0845
-75.0958
-75.1065
-75.1167
-75.1266
-75.1363
-75.1458
-75.1552
-75.1645
-75.1738
-75.1831
-75.1923
-75.2016
-75.2109
-75.2201
-75.2294
-75.2387
-75.248
-75.2573
-75.2666
-75.2758
-75.2851
-75.2943
-75.3035
-75.3127
-75.3219
-75.331
-75.3401
-75.3491
-75.3581
-75.3671
-75.376
-75.2314
-71.3445
-67.5982
-64.773
-62.5784
-60.7505
-59.0057
-56.8358
-51.6494
38.3483
-13.51
-46.3623
-79.2658
-79.7316
-79.7058
-79.6684
-79.6269
-79.5812
-79.5313
-79.4773
-79.4194
-79.3579
-79.2932
-78.4836
-74.7138
-71.9551
-70.1135
-68.7804
-67.756
-66.9348
-66.2572
-65.6877
-63.8454
-61.6964
-59.9046
-58.1579
-55.8037
-48.1371
24.9612
-20.769
-61.1689
-78.8111
-78.8069
-78.6649
-78.4305
-78.2289
-78.0366
-77.8357
-77.6022
-75.577
-74.1288
-73.3237
-72.7562
-72.2892
-71.8757
-71.4985
-71.1506
-70.8297
-70.5347
-69.1429
-66.5494
-64.5937
-63.1608
-62.0543
-61.1472
-60.3507
-59.5899
-58.7851
-57.8117
-56.3663
-53.1075
41.1368
-5.56242
-36.9924
-78.1229
-79.7889
-79.7976
-79.7729
-79.7441
-79.7123
-79.6776
-79.6399
-79.5993
-79.556
-78.7594
-75.0724
-72.4785
-70.7914
-69.5796
-68.6443
-67.8864
-67.2525
-66.7123
-66.2471
-65.8451
-65.4976
-65.1991
-64.9445
-64.7298
-64.5517
-64.4078
-63.2214
-60.748
-58.5147
-55.9486
-49.2017
28.4317
-19.4868
-57.8292
-79.2925
-78.9977
-78.3704
-78.1139
-77.8961
-77.6666
-77.4225
-77.1649
-76.8957
-76.6032
-76.2898
-74.7642
-72.2162
-70.5393
-69.4173
-68.5966
-67.9572
-67.8973
-68.115
-68.2347
-68.2866
-68.3012
-68.2963
-68.2825
-68.2667
-68.2527
-68.243
-68.2391
-68.2418
-68.2514
-68.8321
-69.5514
-70.3691
-71.3025
-71.9808
-72.4688
-72.8292
-73.1015
-73.3118
-73.4773
-73.6099
-73.718
-73.8075
-73.8827
-73.9468
-74.0022
-74.0507
-74.0936
-74.1321
-74.1669
-74.1988
-74.2283
-74.2557
-74.2815
-74.3059
-74.3291
-74.3512
-74.3726
-74.3932
-74.4132
-74.4326
-74.4516
-74.4701
-74.4883
-74.5061
-74.5237
-74.5409
-74.5579
-74.5747
-74.5913
-74.6076
-74.6238
-74.6398
-74.6556
-74.6712
-74.6867
-74.702
-74.7172
-74.7322
-74.7471
-74.7618
-74.7764
-74.7909
-74.8052
-74.8194
-74.8335
-74.8475
-74.8613
-74.875
-74.8885
-74.902
-74.9153
-74.9285
-74.9416
-74.9546
-74.9674
-74.9802
-74.9928
-75.0053
-75.0177
-75.03
-75.0422
-75.0542
-75.0662
-75.078
-75.0898
-75.1014
-75.113
-74.714
-70.6763
-67.0365
-64.2944
-62.1472
-60.3226
-58.4991
-55.9789
-46.405
21.5651
-21.9698
-64.5818
-79.1905
-78.7633
-78.5639
-78.3924
-78.2077
-78.0085
-77.7954
-77.5694
-77.3322
-76.3904
-73.9281
-72.2502
-71.1296
-70.2804
-69.5832
-68.9836
-68.5705
-68.7474
-68.8075
-66.8739
-65.0592
-63.7882
-63.4847
-63.873
-64.1809
-64.4051
-64.5758
-64.713
-64.8291
-64.5799
-62.6883
-61.0361
-59.7236
-58.5209
-57.1715
-55.08
-47.5117
22.4702
-22.4016
-63.9871
-79.441
-79.6263
-79.5865
-79.5355
-79.4792
-79.4177
-79.3513
-79.2802
-79.2047
-79.1254
-79.043
-78.9583
-78.8721
-78.7854
-78.6991
-78.6141
-78.531
-78.4506
-78.3735
-78.3
-78.2304
-78.1651
-78.1039
-78.047
-77.9942
-77.9454
-77.9004
-77.8591
-77.8212
-77.7864
-77.7545
-77.7252
-77.6984
-77.6738
-77.6511
-77.6303
-77.6111
-76.798
-72.3175
-68.47
-65.5775
-63.3398
-61.5133
-59.8598
-58.0456
-55.0931
-21.684
7.49172
-28.6034
-74.6396
-79.0478
-78.9748
-78.8504
-78.7129
-78.5632
-78.4013
-78.2277
-77.3654
-75.2261
-73.9212

