-70
-69.8623
-69.7285
-69.5983
-69.4718
-69.3487
-69.2291
-69.1128
-68.9997
-68.8897
-68.7828
-68.6789
-68.5778
-68.4795
-68.3839
-68.291
-68.2007
-68.1128
-68.0274
-67.9443
-67.8636
-67.7851
-67.7087
-67.6345
-67.5623
-67.4921
-67.4238
-67.3574
-67.2929
-67.2301
-67.1691
-67.1098
-67.0521
-66.996
-66.9414
-66.8884
-66.8368
-66.7866
-66.7378
-66.6904
-66.6443
-66.5994
-66.5558
-66.5133
-66.4721
-66.432
-66.393
-66.355
-66.3181
-66.2823
-66.2474
-66.2134
-66.1805
-66.1484
-66.1172
-66.0868
-66.0573
-66.0286
-66.0007
-65.9736
-65.9472
-65.9215
-65.8966
-65.8723
-65.8487
-65.8257
-65.8034
-65.7817
-65.7606
-65.74
-65.72
-65.7006
-65.6817
-65.6633
-65.6455
-65.6281
-65.6112
-65.5948
-65.5788
-65.5632
-65.5481
-65.5334
-65.5191
-65.5052
-65.4917
-65.4785
-65.4657
-65.4533
-65.4412
-65.4294
-65.418
-65.4068
-65.396
-65.3855
-65.3752
-65.3653
-65.3556
-65.3462
-65.337
-65.3281
-65.3194
-65.311
-65.3028
-65.2948
-65.2871
-65.2795
-65.2722
-65.2651
-65.2581
-65.2514
-65.2448
-65.2385
-65.2322
-65.2262
-65.2203
-65.2146
-65.2091
-65.2037
-65.1984
-65.1933
-65.1884
-65.1835
-65.1788
-65.1743
-65.1698
-65.1655
-65.1613
-65.1572
-65.1532
-65.1493
-65.1456
-65.1419
-65.1384
-65.1349
-65.1315
-65.1283
-65.1251
-65.122
-65.119
-65.1161
-65.1132
-65.1104
-65.1077
-65.1051
-65.1026
-65.1001
-65.0977
-65.0953
-65.0931
-65.0908
-65.0887
-65.0866
-65.0845
-65.0826
-65.0806
-65.0788
-65.0769
-65.0752
-65.0734
-65.0718
-65.0701
-65.0685
-65.067
-65.0655
-65.064
-65.0626
-65.0612
-65.0599
-65.0586
-65.0573
-65.0561
-65.0549
-65.0537
-65.0526
-65.0514
-65.0504
-65.0493
-65.0483
-65.0473
-65.0464
-65.0454
-65.0445
-65.0436
-65.0428
-65.0419
-65.0411
-65.0403
-65.0395
-65.0388
-65.0381
-65.0374
-65.0367
-65.036
-65.0353
-65.0347
-65.0341
-65.0335
-65.0329
-65.0323
-65.0318
-65.0313
-65.0307
-65.0302
-65.0297
-65.0293
-65.0288
-65.0283
-65.0279
-65.0275
-65.027
-65.0266
-65.0262
-65.0259
-65.0255
-65.0251
-65.0248
-65.0244
-65.0241
-65.0238
-65.0234
-65.0231
-65.0228
-65.0225
-65.0223
-65.022
-65.0217
-65.0215
-65.0212
-65.021
-65.0207
-65.0205
-65.0203
-65.02
-65.0198
-65.0196
-65.0194
-65.0192
-65.019
-65.0188
-65.0187
-65.0185
-65.0183
-65.0181
-65.018
-65.0178
-65.0177
-65.0175
-65.0174
-65.0172
-65.0171
-65.017
-65.0168
-65.0167
-65.0166
-65.0165
-65.0163
-65.0162
-65.0161
-65.016
-65.0159
-65.0158
-65.0157
-65.0156
-65.0155
-65.0154
-65.0153
-65.0153
-65.0152
-65.0151
-65.015
-65.0149
-65.0149
-65.0148
-65.0147
-65.0147
-65.0146
-65.0145
-65.0145
-65.0144
-65.0143
-65.0143
-65.0142
-65.0142
-65.0141
-65.0141
-65.014
-65.014
-65.0139
-65.0139
-65.0138
-65.0138
-65.0137
-65.0137
-65.0137
-65.0136
-65.0136
-65.0135
-65.0135
-65.0135
-65.0134
-65.0134
-65.0134
-65.0133
-65.0133
-65.0133
-65.0133
-65.0132
-65.0132
-65.0132
-65.0131
-65.0131
-65.0131
-65.0131
-65.0131
-65.013
-65.013
-65.013
-65.013
-65.0129
-65.0129
-65.0129
-65.0129
-65.0129
-65.0129
-65.0128
-65.0128
-65.0128
-65.0128
-65.0128
-65.0128
-65.0127
-65.0127
-65.0127
-65.0127
-65.0127
-65.0127
-65.0127
-65.0127
-65.0126
-65.0126
-65.0126
-65.0126
-65.0126
-65.0126
-65.0126
-65.0126
-65.0126
-65.0126
-65.0125
-65.0125
-65.0125
-65.0125
-65.0125
-65.0125
-65.0125
-65.0125
-65.0125
-65.0125
-65.0125
-65.0125
-65.0125
-65.0124
-65.0124
-65.0124
-65.0124
-65.0124
-65.0124
-65.0124
-65.0124
-65.0124
-65.0124
-65.0124
-65.0124
-65.0124
-65.0124
-65.0124
-65.0124
-65.0124
-65.0124
-65.0124
-65.0124
-65.0124
-65.0124
-65.0124
-65.0123
-65.0123
-65.0123
-65.0123
-65.0123
-65.0123
-65.0123
-65.0123
-65.0123
-65.0123
-65.0123
-65.0123
-65.0123
-65.0123
-65.0123
-65.0123
-65.0123
-65.0123
-65.0123
-65.0123
-65.0123
-65.0123
-65.0123
-65.0123
-65.0123
-65.0123
-65.0123
-65.0123
-65.0123
-65.0123
-65.0123
-65.0123
-65.0123
-65.0123
-65.0123
-65.0123
-65.0123
-65.0123
-65.0123
-65.0123
-65.0123
-65.0123
-65.0123
-65.0123
-65.0123
-65.0123
-65.0123
-65.0123
-65.0123
-65.0123
-65.0123
-65.0123
-65.0123
-65.0123
-65.0123
-65.0123
-65.0123
-65.0123
-65.0123
-65.0123
-65.0123
-65.0123
-65.0123
-65.0123
-65.0123
-65.0123
-65.0123
-65.0123
-65.0123
-65.0123
-65.0123
-65.0123
-65.0123
-65.0123
-64.8272
-64.6749
-64.5616
-64.4807
-64.4179
-64.3677
-64.3273
-64.2951
-64.2696
-64.2499
-64.2351
-64.2244
-64.2173
-64.2132
-64.2117
-64.2125
-64.2152
-64.2195
-64.2252
-64.2321
-64.2401
-64.2489
-64.2584
-64.2685
-64.2792
-64.2902
-64.3016
-64.3133
-64.3251
-64.3371
-64.3491
-64.3613
-64.3734
-64.3855
-64.3716
-64.3208
-64.2901
-64.2697
-64.2579
-64.2507
-64.2471
-64.2463
-64.2479
-64.2513
-64.2563
-64.2626
-64.27
-64.2783
-64.2873
-64.297
-64.3072
-64.3177
-64.3286
-64.3397
-64.31
-64.203
-63.9902
-63.8381
-63.5846
-63.2815
-62.9724
-62.2383
-61.6226
-61.0167
-60.5288
-60.164
-59.8856
-59.6706
-59.46
-59.2834
-59.1541
-59.0135
-58.9162
-58.7521
-58.6209
-58.5229
-58.4393
-58.3551
-58.3058
-58.2851
-58.2879
-58.3081
-58.3424
-58.3885
-58.4423
-58.4195
-58.4275
-58.4198
-58.3899
-58.3952
-58.4224
-58.4677
-58.5246
-58.5908
-58.6645
-58.7444
-58.8292
-58.9181
-59.0103
-59.0644
-59.0995
-59.1357
-59.1902
-59.2561
-59.3302
-59.4095
-59.4927
-59.5624
-59.6097
-59.6714
-59.741
-59.8173
-59.8971
-59.9795
-60.0636
-60.149
-60.2351
-60.3216
-60.4083
-60.4948
-60.5809
-60.6666
-60.7515
-60.8356
-60.9188
-60.9787
-60.9707
-60.97
-60.9376
-60.8843
-60.7743
-60.7025
-60.6655
-60.6257
-60.5332
-60.3765
-60.218
-60.0043
-59.739
-59.5125
-59.3097
-58.9856
-58.5886
-58.2408
-57.9925
-57.7801
-57.6372
-57.5408
-57.4824
-57.4535
-57.425
-57.4166
-57.431
-57.4651
-57.5145
-57.5762
-57.6482
-57.7061
-57.7669
-57.8406
-57.9247
-58.0165
-58.1138
-58.2155
-58.3207
-58.4285
-58.5384
-58.6498
-58.7622
-58.8753
-58.9887
-59.1021
-59.2152
-59.3277
-59.4396
-59.5506
-59.6606
-59.7694
-59.877
-59.9832
-60.0879
-60.1911
-60.2926
-60.3925
-60.4907
-60.5871
-60.6819
-60.7748
-60.866
-60.9554
-61.0431
-61.1289
-61.2129
-61.2952
-61.3757
-61.4545
-61.5316
-61.6069
-61.6806
-61.7526
-61.823
-61.8918
-61.959
-62.0246
-62.0887
-62.1513
-62.2124
-62.272
-62.3302
-62.3871
-62.4425
-62.4967
-62.5495
-62.601
-62.6513
-62.7004
-62.7482
-62.7949
-62.8405
-62.8849
-62.9283
-62.9705
-63.0118
-63.052
-63.0775
-63.067
-63.0716
-63.0832
-63.1008
-63.1213
-63.1437
-63.1675
-63.1924
-63.1921
-63.1721
-63.1669
-63.0075
-62.8389
-62.6448
-62.3335
-61.8917
-61.3354
-60.7924
-60.2805
-59.8981
-59.6108
-59.3228
-59.093
-58.8129
-58.6148
-58.4726
-58.3765
-58.3136
-58.2776
-58.264
-58.2407
-58.2373
-58.2533
-58.2865
-58.3326
-58.3891
-58.4407
-58.4637
-58.479
-58.4792
-58.5065
-58.5517
-58.611
-58.6797
-58.7438
-58.7703
-58.7989
-58.8095
-58.8353
-58.8801
-58.9391
-59.0076
-59.083
-59.0941
-59.0287
-59.0053
-59.0127
-59.0446
-59.0908
-59.1475
-59.1726
-59.2056
-59.254
-59.3146
-59.3834
-59.458
-59.5371
-59.6196
-59.7049
-59.7923
-59.8813
-59.9713
-60.0619
-60.153
-60.244
-60.3349
-60.3982
-60.4496
-60.4582
-60.409
-60.3864
-60.3907
-60.3559
-60.3131
-60.3015
-60.3111
-60.3361
-60.3714
-60.3428
-60.2984
-60.1971
-60.1111
-59.9935
-59.9034
-59.7753
-59.5972
-59.4171
-59.1545
-58.9446
-58.7657
-58.4798
-58.2246
-58.0028
-57.8432
-57.7172
-57.6402
-57.5979
-57.5842
-57.573
-57.5638
-57.5809
-57.6172
-57.6696
-57.6934
-57.7378
-57.7974
-57.8705
-57.9528
-58.0423
-58.1374
-58.2373
-58.3132
-58.3876
-58.4729
-58.5455
-58.62
-58.7042
-58.7956
-58.8921
-58.9917
-59.0937
-59.1973
-59.3019
-59.4072
-59.5128
-59.6184
-59.7236
-59.8284
-59.9323
-60.0353
-60.1373
-60.238
-60.3374
-60.4355
-60.532
-60.6271
-60.7206
-60.8125
-60.9028
-60.9914
-61.0784
-61.1636
-61.2471
-61.329
-61.4091
-61.4876
-61.5644
-61.6396
-61.7131
-61.785
-61.8553
-61.924
-61.9912
-62.0568
-62.1209
-62.1835
-62.2446
-62.3043
-62.3626
-62.4195
-62.475
-62.5292
-62.5821
-62.6338
-62.6841
-62.7333
-62.7812
-62.828
-62.8736
-62.9181
-62.9616
-63.0039
-63.0452
-63.0855
-63.1248
-63.1631
-63.2004
-63.2369
-63.2724
-63.307
-63.3408
-63.3737
-63.4058
-63.4372
-63.4677
-63.4975
-63.5265
-63.5548
-63.5825
-63.6094
-63.6356
-63.6613
-63.6862
-63.5642
-63.2718
-63.0775
-62.9386
-62.8425
-62.7707
-62.7171
-62.5901
-62.433
-62.2669
-62.101
-61.9671
-61.8731
-61.7996
-61.2517
-60.6192
-60.1775
-59.8635
-59.6364
-59.4648
-59.3365
-59.1555
-59.0084
-58.9082
-58.7889
-58.6955
-58.6389
-58.6122
-58.6083
-58.61
-58.5673
-58.3921
-58.2523
-58.1709
-58.1055
-58.0695
-58.0618
-58.0771
-58.1099
-58.1566
-58.2146
-58.2822
-58.3577
-58.4397
-58.4854
-58.5462
-58.618
-58.6997
-58.7873
-58.8794
-58.9748
-59.0728
-59.1727
-59.274
-59.3559
-59.4292
-59.5055
-59.5583
-59.6256
-59.7001
-59.781
-59.8575
-59.8541
-59.8295
-59.8254
-59.8475
-59.8865
-59.9363
-59.9936
-60.0569
-60.1248
-60.1963
-60.2707
-60.3473
-60.4255
-60.5048
-60.585
-60.6655
-60.7463
-60.8269
-60.9073
-60.9871
-61.063
-61.0886
-61.1301
-61.1793
-61.2354
-61.2945
-61.3555
-61.4178
-61.4809
-61.5166
-61.5483
-61.5887
-61.6137
-61.5971
-61.4696
-61.3398
-61.1817
-61.0473
-60.9076
-60.7695
-60.5744
-60.3986
-60.2316
-60.0688
-59.7195
-59.3226
-58.9746
-58.6775
-58.4608
-58.3093
-58.2017
-58.1059

