-70
-70.0758
-70.1508
-70.225
-70.2983
-70.3706
-70.4419
-70.5122
-70.5814
-70.6496
-70.7168
-70.7829
-70.848
-70.9121
-70.9752
-71.0373
-71.0984
-71.1586
-71.2178
-71.2761
-71.3334
-71.3899
-71.4455
-71.5003
-71.5543
-71.6074
-71.6598
-71.7114
-71.7623
-71.8124
-71.8619
-71.9106
-71.9587
-72.006
-72.0527
-72.0988
-72.1442
-72.1889
-72.2331
-72.2766
-72.3196
-72.362
-72.4038
-72.445
-72.4857
-72.5258
-72.5654
-72.6045
-72.6431
-72.6812
-72.7188
-72.756
-72.7927
-72.8289
-72.8647
-72.9
-72.9349
-72.9694
-73.0035
-73.0371
-73.0704
-73.1032
-73.1357
-73.1678
-73.1994
-73.2307
-73.2617
-73.2922
-73.3224
-73.3523
-73.3817
-73.4109
-73.4397
-73.4682
-73.4963
-73.5241
-73.5516
-73.5788
-73.6057
-73.6323
-73.6585
-73.6845
-73.7102
-73.7356
-73.7608
-73.7857
-73.8103
-73.8346
-73.8587
-73.8825
-73.9061
-73.9294
-73.9524
-73.9753
-73.9979
-74.0202
-74.0423
-74.0642
-74.0859
-74.1073
-74.1285
-74.1495
-74.1703
-74.1909
-74.2112
-74.2313
-74.2513
-74.271
-74.2905
-74.3098
-74.329
-74.3479
-74.3666
-74.3852
-74.4036
-74.4217
-74.4397
-74.4575
-74.4752
-74.4926
-74.5099
-74.527
-74.544
-74.5607
-74.5774
-74.5938
-74.6101
-74.6262
-74.6422
-74.658
-74.6736
-74.6891
-74.7045
-74.7197
-74.7347
-74.7496
-74.7644
-74.779
-74.7935
-74.8079
-74.8221
-74.8362
-74.8501
-74.864
-74.8777
-74.8913
-74.9047
-74.918
-74.9313
-74.9443
-74.9573
-74.9701
-74.9829
-74.9955
-75.008
-75.0204
-75.0327
-75.0448
-75.0569
-75.0688
-75.0806
-75.0924
-75.104
-75.1155
-75.1269
-75.1382
-75.1495
-75.1606
-75.1716
-75.1825
-75.1933
-75.204
-75.2147
-75.2252
-75.2356
-75.246
-75.2562
-75.2664
-75.2764
-75.2864
-75.2963
-75.3061
-75.3158
-75.3255
-75.335
-75.3445
-75.3538
-75.3631
-75.3724
-75.3815
-75.3906
-75.3995
-75.4084
-75.4172
-75.426
-75.4346
-75.4432
-75.4518
-75.4602
-75.4686
-75.4769
-75.4851
-75.4932
-75.5013
-75.5093
-75.5173
-75.5251
-75.533
-75.5407
-75.5484
-75.556
-75.5635
-75.571
-75.5784
-75.5858
-75.593
-75.6003
-75.6074
-75.6145
-75.6216
-75.6285
-75.6355
-75.6423
-75.6491
-75.6559
-75.6626
-75.6692
-75.6758
-75.6823
-75.6888
-75.6952
-75.7015
-75.7078
-75.7141
-75.7203
-75.7264
-75.7325
-75.7386
-75.7446
-75.7505
-75.7564
-75.7622
-75.768
-75.7738
-75.7795
-75.7851
-75.7907
-75.7963
-75.8018
-75.8072
-75.8127
-75.818
-75.8234
-75.8287
-75.8339
-75.8391
-75.8443
-75.8494
-75.8545
-75.8595
-75.8645
-75.8695
-75.8744
-75.8793
-75.8841
-75.8889
-75.8937
-75.8984
-75.9031
-75.9077
-75.9123
-75.9169
-75.9214
-75.9259
-75.9304
-75.9348
-75.9392
-75.9436
-75.9479
-75.9522
-75.9565
-75.9607
-75.9649
-75.969
-75.9731
-75.9772
-75.9813
-75.9853
-75.9893
-75.9933
-75.9972
-76.0011
-76.005
-76.0088
-76.0126
-76.0164
-76.0201
-76.0239
-76.0275
-76.0312
-76.0348
-76.0384
-76.042
-76.0456
-76.0491
-76.0526
-76.056
-76.0595
-76.0629
-76.0663
-76.0696
-76.0729
-76.0762
-76.0795
-76.0828
-76.086
-76.0892
-76.0924
-76.0955
-76.0986
-76.1017
-76.1048
-76.1079
-76.1109
-76.1139
-76.1169
-76.1198
-76.1228
-76.1257
-76.1286
-76.1314
-76.1343
-76.1371
-76.1399
-76.1427
-76.1455
-76.1482
-76.1509
-76.1536
-76.1563
-76.1589
-76.1615
-76.1642
-76.1667
-76.1693
-76.1719
-76.1744
-76.1769
-76.1794
-76.1819
-76.1843
-76.1868
-76.1892
-76.1916
-76.1939
-76.1963
-76.1986
-76.201
-76.2033
-76.2056
-76.2078
-76.2101
-76.2123
-76.2145
-76.2167
-76.2189
-76.2211
-76.2232
-76.2254
-76.2275
-76.2296
-76.2317
-76.2337
-76.2358
-76.2378
-76.2398
-76.2418
-76.2438
-76.2458
-76.2478
-76.2497
-76.2516
-76.2536
-76.2554
-76.2573
-76.2592
-76.2611
-76.2629
-76.2647
-76.2665
-76.2683
-76.2701
-76.2719
-76.2737
-76.2754
-76.2771
-76.2788
-76.2806
-76.2822
-76.2839
-76.2856
-76.2872
-76.2889
-76.2905
-76.2921
-76.2937
-76.2953
-76.2969
-76.2985
-76.3
-76.3016
-76.3031
-76.3046
-76.3061
-76.3076
-76.3091
-76.3106
-76.312
-76.3135
-76.3149
-76.3164
-76.3178
-76.3192
-76.3206
-76.322
-76.3233
-76.3247
-76.3261
-76.3274
-76.3287
-76.33
-76.3314
-76.3327
-76.334
-76.3352
-76.3365
-76.3378
-76.339
-76.3403
-76.3415
-76.3427
-76.3439
-76.3452
-76.3464
-76.3475
-76.3487
-76.3499
-76.351
-76.3522
-76.3533
-76.3545
-76.3556
-76.3567
-76.3578
-76.3589
-76.36
-76.3611
-76.3622
-76.3632
-76.3643
-76.3654
-76.3664
-76.3674
-76.3685
-76.3695
-76.3705
-76.3715
-76.3725
-76.3735
-76.3745
-76.3754
-76.3764
-76.3774
-76.3783
-76.3793
-76.3802
-76.3811
-76.382
-76.383
-76.3839
-76.3848
-76.3857
-76.3866
-76.3874
-76.3883
-76.3892
-76.39
-76.3909
-76.3917
-76.3926
-76.3934
-76.3943
-76.3951
-76.3959
-76.3967
-76.3975
-76.3983
-76.3991
-76.3999
-76.4007
-76.4014
-76.4022
-76.403
-76.4037
-76.4045
-76.4052
-76.406
-76.4067
-76.4074
-76.4082
-76.4089
-76.4096
-76.4103
-76.411
-76.4117
-76.4124
-76.4131
-76.4137
-76.4144
-76.4151
-76.4158
-76.4164
-76.4171
-76.4177
-76.4184
-76.419
-76.4196
-76.4203
-76.4209
-76.4215
-76.4221
-76.4227
-76.4234
-76.424
-76.4246
-76.4251
-76.4257
-76.4263
-76.4269
-76.4275
-76.428
-76.4003
-76.3584
-76.3249
-76.2986
-76.2777
-76.2611
-76.2478
-76.237
-76.2284
-76.2215
-76.216
-76.2116
-76.2082
-76.2056
-76.2036
-76.2022
-76.2013
-76.2009
-76.2008
-76.2009
-76.2014
-76.202
-76.2029
-76.2039
-76.2051
-76.2064
-76.2078
-76.2093
-76.2109
-76.2125
-76.2142
-76.2159
-76.2177
-76.2195
-76.2214
-76.2233
-76.2251
-76.2271
-76.229
-76.2309
-76.2328
-76.2347
-76.2367
-76.2386
-76.2405
-76.2424
-76.2443
-76.2463
-76.2482
-76.25
-76.2519
-76.2538
-76.2557
-76.2575
-76.2594
-76.2612
-76.263
-76.2648
-76.2666
-76.2684
-76.2702
-76.2719
-76.2737
-76.2754
-76.2771
-76.2789
-76.2806
-76.2822
-76.2839
-76.2856
-76.2872
-76.2889
-76.2611
-76.213
-76.1765
-76.1505
-76.1316
-76.1178
-76.1075
-76.0999
-76.0943
-76.0902
-76.0824
-76.0722
-76.0649
-76.0597
-76.0562
-76.0539
-76.0525
-76.0518
-76.0516
-76.0519
-76.0526
-76.0536
-76.0548
-76.0562
-76.0579
-76.0597
-76.0616
-76.0637
-76.0659
-76.0682
-76.0705
-76.073
-76.0755
-76.078
-76.0806
-76.0833
-76.086
-76.0887
-76.0914
-76.0942
-76.097
-76.0998
-76.1026
-76.1054
-76.1082
-76.111
-76.1138
-76.1166
-76.1194
-76.1222
-76.125
-76.1278
-76.1306
-76.1334
-76.1361
-76.1389
-76.1416
-76.1443
-76.147
-76.1497
-76.1523
-76.155
-76.1576
-76.1602
-76.1628
-76.1654
-76.168
-76.1705
-76.173
-76.1755
-76.178
-76.1805
-76.1829
-76.1854
-76.1878
-76.1902
-76.1926
-76.1949
-76.1973
-76.1996
-76.2019
-76.2042
-76.2065
-76.2088
-76.211
-76.2132
-76.2154
-76.2176
-76.2198
-76.222
-76.2241
-76.2262
-76.2283
-76.2304
-76.2325
-76.2346
-76.2366
-76.2386
-76.2407
-76.2427
-76.2446
-76.2466
-76.2486
-76.2505
-76.2524
-76.2543
-76.2562
-76.2581
-76.2577
-76.2362
-76.2157
-76.1997
-76.1871
-76.1773
-76.1696
-76.1635
-76.1588
-76.1553
-76.1526
-76.1507
-76.1494
-76.1486
-76.1483
-76.1484
-76.1488
-76.1495
-76.1504
-76.1515
-76.1528
-76.1543
-76.1558
-76.1575
-76.1593
-76.1612
-76.1632
-76.1652
-76.1672
-76.1693
-76.1715
-76.1736
-76.1758
-76.178
-76.1803
-76.1825
-76.1848
-76.187
-76.1893
-76.1915
-76.1938
-76.196
-76.1983
-76.2005
-76.2028
-76.205
-76.2072
-76.2094
-76.2116
-76.2138
-76.2159
-76.2181
-76.2202
-76.2224
-76.2245
-76.2266
-76.2287
-76.2308
-76.2328
-76.2349
-76.2369
-76.2389
-76.2409
-76.2429
-76.2449
-76.2468
-76.2488
-76.2507
-76.2526
-76.2545
-76.2564
-76.2583
-76.2602
-76.262
-76.2638
-76.2657
-76.2675
-76.2693
-76.2642
-76.2384
-76.1987
-76.1666
-76.1434
-76.1266
-76.1141
-76.1049
-76.098
-76.093
-76.0893
-76.0867
-76.085
-76.0839
-76.0835
-76.0835
-76.0839
-76.0846
-76.0856
-76.0869
-76.0884
-76.09
-76.0918
-76.0937
-76.0958
-76.0979
-76.1002
-76.1025
-76.1048
-76.1072
-76.1097
-76.1122
-76.1148
-76.1173
-76.1199
-76.1226
-76.1252
-76.1278
-76.1305
-76.1331
-76.1357
-76.1384
-76.141
-76.1437
-76.1463
-76.1489
-76.1516
-76.1542
-76.1568
-76.1593
-76.1619
-76.1645
-76.167
-76.1695
-76.172
-76.1745
-76.177
-76.1795
-76.1819
-76.1844
-76.1868
-76.1892
-76.1916
-76.1939
-76.1963
-76.1986
-76.2009
-76.2032
-76.2055
-76.2078
-76.21
-76.2122
-76.2145
-76.2167
-76.2188
-76.221
-76.2231
-76.2253
-76.2274
-76.2295
-76.2316
-76.2336
-76.2357
-76.2377
-76.2397
-76.2417
-76.2437
-76.2457
-76.2477
-76.2496
-76.2515
-76.2535
-76.2554
-76.2572
-76.2591
-76.261
-76.2628
-76.2646
-76.2665
-76.2683
-76.27
-76.2718
-76.2736
-76.2753
-76.277
-76.2788
-76.2805
-76.2822
-76.2838
-76.2855
-76.2872
-76.2888
-76.2904
-76.292
-76.2937
-76.2952
-76.2968
-76.2984
-76.2999
-76.3015
-76.303
-76.3045
-76.306
-76.3075
-76.309
-76.2948
-76.2676
-76.2454
-76.2281
-76.2143
-76.2034
-76.1948
-76.1879
-76.1825
-76.1783
-76.1751
-76.1727
-76.1709
-76.1698
-76.1691
-76.1689
-76.169
-76.1694
-76.17
-76.1709
-76.172
-76.1732
-76.1746
-76.1761
-76.1777
-76.1794
-76.1812
-76.1831
-76.185
-76.1869
-76.1889
-76.1909
-76.193
-76.1951
-76.1972
-76.1993
-76.2014
-76.2035
-76.2056
-76.2078
-76.2099
-76.212
-76.2141
-76.2163
-76.2184
-76.2205
-76.2226
-76.2246
-76.2267
-76.2288
-76.2308
-76.2329
-76.2349
-76.2369
-76.2389
-76.2409
-76.2429
-76.2449
-76.2468
-76.2488
-76.2507
-76.2526
-76.2545
-76.2564
-76.2583
-76.2601
-76.262
-76.2638
-76.2656
-76.2674
-76.2692
-76.271
-76.2727
-76.2745
-76.2762
-76.2779

