-70
-70.0758
-70.1508
-70.225
-70.2983
-70.3706
-70.4419
-70.5122
-70.5814
-70.6496
-70.7168
-70.7829
-70.848
-70.9121
-70.9752
-71.0373
-71.0984
-71.1586
-71.2178
-71.2761
-71.3334
-71.3899
-71.4455
-71.5003
-71.5543
-71.6074
-71.6598
-71.7114
-71.7623
-71.8124
-71.8619
-71.9106
-71.9587
-72.006
-72.0527
-72.0988
-72.1442
-72.1889
-72.2331
-72.2766
-72.3196
-72.362
-72.4038
-72.445
-72.4857
-72.5258
-72.5654
-72.6045
-72.6431
-72.6812
-72.7188
-72.756
-72.7927
-72.8289
-72.8647
-72.9
-72.9349
-72.9694
-73.0035
-73.0371
-73.0704
-73.1032
-73.1357
-73.1678
-73.1994
-73.2307
-73.2617
-73.2922
-73.3224
-73.3523
-73.3817
-73.4109
-73.4397
-73.4682
-73.4963
-73.5241
-73.5516
-73.5788
-73.6057
-73.6323
-73.6585
-73.6845
-73.7102
-73.7356
-73.7608
-73.7857
-73.8103
-73.8346
-73.8587
-73.8825
-73.9061
-73.9294
-73.9524
-73.9753
-73.9979
-74.0202
-74.0423
-74.0642
-74.0859
-74.1073
-74.1285
-74.1495
-74.1703
-74.1909
-74.2112
-74.2313
-74.2513
-74.271
-74.2905
-74.3098
-74.329
-74.3479
-74.3666
-74.3852
-74.4036
-74.4217
-74.4397
-74.4575
-74.4752
-74.4926
-74.5099
-74.527
-74.544
-74.5607
-74.5774
-74.5938
-74.6101
-74.6262
-74.6422
-74.658
-74.6736
-74.6891
-74.7045
-74.7197
-74.7347
-74.7496
-74.7644
-74.779
-74.7935
-74.8079
-74.8221
-74.8362
-74.8501
-74.864
-74.8777
-74.8913
-74.9047
-74.918
-74.9313
-74.9443
-74.9573
-74.9701
-74.9829
-74.9955
-75.008
-75.0204
-75.0327
-75.0448
-75.0569
-75.0688
-75.0806
-75.0924
-75.104
-75.1155
-75.1269
-75.1382
-75.1495
-75.1606
-75.1716
-75.1825
-75.1933
-75.204
-75.2147
-75.2252
-75.2356
-75.246
-75.2562
-75.2664
-75.2764
-75.2864
-75.2963
-75.3061
-75.3158
-75.3255
-75.335
-75.3445
-75.3538
-75.3631
-75.3724
-75.3815
-75.3906
-75.3995
-75.4084
-75.4172
-75.426
-75.4346
-75.4432
-75.4518
-75.4602
-75.4686
-75.4769
-75.4851
-75.4932
-75.5013
-75.5093
-75.5173
-75.5251
-75.533
-75.5407
-75.5484
-75.556
-75.5635
-75.571
-75.5784
-75.5858
-75.593
-75.6003
-75.6074
-75.6145
-75.6216
-75.6285
-75.6355
-75.6423
-75.6491
-75.6559
-75.6626
-75.6692
-75.6758
-75.6823
-75.6888
-75.6952
-75.7015
-75.7078
-75.7141
-75.7203
-75.7264
-75.7325
-75.7386
-75.7446
-75.7505
-75.7564
-75.7622
-75.768
-75.7738
-75.7795
-75.7851
-75.7907
-75.7963
-75.8018
-75.8072
-75.8127
-75.818
-75.8234
-75.8287
-75.8339
-75.8391
-75.8443
-75.8494
-75.8545
-75.8595
-75.8645
-75.8695
-75.8744
-75.8793
-75.8841
-75.8889
-75.8937
-75.8984
-75.9031
-75.9077
-75.9123
-75.9169
-75.9214
-75.9259
-75.9304
-75.9348
-75.9392
-75.9436
-75.9479
-75.9522
-75.9565
-75.9607
-75.9649
-75.969
-75.9731
-75.9772
-75.9813
-75.9853
-75.9893
-75.9933
-75.9972
-76.0011
-76.005
-76.0088
-76.0126
-76.0164
-76.0201
-76.0239
-76.0275
-76.0312
-76.0348
-76.0384
-76.042
-76.0456
-76.0491
-76.0526
-76.056
-76.0595
-76.0629
-76.0663
-76.0696
-76.0729
-76.0762
-76.0795
-76.0828
-76.086
-76.0892
-76.0924
-76.0955
-76.0986
-76.1017
-76.1048
-76.1079
-76.1109
-76.1139
-76.1169
-76.1198
-76.1228
-76.1257
-76.1286
-76.1314
-76.1343
-76.1371
-76.1399
-76.1427
-76.1455
-76.1482
-76.1509
-76.1536
-76.1563
-76.1589
-76.1615
-76.1642
-76.1667
-76.1693
-76.1719
-76.1744
-76.1769
-76.1794
-76.1819
-76.1843
-76.1868
-76.1892
-76.1916
-76.1939
-76.1963
-76.1986
-76.201
-76.2033
-76.2056
-76.2078
-76.2101
-76.2123
-76.2145
-76.2167
-76.2189
-76.2211
-76.2232
-76.2254
-76.2275
-76.2296
-76.2317
-76.2337
-76.2358
-76.2378
-76.2398
-76.2418
-76.2438
-76.2458
-76.2478
-76.2497
-76.2516
-76.2536
-76.2554
-76.2573
-76.2592
-76.2611
-76.2629
-76.2647
-76.2665
-76.2683
-76.2701
-76.2719
-76.2737
-76.2754
-76.2771
-76.2788
-76.2806
-76.2822
-76.2839
-76.2856
-76.2872
-76.2889
-76.2905
-76.2921
-76.2937
-76.2953
-76.2969
-76.2985
-76.3
-76.3016
-76.3031
-76.3046
-76.3061
-76.3076
-76.3091
-76.3106
-76.312
-76.3135
-76.3149
-76.3164
-76.3178
-76.3192
-76.3206
-76.322
-76.3233
-76.3247
-76.3261
-76.3274
-76.3287
-76.33
-76.3314
-76.3327
-76.334
-76.3352
-76.3365
-76.3378
-76.339
-76.3403
-76.3415
-76.3427
-76.3439
-76.3452
-76.3464
-76.3475
-76.3487
-76.3499
-76.351
-76.3522
-76.3533
-76.3545
-76.3556
-76.3567
-76.3578
-76.3589
-76.36
-76.3611
-76.3622
-76.3632
-76.3643
-76.3654
-76.3664
-76.3674
-76.3685
-76.3695
-76.3705
-76.3715
-76.3725
-76.3735
-76.3745
-76.3754
-76.3764
-76.3774
-76.3783
-76.3793
-76.3802
-76.3811
-76.382
-76.383
-76.3839
-76.3848
-76.3857
-76.3866
-76.3874
-76.3883
-76.3892
-76.39
-76.3909
-76.3917
-76.3926
-76.3934
-76.3943
-76.3951
-76.3959
-76.3967
-76.3975
-76.3983
-76.3991
-76.3999
-76.4007
-76.4014
-76.4022
-76.403
-76.4037
-76.4045
-76.4052
-76.406
-76.4067
-76.4074
-76.4082
-76.4089
-76.4096
-76.4103
-76.411
-76.4117
-76.4124
-76.4131
-76.4137
-76.4144
-76.4151
-76.4158
-76.4164
-76.4171
-76.4177
-76.4184
-76.419
-76.4196
-76.4203
-76.4209
-76.4215
-76.4221
-76.4227
-76.4234
-76.424
-76.4246
-76.4251
-76.4257
-76.4263
-76.4269
-76.3949
-76.3444
-76.2799
-76.2317
-76.1972
-76.1702
-76.126
-76.0921
-76.0709
-76.0574
-76.0487
-76.0429
-76.0392
-76.0369
-76.0356
-76.0351
-76.035
-76.0355
-76.0361
-76.0338
-76.0318
-76.0308
-76.0293
-76.0266
-76.025
-76.0242
-76.0241
-76.0244
-76.0251
-76.0261
-76.0273
-76.0287
-76.0303
-76.032
-76.0338
-76.0358
-76.0378
-76.04
-76.0423
-76.0446
-76.047
-76.0495
-76.052
-76.0546
-76.0573
-76.0599
-76.0627
-76.0654
-76.0683
-76.0711
-76.0739
-76.0768
-76.0797
-76.0826
-76.0855
-76.0884
-76.0913
-76.0943
-76.0972
-76.1001
-76.103
-76.1059
-76.1088
-76.1117
-76.1146
-76.1175
-76.1204
-76.1232
-76.126
-76.1247
-76.1142
-76.0968
-76.0777
-76.0617
-76.0484
-76.0345
-76.0264
-76.022
-76.0196
-76.0184
-76.018
-76.0181
-76.0171
-76.0164
-76.0164
-76.0168
-76.0176
-76.0185
-76.0197
-76.021
-76.0225
-76.0241
-76.0258
-76.0265
-76.0259
-76.0258
-76.0261
-76.0267
-76.0277
-76.0289
-76.0303
-76.0318
-76.0336
-76.0354
-76.0374
-76.0395
-76.0416
-76.0439
-76.0462
-76.0487
-76.0511
-76.0537
-76.0563
-76.059
-76.0617
-76.0644
-76.0672
-76.07
-76.0728
-76.0757
-76.0785
-76.0814
-76.0843
-76.0872
-76.0901
-76.0931
-76.096
-76.0989
-76.1018
-76.1047
-76.1076
-76.1105
-76.1134
-76.1163
-76.1191
-76.122
-76.1248
-76.1277
-76.1305
-76.1333
-76.1361
-76.1388
-76.1416
-76.1443
-76.147
-76.1497
-76.1524
-76.155
-76.1577
-76.1603
-76.1629
-76.1655
-76.1681
-76.1706
-76.1731
-76.1757
-76.1781
-76.1806
-76.1831
-76.1855
-76.1879
-76.1903
-76.1927
-76.1951
-76.1974
-76.1998
-76.2021
-76.2044
-76.2066
-76.2089
-76.2111
-76.2134
-76.2156
-76.2178
-76.2199
-76.2221
-76.2242
-76.2264
-76.2126
-76.194
-76.1765
-76.1499
-76.129
-76.1139
-76.1019
-76.0826
-76.0637
-76.0514
-76.0436
-76.0385
-76.0328
-76.0282
-76.0255
-76.024
-76.0234
-76.0234
-76.0238
-76.0246
-76.0256
-76.0268
-76.0283
-76.0298
-76.0316
-76.0334
-76.0354
-76.0375
-76.0397
-76.0419
-76.0429
-76.0411
-76.0399
-76.0393
-76.0394
-76.0398
-76.0406
-76.0416
-76.0429
-76.0445
-76.0461
-76.048
-76.05
-76.052
-76.0542
-76.0565
-76.0589
-76.0614
-76.0639
-76.0665
-76.0691
-76.0718
-76.0745
-76.0772
-76.08
-76.0828
-76.0856
-76.0884
-76.0913
-76.0941
-76.097
-76.0999
-76.1027
-76.1056
-76.1085
-76.1114
-76.1142
-76.1108
-76.1022
-76.0954
-76.0904
-76.0868
-76.0842
-76.0825
-76.0815
-76.0811
-76.0812
-76.0813
-76.0754
-76.0697
-76.0618
-76.0539
-76.0485
-76.0445
-76.0375
-76.0305
-76.0262
-76.0237
-76.0224
-76.022
-76.0221
-76.0225
-76.0234
-76.0244
-76.0257
-76.0271
-76.0287
-76.0305
-76.0324
-76.0343
-76.0364
-76.0386
-76.0408
-76.0432
-76.0456
-76.0481
-76.0506
-76.0532
-76.0559
-76.0585
-76.0613
-76.064
-76.0669
-76.0697
-76.0725
-76.0754
-76.0783
-76.0812
-76.0841
-76.087
-76.09
-76.0929
-76.0958
-76.0987
-76.1017
-76.1046
-76.1075
-76.1104
-76.1133
-76.1162
-76.119
-76.1219
-76.1247
-76.1255
-76.1162
-76.1078
-76.1015
-76.0969
-76.0935
-76.0911
-76.0896
-76.0887
-76.0883
-76.0884
-76.0888
-76.0896
-76.0907
-76.0919
-76.0934
-76.0951
-76.0969
-76.0988
-76.1009
-76.103
-76.1052
-76.1075
-76.1099
-76.1123
-76.1147
-76.1172
-76.1198
-76.1223
-76.1249
-76.1275
-76.1301
-76.1327
-76.1353
-76.1379
-76.1405
-76.1432
-76.1458
-76.1484
-76.151
-76.1536
-76.1562
-76.1587
-76.1613
-76.1638
-76.1664
-76.1689
-76.1714
-76.1739
-76.1764
-76.1789
-76.1813
-76.1837
-76.1862
-76.1886
-76.1909
-76.1933
-76.1957
-76.198
-76.2003
-76.2026
-76.2049
-76.2072
-76.2094
-76.2116
-76.2139
-76.2161
-76.2183
-76.2204
-76.2218
-76.2049
-76.1874
-76.165
-76.1401
-76.1217
-76.1083
-76.0946
-76.0721
-76.0566
-76.0468
-76.0405
-76.0365
-76.034
-76.03
-76.0269
-76.0251
-76.0243
-76.0241
-76.0244
-76.025
-76.026
-76.0272
-76.0285
-76.0301
-76.0318
-76.0336
-76.0356
-76.0376
-76.0398
-76.042
-76.0444
-76.0468
-76.0492
-76.0518
-76.0544
-76.057
-76.0597
-76.0624
-76.0652
-76.068
-76.0708
-76.0724
-76.0681
-76.0643
-76.0617
-76.06
-76.0591
-76.0587
-76.0588
-76.0594
-76.0602
-76.0613
-76.0627
-76.0642
-76.066
-76.0679
-76.0699
-76.072
-76.0742
-76.0766
-76.079
-76.0814
-76.0839
-76.0865
-76.0891
-76.0918
-76.0945
-76.0972
-76.0999
-76.1026
-76.1054
-76.1082
-76.1109
-76.1137
-76.1165
-76.1193
-76.1221
-76.1248
-76.1276
-76.1304

