-70
-70.0758
-70.1508
-70.225
-70.2983
-70.3706
-70.4419
-70.5122
-70.5814
-70.6496
-70.7168
-70.7829
-70.848
-70.9121
-70.9752
-71.0373
-71.0984
-71.1586
-71.2178
-71.2761
-71.3334
-71.3899
-71.4455
-71.5003
-71.5543
-71.6074
-71.6598
-71.7114
-71.7623
-71.8124
-71.8619
-71.9106
-71.9587
-72.006
-72.0527
-72.0988
-72.1442
-72.1889
-72.2331
-72.2766
-72.3196
-72.362
-72.4038
-72.445
-72.4857
-72.5258
-72.5654
-72.6045
-72.6431
-72.6812
-72.7188
-72.756
-72.7927
-72.8289
-72.8647
-72.9
-72.9349
-72.9694
-73.0035
-73.0371
-73.0704
-73.1032
-73.1357
-73.1678
-73.1994
-73.2307
-73.2617
-73.2922
-73.3224
-73.3523
-73.3817
-73.4109
-73.4397
-73.4682
-73.4963
-73.5241
-73.5516
-73.5788
-73.6057
-73.6323
-73.6585
-73.6845
-73.7102
-73.7356
-73.7608
-73.7857
-73.8103
-73.8346
-73.8587
-73.8825
-73.9061
-73.9294
-73.9524
-73.9753
-73.9979
-74.0202
-74.0423
-74.0642
-74.0859
-74.1073
-74.1285
-74.1495
-74.1703
-74.1909
-74.2112
-74.2313
-74.2513
-74.271
-74.2905
-74.3098
-74.329
-74.3479
-74.3666
-74.3852
-74.4036
-74.4217
-74.4397
-74.4575
-74.4752
-74.4926
-74.5099
-74.527
-74.544
-74.5607
-74.5774
-74.5938
-74.6101
-74.6262
-74.6422
-74.658
-74.6736
-74.6891
-74.7045
-74.7197
-74.7347
-74.7496
-74.7644
-74.779
-74.7935
-74.8079
-74.8221
-74.8362
-74.8501
-74.864
-74.8777
-74.8913
-74.9047
-74.918
-74.9313
-74.9443
-74.9573
-74.9701
-74.9829
-74.9955
-75.008
-75.0204
-75.0327
-75.0448
-75.0569
-75.0688
-75.0806
-75.0924
-75.104
-75.1155
-75.1269
-75.1382
-75.1495
-75.1606
-75.1716
-75.1825
-75.1933
-75.204
-75.2147
-75.2252
-75.2356
-75.246
-75.2562
-75.2664
-75.2764
-75.2864
-75.2963
-75.3061
-75.3158
-75.3255
-75.335
-75.3445
-75.3538
-75.3631
-75.3724
-75.3815
-75.3906
-75.3995
-75.4084
-75.4172
-75.426
-75.4346
-75.4432
-75.4518
-75.4602
-75.4686
-75.4769
-75.4851
-75.4932
-75.5013
-75.5093
-75.5173
-75.5251
-75.533
-75.5407
-75.5484
-75.556
-75.5635
-75.571
-75.5784
-75.5858
-75.593
-75.6003
-75.6074
-75.6145
-75.6216
-75.6285
-75.6355
-75.6423
-75.6491
-75.6559
-75.6626
-75.6692
-75.6758
-75.6823
-75.6888
-75.6952
-75.7015
-75.7078
-75.7141
-75.7203
-75.7264
-75.7325
-75.7386
-75.7446
-75.7505
-75.7564
-75.7622
-75.768
-75.7738
-75.7795
-75.7851
-75.7907
-75.7963
-75.8018
-75.8072
-75.8127
-75.818
-75.8234
-75.8287
-75.8339
-75.8391
-75.8443
-75.8494
-75.8545
-75.8595
-75.8645
-75.8695
-75.8744
-75.8793
-75.8841
-75.8889
-75.8937
-75.8984
-75.9031
-75.9077
-75.9123
-75.9169
-75.9214
-75.9259
-75.9304
-75.9348
-75.9392
-75.9436
-75.9479
-75.9522
-75.9565
-75.9607
-75.9649
-75.969
-75.9731
-75.9772
-75.9813
-75.9853
-75.9893
-75.9933
-75.9972
-76.0011
-76.005
-76.0088
-76.0126
-76.0164
-76.0201
-76.0239
-76.0275
-76.0312
-76.0348
-76.0384
-76.042
-76.0456
-76.0491
-76.0526
-76.056
-76.0595
-76.0629
-76.0663
-76.0696
-76.0729
-76.0762
-76.0795
-76.0828
-76.086
-76.0892
-76.0924
-76.0955
-76.0986
-76.1017
-76.1048
-76.1079
-76.1109
-76.1139
-76.1169
-76.1198
-76.1228
-76.1257
-76.1286
-76.1314
-76.1343
-76.1371
-76.1399
-76.1427
-76.1455
-76.1482
-76.1509
-76.1536
-76.1563
-76.1589
-76.1615
-76.1642
-76.1667
-76.1693
-76.1719
-76.1744
-76.1769
-76.1794
-76.1819
-76.1843
-76.1868
-76.1892
-76.1916
-76.1939
-76.1963
-76.1986
-76.201
-76.2033
-76.2056
-76.2078
-76.2101
-76.2123
-76.2145
-76.2167
-76.2189
-76.2211
-76.2232
-76.2254
-76.2275
-76.2296
-76.2317
-76.2337
-76.2358
-76.2378
-76.2398
-76.2418
-76.2438
-76.2458
-76.2478
-76.2497
-76.2516
-76.2536
-76.2554
-76.2573
-76.2592
-76.2611
-76.2629
-76.2647
-76.2665
-76.2683
-76.2701
-76.2719
-76.2737
-76.2754
-76.2771
-76.2788
-76.2806
-76.2822
-76.2839
-76.2856
-76.2872
-76.2889
-76.2905
-76.2921
-76.2937
-76.2953
-76.2969
-76.2985
-76.3
-76.3016
-76.3031
-76.3046
-76.3061
-76.3076
-76.3091
-76.3106
-76.312
-76.3135
-76.3149
-76.3164
-76.3178
-76.3192
-76.3206
-76.322
-76.3233
-76.3247
-76.3261
-76.3274
-76.3287
-76.33
-76.3314
-76.3327
-76.334
-76.3352
-76.3365
-76.3378
-76.339
-76.3403
-76.3415
-76.3427
-76.3439
-76.3452
-76.3464
-76.3475
-76.3487
-76.3499
-76.351
-76.3522
-76.3533
-76.3545
-76.3556
-76.3567
-76.3578
-76.3589
-76.36
-76.3611
-76.3622
-76.3632
-76.3643
-76.3654
-76.3664
-76.3674
-76.3685
-76.3695
-76.3705
-76.3715
-76.3725
-76.3735
-76.3745
-76.3754
-76.3764
-76.3774
-76.3783
-76.3793
-76.3802
-76.3811
-76.382
-76.383
-76.3839
-76.3848
-76.3857
-76.3866
-76.3874
-76.3883
-76.3892
-76.39
-76.3909
-76.3917
-76.3926
-76.3934
-76.3943
-76.3951
-76.3959
-76.3967
-76.3975
-76.3983
-76.3991
-76.3999
-76.4007
-76.4014
-76.4022
-76.403
-76.4037
-76.4045
-76.4052
-76.406
-76.4067
-76.4074
-76.4082
-76.4089
-76.4096
-76.4103
-76.411
-76.4117
-76.4124
-76.4131
-76.4137
-76.4144
-76.4151
-76.4158
-76.4164
-76.4171
-76.4177
-76.4184
-76.419
-76.4196
-76.4203
-76.4209
-76.4215
-76.4221
-76.4227
-76.4234
-76.424
-76.4246
-76.4251
-76.4257
-76.4263
-76.4269
-76.3949
-76.3537
-76.3211
-76.2955
-76.2752
-76.259
-76.246
-76.2293
-76.1982
-76.1716
-76.1376
-76.1019
-76.0775
-76.0619
-76.0519
-76.0453
-76.041
-76.0379
-76.0328
-76.0293
-76.0272
-76.0261
-76.0258
-76.0259
-76.0265
-76.0274
-76.0285
-76.0298
-76.0313
-76.033
-76.0348
-76.0368
-76.0388
-76.041
-76.0432
-76.0455
-76.0479
-76.0504
-76.053
-76.0555
-76.0582
-76.0609
-76.0636
-76.0664
-76.0661
-76.0618
-76.0586
-76.0564
-76.0552
-76.0545
-76.0545
-76.0548
-76.0555
-76.0565
-76.0578
-76.0593
-76.0609
-76.0627
-76.0647
-76.0668
-76.069
-76.0713
-76.0736
-76.0761
-76.0786
-76.0811
-76.0837
-76.0864
-76.0891
-76.0888
-76.0828
-76.0779
-76.0745
-76.0721
-76.0706
-76.0698
-76.0695
-76.0646
-76.0536
-76.0446
-76.0358
-76.028
-76.0227
-76.0198
-76.0158
-76.0124
-76.0103
-76.0095
-76.0095
-76.0099
-76.0105
-76.0114
-76.0124
-76.0135
-76.0147
-76.0161
-76.0175
-76.0182
-76.018
-76.0182
-76.0187
-76.0196
-76.0207
-76.0219
-76.0233
-76.0249
-76.0266
-76.0284
-76.0303
-76.0323
-76.0344
-76.0366
-76.0389
-76.0413
-76.0437
-76.0462
-76.0487
-76.0513
-76.054
-76.0567
-76.0594
-76.0622
-76.065
-76.0678
-76.0707
-76.0735
-76.0764
-76.0793
-76.0823
-76.0852
-76.0881
-76.0911
-76.094
-76.0969
-76.0999
-76.1028
-76.1057
-76.1086
-76.1115
-76.1144
-76.1173
-76.1202
-76.123
-76.1259
-76.1287
-76.1315
-76.1343
-76.1371
-76.1398
-76.1426
-76.1453
-76.148
-76.1507
-76.1534
-76.156
-76.1587
-76.1613
-76.1639
-76.1665
-76.169
-76.1716
-76.1741
-76.1766
-76.1791
-76.1815
-76.184
-76.1864
-76.1888
-76.1912
-76.1936
-76.196
-76.1983
-76.2006
-76.2029
-76.2052
-76.2075
-76.2097
-76.212
-76.1993
-76.1821
-76.1686
-76.1581
-76.15
-76.1437
-76.1314
-76.1151
-76.1028
-76.0938
-76.0872
-76.0804
-76.0699
-76.0588
-76.0487
-76.0406
-76.0331
-76.0284
-76.0246
-76.0211
-76.0192
-76.0183
-76.0181
-76.0184
-76.0191
-76.02
-76.0211
-76.0224
-76.0239
-76.0255
-76.0272
-76.0291
-76.031
-76.0331
-76.0352
-76.0375
-76.0398
-76.0421
-76.0446
-76.0471
-76.0497
-76.0523
-76.055
-76.0577
-76.0604
-76.0632
-76.066
-76.0689
-76.0717
-76.0746
-76.0775
-76.0804
-76.0833
-76.0863
-76.0892
-76.0921
-76.0951
-76.098
-76.1009
-76.1039
-76.1068
-76.1097
-76.1126
-76.1155
-76.1184
-76.1212
-76.1241
-76.1269
-76.1297
-76.1325
-76.1353
-76.1381
-76.1408
-76.1436
-76.1463
-76.149
-76.1517
-76.1539
-76.1436
-76.1329
-76.1246
-76.1184
-76.1137
-76.1102
-76.1077
-76.106
-76.105
-76.1045
-76.1044
-76.1047
-76.0974
-76.0827
-76.0631
-76.0475
-76.036
-76.0279
-76.0199
-76.0149
-76.012
-76.0108
-76.0105
-76.0107
-76.0112
-76.012
-76.013
-76.0141
-76.0153
-76.0167
-76.0169
-76.017
-76.0174
-76.0181
-76.0191
-76.0203
-76.0216
-76.0231
-76.0247
-76.0265
-76.0283
-76.0303
-76.0323
-76.0344
-76.0367
-76.039
-76.0413
-76.0438
-76.0463
-76.0488
-76.0514
-76.0541
-76.0568
-76.0595
-76.0623
-76.0651
-76.068
-76.0708
-76.0737
-76.0766
-76.0795
-76.0825
-76.0854
-76.0883
-76.0913
-76.0942
-76.0971
-76.1001
-76.103
-76.1059
-76.1088
-76.1117
-76.1146
-76.1175
-76.1204
-76.1232
-76.1261
-76.1289
-76.1317
-76.1345
-76.1373
-76.14
-76.1428
-76.1455
-76.1482
-76.1509
-76.1536
-76.1562
-76.1589
-76.1615
-76.1641
-76.1666
-76.1692
-76.1717
-76.1743
-76.1768
-76.1793
-76.1817
-76.1842
-76.1866
-76.189
-76.1914
-76.1938
-76.1961
-76.1985
-76.2008
-76.2031
-76.2054
-76.2077
-76.2099
-76.2121
-76.2144
-76.2166
-76.2187
-76.2209
-76.2231
-76.2252
-76.2273
-76.2294
-76.2315
-76.2336
-76.2356
-76.2377
-76.2397
-76.2409
-76.2222
-76.2029
-76.1879
-76.1762
-76.1671
-76.1599
-76.1543
-76.15
-76.1468
-76.1444
-76.1329
-76.1111
-76.0921
-76.0789
-76.0697
-76.063
-76.0536
-76.0464
-76.0394
-76.0331
-76.0291
-76.0268
-76.0256
-76.0251
-76.0252
-76.0257
-76.0265
-76.0276
-76.0289
-76.0304
-76.032
-76.0338
-76.0357
-76.0378
-76.0368
-76.0355
-76.0349
-76.0348
-76.0352
-76.0359
-76.037
-76.0382
-76.0397
-76.0414
-76.0432
-76.0451
-76.0472
-76.0493
-76.0516
-76.054
-76.0564
-76.0589
-76.0614
-76.064
-76.0667
-76.0694
-76.0722
-76.0749
-76.0777
-76.0805
-76.0834
-76.0862
-76.0891
-76.092
-76.0949
-76.0978
-76.1006
-76.1035
-76.1064
-76.1093
-76.1122
-76.115
-76.1179
-76.1207
-76.1236
-76.1264
-76.1292
-76.132
-76.1348
-76.1376

