-70
-70.0758
-70.1508
-70.225
-70.2983
-70.3706
-70.4419
-70.5122
-70.5814
-70.6496
-70.7168
-70.7829
-70.848
-70.9121
-70.9752
-71.0373
-71.0984
-71.1586
-71.2178
-71.2761
-71.3334
-71.3899
-71.4455
-71.5003
-71.5543
-71.6074
-71.6598
-71.7114
-71.7623
-71.8124
-71.8619
-71.9106
-71.9587
-72.006
-72.0527
-72.0988
-72.1442
-72.1889
-72.2331
-72.2766
-72.3196
-72.362
-72.4038
-72.445
-72.4857
-72.5258
-72.5654
-72.6045
-72.6431
-72.6812
-72.7188
-72.756
-72.7927
-72.8289
-72.8647
-72.9
-72.9349
-72.9694
-73.0035
-73.0371
-73.0704
-73.1032
-73.1357
-73.1678
-73.1994
-73.2307
-73.2617
-73.2922
-73.3224
-73.3523
-73.3817
-73.4109
-73.4397
-73.4682
-73.4963
-73.5241
-73.5516
-73.5788
-73.6057
-73.6323
-73.6585
-73.6845
-73.7102
-73.7356
-73.7608
-73.7857
-73.8103
-73.8346
-73.8587
-73.8825
-73.9061
-73.9294
-73.9524
-73.9753
-73.9979
-74.0202
-74.0423
-74.0642
-74.0859
-74.1073
-74.1285
-74.1495
-74.1703
-74.1909
-74.2112
-74.2313
-74.2513
-74.271
-74.2905
-74.3098
-74.329
-74.3479
-74.3666
-74.3852
-74.4036
-74.4217
-74.4397
-74.4575
-74.4752
-74.4926
-74.5099
-74.527
-74.544
-74.5607
-74.5774
-74.5938
-74.6101
-74.6262
-74.6422
-74.658
-74.6736
-74.6891
-74.7045
-74.7197
-74.7347
-74.7496
-74.7644
-74.779
-74.7935
-74.8079
-74.8221
-74.8362
-74.8501
-74.864
-74.8777
-74.8913
-74.9047
-74.918
-74.9313
-74.9443
-74.9573
-74.9701
-74.9829
-74.9955
-75.008
-75.0204
-75.0327
-75.0448
-75.0569
-75.0688
-75.0806
-75.0924
-75.104
-75.1155
-75.1269
-75.1382
-75.1495
-75.1606
-75.1716
-75.1825
-75.1933
-75.204
-75.2147
-75.2252
-75.2356
-75.246
-75.2562
-75.2664
-75.2764
-75.2864
-75.2963
-75.3061
-75.3158
-75.3255
-75.335
-75.3445
-75.3538
-75.3631
-75.3724
-75.3815
-75.3906
-75.3995
-75.4084
-75.4172
-75.426
-75.4346
-75.4432
-75.4518
-75.4602
-75.4686
-75.4769
-75.4851
-75.4932
-75.5013
-75.5093
-75.5173
-75.5251
-75.533
-75.5407
-75.5484
-75.556
-75.5635
-75.571
-75.5784
-75.5858
-75.593
-75.6003
-75.6074
-75.6145
-75.6216
-75.6285
-75.6355
-75.6423
-75.6491
-75.6559
-75.6626
-75.6692
-75.6758
-75.6823
-75.6888
-75.6952
-75.7015
-75.7078
-75.7141
-75.7203
-75.7264
-75.7325
-75.7386
-75.7446
-75.7505
-75.7564
-75.7622
-75.768
-75.7738
-75.7795
-75.7851
-75.7907
-75.7963
-75.8018
-75.8072
-75.8127
-75.818
-75.8234
-75.8287
-75.8339
-75.8391
-75.8443
-75.8494
-75.8545
-75.8595
-75.8645
-75.8695
-75.8744
-75.8793
-75.8841
-75.8889
-75.8937
-75.8984
-75.9031
-75.9077
-75.9123
-75.9169
-75.9214
-75.9259
-75.9304
-75.9348
-75.9392
-75.9436
-75.9479
-75.9522
-75.9565
-75.9607
-75.9649
-75.969
-75.9731
-75.9772
-75.9813
-75.9853
-75.9893
-75.9933
-75.9972
-76.0011
-76.005
-76.0088
-76.0126
-76.0164
-76.0201
-76.0239
-76.0275
-76.0312
-76.0348
-76.0384
-76.042
-76.0456
-76.0491
-76.0526
-76.056
-76.0595
-76.0629
-76.0663
-76.0696
-76.0729
-76.0762
-76.0795
-76.0828
-76.086
-76.0892
-76.0924
-76.0955
-76.0986
-76.1017
-76.1048
-76.1079
-76.1109
-76.1139
-76.1169
-76.1198
-76.1228
-76.1257
-76.1286
-76.1314
-76.1343
-76.1371
-76.1399
-76.1427
-76.1455
-76.1482
-76.1509
-76.1536
-76.1563
-76.1589
-76.1615
-76.1642
-76.1667
-76.1693
-76.1719
-76.1744
-76.1769
-76.1794
-76.1819
-76.1843
-76.1868
-76.1892
-76.1916
-76.1939
-76.1963
-76.1986
-76.201
-76.2033
-76.2056
-76.2078
-76.2101
-76.2123
-76.2145
-76.2167
-76.2189
-76.2211
-76.2232
-76.2254
-76.2275
-76.2296
-76.2317
-76.2337
-76.2358
-76.2378
-76.2398
-76.2418
-76.2438
-76.2458
-76.2478
-76.2497
-76.2516
-76.2536
-76.2554
-76.2573
-76.2592
-76.2611
-76.2629
-76.2647
-76.2665
-76.2683
-76.2701
-76.2719
-76.2737
-76.2754
-76.2771
-76.2788
-76.2806
-76.2822
-76.2839
-76.2856
-76.2872
-76.2889
-76.2905
-76.2921
-76.2937
-76.2953
-76.2969
-76.2985
-76.3
-76.3016
-76.3031
-76.3046
-76.3061
-76.3076
-76.3091
-76.3106
-76.312
-76.3135
-76.3149
-76.3164
-76.3178
-76.3192
-76.3206
-76.322
-76.3233
-76.3247
-76.3261
-76.3274
-76.3287
-76.33
-76.3314
-76.3327
-76.334
-76.3352
-76.3365
-76.3378
-76.339
-76.3403
-76.3415
-76.3427
-76.3439
-76.3452
-76.3464
-76.3475
-76.3487
-76.3499
-76.351
-76.3522
-76.3533
-76.3545
-76.3556
-76.3567
-76.3578
-76.3589
-76.36
-76.3611
-76.3622
-76.3632
-76.3643
-76.3654
-76.3664
-76.3674
-76.3685
-76.3695
-76.3705
-76.3715
-76.3725
-76.3735
-76.3745
-76.3754
-76.3764
-76.3774
-76.3783
-76.3793
-76.3802
-76.3811
-76.382
-76.383
-76.3839
-76.3848
-76.3857
-76.3866
-76.3874
-76.3883
-76.3892
-76.39
-76.3909
-76.3917
-76.3926
-76.3934
-76.3943
-76.3951
-76.3959
-76.3967
-76.3975
-76.3983
-76.3991
-76.3999
-76.4007
-76.4014
-76.4022
-76.403
-76.4037
-76.4045
-76.4052
-76.406
-76.4067
-76.4074
-76.4082
-76.4089
-76.4096
-76.4103
-76.411
-76.4117
-76.4124
-76.4131
-76.4137
-76.4144
-76.4151
-76.4158
-76.4164
-76.4171
-76.4177
-76.4184
-76.419
-76.4196
-76.4203
-76.4209
-76.4215
-76.4221
-76.4227
-76.4234
-76.424
-76.4246
-76.4251
-76.4257
-76.4263
-76.4269
-76.3949
-76.3537
-76.3211
-76.2955
-76.2653
-76.2234
-76.1913
-76.1678
-76.1503
-76.137
-76.127
-76.1194
-76.1137
-76.1094
-76.1004
-76.0881
-76.0791
-76.0726
-76.068
-76.0648
-76.0627
-76.0614
-76.0607
-76.0606
-76.061
-76.0616
-76.0626
-76.0639
-76.0653
-76.067
-76.0688
-76.0707
-76.0728
-76.075
-76.0773
-76.0796
-76.0821
-76.0845
-76.0871
-76.0897
-76.0923
-76.095
-76.0976
-76.1004
-76.1031
-76.1058
-76.1086
-76.1114
-76.1141
-76.1169
-76.1197
-76.1224
-76.1252
-76.128
-76.1307
-76.1335
-76.1362
-76.1389
-76.1416
-76.1443
-76.147
-76.1497
-76.1523
-76.155
-76.1576
-76.1602
-76.1628
-76.1654
-76.1679
-76.1649
-76.1513
-76.1399
-76.1291
-76.1111
-76.097
-76.0868
-76.0795
-76.074
-76.0638
-76.0555
-76.0498
-76.0461
-76.0409
-76.0355
-76.0291
-76.0208
-76.016
-76.0137
-76.0127
-76.0125
-76.0128
-76.0135
-76.0143
-76.0154
-76.0166
-76.0179
-76.0194
-76.0209
-76.0226
-76.0244
-76.0262
-76.0282
-76.0302
-76.0324
-76.0346
-76.0369
-76.0392
-76.0416
-76.0441
-76.0467
-76.0493
-76.0519
-76.0546
-76.0574
-76.0601
-76.0629
-76.0658
-76.0686
-76.0715
-76.0744
-76.0773
-76.0802
-76.0832
-76.0861
-76.089
-76.092
-76.0949
-76.0979
-76.1008
-76.1037
-76.1067
-76.1096
-76.1125
-76.1154
-76.1182
-76.1211
-76.124
-76.1268
-76.1296
-76.1324
-76.1352
-76.138
-76.1407
-76.1435
-76.1462
-76.1489
-76.1516
-76.1543
-76.1569
-76.1595
-76.1622
-76.1647
-76.1673
-76.1699
-76.1724
-76.1749
-76.1774
-76.1799
-76.1824
-76.1848
-76.1872
-76.1896
-76.192
-76.1944
-76.1968
-76.1991
-76.2014
-76.2037
-76.206
-76.2083
-76.2105
-76.2127
-76.2149
-76.2171
-76.2193
-76.2215
-76.2236
-76.2258
-76.212
-76.1935
-76.1789
-76.1676
-76.1521
-76.1315
-76.116
-76.1045
-76.0961
-76.09
-76.0854
-76.0822
-76.08
-76.0786
-76.0778
-76.0776
-76.0778
-76.0733
-76.0666
-76.0575
-76.0494
-76.044
-76.0405
-76.0384
-76.0371
-76.0366
-76.0366
-76.0371
-76.0379
-76.0389
-76.0402
-76.0417
-76.0434
-76.0453
-76.0472
-76.0493
-76.0515
-76.0538
-76.0562
-76.0586
-76.0611
-76.0637
-76.0663
-76.069
-76.0717
-76.0745
-76.0773
-76.0801
-76.0829
-76.0857
-76.0886
-76.0914
-76.0943
-76.0972
-76.1001
-76.103
-76.1058
-76.1087
-76.1116
-76.1145
-76.1173
-76.1202
-76.123
-76.1258
-76.1286
-76.1314
-76.1342
-76.137
-76.1397
-76.1425
-76.1452
-76.1479
-76.1506
-76.1532
-76.1559
-76.1585
-76.1611
-76.1632
-76.1521
-76.1405
-76.1296
-76.1119
-76.0979
-76.0879
-76.0806
-76.0754
-76.0717
-76.0691
-76.0675
-76.0665
-76.0662
-76.0634
-76.0576
-76.0533
-76.0505
-76.0471
-76.0416
-76.0379
-76.0347
-76.0302
-76.0273
-76.0257
-76.025
-76.0249
-76.0252
-76.0259
-76.0269
-76.0281
-76.0295
-76.0301
-76.029
-76.0285
-76.0285
-76.0289
-76.0297
-76.0307
-76.032
-76.0335
-76.0351
-76.0365
-76.0349
-76.0336
-76.0329
-76.0329
-76.0333
-76.034
-76.0351
-76.0363
-76.0378
-76.0394
-76.0412
-76.0432
-76.0452
-76.0474
-76.0496
-76.052
-76.0544
-76.0569
-76.0594
-76.062
-76.0647
-76.0674
-76.0701
-76.0729
-76.0757
-76.0785
-76.0814
-76.0842
-76.0871
-76.09
-76.0929
-76.0958
-76.0986
-76.1015
-76.1044
-76.1073
-76.1102
-76.1131
-76.116
-76.1188
-76.1217
-76.1245
-76.1273
-76.1301
-76.1329
-76.1357
-76.1385
-76.1412
-76.1439
-76.1466
-76.1493
-76.152
-76.1547
-76.1573
-76.1599
-76.1625
-76.1651
-76.1677
-76.1702
-76.1728
-76.1753
-76.1778
-76.1803
-76.1827
-76.1852
-76.1876
-76.19
-76.1924
-76.1947
-76.1971
-76.1994
-76.2017
-76.204
-76.2063
-76.2086
-76.2108
-76.213
-76.2153
-76.2174
-76.2196
-76.2218
-76.2239
-76.2253
-76.208
-76.1903
-76.1764
-76.163
-76.1404
-76.1224
-76.1093
-76.0996
-76.0925
-76.0872
-76.0835
-76.0808
-76.079
-76.078
-76.0775
-76.0776
-76.078
-76.0787
-76.0798
-76.0747
-76.0692
-76.0653
-76.0626
-76.0609
-76.0599
-76.0595
-76.0596
-76.0601
-76.0609
-76.062
-76.0634
-76.0649
-76.0666
-76.0685
-76.0705
-76.0726
-76.0749
-76.0772
-76.0796
-76.082
-76.0845
-76.0871
-76.0897
-76.0924
-76.095
-76.0977
-76.1005
-76.1032
-76.106
-76.1087
-76.1115
-76.1143
-76.1171
-76.1198
-76.1226
-76.1254
-76.1281
-76.1309
-76.1336
-76.1364
-76.1391
-76.1418
-76.1445
-76.1472
-76.1499
-76.1525
-76.1552
-76.1578
-76.1604
-76.163
-76.1656
-76.1681
-76.1706
-76.1732
-76.1757
-76.1782
-76.1806
-76.1831
-76.1855
-76.1879

