-70
-70.0758
-70.1508
-70.225
-70.2983
-70.3706
-70.4419
-70.5122
-70.5814
-70.6496
-70.7168
-70.7829
-70.848
-70.9121
-70.9752
-71.0373
-71.0984
-71.1586
-71.2178
-71.2761
-71.3334
-71.3899
-71.4455
-71.5003
-71.5543
-71.6074
-71.6598
-71.7114
-71.7623
-71.8124
-71.8619
-71.9106
-71.9587
-72.006
-72.0527
-72.0988
-72.1442
-72.1889
-72.2331
-72.2766
-72.3196
-72.362
-72.4038
-72.445
-72.4857
-72.5258
-72.5654
-72.6045
-72.6431
-72.6812
-72.7188
-72.756
-72.7927
-72.8289
-72.8647
-72.9
-72.9349
-72.9694
-73.0035
-73.0371
-73.0704
-73.1032
-73.1357
-73.1678
-73.1994
-73.2307
-73.2617
-73.2922
-73.3224
-73.3523
-73.3817
-73.4109
-73.4397
-73.4682
-73.4963
-73.5241
-73.5516
-73.5788
-73.6057
-73.6323
-73.6585
-73.6845
-73.7102
-73.7356
-73.7608
-73.7857
-73.8103
-73.8346
-73.8587
-73.8825
-73.9061
-73.9294
-73.9524
-73.9753
-73.9979
-74.0202
-74.0423
-74.0642
-74.0859
-74.1073
-74.1285
-74.1495
-74.1703
-74.1909
-74.2112
-74.2313
-74.2513
-74.271
-74.2905
-74.3098
-74.329
-74.3479
-74.3666
-74.3852
-74.4036
-74.4217
-74.4397
-74.4575
-74.4752
-74.4926
-74.5099
-74.527
-74.544
-74.5607
-74.5774
-74.5938
-74.6101
-74.6262
-74.6422
-74.658
-74.6736
-74.6891
-74.7045
-74.7197
-74.7347
-74.7496
-74.7644
-74.779
-74.7935
-74.8079
-74.8221
-74.8362
-74.8501
-74.864
-74.8777
-74.8913
-74.9047
-74.918
-74.9313
-74.9443
-74.9573
-74.9701
-74.9829
-74.9955
-75.008
-75.0204
-75.0327
-75.0448
-75.0569
-75.0688
-75.0806
-75.0924
-75.104
-75.1155
-75.1269
-75.1382
-75.1495
-75.1606
-75.1716
-75.1825
-75.1933
-75.204
-75.2147
-75.2252
-75.2356
-75.246
-75.2562
-75.2664
-75.2764
-75.2864
-75.2963
-75.3061
-75.3158
-75.3255
-75.335
-75.3445
-75.3538
-75.3631
-75.3724
-75.3815
-75.3906
-75.3995
-75.4084
-75.4172
-75.426
-75.4346
-75.4432
-75.4518
-75.4602
-75.4686
-75.4769
-75.4851
-75.4932
-75.5013
-75.5093
-75.5173
-75.5251
-75.533
-75.5407
-75.5484
-75.556
-75.5635
-75.571
-75.5784
-75.5858
-75.593
-75.6003
-75.6074
-75.6145
-75.6216
-75.6285
-75.6355
-75.6423
-75.6491
-75.6559
-75.6626
-75.6692
-75.6758
-75.6823
-75.6888
-75.6952
-75.7015
-75.7078
-75.7141
-75.7203
-75.7264
-75.7325
-75.7386
-75.7446
-75.7505
-75.7564
-75.7622
-75.768
-75.7738
-75.7795
-75.7851
-75.7907
-75.7963
-75.8018
-75.8072
-75.8127
-75.818
-75.8234
-75.8287
-75.8339
-75.8391
-75.8443
-75.8494
-75.8545
-75.8595
-75.8645
-75.8695
-75.8744
-75.8793
-75.8841
-75.8889
-75.8937
-75.8984
-75.9031
-75.9077
-75.9123
-75.9169
-75.9214
-75.9259
-75.9304
-75.9348
-75.9392
-75.9436
-75.9479
-75.9522
-75.9565
-75.9607
-75.9649
-75.969
-75.9731
-75.9772
-75.9813
-75.9853
-75.9893
-75.9933
-75.9972
-76.0011
-76.005
-76.0088
-76.0126
-76.0164
-76.0201
-76.0239
-76.0275
-76.0312
-76.0348
-76.0384
-76.042
-76.0456
-76.0491
-76.0526
-76.056
-76.0595
-76.0629
-76.0663
-76.0696
-76.0729
-76.0762
-76.0795
-76.0828
-76.086
-76.0892
-76.0924
-76.0955
-76.0986
-76.1017
-76.1048
-76.1079
-76.1109
-76.1139
-76.1169
-76.1198
-76.1228
-76.1257
-76.1286
-76.1314
-76.1343
-76.1371
-76.1399
-76.1427
-76.1455
-76.1482
-76.1509
-76.1536
-76.1563
-76.1589
-76.1615
-76.1642
-76.1667
-76.1693
-76.1719
-76.1744
-76.1769
-76.1794
-76.1819
-76.1843
-76.1868
-76.1892
-76.1916
-76.1939
-76.1963
-76.1986
-76.201
-76.2033
-76.2056
-76.2078
-76.2101
-76.2123
-76.2145
-76.2167
-76.2189
-76.2211
-76.2232
-76.2254
-76.2275
-76.2296
-76.2317
-76.2337
-76.2358
-76.2378
-76.2398
-76.2418
-76.2438
-76.2458
-76.2478
-76.2497
-76.2516
-76.2536
-76.2554
-76.2573
-76.2592
-76.2611
-76.2629
-76.2647
-76.2665
-76.2683
-76.2701
-76.2719
-76.2737
-76.2754
-76.2771
-76.2788
-76.2806
-76.2822
-76.2839
-76.2856
-76.2872
-76.2889
-76.2905
-76.2921
-76.2937
-76.2953
-76.2969
-76.2985
-76.3
-76.3016
-76.3031
-76.3046
-76.3061
-76.3076
-76.3091
-76.3106
-76.312
-76.3135
-76.3149
-76.3164
-76.3178
-76.3192
-76.3206
-76.322
-76.3233
-76.3247
-76.3261
-76.3274
-76.3287
-76.33
-76.3314
-76.3327
-76.334
-76.3352
-76.3365
-76.3378
-76.339
-76.3403
-76.3415
-76.3427
-76.3439
-76.3452
-76.3464
-76.3475
-76.3487
-76.3499
-76.351
-76.3522
-76.3533
-76.3545
-76.3556
-76.3567
-76.3578
-76.3589
-76.36
-76.3611
-76.3622
-76.3632
-76.3643
-76.3654
-76.3664
-76.3674
-76.3685
-76.3695
-76.3705
-76.3715
-76.3725
-76.3735
-76.3745
-76.3754
-76.3764
-76.3774
-76.3783
-76.3793
-76.3802
-76.3811
-76.382
-76.383
-76.3839
-76.3848
-76.3857
-76.3866
-76.3874
-76.3883
-76.3892
-76.39
-76.3909
-76.3917
-76.3926
-76.3934
-76.3943
-76.3951
-76.3959
-76.3967
-76.3975
-76.3983
-76.3991
-76.3999
-76.4007
-76.4014
-76.4022
-76.403
-76.4037
-76.4045
-76.4052
-76.406
-76.4067
-76.4074
-76.4082
-76.4089
-76.4096
-76.4103
-76.411
-76.4117
-76.4124
-76.4131
-76.4137
-76.4144
-76.4151
-76.4158
-76.4164
-76.4171
-76.4177
-76.4184
-76.419
-76.4196
-76.4203
-76.4209
-76.4215
-76.4221
-76.4227
-76.4234
-76.424
-76.4246
-76.4251
-76.4257
-76.4263
-76.4269
-76.4275
-76.428
-76.4286
-76.4292
-76.4297
-76.4303
-76.4308
-76.4314
-76.4319
-76.4171
-76.3737
-76.3372
-76.3086
-76.286
-76.2681
-76.2537
-76.2421
-76.2328
-76.2253
-76.2193
-76.2145
-76.2108
-76.2079
-76.2057
-76.1907
-76.1698
-76.1536
-76.1413
-76.132
-76.1248
-76.1194
-76.1153
-76.1123
-76.1103
-76.1089
-76.1081
-76.1078
-76.1079
-76.1084
-76.1092
-76.1103
-76.1115
-76.113
-76.1146
-76.1164
-76.1182
-76.1202
-76.1223
-76.1245
-76.1267
-76.129
-76.1313
-76.1336
-76.136
-76.1385
-76.1409
-76.1434
-76.1459
-76.1484
-76.1509
-76.1534
-76.1559
-76.1584
-76.1609
-76.1634
-76.1659
-76.1683
-76.1708
-76.1733
-76.1757
-76.1782
-76.1806
-76.183
-76.1854
-76.1878
-76.1902
-76.1926
-76.1949
-76.1843
-76.1669
-76.1533
-76.1355
-76.1155
-76.1008
-76.0902
-76.0826
-76.0751
-76.0585
-76.046
-76.0383
-76.0335
-76.0306
-76.0289
-76.0281
-76.0279
-76.0282
-76.0288
-76.0298
-76.031
-76.0324
-76.034
-76.0357
-76.0376
-76.0396
-76.0417
-76.0439
-76.0462
-76.0486
-76.051
-76.0535
-76.0561
-76.0587
-76.0614
-76.0641
-76.0669
-76.0696
-76.0724
-76.0753
-76.0781
-76.081
-76.0839
-76.0868
-76.0897
-76.0926
-76.0955
-76.0984
-76.1014
-76.1043
-76.1072
-76.1101
-76.1129
-76.1158
-76.1187
-76.1215
-76.1244
-76.1272
-76.13
-76.1328
-76.1356
-76.1384
-76.1411
-76.1439
-76.1466
-76.1493
-76.1519
-76.1546
-76.1572
-76.1599
-76.1625
-76.1651
-76.1676
-76.1702
-76.1727
-76.1752
-76.1777
-76.1802
-76.1827
-76.1851
-76.1875
-76.1899
-76.1923
-76.1947
-76.197
-76.1994
-76.2017
-76.204
-76.2063
-76.2085
-76.2108
-76.213
-76.2152
-76.2174
-76.2196
-76.2217
-76.2239
-76.226
-76.2281
-76.2302
-76.2323
-76.2344
-76.2364
-76.2384
-76.2404
-76.2424
-76.2444
-76.2464
-76.2484
-76.2503
-76.2522
-76.2541
-76.256
-76.2364
-76.2142
-76.1969
-76.1805
-76.1542
-76.1334
-76.1182
-76.1071
-76.0988
-76.0927
-76.0882
-76.085
-76.0828
-76.0814
-76.0806
-76.0804
-76.0806
-76.0811
-76.082
-76.0831
-76.0845
-76.0861
-76.0878
-76.0897
-76.0917
-76.0938
-76.0959
-76.0982
-76.1006
-76.103
-76.1054
-76.1079
-76.1105
-76.1131
-76.1156
-76.1183
-76.1209
-76.1235
-76.1262
-76.1289
-76.1315
-76.1342
-76.1369
-76.1395
-76.1422
-76.1448
-76.1475
-76.1501
-76.1527
-76.1553
-76.1579
-76.1605
-76.1631
-76.1656
-76.1682
-76.1707
-76.1732
-76.1757
-76.1782
-76.1806
-76.1831
-76.1855
-76.1879
-76.1903
-76.1927
-76.195
-76.1974
-76.1997
-76.202
-76.2043
-76.2066
-76.2088
-76.211
-76.2133
-76.2155
-76.2177
-76.2198
-76.222
-76.2241
-76.2255
-76.2069
-76.188
-76.1734
-76.162
-76.1532
-76.1364
-76.1194
-76.1067
-76.0975
-76.0906
-76.0856
-76.082
-76.0795
-76.0779
-76.077
-76.0766
-76.0767
-76.0771
-76.0779
-76.079
-76.0803
-76.0818
-76.0835
-76.0854
-76.0873
-76.0894
-76.0916
-76.0939
-76.0962
-76.0986
-76.1011
-76.1036
-76.1061
-76.1087
-76.1113
-76.114
-76.1166
-76.1193
-76.1219
-76.1246
-76.1273
-76.13
-76.1327
-76.1354
-76.138
-76.1407
-76.1434
-76.146
-76.1487
-76.1513
-76.1539
-76.1565
-76.1591
-76.1617
-76.1643
-76.1668
-76.1694
-76.1719
-76.1744
-76.1769
-76.1793
-76.1818
-76.1842
-76.1867
-76.1891
-76.1914
-76.1938
-76.1962
-76.1985
-76.2008
-76.2031
-76.2054
-76.2077
-76.2099
-76.2121
-76.2144
-76.2166
-76.2187
-76.2209
-76.2231
-76.2252
-76.2273
-76.2294
-76.2315
-76.2336
-76.2356
-76.2376
-76.2397
-76.2417
-76.2437
-76.2456
-76.2476
-76.2495
-76.2515
-76.2534
-76.2553
-76.2572
-76.259
-76.2609
-76.2627
-76.2646
-76.2664
-76.2682
-76.27
-76.2717
-76.2735
-76.2752
-76.277
-76.2787
-76.2804
-76.2821
-76.2838
-76.2854
-76.2871
-76.2887
-76.2904
-76.292
-76.2936
-76.2952
-76.2968
-76.2983
-76.2999
-76.2822
-76.2547
-76.2328
-76.2157
-76.1956
-76.1675
-76.146
-76.1301
-76.1183
-76.1095
-76.1029
-76.098
-76.0944
-76.0919
-76.0902
-76.0892
-76.0888
-76.0888
-76.0892
-76.0899
-76.0909
-76.0922
-76.0936
-76.0953
-76.0971
-76.099
-76.101
-76.1031
-76.1053
-76.1076
-76.11
-76.1124
-76.1148
-76.1173
-76.1198
-76.1224
-76.1249
-76.1275
-76.1301
-76.1327
-76.1353
-76.1379
-76.1406
-76.1432
-76.1458
-76.1484
-76.151
-76.1536
-76.1562
-76.1588
-76.1613
-76.1639
-76.1664
-76.1689
-76.1714
-76.1739
-76.1764
-76.1789
-76.1813
-76.1838
-76.1862
-76.1886
-76.191
-76.1933
-76.1957
-76.198
-76.2003
-76.2026

