-70
-69.8623
-69.7285
-69.5983
-69.4718
-69.3487
-69.2291
-69.1128
-68.9997
-68.8897
-68.7828
-68.6789
-68.5778
-68.4795
-68.3839
-68.291
-68.2007
-68.1128
-68.0274
-67.9443
-67.8636
-67.7851
-67.7087
-67.6345
-67.5623
-67.4921
-67.4238
-67.3574
-67.2929
-67.2301
-67.1691
-67.1098
-67.0521
-66.996
-66.9414
-66.8884
-66.8368
-66.7866
-66.7378
-66.6904
-66.6443
-66.5994
-66.5558
-66.5133
-66.4721
-66.432
-66.393
-66.355
-66.3181
-66.2823
-66.2474
-66.2134
-66.1805
-66.1484
-66.1172
-66.0868
-66.0573
-66.0286
-66.0007
-65.9736
-65.9472
-65.9215
-65.8966
-65.8723
-65.8487
-65.8257
-65.8034
-65.7817
-65.7606
-65.74
-65.72
-65.7006
-65.6817
-65.6633
-65.6455
-65.6281
-65.6112
-65.5948
-65.5788
-65.5632
-65.5481
-65.5334
-65.5191
-65.5052
-65.4917
-65.4785
-65.4657
-65.4533
-65.4412
-65.4294
-65.418
-65.4068
-65.396
-65.3855
-65.3752
-65.3653
-65.3556
-65.3462
-65.337
-65.3281
-65.3194
-65.311
-65.3028
-65.2948
-65.2871
-65.2795
-65.2722
-65.2651
-65.2581
-65.2514
-65.2448
-65.2385
-65.2322
-65.2262
-65.2203
-65.2146
-65.2091
-65.2037
-65.1984
-65.1933
-65.1884
-65.1835
-65.1788
-65.1743
-65.1698
-65.1655
-65.1613
-65.1572
-65.1532
-65.1493
-65.1456
-65.1419
-65.1384
-65.1349
-65.1315
-65.1283
-65.1251
-65.122
-65.119
-65.1161
-65.1132
-65.1104
-65.1077
-65.1051
-65.1026
-65.1001
-65.0977
-65.0953
-65.0931
-65.0908
-65.0887
-65.0866
-65.0845
-65.0826
-65.0806
-65.0788
-65.0769
-65.0752
-65.0734
-65.0718
-65.0701
-65.0685
-65.067
-65.0655
-65.064
-65.0626
-65.0612
-65.0599
-65.0586
-65.0573
-65.0561
-65.0549
-65.0537
-65.0526
-65.0514
-65.0504
-65.0493
-65.0483
-65.0473
-65.0464
-65.0454
-65.0445
-65.0436
-65.0428
-65.0419
-65.0411
-65.0403
-65.0395
-65.0388
-65.0381
-65.0374
-65.0367
-65.036
-65.0353
-65.0347
-65.0341
-65.0335
-65.0329
-65.0323
-65.0318
-65.0313
-65.0307
-65.0302
-65.0297
-65.0293
-65.0288
-65.0283
-65.0279
-65.0275
-65.027
-65.0266
-65.0262
-65.0259
-65.0255
-65.0251
-65.0248
-65.0244
-65.0241
-65.0238
-65.0234
-65.0231
-65.0228
-65.0225
-65.0223
-65.022
-65.0217
-65.0215
-65.0212
-65.021
-65.0207
-65.0205
-65.0203
-65.02
-65.0198
-65.0196
-65.0194
-65.0192
-65.019
-65.0188
-65.0187
-65.0185
-65.0183
-65.0181
-65.018
-65.0178
-65.0177
-65.0175
-65.0174
-65.0172
-65.0171
-65.017
-65.0168
-65.0167
-65.0166
-65.0165
-65.0163
-65.0162
-65.0161
-65.016
-65.0159
-65.0158
-65.0157
-65.0156
-65.0155
-65.0154
-65.0153
-65.0153
-65.0152
-65.0151
-65.015
-65.0149
-65.0149
-65.0148
-65.0147
-65.0147
-65.0146
-65.0145
-65.0145
-65.0144
-65.0143
-65.0143
-65.0142
-65.0142
-65.0141
-65.0141
-65.014
-65.014
-65.0139
-65.0139
-65.0138
-65.0138
-65.0137
-65.0137
-65.0137
-65.0136
-65.0136
-65.0135
-65.0135
-65.0135
-65.0134
-65.0134
-65.0134
-65.0133
-65.0133
-65.0133
-65.0133
-65.0132
-65.0132
-65.0132
-65.0131
-65.0131
-65.0131
-65.0131
-65.0131
-65.013
-65.013
-65.013
-65.013
-65.0129
-65.0129
-65.0129
-65.0129
-65.0129
-65.0129
-65.0128
-65.0128
-65.0128
-65.0128
-65.0128
-65.0128
-65.0127
-65.0127
-65.0127
-65.0127
-65.0127
-65.0127
-65.0127
-65.0127
-65.0126
-65.0126
-65.0126
-65.0126
-65.0126
-65.0126
-65.0126
-65.0126
-65.0126
-65.0126
-65.0125
-65.0125
-65.0125
-65.0125
-65.0125
-65.0125
-65.0125
-65.0125
-65.0125
-65.0125
-65.0125
-65.0125
-65.0125
-65.0124
-65.0124
-65.0124
-65.0124
-65.0124
-65.0124
-65.0124
-65.0124
-65.0124
-65.0124
-65.0124
-65.0124
-65.0124
-65.0124
-65.0124
-65.0124
-65.0124
-65.0124
-65.0124
-65.0124
-65.0124
-65.0124
-65.0124
-65.0123
-65.0123
-65.0123
-65.0123
-65.0123
-65.0123
-65.0123
-65.0123
-65.0123
-65.0123
-65.0123
-65.0123
-65.0123
-65.0123
-65.0123
-65.0123
-65.0123
-65.0123
-65.0123
-65.0123
-65.0123
-65.0123
-65.0123
-65.0123
-65.0123
-65.0123
-65.0123
-65.0123
-65.0123
-65.0123
-65.0123
-65.0123
-65.0123
-65.0123
-65.0123
-65.0123
-65.0123
-65.0123
-65.0123
-65.0123
-65.0123
-65.0123
-65.0123
-65.0123
-65.0123
-65.0123
-65.0123
-65.0123
-65.0123
-65.0123
-65.0123
-65.0123
-65.0123
-65.0123
-65.0123
-65.0123
-65.0123
-65.0123
-65.0123
-65.0123
-65.0123
-65.0123
-65.0123
-65.0123
-65.0123
-65.0123
-65.0123
-65.0123
-65.0123
-65.0123
-65.0123
-65.0123
-65.0123
-65.0123
-64.8888
-64.7871
-64.7113
-64.6572
-64.6152
-64.5815
-64.5545
-64.5329
-64.5159
-64.5027
-64.4927
-64.4856
-64.4808
-64.478
-64.477
-64.4776
-64.4793
-64.4822
-64.4861
-64.4907
-64.496
-64.5019
-64.5083
-64.5151
-64.5223
-64.5297
-64.5373
-64.5451
-64.553
-64.5611
-64.5691
-64.5773
-64.5854
-64.5935
-64.5495
-64.4315
-64.3542
-64.2976
-64.2584
-64.2288
-64.2064
-64.1898
-64.1781
-64.1704
-64.1661
-64.1647
-64.1657
-64.1688
-64.1736
-64.1799
-64.1874
-64.196
-64.1787
-64.0657
-63.9928
-63.9409
-63.774
-63.6003
-63.3723
-63.1242
-62.9257
-62.7152
-62.552
-62.2851
-62.029
-61.7413
-61.54
-61.3905
-61.2361
-61.1038
-60.9967
-60.687
-60.4763
-60.2732
-60.1236
-60.0186
-59.921
-59.8438
-59.7956
-59.7596
-59.7101
-59.6626
-59.5792
-59.5375
-59.4793
-59.4538
-59.4505
-59.4662
-59.4954
-59.5353
-59.584
-59.64
-59.6943
-59.7109
-59.7175
-59.7304
-59.7632
-59.8091
-59.8644
-59.9263
-59.9932
-60.0641
-60.1382
-60.2149
-60.2935
-60.3735
-60.4547
-60.53
-60.5699
-60.6234
-60.6836
-60.7149
-60.7495
-60.7947
-60.8485
-60.9073
-60.9694
-61.0339
-61.1002
-61.1676
-61.2359
-61.2676
-61.294
-61.3322
-61.3374
-61.3417
-61.3621
-61.3631
-61.274
-61.194
-61.1059
-61.061
-60.9942
-60.9098
-60.7304
-60.6177
-60.4701
-60.2725
-59.9704
-59.6771
-59.4155
-59.217
-59.0825
-58.9928
-58.9369
-58.907
-58.8985
-58.9079
-58.9323
-58.9406
-58.9274
-58.9345
-58.9621
-58.9938
-58.9675
-58.9754
-59.0029
-59.0485
-59.0704
-59.1012
-59.1475
-59.2065
-59.2743
-59.3483
-59.4274
-59.5105
-59.5967
-59.6854
-59.7759
-59.8679
-59.9608
-60.0542
-60.148
-60.2417
-60.3353
-60.4284
-60.5208
-60.6125
-60.7033
-60.793
-60.8816
-60.969
-61.0552
-61.1399
-61.2234
-61.3054
-61.3859
-61.465
-61.5426
-61.6187
-61.6934
-61.7665
-61.8382
-61.9083
-61.977
-62.0442
-62.1099
-62.1742
-62.237
-62.2984
-62.3584
-62.417
-62.4743
-62.5303
-62.5849
-62.6382
-62.6903
-62.7411
-62.7907
-62.8391
-62.8864
-62.9325
-62.9774
-63.0213
-63.0641
-63.1058
-63.1465
-63.1862
-63.2249
-63.2627
-63.2995
-63.3354
-63.3704
-63.4045
-63.3775
-63.3153
-63.2804
-63.2623
-63.256
-63.2565
-63.2185
-63.1863
-63.1685
-63.1618
-63.1624
-63.1592
-63.1136
-63.0898
-63.0347
-62.8716
-62.5642
-62.2512
-61.9884
-61.6491
-61.3723
-61.1701
-60.994
-60.8568
-60.5727
-60.2895
-60.0912
-59.9528
-59.8579
-59.7933
-59.7317
-59.6804
-59.6548
-59.6492
-59.6601
-59.6703
-59.6701
-59.6892
-59.7215
-59.7286
-59.7529
-59.7899
-59.8385
-59.8947
-59.9568
-60.0211
-60.0043
-59.9813
-59.9867
-60.013
-60.0536
-60.1031
-60.1596
-60.2022
-60.2331
-60.2781
-60.3318
-60.3927
-60.4581
-60.5268
-60.598
-60.6712
-60.7458
-60.8214
-60.8977
-60.9241
-60.9103
-60.9241
-60.9533
-60.9945
-61.006
-61.028
-61.061
-61.1035
-61.1518
-61.2042
-61.2597
-61.2522
-61.1617
-61.0584
-60.9777
-60.9367
-60.8945
-60.8228
-60.7571
-60.6603
-60.5702
-60.4675
-60.3623
-60.3017
-60.2705
-60.2615
-60.2684
-60.2879
-60.3142
-60.2522
-60.1839
-60.1348
-60.0422
-59.9773
-59.9121
-59.7268
-59.5747
-59.4512
-59.3373
-59.2689
-59.2332
-59.2077
-59.1408
-59.1071
-59.0801
-59.0673
-59.0779
-59.1059
-59.1478
-59.1625
-59.1915
-59.2353
-59.267
-59.2965
-59.3272
-59.3472
-59.3881
-59.4415
-59.505
-59.5752
-59.6507
-59.7302
-59.813
-59.8983
-59.9855
-60.0741
-60.1637
-60.2538
-60.3443
-60.4347
-60.525
-60.6148
-60.7041
-60.7926
-60.8802
-60.9668
-61.0523
-61.1367
-61.2198
-61.3016
-61.3821
-61.4612
-61.5389
-61.6152
-61.6901
-61.7635
-61.8355
-61.906
-61.9751
-62.0427
-62.1089
-62.1736
-62.2369
-62.2988
-62.3594
-62.4185
-62.4763
-62.5328
-62.588
-62.6418
-62.6944
-62.7458
-62.7959
-62.8448
-62.8926
-62.9391
-62.9846
-63.029
-63.0722
-63.1144
-63.1556
-63.1957
-63.2348
-63.273
-63.3102
-63.3465
-63.3819
-63.4164
-63.45
-63.4828
-63.5148
-63.546
-63.5763
-63.606
-63.6348
-63.663
-63.6904
-63.7172
-63.7433
-63.7687
-63.7935
-63.8176
-63.8412
-63.8641
-63.8865
-63.9083
-63.8689
-63.7904
-63.6728
-63.4233
-63.2499
-63.1237
-63.0348
-62.9683
-62.9032
-62.727
-62.5763
-62.4567
-62.2301
-62.0638
-61.9426
-61.8549
-61.6244
-61.4076
-61.2555
-61.1507
-61.0411
-60.8294
-60.6878
-60.5213
-60.3707
-60.2463
-60.1652
-60.1143
-60.087
-60.0774
-60.0826
-60.1001
-60.0891
-59.9705
-59.8521
-59.7482
-59.6144
-59.5371
-59.4712
-59.378
-59.328
-59.3065
-59.3092
-59.3284
-59.3609
-59.3883
-59.3189
-59.2711
-59.2416
-59.2447
-59.2675
-59.3053
-59.354
-59.4116
-59.4763
-59.547
-59.6225
-59.7018
-59.7843
-59.8693
-59.9561
-60.0444
-60.1336
-60.2234
-60.3135
-60.4037
-60.4585
-60.5185
-60.5852
-60.6577
-60.7329
-60.8096
-60.8873
-60.9654
-61.0437
-61.1218
-61.1996
-61.2768
-61.3359
-61.3493
-61.3468
-61.3659
-61.398
-61.4391
-61.4853
-61.5352
-61.5878
-61.6425
-61.6987
-61.7473
-61.7207
-61.6102
-61.5325
-61.4913
-61.4761
-61.4768
-61.4886
-61.5091
-61.5283
-61.4694
-61.2775
-61.1094
-60.8802
-60.694
-60.4871
-60.3086
-60.1519
-60.0187
-59.8379
-59.7082
-59.6235
-59.5454
-59.4992
-59.4773
-59.4738
-59.4447

