-70
-70.0758
-70.1508
-70.225
-70.2983
-70.3706
-70.4419
-70.5122
-70.5814
-70.6496
-70.7168
-70.7829
-70.848
-70.9121
-70.9752
-71.0373
-71.0984
-71.1586
-71.2178
-71.2761
-71.3334
-71.3899
-71.4455
-71.5003
-71.5543
-71.6074
-71.6598
-71.7114
-71.7623
-71.8124
-71.8619
-71.9106
-71.9587
-72.006
-72.0527
-72.0988
-72.1442
-72.1889
-72.2331
-72.2766
-72.3196
-72.362
-72.4038
-72.445
-72.4857
-72.5258
-72.5654
-72.6045
-72.6431
-72.6812
-72.7188
-72.756
-72.7927
-72.8289
-72.8647
-72.9
-72.9349
-72.9694
-73.0035
-73.0371
-73.0704
-73.1032
-73.1357
-73.1678
-73.1994
-73.2307
-73.2617
-73.2922
-73.3224
-73.3523
-73.3817
-73.4109
-73.4397
-73.4682
-73.4963
-73.5241
-73.5516
-73.5788
-73.6057
-73.6323
-73.6585
-73.6845
-73.7102
-73.7356
-73.7608
-73.7857
-73.8103
-73.8346
-73.8587
-73.8825
-73.9061
-73.9294
-73.9524
-73.9753
-73.9979
-74.0202
-74.0423
-74.0642
-74.0859
-74.1073
-74.1285
-74.1495
-74.1703
-74.1909
-74.2112
-74.2313
-74.2513
-74.271
-74.2905
-74.3098
-74.329
-74.3479
-74.3666
-74.3852
-74.4036
-74.4217
-74.4397
-74.4575
-74.4752
-74.4926
-74.5099
-74.527
-74.544
-74.5607
-74.5774
-74.5938
-74.6101
-74.6262
-74.6422
-74.658
-74.6736
-74.6891
-74.7045
-74.7197
-74.7347
-74.7496
-74.7644
-74.779
-74.7935
-74.8079
-74.8221
-74.8362
-74.8501
-74.864
-74.8777
-74.8913
-74.9047
-74.918
-74.9313
-74.9443
-74.9573
-74.9701
-74.9829
-74.9955
-75.008
-75.0204
-75.0327
-75.0448
-75.0569
-75.0688
-75.0806
-75.0924
-75.104
-75.1155
-75.1269
-75.1382
-75.1495
-75.1606
-75.1716
-75.1825
-75.1933
-75.204
-75.2147
-75.2252
-75.2356
-75.246
-75.2562
-75.2664
-75.2764
-75.2864
-75.2963
-75.3061
-75.3158
-75.3255
-75.335
-75.3445
-75.3538
-75.3631
-75.3724
-75.3815
-75.3906
-75.3995
-75.4084
-75.4172
-75.426
-75.4346
-75.4432
-75.4518
-75.4602
-75.4686
-75.4769
-75.4851
-75.4932
-75.5013
-75.5093
-75.5173
-75.5251
-75.533
-75.5407
-75.5484
-75.556
-75.5635
-75.571
-75.5784
-75.5858
-75.593
-75.6003
-75.6074
-75.6145
-75.6216
-75.6285
-75.6355
-75.6423
-75.6491
-75.6559
-75.6626
-75.6692
-75.6758
-75.6823
-75.6888
-75.6952
-75.7015
-75.7078
-75.7141
-75.7203
-75.7264
-75.7325
-75.7386
-75.7446
-75.7505
-75.7564
-75.7622
-75.768
-75.7738
-75.7795
-75.7851
-75.7907
-75.7963
-75.8018
-75.8072
-75.8127
-75.818
-75.8234
-75.8287
-75.8339
-75.8391
-75.8443
-75.8494
-75.8545
-75.8595
-75.8645
-75.8695
-75.8744
-75.8793
-75.8841
-75.8889
-75.8937
-75.8984
-75.9031
-75.9077
-75.9123
-75.9169
-75.9214
-75.9259
-75.9304
-75.9348
-75.9392
-75.9436
-75.9479
-75.9522
-75.9565
-75.9607
-75.9649
-75.969
-75.9731
-75.9772
-75.9813
-75.9853
-75.9893
-75.9933
-75.9972
-76.0011
-76.005
-76.0088
-76.0126
-76.0164
-76.0201
-76.0239
-76.0275
-76.0312
-76.0348
-76.0384
-76.042
-76.0456
-76.0491
-76.0526
-76.056
-76.0595
-76.0629
-76.0663
-76.0696
-76.0729
-76.0762
-76.0795
-76.0828
-76.086
-76.0892
-76.0924
-76.0955
-76.0986
-76.1017
-76.1048
-76.1079
-76.1109
-76.1139
-76.1169
-76.1198
-76.1228
-76.1257
-76.1286
-76.1314
-76.1343
-76.1371
-76.1399
-76.1427
-76.1455
-76.1482
-76.1509
-76.1536
-76.1563
-76.1589
-76.1615
-76.1642
-76.1667
-76.1693
-76.1719
-76.1744
-76.1769
-76.1794
-76.1819
-76.1843
-76.1868
-76.1892
-76.1916
-76.1939
-76.1963
-76.1986
-76.201
-76.2033
-76.2056
-76.2078
-76.2101
-76.2123
-76.2145
-76.2167
-76.2189
-76.2211
-76.2232
-76.2254
-76.2275
-76.2296
-76.2317
-76.2337
-76.2358
-76.2378
-76.2398
-76.2418
-76.2438
-76.2458
-76.2478
-76.2497
-76.2516
-76.2536
-76.2554
-76.2573
-76.2592
-76.2611
-76.2629
-76.2647
-76.2665
-76.2683
-76.2701
-76.2719
-76.2737
-76.2754
-76.2771
-76.2788
-76.2806
-76.2822
-76.2839
-76.2856
-76.2872
-76.2889
-76.2905
-76.2921
-76.2937
-76.2953
-76.2969
-76.2985
-76.3
-76.3016
-76.3031
-76.3046
-76.3061
-76.3076
-76.3091
-76.3106
-76.312
-76.3135
-76.3149
-76.3164
-76.3178
-76.3192
-76.3206
-76.322
-76.3233
-76.3247
-76.3261
-76.3274
-76.3287
-76.33
-76.3314
-76.3327
-76.334
-76.3352
-76.3365
-76.3378
-76.339
-76.3403
-76.3415
-76.3427
-76.3439
-76.3452
-76.3464
-76.3475
-76.3487
-76.3499
-76.351
-76.3522
-76.3533
-76.3545
-76.3556
-76.3567
-76.3578
-76.3589
-76.36
-76.3611
-76.3622
-76.3632
-76.3643
-76.3654
-76.3664
-76.3674
-76.3685
-76.3695
-76.3705
-76.3715
-76.3725
-76.3735
-76.3745
-76.3754
-76.3764
-76.3774
-76.3783
-76.3793
-76.3802
-76.3811
-76.382
-76.383
-76.3839
-76.3848
-76.3857
-76.3866
-76.3874
-76.3883
-76.3892
-76.39
-76.3909
-76.3917
-76.3926
-76.3934
-76.3943
-76.3951
-76.3959
-76.3967
-76.3975
-76.3983
-76.3991
-76.3999
-76.4007
-76.4014
-76.4022
-76.403
-76.4037
-76.4045
-76.4052
-73.0945
-69.0255
-65.9295
-63.5553
-61.6413
-59.9385
-58.1125
-55.246
-31.2515
9.69463
-27.3558
-73.7447
-79.0249
-78.7511
-78.5907
-78.4241
-78.2434
-78.0487
-77.8404
-77.6198
-77.3884
-75.137
-73.2319
-72.0281
-71.1533
-70.4465
-69.8396
-69.3018
-68.8181
-68.3811
-67.9865
-67.6319
-67.3156
-67.0358
-66.7911
-66.58
-66.4009
-66.1579
-63.6384
-61.1634
-59.0872
-56.9056
-53.0426
44.6911
-7.78763
-39.7731
-78.5158
-79.3788
-79.3194
-79.2406
-79.1548
-79.0623
-78.9636
-78.8592
-78.7498
-78.6361
-78.5194
-78.4008
-78.2814
-78.1625
-78.0453
-77.9309
-77.8202
-77.7141
-77.6133
-76.3776
-72.111
-68.7151
-66.2418
-64.3835
-62.9331
-61.7416
-60.6902
-59.6658
-58.5174
-56.9131
-53.3585
45.8356
-5.71327
-37.0344
-78.4393
-79.8114
-78.779
-78.2455
-78.0086
-77.7843
-77.5471
-77.2958
-77.0317
-76.7569
-76.4739
-74.99
-72.4333
-70.6673
-69.4277
-68.4818
-67.7181
-67.0791
-66.5326
-66.0601
-64.2387
-62.1006
-60.3688
-58.7943
-56.9961
-53.7843
19.0184
-1.20801
-33.6526
-77.169
-79.6117
-79.6067
-79.5585
-79.4048
-79.2563
-78.9739
-78.6817
-78.5037
-78.342
-78.0554
-77.8421
-77.6783
-77.5372
-77.4092
-77.2909
-77.0952
-76.9083
-76.7654
-76.6517
-76.5581
-76.479
-76.4113
-76.3528
-76.3019
-76.2575
-76.2188
-76.185
-76.1555
-76.1299
-76.1076
-76.0884
-76.0719
-76.0577
-76.0456
-76.0354
-76.0268
-76.0197
-76.014
-76.0093
-76.0057
-76.003
-76.001
-75.9998
-75.9991
-75.999
-75.9994
-76.0002
-76.0013
-76.0028
-76.0045
-76.0065
-76.0087
-76.011
-76.0135
-76.0162
-76.019
-76.0218
-76.0247
-76.0278
-76.0308
-76.0339
-76.0371
-76.0403
-76.0435
-76.0467
-76.0499
-76.0532
-76.0564
-76.0596
-76.0629
-76.0661
-73.232
-69.1307
-65.9837
-63.576
-61.6403
-59.9229
-58.085
-55.1966
-30.0246
9.20579
-27.6042
-73.9767
-79.0216
-78.745
-78.5838
-78.4165
-78.2351
-78.0396
-77.8306
-77.6093
-77.3772
-75.3141
-73.2921
-72.0131
-71.0969
-70.3652
-69.7423
-69.1936
-68.7023
-68.06
-65.6965
-63.5802
-61.9655
-60.6376
-59.4227
-58.1279
-56.3709
-52.3759
44.2486
-10.2977
-41.9674
-78.1995
-78.9315
-78.8174
-78.5355
-78.3102
-78.1261
-77.9395
-77.7312
-77.4402
-77.1968
-76.9792
-76.7716
-76.5706
-76.3759
-76.1885
-76.0092
-75.8392
-75.6792
-75.5298
-75.3914
-75.2641
-75.1478
-75.0424
-74.9476
-74.8627
-74.7874
-74.721
-74.663
-74.6127
-73.5145
-69.5349
-66.2815
-63.8467
-61.9396
-60.3153
-58.7072
-56.6181
-51.3727
37.3442
-14.3315
-47.7056
-79.2964
-79.7341
-79.7088
-79.672
-79.6309
-79.5858
-78.1233
-76.1643
-75.2083
-74.5953
-74.0875
-73.6198
-73.1729
-72.742
-72.3272
-70.6125
-68.0167
-66.0756
-64.6329
-63.5107
-62.5997
-61.828
-61.1446
-60.5096
-59.8817
-59.1663
-56.9127
-52.653
44.9753
-9.00934
-40.0819
-78.3293
-79.3754
-79.3202
-79.2371
-79.1451
-79.0448
-78.9364
-78.8203
-78.6971
-78.547
-78.2457
-77.9968
-77.794
-77.6149
-77.4504
-77.2967
-77.1524
-77.0171
-76.8905
-76.7182
-76.5516
-76.406
-76.2426
-76.1206
-76.0365
-75.9763
-75.9314
-75.8972
-75.8704
-75.8493
-75.8324
-75.8188
-75.8079
-75.8117
-75.8233
-75.8324
-75.8396
-75.8454
-75.8503
-75.8546
-75.8586
-75.8623
-75.8658
-75.8692
-75.8726
-75.876
-75.8794
-75.8828
-75.8863
-75.8898
-75.8933
-75.8969
-75.9006
-75.9042
-75.908
-75.9117
-75.9155
-75.9194
-75.9232
-75.9271
-75.931
-75.935
-75.9389
-75.9429
-75.9468
-75.9508
-75.9547
-75.9587
-75.9627
-75.9666
-75.9705
-75.9745
-75.9784
-75.9823
-75.9862
-75.99
-75.9939
-75.9977
-76.0015
-76.0053
-76.0091
-76.0128
-76.0165
-76.0202
-76.0239
-76.0276
-76.0312
-76.0348
-76.0384
-73.1998
-69.093
-65.943
-63.5332
-61.5942
-59.8689
-58.0093
-55.0266
-21.5449
7.11361
-28.6551
-74.9614
-78.9892
-78.7412
-78.583
-78.4158
-78.2346
-78.0393
-77.8306
-77.6096
-77.3779
-75.1013
-73.1709
-71.9496
-71.0632
-70.3488
-69.737
-69.196
-68.7105
-68.2726
-66.4896
-64.1256
-62.2987
-60.8328
-59.5259
-58.1645
-56.3441
-52.1624
43.1553
-11.3197
-42.9506
-78.4247
-78.7646
-78.5974
-78.3637
-78.1516
-77.9261
-77.6423
-77.4008
-77.1698
-76.9106
-76.6327
-76.3903
-76.1677
-75.958
-75.7592
-75.5711
-75.3941
-75.2285
-75.0748
-74.9331
-74.8034
-74.6855
-74.5791
-74.4837
-74.3989
-74.3241
-74.2586
-74.2018
-74.1531
-74.1117
-74.0771
-74.0486
-74.0256
-74.0077
-73.9942
-73.9848
-73.979
-73.9765
-73.9767
-73.9795
-73.9845
-73.9914
-74.0001
-74.0102
-74.0217
-74.0343
-74.0479
-74.0623
-74.0774
-72.2517
-68.3099
-65.2042
-62.8285
-60.8918
-59.0967
-56.9542
-52.2845
41.7648
-11.3364
-43.1074
-78.4696
-78.92
-78.7963
-78.6519
-78.494
-78.3229
-78.1389
-77.9429
-77.4719
-75.1469

