-70
-70.0758
-70.1508
-70.225
-70.2983
-70.3706
-70.4419
-70.5122
-70.5814
-70.6496
-70.7168
-70.7829
-70.848
-70.9121
-70.9752
-71.0373
-71.0984
-71.1586
-71.2178
-71.2761
-71.3334
-71.3899
-71.4455
-71.5003
-71.5543
-71.6074
-71.6598
-71.7114
-71.7623
-71.8124
-71.8619
-71.9106
-71.9587
-72.006
-72.0527
-72.0988
-72.1442
-72.1889
-72.2331
-72.2766
-72.3196
-72.362
-72.4038
-72.445
-72.4857
-72.5258
-72.5654
-72.6045
-72.6431
-72.6812
-72.7188
-72.756
-72.7927
-72.8289
-72.8647
-72.9
-72.9349
-72.9694
-73.0035
-73.0371
-73.0704
-73.1032
-73.1357
-73.1678
-73.1994
-73.2307
-73.2617
-73.2922
-73.3224
-73.3523
-73.3817
-73.4109
-73.4397
-73.4682
-73.4963
-73.5241
-73.5516
-73.5788
-73.6057
-73.6323
-73.6585
-73.6845
-73.7102
-73.7356
-73.7608
-73.7857
-73.8103
-73.8346
-73.8587
-73.8825
-73.9061
-73.9294
-73.9524
-73.9753
-73.9979
-74.0202
-74.0423
-74.0642
-74.0859
-74.1073
-74.1285
-74.1495
-74.1703
-74.1909
-74.2112
-74.2313
-74.2513
-74.271
-74.2905
-74.3098
-74.329
-74.3479
-74.3666
-74.3852
-74.4036
-74.4217
-74.4397
-74.4575
-74.4752
-74.4926
-74.5099
-74.527
-74.544
-74.5607
-74.5774
-74.5938
-74.6101
-74.6262
-74.6422
-74.658
-74.6736
-74.6891
-74.7045
-74.7197
-74.7347
-74.7496
-74.7644
-74.779
-74.7935
-74.8079
-74.8221
-74.8362
-74.8501
-74.864
-74.8777
-74.8913
-74.9047
-74.918
-74.9313
-74.9443
-74.9573
-74.9701
-74.9829
-74.9955
-75.008
-75.0204
-75.0327
-75.0448
-75.0569
-75.0688
-75.0806
-75.0924
-75.104
-75.1155
-75.1269
-75.1382
-75.1495
-75.1606
-75.1716
-75.1825
-75.1933
-75.204
-75.2147
-75.2252
-75.2356
-75.246
-75.2562
-75.2664
-75.2764
-75.2864
-75.2963
-75.3061
-75.3158
-75.3255
-75.335
-75.3445
-75.3538
-75.3631
-75.3724
-75.3815
-75.3906
-75.3995
-75.4084
-75.4172
-75.426
-75.4346
-75.4432
-75.4518
-75.4602
-75.4686
-75.4769
-75.4851
-75.4932
-75.5013
-75.5093
-75.5173
-75.5251
-75.533
-75.5407
-75.5484
-75.556
-75.5635
-75.571
-75.5784
-75.5858
-75.593
-75.6003
-75.6074
-75.6145
-75.6216
-75.6285
-75.6355
-75.6423
-75.6491
-75.6559
-75.6626
-75.6692
-75.6758
-75.6823
-75.6888
-75.6952
-75.7015
-75.7078
-75.7141
-75.7203
-75.7264
-75.7325
-75.7386
-75.7446
-75.7505
-75.7564
-75.7622
-75.768
-75.7738
-75.7795
-75.7851
-75.7907
-75.7963
-75.8018
-75.8072
-75.8127
-75.818
-75.8234
-75.8287
-75.8339
-75.8391
-75.8443
-75.8494
-75.8545
-75.8595
-75.8645
-75.8695
-75.8744
-75.8793
-75.8841
-75.8889
-75.8937
-75.8984
-75.9031
-75.9077
-75.9123
-75.9169
-75.9214
-75.9259
-75.9304
-75.9348
-75.9392
-75.9436
-75.9479
-75.9522
-75.9565
-75.9607
-75.9649
-75.969
-75.9731
-75.9772
-75.9813
-75.9853
-75.9893
-75.9933
-75.9972
-76.0011
-76.005
-76.0088
-76.0126
-76.0164
-76.0201
-76.0239
-76.0275
-76.0312
-76.0348
-76.0384
-76.042
-76.0456
-76.0491
-76.0526
-76.056
-76.0595
-76.0629
-76.0663
-76.0696
-76.0729
-76.0762
-76.0795
-76.0828
-76.086
-76.0892
-76.0924
-76.0955
-76.0986
-76.1017
-76.1048
-76.1079
-76.1109
-76.1139
-76.1169
-76.1198
-76.1228
-76.1257
-76.1286
-76.1314
-76.1343
-76.1371
-76.1399
-76.1427
-76.1455
-76.1482
-76.1509
-76.1536
-76.1563
-76.1589
-76.1615
-76.1642
-76.1667
-76.1693
-76.1719
-76.1744
-76.1769
-76.1794
-76.1819
-76.1843
-76.1868
-76.1892
-76.1916
-76.1939
-76.1963
-76.1986
-76.201
-76.2033
-76.2056
-76.2078
-76.2101
-76.2123
-76.2145
-76.2167
-76.2189
-76.2211
-76.2232
-76.2254
-76.2275
-76.2296
-76.2317
-76.2337
-76.2358
-76.2378
-76.2398
-76.2418
-76.2438
-76.2458
-76.2478
-76.2497
-76.2516
-76.2536
-76.2554
-76.2573
-76.2592
-76.2611
-76.2629
-76.2647
-76.2665
-76.2683
-76.2701
-76.2719
-76.2737
-76.2754
-76.2771
-76.2788
-76.2806
-76.2822
-76.2839
-76.2856
-76.2872
-76.2889
-76.2905
-76.2921
-76.2937
-76.2953
-76.2969
-76.2985
-76.3
-76.3016
-76.3031
-76.3046
-76.3061
-76.3076
-76.3091
-76.3106
-76.312
-76.3135
-76.3149
-76.3164
-76.3178
-76.3192
-76.3206
-76.322
-76.3233
-76.3247
-76.3261
-76.3274
-76.3287
-76.33
-76.3314
-76.3327
-76.334
-76.3352
-76.3365
-76.3378
-76.339
-76.3403
-76.3415
-76.3427
-76.3439
-76.3452
-76.3464
-76.3475
-76.3487
-76.3499
-76.351
-76.3522
-76.3533
-76.3545
-76.3556
-76.3567
-76.3578
-76.3589
-76.36
-76.3611
-76.3622
-76.3632
-76.3643
-76.3654
-76.3664
-76.3674
-76.3685
-76.3695
-76.3705
-76.3715
-76.3725
-76.3735
-76.3745
-76.3754
-76.3764
-76.3774
-76.3783
-76.3793
-76.3802
-76.3811
-76.382
-76.383
-76.3839
-76.3848
-76.3857
-76.3866
-76.3874
-76.3883
-76.3892
-76.39
-76.3909
-76.3917
-76.3926
-76.3934
-76.3943
-76.3951
-76.3959
-76.3967
-76.3975
-76.3983
-76.3991
-76.3999
-76.4007
-76.4014
-76.4022
-76.403
-76.4037
-76.4045
-76.4052
-76.406
-76.4067
-76.4074
-76.4082
-76.4089
-76.4096
-76.4103
-76.411
-76.4117
-76.4124
-76.4131
-76.4137
-76.4144
-76.4151
-76.4158
-76.4164
-76.4171
-76.4177
-76.4184
-76.419
-76.4196
-76.4203
-76.4209
-76.4215
-76.4221
-76.4227
-76.4234
-76.424
-76.4246
-76.4251
-76.4063
-76.3639
-76.3289
-76.3015
-76.2798
-76.2625
-76.2487
-76.2376
-76.2287
-76.2215
-76.2158
-76.2112
-76.2077
-76.2049
-76.2029
-76.2014
-76.2005
-76.2
-76.1998
-76.1999
-76.2003
-76.201
-76.2018
-76.2028
-76.204
-76.2053
-76.2067
-76.2081
-76.2097
-76.2113
-76.213
-76.2148
-76.2166
-76.2184
-76.2202
-76.2221
-76.224
-76.2259
-76.2278
-76.2297
-76.2317
-76.2336
-76.2355
-76.2375
-76.2394
-76.2413
-76.2433
-76.2452
-76.2471
-76.249
-76.2509
-76.2527
-76.2546
-76.2565
-76.2583
-76.2602
-76.262
-76.2638
-76.2656
-76.2674
-76.2692
-76.271
-76.2727
-76.2745
-76.2762
-76.2779
-76.2796
-76.2813
-76.283
-76.2847
-76.2854
-76.2622
-76.2386
-76.2201
-76.2056
-76.1941
-76.185
-76.1779
-76.1723
-76.168
-76.1646
-76.1622
-76.1604
-76.1592
-76.1585
-76.1583
-76.1584
-76.1588
-76.1595
-76.1604
-76.1616
-76.1628
-76.1643
-76.1658
-76.1675
-76.1692
-76.1711
-76.173
-76.1749
-76.177
-76.179
-76.1811
-76.1832
-76.1854
-76.1875
-76.1897
-76.1919
-76.194
-76.1962
-76.1984
-76.2006
-76.2028
-76.205
-76.2072
-76.2094
-76.2115
-76.2137
-76.2159
-76.218
-76.2201
-76.2222
-76.2244
-76.2264
-76.2285
-76.2306
-76.2327
-76.2347
-76.2367
-76.2387
-76.2407
-76.2427
-76.2447
-76.2467
-76.2486
-76.2505
-76.2524
-76.2544
-76.2562
-76.2581
-76.26
-76.2618
-76.2637
-76.2655
-76.2673
-76.2691
-76.2708
-76.2726
-76.2744
-76.2761
-76.2778
-76.2795
-76.2812
-76.2829
-76.2846
-76.2863
-76.2879
-76.2895
-76.2912
-76.2928
-76.2944
-76.296
-76.2975
-76.2991
-76.3006
-76.3022
-76.3037
-76.3052
-76.3067
-76.3082
-76.3097
-76.3112
-76.3126
-76.3141
-76.3155
-76.3169
-76.3183
-76.3197
-76.3211
-76.3214
-76.2952
-76.2684
-76.2473
-76.2307
-76.2175
-76.207
-76.1986
-76.192
-76.1868
-76.1827
-76.1796
-76.1773
-76.1756
-76.1745
-76.1739
-76.1737
-76.1738
-76.1742
-76.1749
-76.1757
-76.1768
-76.1781
-76.1794
-76.1809
-76.1825
-76.1842
-76.186
-76.1878
-76.1897
-76.1916
-76.1936
-76.1956
-76.1976
-76.1996
-76.2017
-76.2038
-76.2059
-76.208
-76.21
-76.2121
-76.2142
-76.2163
-76.2184
-76.2205
-76.2226
-76.2247
-76.2267
-76.2288
-76.2308
-76.2329
-76.2349
-76.2369
-76.2389
-76.2409
-76.2429
-76.2448
-76.2468
-76.2487
-76.2506
-76.2526
-76.2545
-76.2563
-76.2582
-76.2601
-76.2619
-76.2637
-76.2655
-76.2674
-76.2691
-76.2709
-76.2727
-76.2744
-76.2762
-76.2779
-76.2796
-76.2813
-76.2639
-76.2408
-76.2224
-76.208
-76.1965
-76.1875
-76.1804
-76.1748
-76.1704
-76.1671
-76.1646
-76.1628
-76.1617
-76.161
-76.1607
-76.1608
-76.1612
-76.1619
-76.1628
-76.1639
-76.1652
-76.1666
-76.1681
-76.1698
-76.1715
-76.1733
-76.1752
-76.1772
-76.1792
-76.1812
-76.1833
-76.1854
-76.1875
-76.1896
-76.1918
-76.194
-76.1961
-76.1983
-76.2005
-76.2027
-76.2048
-76.207
-76.2092
-76.2113
-76.2135
-76.2156
-76.2178
-76.2199
-76.222
-76.2241
-76.2262
-76.2283
-76.2304
-76.2324
-76.2345
-76.2365
-76.2385
-76.2405
-76.2425
-76.2445
-76.2464
-76.2484
-76.2503
-76.2522
-76.2541
-76.256
-76.2579
-76.2598
-76.2616
-76.2634
-76.2653
-76.2671
-76.2689
-76.2706
-76.2724
-76.2742
-76.2759
-76.2776
-76.2793
-76.281
-76.2827
-76.2844
-76.2861
-76.2877
-76.2893
-76.291
-76.2926
-76.2942
-76.2958
-76.2973
-76.2989
-76.3005
-76.302
-76.3035
-76.305
-76.3065
-76.308
-76.3095
-76.311
-76.3124
-76.3139
-76.3153
-76.3168
-76.3182
-76.3196
-76.321
-76.3223
-76.3237
-76.3251
-76.3264
-76.3278
-76.3291
-76.3304
-76.3317
-76.333
-76.3343
-76.3356
-76.3369
-76.3381
-76.3394
-76.3406
-76.3419
-76.3431
-76.3443
-76.3444
-76.316
-76.2872
-76.2644
-76.2464
-76.2321
-76.2207
-76.2116
-76.2043
-76.1986
-76.194
-76.1905
-76.1878
-76.1858
-76.1844
-76.1836
-76.1831
-76.183
-76.1833
-76.1838
-76.1845
-76.1855
-76.1866
-76.1878
-76.1892
-76.1907
-76.1923
-76.194
-76.1957
-76.1975
-76.1993
-76.2012
-76.2032
-76.2051
-76.2071
-76.2091
-76.2111
-76.2131
-76.2152
-76.2172
-76.2192
-76.2213
-76.2233
-76.2254
-76.2274
-76.2294
-76.2314
-76.2334
-76.2354
-76.2374
-76.2394
-76.2414
-76.2434
-76.2453
-76.2472
-76.2492
-76.2511
-76.253
-76.2549
-76.2567
-76.2586
-76.2605
-76.2623
-76.2641
-76.2659
-76.2677
-76.2695
-76.2713
-76.273
-76.2748
-76.2765
-76.2782
-76.2799
-76.2816
-76.2833
-76.285
-76.2866
-76.2883
-76.2899
-76.2915
-76.2931
-76.2947
-76.2963
-76.2979
-76.2995

