-70
-70.0758
-70.1508
-70.225
-70.2983
-70.3706
-70.4419
-70.5122
-70.5814
-70.6496
-70.7168
-70.7829
-70.848
-70.9121
-70.9752
-71.0373
-71.0984
-71.1586
-71.2178
-71.2761
-71.3334
-71.3899
-71.4455
-71.5003
-71.5543
-71.6074
-71.6598
-71.7114
-71.7623
-71.8124
-71.8619
-71.9106
-71.9587
-72.006
-72.0527
-72.0988
-72.1442
-72.1889
-72.2331
-72.2766
-72.3196
-72.362
-72.4038
-72.445
-72.4857
-72.5258
-72.5654
-72.6045
-72.6431
-72.6812
-72.7188
-72.756
-72.7927
-72.8289
-72.8647
-72.9
-72.9349
-72.9694
-73.0035
-73.0371
-73.0704
-73.1032
-73.1357
-73.1678
-73.1994
-73.2307
-73.2617
-73.2922
-73.3224
-73.3523
-73.3817
-73.4109
-73.4397
-73.4682
-73.4963
-73.5241
-73.5516
-73.5788
-73.6057
-73.6323
-73.6585
-73.6845
-73.7102
-73.7356
-73.7608
-73.7857
-73.8103
-73.8346
-73.8587
-73.8825
-73.9061
-73.9294
-73.9524
-73.9753
-73.9979
-74.0202
-74.0423
-74.0642
-74.0859
-74.1073
-74.1285
-74.1495
-74.1703
-74.1909
-74.2112
-74.2313
-74.2513
-74.271
-74.2905
-74.3098
-74.329
-74.3479
-74.3666
-74.3852
-74.4036
-74.4217
-74.4397
-74.4575
-74.4752
-74.4926
-74.5099
-74.527
-74.544
-74.5607
-74.5774
-74.5938
-74.6101
-74.6262
-74.6422
-74.658
-74.6736
-74.6891
-74.7045
-74.7197
-74.7347
-74.7496
-74.7644
-74.779
-74.7935
-74.8079
-74.8221
-74.8362
-74.8501
-74.864
-74.8777
-74.8913
-74.9047
-74.918
-74.9313
-74.9443
-74.9573
-74.9701
-74.9829
-74.9955
-75.008
-75.0204
-75.0327
-75.0448
-75.0569
-75.0688
-75.0806
-75.0924
-75.104
-75.1155
-75.1269
-75.1382
-75.1495
-75.1606
-75.1716
-75.1825
-75.1933
-75.204
-75.2147
-75.2252
-75.2356
-75.246
-75.2562
-75.2664
-75.2764
-75.2864
-75.2963
-75.3061
-75.3158
-75.3255
-75.335
-75.3445
-75.3538
-75.3631
-75.3724
-75.3815
-75.3906
-75.3995
-75.4084
-75.4172
-75.426
-75.4346
-75.4432
-75.4518
-75.4602
-75.4686
-75.4769
-75.4851
-75.4932
-75.5013
-75.5093
-75.5173
-75.5251
-75.533
-75.5407
-75.5484
-75.556
-75.5635
-75.571
-75.5784
-75.5858
-75.593
-75.6003
-75.6074
-75.6145
-75.6216
-75.6285
-75.6355
-75.6423
-75.6491
-75.6559
-75.6626
-75.6692
-75.6758
-75.6823
-75.6888
-75.6952
-75.7015
-75.7078
-75.7141
-75.7203
-75.7264
-75.7325
-75.7386
-75.7446
-75.7505
-75.7564
-75.7622
-75.768
-75.7738
-75.7795
-75.7851
-75.7907
-75.7963
-75.8018
-75.8072
-75.8127
-75.818
-75.8234
-75.8287
-75.8339
-75.8391
-75.8443
-75.8494
-75.8545
-75.8595
-75.8645
-75.8695
-75.8744
-75.8793
-75.8841
-75.8889
-75.8937
-75.8984
-75.9031
-75.9077
-75.9123
-75.9169
-75.9214
-75.9259
-75.9304
-75.9348
-75.9392
-75.9436
-75.9479
-75.9522
-75.9565
-75.9607
-75.9649
-75.969
-75.9731
-75.9772
-75.9813
-75.9853
-75.9893
-75.9933
-75.9972
-76.0011
-76.005
-76.0088
-76.0126
-76.0164
-76.0201
-76.0239
-76.0275
-76.0312
-76.0348
-76.0384
-76.042
-76.0456
-76.0491
-76.0526
-76.056
-76.0595
-76.0629
-76.0663
-76.0696
-76.0729
-76.0762
-76.0795
-76.0828
-76.086
-76.0892
-76.0924
-76.0955
-76.0986
-76.1017
-76.1048
-76.1079
-76.1109
-76.1139
-76.1169
-76.1198
-76.1228
-76.1257
-76.1286
-76.1314
-76.1343
-76.1371
-76.1399
-76.1427
-76.1455
-76.1482
-76.1509
-76.1536
-76.1563
-76.1589
-76.1615
-76.1642
-76.1667
-76.1693
-76.1719
-76.1744
-76.1769
-76.1794
-76.1819
-76.1843
-76.1868
-76.1892
-76.1916
-76.1939
-76.1963
-76.1986
-76.201
-76.2033
-76.2056
-76.2078
-76.2101
-76.2123
-76.2145
-76.2167
-76.2189
-76.2211
-76.2232
-76.2254
-76.2275
-76.2296
-76.2317
-76.2337
-76.2358
-76.2378
-76.2398
-76.2418
-76.2438
-76.2458
-76.2478
-76.2497
-76.2516
-76.2536
-76.2554
-76.2573
-76.2592
-76.2611
-76.2629
-76.2647
-76.2665
-76.2683
-76.2701
-76.2719
-76.2737
-76.2754
-76.2771
-76.2788
-76.2806
-76.2822
-76.2839
-76.2856
-76.2872
-76.2889
-76.2905
-76.2921
-76.2937
-76.2953
-76.2969
-76.2985
-76.3
-76.3016
-76.3031
-76.3046
-76.3061
-76.3076
-76.3091
-76.3106
-76.312
-76.3135
-76.3149
-76.3164
-76.3178
-76.3192
-76.3206
-76.322
-76.3233
-76.3247
-76.3261
-76.3274
-76.3287
-76.33
-76.3314
-76.3327
-76.334
-76.3352
-76.3365
-76.3378
-76.339
-76.3403
-76.3415
-76.3427
-76.3439
-76.3452
-76.3464
-76.3475
-76.3487
-76.3499
-76.351
-76.3522
-76.3533
-76.3545
-76.3556
-76.3567
-76.3578
-76.3589
-76.36
-76.3611
-76.3622
-76.3632
-76.3643
-76.3654
-76.3664
-76.3674
-76.3685
-76.3695
-76.3705
-76.3715
-76.3725
-76.3735
-76.3745
-76.3754
-76.3764
-76.3774
-76.3783
-76.3793
-76.3802
-76.3811
-76.382
-76.383
-76.3839
-76.3848
-76.3857
-76.3866
-76.3874
-76.3883
-76.3892
-76.39
-76.3909
-76.3917
-76.3926
-76.3934
-76.3943
-76.3951
-76.3959
-76.3967
-76.3975
-76.3983
-76.3991
-76.3999
-76.4007
-76.4014
-76.4022
-75.9782
-71.7854
-68.0015
-65.1526
-62.9424
-61.119
-59.4235
-57.4436
-53.6142
46.3418
-5.06449
-36.4119
-78.3973
-79.7416
-79.7278
-78.7612
-77.878
-77.5291
-77.2515
-76.9694
-76.6756
-76.3706
-76.0571
-75.6434
-73.1384
-70.9957
-69.5344
-68.4537
-67.6019
-66.9015
-66.3101
-65.8029
-63.852
-61.8111
-60.146
-58.5926
-56.7459
-53.1517
44.0174
-6.02064
-37.4065
-77.6507
-78.9028
-78.7926
-78.6486
-78.4908
-78.3199
-78.1293
-77.8182
-77.5592
-77.2868
-76.9883
-76.7407
-76.5202
-76.3149
-76.1211
-75.9379
-75.1203
-71.5802
-68.8402
-66.9744
-65.6464
-64.6646
-63.9148
-63.3258
-62.8529
-62.4651
-62.1421
-61.8716
-61.6422
-61.4455
-61.2768
-61.1332
-61.0126
-60.9133
-59.5118
-57.128
-53.4806
30.3295
-3.48918
-35.2321
-77.4116
-79.4211
-79.3891
-79.3149
-79.2319
-79.1413
-79.0433
-78.1036
-75.6953
-74.3237
-73.4776
-72.8285
-72.2686
-71.7589
-71.2847
-70.8409
-70.4262
-68.2733
-65.7872
-63.9286
-62.5003
-61.3337
-60.3058
-59.3064
-58.1943
-56.6735
-53.5388
29.4233
-3.01762
-35.0115
-77.713
-79.6869
-79.6303
-79.5117
-79.4433
-79.3793
-79.3115
-79.0856
-78.8987
-78.7678
-78.4942
-78.0875
-77.815
-77.6299
-77.4858
-77.3643
-77.2575
-77.1616
-77.0747
-76.9958
-76.8914
-76.7445
-76.6292
-76.5406
-76.4705
-76.4139
-76.3674
-76.3288
-76.2965
-76.2692
-76.2461
-76.2265
-76.2099
-76.1958
-76.1839
-76.1738
-76.1654
-76.1584
-76.1525
-76.1478
-76.144
-76.1409
-76.1386
-76.137
-76.1358
-76.1352
-76.1349
-76.1351
-76.1355
-76.1362
-76.1372
-76.1384
-76.1397
-76.1412
-76.1429
-76.1447
-76.1465
-76.1485
-76.1506
-76.1527
-76.1548
-76.157
-76.1593
-76.1615
-76.1638
-76.1662
-76.1685
-76.1708
-76.1732
-76.1755
-76.1779
-76.1802
-76.1826
-74.6378
-70.36
-66.9162
-64.3072
-62.2507
-60.4971
-58.7572
-56.4431
-49.5515
29.7183
-18.1393
-55.655
-79.2099
-78.8242
-78.612
-78.4448
-78.265
-78.0708
-77.8628
-77.6417
-77.4092
-76.7001
-74.2319
-72.4898
-71.3448
-70.4851
-69.7824
-69.1789
-68.6469
-68.1721
-67.2106
-64.8054
-62.8067
-61.2456
-59.9041
-58.5796
-56.9586
-53.968
-1.36205
0.810846
-32.3936
-76.6845
-79.6684
-79.6789
-78.5846
-77.7729
-77.3979
-77.0754
-76.7846
-76.4943
-76.1988
-75.8991
-75.5978
-75.2978
-75.0021
-74.7136
-74.506
-74.3748
-74.2406
-74.1063
-73.977
-73.8554
-73.7432
-73.0108
-69.4887
-66.6138
-64.559
-63.0301
-61.8323
-60.8276
-59.9068
-58.9586
-57.8097
-56.0104
-50.7128
34.9497
-16.2197
-51.0696
-79.3968
-79.7987
-79.7825
-79.7549
-79.724
-79.69
-78.1565
-76.0628
-75.0319
-74.3783
-73.8466
-73.3635
-72.9064
-72.4687
-72.0498
-71.6509
-69.6483
-67.0063
-65.0361
-63.5519
-63.0687
-63.3724
-63.6254
-63.8101
-63.9516
-64.0664
-63.1305
-61.3642
-59.9092
-58.5989
-57.1351
-54.7948
-43.5816
14.503
-25.6441
-70.2665
-79.4455
-79.5052
-79.448
-79.3821
-79.3101
-79.2322
-79.1488
-79.0602
-78.9671
-78.8701
-78.7702
-78.6684
-78.5657
-78.4633
-78.2693
-77.984
-77.7537
-77.5683
-77.414
-77.2828
-77.1696
-77.071
-76.9845
-76.9083
-76.8411
-76.7818
-76.7294
-76.6831
-76.6423
-76.6063
-76.5746
-76.5467
-76.5222
-76.5007
-76.4819
-76.4655
-76.4469
-76.3922
-76.3429
-76.3043
-76.2739
-76.2497
-76.2303
-76.2147
-76.2021
-76.1919
-76.1837
-76.1771
-76.1718
-76.1677
-76.1645
-76.1621
-76.1604
-76.1593
-76.1586
-76.1584
-76.1585
-76.1589
-76.1596
-76.1606
-76.1617
-76.163
-76.1644
-76.166
-76.1677
-76.1694
-76.1713
-76.1732
-76.1752
-76.1772
-76.1793
-76.1814
-76.1835
-76.1857
-76.1878
-76.19
-76.1922
-76.1944
-76.1966
-76.1988
-76.201
-76.2032
-76.2054
-76.2076
-76.2098
-76.2119
-76.2141
-76.2163
-76.2184
-72.472
-68.5005
-65.4984
-63.1868
-61.3026
-59.5839
-57.6399
-54.1357
42.5184
-1.45136
-33.6658
-77.7104
-79.1786
-78.6506
-78.4457
-78.2624
-78.0658
-77.8546
-77.6295
-77.3919
-77.1435
-76.185
-73.6562
-71.9016
-70.7202
-69.8281
-69.1022
-68.4845
-67.9457
-67.4699
-66.8503
-64.5222
-62.4143
-60.7517
-59.2807
-57.7151
-55.4195
-47.0372
21.6481
-22.4415
-64.8654
-79.4492
-79.5667
-79.5174
-79.459
-79.3949
-78.2507
-76.3458
-75.5236
-75.0338
-74.6272
-74.2483
-73.8836
-73.531
-73.1912
-72.8663
-72.5579
-72.2679
-71.9976
-71.7479
-71.5193
-71.3119
-71.1256
-70.96
-70.8145
-70.6881
-70.5798
-70.4886
-70.4133
-70.3528
-70.3058
-70.2712
-70.3435
-70.8786
-71.3635
-71.746
-72.0524
-72.3013
-72.5063
-72.6771
-72.8212
-72.9441
-72.9088
-69.4623
-66.2069
-63.8148
-61.9877
-60.4825
-59.0767
-57.4648
-54.7633
-32.9478
8.12397
-28.3382
-74.1804
-79.6813
-79.3098
-78.3193
-77.9676
-77.7283
-77.4834
-77.2248
-76.9531
-76.6701
-76.3784
-75.9799
-73.3578
-71.1369
-69.6339
-68.5293
-67.6629

