-70
-69.8623
-69.7285
-69.5983
-69.4718
-69.3487
-69.2291
-69.1128
-68.9997
-68.8897
-68.7828
-68.6789
-68.5778
-68.4795
-68.3839
-68.291
-68.2007
-68.1128
-68.0274
-67.9443
-67.8636
-67.7851
-67.7087
-67.6345
-67.5623
-67.4921
-67.4238
-67.3574
-67.2929
-67.2301
-67.1691
-67.1098
-67.0521
-66.996
-66.9414
-66.8884
-66.8368
-66.7866
-66.7378
-66.6904
-66.6443
-66.5994
-66.5558
-66.5133
-66.4721
-66.432
-66.393
-66.355
-66.3181
-66.2823
-66.2474
-66.2134
-66.1805
-66.1484
-66.1172
-66.0868
-66.0573
-66.0286
-66.0007
-65.9736
-65.9472
-65.9215
-65.8966
-65.8723
-65.8487
-65.8257
-65.8034
-65.7817
-65.7606
-65.74
-65.72
-65.7006
-65.6817
-65.6633
-65.6455
-65.6281
-65.6112
-65.5948
-65.5788
-65.5632
-65.5481
-65.5334
-65.5191
-65.5052
-65.4917
-65.4785
-65.4657
-65.4533
-65.4412
-65.4294
-65.418
-65.4068
-65.396
-65.3855
-65.3752
-65.3653
-65.3556
-65.3462
-65.337
-65.3281
-65.3194
-65.311
-65.3028
-65.2948
-65.2871
-65.2795
-65.2722
-65.2651
-65.2581
-65.2514
-65.2448
-65.2385
-65.2322
-65.2262
-65.2203
-65.2146
-65.2091
-65.2037
-65.1984
-65.1933
-65.1884
-65.1835
-65.1788
-65.1743
-65.1698
-65.1655
-65.1613
-65.1572
-65.1532
-65.1493
-65.1456
-65.1419
-65.1384
-65.1349
-65.1315
-65.1283
-65.1251
-65.122
-65.119
-65.1161
-65.1132
-65.1104
-65.1077
-65.1051
-65.1026
-65.1001
-65.0977
-65.0953
-65.0931
-65.0908
-65.0887
-65.0866
-65.0845
-65.0826
-65.0806
-65.0788
-65.0769
-65.0752
-65.0734
-65.0718
-65.0701
-65.0685
-65.067
-65.0655
-65.064
-65.0626
-65.0612
-65.0599
-65.0586
-65.0573
-65.0561
-65.0549
-65.0537
-65.0526
-65.0514
-65.0504
-65.0493
-65.0483
-65.0473
-65.0464
-65.0454
-65.0445
-65.0436
-65.0428
-65.0419
-65.0411
-65.0403
-65.0395
-65.0388
-65.0381
-65.0374
-65.0367
-65.036
-65.0353
-65.0347
-65.0341
-65.0335
-65.0329
-65.0323
-65.0318
-65.0313
-65.0307
-65.0302
-65.0297
-65.0293
-65.0288
-65.0283
-65.0279
-65.0275
-65.027
-65.0266
-65.0262
-65.0259
-65.0255
-65.0251
-65.0248
-65.0244
-65.0241
-65.0238
-65.0234
-65.0231
-65.0228
-65.0225
-65.0223
-65.022
-65.0217
-65.0215
-65.0212
-65.021
-65.0207
-65.0205
-65.0203
-65.02
-65.0198
-65.0196
-65.0194
-65.0192
-65.019
-65.0188
-65.0187
-65.0185
-65.0183
-65.0181
-65.018
-65.0178
-65.0177
-65.0175
-65.0174
-65.0172
-65.0171
-65.017
-65.0168
-65.0167
-65.0166
-65.0165
-65.0163
-65.0162
-65.0161
-65.016
-65.0159
-65.0158
-65.0157
-65.0156
-65.0155
-65.0154
-65.0153
-65.0153
-65.0152
-65.0151
-65.015
-65.0149
-65.0149
-65.0148
-65.0147
-65.0147
-65.0146
-65.0145
-65.0145
-65.0144
-65.0143
-65.0143
-65.0142
-65.0142
-65.0141
-65.0141
-65.014
-65.014
-65.0139
-65.0139
-65.0138
-65.0138
-65.0137
-65.0137
-65.0137
-65.0136
-65.0136
-65.0135
-65.0135
-65.0135
-65.0134
-65.0134
-65.0134
-65.0133
-65.0133
-65.0133
-65.0133
-65.0132
-65.0132
-65.0132
-65.0131
-65.0131
-65.0131
-65.0131
-65.0131
-65.013
-65.013
-65.013
-65.013
-65.0129
-65.0129
-65.0129
-65.0129
-65.0129
-65.0129
-65.0128
-65.0128
-65.0128
-65.0128
-65.0128
-65.0128
-65.0127
-65.0127
-65.0127
-65.0127
-65.0127
-65.0127
-65.0127
-65.0127
-65.0126
-65.0126
-65.0126
-65.0126
-65.0126
-65.0126
-65.0126
-65.0126
-65.0126
-65.0126
-65.0125
-65.0125
-65.0125
-65.0125
-65.0125
-65.0125
-65.0125
-65.0125
-65.0125
-65.0125
-65.0125
-65.0125
-65.0125
-65.0124
-65.0124
-65.0124
-65.0124
-65.0124
-65.0124
-65.0124
-65.0124
-65.0124
-65.0124
-65.0124
-65.0124
-65.0124
-65.0124
-65.0124
-65.0124
-65.0124
-65.0124
-65.0124
-65.0124
-65.0124
-65.0124
-65.0124
-65.0123
-65.0123
-65.0123
-65.0123
-65.0123
-65.0123
-65.0123
-65.0123
-65.0123
-65.0123
-65.0123
-65.0123
-65.0123
-65.0123
-65.0123
-65.0123
-65.0123
-65.0123
-65.0123
-65.0123
-65.0123
-65.0123
-65.0123
-65.0123
-65.0123
-65.0123
-65.0123
-65.0123
-65.0123
-65.0123
-65.0123
-65.0123
-65.0123
-65.0123
-65.0123
-65.0123
-65.0123
-65.0123
-65.0123
-65.0123
-65.0123
-65.0123
-65.0123
-65.0123
-65.0123
-65.0123
-65.0123
-65.0123
-65.0123
-65.0123
-65.0123
-65.0123
-65.0123
-65.0123
-65.0123
-65.0123
-65.0123
-65.0123
-65.0123
-65.0123
-65.0123
-65.0123
-65.0123
-65.0123
-65.0123
-65.0123
-65.0123
-65.0123
-65.0123
-65.0123
-65.0123
-65.0123
-65.0123
-65.0123
-64.8888
-64.7871
-64.7113
-64.6572
-64.6152
-64.5815
-64.5545
-64.5329
-64.5159
-64.5027
-64.4927
-64.4856
-64.4808
-64.478
-64.477
-64.4776
-64.4793
-64.4822
-64.4861
-64.4907
-64.496
-64.5019
-64.5083
-64.5151
-64.5223
-64.5297
-64.5373
-64.5451
-64.553
-64.5611
-64.5691
-64.5773
-64.5854
-64.5935
-64.4713
-64.1657
-63.9618
-63.8101
-63.7016
-63.617
-63.5505
-63.4986
-63.4588
-63.4291
-63.4079
-63.394
-63.3863
-63.3838
-63.3858
-63.3917
-63.4008
-63.4127
-63.427
-63.179
-63.0069
-62.79
-62.0108
-61.468
-60.9493
-60.4741
-60.0659
-59.4187
-58.7709
-58.046
-57.4843
-56.9303
-56.533
-56.2305
-55.798
-55.3677
-55.0161
-54.3772
-53.9256
-53.4105
-53.0023
-52.6997
-52.4774
-52.3125
-52.1924
-52.0953
-51.9524
-51.8428
-51.7642
-51.702
-51.6635
-51.5907
-51.5609
-51.5619
-51.5906
-51.6401
-51.7074
-51.7904
-51.8875
-51.961
-52.0457
-52.1237
-52.2061
-52.3099
-52.4294
-52.5615
-52.7033
-52.7995
-52.85
-52.9152
-53.0092
-53.1236
-53.252
-53.3908
-53.538
-53.6922
-53.8519
-54.0162
-54.1841
-54.3548
-54.5121
-54.6473
-54.7955
-54.9503
-55.1105
-55.2235
-55.313
-55.4129
-55.5067
-55.5927
-55.551
-55.4784
-55.4066
-55.3755
-55.285
-55.1908
-55.1211
-55.0837
-55.023
-54.8925
-54.5885
-54.0905
-53.6187
-53.2133
-52.748
-52.335
-51.8931
-51.4593
-51.0184
-50.5578
-50.1716
-49.8262
-49.5417
-49.2968
-49.0023
-48.7123
-48.4233
-48.1588
-47.8445
-47.524
-47.1126
-46.6599
-46.0872
-45.3899
-44.444
-42.9481
-39.7705
-19.3911
34.4911
-12.917
-43.5678
-57.5658
-61.3253
-62.4995
-62.9416
-63.107
-63.1565
-63.158
-63.1412
-63.1192
-63.0976
-63.0786
-63.0631
-63.0511
-63.0424
-63.0367
-63.0337
-63.0331
-63.0346
-63.038
-63.043
-63.0495
-63.0573
-63.0662
-63.0761
-63.0868
-63.0983
-63.1104
-63.1231
-63.1362
-63.1497
-63.1636
-63.1777
-63.192
-63.2064
-63.221
-63.2357
-63.2503
-63.265
-63.2797
-63.2944
-63.3089
-63.3234
-63.3378
-63.3521
-63.3662
-63.3802
-63.3941
-63.4078
-63.4214
-63.4348
-63.448
-63.461
-63.4739
-63.4866
-63.4991
-63.5115
-63.5236
-63.5356
-63.5474
-63.4902
-63.3359
-63.2342
-63.1604
-63.1094
-63.0501
-62.8354
-62.6423
-62.5023
-62.4022
-62.2868
-61.9814
-61.5931
-61.2739
-61.0451
-60.5514
-59.7448
-58.8856
-58.1891
-57.3696
-56.7149
-56.224
-55.7033
-55.3022
-54.7012
-54.2161
-53.8592
-53.5999
-53.4088
-53.1838
-52.962
-52.8101
-52.7102
-52.6525
-52.6183
-52.5809
-52.4434
-52.324
-52.2614
-52.2432
-52.2276
-52.2058
-52.1822
-52.1947
-52.2266
-52.2311
-52.259
-52.2834
-52.3305
-52.4023
-52.4731
-52.5418
-52.634
-52.7104
-52.7856
-52.798
-52.7549
-52.754
-52.794
-52.8217
-52.8806
-52.9623
-53.0634
-53.1788
-53.3061
-53.4435
-53.5894
-53.7425
-53.9013
-54.0651
-54.2327
-54.4036
-54.577
-54.7523
-54.9214
-55.0485
-55.149
-55.2555
-55.2979
-55.3788
-55.4684
-55.5173
-55.3555
-55.1575
-54.9336
-54.7655
-54.6499
-54.5619
-54.4859
-54.4044
-54.2837
-54.0249
-53.7911
-53.6029
-53.4707
-53.3335
-53.1219
-52.8783
-52.6863
-52.4412
-52.1211
-51.7379
-51.3378
-50.9774
-50.6721
-50.3803
-50.1294
-49.9133
-49.7339
-49.5727
-49.4185
-49.2674
-49.0706
-48.8239
-48.5841
-48.3401
-48.0994
-47.8294
-47.5358
-47.2375
-46.9126
-46.4742
-45.8872
-45.1213
-44.05
-42.2366
-37.6514
20.7843
18.0563
-24.2008
-51.9938
-61.1242
-63.6837
-64.529
-64.8315
-64.9208
-64.9228
-64.89
-64.8447
-64.7964
-64.7489
-64.7039
-64.6618
-64.6227
-64.5866
-64.5531
-64.5221
-64.4934
-64.4668
-64.4421
-64.4191
-64.3978
-64.378
-64.3596
-64.3424
-64.3265
-64.3116
-64.2977
-64.2848
-64.2728
-64.2615
-64.251
-64.2412
-64.2321
-64.2235
-64.2155
-64.2081
-64.2011
-64.1946
-64.1885
-64.1828
-64.1775
-64.1725
-64.1679
-64.1636
-64.1595
-64.1558
-64.1523
-64.1491
-64.1461
-64.1433
-64.1408
-64.1384
-64.1363
-64.1343
-64.1325
-64.1308
-64.1294
-64.1281
-64.1269
-64.1259
-64.125
-64.1242
-64.1235
-64.123
-64.1226
-64.1223
-64.1221
-64.1221
-64.1221
-64.1222
-64.1224
-64.1227
-64.1231
-63.7856
-63.092
-62.5939
-62.1376
-61.7237
-61.4137
-61.1522
-60.8235
-60.5189
-60.2796
-60.082
-59.9016
-59.7703
-59.5695
-58.5044
-57.4997
-56.7798
-56.2711
-55.8598
-55.4201
-55.0969
-54.6763
-54.3507
-54.113
-53.9128
-53.7045
-53.5627
-53.4693
-53.4177
-53.3976
-53.2763
-52.9033
-52.6366
-52.3481
-52.116
-51.9523
-51.8264
-51.734
-51.6678
-51.6206
-51.6088
-51.6246
-51.6644
-51.7031
-51.7402
-51.7747
-51.8382
-51.9227
-52.0253
-52.1137
-52.2089
-52.3228
-52.4519
-52.593
-52.7433
-52.8679
-52.9994
-53.1444
-53.3005
-53.4643
-53.6341
-53.8083
-53.986
-54.1664
-54.3487
-54.5325
-54.7173
-54.9026
-55.0877
-55.2721
-55.4221
-55.5718
-55.7284
-55.8898
-56.0502
-56.1651
-56.295
-56.432
-56.5561
-56.655
-56.7698
-56.8927
-57.0188
-57.1016
-57.2016
-57.2738
-57.3483
-57.4383
-57.5354
-57.5755
-57.5997
-57.6521
-57.7149
-57.735
-57.685
-57.5126
-57.1907
-56.782
-56.3659
-55.9901
-55.6048
-55.1362
-54.5532
-54.0318
-53.6507
-53.247
-52.7458
-52.2777
-51.9207
-51.6223
-51.3934
-51.2233
-51.069
-50.9217

