-70
-69.8623
-69.7285
-69.5983
-69.4718
-69.3487
-69.2291
-69.1128
-68.9997
-68.8897
-68.7828
-68.6789
-68.5778
-68.4795
-68.3839
-68.291
-68.2007
-68.1128
-68.0274
-67.9443
-67.8636
-67.7851
-67.7087
-67.6345
-67.5623
-67.4921
-67.4238
-67.3574
-67.2929
-67.2301
-67.1691
-67.1098
-67.0521
-66.996
-66.9414
-66.8884
-66.8368
-66.7866
-66.7378
-66.6904
-66.6443
-66.5994
-66.5558
-66.5133
-66.4721
-66.432
-66.393
-66.355
-66.3181
-66.2823
-66.2474
-66.2134
-66.1805
-66.1484
-66.1172
-66.0868
-66.0573
-66.0286
-66.0007
-65.9736
-65.9472
-65.9215
-65.8966
-65.8723
-65.8487
-65.8257
-65.8034
-65.7817
-65.7606
-65.74
-65.72
-65.7006
-65.6817
-65.6633
-65.6455
-65.6281
-65.6112
-65.5948
-65.5788
-65.5632
-65.5481
-65.5334
-65.5191
-65.5052
-65.4917
-65.4785
-65.4657
-65.4533
-65.4412
-65.4294
-65.418
-65.4068
-65.396
-65.3855
-65.3752
-65.3653
-65.3556
-65.3462
-65.337
-65.3281
-65.3194
-65.311
-65.3028
-65.2948
-65.2871
-65.2795
-65.2722
-65.2651
-65.2581
-65.2514
-65.2448
-65.2385
-65.2322
-65.2262
-65.2203
-65.2146
-65.2091
-65.2037
-65.1984
-65.1933
-65.1884
-65.1835
-65.1788
-65.1743
-65.1698
-65.1655
-65.1613
-65.1572
-65.1532
-65.1493
-65.1456
-65.1419
-65.1384
-65.1349
-65.1315
-65.1283
-65.1251
-65.122
-65.119
-65.1161
-65.1132
-65.1104
-65.1077
-65.1051
-65.1026
-65.1001
-65.0977
-65.0953
-65.0931
-65.0908
-65.0887
-65.0866
-65.0845
-65.0826
-65.0806
-65.0788
-65.0769
-65.0752
-65.0734
-65.0718
-65.0701
-65.0685
-65.067
-65.0655
-65.064
-65.0626
-65.0612
-65.0599
-65.0586
-65.0573
-65.0561
-65.0549
-65.0537
-65.0526
-65.0514
-65.0504
-65.0493
-65.0483
-65.0473
-65.0464
-65.0454
-65.0445
-65.0436
-65.0428
-65.0419
-65.0411
-65.0403
-65.0395
-65.0388
-65.0381
-65.0374
-65.0367
-65.036
-65.0353
-65.0347
-65.0341
-65.0335
-65.0329
-65.0323
-65.0318
-65.0313
-65.0307
-65.0302
-65.0297
-65.0293
-65.0288
-65.0283
-65.0279
-65.0275
-65.027
-65.0266
-65.0262
-65.0259
-65.0255
-65.0251
-65.0248
-65.0244
-65.0241
-65.0238
-65.0234
-65.0231
-65.0228
-65.0225
-65.0223
-65.022
-65.0217
-65.0215
-65.0212
-65.021
-65.0207
-65.0205
-65.0203
-65.02
-65.0198
-65.0196
-65.0194
-65.0192
-65.019
-65.0188
-65.0187
-65.0185
-65.0183
-65.0181
-65.018
-65.0178
-65.0177
-65.0175
-65.0174
-65.0172
-65.0171
-65.017
-65.0168
-65.0167
-65.0166
-65.0165
-65.0163
-65.0162
-65.0161
-65.016
-65.0159
-65.0158
-65.0157
-65.0156
-65.0155
-65.0154
-65.0153
-65.0153
-65.0152
-65.0151
-65.015
-65.0149
-65.0149
-65.0148
-65.0147
-65.0147
-65.0146
-65.0145
-65.0145
-65.0144
-65.0143
-65.0143
-65.0142
-65.0142
-65.0141
-65.0141
-65.014
-65.014
-65.0139
-65.0139
-65.0138
-65.0138
-65.0137
-65.0137
-65.0137
-65.0136
-65.0136
-65.0135
-65.0135
-65.0135
-65.0134
-65.0134
-65.0134
-65.0133
-65.0133
-65.0133
-65.0133
-65.0132
-65.0132
-65.0132
-65.0131
-65.0131
-65.0131
-65.0131
-65.0131
-65.013
-65.013
-65.013
-65.013
-65.0129
-65.0129
-65.0129
-65.0129
-65.0129
-65.0129
-65.0128
-65.0128
-65.0128
-65.0128
-65.0128
-65.0128
-65.0127
-65.0127
-65.0127
-65.0127
-65.0127
-65.0127
-65.0127
-65.0127
-65.0126
-65.0126
-65.0126
-65.0126
-65.0126
-65.0126
-65.0126
-65.0126
-65.0126
-65.0126
-65.0125
-65.0125
-65.0125
-65.0125
-65.0125
-65.0125
-65.0125
-65.0125
-65.0125
-65.0125
-65.0125
-65.0125
-65.0125
-65.0124
-65.0124
-65.0124
-65.0124
-65.0124
-65.0124
-65.0124
-65.0124
-65.0124
-65.0124
-65.0124
-65.0124
-65.0124
-65.0124
-65.0124
-65.0124
-65.0124
-65.0124
-65.0124
-65.0124
-65.0124
-65.0124
-65.0124
-65.0123
-65.0123
-65.0123
-65.0123
-65.0123
-65.0123
-65.0123
-65.0123
-65.0123
-65.0123
-65.0123
-65.0123
-65.0123
-65.0123
-65.0123
-65.0123
-65.0123
-65.0123
-65.0123
-65.0123
-65.0123
-65.0123
-65.0123
-65.0123
-65.0123
-65.0123
-65.0123
-65.0123
-65.0123
-65.0123
-65.0123
-65.0123
-65.0123
-65.0123
-65.0123
-65.0123
-65.0123
-65.0123
-65.0123
-65.0123
-65.0123
-65.0123
-65.0123
-65.0123
-65.0123
-65.0123
-65.0123
-65.0123
-65.0123
-65.0123
-65.0123
-65.0123
-65.0123
-65.0123
-65.0123
-65.0123
-65.0123
-65.0123
-65.0123
-65.0123
-65.0123
-65.0123
-65.0123
-65.0123
-65.0123
-65.0123
-65.0123
-65.0123
-65.0123
-65.0123
-65.0123
-65.0123
-65.0123
-65.0123
-64.8888
-64.7871
-64.7113
-64.6572
-64.6152
-64.5815
-64.5545
-64.5329
-64.5159
-64.5027
-64.4927
-64.4856
-64.4808
-64.478
-64.477
-64.4776
-64.4793
-64.4822
-64.4861
-64.4907
-64.496
-64.5019
-64.5083
-64.5151
-64.5223
-64.5297
-64.5373
-64.5451
-64.553
-64.5611
-64.5691
-64.5773
-64.5854
-64.5935
-64.4974
-64.2541
-64.0922
-63.972
-63.8864
-63.82
-63.7681
-63.7279
-63.6973
-63.6749
-63.6593
-63.6495
-63.6447
-63.644
-63.647
-63.653
-63.6616
-63.6724
-63.6851
-63.3868
-63.158
-62.8871
-61.9453
-61.2014
-60.4502
-59.6734
-58.9741
-57.5341
-56.3818
-55.148
-54.129
-53.1555
-52.415
-51.8326
-51.2907
-50.7939
-50.3428
-49.6345
-49.0706
-48.3711
-47.7125
-47.0849
-46.434
-45.5823
-44.5066
-42.9201
-39.6871
-18.1469
34.6085
-11.4109
-41.6053
-56.1961
-59.7628
-60.5628
-60.6898
-60.6072
-60.4315
-60.2239
-60.0333
-59.8276
-59.6664
-59.538
-59.4391
-59.3635
-59.3078
-59.2401
-59.1525
-58.9729
-58.7718
-58.6289
-58.534
-58.4737
-58.399
-58.3374
-58.3035
-58.2909
-58.2949
-58.3118
-58.3328
-58.3268
-58.3272
-58.3022
-58.2634
-58.2425
-58.2462
-58.1982
-58.0946
-57.9893
-57.8863
-57.8279
-57.7487
-57.6689
-57.5742
-57.4316
-57.2017
-56.883
-56.6322
-56.3421
-55.856
-55.4295
-55.008
-54.407
-53.6903
-52.9883
-52.3524
-51.56
-50.5215
-49.5756
-48.6799
-47.8215
-47.0182
-46.1911
-45.2128
-43.961
-41.9553
-36.7088
31.5603
15.0519
-24.1667
-51.1422
-59.7715
-61.7321
-62.0152
-61.8461
-61.568
-61.28
-61.0152
-60.7828
-60.584
-60.4172
-60.2794
-60.1674
-60.0779
-60.008
-59.9553
-59.9174
-59.8926
-59.8791
-59.8754
-59.8805
-59.8931
-59.9123
-59.9373
-59.9673
-60.0017
-60.0398
-60.0812
-60.1253
-60.1718
-60.2203
-60.2705
-60.3221
-60.3749
-60.4285
-60.4829
-60.5378
-60.5931
-60.6486
-60.7042
-60.7597
-60.8151
-60.8703
-60.9251
-60.9796
-61.0336
-61.0871
-61.14
-61.1924
-61.2441
-61.2951
-61.3454
-61.3951
-61.444
-61.4922
-61.5396
-61.5862
-61.6321
-61.6772
-61.7215
-61.7651
-61.8079
-61.8499
-61.8912
-61.9317
-61.9714
-62.0104
-62.0487
-62.0862
-62.123
-62.1591
-62.1342
-61.8171
-61.5867
-61.4224
-61.3127
-61.2297
-60.9682
-60.7618
-60.6121
-60.494
-60.3356
-60.0273
-59.5818
-59.1929
-58.8413
-58.3717
-57.4025
-56.0422
-54.9892
-53.8184
-52.866
-52.1469
-51.5175
-50.9209
-50.0276
-49.2628
-48.6269
-48.068
-47.5364
-46.9594
-46.2688
-45.4783
-44.4429
-42.8276
-39.4118
-12.7121
31.6638
-14.4922
-46.03
-59.6776
-62.945
-63.5721
-63.5132
-63.2746
-62.9718
-62.5756
-62.0995
-61.5925
-61.1874
-60.8614
-60.5331
-60.269
-60.0581
-59.8924
-59.7453
-59.4563
-59.1731
-58.966
-58.81
-58.6561
-58.5474
-58.4703
-58.3905
-58.3193
-58.2776
-58.2581
-58.2565
-58.2689
-58.2928
-58.3267
-58.369
-58.4186
-58.4742
-58.5351
-58.5925
-58.6121
-58.6386
-58.5868
-58.5106
-58.4058
-58.3292
-58.2159
-57.967
-57.665
-57.3474
-57.0907
-56.843
-56.6404
-56.308
-55.977
-55.6349
-55.1596
-54.6766
-54.2684
-53.8616
-53.4247
-52.9588
-52.4967
-52.0285
-51.5473
-50.9778
-50.2745
-49.6325
-49.0235
-48.4004
-47.7716
-47.1526
-46.4709
-45.6169
-44.5696
-43.0205
-39.9588
-23.0416
36.8191
-10.6253
-43.8392
-59.9442
-63.8179
-64.5068
-64.4711
-64.2361
-63.9571
-63.6833
-63.3758
-63.0531
-62.7683
-62.5358
-62.344
-62.1841
-62.05
-61.9378
-61.8445
-61.7674
-61.7045
-61.654
-61.6143
-61.5841
-61.5622
-61.5476
-61.5394
-61.5368
-61.5392
-61.5459
-61.5565
-61.5704
-61.5872
-61.6066
-61.6282
-61.6517
-61.6769
-61.7035
-61.7314
-61.7603
-61.79
-61.8205
-61.8515
-61.883
-61.9148
-61.9469
-61.9791
-62.0114
-62.0437
-62.076
-62.1082
-62.1402
-62.172
-62.2036
-62.2349
-62.2659
-62.2966
-62.327
-62.357
-62.3867
-62.4159
-62.4448
-62.4732
-62.5012
-62.5289
-62.5561
-62.5828
-62.6092
-62.6351
-62.6606
-62.6857
-62.7103
-62.7346
-62.7584
-62.7818
-62.8048
-62.8274
-62.8497
-62.8715
-62.8929
-62.914
-62.9347
-62.955
-62.975
-62.9946
-63.0138
-63.0327
-63.0513
-63.0696
-63.0875
-63.0866
-62.6135
-61.8638
-61.3161
-60.7889
-60.3412
-60.0053
-59.7332
-59.3892
-58.9555
-58.5711
-58.1532
-57.8072
-57.5407
-57.1463
-55.7114
-54.3375
-53.349
-52.6343
-52.0356
-51.3789
-50.8628
-50.2428
-49.682
-49.1635
-48.654
-48.2001
-47.77
-47.3413
-46.8868
-46.3198
-45.5216
-44.2418
-42.3245
-37.8133
16.3957
20.7891
-22.1064
-52.23
-62.3166
-64.5764
-64.8405
-64.6537
-64.3488
-63.907
-63.3126
-62.7783
-62.2863
-61.9017
-61.5883
-61.2292
-60.8774
-60.6028
-60.3863
-60.2153
-60.0577
-59.8844
-59.7493
-59.6474
-59.5736
-59.5208
-59.4853
-59.4342
-59.3911
-59.3685
-59.3622
-59.3686
-59.3658
-59.3235
-59.2861
-59.2737
-59.2794
-59.2983
-59.3265
-59.3623
-59.4043
-59.4515
-59.4534
-59.4441
-59.3266
-59.2604
-59.1758
-59.1327
-59.0698
-59.0392
-59.0304
-59.0396
-59.0613
-59.0931
-59.1332
-59.1475
-59.1376
-59.0995
-59.0685
-59.0008
-58.8293
-58.5322
-58.0808
-57.7043
-57.1931
-56.6039
-55.8608
-55.1336
-54.3441
-53.5825
-52.8702
-52.2369
-51.3684
-50.521
-49.8381
-49.2873
-48.7613
-48.2653
-47.7862
-47.1806

