-70
-69.8623
-69.7285
-69.5983
-69.4718
-69.3487
-69.2291
-69.1128
-68.9997
-68.8897
-68.7828
-68.6789
-68.5778
-68.4795
-68.3839
-68.291
-68.2007
-68.1128
-68.0274
-67.9443
-67.8636
-67.7851
-67.7087
-67.6345
-67.5623
-67.4921
-67.4238
-67.3574
-67.2929
-67.2301
-67.1691
-67.1098
-67.0521
-66.996
-66.9414
-66.8884
-66.8368
-66.7866
-66.7378
-66.6904
-66.6443
-66.5994
-66.5558
-66.5133
-66.4721
-66.432
-66.393
-66.355
-66.3181
-66.2823
-66.2474
-66.2134
-66.1805
-66.1484
-66.1172
-66.0868
-66.0573
-66.0286
-66.0007
-65.9736
-65.9472
-65.9215
-65.8966
-65.8723
-65.8487
-65.8257
-65.8034
-65.7817
-65.7606
-65.74
-65.72
-65.7006
-65.6817
-65.6633
-65.6455
-65.6281
-65.6112
-65.5948
-65.5788
-65.5632
-65.5481
-65.5334
-65.5191
-65.5052
-65.4917
-65.4785
-65.4657
-65.4533
-65.4412
-65.4294
-65.418
-65.4068
-65.396
-65.3855
-65.3752
-65.3653
-65.3556
-65.3462
-65.337
-65.3281
-65.3194
-65.311
-65.3028
-65.2948
-65.2871
-65.2795
-65.2722
-65.2651
-65.2581
-65.2514
-65.2448
-65.2385
-65.2322
-65.2262
-65.2203
-65.2146
-65.2091
-65.2037
-65.1984
-65.1933
-65.1884
-65.1835
-65.1788
-65.1743
-65.1698
-65.1655
-65.1613
-65.1572
-65.1532
-65.1493
-65.1456
-65.1419
-65.1384
-65.1349
-65.1315
-65.1283
-65.1251
-65.122
-65.119
-65.1161
-65.1132
-65.1104
-65.1077
-65.1051
-65.1026
-65.1001
-65.0977
-65.0953
-65.0931
-65.0908
-65.0887
-65.0866
-65.0845
-65.0826
-65.0806
-65.0788
-65.0769
-65.0752
-65.0734
-65.0718
-65.0701
-65.0685
-65.067
-65.0655
-65.064
-65.0626
-65.0612
-65.0599
-65.0586
-65.0573
-65.0561
-65.0549
-65.0537
-65.0526
-65.0514
-65.0504
-65.0493
-65.0483
-65.0473
-65.0464
-65.0454
-65.0445
-65.0436
-65.0428
-65.0419
-65.0411
-65.0403
-65.0395
-65.0388
-65.0381
-65.0374
-65.0367
-65.036
-65.0353
-65.0347
-65.0341
-65.0335
-65.0329
-65.0323
-65.0318
-65.0313
-65.0307
-65.0302
-65.0297
-65.0293
-65.0288
-65.0283
-65.0279
-65.0275
-65.027
-65.0266
-65.0262
-65.0259
-65.0255
-65.0251
-65.0248
-65.0244
-65.0241
-65.0238
-65.0234
-65.0231
-65.0228
-65.0225
-65.0223
-65.022
-65.0217
-65.0215
-65.0212
-65.021
-65.0207
-65.0205
-65.0203
-65.02
-65.0198
-65.0196
-65.0194
-65.0192
-65.019
-65.0188
-65.0187
-65.0185
-65.0183
-65.0181
-65.018
-65.0178
-65.0177
-65.0175
-65.0174
-65.0172
-65.0171
-65.017
-65.0168
-65.0167
-65.0166
-65.0165
-65.0163
-65.0162
-65.0161
-65.016
-65.0159
-65.0158
-65.0157
-65.0156
-65.0155
-65.0154
-65.0153
-65.0153
-65.0152
-65.0151
-65.015
-65.0149
-65.0149
-65.0148
-65.0147
-65.0147
-65.0146
-65.0145
-65.0145
-65.0144
-65.0143
-65.0143
-65.0142
-65.0142
-65.0141
-65.0141
-65.014
-65.014
-65.0139
-65.0139
-65.0138
-65.0138
-65.0137
-65.0137
-65.0137
-65.0136
-65.0136
-65.0135
-65.0135
-65.0135
-65.0134
-65.0134
-65.0134
-65.0133
-65.0133
-65.0133
-65.0133
-65.0132
-65.0132
-65.0132
-65.0131
-65.0131
-65.0131
-65.0131
-65.0131
-65.013
-65.013
-65.013
-65.013
-65.0129
-65.0129
-65.0129
-65.0129
-65.0129
-65.0129
-65.0128
-65.0128
-65.0128
-65.0128
-65.0128
-65.0128
-65.0127
-65.0127
-65.0127
-65.0127
-65.0127
-65.0127
-65.0127
-65.0127
-65.0126
-65.0126
-65.0126
-65.0126
-65.0126
-65.0126
-65.0126
-65.0126
-65.0126
-65.0126
-65.0125
-65.0125
-65.0125
-65.0125
-65.0125
-65.0125
-65.0125
-65.0125
-65.0125
-65.0125
-65.0125
-65.0125
-65.0125
-65.0124
-65.0124
-65.0124
-65.0124
-65.0124
-65.0124
-65.0124
-65.0124
-65.0124
-65.0124
-65.0124
-65.0124
-65.0124
-65.0124
-65.0124
-65.0124
-65.0124
-65.0124
-65.0124
-65.0124
-65.0124
-65.0124
-65.0124
-65.0123
-65.0123
-65.0123
-65.0123
-65.0123
-65.0123
-65.0123
-65.0123
-65.0123
-65.0123
-65.0123
-65.0123
-65.0123
-65.0123
-65.0123
-65.0123
-65.0123
-65.0123
-65.0123
-65.0123
-65.0123
-65.0123
-65.0123
-65.0123
-65.0123
-65.0123
-65.0123
-65.0123
-65.0123
-65.0123
-65.0123
-65.0123
-65.0123
-65.0123
-65.0123
-65.0123
-65.0123
-65.0123
-65.0123
-65.0123
-65.0123
-65.0123
-65.0123
-65.0123
-65.0123
-65.0123
-65.0123
-65.0123
-65.0123
-65.0123
-65.0123
-65.0123
-65.0123
-65.0123
-65.0123
-65.0123
-65.0123
-65.0123
-65.0123
-65.0123
-65.0123
-65.0123
-65.0123
-65.0123
-65.0123
-65.0123
-65.0123
-65.0123
-65.0123
-65.0123
-65.0123
-65.0123
-65.0123
-65.0123
-64.8888
-64.7871
-64.7113
-64.6572
-64.6152
-64.5815
-64.5545
-64.5329
-64.5159
-64.5027
-64.4927
-64.4856
-64.4808
-64.478
-64.477
-64.4776
-64.4793
-64.4822
-64.4861
-64.4907
-64.496
-64.5019
-64.5083
-64.5151
-64.5223
-64.5297
-64.5373
-64.5451
-64.553
-64.5611
-64.5691
-64.5773
-64.5854
-64.5935
-64.5495
-64.4315
-64.3542
-64.2976
-64.2584
-64.2288
-64.2064
-64.1898
-64.1781
-64.1704
-64.1661
-64.1647
-64.1657
-64.1688
-64.1736
-64.1799
-64.1874
-64.196
-64.2055
-63.8815
-63.6521
-63.4651
-63.0871
-62.7645
-62.3016
-61.6308
-60.9984
-59.8261
-58.8294
-57.8493
-57.0759
-56.4022
-55.8998
-55.5104
-55.0872
-54.632
-54.203
-53.7951
-53.4975
-53.1879
-52.9426
-52.7367
-52.5832
-52.4769
-52.4094
-52.3737
-52.3646
-52.3789
-52.4118
-52.4039
-52.3956
-52.2766
-52.2215
-52.1525
-52.113
-52.1125
-52.1422
-52.1955
-52.2676
-52.3557
-52.4579
-52.5514
-52.6371
-52.7433
-52.864
-52.9971
-53.1393
-53.289
-53.4453
-53.6072
-53.7736
-53.9436
-54.0459
-54.1492
-54.2719
-54.4095
-54.5562
-54.7088
-54.8656
-55.0256
-55.1877
-55.3515
-55.5163
-55.6817
-55.7469
-55.8353
-55.8915
-55.978
-56.0799
-56.1906
-56.1098
-56.0086
-55.9024
-55.7547
-55.6637
-55.5921
-55.3431
-55.1615
-54.971
-54.7458
-54.5075
-54.1495
-53.7525
-53.3137
-52.905
-52.4862
-51.9543
-51.4088
-50.8822
-50.4724
-50.12
-49.8051
-49.5486
-49.3323
-49.1181
-48.897
-48.6951
-48.5132
-48.3211
-48.1059
-47.7495
-47.3704
-46.9892
-46.5739
-46.0832
-45.4585
-44.5662
-43.1501
-40.2488
-25.1968
38.0107
-9.84729
-41.4797
-57.1205
-61.3266
-62.6434
-63.1506
-63.3542
-63.4291
-63.4488
-63.4458
-63.4344
-63.4209
-63.4081
-63.397
-63.388
-63.3812
-63.3762
-63.3731
-63.3716
-63.3715
-63.3728
-63.3752
-63.3786
-63.383
-63.3881
-63.3941
-63.4006
-63.4077
-63.4153
-63.4233
-63.4317
-63.4403
-63.4493
-63.4585
-63.4678
-63.4773
-63.487
-63.4967
-63.5065
-63.5163
-63.5262
-63.536
-63.5459
-63.5557
-63.5655
-63.5752
-63.5849
-63.5945
-63.604
-63.6134
-63.6228
-63.6321
-63.6413
-63.6504
-63.6594
-63.6682
-63.677
-63.6857
-63.6943
-63.6123
-63.4037
-63.2642
-63.1615
-63.0888
-63.0253
-62.6955
-62.4617
-62.2864
-62.1619
-62.063
-61.8824
-61.4786
-61.1697
-60.8347
-60.485
-59.731
-58.5576
-57.628
-56.8218
-56.1931
-55.7125
-55.1966
-54.8006
-54.3678
-54.0055
-53.7388
-53.5334
-53.3657
-53.1832
-53.0103
-52.8989
-52.8327
-52.8032
-52.7974
-52.7326
-52.5751
-52.4605
-52.3946
-52.3486
-52.3225
-52.2336
-52.1692
-52.1504
-52.1587
-52.1637
-52.099
-52.041
-51.9979
-51.9918
-52.0203
-52.0735
-52.0675
-52.0355
-52.0401
-52.0783
-52.0856
-52.022
-51.9754
-51.9771
-52.0155
-52.08
-52.1643
-52.2652
-52.3805
-52.5082
-52.6468
-52.7946
-52.9505
-53.1133
-53.2821
-53.4559
-53.634
-53.8156
-53.9997
-54.1857
-54.3729
-54.561
-54.7496
-54.8942
-54.9602
-54.924
-54.8894
-54.8632
-54.787
-54.6876
-54.6164
-54.5295
-54.5038
-54.3622
-54.0968
-53.7677
-53.4715
-53.1467
-52.8352
-52.45
-52.1756
-51.9182
-51.7231
-51.4863
-51.2131
-50.929
-50.5963
-50.3183
-50.0218
-49.7946
-49.5949
-49.4321
-49.2856
-49.1063
-48.9115
-48.716
-48.5489
-48.3833
-48.2106
-47.9632
-47.694
-47.3564
-46.9799
-46.5715
-46.0779
-45.3993
-44.4506
-42.952
-39.7853
-20.0424
34.4536
-13.6582
-45.412
-59.4034
-63.1893
-64.3734
-64.8001
-64.9413
-64.9657
-64.9427
-64.9018
-64.8553
-64.8087
-64.7639
-64.7218
-64.6826
-64.6462
-64.6125
-64.5811
-64.5521
-64.5251
-64.4999
-64.4765
-64.4548
-64.4345
-64.4156
-64.3979
-64.3815
-64.3661
-64.3517
-64.3383
-64.3257
-64.314
-64.303
-64.2926
-64.283
-64.2739
-64.2654
-64.2575
-64.25
-64.243
-64.2364
-64.2303
-64.2245
-64.2191
-64.214
-64.2092
-64.2048
-64.2006
-64.1967
-64.193
-64.1896
-64.1865
-64.1835
-64.1808
-64.1782
-64.1758
-64.1737
-64.1717
-64.1698
-64.1681
-64.1666
-64.1652
-64.164
-64.1629
-64.1619
-64.1611
-64.1603
-64.1597
-64.1592
-64.1588
-64.1586
-64.1584
-64.1583
-64.0851
-63.9915
-63.9252
-63.8767
-63.749
-63.3928
-63.116
-62.7024
-62.3365
-62.0292
-61.8027
-61.6281
-61.4492
-61.3021
-61.138
-61.0122
-60.9109
-60.6821
-59.4451
-58.0693
-57.0675
-56.3543
-55.825
-55.3649
-54.9996
-54.5644
-54.2365
-53.9907
-53.7768
-53.5982
-53.4743
-53.3946
-53.3259
-53.2862
-53.2584
-53.0983
-52.9652
-52.7726
-52.6304
-52.5497
-52.5163
-52.5011
-52.4978
-52.5149
-52.4979
-52.5164
-52.5623
-52.5848
-52.4484
-52.3608
-52.3288
-52.3426
-52.3861
-52.452
-52.5121
-52.5772
-52.6652
-52.7709
-52.8912
-53.023
-53.1646
-53.3144
-53.4714
-53.6346
-53.8026
-53.9747
-54.1499
-54.3276
-54.5072
-54.6882
-54.8701
-55.0523
-55.2342
-55.4157
-55.5141
-55.6252
-55.7515
-55.8901
-56.0348
-56.1829
-56.3332
-56.4433
-56.4911
-56.5486
-56.583
-56.548
-56.5564
-56.5968
-56.6616
-56.7414
-56.825
-56.88
-56.9562
-57.0447
-57.1296
-57.1847
-57.2247
-57.1884
-57.082
-56.916
-56.7748
-56.5963
-56.3815
-56.1508
-55.817
-55.4725
-55.1277
-54.6862
-54.2113
-53.7107
-53.1317
-52.5472
-52.1048
-51.7803
-51.47
-51.2055
-51.0073
-50.827

