-70
-69.8623
-69.7285
-69.5983
-69.4718
-69.3487
-69.2291
-69.1128
-68.9997
-68.8897
-68.7828
-68.6789
-68.5778
-68.4795
-68.3839
-68.291
-68.2007
-68.1128
-68.0274
-67.9443
-67.8636
-67.7851
-67.7087
-67.6345
-67.5623
-67.4921
-67.4238
-67.3574
-67.2929
-67.2301
-67.1691
-67.1098
-67.0521
-66.996
-66.9414
-66.8884
-66.8368
-66.7866
-66.7378
-66.6904
-66.6443
-66.5994
-66.5558
-66.5133
-66.4721
-66.432
-66.393
-66.355
-66.3181
-66.2823
-66.2474
-66.2134
-66.1805
-66.1484
-66.1172
-66.0868
-66.0573
-66.0286
-66.0007
-65.9736
-65.9472
-65.9215
-65.8966
-65.8723
-65.8487
-65.8257
-65.8034
-65.7817
-65.7606
-65.74
-65.72
-65.7006
-65.6817
-65.6633
-65.6455
-65.6281
-65.6112
-65.5948
-65.5788
-65.5632
-65.5481
-65.5334
-65.5191
-65.5052
-65.4917
-65.4785
-65.4657
-65.4533
-65.4412
-65.4294
-65.418
-65.4068
-65.396
-65.3855
-65.3752
-65.3653
-65.3556
-65.3462
-65.337
-65.3281
-65.3194
-65.311
-65.3028
-65.2948
-65.2871
-65.2795
-65.2722
-65.2651
-65.2581
-65.2514
-65.2448
-65.2385
-65.2322
-65.2262
-65.2203
-65.2146
-65.2091
-65.2037
-65.1984
-65.1933
-65.1884
-65.1835
-65.1788
-65.1743
-65.1698
-65.1655
-65.1613
-65.1572
-65.1532
-65.1493
-65.1456
-65.1419
-65.1384
-65.1349
-65.1315
-65.1283
-65.1251
-65.122
-65.119
-65.1161
-65.1132
-65.1104
-65.1077
-65.1051
-65.1026
-65.1001
-65.0977
-65.0953
-65.0931
-65.0908
-65.0887
-65.0866
-65.0845
-65.0826
-65.0806
-65.0788
-65.0769
-65.0752
-65.0734
-65.0718
-65.0701
-65.0685
-65.067
-65.0655
-65.064
-65.0626
-65.0612
-65.0599
-65.0586
-65.0573
-65.0561
-65.0549
-65.0537
-65.0526
-65.0514
-65.0504
-65.0493
-65.0483
-65.0473
-65.0464
-65.0454
-65.0445
-65.0436
-65.0428
-65.0419
-65.0411
-65.0403
-65.0395
-65.0388
-65.0381
-65.0374
-65.0367
-65.036
-65.0353
-65.0347
-65.0341
-65.0335
-65.0329
-65.0323
-65.0318
-65.0313
-65.0307
-65.0302
-65.0297
-65.0293
-65.0288
-65.0283
-65.0279
-65.0275
-65.027
-65.0266
-65.0262
-65.0259
-65.0255
-65.0251
-65.0248
-65.0244
-65.0241
-65.0238
-65.0234
-65.0231
-65.0228
-65.0225
-65.0223
-65.022
-65.0217
-65.0215
-65.0212
-65.021
-65.0207
-65.0205
-65.0203
-65.02
-65.0198
-65.0196
-65.0194
-65.0192
-65.019
-65.0188
-65.0187
-65.0185
-65.0183
-65.0181
-65.018
-65.0178
-65.0177
-65.0175
-65.0174
-65.0172
-65.0171
-65.017
-65.0168
-65.0167
-65.0166
-65.0165
-65.0163
-65.0162
-65.0161
-65.016
-65.0159
-65.0158
-65.0157
-65.0156
-65.0155
-65.0154
-65.0153
-65.0153
-65.0152
-65.0151
-65.015
-65.0149
-65.0149
-65.0148
-65.0147
-65.0147
-65.0146
-65.0145
-65.0145
-65.0144
-65.0143
-65.0143
-65.0142
-65.0142
-65.0141
-65.0141
-65.014
-65.014
-65.0139
-65.0139
-65.0138
-65.0138
-65.0137
-65.0137
-65.0137
-65.0136
-65.0136
-65.0135
-65.0135
-65.0135
-65.0134
-65.0134
-65.0134
-65.0133
-65.0133
-65.0133
-65.0133
-65.0132
-65.0132
-65.0132
-65.0131
-65.0131
-65.0131
-65.0131
-65.0131
-65.013
-65.013
-65.013
-65.013
-65.0129
-65.0129
-65.0129
-65.0129
-65.0129
-65.0129
-65.0128
-65.0128
-65.0128
-65.0128
-65.0128
-65.0128
-65.0127
-65.0127
-65.0127
-65.0127
-65.0127
-65.0127
-65.0127
-65.0127
-65.0126
-65.0126
-65.0126
-65.0126
-65.0126
-65.0126
-65.0126
-65.0126
-65.0126
-65.0126
-65.0125
-65.0125
-65.0125
-65.0125
-65.0125
-65.0125
-65.0125
-65.0125
-65.0125
-65.0125
-65.0125
-65.0125
-65.0125
-65.0124
-65.0124
-65.0124
-65.0124
-65.0124
-65.0124
-65.0124
-65.0124
-65.0124
-65.0124
-65.0124
-65.0124
-65.0124
-65.0124
-65.0124
-65.0124
-65.0124
-65.0124
-65.0124
-65.0124
-65.0124
-65.0124
-65.0124
-65.0123
-65.0123
-65.0123
-65.0123
-65.0123
-65.0123
-65.0123
-65.0123
-65.0123
-65.0123
-65.0123
-65.0123
-65.0123
-65.0123
-65.0123
-65.0123
-65.0123
-65.0123
-65.0123
-65.0123
-65.0123
-65.0123
-65.0123
-65.0123
-65.0123
-65.0123
-65.0123
-65.0123
-65.0123
-65.0123
-65.0123
-65.0123
-65.0123
-65.0123
-65.0123
-65.0123
-65.0123
-65.0123
-65.0123
-65.0123
-65.0123
-65.0123
-65.0123
-65.0123
-65.0123
-65.0123
-65.0123
-65.0123
-65.0123
-65.0123
-65.0123
-65.0123
-65.0123
-65.0123
-65.0123
-65.0123
-65.0123
-65.0123
-65.0123
-65.0123
-65.0123
-65.0123
-65.0123
-65.0123
-65.0123
-65.0123
-65.0123
-65.0123
-65.0123
-65.0123
-65.0123
-65.0123
-65.0123
-65.0123
-64.7043
-64.4515
-64.2637
-64.1299
-64.026
-63.943
-63.8763
-63.8231
-63.7811
-63.7486
-63.7241
-63.7065
-63.6948
-63.688
-63.6856
-63.6868
-63.6912
-63.6983
-63.7077
-63.7191
-63.7322
-63.7467
-63.7624
-63.7792
-63.7967
-63.8149
-63.8337
-63.8529
-63.8724
-63.8922
-63.9121
-63.9321
-63.9522
-63.9722
-63.8889
-63.6598
-63.5111
-63.4036
-63.3302
-63.2756
-63.2353
-63.2064
-63.1869
-63.1752
-63.1702
-63.1707
-63.176
-63.1852
-63.1979
-63.2133
-63.2312
-63.2511
-63.2684
-63.0921
-62.9751
-62.7756
-61.8462
-61.1512
-60.4475
-59.8201
-59.2182
-57.7588
-56.5698
-55.2949
-54.2553
-53.2475
-52.5045
-51.9181
-51.2228
-50.5256
-49.9065
-49.2161
-48.6389
-47.9923
-47.3632
-46.7326
-46.0096
-45.1135
-43.8987
-41.8619
-36.2531
36.1537
12.2887
-25.3783
-50.8182
-58.6736
-60.5764
-60.961
-60.9264
-60.7835
-60.5876
-60.379
-60.1612
-59.9741
-59.8255
-59.7091
-59.5839
-59.4746
-59.3874
-59.2455
-59.1337
-58.9827
-58.8165
-58.697
-58.592
-58.4966
-58.4061
-58.3277
-58.2673
-58.1216
-58.0022
-57.8774
-57.8035
-57.7476
-57.6794
-57.6467
-57.574
-57.4927
-57.4527
-57.3895
-57.362
-57.3589
-57.3278
-57.2531
-57.1789
-57.1115
-57.0413
-56.9763
-56.8678
-56.6016
-56.3651
-56.1945
-56.0465
-55.759
-55.3152
-54.8526
-54.1911
-53.5763
-52.9219
-52.0949
-51.1678
-50.2342
-49.3525
-48.5397
-47.6923
-46.8674
-45.9409
-44.8605
-43.4188
-40.8754
-31.625
42.2674
-0.337547
-34.197
-55.3626
-60.8642
-62.1157
-62.3138
-62.2185
-62.0298
-61.822
-61.6247
-61.4487
-61.2968
-61.1684
-61.0615
-60.9739
-60.9033
-60.8476
-60.805
-60.7739
-60.7528
-60.7404
-60.7358
-60.738
-60.7461
-60.7595
-60.7774
-60.7993
-60.8246
-60.853
-60.884
-60.9172
-60.9523
-60.9891
-61.0273
-61.0666
-61.1068
-61.1478
-61.1894
-61.2315
-61.2738
-61.3164
-61.3591
-61.4018
-61.4444
-61.4869
-61.5291
-61.5711
-61.6128
-61.6541
-61.695
-61.7354
-61.7754
-61.815
-61.8539
-61.8924
-61.9303
-61.9677
-62.0045
-62.0408
-62.0764
-62.1115
-62.146
-62.18
-62.2133
-62.2461
-62.2783
-62.3099
-62.341
-62.3715
-62.4015
-62.4309
-62.439
-62.3496
-62.1351
-61.9815
-61.8737
-61.8008
-61.7394
-61.592
-61.4902
-61.417
-61.3685
-61.2987
-60.962
-60.2183
-59.6896
-59.3062
-58.6922
-57.619
-56.1798
-55.0297
-53.7539
-52.7496
-51.9748
-51.2067
-50.5931
-49.8915
-49.2493
-48.7037
-48.2132
-47.7484
-47.2353
-46.636
-45.973
-45.1627
-44.0206
-42.1055
-37.0927
29.9942
15.3704
-24.9344
-52.8872
-61.6435
-63.6616
-63.96
-63.8646
-63.654
-63.3792
-63.0396
-62.6371
-62.2123
-61.8358
-61.516
-61.2649
-61.0041
-60.6782
-60.412
-60.0851
-59.7131
-59.4098
-59.1777
-58.9629
-58.805
-58.6863
-58.6005
-58.5402
-58.5013
-58.4804
-58.4303
-58.4011
-58.3926
-58.4018
-58.4237
-58.4558
-58.4965
-58.5445
-58.5986
-58.6549
-58.6713
-58.6363
-58.6064
-58.5234
-58.4309
-58.3053
-58.1296
-57.9827
-57.8592
-57.714
-57.5019
-57.2678
-56.9581
-56.7216
-56.48
-55.964
-55.4867
-54.9967
-54.4589
-53.8466
-53.3313
-52.7322
-52.1219
-51.4495
-50.7971
-50.1157
-49.4512
-48.8306
-48.2632
-47.6814
-47.1123
-46.4728
-45.7414
-44.8329
-43.4997
-41.0113
-32.0732
42.2587
-1.09481
-36.535
-58.0501
-63.5246
-64.6197
-64.6932
-64.4978
-64.1999
-63.8462
-63.4521
-63.0956
-62.8044
-62.5639
-62.3633
-62.1945
-62.0525
-61.9336
-61.8345
-61.7526
-61.6856
-61.6316
-61.5891
-61.5565
-61.5327
-61.5165
-61.507
-61.5034
-61.505
-61.5112
-61.5213
-61.535
-61.5517
-61.5711
-61.5928
-61.6165
-61.642
-61.6689
-61.6972
-61.7265
-61.7568
-61.7878
-61.8194
-61.8515
-61.884
-61.9168
-61.9497
-61.9827
-62.0158
-62.0488
-62.0817
-62.1145
-62.1471
-62.1794
-62.2114
-62.2432
-62.2746
-62.3057
-62.3365
-62.3668
-62.3967
-62.4263
-62.4554
-62.4841
-62.5124
-62.5402
-62.5676
-62.5946
-62.6211
-62.6472
-62.6729
-62.6981
-62.7229
-62.7473
-62.7712
-62.7947
-62.8179
-62.8406
-62.8629
-62.8848
-62.9063
-62.9274
-62.9482
-62.9686
-62.9886
-63.0083
-63.0276
-63.0465
-63.0652
-63.0835
-63.0976
-62.8181
-62.2806
-61.9069
-61.5016
-61.1785
-60.9348
-60.7408
-60.4098
-60.0799
-59.7876
-59.3896
-59.013
-58.7422
-58.2713
-56.5796
-54.7862
-53.4931
-52.5592
-51.8376
-51.1841
-50.6389
-50.058
-49.5725
-49.1393
-48.678
-48.2341
-47.8159
-47.4014
-46.9661
-46.4811
-45.8277
-44.8014
-43.3388
-40.6304
-29.4176
40.9976
-5.4375
-40.3263
-59.679
-64.3994
-65.2631
-65.2573
-65.02
-64.6049
-64.0183
-63.4427
-62.9377
-62.5394
-62.2149
-61.936
-61.6713
-61.4569
-61.2805
-61.1368
-61.0193
-60.8854
-60.7375
-60.611
-60.5176
-60.4491
-60.3994
-60.3091
-60.2073
-60.1094
-60.0233
-59.9685
-59.8988
-59.8406
-59.8064
-59.7904
-59.7365
-59.7076
-59.6968
-59.6685
-59.6518
-59.6518
-59.6655
-59.6754
-59.6049
-59.5713
-59.5601
-59.527
-59.4367
-59.3582
-59.3172
-59.3019
-59.3046
-59.3202
-59.3459
-59.3801
-59.4045
-59.4106
-59.387
-59.3267
-59.2215
-59.1101
-58.8114
-58.4529
-57.9581
-57.4652
-56.7792
-55.9589
-55.1698
-54.408
-53.7102
-52.9499
-51.919
-51.0613
-50.2667
-49.6473
-49.1015
-48.5668
-48.0491
-47.4637

