-70
-70.0758
-70.1508
-70.225
-70.2983
-70.3706
-70.4419
-70.5122
-70.5814
-70.6496
-70.7168
-70.7829
-70.848
-70.9121
-70.9752
-71.0373
-71.0984
-71.1586
-71.2178
-71.2761
-71.3334
-71.3899
-71.4455
-71.5003
-71.5543
-71.6074
-71.6598
-71.7114
-71.7623
-71.8124
-71.8619
-71.9106
-71.9587
-72.006
-72.0527
-72.0988
-72.1442
-72.1889
-72.2331
-72.2766
-72.3196
-72.362
-72.4038
-72.445
-72.4857
-72.5258
-72.5654
-72.6045
-72.6431
-72.6812
-72.7188
-72.756
-72.7927
-72.8289
-72.8647
-72.9
-72.9349
-72.9694
-73.0035
-73.0371
-73.0704
-73.1032
-73.1357
-73.1678
-73.1994
-73.2307
-73.2617
-73.2922
-73.3224
-73.3523
-73.3817
-73.4109
-73.4397
-73.4682
-73.4963
-73.5241
-73.5516
-73.5788
-73.6057
-73.6323
-73.6585
-73.6845
-73.7102
-73.7356
-73.7608
-73.7857
-73.8103
-73.8346
-73.8587
-73.8825
-73.9061
-73.9294
-73.9524
-73.9753
-73.9979
-74.0202
-74.0423
-74.0642
-74.0859
-74.1073
-74.1285
-74.1495
-74.1703
-74.1909
-74.2112
-74.2313
-74.2513
-74.271
-74.2905
-74.3098
-74.329
-74.3479
-74.3666
-74.3852
-74.4036
-74.4217
-74.4397
-74.4575
-74.4752
-74.4926
-74.5099
-74.527
-74.544
-74.5607
-74.5774
-74.5938
-74.6101
-74.6262
-74.6422
-74.658
-74.6736
-74.6891
-74.7045
-74.7197
-74.7347
-74.7496
-74.7644
-74.779
-74.7935
-74.8079
-74.8221
-74.8362
-74.8501
-74.864
-74.8777
-74.8913
-74.9047
-74.918
-74.9313
-74.9443
-74.9573
-74.9701
-74.9829
-74.9955
-75.008
-75.0204
-75.0327
-75.0448
-75.0569
-75.0688
-75.0806
-75.0924
-75.104
-75.1155
-75.1269
-75.1382
-75.1495
-75.1606
-75.1716
-75.1825
-75.1933
-75.204
-75.2147
-75.2252
-75.2356
-75.246
-75.2562
-75.2664
-75.2764
-75.2864
-75.2963
-75.3061
-75.3158
-75.3255
-75.335
-75.3445
-75.3538
-75.3631
-75.3724
-75.3815
-75.3906
-75.3995
-75.4084
-75.4172
-75.426
-75.4346
-75.4432
-75.4518
-75.4602
-75.4686
-75.4769
-75.4851
-75.4932
-75.5013
-75.5093
-75.5173
-75.5251
-75.533
-75.5407
-75.5484
-75.556
-75.5635
-75.571
-75.5784
-75.5858
-75.593
-75.6003
-75.6074
-75.6145
-75.6216
-75.6285
-75.6355
-75.6423
-75.6491
-75.6559
-75.6626
-75.6692
-75.6758
-75.6823
-75.6888
-75.6952
-75.7015
-75.7078
-75.7141
-75.7203
-75.7264
-75.7325
-75.7386
-75.7446
-75.7505
-75.7564
-75.7622
-75.768
-75.7738
-75.7795
-75.7851
-75.7907
-75.7963
-75.8018
-75.8072
-75.8127
-75.818
-75.8234
-75.8287
-75.8339
-75.8391
-75.8443
-75.8494
-75.8545
-75.8595
-75.8645
-75.8695
-75.8744
-75.8793
-75.8841
-75.8889
-75.8937
-75.8984
-75.9031
-75.9077
-75.9123
-75.9169
-75.9214
-75.9259
-75.9304
-75.9348
-75.9392
-75.9436
-75.9479
-75.9522
-75.9565
-75.9607
-75.9649
-75.969
-75.9731
-75.9772
-75.9813
-75.9853
-75.9893
-75.9933
-75.9972
-76.0011
-76.005
-76.0088
-76.0126
-76.0164
-76.0201
-76.0239
-76.0275
-76.0312
-76.0348
-76.0384
-76.042
-76.0456
-76.0491
-76.0526
-76.056
-76.0595
-76.0629
-76.0663
-76.0696
-76.0729
-76.0762
-76.0795
-76.0828
-76.086
-76.0892
-76.0924
-76.0955
-76.0986
-76.1017
-76.1048
-76.1079
-76.1109
-76.1139
-76.1169
-76.1198
-76.1228
-76.1257
-76.1286
-76.1314
-76.1343
-76.1371
-76.1399
-76.1427
-76.1455
-76.1482
-76.1509
-76.1536
-76.1563
-76.1589
-76.1615
-76.1642
-76.1667
-76.1693
-76.1719
-76.1744
-76.1769
-76.1794
-76.1819
-76.1843
-76.1868
-76.1892
-76.1916
-76.1939
-76.1963
-76.1986
-76.201
-76.2033
-76.2056
-76.2078
-76.2101
-76.2123
-76.2145
-76.2167
-76.2189
-76.2211
-76.2232
-76.2254
-76.2275
-76.2296
-76.2317
-76.2337
-76.2358
-76.2378
-76.2398
-76.2418
-76.2438
-76.2458
-76.2478
-76.2497
-76.2516
-76.2536
-76.2554
-76.2573
-76.2592
-76.2611
-76.2629
-76.2647
-76.2665
-76.2683
-76.2701
-76.2719
-76.2737
-76.2754
-76.2771
-76.2788
-76.2806
-76.2822
-76.2839
-76.2856
-76.2872
-76.2889
-76.2905
-76.2921
-76.2937
-76.2953
-76.2969
-76.2985
-76.3
-76.3016
-76.3031
-76.3046
-76.3061
-76.3076
-76.3091
-76.3106
-76.312
-76.3135
-76.3149
-76.3164
-76.3178
-76.3192
-76.3206
-76.322
-76.3233
-76.3247
-76.3261
-76.3274
-76.3287
-76.33
-76.3314
-76.3327
-76.334
-76.3352
-76.3365
-76.3378
-76.339
-76.3403
-76.3415
-76.3427
-76.3439
-76.3452
-76.3464
-76.3475
-76.3487
-76.3499
-76.351
-76.3522
-76.3533
-76.3545
-76.3556
-76.3567
-76.3578
-76.3589
-76.36
-76.3611
-76.3622
-76.3632
-76.3643
-76.3654
-76.3664
-76.3674
-76.3685
-76.3695
-76.3705
-76.3715
-76.3725
-76.3735
-76.3745
-76.3754
-76.3764
-76.3774
-76.3783
-76.3793
-76.3802
-76.3811
-76.382
-76.383
-76.3839
-76.3848
-76.3857
-76.3866
-76.3874
-76.3883
-76.3892
-76.39
-76.3909
-76.3917
-76.3926
-76.3934
-76.3943
-76.3951
-76.3959
-76.3967
-76.3975
-76.3983
-76.3991
-76.3999
-76.4007
-76.4014
-76.4022
-76.403
-76.4037
-76.4045
-76.4052
-76.406
-76.4067
-76.4074
-76.4082
-76.4089
-76.4096
-76.4103
-76.411
-76.4117
-73.1002
-69.0304
-65.9337
-63.559
-61.6448
-59.9422
-58.1173
-55.256
-31.6259
9.70686
-27.2581
-73.2824
-79.1833
-79.1424
-79.0377
-78.9215
-78.7944
-78.5614
-76.7384
-75.6259
-74.9906
-74.4876
-74.0271
-73.5849
-73.155
-72.7492
-72.6303
-70.7637
-69.2087
-68.2572
-67.6333
-67.1973
-66.878
-66.6369
-66.4519
-66.3095
-66.2008
-66.1199
-66.0626
-66.0258
-66.0071
-66.552
-67.5102
-68.2577
-68.8266
-69.2684
-69.618
-69.8998
-70.131
-70.3238
-70.4872
-70.6279
-70.7507
-70.8595
-70.9571
-71.0457
-71.127
-71.2024
-71.2729
-71.3394
-71.4026
-71.463
-71.521
-71.5771
-71.6315
-71.6843
-71.7359
-71.7864
-71.8359
-71.8844
-71.9321
-71.979
-72.0252
-70.3639
-66.739
-63.8788
-61.6647
-59.7903
-57.8931
-55.122
-39.501
11.8487
-26.5657
-72.14
-79.412
-78.6874
-78.4066
-78.2149
-78.013
-77.7965
-77.5658
-77.2728
-76.9588
-76.6554
-76.3652
-76.1119
-75.8789
-75.6599
-75.453
-75.258
-75.1309
-75.0377
-74.9471
-74.8608
-74.7804
-74.7067
-74.6401
-74.5806
-74.5279
-74.4817
-74.4818
-74.6006
-74.7006
-74.7749
-74.9016
-75.0399
-75.1408
-75.2148
-75.2706
-75.3136
-75.3476
-75.3751
-75.3977
-75.4168
-75.4332
-75.4475
-75.4603
-75.4718
-75.4823
-75.4921
-75.5013
-75.5101
-75.5184
-75.5265
-75.5343
-75.542
-75.5494
-75.5568
-75.564
-75.5712
-75.5782
-75.5852
-75.5922
-75.5991
-75.6059
-75.6127
-75.6195
-75.6262
-75.6329
-75.6395
-75.6461
-75.6527
-75.6592
-75.6657
-75.6721
-75.6785
-75.6849
-75.6912
-75.6975
-75.7037
-75.7099
-75.716
-75.7221
-75.7282
-75.7342
-75.7402
-75.7461
-75.752
-75.7578
-75.7636
-75.7694
-75.7751
-75.7807
-75.7863
-75.7919
-75.7974
-75.8029
-75.8084
-72.134
-68.2352
-65.285
-63.008
-61.1418
-59.4199
-57.4259
-53.6002
46.2829
-5.23599
-36.514
-77.9301
-79.1179
-79.0252
-78.9065
-78.7761
-78.6341
-78.4809
-78.2146
-76.0687
-74.6122
-73.7501
-73.1031
-72.547
-72.0388
-71.7306
-71.6413
-71.507
-70.4744
-68.0112
-66.1709
-64.8799
-64.5057
-64.7877
-65.0074
-65.1602
-65.2726
-65.361
-65.4356
-65.503
-65.5676
-65.6321
-65.6984
-65.7675
-65.8402
-65.9167
-65.9972
-66.0818
-66.1703
-66.2624
-66.3579
-66.4564
-66.5575
-66.6608
-66.7661
-66.8728
-66.9809
-67.0899
-67.1996
-67.3099
-67.4204
-68.1307
-68.997
-69.6946
-70.254
-70.7083
-71.0814
-71.3911
-71.6508
-72.0932
-72.6551
-73.094
-73.4329
-73.699
-73.9113
-74.0829
-74.2234
-74.3399
-74.4375
-73.8073
-69.9469
-66.7302
-64.3879
-62.618
-61.2011
-59.9603
-58.716
-57.1757
-54.3492
-16.5418
3.5518
-30.6778
-75.5322
-79.0791
-79.0165
-78.8982
-78.7673
-78.6248
-78.4711
-78.3067
-78.1325
-77.8446
-75.4635
-73.2992
-72.0258
-71.1683
-70.5156
-69.9792
-69.5191
-69.1153
-68.7576
-68.5037
-68.8499
-69.1704
-69.3822
-69.5248
-69.6233
-69.6938
-69.7466
-69.7886
-69.8242
-69.8567
-69.888
-69.9196
-69.9522
-69.9864
-70.0226
-70.0609
-70.1013
-70.1438
-70.1882
-70.2345
-70.2824
-70.3318
-70.3826
-70.4345
-70.4874
-70.5412
-70.5957
-70.6507
-70.7062
-70.762
-70.8179
-70.874
-70.93
-70.986
-71.0417
-71.0973
-71.1525
-71.2074
-71.2619
-71.316
-71.3697
-71.4228
-71.4755
-71.5276
-71.5792
-71.6302
-71.6807
-71.7307
-71.78
-71.8289
-71.8771
-71.9248
-71.9719
-72.0184
-72.0643
-72.1097
-72.1545
-72.1987
-72.2423
-72.2854
-72.328
-72.37
-72.4115
-72.4524
-72.4928
-72.5327
-72.5721
-72.611
-72.6494
-72.6873
-72.7248
-72.7618
-72.7983
-72.8344
-72.8701
-72.9053
-72.9401
-72.9745
-73.0085
-73.0421
-73.0752
-73.108
-73.1404
-73.1724
-73.204
-70.2622
-66.6374
-63.8709
-61.7056
-59.8462
-57.9243
-54.9981
-31.185
8.39328
-28.1041
-74.1674
-79.6609
-78.7456
-78.3893
-78.1889
-77.9835
-77.7638
-77.5298
-77.2828
-77.0246
-76.7575
-75.992
-73.251
-71.1987
-69.8056
-68.7685
-67.9454
-67.2642
-66.6857
-66.1875
-65.9142
-65.73
-64.2525
-63.0847
-62.2452
-61.6078
-61.8248
-62.7117
-63.4212
-63.9593
-64.3762
-64.7067
-64.9758
-65.2014
-65.3958
-66.4074
-67.4225
-68.1823
-68.7572
-69.2013
-69.5514
-69.8328
-70.0629
-70.2545
-70.4167
-70.5562
-70.6779
-70.7858
-70.8826
-70.9706
-71.0515
-71.1265
-71.1969
-71.2633
-71.3428
-71.8181
-72.2836
-72.6506
-72.9429
-73.1791
-73.3724
-73.5325
-73.6666
-73.78
-73.8769
-73.9604
-74.0331
-74.0969
-74.1533
-74.2036
-74.2487
-74.2896
-74.3269
-74.361
-74.3926
-74.4219
-74.4493
-74.4751
-74.4994
-74.5225
-74.5445
-71.4568
-67.6663
-64.7899
-62.5736
-60.7469
-59.0312
-56.9641
-52.5332
43.1036
-10.3175
-41.8678
-78.3751
-78.9501
-78.8318
-78.6915
-78.5379
-78.3714
-78.1923
-78.0013

