-70
-69.8623
-69.7285
-69.5983
-69.4718
-69.3487
-69.2291
-69.1128
-68.9997
-68.8897
-68.7828
-68.6789
-68.5778
-68.4795
-68.3839
-68.291
-68.2007
-68.1128
-68.0274
-67.9443
-67.8636
-67.7851
-67.7087
-67.6345
-67.5623
-67.4921
-67.4238
-67.3574
-67.2929
-67.2301
-67.1691
-67.1098
-67.0521
-66.996
-66.9414
-66.8884
-66.8368
-66.7866
-66.7378
-66.6904
-66.6443
-66.5994
-66.5558
-66.5133
-66.4721
-66.432
-66.393
-66.355
-66.3181
-66.2823
-66.2474
-66.2134
-66.1805
-66.1484
-66.1172
-66.0868
-66.0573
-66.0286
-66.0007
-65.9736
-65.9472
-65.9215
-65.8966
-65.8723
-65.8487
-65.8257
-65.8034
-65.7817
-65.7606
-65.74
-65.72
-65.7006
-65.6817
-65.6633
-65.6455
-65.6281
-65.6112
-65.5948
-65.5788
-65.5632
-65.5481
-65.5334
-65.5191
-65.5052
-65.4917
-65.4785
-65.4657
-65.4533
-65.4412
-65.4294
-65.418
-65.4068
-65.396
-65.3855
-65.3752
-65.3653
-65.3556
-65.3462
-65.337
-65.3281
-65.3194
-65.311
-65.3028
-65.2948
-65.2871
-65.2795
-65.2722
-65.2651
-65.2581
-65.2514
-65.2448
-65.2385
-65.2322
-65.2262
-65.2203
-65.2146
-65.2091
-65.2037
-65.1984
-65.1933
-65.1884
-65.1835
-65.1788
-65.1743
-65.1698
-65.1655
-65.1613
-65.1572
-65.1532
-65.1493
-65.1456
-65.1419
-65.1384
-65.1349
-65.1315
-65.1283
-65.1251
-65.122
-65.119
-65.1161
-65.1132
-65.1104
-65.1077
-65.1051
-65.1026
-65.1001
-65.0977
-65.0953
-65.0931
-65.0908
-65.0887
-65.0866
-65.0845
-65.0826
-65.0806
-65.0788
-65.0769
-65.0752
-65.0734
-65.0718
-65.0701
-65.0685
-65.067
-65.0655
-65.064
-65.0626
-65.0612
-65.0599
-65.0586
-65.0573
-65.0561
-65.0549
-65.0537
-65.0526
-65.0514
-65.0504
-65.0493
-65.0483
-65.0473
-65.0464
-65.0454
-65.0445
-65.0436
-65.0428
-65.0419
-65.0411
-65.0403
-65.0395
-65.0388
-65.0381
-65.0374
-65.0367
-65.036
-65.0353
-65.0347
-65.0341
-65.0335
-65.0329
-65.0323
-65.0318
-65.0313
-65.0307
-65.0302
-65.0297
-65.0293
-65.0288
-65.0283
-65.0279
-65.0275
-65.027
-65.0266
-65.0262
-65.0259
-65.0255
-65.0251
-65.0248
-65.0244
-65.0241
-65.0238
-65.0234
-65.0231
-65.0228
-65.0225
-65.0223
-65.022
-65.0217
-65.0215
-65.0212
-65.021
-65.0207
-65.0205
-65.0203
-65.02
-65.0198
-65.0196
-65.0194
-65.0192
-65.019
-65.0188
-65.0187
-65.0185
-65.0183
-65.0181
-65.018
-65.0178
-65.0177
-65.0175
-65.0174
-65.0172
-65.0171
-65.017
-65.0168
-65.0167
-65.0166
-65.0165
-65.0163
-65.0162
-65.0161
-65.016
-65.0159
-65.0158
-65.0157
-65.0156
-65.0155
-65.0154
-65.0153
-65.0153
-65.0152
-65.0151
-65.015
-65.0149
-65.0149
-65.0148
-65.0147
-65.0147
-65.0146
-65.0145
-65.0145
-65.0144
-65.0143
-65.0143
-65.0142
-65.0142
-65.0141
-65.0141
-65.014
-65.014
-65.0139
-65.0139
-65.0138
-65.0138
-65.0137
-65.0137
-65.0137
-65.0136
-65.0136
-65.0135
-65.0135
-65.0135
-65.0134
-65.0134
-65.0134
-65.0133
-65.0133
-65.0133
-65.0133
-65.0132
-65.0132
-65.0132
-65.0131
-65.0131
-65.0131
-65.0131
-65.0131
-65.013
-65.013
-65.013
-65.013
-65.0129
-65.0129
-65.0129
-65.0129
-65.0129
-65.0129
-65.0128
-65.0128
-65.0128
-65.0128
-65.0128
-65.0128
-65.0127
-65.0127
-65.0127
-65.0127
-65.0127
-65.0127
-65.0127
-65.0127
-65.0126
-65.0126
-65.0126
-65.0126
-65.0126
-65.0126
-65.0126
-65.0126
-65.0126
-65.0126
-65.0125
-65.0125
-65.0125
-65.0125
-65.0125
-65.0125
-65.0125
-65.0125
-65.0125
-65.0125
-65.0125
-65.0125
-65.0125
-65.0124
-65.0124
-65.0124
-65.0124
-65.0124
-65.0124
-65.0124
-65.0124
-65.0124
-65.0124
-65.0124
-65.0124
-65.0124
-65.0124
-65.0124
-65.0124
-65.0124
-65.0124
-65.0124
-65.0124
-65.0124
-65.0124
-65.0124
-65.0123
-65.0123
-65.0123
-65.0123
-65.0123
-65.0123
-65.0123
-65.0123
-65.0123
-65.0123
-65.0123
-65.0123
-65.0123
-65.0123
-65.0123
-65.0123
-65.0123
-65.0123
-65.0123
-65.0123
-65.0123
-65.0123
-65.0123
-65.0123
-65.0123
-65.0123
-65.0123
-65.0123
-65.0123
-65.0123
-65.0123
-65.0123
-65.0123
-65.0123
-65.0123
-65.0123
-65.0123
-65.0123
-65.0123
-65.0123
-65.0123
-65.0123
-65.0123
-65.0123
-65.0123
-65.0123
-65.0123
-65.0123
-65.0123
-65.0123
-65.0123
-65.0123
-65.0123
-65.0123
-65.0123
-65.0123
-65.0123
-65.0123
-65.0123
-65.0123
-65.0123
-65.0123
-65.0123
-65.0123
-65.0123
-65.0123
-65.0123
-65.0123
-65.0123
-65.0123
-65.0123
-65.0123
-65.0123
-65.0123
-64.8272
-64.6749
-64.5616
-64.4807
-64.4179
-64.3677
-64.3273
-64.2951
-64.2696
-64.2499
-64.2351
-64.2244
-64.2173
-64.2132
-64.2117
-64.2125
-64.2152
-64.2195
-64.2252
-64.2321
-64.2401
-64.2489
-64.2584
-64.2685
-64.2792
-64.2902
-64.3016
-64.3133
-64.3251
-64.3371
-64.3491
-64.3613
-64.3734
-64.3855
-64.3197
-64.1436
-64.0281
-63.9438
-63.8854
-63.8412
-63.8079
-63.7833
-63.7658
-63.7543
-63.7479
-63.7457
-63.7472
-63.7518
-63.7589
-63.7682
-63.7252
-63.6859
-63.6352
-63.1709
-62.8074
-62.3961
-61.467
-60.7647
-60.039
-59.4035
-58.8701
-57.7781
-56.8671
-55.915
-55.1678
-54.4752
-53.9607
-53.5618
-53.1358
-52.7344
-52.3884
-51.8765
-51.4806
-50.9473
-50.495
-50.1015
-49.7008
-49.3183
-48.9652
-48.6367
-48.3129
-47.98
-47.6008
-47.1997
-46.7721
-46.2524
-45.6148
-44.7503
-43.4276
-40.9055
-30.9822
41.9701
-2.93046
-35.9932
-55.2339
-60.3665
-61.8033
-62.2257
-62.3389
-62.3305
-62.2792
-62.1719
-62.0417
-61.8667
-61.7295
-61.5961
-61.3868
-61.1951
-61.0074
-60.6963
-60.4533
-60.2736
-60.1377
-59.9982
-59.8952
-59.776
-59.6545
-59.5655
-59.507
-59.4721
-59.4514
-59.3118
-59.2086
-59.129
-59.0421
-58.9936
-58.8916
-58.6983
-58.4793
-58.1005
-57.6976
-57.3133
-56.8708
-56.3934
-55.8841
-55.3756
-54.8526
-54.4157
-54.0609
-53.6126
-52.8907
-52.2467
-51.7403
-51.2806
-50.7735
-50.2827
-49.8613
-49.4976
-49.109
-48.7605
-48.3734
-48.0006
-47.5855
-47.1128
-46.5909
-45.9652
-45.19
-44.0986
-42.2715
-37.7973
19.2464
19.641
-22.5047
-50.801
-60.4607
-63.0283
-63.769
-63.984
-64.004
-63.9496
-63.8701
-63.7861
-63.7062
-63.6332
-63.5682
-63.5109
-63.4607
-63.4171
-63.3792
-63.3466
-63.3186
-63.2948
-63.2746
-63.2578
-63.2439
-63.2326
-63.2237
-63.2169
-63.2121
-63.2089
-63.2072
-63.2069
-63.2079
-63.2099
-63.2129
-63.2167
-63.2213
-63.2266
-63.2325
-63.2389
-63.2457
-63.253
-63.2606
-63.2685
-63.2767
-63.2851
-63.2937
-63.3025
-63.3114
-63.3204
-63.3294
-63.3386
-63.3478
-63.357
-63.3662
-63.3755
-63.3847
-63.3939
-63.4031
-63.4123
-63.4214
-63.4305
-63.4395
-63.4273
-63.3182
-62.9829
-62.742
-62.5645
-62.4376
-62.2844
-61.8969
-61.6117
-61.3981
-61.2186
-61.0488
-60.6817
-60.1329
-59.6573
-59.2643
-58.8375
-58.2258
-57.3245
-56.6021
-55.7446
-55.0199
-54.4754
-53.9448
-53.502
-52.7745
-52.1048
-51.6078
-51.2128
-50.8623
-50.5581
-50.2653
-50.0092
-49.7838
-49.5667
-49.3664
-49.1304
-48.8326
-48.5503
-48.2484
-47.969
-47.6966
-47.3769
-47.0104
-46.6071
-46.108
-45.4814
-44.6078
-43.2133
-40.3743
-26.5499
38.7261
-9.39077
-42.9223
-59.4784
-63.7582
-64.8094
-65.044
-64.9672
-64.8196
-64.6022
-64.4062
-64.2174
-64.0297
-63.8294
-63.6642
-63.5271
-63.413
-63.3163
-63.234
-63.1639
-63.1046
-63.0544
-63.0124
-62.9774
-62.9486
-62.9253
-62.8762
-62.7726
-62.6651
-62.5716
-62.4603
-62.2966
-62.0299
-61.4842
-60.9879
-60.486
-60.0326
-59.6986
-59.3068
-58.932
-58.5751
-58.1635
-57.7944
-57.4901
-57.1402
-56.8348
-56.5134
-56.1733
-55.8113
-55.2957
-54.804
-54.198
-53.6105
-53.0394
-52.5908
-52.2029
-51.8656
-51.5287
-51.255
-51.0486
-50.8914
-50.6872
-50.4437
-50.1829
-49.9889
-49.8088
-49.6737
-49.5684
-49.4717
-49.3797
-49.3126
-49.2651
-49.2349
-49.2191
-49.1935
-49.1508
-49.122
-49.1113
-49.116
-49.1334
-49.1619
-49.2014
-49.2515
-49.3122
-49.3836
-49.4323
-49.4945
-49.5719
-49.6633
-49.7663
-49.88
-50.0043
-50.1384
-50.2823
-50.4356
-50.5984
-50.7701
-50.9497
-51.1362
-51.3288
-51.5273
-51.7313
-51.9399
-52.152
-52.3668
-52.5838
-52.8028
-53.023
-53.2434
-53.4635
-53.6833
-53.9022
-54.1198
-54.3354
-54.549
-54.7603
-54.9693
-55.1754
-55.3784
-55.5783
-55.7752
-55.9689
-56.1591
-56.3457
-56.5289
-56.7086
-56.8849
-57.0577
-57.2268
-57.3924
-57.5544
-57.7131
-57.8683
-58.0202
-58.1686
-58.3138
-58.4556
-58.5942
-58.7297
-58.8621
-58.9914
-59.1178
-59.2411
-59.3616
-59.4792
-59.594
-59.7062
-59.8157
-59.9226
-60.027
-60.1288
-60.2283
-60.3253
-60.4129
-60.1915
-59.8219
-59.5567
-59.1403
-58.7892
-58.516
-58.3151
-58.0313
-57.7654
-57.452
-57.0383
-56.749
-56.5459
-56.2458
-55.1511
-54.0542
-53.272
-52.7106
-52.2868
-51.7667
-51.3538
-50.8456
-50.4027
-50.0214
-49.6035
-49.2118
-48.8779
-48.5836
-48.3116
-48.0022
-47.6223
-47.0519
-46.4485
-45.6233
-44.5834
-43.0813
-40.1515
-25.2284
38.0811
-9.77208
-43.3951
-60.0154
-64.2366
-65.2387
-65.3161
-65.1475
-64.8956
-64.6555
-64.436
-64.2415
-64.0701
-63.91
-63.693
-63.494
-63.3052
-63.1196
-62.9611
-62.7698
-62.6008
-62.421
-62.2751
-62.0911
-61.9394
-61.8225
-61.7336
-61.645
-61.5439
-61.4716
-61.4187
-61.3821
-61.3576
-61.3429
-61.3367
-61.3377
-61.3066
-61.2633
-61.0926
-60.8867
-60.6028
-60.3682
-60.1365
-59.965
-59.8197
-59.7022
-59.6205
-59.5657
-59.5326
-59.5167
-59.4375
-59.3081
-59.2324
-59.163
-59.047
-58.9301
-58.7436
-58.5183
-58.1933
-57.8818
-57.4704
-56.8978
-56.3914
-55.8575
-55.3041
-54.7577
-54.314
-53.8278
-53.1966
-52.5656
-52.0262
-51.5937
-51.2271
-50.937
-50.6704
-50.2772

