-70
-69.8623
-69.7285
-69.5983
-69.4718
-69.3487
-69.2291
-69.1128
-68.9997
-68.8897
-68.7828
-68.6789
-68.5778
-68.4795
-68.3839
-68.291
-68.2007
-68.1128
-68.0274
-67.9443
-67.8636
-67.7851
-67.7087
-67.6345
-67.5623
-67.4921
-67.4238
-67.3574
-67.2929
-67.2301
-67.1691
-67.1098
-67.0521
-66.996
-66.9414
-66.8884
-66.8368
-66.7866
-66.7378
-66.6904
-66.6443
-66.5994
-66.5558
-66.5133
-66.4721
-66.432
-66.393
-66.355
-66.3181
-66.2823
-66.2474
-66.2134
-66.1805
-66.1484
-66.1172
-66.0868
-66.0573
-66.0286
-66.0007
-65.9736
-65.9472
-65.9215
-65.8966
-65.8723
-65.8487
-65.8257
-65.8034
-65.7817
-65.7606
-65.74
-65.72
-65.7006
-65.6817
-65.6633
-65.6455
-65.6281
-65.6112
-65.5948
-65.5788
-65.5632
-65.5481
-65.5334
-65.5191
-65.5052
-65.4917
-65.4785
-65.4657
-65.4533
-65.4412
-65.4294
-65.418
-65.4068
-65.396
-65.3855
-65.3752
-65.3653
-65.3556
-65.3462
-65.337
-65.3281
-65.3194
-65.311
-65.3028
-65.2948
-65.2871
-65.2795
-65.2722
-65.2651
-65.2581
-65.2514
-65.2448
-65.2385
-65.2322
-65.2262
-65.2203
-65.2146
-65.2091
-65.2037
-65.1984
-65.1933
-65.1884
-65.1835
-65.1788
-65.1743
-65.1698
-65.1655
-65.1613
-65.1572
-65.1532
-65.1493
-65.1456
-65.1419
-65.1384
-65.1349
-65.1315
-65.1283
-65.1251
-65.122
-65.119
-65.1161
-65.1132
-65.1104
-65.1077
-65.1051
-65.1026
-65.1001
-65.0977
-65.0953
-65.0931
-65.0908
-65.0887
-65.0866
-65.0845
-65.0826
-65.0806
-65.0788
-65.0769
-65.0752
-65.0734
-65.0718
-65.0701
-65.0685
-65.067
-65.0655
-65.064
-65.0626
-65.0612
-65.0599
-65.0586
-65.0573
-65.0561
-65.0549
-65.0537
-65.0526
-65.0514
-65.0504
-65.0493
-65.0483
-65.0473
-65.0464
-65.0454
-65.0445
-65.0436
-65.0428
-65.0419
-65.0411
-65.0403
-65.0395
-65.0388
-65.0381
-65.0374
-65.0367
-65.036
-65.0353
-65.0347
-65.0341
-65.0335
-65.0329
-65.0323
-65.0318
-65.0313
-65.0307
-65.0302
-65.0297
-65.0293
-65.0288
-65.0283
-65.0279
-65.0275
-65.027
-65.0266
-65.0262
-65.0259
-65.0255
-65.0251
-65.0248
-65.0244
-65.0241
-65.0238
-65.0234
-65.0231
-65.0228
-65.0225
-65.0223
-65.022
-65.0217
-65.0215
-65.0212
-65.021
-65.0207
-65.0205
-65.0203
-65.02
-65.0198
-65.0196
-65.0194
-65.0192
-65.019
-65.0188
-65.0187
-65.0185
-65.0183
-65.0181
-65.018
-65.0178
-65.0177
-65.0175
-65.0174
-65.0172
-65.0171
-65.017
-65.0168
-65.0167
-65.0166
-65.0165
-65.0163
-65.0162
-65.0161
-65.016
-65.0159
-65.0158
-65.0157
-65.0156
-65.0155
-65.0154
-65.0153
-65.0153
-65.0152
-65.0151
-65.015
-65.0149
-65.0149
-65.0148
-65.0147
-65.0147
-65.0146
-65.0145
-65.0145
-65.0144
-65.0143
-65.0143
-65.0142
-65.0142
-65.0141
-65.0141
-65.014
-65.014
-65.0139
-65.0139
-65.0138
-65.0138
-65.0137
-65.0137
-65.0137
-65.0136
-65.0136
-65.0135
-65.0135
-65.0135
-65.0134
-65.0134
-65.0134
-65.0133
-65.0133
-65.0133
-65.0133
-65.0132
-65.0132
-65.0132
-65.0131
-65.0131
-65.0131
-65.0131
-65.0131
-65.013
-65.013
-65.013
-65.013
-65.0129
-65.0129
-65.0129
-65.0129
-65.0129
-65.0129
-65.0128
-65.0128
-65.0128
-65.0128
-65.0128
-65.0128
-65.0127
-65.0127
-65.0127
-65.0127
-65.0127
-65.0127
-65.0127
-65.0127
-65.0126
-65.0126
-65.0126
-65.0126
-65.0126
-65.0126
-65.0126
-65.0126
-65.0126
-65.0126
-65.0125
-65.0125
-65.0125
-65.0125
-65.0125
-65.0125
-65.0125
-65.0125
-65.0125
-65.0125
-65.0125
-65.0125
-65.0125
-65.0124
-65.0124
-65.0124
-65.0124
-65.0124
-65.0124
-65.0124
-65.0124
-65.0124
-65.0124
-65.0124
-65.0124
-65.0124
-65.0124
-65.0124
-65.0124
-65.0124
-65.0124
-65.0124
-65.0124
-65.0124
-65.0124
-65.0124
-65.0123
-65.0123
-65.0123
-65.0123
-65.0123
-65.0123
-65.0123
-65.0123
-65.0123
-65.0123
-65.0123
-65.0123
-65.0123
-65.0123
-65.0123
-65.0123
-65.0123
-65.0123
-65.0123
-65.0123
-65.0123
-65.0123
-65.0123
-65.0123
-65.0123
-65.0123
-65.0123
-65.0123
-65.0123
-65.0123
-65.0123
-65.0123
-65.0123
-65.0123
-65.0123
-65.0123
-65.0123
-65.0123
-65.0123
-65.0123
-65.0123
-65.0123
-65.0123
-65.0123
-65.0123
-65.0123
-65.0123
-65.0123
-65.0123
-65.0123
-65.0123
-65.0123
-65.0123
-65.0123
-65.0123
-65.0123
-65.0123
-65.0123
-65.0123
-65.0123
-65.0123
-65.0123
-65.0123
-65.0123
-65.0123
-65.0123
-65.0123
-65.0123
-65.0123
-65.0123
-65.0123
-65.0123
-65.0123
-65.0123
-64.8272
-64.6749
-64.5616
-64.4807
-64.4179
-64.3677
-64.3273
-64.2951
-64.2696
-64.2499
-64.2351
-64.2244
-64.2173
-64.2132
-64.2117
-64.2125
-64.2152
-64.2195
-64.2252
-64.2321
-64.2401
-64.2489
-64.2584
-64.2685
-64.2792
-64.2902
-64.3016
-64.3133
-64.3251
-64.3371
-64.3491
-64.3613
-64.3734
-64.3855
-64.3456
-64.2321
-64.1589
-64.1065
-64.0712
-64.0455
-64.027
-64.0142
-64.0062
-64.0021
-64.0014
-64.0034
-64.0079
-64.0143
-64.0224
-64.0319
-64.0426
-64.0543
-64.0625
-63.7407
-63.5164
-63.2754
-62.7501
-62.3442
-61.904
-61.5071
-61.1528
-60.3952
-59.5861
-58.7712
-58.0836
-57.5345
-57.1258
-56.8137
-56.5747
-56.3342
-56.0848
-55.6959
-55.428
-55.1454
-54.9315
-54.7552
-54.6302
-54.551
-54.509
-54.477
-54.3982
-54.3417
-54.3255
-54.3418
-54.3824
-54.4003
-54.4439
-54.4694
-54.4797
-54.5238
-54.5904
-54.6758
-54.7517
-54.8191
-54.9075
-55.0103
-55.1249
-55.2477
-55.3773
-55.4728
-55.5664
-55.6024
-55.6581
-55.7373
-55.8053
-55.8722
-55.9227
-55.9925
-56.0722
-56.1229
-56.199
-56.2898
-56.3932
-56.5045
-56.622
-56.7443
-56.8497
-56.9284
-57.0249
-57.131
-57.152
-57.1977
-57.2642
-57.3481
-57.3397
-57.3608
-57.3628
-57.3206
-57.2186
-57.0754
-56.9634
-56.9077
-56.8266
-56.7357
-56.4824
-56.0956
-55.7684
-55.4844
-55.1939
-54.9889
-54.7826
-54.4727
-54.0953
-53.6933
-53.2984
-53.0201
-52.8225
-52.6309
-52.4775
-52.3447
-52.2371
-52.1692
-52.1408
-52.1394
-52.1233
-52.0783
-52.0462
-52.0456
-52.0792
-52.1384
-52.1913
-52.256
-52.3428
-52.4479
-52.5677
-52.6995
-52.8414
-52.9922
-53.1507
-53.3158
-53.4866
-53.6623
-53.8418
-54.0243
-54.2089
-54.3953
-54.5829
-54.7713
-54.9599
-55.1482
-55.3357
-55.5223
-55.7077
-55.8916
-56.0737
-56.2537
-56.4316
-56.6072
-56.7805
-56.9513
-57.1194
-57.2847
-57.4472
-57.607
-57.7639
-57.918
-58.0692
-58.2174
-58.3626
-58.505
-58.6445
-58.7811
-58.9148
-59.0458
-59.1738
-59.2991
-59.4216
-59.5414
-59.6585
-59.7731
-59.885
-59.9944
-60.1012
-60.2056
-60.3075
-60.4071
-60.5043
-60.5992
-60.6919
-60.7824
-60.8708
-60.9571
-61.0413
-61.1235
-61.1021
-60.8632
-60.7219
-60.6326
-60.5864
-60.5632
-60.3288
-60.1284
-59.9945
-59.9118
-59.8468
-59.6385
-59.3307
-59.0819
-58.8667
-58.6625
-58.2925
-57.6993
-57.1561
-56.5701
-56.1196
-55.7965
-55.565
-55.3862
-55.0192
-54.7237
-54.5187
-54.374
-54.2612
-54.0991
-53.8797
-53.7299
-53.6411
-53.6003
-53.5848
-53.5616
-53.4635
-53.3916
-53.3564
-53.3372
-53.3228
-53.3026
-53.2829
-53.3045
-53.3546
-53.428
-53.4748
-53.482
-53.4928
-53.5088
-53.5398
-53.5729
-53.4631
-53.3427
-53.2733
-53.198
-53.1821
-53.2019
-53.2517
-53.3232
-53.4127
-53.5174
-53.6349
-53.7264
-53.8366
-53.9609
-54.0976
-54.2428
-54.3949
-54.5525
-54.7148
-54.8805
-55.0488
-55.2191
-55.3833
-55.5055
-55.6012
-55.718
-55.8481
-55.9607
-56.0363
-56.1105
-56.1169
-56.043
-55.8977
-55.7744
-55.7218
-55.6841
-55.5464
-55.4558
-55.3363
-55.252
-55.22
-55.2258
-55.216
-55.1421
-55.0023
-54.8075
-54.6766
-54.5284
-54.3314
-54.0065
-53.6694
-53.4293
-53.212
-52.9668
-52.7363
-52.5818
-52.4875
-52.4395
-52.3932
-52.3834
-52.3732
-52.312
-52.2999
-52.2878
-52.316
-52.334
-52.281
-52.2421
-52.2498
-52.2935
-52.3379
-52.3971
-52.48
-52.5822
-52.6999
-52.8302
-52.9714
-53.1219
-53.2804
-53.4457
-53.617
-53.7932
-53.9731
-54.1561
-54.3414
-54.5285
-54.7168
-54.9058
-55.0948
-55.2834
-55.4713
-55.6581
-55.8438
-56.0278
-56.2099
-56.3899
-56.5677
-56.7433
-56.9164
-57.0869
-57.2547
-57.4197
-57.5819
-57.7413
-57.8978
-58.0515
-58.2021
-58.3498
-58.4946
-58.6364
-58.7753
-58.9114
-59.0445
-59.1748
-59.3022
-59.4268
-59.5486
-59.6678
-59.7842
-59.898
-60.0093
-60.1179
-60.224
-60.3277
-60.4289
-60.5277
-60.6242
-60.7184
-60.8103
-60.9001
-60.9878
-61.0733
-61.1567
-61.2381
-61.3176
-61.3951
-61.4707
-61.5445
-61.6165
-61.6867
-61.7552
-61.8221
-61.8873
-61.9509
-62.013
-62.0735
-62.1325
-62.1901
-62.2462
-62.301
-62.2985
-62.2894
-62.1889
-61.982
-61.848
-61.6204
-61.3796
-61.2139
-61.0772
-60.8587
-60.685
-60.5286
-60.305
-60.1343
-60.0149
-59.796
-58.9307
-58.0242
-57.3598
-56.8904
-56.5346
-56.1268
-55.8291
-55.5043
-55.2576
-55.0392
-54.8311
-54.675
-54.5737
-54.5164
-54.4928
-54.4965
-54.4964
-54.3997
-54.3248
-54.2073
-54.0964
-54.0432
-54.0282
-54.014
-54.0352
-54.0756
-54.1051
-54.1629
-54.2402
-54.2527
-54.2382
-54.166
-54.126
-54.1339
-54.1767
-54.2165
-54.2444
-54.2844
-54.3525
-54.4201
-54.4861
-54.5405
-54.6116
-54.704
-54.8125
-54.9326
-55.0615
-55.1975
-55.3392
-55.4856
-55.6358
-55.7889
-55.9442
-56.1009
-56.2586
-56.4168
-56.575
-56.733
-56.8904
-57.0468
-57.1663
-57.2791
-57.4015
-57.4984
-57.5482
-57.5861
-57.6282
-57.6929
-57.7082
-57.7271
-57.773
-57.8376
-57.9152
-58.0014
-58.0826
-58.0768
-58.1084
-58.1378
-58.1669
-58.2099
-58.2103
-58.0117
-57.8478
-57.6881
-57.5271
-57.2885
-57.0174
-56.6952
-56.3093
-55.9578
-55.6326
-55.2944
-54.9309
-54.5491
-54.1987
-53.9634
-53.8029
-53.6843
-53.5541
-53.4158

