-70
-70.0758
-70.1508
-70.225
-70.2983
-70.3706
-70.4419
-70.5122
-70.5814
-70.6496
-70.7168
-70.7829
-70.848
-70.9121
-70.9752
-71.0373
-71.0984
-71.1586
-71.2178
-71.2761
-71.3334
-71.3899
-71.4455
-71.5003
-71.5543
-71.6074
-71.6598
-71.7114
-71.7623
-71.8124
-71.8619
-71.9106
-71.9587
-72.006
-72.0527
-72.0988
-72.1442
-72.1889
-72.2331
-72.2766
-72.3196
-72.362
-72.4038
-72.445
-72.4857
-72.5258
-72.5654
-72.6045
-72.6431
-72.6812
-72.7188
-72.756
-72.7927
-72.8289
-72.8647
-72.9
-72.9349
-72.9694
-73.0035
-73.0371
-73.0704
-73.1032
-73.1357
-73.1678
-73.1994
-73.2307
-73.2617
-73.2922
-73.3224
-73.3523
-73.3817
-73.4109
-73.4397
-73.4682
-73.4963
-73.5241
-73.5516
-73.5788
-73.6057
-73.6323
-73.6585
-73.6845
-73.7102
-73.7356
-73.7608
-73.7857
-73.8103
-73.8346
-73.8587
-73.8825
-73.9061
-73.9294
-73.9524
-73.9753
-73.9979
-74.0202
-74.0423
-74.0642
-74.0859
-74.1073
-74.1285
-74.1495
-74.1703
-74.1909
-74.2112
-74.2313
-74.2513
-74.271
-74.2905
-74.3098
-74.329
-74.3479
-74.3666
-74.3852
-74.4036
-74.4217
-74.4397
-74.4575
-74.4752
-74.4926
-74.5099
-74.527
-74.544
-74.5607
-74.5774
-74.5938
-74.6101
-74.6262
-74.6422
-74.658
-74.6736
-74.6891
-74.7045
-74.7197
-74.7347
-74.7496
-74.7644
-74.779
-74.7935
-74.8079
-74.8221
-74.8362
-74.8501
-74.864
-74.8777
-74.8913
-74.9047
-74.918
-74.9313
-74.9443
-74.9573
-74.9701
-74.9829
-74.9955
-75.008
-75.0204
-75.0327
-75.0448
-75.0569
-75.0688
-75.0806
-75.0924
-75.104
-75.1155
-75.1269
-75.1382
-75.1495
-75.1606
-75.1716
-75.1825
-75.1933
-75.204
-75.2147
-75.2252
-75.2356
-75.246
-75.2562
-75.2664
-75.2764
-75.2864
-75.2963
-75.3061
-75.3158
-75.3255
-75.335
-75.3445
-75.3538
-75.3631
-75.3724
-75.3815
-75.3906
-75.3995
-75.4084
-75.4172
-75.426
-75.4346
-75.4432
-75.4518
-75.4602
-75.4686
-75.4769
-75.4851
-75.4932
-75.5013
-75.5093
-75.5173
-75.5251
-75.533
-75.5407
-75.5484
-75.556
-75.5635
-75.571
-75.5784
-75.5858
-75.593
-75.6003
-75.6074
-75.6145
-75.6216
-75.6285
-75.6355
-75.6423
-75.6491
-75.6559
-75.6626
-75.6692
-75.6758
-75.6823
-75.6888
-75.6952
-75.7015
-75.7078
-75.7141
-75.7203
-75.7264
-75.7325
-75.7386
-75.7446
-75.7505
-75.7564
-75.7622
-75.768
-75.7738
-75.7795
-75.7851
-75.7907
-75.7963
-75.8018
-75.8072
-75.8127
-75.818
-75.8234
-75.8287
-75.8339
-75.8391
-75.8443
-75.8494
-75.8545
-75.8595
-75.8645
-75.8695
-75.8744
-75.8793
-75.8841
-75.8889
-75.8937
-75.8984
-75.9031
-75.9077
-75.9123
-75.9169
-75.9214
-75.9259
-75.9304
-75.9348
-75.9392
-75.9436
-75.9479
-75.9522
-75.9565
-75.9607
-75.9649
-75.969
-75.9731
-75.9772
-75.9813
-75.9853
-75.9893
-75.9933
-75.9972
-76.0011
-76.005
-76.0088
-76.0126
-76.0164
-76.0201
-76.0239
-76.0275
-76.0312
-76.0348
-76.0384
-76.042
-76.0456
-76.0491
-76.0526
-76.056
-76.0595
-76.0629
-76.0663
-76.0696
-76.0729
-76.0762
-76.0795
-76.0828
-76.086
-76.0892
-76.0924
-76.0955
-76.0986
-76.1017
-76.1048
-76.1079
-76.1109
-76.1139
-76.1169
-76.1198
-76.1228
-76.1257
-76.1286
-76.1314
-76.1343
-76.1371
-76.1399
-76.1427
-76.1455
-76.1482
-76.1509
-76.1536
-76.1563
-76.1589
-76.1615
-76.1642
-76.1667
-76.1693
-76.1719
-76.1744
-76.1769
-76.1794
-76.1819
-76.1843
-76.1868
-76.1892
-76.1916
-76.1939
-76.1963
-76.1986
-76.201
-76.2033
-76.2056
-76.2078
-76.2101
-76.2123
-76.2145
-76.2167
-76.2189
-76.2211
-76.2232
-76.2254
-76.2275
-76.2296
-76.2317
-76.2337
-76.2358
-76.2378
-76.2398
-76.2418
-76.2438
-76.2458
-76.2478
-76.2497
-76.2516
-76.2536
-76.2554
-76.2573
-76.2592
-76.2611
-76.2629
-76.2647
-76.2665
-76.2683
-76.2701
-76.2719
-76.2737
-76.2754
-76.2771
-76.2788
-76.2806
-76.2822
-76.2839
-76.2856
-76.2872
-76.2889
-76.2905
-76.2921
-76.2937
-76.2953
-76.2969
-76.2985
-76.3
-76.3016
-76.3031
-76.3046
-76.3061
-76.3076
-76.3091
-76.3106
-76.312
-76.3135
-76.3149
-76.3164
-76.3178
-76.3192
-76.3206
-76.322
-76.3233
-76.3247
-76.3261
-76.3274
-76.3287
-76.33
-76.3314
-76.3327
-76.334
-76.3352
-76.3365
-76.3378
-76.339
-76.3403
-76.3415
-76.3427
-76.3439
-76.3452
-76.3464
-76.3475
-76.3487
-76.3499
-76.351
-76.3522
-76.3533
-76.3545
-76.3556
-76.3567
-76.3578
-76.3589
-76.36
-76.3611
-76.3622
-76.3632
-76.3643
-76.3654
-76.3664
-76.3674
-76.3685
-76.3695
-76.3705
-76.3715
-76.3725
-76.3735
-76.3745
-76.3754
-76.3764
-76.3774
-76.3783
-76.3793
-76.3802
-76.3811
-76.382
-76.383
-76.3839
-76.3848
-76.3857
-76.3866
-76.3874
-76.3883
-76.3892
-76.39
-76.3909
-76.3917
-76.3926
-76.3934
-76.3943
-76.3951
-76.3959
-76.3967
-76.3975
-76.3983
-76.3991
-76.3999
-76.4007
-76.4014
-76.4022
-76.403
-76.4037
-76.4045
-76.4052
-76.406
-76.4067
-76.4074
-73.0964
-69.0272
-65.9309
-63.5565
-61.6425
-59.9397
-58.1142
-55.2494
-31.3797
9.73798
-27.4461
-73.5564
-79.0274
-78.9617
-78.8359
-78.6967
-78.5451
-78.3812
-78.2055
-77.1501
-75.153
-73.9654
-73.1817
-72.5563
-72.0065
-71.5018
-71.031
-70.5904
-70.179
-69.7973
-69.8925
-70.7351
-71.3184
-71.9155
-72.4908
-72.8569
-72.2107
-69.3337
-67.2845
-65.9773
-65.1114
-64.5207
-64.11
-63.8224
-63.6218
-63.4859
-63.3998
-63.3533
-63.3388
-63.351
-63.3857
-63.4395
-63.5099
-63.5946
-63.6919
-63.8001
-63.918
-64.0442
-64.1777
-64.317
-64.4607
-64.6082
-64.7585
-64.911
-65.0651
-65.2204
-65.3763
-65.5319
-65.6869
-65.8409
-65.9937
-66.1451
-66.2949
-66.4429
-66.5888
-64.7686
-62.0301
-59.8246
-57.8316
-55.3926
-48.7521
26.8919
-20.8456
-60.1405
-79.2858
-79.4636
-78.3306
-77.8791
-77.6182
-77.3615
-77.0923
-76.8101
-76.5169
-76.2152
-75.4513
-72.8263
-70.8268
-69.4548
-68.492
-68.6134
-69.086
-69.358
-69.9675
-70.5485
-71.2473
-71.6753
-71.9231
-72.0717
-72.1639
-72.424
-72.7794
-73.021
-73.1837
-73.2975
-73.38
-73.4419
-73.49
-73.5287
-73.561
-73.5888
-73.6135
-73.6361
-73.6572
-73.6774
-73.6969
-73.8655
-74.1012
-74.2861
-74.43
-74.544
-74.6359
-74.711
-74.7734
-74.8259
-74.8706
-74.9092
-74.9429
-74.9726
-74.999
-75.0229
-75.0445
-75.0644
-75.0827
-75.0998
-75.1159
-75.131
-75.1454
-75.1591
-75.1723
-75.185
-75.1973
-75.2092
-75.2208
-75.2322
-75.2432
-75.2541
-75.2647
-75.2752
-75.2855
-75.2957
-75.3057
-75.3156
-75.1722
-71.2945
-67.5582
-64.7416
-62.5537
-60.7308
-58.9893
-56.8207
-51.6256
38.2622
-13.5835
-46.4749
-79.2677
-79.731
-79.7051
-79.6677
-79.6261
-79.5803
-79.5303
-79.4763
-79.4183
-79.3567
-79.2919
-78.4821
-74.7113
-71.9509
-70.1079
-68.7737
-67.7485
-66.9267
-66.2488
-65.679
-63.8371
-61.6884
-59.8961
-58.1471
-55.7838
-47.9967
24.5693
-20.9463
-61.5596
-78.8138
-78.8047
-78.6624
-78.5041
-78.3319
-78.0143
-77.7044
-77.4657
-75.5122
-74.1774
-73.476
-72.9911
-72.5931
-72.2405
-71.9188
-71.6225
-71.3495
-71.099
-69.7281
-67.1626
-65.2719
-63.9244
-62.9189
-62.1336
-61.4923
-60.9418
-60.448
-59.9765
-59.5029
-58.9873
-58.3798
-57.5747
-56.3151
-53.5135
3.85062
-1.31064
-33.9017
-77.1702
-79.8384
-79.8752
-79.861
-79.843
-79.823
-79.1289
-76.5248
-75.169
-74.4012
-73.8193
-73.3092
-72.8346
-72.3838
-71.954
-71.5455
-71.1597
-70.7984
-70.463
-70.1544
-69.8733
-69.62
-69.3941
-67.8542
-64.8032
-62.3812
-60.4425
-58.6596
-56.5283
-51.8324
40.8161
-12.8386
-45.218
-78.4343
-78.896
-78.7722
-78.6257
-78.4656
-78.2923
-78.1063
-77.9085
-77.7001
-76.2466
-73.907
-72.5737
-71.7316
-71.2772
-71.1149
-71.1174
-71.2748
-71.3203
-71.3142
-71.6418
-71.8969
-72.0385
-72.1161
-72.1576
-72.1788
-72.1888
-72.3919
-72.7235
-72.9645
-73.1365
-73.2631
-73.3589
-73.4336
-73.4933
-73.5423
-73.5837
-73.6194
-73.6511
-73.6797
-73.706
-73.7307
-73.7541
-73.7766
-73.7985
-73.8198
-73.8408
-73.8615
-73.882
-73.9024
-73.9227
-73.9429
-73.9631
-73.9832
-74.0033
-74.0233
-74.0433
-74.0632
-74.0831
-74.1029
-74.1227
-74.1424
-74.162
-74.1815
-74.2009
-74.2202
-74.2394
-74.2584
-74.2774
-74.2962
-74.3149
-74.3335
-74.3519
-74.3702
-74.3883
-74.4063
-74.4242
-74.4419
-74.4594
-74.4769
-74.4941
-74.5112
-74.5282
-74.5449
-74.5616
-74.5781
-74.5944
-74.6106
-74.6266
-74.6425
-74.6583
-74.6739
-74.6893
-74.7046
-74.7198
-74.7348
-74.7497
-74.7644
-74.779
-74.7935
-74.8078
-74.8221
-74.8361
-74.8501
-74.8639
-74.8776
-74.8912
-74.497
-70.4889
-66.8761
-64.1532
-62.0169
-60.1907
-58.3405
-55.6949
-43.3667
16.9147
-24.0606
-68.8184
-79.2171
-78.7378
-78.5325
-78.3577
-78.1696
-77.9671
-77.7506
-77.5213
-77.2807
-76.335
-73.8585
-72.1636
-71.0295
-70.1708
-69.4672
-68.8636
-68.3328
-67.8607
-67.3634
-65.232
-64.7704
-64.9107
-65
-65.8376
-66.5876
-67.065
-67.3783
-67.5939
-67.7495
-67.4644
-65.3525
-63.633
-62.4356
-61.5555
-60.8693
-60.3017
-59.7981
-59.3215
-58.8269
-58.2714
-57.5645
-56.5249
-54.5208
-45.0332
15.9513
-25.3622
-69.2781
-79.6736
-79.8318
-79.817
-79.794
-79.7681
-79.7396
-79.7086
-79.6751
-79.6392
-79.6011
-79.5612
-79.5197
-79.477
-79.4335
-79.3896
-79.3457
-79.3022
-79.2594
-79.2176
-79.177
-79.1378
-79.1001
-79.064
-79.0294
-78.9965
-78.9652
-78.9353
-78.907
-78.88
-78.8544
-78.004
-73.3479
-69.3517
-66.351
-64.0422
-62.1901
-60.5825
-58.9718
-56.8682
-51.56
37.6759
-13.8881
-46.9487
-78.7834
-79.0918
-78.9855
-78.8623
-78.7275
-78.5809
-78.4229
-77.587
-75.5618
-74.3725

