-70
-69.8623
-69.7285
-69.5983
-69.4718
-69.3487
-69.2291
-69.1128
-68.9997
-68.8897
-68.7828
-68.6789
-68.5778
-68.4795
-68.3839
-68.291
-68.2007
-68.1128
-68.0274
-67.9443
-67.8636
-67.7851
-67.7087
-67.6345
-67.5623
-67.4921
-67.4238
-67.3574
-67.2929
-67.2301
-67.1691
-67.1098
-67.0521
-66.996
-66.9414
-66.8884
-66.8368
-66.7866
-66.7378
-66.6904
-66.6443
-66.5994
-66.5558
-66.5133
-66.4721
-66.432
-66.393
-66.355
-66.3181
-66.2823
-66.2474
-66.2134
-66.1805
-66.1484
-66.1172
-66.0868
-66.0573
-66.0286
-66.0007
-65.9736
-65.9472
-65.9215
-65.8966
-65.8723
-65.8487
-65.8257
-65.8034
-65.7817
-65.7606
-65.74
-65.72
-65.7006
-65.6817
-65.6633
-65.6455
-65.6281
-65.6112
-65.5948
-65.5788
-65.5632
-65.5481
-65.5334
-65.5191
-65.5052
-65.4917
-65.4785
-65.4657
-65.4533
-65.4412
-65.4294
-65.418
-65.4068
-65.396
-65.3855
-65.3752
-65.3653
-65.3556
-65.3462
-65.337
-65.3281
-65.3194
-65.311
-65.3028
-65.2948
-65.2871
-65.2795
-65.2722
-65.2651
-65.2581
-65.2514
-65.2448
-65.2385
-65.2322
-65.2262
-65.2203
-65.2146
-65.2091
-65.2037
-65.1984
-65.1933
-65.1884
-65.1835
-65.1788
-65.1743
-65.1698
-65.1655
-65.1613
-65.1572
-65.1532
-65.1493
-65.1456
-65.1419
-65.1384
-65.1349
-65.1315
-65.1283
-65.1251
-65.122
-65.119
-65.1161
-65.1132
-65.1104
-65.1077
-65.1051
-65.1026
-65.1001
-65.0977
-65.0953
-65.0931
-65.0908
-65.0887
-65.0866
-65.0845
-65.0826
-65.0806
-65.0788
-65.0769
-65.0752
-65.0734
-65.0718
-65.0701
-65.0685
-65.067
-65.0655
-65.064
-65.0626
-65.0612
-65.0599
-65.0586
-65.0573
-65.0561
-65.0549
-65.0537
-65.0526
-65.0514
-65.0504
-65.0493
-65.0483
-65.0473
-65.0464
-65.0454
-65.0445
-65.0436
-65.0428
-65.0419
-65.0411
-65.0403
-65.0395
-65.0388
-65.0381
-65.0374
-65.0367
-65.036
-65.0353
-65.0347
-65.0341
-65.0335
-65.0329
-65.0323
-65.0318
-65.0313
-65.0307
-65.0302
-65.0297
-65.0293
-65.0288
-65.0283
-65.0279
-65.0275
-65.027
-65.0266
-65.0262
-65.0259
-65.0255
-65.0251
-65.0248
-65.0244
-65.0241
-65.0238
-65.0234
-65.0231
-65.0228
-65.0225
-65.0223
-65.022
-65.0217
-65.0215
-65.0212
-65.021
-65.0207
-65.0205
-65.0203
-65.02
-65.0198
-65.0196
-65.0194
-65.0192
-65.019
-65.0188
-65.0187
-65.0185
-65.0183
-65.0181
-65.018
-65.0178
-65.0177
-65.0175
-65.0174
-65.0172
-65.0171
-65.017
-65.0168
-65.0167
-65.0166
-65.0165
-65.0163
-65.0162
-65.0161
-65.016
-65.0159
-65.0158
-65.0157
-65.0156
-65.0155
-65.0154
-65.0153
-65.0153
-65.0152
-65.0151
-65.015
-65.0149
-65.0149
-65.0148
-65.0147
-65.0147
-65.0146
-65.0145
-65.0145
-65.0144
-65.0143
-65.0143
-65.0142
-65.0142
-65.0141
-65.0141
-65.014
-65.014
-65.0139
-65.0139
-65.0138
-65.0138
-65.0137
-65.0137
-65.0137
-65.0136
-65.0136
-65.0135
-65.0135
-65.0135
-65.0134
-65.0134
-65.0134
-65.0133
-65.0133
-65.0133
-65.0133
-65.0132
-65.0132
-65.0132
-65.0131
-65.0131
-65.0131
-65.0131
-65.0131
-65.013
-65.013
-65.013
-65.013
-65.0129
-65.0129
-65.0129
-65.0129
-65.0129
-65.0129
-65.0128
-65.0128
-65.0128
-65.0128
-65.0128
-65.0128
-65.0127
-65.0127
-65.0127
-65.0127
-65.0127
-65.0127
-65.0127
-65.0127
-65.0126
-65.0126
-65.0126
-65.0126
-65.0126
-65.0126
-65.0126
-65.0126
-65.0126
-65.0126
-65.0125
-65.0125
-65.0125
-65.0125
-65.0125
-65.0125
-65.0125
-65.0125
-65.0125
-65.0125
-65.0125
-65.0125
-65.0125
-65.0124
-65.0124
-65.0124
-65.0124
-65.0124
-65.0124
-65.0124
-65.0124
-65.0124
-65.0124
-65.0124
-65.0124
-65.0124
-65.0124
-65.0124
-65.0124
-65.0124
-65.0124
-65.0124
-65.0124
-65.0124
-65.0124
-65.0124
-65.0123
-65.0123
-65.0123
-65.0123
-65.0123
-65.0123
-65.0123
-65.0123
-65.0123
-65.0123
-65.0123
-65.0123
-65.0123
-65.0123
-65.0123
-65.0123
-65.0123
-65.0123
-65.0123
-65.0123
-65.0123
-65.0123
-65.0123
-65.0123
-65.0123
-65.0123
-65.0123
-65.0123
-65.0123
-65.0123
-65.0123
-65.0123
-65.0123
-65.0123
-65.0123
-65.0123
-65.0123
-65.0123
-65.0123
-65.0123
-65.0123
-65.0123
-65.0123
-65.0123
-65.0123
-65.0123
-65.0123
-65.0123
-65.0123
-65.0123
-65.0123
-65.0123
-65.0123
-65.0123
-65.0123
-65.0123
-65.0123
-65.0123
-65.0123
-65.0123
-65.0123
-65.0123
-65.0123
-65.0123
-65.0123
-65.0123
-65.0123
-65.0123
-65.0123
-65.0123
-65.0123
-65.0123
-65.0123
-65.0123
-64.7043
-64.4515
-64.2637
-64.1299
-64.026
-63.943
-63.8763
-63.8231
-63.7811
-63.7486
-63.7241
-63.7065
-63.6948
-63.688
-63.6856
-63.6868
-63.6912
-63.6983
-63.7077
-63.7191
-63.7322
-63.7467
-63.7624
-63.7792
-63.7967
-63.8149
-63.8337
-63.8529
-63.8724
-63.8922
-63.9121
-63.9321
-63.9522
-63.9722
-63.9405
-63.8356
-63.7707
-63.7264
-63.699
-63.681
-63.6701
-63.6648
-63.6641
-63.6672
-63.6735
-63.6824
-63.6936
-63.7067
-63.7213
-63.7372
-63.7541
-63.7719
-63.7903
-63.4772
-63.2578
-63.0263
-62.34
-61.8615
-61.2177
-60.5865
-60.072
-59.2848
-58.6344
-58.0366
-57.5581
-57.1534
-56.8524
-56.6244
-56.2875
-55.9176
-55.5835
-55.1402
-54.8337
-54.5676
-54.3732
-54.2377
-54.149
-54.0969
-54.0751
-54.0643
-54.0147
-54.007
-54.0271
-54.0728
-54.0962
-54.1054
-54.1455
-54.1711
-54.1826
-54.2282
-54.2967
-54.3842
-54.485
-54.5965
-54.6891
-54.7841
-54.894
-55.0153
-55.1451
-55.2809
-55.4215
-55.566
-55.7135
-55.8633
-55.9904
-56.0984
-56.2203
-56.3499
-56.4854
-56.5507
-56.6047
-56.6838
-56.7795
-56.8863
-56.9853
-57.0512
-57.1374
-57.2208
-57.2229
-57.2611
-57.3204
-57.3978
-57.4248
-57.3837
-57.3907
-57.4247
-57.4808
-57.5127
-57.4656
-57.3765
-57.1945
-57.0441
-56.9249
-56.8175
-56.4925
-56.2079
-55.865
-55.5867
-55.3073
-55.0401
-54.6447
-54.1869
-53.6771
-53.2519
-52.9089
-52.6254
-52.3453
-52.1166
-51.8961
-51.7128
-51.5841
-51.5022
-51.4029
-51.3322
-51.2989
-51.298
-51.3228
-51.369
-51.4341
-51.5162
-51.6135
-51.7247
-51.8484
-51.9834
-52.1285
-52.2826
-52.4448
-52.6142
-52.7897
-52.9702
-53.1549
-53.3431
-53.5343
-53.7279
-53.9231
-54.1193
-54.316
-54.5129
-54.7095
-54.9055
-55.1003
-55.2937
-55.4855
-55.6755
-55.8636
-56.0493
-56.2325
-56.4132
-56.5912
-56.7666
-56.9391
-57.1088
-57.2753
-57.4389
-57.5995
-57.7571
-57.9116
-58.0631
-58.2115
-58.3569
-58.4992
-58.6386
-58.775
-58.9085
-59.0391
-59.1668
-59.2916
-59.4137
-59.533
-59.6496
-59.7635
-59.8749
-59.9837
-60.09
-60.1937
-60.295
-60.394
-60.4906
-60.5849
-60.677
-60.7669
-60.8547
-60.9404
-61.024
-61.082
-60.9989
-60.9645
-60.9554
-60.9683
-60.9887
-60.7742
-60.6045
-60.4933
-60.4293
-60.3156
-60.1217
-59.7599
-59.509
-59.3316
-59.0813
-58.7066
-58.1083
-57.4739
-56.7935
-56.2459
-55.8507
-55.3822
-55.0324
-54.6342
-54.2907
-54.047
-53.8757
-53.7591
-53.66
-53.5473
-53.4859
-53.4609
-53.4561
-53.4567
-53.4534
-53.2837
-53.166
-53.1081
-53.0999
-53.1239
-53.1492
-53.149
-53.1794
-53.2367
-53.3073
-53.3468
-53.4067
-53.4895
-53.5573
-53.6227
-53.6879
-53.773
-53.8391
-53.9326
-54.0425
-54.1666
-54.3007
-54.4427
-54.5913
-54.7452
-54.9032
-55.0574
-55.1749
-55.3016
-55.3975
-55.5155
-55.6446
-55.7828
-55.926
-56.0729
-56.2223
-56.3735
-56.5258
-56.6787
-56.8317
-56.9844
-57.1009
-57.211
-57.3171
-57.4096
-57.4965
-57.5548
-57.474
-57.2454
-57.1014
-56.9592
-56.8398
-56.7316
-56.599
-56.4654
-56.2544
-56.0592
-55.8897
-55.7797
-55.6063
-55.448
-55.3421
-55.2049
-55.0087
-54.8314
-54.5989
-54.1976
-53.7805
-53.3573
-53.077
-52.8845
-52.7335
-52.6135
-52.5234
-52.4771
-52.4648
-52.4559
-52.4539
-52.4079
-52.3814
-52.3953
-52.398
-52.3313
-52.3137
-52.3339
-52.3867
-52.4362
-52.4989
-52.584
-52.6876
-52.8061
-52.9368
-53.0777
-53.2275
-53.385
-53.549
-53.7185
-53.8925
-54.07
-54.2502
-54.4327
-54.6169
-54.8023
-54.9881
-55.1738
-55.3591
-55.5437
-55.7274
-55.9097
-56.0903
-56.2691
-56.4458
-56.6205
-56.7928
-56.9628
-57.1302
-57.2949
-57.4569
-57.6162
-57.7727
-57.9265
-58.0774
-58.2253
-58.3704
-58.5126
-58.652
-58.7885
-58.9222
-59.0531
-59.1811
-59.3064
-59.4289
-59.5488
-59.6659
-59.7805
-59.8925
-60.0019
-60.1088
-60.2133
-60.3153
-60.415
-60.5123
-60.6073
-60.7001
-60.7907
-60.8792
-60.9655
-61.0498
-61.1321
-61.2124
-61.2907
-61.3672
-61.4418
-61.5146
-61.5857
-61.655
-61.7227
-61.7887
-61.8531
-61.9159
-61.9772
-62.037
-62.0954
-62.1523
-62.18
-62.1844
-62.1995
-62.1724
-62.0079
-61.711
-61.5173
-61.1849
-60.87
-60.6471
-60.4735
-60.3078
-60.191
-60.1078
-60.0103
-59.9361
-59.8901
-59.7717
-58.7502
-57.7038
-56.9392
-56.4044
-55.9964
-55.5464
-55.217
-54.8783
-54.6116
-54.4167
-54.2508
-54.14
-54.0708
-54.0372
-54.0322
-54.0514
-54.065
-53.9131
-53.8184
-53.6263
-53.4466
-53.3435
-53.2959
-53.289
-53.3108
-53.3563
-53.4215
-53.5037
-53.6005
-53.658
-53.5972
-53.5471
-53.4866
-53.4862
-53.5212
-53.5554
-53.604
-53.6772
-53.7699
-53.878
-53.9981
-54.1283
-54.2359
-54.3455
-54.4704
-54.6069
-54.7516
-54.9022
-55.0573
-55.2158
-55.377
-55.5403
-55.705
-55.8706
-56.0365
-56.2022
-56.3675
-56.532
-56.6956
-56.8578
-57.0185
-57.1773
-57.3343
-57.476
-57.5811
-57.6588
-57.6976
-57.7587
-57.8383
-57.9309
-58.0308
-58.1355
-58.2437
-58.3544
-58.4387
-58.412
-58.4272
-58.4668
-58.4889
-58.3419
-58.1943
-58.1067
-57.9614
-57.7793
-57.6023
-57.4179
-57.2401
-56.9624
-56.6743
-56.3472
-56.0248
-55.7181
-55.2306
-54.6841
-54.2044
-53.8274
-53.5116
-53.284
-53.1212
-52.9747

