-70
-70.0758
-70.1508
-70.225
-70.2983
-70.3706
-70.4419
-70.5122
-70.5814
-70.6496
-70.7168
-70.7829
-70.848
-70.9121
-70.9752
-71.0373
-71.0984
-71.1586
-71.2178
-71.2761
-71.3334
-71.3899
-71.4455
-71.5003
-71.5543
-71.6074
-71.6598
-71.7114
-71.7623
-71.8124
-71.8619
-71.9106
-71.9587
-72.006
-72.0527
-72.0988
-72.1442
-72.1889
-72.2331
-72.2766
-72.3196
-72.362
-72.4038
-72.445
-72.4857
-72.5258
-72.5654
-72.6045
-72.6431
-72.6812
-72.7188
-72.756
-72.7927
-72.8289
-72.8647
-72.9
-72.9349
-72.9694
-73.0035
-73.0371
-73.0704
-73.1032
-73.1357
-73.1678
-73.1994
-73.2307
-73.2617
-73.2922
-73.3224
-73.3523
-73.3817
-73.4109
-73.4397
-73.4682
-73.4963
-73.5241
-73.5516
-73.5788
-73.6057
-73.6323
-73.6585
-73.6845
-73.7102
-73.7356
-73.7608
-73.7857
-73.8103
-73.8346
-73.8587
-73.8825
-73.9061
-73.9294
-73.9524
-73.9753
-73.9979
-74.0202
-74.0423
-74.0642
-74.0859
-74.1073
-74.1285
-74.1495
-74.1703
-74.1909
-74.2112
-74.2313
-74.2513
-74.271
-74.2905
-74.3098
-74.329
-74.3479
-74.3666
-74.3852
-74.4036
-74.4217
-74.4397
-74.4575
-74.4752
-74.4926
-74.5099
-74.527
-74.544
-74.5607
-74.5774
-74.5938
-74.6101
-74.6262
-74.6422
-74.658
-74.6736
-74.6891
-74.7045
-74.7197
-74.7347
-74.7496
-74.7644
-74.779
-74.7935
-74.8079
-74.8221
-74.8362
-74.8501
-74.864
-74.8777
-74.8913
-74.9047
-74.918
-74.9313
-74.9443
-74.9573
-74.9701
-74.9829
-74.9955
-75.008
-75.0204
-75.0327
-75.0448
-75.0569
-75.0688
-75.0806
-75.0924
-75.104
-75.1155
-75.1269
-75.1382
-75.1495
-75.1606
-75.1716
-75.1825
-75.1933
-75.204
-75.2147
-75.2252
-75.2356
-75.246
-75.2562
-75.2664
-75.2764
-75.2864
-75.2963
-75.3061
-75.3158
-75.3255
-75.335
-75.3445
-75.3538
-75.3631
-75.3724
-75.3815
-75.3906
-75.3995
-75.4084
-75.4172
-75.426
-75.4346
-75.4432
-75.4518
-75.4602
-75.4686
-75.4769
-75.4851
-75.4932
-75.5013
-75.5093
-75.5173
-75.5251
-75.533
-75.5407
-75.5484
-75.556
-75.5635
-75.571
-75.5784
-75.5858
-75.593
-75.6003
-75.6074
-75.6145
-75.6216
-75.6285
-75.6355
-75.6423
-75.6491
-75.6559
-75.6626
-75.6692
-75.6758
-75.6823
-75.6888
-75.6952
-75.7015
-75.7078
-75.7141
-75.7203
-75.7264
-75.7325
-75.7386
-75.7446
-75.7505
-75.7564
-75.7622
-75.768
-75.7738
-75.7795
-75.7851
-75.7907
-75.7963
-75.8018
-75.8072
-75.8127
-75.818
-75.8234
-75.8287
-75.8339
-75.8391
-75.8443
-75.8494
-75.8545
-75.8595
-75.8645
-75.8695
-75.8744
-75.8793
-75.8841
-75.8889
-75.8937
-75.8984
-75.9031
-75.9077
-75.9123
-75.9169
-75.9214
-75.9259
-75.9304
-75.9348
-75.9392
-75.9436
-75.9479
-75.9522
-75.9565
-75.9607
-75.9649
-75.969
-75.9731
-75.9772
-75.9813
-75.9853
-75.9893
-75.9933
-75.9972
-76.0011
-76.005
-76.0088
-76.0126
-76.0164
-76.0201
-76.0239
-76.0275
-76.0312
-76.0348
-76.0384
-76.042
-76.0456
-76.0491
-76.0526
-76.056
-76.0595
-76.0629
-76.0663
-76.0696
-76.0729
-76.0762
-76.0795
-76.0828
-76.086
-76.0892
-76.0924
-76.0955
-76.0986
-76.1017
-76.1048
-76.1079
-76.1109
-76.1139
-76.1169
-76.1198
-76.1228
-76.1257
-76.1286
-76.1314
-76.1343
-76.1371
-76.1399
-76.1427
-76.1455
-76.1482
-76.1509
-76.1536
-76.1563
-76.1589
-76.1615
-76.1642
-76.1667
-76.1693
-76.1719
-76.1744
-76.1769
-76.1794
-76.1819
-76.1843
-76.1868
-76.1892
-76.1916
-76.1939
-76.1963
-76.1986
-76.201
-76.2033
-76.2056
-76.2078
-76.2101
-76.2123
-76.2145
-76.2167
-76.2189
-76.2211
-76.2232
-76.2254
-76.2275
-76.2296
-76.2317
-76.2337
-76.2358
-76.2378
-76.2398
-76.2418
-76.2438
-76.2458
-76.2478
-76.2497
-76.2516
-76.2536
-76.2554
-76.2573
-76.2592
-76.2611
-76.2629
-76.2647
-76.2665
-76.2683
-76.2701
-76.2719
-76.2737
-76.2754
-76.2771
-76.2788
-76.2806
-76.2822
-76.2839
-76.2856
-76.2872
-76.2889
-76.2905
-76.2921
-76.2937
-76.2953
-76.2969
-76.2985
-76.3
-76.3016
-76.3031
-76.3046
-76.3061
-76.3076
-76.3091
-76.3106
-76.312
-76.3135
-76.3149
-76.3164
-76.3178
-76.3192
-76.3206
-76.322
-76.3233
-76.3247
-76.3261
-76.3274
-76.3287
-76.33
-76.3314
-76.3327
-76.334
-76.3352
-76.3365
-76.3378
-76.339
-76.3403
-76.3415
-76.3427
-76.3439
-76.3452
-76.3464
-76.3475
-76.3487
-76.3499
-76.351
-76.3522
-76.3533
-76.3545
-76.3556
-76.3567
-76.3578
-76.3589
-76.36
-76.3611
-76.3622
-76.3632
-76.3643
-76.3654
-76.3664
-76.3674
-76.3685
-76.3695
-76.3705
-76.3715
-76.3725
-76.3735
-76.3745
-76.3754
-76.3764
-76.3774
-76.3783
-76.3793
-76.3802
-76.3811
-76.382
-76.383
-76.3839
-76.3848
-76.3857
-76.3866
-76.3874
-76.3883
-76.3892
-76.39
-76.3909
-76.3917
-76.3926
-76.3934
-76.3943
-76.3951
-76.3959
-76.3967
-76.3975
-76.3983
-76.3991
-76.3999
-76.4007
-76.4014
-76.4022
-76.403
-76.4037
-76.4045
-76.4052
-76.406
-76.4067
-76.4074
-75.6458
-71.3644
-67.6835
-64.9104
-62.7495
-60.9512
-59.2514
-57.2021
-52.8667
43.9686
-9.01768
-40.3284
-78.3431
-78.9732
-78.8568
-78.7189
-78.5679
-78.4039
-78.2273
-78.0388
-76.9591
-74.8756
-73.6035
-72.7604
-72.0952
-71.519
-70.9971
-70.5157
-70.0694
-68.6477
-66.9611
-65.8061
-65.0042
-64.4629
-65.5239
-66.9763
-68.2409
-70.092
-71.5417
-72.2804
-71.4524
-69.9786
-69.2213
-68.8461
-68.6511
-68.548
-68.4952
-68.4721
-68.4676
-68.4756
-68.4926
-68.5165
-68.5459
-68.6067
-69.3021
-69.9439
-70.4104
-70.7571
-71.0216
-71.2284
-71.3938
-71.529
-71.642
-71.7381
-71.8215
-71.8951
-71.9611
-72.0212
-72.0766
-72.1282
-72.1769
-72.2233
-72.2676
-72.3104
-72.352
-72.3924
-72.4319
-72.4707
-72.1395
-68.5422
-65.3111
-62.8752
-60.9305
-59.1861
-57.2314
-53.7117
40.9118
-3.21104
-35.0066
-77.3408
-78.9001
-78.7888
-78.6439
-78.4849
-78.3126
-78.1273
-77.9298
-77.7211
-77.465
-77.063
-76.7557
-76.5092
-76.2868
-76.0737
-75.8935
-75.7458
-75.6673
-75.6426
-75.6205
-75.6129
-75.6252
-75.6426
-75.6468
-75.6702
-75.6837
-75.6878
-75.7009
-75.723
-75.7355
-75.7421
-75.7457
-75.7477
-75.7491
-75.7501
-75.751
-75.752
-75.7532
-75.7546
-75.7562
-75.758
-75.76
-75.7623
-75.7647
-75.7674
-75.7703
-75.7734
-75.7766
-75.78
-75.7835
-75.7872
-75.791
-75.7949
-75.7989
-75.803
-75.8072
-75.8115
-75.8158
-75.8202
-75.8247
-75.8292
-75.8337
-75.8382
-75.8428
-75.8474
-75.852
-75.8567
-75.8613
-75.8659
-75.8705
-75.8752
-75.8798
-75.8844
-75.889
-75.8936
-75.8981
-75.9026
-75.9072
-75.9117
-75.9161
-75.9206
-75.925
-75.9294
-75.9338
-75.9381
-75.9424
-75.9467
-75.951
-75.9552
-75.9594
-75.9636
-75.9677
-73.143
-69.0547
-65.9175
-63.5165
-61.5834
-59.8623
-58.0062
-55.0301
-22.0995
7.19799
-28.6464
-74.6465
-78.9957
-78.9173
-78.7863
-78.6418
-78.4845
-78.3146
-78.1327
-77.6796
-75.4535
-73.9515
-73.0213
-72.3184
-71.7222
-71.1871
-70.6951
-70.4622
-70.1284
-68.1823
-67.1562
-66.569
-66.1722
-66.2881
-66.8724
-67.3039
-68.4708
-69.926
-71.2171
-72.1903
-72.7171
-73.0046
-73.1714
-73.2738
-73.349
-73.5986
-73.8002
-73.932
-74.0216
-74.0851
-74.1321
-74.1683
-74.1972
-74.2212
-74.2418
-74.2602
-74.2769
-74.2925
-74.3074
-74.3218
-71.7354
-68.0883
-65.3905
-63.3934
-61.8395
-60.5324
-59.2928
-57.8806
-55.6789
-47.1409
22.5079
-21.7833
-63.7827
-79.6127
-79.7587
-79.7319
-79.6979
-79.6602
-79.6188
-79.5738
-79.5251
-78.7716
-75.5747
-73.5441
-72.2985
-71.4015
-70.6834
-70.0716
-69.5326
-69.05
-68.6153
-68.0048
-65.5008
-63.2552
-61.5251
-60.0656
-58.6472
-56.9175
-53.6035
35.8501
-3.27633
-35.1579
-77.3428
-78.7389
-78.5937
-78.4331
-78.2154
-77.9775
-77.769
-77.5598
-77.3262
-77.0399
-76.7938
-76.5646
-76.3211
-76.1106
-75.9241
-75.7776
-75.6777
-75.6308
-75.587
-75.5431
-75.5017
-75.4637
-75.4296
-75.3992
-75.3723
-75.3488
-75.3284
-75.3108
-75.2958
-75.2833
-75.2729
-75.2646
-75.258
-75.253
-75.2496
-75.265
-75.331
-75.3875
-75.4316
-75.4666
-75.5306
-75.5949
-75.6432
-75.6798
-75.7084
-75.7312
-75.7497
-75.765
-75.778
-75.7893
-75.7991
-75.8078
-75.8157
-75.823
-75.8297
-75.836
-75.8419
-75.8476
-75.853
-75.8583
-75.8634
-75.8684
-75.8733
-75.8781
-75.8829
-75.8876
-75.8922
-75.8968
-75.9013
-75.9058
-75.9103
-75.9147
-75.9191
-75.9235
-75.9279
-75.9322
-75.9365
-75.9408
-75.945
-75.9492
-75.9534
-75.9576
-75.9617
-75.9659
-75.9699
-75.974
-75.978
-75.982
-75.986
-75.99
-74.0324
-69.8173
-66.4939
-63.9678
-61.9613
-60.2223
-58.4399
-55.8939
-45.1344
19.609
-22.8204
-66.4828
-79.6414
-79.735
-78.7457
-78.073
-77.792
-77.5448
-77.2872
-77.0161
-76.7327
-76.4395
-76.0431
-73.5487
-71.4509
-70.0378
-68.9954
-68.1706
-67.4877
-66.9065
-66.4042
-65.967
-63.9427
-61.8175
-60.0862
-58.4653
-56.6669
-55.5102
-52.317
44.8083
-9.57138
-41.2525
-78.1083
-78.8376
-78.6463
-78.4262
-78.2189
-77.9991
-77.6707
-77.4269
-77.2213
-77.0238
-76.8297
-76.6391
-76.4533
-76.2711
-76.0854
-75.9248
-75.7838
-75.6577
-75.5442
-75.4419
-75.3497
-75.2669
-75.193
-75.1272
-75.0691
-75.0179
-74.9733
-74.9346
-74.9014
-74.8731
-74.8494
-74.8297
-74.8137
-74.8011
-74.7914
-74.7844
-74.7798
-74.7773
-74.7768
-74.7778
-74.7804
-74.7843
-74.7893
-74.7954
-74.8023
-74.81
-74.8184
-74.8274
-74.8369
-74.8468
-74.8571
-74.4643
-70.4959
-66.9194
-64.2253
-62.115
-60.3212
-58.5319
-56.0881
-47.5968
24.1048
-20.8633
-61.9874
-79.5789
-79.22
-78.4686
-78.1998
-77.989
-77.7674
-77.5313
-77.2815
-77.0197
-76.7481
-75.9987
-73.3778
-71.4302

