-70
-70.0758
-70.1508
-70.225
-70.2983
-70.3706
-70.4419
-70.5122
-70.5814
-70.6496
-70.7168
-70.7829
-70.848
-70.9121
-70.9752
-71.0373
-71.0984
-71.1586
-71.2178
-71.2761
-71.3334
-71.3899
-71.4455
-71.5003
-71.5543
-71.6074
-71.6598
-71.7114
-71.7623
-71.8124
-71.8619
-71.9106
-71.9587
-72.006
-72.0527
-72.0988
-72.1442
-72.1889
-72.2331
-72.2766
-72.3196
-72.362
-72.4038
-72.445
-72.4857
-72.5258
-72.5654
-72.6045
-72.6431
-72.6812
-72.7188
-72.756
-72.7927
-72.8289
-72.8647
-72.9
-72.9349
-72.9694
-73.0035
-73.0371
-73.0704
-73.1032
-73.1357
-73.1678
-73.1994
-73.2307
-73.2617
-73.2922
-73.3224
-73.3523
-73.3817
-73.4109
-73.4397
-73.4682
-73.4963
-73.5241
-73.5516
-73.5788
-73.6057
-73.6323
-73.6585
-73.6845
-73.7102
-73.7356
-73.7608
-73.7857
-73.8103
-73.8346
-73.8587
-73.8825
-73.9061
-73.9294
-73.9524
-73.9753
-73.9979
-74.0202
-74.0423
-74.0642
-74.0859
-74.1073
-74.1285
-74.1495
-74.1703
-74.1909
-74.2112
-74.2313
-74.2513
-74.271
-74.2905
-74.3098
-74.329
-74.3479
-74.3666
-74.3852
-74.4036
-74.4217
-74.4397
-74.4575
-74.4752
-74.4926
-74.5099
-74.527
-74.544
-74.5607
-74.5774
-74.5938
-74.6101
-74.6262
-74.6422
-74.658
-74.6736
-74.6891
-74.7045
-74.7197
-74.7347
-74.7496
-74.7644
-74.779
-74.7935
-74.8079
-74.8221
-74.8362
-74.8501
-74.864
-74.8777
-74.8913
-74.9047
-74.918
-74.9313
-74.9443
-74.9573
-74.9701
-74.9829
-74.9955
-75.008
-75.0204
-75.0327
-75.0448
-75.0569
-75.0688
-75.0806
-75.0924
-75.104
-75.1155
-75.1269
-75.1382
-75.1495
-75.1606
-75.1716
-75.1825
-75.1933
-75.204
-75.2147
-75.2252
-75.2356
-75.246
-75.2562
-75.2664
-75.2764
-75.2864
-75.2963
-75.3061
-75.3158
-75.3255
-75.335
-75.3445
-75.3538
-75.3631
-75.3724
-75.3815
-75.3906
-75.3995
-75.4084
-75.4172
-75.426
-75.4346
-75.4432
-75.4518
-75.4602
-75.4686
-75.4769
-75.4851
-75.4932
-75.5013
-75.5093
-75.5173
-75.5251
-75.533
-75.5407
-75.5484
-75.556
-75.5635
-75.571
-75.5784
-75.5858
-75.593
-75.6003
-75.6074
-75.6145
-75.6216
-75.6285
-75.6355
-75.6423
-75.6491
-75.6559
-75.6626
-75.6692
-75.6758
-75.6823
-75.6888
-75.6952
-75.7015
-75.7078
-75.7141
-75.7203
-75.7264
-75.7325
-75.7386
-75.7446
-75.7505
-75.7564
-75.7622
-75.768
-75.7738
-75.7795
-75.7851
-75.7907
-75.7963
-75.8018
-75.8072
-75.8127
-75.818
-75.8234
-75.8287
-75.8339
-75.8391
-75.8443
-75.8494
-75.8545
-75.8595
-75.8645
-75.8695
-75.8744
-75.8793
-75.8841
-75.8889
-75.8937
-75.8984
-75.9031
-75.9077
-75.9123
-75.9169
-75.9214
-75.9259
-75.9304
-75.9348
-75.9392
-75.9436
-75.9479
-75.9522
-75.9565
-75.9607
-75.9649
-75.969
-75.9731
-75.9772
-75.9813
-75.9853
-75.9893
-75.9933
-75.9972
-76.0011
-76.005
-76.0088
-76.0126
-76.0164
-76.0201
-76.0239
-76.0275
-76.0312
-76.0348
-76.0384
-76.042
-76.0456
-76.0491
-76.0526
-76.056
-76.0595
-76.0629
-76.0663
-76.0696
-76.0729
-76.0762
-76.0795
-76.0828
-76.086
-76.0892
-76.0924
-76.0955
-76.0986
-76.1017
-76.1048
-76.1079
-76.1109
-76.1139
-76.1169
-76.1198
-76.1228
-76.1257
-76.1286
-76.1314
-76.1343
-76.1371
-76.1399
-76.1427
-76.1455
-76.1482
-76.1509
-76.1536
-76.1563
-76.1589
-76.1615
-76.1642
-76.1667
-76.1693
-76.1719
-76.1744
-76.1769
-76.1794
-76.1819
-76.1843
-76.1868
-76.1892
-76.1916
-76.1939
-76.1963
-76.1986
-76.201
-76.2033
-76.2056
-76.2078
-76.2101
-76.2123
-76.2145
-76.2167
-76.2189
-76.2211
-76.2232
-76.2254
-76.2275
-76.2296
-76.2317
-76.2337
-76.2358
-76.2378
-76.2398
-76.2418
-76.2438
-76.2458
-76.2478
-76.2497
-76.2516
-76.2536
-76.2554
-76.2573
-76.2592
-76.2611
-76.2629
-76.2647
-76.2665
-76.2683
-76.2701
-76.2719
-76.2737
-76.2754
-76.2771
-76.2788
-76.2806
-76.2822
-76.2839
-76.2856
-76.2872
-76.2889
-76.2905
-76.2921
-76.2937
-76.2953
-76.2969
-76.2985
-76.3
-76.3016
-76.3031
-76.3046
-76.3061
-76.3076
-76.3091
-76.3106
-76.312
-76.3135
-76.3149
-76.3164
-76.3178
-76.3192
-76.3206
-76.322
-76.3233
-76.3247
-76.3261
-76.3274
-76.3287
-76.33
-76.3314
-76.3327
-76.334
-76.3352
-76.3365
-76.3378
-76.339
-76.3403
-76.3415
-76.3427
-76.3439
-76.3452
-76.3464
-76.3475
-76.3487
-76.3499
-76.351
-76.3522
-76.3533
-76.3545
-76.3556
-76.3567
-76.3578
-76.3589
-76.36
-76.3611
-76.3622
-76.3632
-76.3643
-76.3654
-76.3664
-76.3674
-76.3685
-76.3695
-76.3705
-76.3715
-76.3725
-76.3735
-76.3745
-76.3754
-76.3764
-76.3774
-76.3783
-76.3793
-76.3802
-76.3811
-76.382
-76.383
-76.3839
-76.3848
-76.3857
-76.3866
-76.3874
-76.3883
-76.3892
-76.39
-76.3909
-76.3917
-76.3926
-76.3934
-76.3943
-76.3951
-76.3959
-76.3967
-76.3975
-76.3983
-76.3991
-76.3999
-76.4007
-76.4014
-76.4022
-76.403
-76.4037
-76.4045
-76.4052
-76.406
-76.4067
-76.4074
-76.4082
-76.4089
-76.4096
-76.4103
-76.411
-76.4117
-76.4124
-76.4131
-76.4137
-76.4144
-76.4151
-76.4158
-76.4164
-76.4171
-76.4177
-76.4184
-76.419
-76.4196
-76.4203
-76.4209
-76.4215
-76.4221
-76.4227
-76.4234
-76.424
-76.4246
-76.4251
-76.4257
-76.4263
-76.4269
-76.4275
-76.428
-76.4286
-76.418
-76.375
-76.3379
-76.3089
-76.286
-76.2678
-76.2532
-76.2415
-76.232
-76.2245
-76.2184
-76.2136
-76.2098
-76.2068
-76.2046
-76.203
-76.2019
-76.2013
-76.201
-76.2011
-76.2014
-76.202
-76.2028
-76.2038
-76.2049
-76.2061
-76.2075
-76.2089
-76.2105
-76.2121
-76.2138
-76.2155
-76.2172
-76.219
-76.2209
-76.2227
-76.2246
-76.2265
-76.2284
-76.2303
-76.2322
-76.2342
-76.2361
-76.238
-76.2399
-76.2419
-76.2438
-76.2457
-76.2476
-76.2495
-76.2514
-76.2533
-76.2551
-76.257
-76.2588
-76.2607
-76.2625
-76.2643
-76.2661
-76.2679
-76.2697
-76.2714
-76.2732
-76.2749
-76.2766
-76.2784
-76.2801
-76.2817
-76.2834
-76.2651
-76.2409
-76.2216
-76.2066
-76.1947
-76.1853
-76.1662
-76.1439
-76.1273
-76.115
-76.1058
-76.099
-76.094
-76.0903
-76.0802
-76.0647
-76.0527
-76.045
-76.04
-76.0368
-76.0349
-76.0339
-76.0335
-76.0336
-76.0342
-76.0351
-76.0362
-76.0376
-76.0391
-76.0409
-76.0427
-76.0447
-76.0468
-76.049
-76.0513
-76.0537
-76.0562
-76.0587
-76.0613
-76.0639
-76.0666
-76.0693
-76.0721
-76.0749
-76.0777
-76.0805
-76.0834
-76.0862
-76.0891
-76.092
-76.0949
-76.0978
-76.1007
-76.1036
-76.1065
-76.1093
-76.1122
-76.1151
-76.1179
-76.1208
-76.1236
-76.1265
-76.1293
-76.1321
-76.1348
-76.1376
-76.1404
-76.1431
-76.1458
-76.1485
-76.1512
-76.1539
-76.1565
-76.1591
-76.1617
-76.1643
-76.1669
-76.1695
-76.172
-76.1745
-76.177
-76.1795
-76.182
-76.1844
-76.1868
-76.1893
-76.1916
-76.194
-76.1964
-76.1987
-76.201
-76.2033
-76.2056
-76.2079
-76.2101
-76.2124
-76.2146
-76.2168
-76.219
-76.2211
-76.2233
-76.2254
-76.2275
-76.2296
-76.2317
-76.2338
-76.2358
-76.2379
-76.2399
-76.2296
-76.2092
-76.1926
-76.1797
-76.1696
-76.1618
-76.1556
-76.1509
-76.1473
-76.1446
-76.1427
-76.1414
-76.1407
-76.1404
-76.1405
-76.1409
-76.1417
-76.1426
-76.1438
-76.1451
-76.1466
-76.1482
-76.15
-76.1518
-76.1537
-76.1557
-76.1578
-76.1599
-76.162
-76.1642
-76.1664
-76.1687
-76.1709
-76.1732
-76.1755
-76.1778
-76.1801
-76.1824
-76.1847
-76.187
-76.1893
-76.1916
-76.1939
-76.1962
-76.1985
-76.2007
-76.203
-76.2052
-76.2074
-76.2097
-76.2119
-76.2141
-76.2162
-76.2184
-76.2205
-76.2227
-76.2248
-76.2269
-76.229
-76.2311
-76.2331
-76.2352
-76.2372
-76.2392
-76.2412
-76.2432
-76.2452
-76.2472
-76.2491
-76.251
-76.253
-76.2549
-76.2567
-76.2586
-76.2605
-76.2623
-76.2642
-76.266
-76.2616
-76.2391
-76.2195
-76.2042
-76.1921
-76.1826
-76.1751
-76.1693
-76.1647
-76.1612
-76.1586
-76.1562
-76.1409
-76.1264
-76.1155
-76.1074
-76.1013
-76.0968
-76.0936
-76.0913
-76.0898
-76.089
-76.0887
-76.0888
-76.0893
-76.0901
-76.0912
-76.0925
-76.094
-76.0957
-76.0975
-76.0994
-76.1015
-76.1036
-76.1059
-76.1082
-76.1105
-76.1129
-76.1143
-76.1057
-76.0976
-76.0916
-76.0872
-76.084
-76.0818
-76.0805
-76.0797
-76.0795
-76.0797
-76.0803
-76.0812
-76.0823
-76.0837
-76.0852
-76.087
-76.0888
-76.0908
-76.093
-76.0952
-76.0974
-76.0998
-76.1022
-76.1047
-76.1072
-76.1097
-76.1123
-76.1149
-76.1175
-76.1201
-76.1228
-76.1255
-76.1281
-76.1308
-76.1335
-76.1361
-76.1388
-76.1415
-76.1441
-76.1467
-76.1494
-76.152
-76.1546
-76.1572
-76.1598
-76.1624
-76.1649
-76.1675
-76.17
-76.1725
-76.175
-76.1775
-76.18
-76.1824
-76.1848
-76.1873
-76.1897
-76.192
-76.1944
-76.1967
-76.1991
-76.2014
-76.2037
-76.206
-76.2082
-76.2105
-76.2127
-76.2149
-76.2171
-76.2193
-76.2214
-76.2236
-76.2257
-76.2278
-76.2299
-76.232
-76.2341
-76.2361
-76.2381
-76.2402
-76.2422
-76.2441
-76.2461
-76.2481
-76.25
-76.2511
-76.2314
-76.2113
-76.1955
-76.1832
-76.1735
-76.1659
-76.16
-76.1554
-76.1519
-76.1494
-76.1475
-76.1463
-76.1456
-76.1453
-76.1455
-76.1459
-76.1466
-76.1476
-76.1487
-76.1501
-76.1516
-76.1532
-76.1549
-76.1567
-76.1586
-76.1606
-76.1626
-76.1647
-76.1668
-76.169
-76.1712
-76.1734
-76.1756
-76.1779
-76.1801
-76.1824
-76.1847
-76.1869
-76.1892
-76.1915
-76.1938
-76.196
-76.1983
-76.2005
-76.2028
-76.205
-76.2072
-76.2094
-76.2116
-76.2138
-76.216
-76.2182
-76.2203
-76.2224
-76.2246
-76.2267
-76.2288
-76.2308
-76.2329
-76.2349
-76.237
-76.239
-76.241
-76.243
-76.245
-76.2469
-76.2489
-76.2508
-76.2527
-76.2546
-76.2565
-76.2584
-76.2602
-76.2621
-76.2639
-76.2657
-76.2675

