-70
-70.0758
-70.1508
-70.225
-70.2983
-70.3706
-70.4419
-70.5122
-70.5814
-70.6496
-70.7168
-70.7829
-70.848
-70.9121
-70.9752
-71.0373
-71.0984
-71.1586
-71.2178
-71.2761
-71.3334
-71.3899
-71.4455
-71.5003
-71.5543
-71.6074
-71.6598
-71.7114
-71.7623
-71.8124
-71.8619
-71.9106
-71.9587
-72.006
-72.0527
-72.0988
-72.1442
-72.1889
-72.2331
-72.2766
-72.3196
-72.362
-72.4038
-72.445
-72.4857
-72.5258
-72.5654
-72.6045
-72.6431
-72.6812
-72.7188
-72.756
-72.7927
-72.8289
-72.8647
-72.9
-72.9349
-72.9694
-73.0035
-73.0371
-73.0704
-73.1032
-73.1357
-73.1678
-73.1994
-73.2307
-73.2617
-73.2922
-73.3224
-73.3523
-73.3817
-73.4109
-73.4397
-73.4682
-73.4963
-73.5241
-73.5516
-73.5788
-73.6057
-73.6323
-73.6585
-73.6845
-73.7102
-73.7356
-73.7608
-73.7857
-73.8103
-73.8346
-73.8587
-73.8825
-73.9061
-73.9294
-73.9524
-73.9753
-73.9979
-74.0202
-74.0423
-74.0642
-74.0859
-74.1073
-74.1285
-74.1495
-74.1703
-74.1909
-74.2112
-74.2313
-74.2513
-74.271
-74.2905
-74.3098
-74.329
-74.3479
-74.3666
-74.3852
-74.4036
-74.4217
-74.4397
-74.4575
-74.4752
-74.4926
-74.5099
-74.527
-74.544
-74.5607
-74.5774
-74.5938
-74.6101
-74.6262
-74.6422
-74.658
-74.6736
-74.6891
-74.7045
-74.7197
-74.7347
-74.7496
-74.7644
-74.779
-74.7935
-74.8079
-74.8221
-74.8362
-74.8501
-74.864
-74.8777
-74.8913
-74.9047
-74.918
-74.9313
-74.9443
-74.9573
-74.9701
-74.9829
-74.9955
-75.008
-75.0204
-75.0327
-75.0448
-75.0569
-75.0688
-75.0806
-75.0924
-75.104
-75.1155
-75.1269
-75.1382
-75.1495
-75.1606
-75.1716
-75.1825
-75.1933
-75.204
-75.2147
-75.2252
-75.2356
-75.246
-75.2562
-75.2664
-75.2764
-75.2864
-75.2963
-75.3061
-75.3158
-75.3255
-75.335
-75.3445
-75.3538
-75.3631
-75.3724
-75.3815
-75.3906
-75.3995
-75.4084
-75.4172
-75.426
-75.4346
-75.4432
-75.4518
-75.4602
-75.4686
-75.4769
-75.4851
-75.4932
-75.5013
-75.5093
-75.5173
-75.5251
-75.533
-75.5407
-75.5484
-75.556
-75.5635
-75.571
-75.5784
-75.5858
-75.593
-75.6003
-75.6074
-75.6145
-75.6216
-75.6285
-75.6355
-75.6423
-75.6491
-75.6559
-75.6626
-75.6692
-75.6758
-75.6823
-75.6888
-75.6952
-75.7015
-75.7078
-75.7141
-75.7203
-75.7264
-75.7325
-75.7386
-75.7446
-75.7505
-75.7564
-75.7622
-75.768
-75.7738
-75.7795
-75.7851
-75.7907
-75.7963
-75.8018
-75.8072
-75.8127
-75.818
-75.8234
-75.8287
-75.8339
-75.8391
-75.8443
-75.8494
-75.8545
-75.8595
-75.8645
-75.8695
-75.8744
-75.8793
-75.8841
-75.8889
-75.8937
-75.8984
-75.9031
-75.9077
-75.9123
-75.9169
-75.9214
-75.9259
-75.9304
-75.9348
-75.9392
-75.9436
-75.9479
-75.9522
-75.9565
-75.9607
-75.9649
-75.969
-75.9731
-75.9772
-75.9813
-75.9853
-75.9893
-75.9933
-75.9972
-76.0011
-76.005
-76.0088
-76.0126
-76.0164
-76.0201
-76.0239
-76.0275
-76.0312
-76.0348
-76.0384
-76.042
-76.0456
-76.0491
-76.0526
-76.056
-76.0595
-76.0629
-76.0663
-76.0696
-76.0729
-76.0762
-76.0795
-76.0828
-76.086
-76.0892
-76.0924
-76.0955
-76.0986
-76.1017
-76.1048
-76.1079
-76.1109
-76.1139
-76.1169
-76.1198
-76.1228
-76.1257
-76.1286
-76.1314
-76.1343
-76.1371
-76.1399
-76.1427
-76.1455
-76.1482
-76.1509
-76.1536
-76.1563
-76.1589
-76.1615
-76.1642
-76.1667
-76.1693
-76.1719
-76.1744
-76.1769
-76.1794
-76.1819
-76.1843
-76.1868
-76.1892
-76.1916
-76.1939
-76.1963
-76.1986
-76.201
-76.2033
-76.2056
-76.2078
-76.2101
-76.2123
-76.2145
-76.2167
-76.2189
-76.2211
-76.2232
-76.2254
-76.2275
-76.2296
-76.2317
-76.2337
-76.2358
-76.2378
-76.2398
-76.2418
-76.2438
-76.2458
-76.2478
-76.2497
-76.2516
-76.2536
-76.2554
-76.2573
-76.2592
-76.2611
-76.2629
-76.2647
-76.2665
-76.2683
-76.2701
-76.2719
-76.2737
-76.2754
-76.2771
-76.2788
-76.2806
-76.2822
-76.2839
-76.2856
-76.2872
-76.2889
-76.2905
-76.2921
-76.2937
-76.2953
-76.2969
-76.2985
-76.3
-76.3016
-76.3031
-76.3046
-76.3061
-76.3076
-76.3091
-76.3106
-76.312
-76.3135
-76.3149
-76.3164
-76.3178
-76.3192
-76.3206
-76.322
-76.3233
-76.3247
-76.3261
-76.3274
-76.3287
-76.33
-76.3314
-76.3327
-76.334
-76.3352
-76.3365
-76.3378
-76.339
-76.3403
-76.3415
-76.3427
-76.3439
-76.3452
-76.3464
-76.3475
-76.3487
-76.3499
-76.351
-76.3522
-76.3533
-76.3545
-76.3556
-76.3567
-76.3578
-76.3589
-76.36
-76.3611
-76.3622
-76.3632
-76.3643
-76.3654
-76.3664
-76.3674
-76.3685
-76.3695
-76.3705
-76.3715
-76.3725
-76.3735
-76.3745
-76.3754
-76.3764
-76.3774
-76.3783
-76.3793
-76.3802
-76.3811
-76.382
-76.383
-76.3839
-76.3848
-76.3857
-76.3866
-76.3874
-76.3883
-76.3892
-76.39
-76.3909
-76.3917
-76.3926
-76.3934
-76.3943
-76.3951
-76.3959
-76.3967
-76.3975
-76.3983
-76.3991
-76.3999
-76.4007
-76.4014
-76.4022
-76.403
-76.4037
-76.4045
-76.4052
-73.0945
-69.0255
-65.9295
-63.5553
-61.6413
-59.9385
-58.1125
-55.246
-31.2515
9.69463
-27.3558
-73.7447
-79.0249
-78.7511
-78.5907
-78.4241
-78.2434
-78.0487
-77.8404
-77.6198
-77.3884
-75.137
-73.2319
-72.0281
-71.1533
-70.4465
-69.8396
-69.3018
-68.8181
-68.3811
-67.9865
-67.6319
-67.3156
-67.0358
-66.7911
-66.58
-66.4009
-66.2515
-64.728
-63.3423
-62.9648
-63.5091
-63.9497
-64.2712
-64.5161
-64.7112
-64.8736
-65.0148
-65.142
-65.2601
-65.9527
-67.0384
-67.8641
-68.4799
-68.9496
-69.3157
-69.6071
-69.8437
-70.0393
-70.2041
-70.3453
-70.4682
-70.5769
-70.6744
-70.7631
-69.9324
-66.6022
-63.8882
-61.8461
-60.1918
-58.6659
-56.9098
-54.8846
-50.1033
33.2312
-17.5599
-53.4743
-79.2804
-79.6445
-79.6106
-79.563
-79.5103
-77.7342
-76.316
-75.6477
-75.1735
-74.7492
-74.3409
-73.9409
-73.5491
-73.1676
-71.6678
-68.9852
-66.9788
-65.5159
-64.3989
-63.5121
-62.7835
-62.1652
-61.6257
-59.9919
-57.8172
-54.9318
-40.3892
11.5564
-26.791
-71.9652
-79.3537
-79.3644
-79.1622
-78.8497
-78.6895
-78.5583
-78.4256
-78.289
-78.1419
-77.8614
-77.6396
-77.465
-77.3122
-77.1721
-77.0416
-76.9196
-76.7573
-76.5956
-76.4672
-76.3625
-76.2749
-76.2003
-76.1362
-76.0807
-76.0324
-75.9905
-75.954
-75.9224
-75.895
-75.8715
-75.8512
-75.834
-75.8193
-75.8071
-75.7969
-75.7885
-75.7819
-75.7766
-75.7727
-75.7698
-75.768
-75.7671
-75.7669
-75.7675
-75.7686
-75.7703
-75.7724
-75.7749
-75.7778
-75.781
-75.7845
-75.7881
-75.792
-75.796
-75.8002
-75.8045
-75.809
-75.8135
-75.818
-75.8227
-75.8273
-75.832
-75.8368
-75.8415
-75.8463
-75.8511
-75.8559
-75.8606
-75.8654
-75.8702
-75.8749
-75.8796
-75.8843
-75.889
-73.0725
-68.9958
-65.8674
-63.4724
-61.5423
-59.8194
-57.9509
-54.9129
-14.9237
5.8815
-29.2923
-75.4745
-79.0201
-78.725
-78.5609
-78.3912
-78.2075
-78.0095
-77.7981
-77.5744
-77.3399
-75.2708
-73.2358
-71.9451
-71.0203
-70.2827
-69.6559
-69.1049
-68.6123
-67.9704
-65.6135
-63.5016
-61.8873
-60.555
-59.3274
-58.0014
-57.0037
-56.7328
-57.7368
-59.7272
-60.6613
-60.642
-60.5913
-60.5601
-60.5454
-60.5458
-60.5605
-60.5893
-61.8881
-63.2888
-64.3509
-65.1508
-65.7627
-66.24
-66.6202
-66.9293
-67.186
-67.4037
-67.5918
-67.7575
-67.9058
-68.0407
-68.1652
-68.2815
-68.3914
-68.4961
-68.5967
-69.2093
-69.9468
-70.5336
-70.0835
-67.1122
-64.7847
-63.1403
-61.9274
-60.9842
-60.2029
-59.5042
-58.8179
-58.066
-57.1079
-55.586
-51.6681
43.0436
-12.6983
-44.7323
-78.8875
-79.7912
-78.8146
-77.9314
-77.593
-77.3226
-77.047
-76.7593
-76.4603
-76.1525
-75.8388
-74.1132
-71.6016
-69.8535
-68.6036
-67.6449
-66.873
-66.2315
-65.6878
-65.2218
-64.8205
-64.4038
-62.2935
-60.1743
-58.2586
-55.9278
-51.9619
44.5496
-9.65291
-41.0347
-78.5615
-79.3726
-79.2578
-79.1656
-79.0729
-78.974
-78.869
-78.7583
-78.643
-78.5238
-78.2715
-78.0089
-77.8112
-77.6476
-77.5033
-77.3722
-77.2515
-77.1398
-77.0366
-76.9415
-76.8541
-76.7741
-76.7012
-76.6352
-76.5755
-76.5218
-76.4737
-76.4308
-76.3926
-76.3588
-76.3289
-76.3026
-76.2795
-76.2594
-76.2419
-76.2267
-76.2136
-76.2023
-76.1928
-76.1846
-76.1778
-76.1722
-76.1675
-76.1638
-76.1608
-76.1585
-76.1569
-76.1558
-76.1551
-76.1548
-76.1549
-76.1554
-76.156
-76.157
-76.1581
-76.1594
-76.1609
-76.1624
-76.1642
-76.166
-76.1678
-76.1698
-76.1718
-76.1739
-76.176
-76.1781
-76.1803
-76.1825
-76.1847
-76.1869
-76.1891
-76.1914
-76.1936
-76.1958
-76.1981
-76.2003
-76.2025
-76.2048
-76.207
-76.2092
-76.2114
-76.2135
-76.2157
-76.2179
-76.22
-76.2221
-73.3649
-69.2315
-66.0608
-63.6367
-61.6904
-59.9687
-58.1356
-55.2875
-33.0106
10.2771
-27.073
-73.4219
-78.9935
-78.763
-78.6078
-78.4432
-78.2645
-78.0718
-77.8658
-77.6474
-77.4183
-75.1495
-73.2337
-72.0251
-71.1479
-70.4397
-69.8319
-69.2934
-68.8091
-68.3715
-66.5828
-64.2116
-62.3821
-60.9186
-59.6221
-58.2883
-57.3764
-57.3232
-57.3822
-59.0767
-61.0993
-62.1818
-61.6984
-61.228
-60.8886
-61.5703
-63.7447
-65.442
-66.5126
-67.2072
-67.6763
-68.006
-68.2469
-68.4301
-68.5748
-68.6934
-68.7942
-68.8827
-68.9628
-69.0369
-69.1071
-69.1747
-69.2405
-69.3053
-69.3695
-69.4335
-69.4976
-69.5617
-69.6261
-69.6907
-69.7555
-69.8205
-69.8857
-69.9511
-70.0164
-70.0818
-70.1471
-70.2123
-70.2772
-70.342
-70.4064
-70.4705
-70.5342
-70.5975
-70.6604
-70.7228
-70.7846
-70.8459
-70.9065
-70.9666
-69.3802
-65.8967
-63.1395
-60.9789
-59.0869
-57.0127
-53.2625
44.3426
-5.86656
-37.1603
-77.9985
-78.8202
-78.6047
-78.4363
-78.2555
-78.0602
-77.8508
-77.6284
-77.3943
-76.8852
-74.4021

