-70
-70.0758
-70.1508
-70.225
-70.2983
-70.3706
-70.4419
-70.5122
-70.5814
-70.6496
-70.7168
-70.7829
-70.848
-70.9121
-70.9752
-71.0373
-71.0984
-71.1586
-71.2178
-71.2761
-71.3334
-71.3899
-71.4455
-71.5003
-71.5543
-71.6074
-71.6598
-71.7114
-71.7623
-71.8124
-71.8619
-71.9106
-71.9587
-72.006
-72.0527
-72.0988
-72.1442
-72.1889
-72.2331
-72.2766
-72.3196
-72.362
-72.4038
-72.445
-72.4857
-72.5258
-72.5654
-72.6045
-72.6431
-72.6812
-72.7188
-72.756
-72.7927
-72.8289
-72.8647
-72.9
-72.9349
-72.9694
-73.0035
-73.0371
-73.0704
-73.1032
-73.1357
-73.1678
-73.1994
-73.2307
-73.2617
-73.2922
-73.3224
-73.3523
-73.3817
-73.4109
-73.4397
-73.4682
-73.4963
-73.5241
-73.5516
-73.5788
-73.6057
-73.6323
-73.6585
-73.6845
-73.7102
-73.7356
-73.7608
-73.7857
-73.8103
-73.8346
-73.8587
-73.8825
-73.9061
-73.9294
-73.9524
-73.9753
-73.9979
-74.0202
-74.0423
-74.0642
-74.0859
-74.1073
-74.1285
-74.1495
-74.1703
-74.1909
-74.2112
-74.2313
-74.2513
-74.271
-74.2905
-74.3098
-74.329
-74.3479
-74.3666
-74.3852
-74.4036
-74.4217
-74.4397
-74.4575
-74.4752
-74.4926
-74.5099
-74.527
-74.544
-74.5607
-74.5774
-74.5938
-74.6101
-74.6262
-74.6422
-74.658
-74.6736
-74.6891
-74.7045
-74.7197
-74.7347
-74.7496
-74.7644
-74.779
-74.7935
-74.8079
-74.8221
-74.8362
-74.8501
-74.864
-74.8777
-74.8913
-74.9047
-74.918
-74.9313
-74.9443
-74.9573
-74.9701
-74.9829
-74.9955
-75.008
-75.0204
-75.0327
-75.0448
-75.0569
-75.0688
-75.0806
-75.0924
-75.104
-75.1155
-75.1269
-75.1382
-75.1495
-75.1606
-75.1716
-75.1825
-75.1933
-75.204
-75.2147
-75.2252
-75.2356
-75.246
-75.2562
-75.2664
-75.2764
-75.2864
-75.2963
-75.3061
-75.3158
-75.3255
-75.335
-75.3445
-75.3538
-75.3631
-75.3724
-75.3815
-75.3906
-75.3995
-75.4084
-75.4172
-75.426
-75.4346
-75.4432
-75.4518
-75.4602
-75.4686
-75.4769
-75.4851
-75.4932
-75.5013
-75.5093
-75.5173
-75.5251
-75.533
-75.5407
-75.5484
-75.556
-75.5635
-75.571
-75.5784
-75.5858
-75.593
-75.6003
-75.6074
-75.6145
-75.6216
-75.6285
-75.6355
-75.6423
-75.6491
-75.6559
-75.6626
-75.6692
-75.6758
-75.6823
-75.6888
-75.6952
-75.7015
-75.7078
-75.7141
-75.7203
-75.7264
-75.7325
-75.7386
-75.7446
-75.7505
-75.7564
-75.7622
-75.768
-75.7738
-75.7795
-75.7851
-75.7907
-75.7963
-75.8018
-75.8072
-75.8127
-75.818
-75.8234
-75.8287
-75.8339
-75.8391
-75.8443
-75.8494
-75.8545
-75.8595
-75.8645
-75.8695
-75.8744
-75.8793
-75.8841
-75.8889
-75.8937
-75.8984
-75.9031
-75.9077
-75.9123
-75.9169
-75.9214
-75.9259
-75.9304
-75.9348
-75.9392
-75.9436
-75.9479
-75.9522
-75.9565
-75.9607
-75.9649
-75.969
-75.9731
-75.9772
-75.9813
-75.9853
-75.9893
-75.9933
-75.9972
-76.0011
-76.005
-76.0088
-76.0126
-76.0164
-76.0201
-76.0239
-76.0275
-76.0312
-76.0348
-76.0384
-76.042
-76.0456
-76.0491
-76.0526
-76.056
-76.0595
-76.0629
-76.0663
-76.0696
-76.0729
-76.0762
-76.0795
-76.0828
-76.086
-76.0892
-76.0924
-76.0955
-76.0986
-76.1017
-76.1048
-76.1079
-76.1109
-76.1139
-76.1169
-76.1198
-76.1228
-76.1257
-76.1286
-76.1314
-76.1343
-76.1371
-76.1399
-76.1427
-76.1455
-76.1482
-76.1509
-76.1536
-76.1563
-76.1589
-76.1615
-76.1642
-76.1667
-76.1693
-76.1719
-76.1744
-76.1769
-76.1794
-76.1819
-76.1843
-76.1868
-76.1892
-76.1916
-76.1939
-76.1963
-76.1986
-76.201
-76.2033
-76.2056
-76.2078
-76.2101
-76.2123
-76.2145
-76.2167
-76.2189
-76.2211
-76.2232
-76.2254
-76.2275
-76.2296
-76.2317
-76.2337
-76.2358
-76.2378
-76.2398
-76.2418
-76.2438
-76.2458
-76.2478
-76.2497
-76.2516
-76.2536
-76.2554
-76.2573
-76.2592
-76.2611
-76.2629
-76.2647
-76.2665
-76.2683
-76.2701
-76.2719
-76.2737
-76.2754
-76.2771
-76.2788
-76.2806
-76.2822
-76.2839
-76.2856
-76.2872
-76.2889
-76.2905
-76.2921
-76.2937
-76.2953
-76.2969
-76.2985
-76.3
-76.3016
-76.3031
-76.3046
-76.3061
-76.3076
-76.3091
-76.3106
-76.312
-76.3135
-76.3149
-76.3164
-76.3178
-76.3192
-76.3206
-76.322
-76.3233
-76.3247
-76.3261
-76.3274
-76.3287
-76.33
-76.3314
-76.3327
-76.334
-76.3352
-76.3365
-76.3378
-76.339
-76.3403
-76.3415
-76.3427
-76.3439
-76.3452
-76.3464
-76.3475
-76.3487
-76.3499
-76.351
-76.3522
-76.3533
-76.3545
-76.3556
-76.3567
-76.3578
-76.3589
-76.36
-76.3611
-76.3622
-76.3632
-76.3643
-76.3654
-76.3664
-76.3674
-76.3685
-76.3695
-76.3705
-76.3715
-76.3725
-76.3735
-76.3745
-76.3754
-76.3764
-76.3774
-76.3783
-76.3793
-76.3802
-76.3811
-76.382
-76.383
-76.3839
-76.3848
-74.8282
-70.5201
-67.0513
-64.4239
-62.3561
-60.6007
-58.8768
-56.6354
-50.5571
33.4334
-16.2327
-51.469
-79.4443
-79.7444
-79.7174
-79.6815
-79.6415
-79.5976
-79.5496
-79.4977
-79.442
-79.3828
-79.3206
-79.2558
-79.1891
-75.8187
-72.1473
-69.6384
-67.8505
-66.5094
-65.4625
-64.619
-63.9221
-63.3336
-62.8285
-61.7601
-58.9566
-54.8485
-14.6851
4.12691
-30.1335
-75.1171
-78.8325
-78.7382
-77.8924
-77.0811
-75.4572
-74.5371
-73.9622
-73.4396
-72.9219
-72.4037
-71.8876
-71.3778
-70.8791
-70.396
-69.9327
-69.4927
-69.9578
-70.7309
-71.5439
-72.0418
-72.6113
-70.6247
-69.159
-68.4193
-68.0233
-68.2134
-68.8132
-69.6725
-68.5161
-66.5144
-65.4214
-64.8363
-65.0938
-65.782
-66.2251
-67.0841
-68.5161
-69.5374
-70.3645
-71.1219
-71.5589
-71.8143
-71.973
-72.0776
-72.1506
-72.2047
-72.247
-71.3886
-67.4382
-62.6314
-59.4759
-56.9341
-52.977
45.293
-7.03463
-38.0094
-78.007
-79.1638
-79.082
-78.9716
-78.8504
-78.7187
-78.577
-78.4258
-78.266
-75.9536
-73.4659
-70.873
-67.4663
-65.3508
-63.976
-62.9706
-62.1654
-61.4745
-60.1806
-58.0288
-55.1571
-41.839
12.8805
-26.0289
-70.4563
-78.7455
-78.705
-77.6448
-77.0239
-76.6134
-76.2791
-75.9668
-75.6668
-75.4292
-75.2002
-74.972
-74.8194
-74.6787
-74.5269
-74.3824
-74.4519
-74.5501
-74.6464
-74.6736
-74.6658
-74.6445
-74.6186
-74.5924
-74.5901
-74.6842
-74.7931
-74.9296
-75.0171
-75.0714
-75.1065
-75.1302
-75.1818
-75.2962
-75.4121
-75.4867
-75.535
-75.5678
-75.5909
-75.608
-75.621
-75.6314
-75.64
-75.6474
-75.6539
-75.6598
-75.6653
-75.6705
-75.6755
-75.6804
-75.6853
-75.6901
-75.6949
-75.6997
-75.7046
-75.7095
-75.7144
-75.7193
-75.7243
-75.7293
-75.7344
-75.7395
-75.7446
-75.7498
-75.7549
-75.7601
-75.7653
-75.7705
-75.7757
-75.781
-75.7862
-75.7914
-75.7966
-75.8018
-75.807
-75.8121
-75.8173
-75.8224
-75.8275
-75.8326
-75.8377
-75.8427
-75.8477
-73.0353
-66.7446
-61.0757
-56.6299
-45.0461
20.1638
-22.2989
-65.2799
-79.1066
-79.1186
-79.0115
-78.8918
-78.4789
-75.406
-73.687
-72.8822
-72.2628
-71.6846
-71.1206
-70.5676
-70.0281
-68.9541
-65.1722
-62.0609
-59.9974
-58.3291
-56.5146
-53.2398
31.31
-3.7866
-35.6714
-76.5731
-77.8283
-77.5838
-77.3035
-76.9925
-76.6719
-76.3861
-76.102
-74.4822
-73.0234
-70.8586
-69.0149
-68.2457
-68.8545
-69.3768
-69.4908
-69.4481
-69.3522
-69.2417
-69.1321
-69.0301
-68.9384
-68.8583
-68.79
-68.9033
-69.4676
-69.8998
-70.1985
-70.4122
-70.5704
-70.6917
-70.7879
-71.1253
-71.626
-72.0046
-72.2865
-71.2015
-67.9755
-65.6117
-63.9863
-62.1887
-59.08
-56.1035
-49.5343
29.8003
-18.6347
-55.7934
-78.9443
-79.1411
-79.0424
-78.9275
-78.802
-78.6661
-77.395
-75.2145
-74.0944
-73.3832
-72.8045
-70.8929
-67.9851
-66.0958
-64.8153
-63.8593
-62.318
-60.0775
-59.016
-58.8874
-58.0444
-56.2911
-53.1411
27.2768
-3.54094
-35.1632
-76.836
-78.1781
-77.9562
-77.7292
-77.3591
-75.6736
-74.9106
-74.5026
-74.1994
-73.9474
-73.7503
-73.5111
-73.2603
-73.0151
-72.8106
-72.8446
-72.8319
-72.9506
-73.0885
-73.1385
-73.2063
-73.4107
-73.7134
-73.9132
-74.0245
-74.0882
-74.1258
-74.1486
-74.163
-74.1726
-74.1797
-74.1854
-74.1908
-74.1961
-74.2018
-74.2081
-74.215
-74.2226
-74.2309
-74.2399
-74.2496
-74.2599
-74.2708
-74.2823
-74.2943
-74.3068
-74.3198
-74.3331
-74.3468
-74.3609
-74.3752
-74.3897
-74.4045
-74.4194
-74.4345
-74.4497
-74.465
-74.4804
-74.4959
-74.5114
-74.5269
-74.5424
-74.5579
-74.5734
-74.5888
-74.6043
-74.6196
-74.6349
-74.6501
-74.6652
-74.6803
-74.6952
-74.7101
-74.7248
-74.7395
-74.7541
-74.7685
-74.7829
-74.7971
-74.8113
-74.8253
-74.8392
-74.853
-74.8667
-74.8803
-71.7376
-67.8733
-64.9318
-62.6596
-60.7815
-59.0052
-56.8169
-51.6285
38.3189
-13.5847
-46.4633
-79.256
-79.7228
-79.6961
-78.247
-77.4272
-77.0676
-76.7538
-76.0927
-73.3803
-71.7707
-70.806
-70.0675
-69.4278
-68.844
-68.3013
-66.0643
-63.708
-60.6932
-58.018
-55.1229
-44.6549
16.5464
-24.5443
-68.2195
-78.3827
-78.1946
-77.0417
-76.4638
-76.0756
-75.6865
-75.2813
-74.8611
-74.434
-72.6868
-71.1327
-68.7119
-67.3162
-67.8043
-68.2946
-68.4003
-68.3612
-68.2731
-68.172
-68.0726
-67.1641
-65.4226
-63.1515
-63.9089
-65.3032
-65.9695
-66.9465
-68.0952
-68.7088
-68.9955
-69.1421
-69.2253
-69.2782
-69.3164
-69.3476
-69.3757
-69.4029
-69.4306
-69.4594
-69.4897
-69.5218
-69.5559
-69.5919
-69.6299
-69.6699
-69.7118
-69.7555
-69.8009
-69.8479
-69.8965
-69.9464
-69.9977
-70.0501
-70.1036
-70.158
-70.2132
-70.2691
-70.3255
-70.3825
-70.4399
-70.4975
-70.5554
-67.9297
-64.6946
-62.2173
-60.2199
-58.3555
-56.0259
-49.8183
30.6788
-18.3048
-54.7273
-78.6159
-78.7925
-78.6533
-78.4944
-77.0842
-75.8558
-75.2596
-74.532
-72.2169
-70.7265
-69.783
-69.0436
-68.3993
-66.5561
-64.4371
-62.9553
-61.7057
-59.4155

