-70
-70.0758
-70.1508
-70.225
-70.2983
-70.3706
-70.4419
-70.5122
-70.5814
-70.6496
-70.7168
-70.7829
-70.848
-70.9121
-70.9752
-71.0373
-71.0984
-71.1586
-71.2178
-71.2761
-71.3334
-71.3899
-71.4455
-71.5003
-71.5543
-71.6074
-71.6598
-71.7114
-71.7623
-71.8124
-71.8619
-71.9106
-71.9587
-72.006
-72.0527
-72.0988
-72.1442
-72.1889
-72.2331
-72.2766
-72.3196
-72.362
-72.4038
-72.445
-72.4857
-72.5258
-72.5654
-72.6045
-72.6431
-72.6812
-72.7188
-72.756
-72.7927
-72.8289
-72.8647
-72.9
-72.9349
-72.9694
-73.0035
-73.0371
-73.0704
-73.1032
-73.1357
-73.1678
-73.1994
-73.2307
-73.2617
-73.2922
-73.3224
-73.3523
-73.3817
-73.4109
-73.4397
-73.4682
-73.4963
-73.5241
-73.5516
-73.5788
-73.6057
-73.6323
-73.6585
-73.6845
-73.7102
-73.7356
-73.7608
-73.7857
-73.8103
-73.8346
-73.8587
-73.8825
-73.9061
-73.9294
-73.9524
-73.9753
-73.9979
-74.0202
-74.0423
-74.0642
-74.0859
-74.1073
-74.1285
-74.1495
-74.1703
-74.1909
-74.2112
-74.2313
-74.2513
-74.271
-74.2905
-74.3098
-74.329
-74.3479
-74.3666
-74.3852
-74.4036
-74.4217
-74.4397
-74.4575
-74.4752
-74.4926
-74.5099
-74.527
-74.544
-74.5607
-74.5774
-74.5938
-74.6101
-74.6262
-74.6422
-74.658
-74.6736
-74.6891
-74.7045
-74.7197
-74.7347
-74.7496
-74.7644
-74.779
-74.7935
-74.8079
-74.8221
-74.8362
-74.8501
-74.864
-74.8777
-74.8913
-74.9047
-74.918
-74.9313
-74.9443
-74.9573
-74.9701
-74.9829
-74.9955
-75.008
-75.0204
-75.0327
-75.0448
-75.0569
-75.0688
-75.0806
-75.0924
-75.104
-75.1155
-75.1269
-75.1382
-75.1495
-75.1606
-75.1716
-75.1825
-75.1933
-75.204
-75.2147
-75.2252
-75.2356
-75.246
-75.2562
-75.2664
-75.2764
-75.2864
-75.2963
-75.3061
-75.3158
-75.3255
-75.335
-75.3445
-75.3538
-75.3631
-75.3724
-75.3815
-75.3906
-75.3995
-75.4084
-75.4172
-75.426
-75.4346
-75.4432
-75.4518
-75.4602
-75.4686
-75.4769
-75.4851
-75.4932
-75.5013
-75.5093
-75.5173
-75.5251
-75.533
-75.5407
-75.5484
-75.556
-75.5635
-75.571
-75.5784
-75.5858
-75.593
-75.6003
-75.6074
-75.6145
-75.6216
-75.6285
-75.6355
-75.6423
-75.6491
-75.6559
-75.6626
-75.6692
-75.6758
-75.6823
-75.6888
-75.6952
-75.7015
-75.7078
-75.7141
-75.7203
-75.7264
-75.7325
-75.7386
-75.7446
-75.7505
-75.7564
-75.7622
-75.768
-75.7738
-75.7795
-75.7851
-75.7907
-75.7963
-75.8018
-75.8072
-75.8127
-75.818
-75.8234
-75.8287
-75.8339
-75.8391
-75.8443
-75.8494
-75.8545
-75.8595
-75.8645
-75.8695
-75.8744
-75.8793
-75.8841
-75.8889
-75.8937
-75.8984
-75.9031
-75.9077
-75.9123
-75.9169
-75.9214
-75.9259
-75.9304
-75.9348
-75.9392
-75.9436
-75.9479
-75.9522
-75.9565
-75.9607
-75.9649
-75.969
-75.9731
-75.9772
-75.9813
-75.9853
-75.9893
-75.9933
-75.9972
-76.0011
-76.005
-76.0088
-76.0126
-76.0164
-76.0201
-76.0239
-76.0275
-76.0312
-76.0348
-76.0384
-76.042
-76.0456
-76.0491
-76.0526
-76.056
-76.0595
-76.0629
-76.0663
-76.0696
-76.0729
-76.0762
-76.0795
-76.0828
-76.086
-76.0892
-76.0924
-76.0955
-76.0986
-76.1017
-76.1048
-76.1079
-76.1109
-76.1139
-76.1169
-76.1198
-76.1228
-76.1257
-76.1286
-76.1314
-76.1343
-76.1371
-76.1399
-76.1427
-76.1455
-76.1482
-76.1509
-76.1536
-76.1563
-76.1589
-76.1615
-76.1642
-76.1667
-76.1693
-76.1719
-76.1744
-76.1769
-76.1794
-76.1819
-76.1843
-76.1868
-76.1892
-76.1916
-76.1939
-76.1963
-76.1986
-76.201
-76.2033
-76.2056
-76.2078
-76.2101
-76.2123
-76.2145
-76.2167
-76.2189
-76.2211
-76.2232
-76.2254
-76.2275
-76.2296
-76.2317
-76.2337
-76.2358
-76.2378
-76.2398
-76.2418
-76.2438
-76.2458
-76.2478
-76.2497
-76.2516
-76.2536
-76.2554
-76.2573
-76.2592
-76.2611
-76.2629
-76.2647
-76.2665
-76.2683
-76.2701
-76.2719
-76.2737
-76.2754
-76.2771
-76.2788
-76.2806
-76.2822
-76.2839
-76.2856
-76.2872
-76.2889
-76.2905
-76.2921
-76.2937
-76.2953
-76.2969
-76.2985
-76.3
-76.3016
-76.3031
-76.3046
-76.3061
-76.3076
-76.3091
-76.3106
-76.312
-76.3135
-76.3149
-76.3164
-76.3178
-76.3192
-76.3206
-76.322
-76.3233
-76.3247
-76.3261
-76.3274
-76.3287
-76.33
-76.3314
-76.3327
-76.334
-76.3352
-76.3365
-76.3378
-76.339
-76.3403
-76.3415
-76.3427
-76.3439
-76.3452
-76.3464
-76.3475
-76.3487
-76.3499
-76.351
-76.3522
-76.3533
-76.3545
-76.3556
-76.3567
-76.3578
-76.3589
-76.36
-76.3611
-76.3622
-76.3632
-76.3643
-76.3654
-76.3664
-76.3674
-76.3685
-76.3695
-76.3705
-76.3715
-76.3725
-76.3735
-76.3745
-76.3754
-76.3764
-76.3774
-76.3783
-76.3793
-76.3802
-76.3811
-76.382
-76.383
-76.3839
-76.3848
-76.3857
-76.3866
-76.3874
-76.3883
-76.3892
-76.39
-76.3909
-76.3917
-76.3926
-76.3934
-76.3943
-76.3951
-76.3959
-76.3967
-76.3975
-76.3983
-76.3991
-76.3999
-76.4007
-76.4014
-76.4022
-76.403
-76.4037
-76.4045
-76.4052
-76.406
-76.4067
-76.4074
-76.4082
-76.4089
-76.4096
-76.4103
-76.411
-76.4117
-76.4124
-76.4131
-75.6512
-71.369
-67.6874
-64.9138
-62.7527
-60.9543
-59.2548
-57.2071
-52.8833
44.04
-9.08953
-40.214
-78.4238
-79.1288
-79.0318
-78.9139
-78.7844
-78.6436
-78.4917
-78.062
-75.9035
-74.5298
-73.7015
-73.0686
-72.5196
-72.0159
-71.544
-71.0994
-70.6815
-70.2908
-69.8359
-67.1846
-64.6857
-62.8098
-61.3208
-60.0292
-58.7541
-57.2193
-54.5542
-32.8813
7.22663
-28.8815
-74.4392
-79.6753
-79.7164
-79.6825
-79.6427
-79.5987
-79.5506
-79.4984
-79.4424
-79.3827
-79.3198
-79.2542
-79.1866
-79.1175
-79.0477
-78.9779
-78.9088
-78.8411
-78.7752
-78.7116
-78.6507
-78.5927
-76.9023
-72.3647
-68.7477
-66.0372
-63.9501
-62.2744
-60.8304
-59.4313
-57.7786
-54.9084
-20.038
6.57556
-28.964
-75.203
-78.99
-78.7349
-78.5758
-78.4079
-78.2259
-78.0299
-77.8205
-77.5989
-77.3666
-76.1703
-73.6981
-72.0495
-70.9311
-70.0785
-69.3783
-68.7776
-68.2501
-67.7817
-67.3645
-66.9934
-66.6651
-66.3769
-66.1267
-66.5626
-67.3477
-67.9594
-68.428
-68.7941
-69.0858
-69.6248
-70.4455
-71.0757
-71.5468
-71.9066
-72.1869
-72.4093
-72.5888
-72.736
-72.8584
-72.9619
-73.0504
-73.1272
-73.1946
-73.2545
-73.3083
-73.3571
-73.4019
-73.4433
-73.4819
-73.5182
-73.5525
-73.5852
-73.6164
-73.6465
-73.6756
-73.7037
-73.7311
-73.7578
-73.7839
-73.8094
-73.8345
-73.8591
-73.8834
-73.9073
-73.9308
-73.954
-73.9769
-73.9995
-74.0219
-74.044
-74.0658
-74.0874
-74.1088
-74.13
-74.1509
-74.1716
-74.1921
-74.2123
-74.2324
-74.2523
-74.2719
-74.2914
-74.3106
-74.3297
-74.3486
-74.3673
-74.3858
-74.4041
-74.4223
-74.4402
-74.458
-74.4756
-74.493
-74.5103
-74.5274
-74.5443
-74.5611
-74.5777
-74.5941
-74.6104
-73.157
-69.1076
-65.8469
-63.3658
-61.3751
-59.5967
-57.6372
-54.244
33.5136
-0.172975
-33.0248
-76.9573
-79.0421
-78.9504
-78.8232
-78.6834
-78.5312
-78.367
-78.1912
-78.0049
-76.576
-74.2753
-72.849
-71.8867
-71.1395
-70.509
-69.9529
-69.4521
-68.9972
-68.5838
-68.2095
-67.8725
-66.9359
-64.2729
-62.0443
-60.2524
-58.5894
-56.6027
-52.4918
44.4388
-9.93078
-41.2226
-78.702
-79.6398
-79.6144
-79.5665
-79.513
-79.4543
-79.3905
-79.3217
-79.2483
-79.1707
-79.0894
-79.0053
-78.9192
-78.8319
-78.7445
-78.6577
-78.5725
-78.4896
-75.4999
-71.3281
-68.2131
-65.8903
-64.1036
-62.6744
-61.4666
-60.3619
-59.2291
-57.8467
-55.547
-44.7634
18.3394
-23.5541
-67.6878
-79.7119
-79.8178
-79.7973
-79.7713
-78.6999
-77.1136
-76.4487
-76.0207
-75.6355
-75.2563
-74.8765
-74.4968
-74.1202
-73.7501
-73.39
-71.5073
-68.6067
-66.4466
-64.8483
-63.613
-62.6168
-61.7767
-61.0325
-60.3358
-59.6349
-58.8658
-57.9139
-56.4887
-53.3204
36.786
-4.25924
-35.9393
-77.9451
-79.8336
-79.851
-79.833
-79.8115
-79.7876
-79.7613
-79.6538
-79.2604
-78.94
-78.7505
-78.612
-78.4946
-78.3878
-78.288
-78.1935
-78.1041
-78.0196
-77.9401
-77.8657
-77.7963
-77.732
-77.6725
-77.6178
-77.5677
-77.5218
-77.4799
-77.4418
-77.4072
-77.3758
-77.3472
-77.3213
-77.2978
-77.2765
-77.2571
-77.2394
-77.2233
-77.2086
-77.1952
-77.1828
-77.1714
-77.1609
-77.1512
-77.1421
-77.1336
-77.1257
-77.1183
-77.1113
-77.1046
-77.0983
-77.0923
-77.0865
-77.081
-77.0756
-77.0705
-77.0655
-77.0607
-77.056
-77.0514
-77.0469
-77.0425
-77.0383
-77.034
-77.0299
-77.0258
-77.0218
-77.0179
-77.014
-77.0101
-77.0063
-77.0026
-76.9989
-76.9952
-76.9915
-76.9879
-76.9844
-76.9808
-76.9773
-76.9738
-76.9704
-76.967
-76.9636
-76.9602
-76.9569
-76.9536
-76.9503
-76.947
-76.9438
-76.9405
-76.9374
-76.9342
-76.7698
-72.6716
-68.7195
-65.7406
-63.4447
-61.5814
-59.9088
-58.0959
-55.209
-28.7809
9.07219
-27.8092
-73.8902
-79.0864
-79.0256
-78.9071
-78.776
-78.633
-78.4783
-78.3123
-78.1357
-77.6548
-75.0661
-73.2459
-72.1002
-71.2567
-70.5689
-69.9749
-69.4464
-68.9698
-68.5385
-68.1486
-67.7978
-66.1786
-63.6217
-61.5973
-59.9215
-58.298
-56.2244
-51.1898
37.6189
-14.9285
-48.4662
-79.1637
-79.6495
-79.6171
-79.5693
-79.5162
-79.4581
-79.395
-79.327
-79.2544
-79.1778
-79.0977
-79.0149
-78.9302
-78.8445
-78.7587
-78.6737
-78.5903
-78.5091
-78.4309
-78.3562
-78.2851
-78.2181
-78.1553
-78.0966
-78.0421
-77.9917
-77.9451
-77.9021
-77.4215
-73.0357
-69.0857
-66.1185
-63.8359
-62
-60.3948
-58.7604
-56.551
-50.2037
32.0992
-16.9346
-52.9719
-79.4944
-79.7654
-79.7407
-79.7076
-79.6708
-79.6302
-79.586
-79.5381
-79.0912
-75.9291
-73.8582
-72.6172
-71.733
-71.0255
-70.4201
-69.8835
-69.3999
-68.9616
-67.9755
-65.4057
-63.2845
-61.6465
-60.2667

