-70
-70.0758
-70.1508
-70.225
-70.2983
-70.3706
-70.4419
-70.5122
-70.5814
-70.6496
-70.7168
-70.7829
-70.848
-70.9121
-70.9752
-71.0373
-71.0984
-71.1586
-71.2178
-71.2761
-71.3334
-71.3899
-71.4455
-71.5003
-71.5543
-71.6074
-71.6598
-71.7114
-71.7623
-71.8124
-71.8619
-71.9106
-71.9587
-72.006
-72.0527
-72.0988
-72.1442
-72.1889
-72.2331
-72.2766
-72.3196
-72.362
-72.4038
-72.445
-72.4857
-72.5258
-72.5654
-72.6045
-72.6431
-72.6812
-72.7188
-72.756
-72.7927
-72.8289
-72.8647
-72.9
-72.9349
-72.9694
-73.0035
-73.0371
-73.0704
-73.1032
-73.1357
-73.1678
-73.1994
-73.2307
-73.2617
-73.2922
-73.3224
-73.3523
-73.3817
-73.4109
-73.4397
-73.4682
-73.4963
-73.5241
-73.5516
-73.5788
-73.6057
-73.6323
-73.6585
-73.6845
-73.7102
-73.7356
-73.7608
-73.7857
-73.8103
-73.8346
-73.8587
-73.8825
-73.9061
-73.9294
-73.9524
-73.9753
-73.9979
-74.0202
-74.0423
-74.0642
-74.0859
-74.1073
-74.1285
-74.1495
-74.1703
-74.1909
-74.2112
-74.2313
-74.2513
-74.271
-74.2905
-74.3098
-74.329
-74.3479
-74.3666
-74.3852
-74.4036
-74.4217
-74.4397
-74.4575
-74.4752
-74.4926
-74.5099
-74.527
-74.544
-74.5607
-74.5774
-74.5938
-74.6101
-74.6262
-74.6422
-74.658
-74.6736
-74.6891
-74.7045
-74.7197
-74.7347
-74.7496
-74.7644
-74.779
-74.7935
-74.8079
-74.8221
-74.8362
-74.8501
-74.864
-74.8777
-74.8913
-74.9047
-74.918
-74.9313
-74.9443
-74.9573
-74.9701
-74.9829
-74.9955
-75.008
-75.0204
-75.0327
-75.0448
-75.0569
-75.0688
-75.0806
-75.0924
-75.104
-75.1155
-75.1269
-75.1382
-75.1495
-75.1606
-75.1716
-75.1825
-75.1933
-75.204
-75.2147
-75.2252
-75.2356
-75.246
-75.2562
-75.2664
-75.2764
-75.2864
-75.2963
-75.3061
-75.3158
-75.3255
-75.335
-75.3445
-75.3538
-75.3631
-75.3724
-75.3815
-75.3906
-75.3995
-75.4084
-75.4172
-75.426
-75.4346
-75.4432
-75.4518
-75.4602
-75.4686
-75.4769
-75.4851
-75.4932
-75.5013
-75.5093
-75.5173
-75.5251
-75.533
-75.5407
-75.5484
-75.556
-75.5635
-75.571
-75.5784
-75.5858
-75.593
-75.6003
-75.6074
-75.6145
-75.6216
-75.6285
-75.6355
-75.6423
-75.6491
-75.6559
-75.6626
-75.6692
-75.6758
-75.6823
-75.6888
-75.6952
-75.7015
-75.7078
-75.7141
-75.7203
-75.7264
-75.7325
-75.7386
-75.7446
-75.7505
-75.7564
-75.7622
-75.768
-75.7738
-75.7795
-75.7851
-75.7907
-75.7963
-75.8018
-75.8072
-75.8127
-75.818
-75.8234
-75.8287
-75.8339
-75.8391
-75.8443
-75.8494
-75.8545
-75.8595
-75.8645
-75.8695
-75.8744
-75.8793
-75.8841
-75.8889
-75.8937
-75.8984
-75.9031
-75.9077
-75.9123
-75.9169
-75.9214
-75.9259
-75.9304
-75.9348
-75.9392
-75.9436
-75.9479
-75.9522
-75.9565
-75.9607
-75.9649
-75.969
-75.9731
-75.9772
-75.9813
-75.9853
-75.9893
-75.9933
-75.9972
-76.0011
-76.005
-76.0088
-76.0126
-76.0164
-76.0201
-76.0239
-76.0275
-76.0312
-76.0348
-76.0384
-76.042
-76.0456
-76.0491
-76.0526
-76.056
-76.0595
-76.0629
-76.0663
-76.0696
-76.0729
-76.0762
-76.0795
-76.0828
-76.086
-76.0892
-76.0924
-76.0955
-76.0986
-76.1017
-76.1048
-76.1079
-76.1109
-76.1139
-76.1169
-76.1198
-76.1228
-76.1257
-76.1286
-76.1314
-76.1343
-76.1371
-76.1399
-76.1427
-76.1455
-76.1482
-76.1509
-76.1536
-76.1563
-76.1589
-76.1615
-76.1642
-76.1667
-76.1693
-76.1719
-76.1744
-76.1769
-76.1794
-76.1819
-76.1843
-76.1868
-76.1892
-76.1916
-76.1939
-76.1963
-76.1986
-76.201
-76.2033
-76.2056
-76.2078
-76.2101
-76.2123
-76.2145
-76.2167
-76.2189
-76.2211
-76.2232
-76.2254
-76.2275
-76.2296
-76.2317
-76.2337
-76.2358
-76.2378
-76.2398
-76.2418
-76.2438
-76.2458
-76.2478
-76.2497
-76.2516
-76.2536
-76.2554
-76.2573
-76.2592
-76.2611
-76.2629
-76.2647
-76.2665
-76.2683
-76.2701
-76.2719
-76.2737
-76.2754
-76.2771
-76.2788
-76.2806
-76.2822
-76.2839
-76.2856
-76.2872
-76.2889
-76.2905
-76.2921
-76.2937
-76.2953
-76.2969
-76.2985
-76.3
-76.3016
-76.3031
-76.3046
-76.3061
-76.3076
-76.3091
-76.3106
-76.312
-76.3135
-76.3149
-76.3164
-76.3178
-76.3192
-76.3206
-76.322
-76.3233
-76.3247
-76.3261
-76.3274
-76.3287
-76.33
-76.3314
-76.3327
-76.334
-76.3352
-76.3365
-76.3378
-76.339
-76.3403
-76.3415
-76.3427
-76.3439
-76.3452
-76.3464
-76.3475
-76.3487
-76.3499
-76.351
-76.3522
-76.3533
-76.3545
-76.3556
-76.3567
-76.3578
-76.3589
-76.36
-76.3611
-76.3622
-76.3632
-76.3643
-76.3654
-76.3664
-76.3674
-76.3685
-76.3695
-76.3705
-76.3715
-76.3725
-76.3735
-76.3745
-76.3754
-76.3764
-76.3774
-76.3783
-76.3793
-76.3802
-76.3811
-76.382
-76.383
-76.3839
-76.3848
-76.3857
-76.3866
-76.3874
-76.3883
-76.3892
-76.39
-76.3909
-76.3917
-76.3926
-76.3934
-76.3943
-76.3951
-76.3959
-76.3967
-76.3975
-76.3983
-76.3991
-76.3999
-76.4007
-76.4014
-76.4022
-76.403
-76.4037
-76.4045
-76.4052
-76.406
-76.4067
-76.4074
-76.4082
-76.4089
-76.4096
-76.4103
-76.411
-76.4117
-76.4124
-76.4131
-76.4137
-76.4144
-76.4151
-76.4158
-76.4164
-76.4171
-76.4177
-76.4184
-76.419
-76.4196
-76.4203
-76.4209
-76.4215
-76.4221
-76.4227
-76.4234
-76.424
-76.4246
-76.4251
-76.4257
-76.4263
-76.4269
-76.4201
-76.3779
-76.34
-76.3104
-76.287
-76.2685
-76.2536
-76.2417
-76.2321
-76.2244
-76.2182
-76.2133
-76.2094
-76.2064
-76.2042
-76.2025
-76.2014
-76.2008
-76.1933
-76.1732
-76.1567
-76.1442
-76.1346
-76.1272
-76.1217
-76.1175
-76.1144
-76.1122
-76.1108
-76.1099
-76.1096
-76.1096
-76.1101
-76.1108
-76.1118
-76.1131
-76.1145
-76.1161
-76.1178
-76.1197
-76.1217
-76.1237
-76.1258
-76.1281
-76.1303
-76.1326
-76.135
-76.1374
-76.1398
-76.1422
-76.1447
-76.1471
-76.1496
-76.1521
-76.1546
-76.1571
-76.1596
-76.1621
-76.1646
-76.167
-76.1695
-76.172
-76.1744
-76.1769
-76.1793
-76.1817
-76.1841
-76.1865
-76.1889
-76.1779
-76.1628
-76.151
-76.1368
-76.1166
-76.1013
-76.0903
-76.0824
-76.0764
-76.0656
-76.0569
-76.051
-76.047
-76.0444
-76.0429
-76.0421
-76.0419
-76.0422
-76.0396
-76.0367
-76.0348
-76.0324
-76.0293
-76.0273
-76.0263
-76.026
-76.0262
-76.0268
-76.0277
-76.0289
-76.0302
-76.0317
-76.0334
-76.0353
-76.0372
-76.0393
-76.0414
-76.0437
-76.046
-76.0484
-76.0509
-76.0534
-76.056
-76.0587
-76.0614
-76.0641
-76.0669
-76.0697
-76.0725
-76.0753
-76.0782
-76.0811
-76.084
-76.0869
-76.0898
-76.0927
-76.0956
-76.0986
-76.1015
-76.1044
-76.1073
-76.1102
-76.1131
-76.116
-76.1188
-76.1217
-76.1245
-76.1273
-76.1302
-76.133
-76.1357
-76.1385
-76.1413
-76.144
-76.1467
-76.1494
-76.1521
-76.1547
-76.1574
-76.16
-76.1626
-76.1652
-76.1678
-76.1703
-76.1729
-76.1754
-76.1779
-76.1803
-76.1828
-76.1852
-76.1877
-76.1901
-76.1924
-76.1948
-76.1972
-76.1995
-76.2018
-76.2041
-76.2064
-76.2086
-76.2109
-76.2131
-76.2153
-76.2175
-76.2197
-76.2219
-76.224
-76.2261
-76.2282
-76.2186
-76.1993
-76.1837
-76.1716
-76.1622
-76.1548
-76.1491
-76.1447
-76.1414
-76.139
-76.1373
-76.1362
-76.1357
-76.1355
-76.1358
-76.1363
-76.1371
-76.1382
-76.1394
-76.1408
-76.1424
-76.1441
-76.1459
-76.1478
-76.1497
-76.1518
-76.1539
-76.156
-76.1582
-76.1604
-76.1627
-76.165
-76.1673
-76.1696
-76.1719
-76.1742
-76.1766
-76.1789
-76.1812
-76.1836
-76.1859
-76.1882
-76.1906
-76.1929
-76.1952
-76.1975
-76.1997
-76.202
-76.2036
-76.1879
-76.1718
-76.1593
-76.1497
-76.1423
-76.1365
-76.1322
-76.1289
-76.1265
-76.1249
-76.1239
-76.1234
-76.1234
-76.1237
-76.1243
-76.1252
-76.1263
-76.1276
-76.1291
-76.1308
-76.1325
-76.1344
-76.1364
-76.1384
-76.1405
-76.1427
-76.1449
-76.1459
-76.1354
-76.1253
-76.1177
-76.1119
-76.1018
-76.0889
-76.0794
-76.0726
-76.0678
-76.0644
-76.0622
-76.0608
-76.0601
-76.0599
-76.0576
-76.0525
-76.0488
-76.0464
-76.045
-76.0443
-76.0442
-76.0445
-76.0452
-76.0462
-76.0474
-76.0489
-76.0505
-76.0523
-76.0543
-76.0564
-76.0585
-76.0608
-76.0632
-76.0656
-76.0681
-76.0707
-76.0733
-76.076
-76.0787
-76.0814
-76.0842
-76.0869
-76.0897
-76.0926
-76.0954
-76.0982
-76.1011
-76.1039
-76.1068
-76.1096
-76.1125
-76.1153
-76.1182
-76.121
-76.1238
-76.1266
-76.1294
-76.1322
-76.135
-76.1377
-76.1404
-76.1432
-76.1459
-76.1486
-76.1512
-76.1539
-76.1565
-76.1592
-76.1618
-76.1644
-76.1669
-76.1695
-76.172
-76.1745
-76.177
-76.1795
-76.182
-76.1844
-76.1869
-76.1893
-76.1917
-76.194
-76.1964
-76.1987
-76.201
-76.2033
-76.2056
-76.2079
-76.2101
-76.2124
-76.2146
-76.2168
-76.219
-76.2211
-76.2233
-76.2254
-76.2275
-76.2296
-76.2317
-76.2338
-76.2358
-76.2379
-76.2399
-76.2419
-76.2439
-76.2458
-76.2478
-76.2497
-76.2517
-76.2536
-76.2555
-76.2574
-76.2592
-76.2611
-76.2629
-76.2648
-76.2666
-76.2684
-76.2702
-76.2719
-76.2737
-76.2754
-76.2772
-76.2789
-76.2806
-76.2653
-76.2412
-76.2219
-76.2067
-76.1948
-76.1854
-76.1779
-76.1721
-76.1676
-76.1641
-76.1615
-76.1596
-76.1584
-76.1576
-76.1573
-76.1574
-76.1552
-76.1409
-76.1284
-76.119
-76.1118
-76.1065
-76.1026
-76.0997
-76.0978
-76.0965
-76.0958
-76.0957
-76.0959
-76.0965
-76.0974
-76.0985
-76.0999
-76.1014
-76.1031
-76.1049
-76.1069
-76.109
-76.1111
-76.1133
-76.1156
-76.118
-76.1204
-76.1228
-76.1253
-76.1278
-76.1303
-76.1328
-76.1354
-76.138
-76.1405
-76.1431
-76.1457
-76.1483
-76.1508
-76.1534
-76.156
-76.1585
-76.1611
-76.1636
-76.1661
-76.1686
-76.1711
-76.1736
-76.1761
-76.1786
-76.181
-76.1834
-76.1858
-76.1882
-76.1906
-76.193
-76.1953
-76.1977
-76.2
-76.2023
-76.2046
-76.2068
-76.2091
-76.2113
-76.2135

