-70
-69.8623
-69.7285
-69.5983
-69.4718
-69.3487
-69.2291
-69.1128
-68.9997
-68.8897
-68.7828
-68.6789
-68.5778
-68.4795
-68.3839
-68.291
-68.2007
-68.1128
-68.0274
-67.9443
-67.8636
-67.7851
-67.7087
-67.6345
-67.5623
-67.4921
-67.4238
-67.3574
-67.2929
-67.2301
-67.1691
-67.1098
-67.0521
-66.996
-66.9414
-66.8884
-66.8368
-66.7866
-66.7378
-66.6904
-66.6443
-66.5994
-66.5558
-66.5133
-66.4721
-66.432
-66.393
-66.355
-66.3181
-66.2823
-66.2474
-66.2134
-66.1805
-66.1484
-66.1172
-66.0868
-66.0573
-66.0286
-66.0007
-65.9736
-65.9472
-65.9215
-65.8966
-65.8723
-65.8487
-65.8257
-65.8034
-65.7817
-65.7606
-65.74
-65.72
-65.7006
-65.6817
-65.6633
-65.6455
-65.6281
-65.6112
-65.5948
-65.5788
-65.5632
-65.5481
-65.5334
-65.5191
-65.5052
-65.4917
-65.4785
-65.4657
-65.4533
-65.4412
-65.4294
-65.418
-65.4068
-65.396
-65.3855
-65.3752
-65.3653
-65.3556
-65.3462
-65.337
-65.3281
-65.3194
-65.311
-65.3028
-65.2948
-65.2871
-65.2795
-65.2722
-65.2651
-65.2581
-65.2514
-65.2448
-65.2385
-65.2322
-65.2262
-65.2203
-65.2146
-65.2091
-65.2037
-65.1984
-65.1933
-65.1884
-65.1835
-65.1788
-65.1743
-65.1698
-65.1655
-65.1613
-65.1572
-65.1532
-65.1493
-65.1456
-65.1419
-65.1384
-65.1349
-65.1315
-65.1283
-65.1251
-65.122
-65.119
-65.1161
-65.1132
-65.1104
-65.1077
-65.1051
-65.1026
-65.1001
-65.0977
-65.0953
-65.0931
-65.0908
-65.0887
-65.0866
-65.0845
-65.0826
-65.0806
-65.0788
-65.0769
-65.0752
-65.0734
-65.0718
-65.0701
-65.0685
-65.067
-65.0655
-65.064
-65.0626
-65.0612
-65.0599
-65.0586
-65.0573
-65.0561
-65.0549
-65.0537
-65.0526
-65.0514
-65.0504
-65.0493
-65.0483
-65.0473
-65.0464
-65.0454
-65.0445
-65.0436
-65.0428
-65.0419
-65.0411
-65.0403
-65.0395
-65.0388
-65.0381
-65.0374
-65.0367
-65.036
-65.0353
-65.0347
-65.0341
-65.0335
-65.0329
-65.0323
-65.0318
-65.0313
-65.0307
-65.0302
-65.0297
-65.0293
-65.0288
-65.0283
-65.0279
-65.0275
-65.027
-65.0266
-65.0262
-65.0259
-65.0255
-65.0251
-65.0248
-65.0244
-65.0241
-65.0238
-65.0234
-65.0231
-65.0228
-65.0225
-65.0223
-65.022
-65.0217
-65.0215
-65.0212
-65.021
-65.0207
-65.0205
-65.0203
-65.02
-65.0198
-65.0196
-65.0194
-65.0192
-65.019
-65.0188
-65.0187
-65.0185
-65.0183
-65.0181
-65.018
-65.0178
-65.0177
-65.0175
-65.0174
-65.0172
-65.0171
-65.017
-65.0168
-65.0167
-65.0166
-65.0165
-65.0163
-65.0162
-65.0161
-65.016
-65.0159
-65.0158
-65.0157
-65.0156
-65.0155
-65.0154
-65.0153
-65.0153
-65.0152
-65.0151
-65.015
-65.0149
-65.0149
-65.0148
-65.0147
-65.0147
-65.0146
-65.0145
-65.0145
-65.0144
-65.0143
-65.0143
-65.0142
-65.0142
-65.0141
-65.0141
-65.014
-65.014
-65.0139
-65.0139
-65.0138
-65.0138
-65.0137
-65.0137
-65.0137
-65.0136
-65.0136
-65.0135
-65.0135
-65.0135
-65.0134
-65.0134
-65.0134
-65.0133
-65.0133
-65.0133
-65.0133
-65.0132
-65.0132
-65.0132
-65.0131
-65.0131
-65.0131
-65.0131
-65.0131
-65.013
-65.013
-65.013
-65.013
-65.0129
-65.0129
-65.0129
-65.0129
-65.0129
-65.0129
-65.0128
-65.0128
-65.0128
-65.0128
-65.0128
-65.0128
-65.0127
-65.0127
-65.0127
-65.0127
-65.0127
-65.0127
-65.0127
-65.0127
-65.0126
-65.0126
-65.0126
-65.0126
-65.0126
-65.0126
-65.0126
-65.0126
-65.0126
-65.0126
-65.0125
-65.0125
-65.0125
-65.0125
-65.0125
-65.0125
-65.0125
-65.0125
-65.0125
-65.0125
-65.0125
-65.0125
-65.0125
-65.0124
-65.0124
-65.0124
-65.0124
-65.0124
-65.0124
-65.0124
-65.0124
-65.0124
-65.0124
-65.0124
-65.0124
-65.0124
-65.0124
-65.0124
-65.0124
-65.0124
-65.0124
-65.0124
-65.0124
-65.0124
-65.0124
-65.0124
-65.0123
-65.0123
-65.0123
-65.0123
-65.0123
-65.0123
-65.0123
-65.0123
-65.0123
-65.0123
-65.0123
-65.0123
-65.0123
-65.0123
-65.0123
-65.0123
-65.0123
-65.0123
-65.0123
-65.0123
-65.0123
-65.0123
-65.0123
-65.0123
-65.0123
-65.0123
-65.0123
-65.0123
-65.0123
-65.0123
-65.0123
-65.0123
-65.0123
-65.0123
-65.0123
-65.0123
-65.0123
-65.0123
-65.0123
-65.0123
-65.0123
-65.0123
-65.0123
-65.0123
-65.0123
-65.0123
-65.0123
-65.0123
-65.0123
-65.0123
-65.0123
-65.0123
-65.0123
-65.0123
-65.0123
-65.0123
-65.0123
-65.0123
-65.0123
-65.0123
-65.0123
-65.0123
-65.0123
-65.0123
-65.0123
-65.0123
-65.0123
-65.0123
-65.0123
-65.0123
-65.0123
-65.0123
-65.0123
-65.0123
-64.7657
-64.5631
-64.4124
-64.305
-64.2215
-64.1548
-64.1013
-64.0585
-64.0247
-63.9986
-63.9789
-63.9648
-63.9553
-63.9499
-63.9479
-63.9489
-63.9525
-63.9582
-63.9658
-63.975
-63.9855
-63.9972
-64.0098
-64.0233
-64.0374
-64.052
-64.0671
-64.0826
-64.0983
-64.1142
-64.1302
-64.1463
-64.1624
-64.1784
-64.1686
-64.1219
-64.0952
-64.0788
-64.0709
-64.0676
-64.0678
-64.0707
-64.0759
-64.0829
-64.0915
-64.1013
-64.1121
-64.1237
-64.1361
-64.1489
-64.1622
-64.1759
-64.1673
-63.9927
-63.8733
-63.7871
-63.663
-63.5729
-63.3627
-63.0841
-62.8134
-62.3135
-61.9576
-61.5595
-61.151
-60.6688
-60.3275
-60.0708
-59.8365
-59.6112
-59.4048
-59.1384
-58.9538
-58.7729
-58.6379
-58.5462
-58.4628
-58.4005
-58.3675
-58.3586
-58.3688
-58.3941
-58.4323
-58.4812
-58.5392
-58.5605
-58.5995
-58.6154
-58.6015
-58.6192
-58.656
-58.7087
-58.7712
-58.8415
-58.918
-58.9995
-59.0505
-59.0989
-59.1608
-59.2327
-59.304
-59.3404
-59.395
-59.4594
-59.5325
-59.6104
-59.6919
-59.7761
-59.8622
-59.9497
-60.0381
-60.1271
-60.2163
-60.3055
-60.3564
-60.4008
-60.4154
-60.4446
-60.4305
-60.4421
-60.4467
-60.4453
-60.4643
-60.4925
-60.473
-60.424
-60.3622
-60.2694
-60.22
-60.1599
-60.116
-60.0997
-60.0476
-59.9522
-59.8574
-59.7538
-59.6099
-59.445
-59.3224
-59.165
-58.9319
-58.6385
-58.3153
-58.0557
-57.8561
-57.7005
-57.5805
-57.5068
-57.4338
-57.3833
-57.3007
-57.2556
-57.2382
-57.2009
-57.1511
-57.1177
-57.1205
-57.1491
-57.197
-57.2592
-57.3332
-57.4168
-57.5084
-57.6066
-57.7103
-57.8184
-57.93
-58.0445
-58.1612
-58.2794
-58.3988
-58.519
-58.6394
-58.7599
-58.8801
-58.9999
-59.1188
-59.2369
-59.3539
-59.4696
-59.584
-59.6969
-59.8082
-59.918
-60.026
-60.1323
-60.2368
-60.3394
-60.4402
-60.5392
-60.6363
-60.7314
-60.8247
-60.9161
-61.0057
-61.0933
-61.1791
-61.263
-61.345
-61.4253
-61.5037
-61.5804
-61.6554
-61.7286
-61.8002
-61.8701
-61.9384
-62.005
-62.0701
-62.1336
-62.1957
-62.2562
-62.3152
-62.3729
-62.4291
-62.484
-62.5375
-62.5898
-62.6407
-62.6904
-62.7389
-62.7862
-62.8323
-62.8773
-62.9212
-62.964
-63.0057
-63.0464
-63.0861
-63.1248
-63.0706
-63.0165
-62.9866
-62.9737
-62.9714
-62.9718
-62.8516
-62.6762
-62.5521
-62.3912
-61.937
-61.4141
-60.8902
-60.3982
-60.0311
-59.7599
-59.502
-59.3064
-59.0167
-58.7902
-58.6291
-58.5198
-58.4476
-58.4039
-58.3838
-58.3835
-58.3998
-58.4303
-58.4729
-58.5256
-58.537
-58.4746
-58.4409
-58.4404
-58.4658
-58.5079
-58.5312
-58.5642
-58.6127
-58.6333
-58.565
-58.5265
-58.5234
-58.5478
-58.5897
-58.6133
-58.6418
-58.6599
-58.6336
-58.5596
-58.5233
-58.5216
-58.5461
-58.5873
-58.641
-58.7047
-58.7765
-58.8548
-58.9385
-59.0265
-59.118
-59.2122
-59.3084
-59.4062
-59.5051
-59.6047
-59.7047
-59.8047
-59.9045
-60.0038
-60.0426
-60.0684
-60.1137
-60.1557
-60.1829
-60.1887
-60.1986
-60.2287
-60.2633
-60.2417
-60.2023
-60.1512
-60.0335
-59.923
-59.7722
-59.6409
-59.5464
-59.4602
-59.3588
-59.1675
-59.0084
-58.8326
-58.7098
-58.5722
-58.3718
-58.1249
-57.8978
-57.7545
-57.6664
-57.6184
-57.5993
-57.6036
-57.6272
-57.6376
-57.66
-57.6622
-57.6925
-57.741
-57.8049
-57.8794
-57.9561
-58.002
-58.0302
-58.0815
-58.149
-58.2287
-58.3161
-58.4095
-58.5075
-58.6092
-58.7136
-58.8202
-58.9283
-59.0375
-59.1473
-59.2574
-59.3675
-59.4772
-59.5864
-59.695
-59.8026
-59.9091
-60.0145
-60.1185
-60.2211
-60.3222
-60.4218
-60.5197
-60.6161
-60.7107
-60.8036
-60.8949
-60.9844
-61.0721
-61.158
-61.2423
-61.3247
-61.4055
-61.4845
-61.5618
-61.6374
-61.7114
-61.7836
-61.8543
-61.9234
-61.9908
-62.0568
-62.1211
-62.184
-62.2453
-62.3052
-62.3637
-62.4208
-62.4765
-62.5309
-62.5839
-62.6357
-62.6862
-62.7355
-62.7835
-62.8304
-62.8761
-62.9207
-62.9643
-63.0067
-63.0481
-63.0884
-63.1278
-63.1661
-63.2035
-63.24
-63.2756
-63.3103
-63.3441
-63.3771
-63.4092
-63.4406
-63.4712
-63.501
-63.5301
-63.5584
-63.586
-63.613
-63.6393
-63.6649
-63.6899
-63.7143
-63.6833
-63.6447
-63.465
-63.3441
-63.1638
-63.0168
-62.9101
-62.834
-62.7383
-62.6524
-62.5569
-62.4033
-62.2464
-62.1379
-62.0097
-61.4985
-60.8776
-60.4331
-60.1151
-59.8541
-59.5742
-59.3637
-59.1586
-59.0164
-58.8871
-58.7925
-58.7314
-58.6982
-58.687
-58.6936
-58.7152
-58.7387
-58.6834
-58.64
-58.5609
-58.4608
-58.387
-58.3552
-58.3534
-58.3733
-58.4089
-58.4572
-58.516
-58.5773
-58.575
-58.5344
-58.5093
-58.5189
-58.5517
-58.6006
-58.6267
-58.6622
-58.7134
-58.7775
-58.8504
-58.9299
-59.0144
-59.1031
-59.1924
-59.2454
-59.3131
-59.3889
-59.4719
-59.5587
-59.6077
-59.66
-59.7238
-59.7965
-59.8744
-59.9557
-60.0392
-60.0722
-60.1206
-60.1791
-60.246
-60.2799
-60.3114
-60.3044
-60.3216
-60.3547
-60.3928
-60.3991
-60.426
-60.4169
-60.4261
-60.4514
-60.4896
-60.536
-60.5884
-60.6454
-60.7061
-60.7207
-60.746
-60.7834
-60.775
-60.7326
-60.574
-60.4478
-60.3476
-60.2398
-60.099
-59.9652
-59.8204
-59.7337
-59.632
-59.4401
-59.171
-58.9107
-58.6403
-58.3837
-58.1983
-58.0756
-57.9986
-57.8975
-57.8111

