-70
-69.8623
-69.7285
-69.5983
-69.4718
-69.3487
-69.2291
-69.1128
-68.9997
-68.8897
-68.7828
-68.6789
-68.5778
-68.4795
-68.3839
-68.291
-68.2007
-68.1128
-68.0274
-67.9443
-67.8636
-67.7851
-67.7087
-67.6345
-67.5623
-67.4921
-67.4238
-67.3574
-67.2929
-67.2301
-67.1691
-67.1098
-67.0521
-66.996
-66.9414
-66.8884
-66.8368
-66.7866
-66.7378
-66.6904
-66.6443
-66.5994
-66.5558
-66.5133
-66.4721
-66.432
-66.393
-66.355
-66.3181
-66.2823
-66.2474
-66.2134
-66.1805
-66.1484
-66.1172
-66.0868
-66.0573
-66.0286
-66.0007
-65.9736
-65.9472
-65.9215
-65.8966
-65.8723
-65.8487
-65.8257
-65.8034
-65.7817
-65.7606
-65.74
-65.72
-65.7006
-65.6817
-65.6633
-65.6455
-65.6281
-65.6112
-65.5948
-65.5788
-65.5632
-65.5481
-65.5334
-65.5191
-65.5052
-65.4917
-65.4785
-65.4657
-65.4533
-65.4412
-65.4294
-65.418
-65.4068
-65.396
-65.3855
-65.3752
-65.3653
-65.3556
-65.3462
-65.337
-65.3281
-65.3194
-65.311
-65.3028
-65.2948
-65.2871
-65.2795
-65.2722
-65.2651
-65.2581
-65.2514
-65.2448
-65.2385
-65.2322
-65.2262
-65.2203
-65.2146
-65.2091
-65.2037
-65.1984
-65.1933
-65.1884
-65.1835
-65.1788
-65.1743
-65.1698
-65.1655
-65.1613
-65.1572
-65.1532
-65.1493
-65.1456
-65.1419
-65.1384
-65.1349
-65.1315
-65.1283
-65.1251
-65.122
-65.119
-65.1161
-65.1132
-65.1104
-65.1077
-65.1051
-65.1026
-65.1001
-65.0977
-65.0953
-65.0931
-65.0908
-65.0887
-65.0866
-65.0845
-65.0826
-65.0806
-65.0788
-65.0769
-65.0752
-65.0734
-65.0718
-65.0701
-65.0685
-65.067
-65.0655
-65.064
-65.0626
-65.0612
-65.0599
-65.0586
-65.0573
-65.0561
-65.0549
-65.0537
-65.0526
-65.0514
-65.0504
-65.0493
-65.0483
-65.0473
-65.0464
-65.0454
-65.0445
-65.0436
-65.0428
-65.0419
-65.0411
-65.0403
-65.0395
-65.0388
-65.0381
-65.0374
-65.0367
-65.036
-65.0353
-65.0347
-65.0341
-65.0335
-65.0329
-65.0323
-65.0318
-65.0313
-65.0307
-65.0302
-65.0297
-65.0293
-65.0288
-65.0283
-65.0279
-65.0275
-65.027
-65.0266
-65.0262
-65.0259
-65.0255
-65.0251
-65.0248
-65.0244
-65.0241
-65.0238
-65.0234
-65.0231
-65.0228
-65.0225
-65.0223
-65.022
-65.0217
-65.0215
-65.0212
-65.021
-65.0207
-65.0205
-65.0203
-65.02
-65.0198
-65.0196
-65.0194
-65.0192
-65.019
-65.0188
-65.0187
-65.0185
-65.0183
-65.0181
-65.018
-65.0178
-65.0177
-65.0175
-65.0174
-65.0172
-65.0171
-65.017
-65.0168
-65.0167
-65.0166
-65.0165
-65.0163
-65.0162
-65.0161
-65.016
-65.0159
-65.0158
-65.0157
-65.0156
-65.0155
-65.0154
-65.0153
-65.0153
-65.0152
-65.0151
-65.015
-65.0149
-65.0149
-65.0148
-65.0147
-65.0147
-65.0146
-65.0145
-65.0145
-65.0144
-65.0143
-65.0143
-65.0142
-65.0142
-65.0141
-65.0141
-65.014
-65.014
-65.0139
-65.0139
-65.0138
-65.0138
-65.0137
-65.0137
-65.0137
-65.0136
-65.0136
-65.0135
-65.0135
-65.0135
-65.0134
-65.0134
-65.0134
-65.0133
-65.0133
-65.0133
-65.0133
-65.0132
-65.0132
-65.0132
-65.0131
-65.0131
-65.0131
-65.0131
-65.0131
-65.013
-65.013
-65.013
-65.013
-65.0129
-65.0129
-65.0129
-65.0129
-65.0129
-65.0129
-65.0128
-65.0128
-65.0128
-65.0128
-65.0128
-65.0128
-65.0127
-65.0127
-65.0127
-65.0127
-65.0127
-65.0127
-65.0127
-65.0127
-65.0126
-65.0126
-65.0126
-65.0126
-65.0126
-65.0126
-65.0126
-65.0126
-65.0126
-65.0126
-65.0125
-65.0125
-65.0125
-65.0125
-65.0125
-65.0125
-65.0125
-65.0125
-65.0125
-65.0125
-65.0125
-65.0125
-65.0125
-65.0124
-65.0124
-65.0124
-65.0124
-65.0124
-65.0124
-65.0124
-65.0124
-65.0124
-65.0124
-65.0124
-65.0124
-65.0124
-65.0124
-65.0124
-65.0124
-65.0124
-65.0124
-65.0124
-65.0124
-65.0124
-65.0124
-65.0124
-65.0123
-65.0123
-65.0123
-65.0123
-65.0123
-65.0123
-65.0123
-65.0123
-65.0123
-65.0123
-65.0123
-65.0123
-65.0123
-65.0123
-65.0123
-65.0123
-65.0123
-65.0123
-65.0123
-65.0123
-65.0123
-65.0123
-65.0123
-65.0123
-65.0123
-65.0123
-65.0123
-65.0123
-65.0123
-65.0123
-65.0123
-65.0123
-65.0123
-65.0123
-65.0123
-65.0123
-65.0123
-65.0123
-65.0123
-65.0123
-65.0123
-65.0123
-65.0123
-65.0123
-65.0123
-65.0123
-65.0123
-65.0123
-65.0123
-65.0123
-65.0123
-65.0123
-65.0123
-65.0123
-65.0123
-65.0123
-65.0123
-65.0123
-65.0123
-65.0123
-65.0123
-65.0123
-65.0123
-65.0123
-65.0123
-65.0123
-65.0123
-65.0123
-65.0123
-65.0123
-65.0123
-65.0123
-65.0123
-65.0123
-64.6429
-64.3402
-64.1155
-63.9555
-63.8313
-63.7321
-63.6525
-63.5889
-63.5388
-63.5
-63.4707
-63.4497
-63.4356
-63.4276
-63.4246
-63.4261
-63.4313
-63.4398
-63.451
-63.4646
-63.4802
-63.4976
-63.5163
-63.5362
-63.5572
-63.5789
-63.6013
-63.6243
-63.6476
-63.6712
-63.695
-63.7189
-63.7428
-63.7667
-63.7391
-63.6384
-63.5776
-63.5373
-63.5138
-63.4997
-63.4925
-63.4908
-63.4937
-63.5004
-63.5102
-63.5225
-63.5371
-63.5534
-63.5712
-63.5903
-63.6103
-63.6311
-63.6525
-63.4091
-63.2402
-63.0653
-62.5659
-62.1843
-61.6009
-61.0791
-60.657
-59.7943
-59.0334
-58.0802
-57.3454
-56.7675
-56.3397
-56.0114
-55.471
-54.8714
-54.3378
-53.7497
-53.3267
-52.9195
-52.5983
-52.3558
-52.175
-52.0418
-51.9472
-51.8833
-51.8106
-51.7409
-51.7025
-51.6952
-51.7003
-51.7037
-51.735
-51.7371
-51.7036
-51.7137
-51.7523
-51.8158
-51.8969
-51.9931
-52.1023
-52.2022
-52.264
-52.3397
-52.4383
-52.5189
-52.6059
-52.6757
-52.7413
-52.779
-52.8409
-52.9021
-52.9641
-53.0114
-53.0826
-53.1335
-53.2158
-53.317
-53.4059
-53.4936
-53.5943
-53.6686
-53.7693
-53.8853
-54.0147
-54.104
-54.2129
-54.3232
-54.4127
-54.524
-54.648
-54.7826
-54.9238
-55.0702
-55.1698
-55.209
-55.1595
-55.1005
-55.0558
-55.0093
-54.8746
-54.7099
-54.401
-54.021
-53.6882
-53.3393
-52.7818
-52.1225
-51.3923
-50.6913
-50.0772
-49.5733
-49.1013
-48.6997
-48.3352
-47.9472
-47.5214
-47.0732
-46.5903
-46.0029
-45.2776
-44.2731
-42.6392
-38.9015
-2.22678
27.3465
-17.6329
-46.7254
-58.2941
-61.4136
-62.3903
-62.7481
-62.8687
-62.8913
-62.8751
-62.8459
-62.8147
-62.7863
-62.7623
-62.7432
-62.7288
-62.7188
-62.7127
-62.7102
-62.7107
-62.714
-62.7196
-62.7273
-62.7369
-62.748
-62.7605
-62.7742
-62.789
-62.8047
-62.8211
-62.8382
-62.8558
-62.8739
-62.8923
-62.911
-62.93
-62.9491
-62.9683
-62.9875
-63.0068
-63.026
-63.0452
-63.0643
-63.0833
-63.1021
-63.1208
-63.1393
-63.1577
-63.1758
-63.1937
-63.2114
-63.2289
-63.2461
-63.2631
-63.2798
-63.2963
-63.3125
-63.3285
-63.3443
-63.3598
-63.375
-63.39
-63.4048
-63.4193
-63.4336
-63.4027
-63.3089
-63.2492
-63.2074
-63.1803
-63.1421
-62.9082
-62.7351
-62.6077
-62.5189
-62.4446
-62.2156
-61.8788
-61.5202
-61.2093
-60.8988
-60.4699
-59.4475
-58.4653
-57.4042
-56.5153
-55.8652
-55.2748
-54.8242
-54.2936
-53.829
-53.4843
-53.2272
-53.0364
-52.8443
-52.6499
-52.5176
-52.4311
-52.3836
-52.3658
-52.3226
-52.2201
-52.1231
-52.0425
-51.9877
-51.9751
-51.9711
-51.9543
-51.9649
-52.0039
-52.0347
-52.0762
-52.0748
-52.0611
-52.0561
-52.0513
-52.0254
-52.0028
-51.9809
-51.9373
-51.8735
-51.8118
-51.8022
-51.8276
-51.8806
-51.9383
-51.9896
-52.0292
-52.0571
-52.1174
-52.2022
-52.2666
-52.3514
-52.4559
-52.5774
-52.7114
-52.8554
-52.9716
-53.0955
-53.2341
-53.3848
-53.5051
-53.6415
-53.7891
-53.9205
-54.047
-54.1811
-54.275
-54.2674
-54.2352
-54.2423
-54.252
-54.2595
-54.2955
-54.3226
-54.2229
-54.0926
-54.0052
-53.979
-53.9025
-53.6972
-53.5216
-53.3336
-53.1858
-52.816
-52.3638
-51.7741
-51.1733
-50.6126
-50.1161
-49.7335
-49.4209
-49.1566
-48.9027
-48.6657
-48.4488
-48.2123
-47.9856
-47.7055
-47.4096
-47.0059
-46.5588
-46.0222
-45.3059
-44.33
-42.7533
-39.2476
-10.5551
29.892
-16.851
-47.5502
-59.9212
-63.2815
-64.3326
-64.7033
-64.8158
-64.8235
-64.7895
-64.7405
-64.6879
-64.6364
-64.5878
-64.5428
-64.5013
-64.4633
-64.4283
-64.3963
-64.3669
-64.3398
-64.315
-64.2921
-64.2711
-64.2517
-64.2339
-64.2175
-64.2024
-64.1885
-64.1756
-64.1639
-64.153
-64.143
-64.1338
-64.1253
-64.1175
-64.1104
-64.1038
-64.0977
-64.0922
-64.0871
-64.0824
-64.0781
-64.0743
-64.0707
-64.0675
-64.0646
-64.0619
-64.0596
-64.0575
-64.0556
-64.0539
-64.0524
-64.0512
-64.0501
-64.0492
-64.0484
-64.0478
-64.0474
-64.0471
-64.0469
-64.0469
-64.0469
-64.0471
-64.0474
-64.0478
-64.0483
-64.0489
-64.0496
-64.0504
-64.0512
-64.0522
-64.0532
-64.0543
-64.0555
-64.0567
-64.058
-64.0594
-64.0608
-64.0623
-64.0087
-63.8914
-63.7178
-63.5939
-63.3246
-63.0754
-62.8915
-62.7549
-62.5595
-62.3499
-62.1479
-61.9604
-61.7735
-61.6375
-61.3684
-60.015
-58.4141
-57.2782
-56.4628
-55.8434
-55.2221
-54.742
-54.278
-53.9268
-53.6322
-53.3936
-53.195
-53.0421
-52.9149
-52.8338
-52.7878
-52.7454
-52.6704
-52.6066
-52.4625
-52.3643
-52.2936
-52.2659
-52.2398
-52.2484
-52.2474
-52.2798
-52.3355
-52.412
-52.4811
-52.3534
-52.2751
-52.2399
-52.2235
-52.2471
-52.2974
-52.3704
-52.4612
-52.5669
-52.6654
-52.7331
-52.8099
-52.9107
-53.0271
-53.122
-53.2376
-53.367
-53.5018
-53.6074
-53.7337
-53.8719
-54.0208
-54.1438
-54.2478
-54.3499
-54.4721
-54.5739
-54.6859
-54.8118
-54.9486
-55.0926
-55.2416
-55.3945
-55.5502
-55.6637
-55.747
-55.7433
-55.7516
-55.787
-55.8533
-55.9388
-56.0373
-56.1454
-56.2609
-56.3438
-56.3772
-56.4044
-56.4517
-56.4916
-56.4853
-56.5192
-56.521
-56.4951
-56.3702
-56.1721
-55.9446
-55.6367
-55.1781
-54.6686
-54.0807
-53.6204
-53.2554
-52.7255
-52.1965
-51.6673
-51.2711
-50.8812
-50.5413
-50.2765
-50.0308

