-70
-70.0758
-70.1508
-70.225
-70.2983
-70.3706
-70.4419
-70.5122
-70.5814
-70.6496
-70.7168
-70.7829
-70.848
-70.9121
-70.9752
-71.0373
-71.0984
-71.1586
-71.2178
-71.2761
-71.3334
-71.3899
-71.4455
-71.5003
-71.5543
-71.6074
-71.6598
-71.7114
-71.7623
-71.8124
-71.8619
-71.9106
-71.9587
-72.006
-72.0527
-72.0988
-72.1442
-72.1889
-72.2331
-72.2766
-72.3196
-72.362
-72.4038
-72.445
-72.4857
-72.5258
-72.5654
-72.6045
-72.6431
-72.6812
-72.7188
-72.756
-72.7927
-72.8289
-72.8647
-72.9
-72.9349
-72.9694
-73.0035
-73.0371
-73.0704
-73.1032
-73.1357
-73.1678
-73.1994
-73.2307
-73.2617
-73.2922
-73.3224
-73.3523
-73.3817
-73.4109
-73.4397
-73.4682
-73.4963
-73.5241
-73.5516
-73.5788
-73.6057
-73.6323
-73.6585
-73.6845
-73.7102
-73.7356
-73.7608
-73.7857
-73.8103
-73.8346
-73.8587
-73.8825
-73.9061
-73.9294
-73.9524
-73.9753
-73.9979
-74.0202
-74.0423
-74.0642
-74.0859
-74.1073
-74.1285
-74.1495
-74.1703
-74.1909
-74.2112
-74.2313
-74.2513
-74.271
-74.2905
-74.3098
-74.329
-74.3479
-74.3666
-74.3852
-74.4036
-74.4217
-74.4397
-74.4575
-74.4752
-74.4926
-74.5099
-74.527
-74.544
-74.5607
-74.5774
-74.5938
-74.6101
-74.6262
-74.6422
-74.658
-74.6736
-74.6891
-74.7045
-74.7197
-74.7347
-74.7496
-74.7644
-74.779
-74.7935
-74.8079
-74.8221
-74.8362
-74.8501
-74.864
-74.8777
-74.8913
-74.9047
-74.918
-74.9313
-74.9443
-74.9573
-74.9701
-74.9829
-74.9955
-75.008
-75.0204
-75.0327
-75.0448
-75.0569
-75.0688
-75.0806
-75.0924
-75.104
-75.1155
-75.1269
-75.1382
-75.1495
-75.1606
-75.1716
-75.1825
-75.1933
-75.204
-75.2147
-75.2252
-75.2356
-75.246
-75.2562
-75.2664
-75.2764
-75.2864
-75.2963
-75.3061
-75.3158
-75.3255
-75.335
-75.3445
-75.3538
-75.3631
-75.3724
-75.3815
-75.3906
-75.3995
-75.4084
-75.4172
-75.426
-75.4346
-75.4432
-75.4518
-75.4602
-75.4686
-75.4769
-75.4851
-75.4932
-75.5013
-75.5093
-75.5173
-75.5251
-75.533
-75.5407
-75.5484
-75.556
-75.5635
-75.571
-75.5784
-75.5858
-75.593
-75.6003
-75.6074
-75.6145
-75.6216
-75.6285
-75.6355
-75.6423
-75.6491
-75.6559
-75.6626
-75.6692
-75.6758
-75.6823
-75.6888
-75.6952
-75.7015
-75.7078
-75.7141
-75.7203
-75.7264
-75.7325
-75.7386
-75.7446
-75.7505
-75.7564
-75.7622
-75.768
-75.7738
-75.7795
-75.7851
-75.7907
-75.7963
-75.8018
-75.8072
-75.8127
-75.818
-75.8234
-75.8287
-75.8339
-75.8391
-75.8443
-75.8494
-75.8545
-75.8595
-75.8645
-75.8695
-75.8744
-75.8793
-75.8841
-75.8889
-75.8937
-75.8984
-75.9031
-75.9077
-75.9123
-75.9169
-75.9214
-75.9259
-75.9304
-75.9348
-75.9392
-75.9436
-75.9479
-75.9522
-75.9565
-75.9607
-75.9649
-75.969
-75.9731
-75.9772
-75.9813
-75.9853
-75.9893
-75.9933
-75.9972
-76.0011
-76.005
-76.0088
-76.0126
-76.0164
-76.0201
-76.0239
-76.0275
-76.0312
-76.0348
-76.0384
-76.042
-76.0456
-76.0491
-76.0526
-76.056
-76.0595
-76.0629
-76.0663
-76.0696
-76.0729
-76.0762
-76.0795
-76.0828
-76.086
-76.0892
-76.0924
-76.0955
-76.0986
-76.1017
-76.1048
-76.1079
-76.1109
-76.1139
-76.1169
-76.1198
-76.1228
-76.1257
-76.1286
-76.1314
-76.1343
-76.1371
-76.1399
-76.1427
-76.1455
-76.1482
-76.1509
-76.1536
-76.1563
-76.1589
-76.1615
-76.1642
-76.1667
-76.1693
-76.1719
-76.1744
-76.1769
-76.1794
-76.1819
-76.1843
-76.1868
-76.1892
-76.1916
-76.1939
-76.1963
-76.1986
-76.201
-76.2033
-76.2056
-76.2078
-76.2101
-76.2123
-76.2145
-76.2167
-76.2189
-76.2211
-76.2232
-76.2254
-76.2275
-76.2296
-76.2317
-76.2337
-76.2358
-76.2378
-76.2398
-76.2418
-76.2438
-76.2458
-76.2478
-76.2497
-76.2516
-76.2536
-76.2554
-76.2573
-76.2592
-76.2611
-76.2629
-76.2647
-76.2665
-76.2683
-76.2701
-76.2719
-76.2737
-76.2754
-76.2771
-76.2788
-76.2806
-76.2822
-76.2839
-76.2856
-76.2872
-76.2889
-76.2905
-76.2921
-76.2937
-76.2953
-76.2969
-76.2985
-76.3
-76.3016
-76.3031
-76.3046
-76.3061
-76.3076
-76.3091
-76.3106
-76.312
-76.3135
-76.3149
-76.3164
-76.3178
-76.3192
-76.3206
-76.322
-76.3233
-76.3247
-76.3261
-76.3274
-76.3287
-76.33
-76.3314
-76.3327
-76.334
-76.3352
-76.3365
-76.3378
-76.339
-76.3403
-76.3415
-76.3427
-76.3439
-76.3452
-76.3464
-76.3475
-76.3487
-76.3499
-76.351
-76.3522
-76.3533
-76.3545
-76.3556
-76.3567
-76.3578
-76.3589
-76.36
-76.3611
-76.3622
-76.3632
-76.3643
-76.3654
-76.3664
-76.3674
-76.3685
-76.3695
-76.3705
-76.3715
-76.3725
-76.3735
-76.3745
-76.3754
-76.3764
-76.3774
-76.3783
-76.3793
-76.3802
-76.3811
-76.382
-76.383
-76.3839
-76.3848
-76.3857
-76.3866
-76.3874
-76.3883
-76.3892
-76.39
-76.3909
-76.3917
-76.3926
-76.3934
-76.3943
-76.3951
-76.3959
-76.3967
-76.3975
-76.3983
-76.3991
-76.3999
-76.4007
-76.4014
-76.4022
-76.403
-76.4037
-76.4045
-76.4052
-76.406
-75.2607
-70.9439
-67.3697
-64.6701
-62.5566
-60.7809
-59.0723
-56.9387
-51.9103
39.4016
-12.6824
-45.0732
-78.6373
-78.9118
-78.783
-78.6368
-78.4771
-78.304
-78.1179
-77.9195
-77.6101
-75.321
-73.6179
-72.559
-71.7767
-71.1299
-70.5619
-70.0487
-69.5796
-69.1497
-68.7827
-69.0853
-69.4113
-69.622
-69.7581
-69.8471
-69.9065
-69.9476
-67.9874
-65.2008
-63.1353
-62.066
-62.2623
-62.5217
-62.741
-62.933
-63.1067
-63.2668
-63.4176
-63.5621
-63.703
-63.8418
-63.9799
-64.1182
-64.257
-64.3963
-64.5362
-64.6769
-64.8184
-64.9607
-65.1038
-65.2476
-65.3917
-65.5358
-65.6796
-65.8229
-65.9656
-66.1076
-66.2488
-66.3889
-66.5278
-66.6652
-66.801
-66.9351
-67.0674
-64.5806
-61.8904
-59.746
-57.7828
-55.3365
-48.3975
25.4527
-21.4102
-61.4296
-79.3221
-79.5675
-79.1017
-77.8848
-77.397
-77.0872
-76.7876
-76.4789
-76.1601
-75.8331
-75.5011
-74.7091
-71.9931
-69.8628
-68.3736
-67.3391
-67.5413
-68.226
-69.2149
-70.3936
-71.5193
-72.1794
-72.5199
-72.7032
-72.8062
-72.8662
-72.9026
-73.0886
-73.3601
-73.6654
-73.9657
-74.16
-74.2871
-74.3739
-74.4354
-74.4808
-74.5155
-74.543
-74.5656
-74.5848
-74.6016
-74.6167
-74.6307
-74.6439
-74.6565
-74.6687
-74.6807
-74.6925
-74.7043
-74.716
-74.7278
-74.7396
-74.7514
-74.7634
-74.7754
-74.7874
-74.7995
-74.8117
-74.8239
-74.8362
-74.8485
-74.8608
-74.8731
-74.8855
-74.8978
-74.9101
-74.9225
-74.9347
-74.947
-74.9592
-74.9714
-74.9835
-74.9956
-75.0077
-75.0196
-75.0315
-75.0433
-75.0551
-75.0668
-75.0784
-75.0899
-75.1014
-75.1127
-75.124
-75.1352
-75.1463
-75.1573
-75.1683
-75.1791
-75.1899
-75.2006
-75.2112
-72.0367
-68.1331
-65.1616
-62.8705
-60.9894
-59.2397
-57.1659
-52.8592
44.1563
-8.98848
-40.2097
-78.8736
-79.7284
-79.7075
-79.203
-77.887
-77.3806
-77.0663
-76.7644
-76.4541
-76.1337
-75.8054
-75.4722
-74.459
-71.7661
-69.7342
-68.303
-67.2234
-66.368
-65.6669
-65.0793
-64.5795
-64.3138
-63.2039
-62.2989
-61.6326
-61.1112
-60.6825
-60.3097
-59.9681
-59.6425
-59.3125
-58.4585
-56.3054
-52.1419
44.0972
-10.8604
-42.1779
-78.433
-79.3653
-79.2773
-79.1119
-78.9949
-78.8818
-78.7624
-78.6362
-78.5037
-78.3662
-78.2248
-78.0811
-77.9365
-77.7925
-77.6507
-77.5123
-77.3787
-77.2508
-77.1295
-77.0153
-76.9086
-76.8097
-76.7185
-76.6351
-76.5591
-76.4903
-76.4284
-76.3728
-76.3232
-76.2791
-76.2378
-74.6751
-70.7167
-67.8212
-65.8279
-64.4089
-63.3615
-62.5576
-61.9132
-61.3733
-60.8967
-60.4553
-60.0162
-59.5539
-59.0219
-57.2407
-53.1248
45.5416
-6.94018
-37.9995
-78.1866
-79.3797
-79.3236
-79.2407
-79.149
-78.0384
-76.6761
-76.024
-75.5863
-75.2524
-74.9407
-74.6358
-74.3387
-74.1546
-74.0222
-73.9532
-73.9589
-71.59
-69.505
-68.2554
-67.4696
-66.9476
-66.5859
-66.3285
-66.1425
-66.0081
-65.9127
-66.3802
-67.24
-67.8878
-68.3646
-68.7251
-69.0048
-69.2271
-69.8471
-70.513
-71.0098
-71.3834
-71.6708
-71.8965
-72.0773
-72.2248
-72.3473
-72.4507
-72.5393
-72.6164
-72.6845
-72.7454
-72.8005
-72.851
-72.8978
-72.9415
-72.9827
-73.0219
-73.0592
-73.0951
-73.1298
-73.1635
-73.1962
-73.2282
-73.2595
-73.2901
-73.3203
-73.3499
-73.3791
-73.4079
-73.4364
-73.4644
-73.4922
-73.5196
-73.5467
-73.5735
-73.6
-73.6263
-73.6522
-73.6779
-73.7034
-73.7286
-73.7535
-73.7782
-73.8026
-73.8268
-73.8508
-73.8745
-73.898
-73.9212
-73.9443
-73.9671
-73.9896
-74.012
-74.0341
-74.056
-74.0776
-74.0991
-74.1203
-74.1414
-74.1622
-74.1828
-74.2032
-74.2233
-74.2433
-74.2631
-74.2827
-74.3021
-74.3212
-74.3402
-74.359
-74.3777
-74.3961
-70.9005
-67.1901
-64.3787
-62.1884
-60.341
-58.5152
-56.04
-47.3942
23.5234
-21.155
-62.597
-79.1642
-78.7678
-78.5696
-78.3988
-78.2148
-78.0164
-77.8041
-77.579
-77.3426
-76.6256
-74.1177
-72.3344
-71.1582
-70.2768
-69.5596
-69.0537
-69.1143
-69.152
-69.0382
-66.9836
-65.0725
-63.7226
-62.7279
-61.957
-61.3299
-60.7928
-60.3094
-59.8467
-59.3798
-58.8667
-58.2586
-57.4424
-56.1441
-53.0403
38.1942
-6.28967
-37.6125
-77.6828
-79.1139
-79.0379
-78.9249
-78.8009
-78.6668
-78.5233
-78.3708
-78.2106
-78.0438
-77.8721
-77.6972
-77.5209
-77.3452
-77.1719
-77.0028
-76.8393
-76.6829
-76.5345
-76.395
-76.2649
-76.1444
-76.0338
-75.9328
-75.8413
-75.7589
-75.6851
-75.6195
-75.5614
-75.5104
-75.4659
-75.4272
-75.394
-75.3656
-75.3416
-75.3215
-75.305
-75.2916
-75.281
-75.2729
-75.267
-75.263
-75.2607
-75.2599
-72.9261
-68.8686
-65.7192
-63.3113
-61.3677
-59.618
-57.6743
-54.2806
35.0289
-0.0903377
-32.9225
-76.9819
-79.0845
-78.9973
-78.8754
-78.7413
-78.5952
-78.4375

