-70
-70.0758
-70.1508
-70.225
-70.2983
-70.3706
-70.4419
-70.5122
-70.5814
-70.6496
-70.7168
-70.7829
-70.848
-70.9121
-70.9752
-71.0373
-71.0984
-71.1586
-71.2178
-71.2761
-71.3334
-71.3899
-71.4455
-71.5003
-71.5543
-71.6074
-71.6598
-71.7114
-71.7623
-71.8124
-71.8619
-71.9106
-71.9587
-72.006
-72.0527
-72.0988
-72.1442
-72.1889
-72.2331
-72.2766
-72.3196
-72.362
-72.4038
-72.445
-72.4857
-72.5258
-72.5654
-72.6045
-72.6431
-72.6812
-72.7188
-72.756
-72.7927
-72.8289
-72.8647
-72.9
-72.9349
-72.9694
-73.0035
-73.0371
-73.0704
-73.1032
-73.1357
-73.1678
-73.1994
-73.2307
-73.2617
-73.2922
-73.3224
-73.3523
-73.3817
-73.4109
-73.4397
-73.4682
-73.4963
-73.5241
-73.5516
-73.5788
-73.6057
-73.6323
-73.6585
-73.6845
-73.7102
-73.7356
-73.7608
-73.7857
-73.8103
-73.8346
-73.8587
-73.8825
-73.9061
-73.9294
-73.9524
-73.9753
-73.9979
-74.0202
-74.0423
-74.0642
-74.0859
-74.1073
-74.1285
-74.1495
-74.1703
-74.1909
-74.2112
-74.2313
-74.2513
-74.271
-74.2905
-74.3098
-74.329
-74.3479
-74.3666
-74.3852
-74.4036
-74.4217
-74.4397
-74.4575
-74.4752
-74.4926
-74.5099
-74.527
-74.544
-74.5607
-74.5774
-74.5938
-74.6101
-74.6262
-74.6422
-74.658
-74.6736
-74.6891
-74.7045
-74.7197
-74.7347
-74.7496
-74.7644
-74.779
-74.7935
-74.8079
-74.8221
-74.8362
-74.8501
-74.864
-74.8777
-74.8913
-74.9047
-74.918
-74.9313
-74.9443
-74.9573
-74.9701
-74.9829
-74.9955
-75.008
-75.0204
-75.0327
-75.0448
-75.0569
-75.0688
-75.0806
-75.0924
-75.104
-75.1155
-75.1269
-75.1382
-75.1495
-75.1606
-75.1716
-75.1825
-75.1933
-75.204
-75.2147
-75.2252
-75.2356
-75.246
-75.2562
-75.2664
-75.2764
-75.2864
-75.2963
-75.3061
-75.3158
-75.3255
-75.335
-75.3445
-75.3538
-75.3631
-75.3724
-75.3815
-75.3906
-75.3995
-75.4084
-75.4172
-75.426
-75.4346
-75.4432
-75.4518
-75.4602
-75.4686
-75.4769
-75.4851
-75.4932
-75.5013
-75.5093
-75.5173
-75.5251
-75.533
-75.5407
-75.5484
-75.556
-75.5635
-75.571
-75.5784
-75.5858
-75.593
-75.6003
-75.6074
-75.6145
-75.6216
-75.6285
-75.6355
-75.6423
-75.6491
-75.6559
-75.6626
-75.6692
-75.6758
-75.6823
-75.6888
-75.6952
-75.7015
-75.7078
-75.7141
-75.7203
-75.7264
-75.7325
-75.7386
-75.7446
-75.7505
-75.7564
-75.7622
-75.768
-75.7738
-75.7795
-75.7851
-75.7907
-75.7963
-75.8018
-75.8072
-75.8127
-75.818
-75.8234
-75.8287
-75.8339
-75.8391
-75.8443
-75.8494
-75.8545
-75.8595
-75.8645
-75.8695
-75.8744
-75.8793
-75.8841
-75.8889
-75.8937
-75.8984
-75.9031
-75.9077
-75.9123
-75.9169
-75.9214
-75.9259
-75.9304
-75.9348
-75.9392
-75.9436
-75.9479
-75.9522
-75.9565
-75.9607
-75.9649
-75.969
-75.9731
-75.9772
-75.9813
-75.9853
-75.9893
-75.9933
-75.9972
-76.0011
-76.005
-76.0088
-76.0126
-76.0164
-76.0201
-76.0239
-76.0275
-76.0312
-76.0348
-76.0384
-76.042
-76.0456
-76.0491
-76.0526
-76.056
-76.0595
-76.0629
-76.0663
-76.0696
-76.0729
-76.0762
-76.0795
-76.0828
-76.086
-76.0892
-76.0924
-76.0955
-76.0986
-76.1017
-76.1048
-76.1079
-76.1109
-76.1139
-76.1169
-76.1198
-76.1228
-76.1257
-76.1286
-76.1314
-76.1343
-76.1371
-76.1399
-76.1427
-76.1455
-76.1482
-76.1509
-76.1536
-76.1563
-76.1589
-76.1615
-76.1642
-76.1667
-76.1693
-76.1719
-76.1744
-76.1769
-76.1794
-76.1819
-76.1843
-76.1868
-76.1892
-76.1916
-76.1939
-76.1963
-76.1986
-76.201
-76.2033
-76.2056
-76.2078
-76.2101
-76.2123
-76.2145
-76.2167
-76.2189
-76.2211
-76.2232
-76.2254
-76.2275
-76.2296
-76.2317
-76.2337
-76.2358
-76.2378
-76.2398
-76.2418
-76.2438
-76.2458
-76.2478
-76.2497
-76.2516
-76.2536
-76.2554
-76.2573
-76.2592
-76.2611
-76.2629
-76.2647
-76.2665
-76.2683
-76.2701
-76.2719
-76.2737
-76.2754
-76.2771
-76.2788
-76.2806
-76.2822
-76.2839
-76.2856
-76.2872
-76.2889
-76.2905
-76.2921
-76.2937
-76.2953
-76.2969
-76.2985
-76.3
-76.3016
-76.3031
-76.3046
-76.3061
-76.3076
-76.3091
-76.3106
-76.312
-76.3135
-76.3149
-76.3164
-76.3178
-76.3192
-76.3206
-76.322
-76.3233
-76.3247
-76.3261
-76.3274
-76.3287
-76.33
-76.3314
-76.3327
-76.334
-76.3352
-76.3365
-76.3378
-76.339
-76.3403
-76.3415
-76.3427
-76.3439
-76.3452
-76.3464
-76.3475
-76.3487
-76.3499
-76.351
-76.3522
-76.3533
-76.3545
-76.3556
-76.3567
-76.3578
-76.3589
-76.36
-76.3611
-76.3622
-76.3632
-76.3643
-76.3654
-76.3664
-76.3674
-76.3685
-76.3695
-76.3705
-76.3715
-76.3725
-76.3735
-76.3745
-76.3754
-76.3764
-76.3774
-76.3783
-76.3793
-76.3802
-76.3811
-76.382
-76.383
-76.3839
-76.3848
-76.3857
-76.3866
-76.3874
-76.3883
-76.3892
-76.39
-76.3909
-76.3917
-76.3926
-76.3934
-76.3943
-76.3951
-76.3959
-76.3967
-76.3975
-76.3983
-76.3991
-76.3999
-76.4007
-76.4014
-76.4022
-76.403
-76.4037
-76.4045
-76.4052
-76.406
-76.4067
-76.4074
-76.4082
-76.4089
-76.4096
-76.4103
-76.411
-76.4117
-76.4124
-73.9857
-69.7641
-66.4866
-63.9897
-62.0028
-60.2797
-58.5179
-56.0299
-46.3611
21.6001
-21.8092
-63.9917
-79.1502
-79.1926
-79.095
-78.9849
-78.8645
-78.7336
-78.5927
-78.4423
-78.2832
-78.1166
-77.9441
-77.7674
-77.5884
-77.4091
-77.2313
-76.9658
-76.5977
-76.32
-76.1283
-75.9885
-75.8922
-75.8215
-75.7955
-75.7872
-75.7781
-75.7688
-75.7625
-75.7755
-75.7852
-75.8011
-75.414
-71.9684
-69.5752
-68.2221
-67.4219
-66.9318
-66.6251
-66.4331
-66.3157
-66.249
-66.2179
-66.213
-66.2277
-66.2577
-66.3
-66.3522
-66.4126
-66.4799
-66.553
-66.631
-66.7133
-65.249
-62.625
-60.5186
-58.6678
-56.5484
-52.1491
42.7778
-11.4968
-43.1441
-78.8428
-79.6024
-79.569
-78.308
-77.6502
-77.3315
-77.0449
-76.751
-76.4457
-76.1307
-75.8087
-75.4829
-73.0259
-70.6997
-69.0971
-67.9209
-67.0048
-66.2615
-65.642
-65.1168
-64.6671
-64.2803
-63.9482
-64.096
-65.0838
-66.033
-68.2035
-69.8318
-70.8916
-71.9505
-72.9596
-74.0123
-74.5915
-74.888
-75.1592
-75.3536
-75.4752
-75.5622
-75.6138
-75.6656
-75.6957
-75.7125
-75.7313
-75.7582
-75.7755
-75.7864
-75.7938
-75.7992
-75.8034
-75.807
-75.8101
-75.813
-75.8158
-75.8186
-75.8214
-75.8242
-75.827
-75.83
-75.833
-75.8361
-75.8393
-75.8426
-75.846
-75.8495
-75.853
-75.8567
-75.8604
-75.8642
-75.868
-75.8719
-75.8758
-75.8798
-75.8838
-75.8879
-75.892
-75.8961
-75.9003
-75.9044
-75.9086
-75.9128
-75.917
-75.9212
-75.9254
-75.9296
-75.9337
-75.9379
-75.9421
-75.9462
-75.9504
-75.9545
-75.9586
-75.9627
-75.9667
-75.9708
-75.9748
-75.9788
-75.9828
-75.9867
-75.9907
-75.5753
-71.4412
-67.711
-64.902
-62.7177
-60.9024
-59.1852
-57.1024
-52.5669
42.7054
-10.2979
-41.7534
-78.4779
-78.897
-78.765
-78.6167
-78.4547
-78.2791
-78.0902
-77.8889
-77.6763
-75.4889
-73.6974
-72.59
-71.7838
-71.1233
-70.5465
-70.0271
-69.5531
-68.5656
-66.0942
-64.0682
-62.534
-61.2948
-60.2095
-59.6927
-60.3206
-62.0179
-63.7936
-64.9308
-64.8749
-64.702
-64.6078
-65.0902
-66.7492
-67.8202
-68.4452
-68.8311
-69.0825
-69.2552
-69.3805
-69.4762
-69.5534
-69.6187
-69.8795
-70.4732
-70.9335
-71.2713
-71.8739
-72.3983
-72.8743
-73.3942
-73.7561
-74.0046
-74.1811
-74.3103
-74.4075
-74.4825
-71.2426
-68.0474
-65.845
-64.2964
-63.1679
-62.3125
-61.6362
-61.0751
-60.588
-60.1381
-59.6982
-59.2379
-58.7106
-58.0517
-57.1018
-55.3881
-49.5684
30.0878
-19.192
-56.6257
-78.8026
-79.0103
-78.8979
-78.7668
-78.6237
-78.469
-78.2036
-76.1199
-74.7174
-73.8897
-73.2647
-72.7232
-72.2254
-71.7574
-71.3151
-70.898
-70.5069
-68.5309
-65.9018
-63.9174
-62.3971
-61.1562
-60.056
-59.8761
-60.6221
-61.5071
-64.33
-66.5424
-67.9616
-68.8966
-69.5337
-70.2928
-71.4881
-72.5837
-73.2843
-73.6986
-74.087
-74.5041
-74.7721
-74.9266
-75.0203
-75.08
-75.1201
-75.1482
-75.1688
-75.1847
-75.1974
-75.2424
-75.3221
-75.3822
-75.4263
-75.4596
-75.4855
-75.5063
-75.5233
-75.5376
-75.5499
-75.5607
-75.5703
-75.5791
-75.5873
-75.595
-75.6022
-75.6092
-75.616
-75.6225
-75.629
-75.6353
-75.6416
-75.6477
-75.6539
-75.66
-75.666
-75.695
-75.7299
-75.7583
-75.7815
-75.8009
-75.8172
-75.8311
-75.8432
-75.8539
-75.8634
-75.872
-75.8798
-75.887
-75.8937
-75.9
-75.9059
-75.9115
-75.9169
-75.9221
-75.9271
-75.9319
-75.9367
-75.9413
-75.9458
-75.9503
-75.9547
-75.959
-75.9632
-75.9674
-75.9716
-75.9757
-75.9797
-75.9838
-75.9877
-75.9917
-75.9956
-75.9995
-76.0034
-76.0072
-76.011
-76.0148
-76.0185
-73.184
-69.0837
-65.9391
-63.5339
-61.5991
-59.8786
-58.0275
-55.075
-24.4126
7.71664
-28.3521
-74.4111
-78.9346
-78.8324
-78.6913
-78.5363
-78.3677
-78.1858
-77.9912
-77.7848
-76.6567
-74.4141
-72.9931
-72.0441
-71.3079
-70.6848
-70.1328
-69.6334
-69.178
-68.1948
-65.6873
-63.625
-62.0495
-60.7538
-59.5757
-58.3421
-58.4172
-60.4228
-62.4834
-65.2452
-68.0898
-70.2575
-71.6817
-72.8526
-73.564
-73.9378
-74.1447
-74.266
-74.3411
-74.39
-74.4235
-74.4477
-74.4661
-74.4809
-74.4935
-74.5047
-74.515
-74.5249
-74.5346
-74.5442
-74.5539
-74.5638
-74.5739
-74.5842
-74.5947
-71.9462
-68.1799
-65.3595
-63.2457
-61.5763
-60.1341
-58.6895
-56.8326
-52.7279
44.348
-9.26438
-40.5147
-78.8476
-79.7437
-79.727
-79.6926
-79.654
-79.6115
-79.5651
-79.5149
-79.461
-79.4037
-79.3433
-78.5321
-74.7415
-71.9736
-70.1294
-68.7962
-67.7727
-66.9528
-66.2768
-65.7087
-65.2261
-64.8137
-62.7748
-60.5793
-58.6194
-56.302
-50.652
34.5073
-16.3333
-51.1879
-79.1104
-78.7203
-78.4452

