-70
-70.0758
-70.1508
-70.225
-70.2983
-70.3706
-70.4419
-70.5122
-70.5814
-70.6496
-70.7168
-70.7829
-70.848
-70.9121
-70.9752
-71.0373
-71.0984
-71.1586
-71.2178
-71.2761
-71.3334
-71.3899
-71.4455
-71.5003
-71.5543
-71.6074
-71.6598
-71.7114
-71.7623
-71.8124
-71.8619
-71.9106
-71.9587
-72.006
-72.0527
-72.0988
-72.1442
-72.1889
-72.2331
-72.2766
-72.3196
-72.362
-72.4038
-72.445
-72.4857
-72.5258
-72.5654
-72.6045
-72.6431
-72.6812
-72.7188
-72.756
-72.7927
-72.8289
-72.8647
-72.9
-72.9349
-72.9694
-73.0035
-73.0371
-73.0704
-73.1032
-73.1357
-73.1678
-73.1994
-73.2307
-73.2617
-73.2922
-73.3224
-73.3523
-73.3817
-73.4109
-73.4397
-73.4682
-73.4963
-73.5241
-73.5516
-73.5788
-73.6057
-73.6323
-73.6585
-73.6845
-73.7102
-73.7356
-73.7608
-73.7857
-73.8103
-73.8346
-73.8587
-73.8825
-73.9061
-73.9294
-73.9524
-73.9753
-73.9979
-74.0202
-74.0423
-74.0642
-74.0859
-74.1073
-74.1285
-74.1495
-74.1703
-74.1909
-74.2112
-74.2313
-74.2513
-74.271
-74.2905
-74.3098
-74.329
-74.3479
-74.3666
-74.3852
-74.4036
-74.4217
-74.4397
-74.4575
-74.4752
-74.4926
-74.5099
-74.527
-74.544
-74.5607
-74.5774
-74.5938
-74.6101
-74.6262
-74.6422
-74.658
-74.6736
-74.6891
-74.7045
-74.7197
-74.7347
-74.7496
-74.7644
-74.779
-74.7935
-74.8079
-74.8221
-74.8362
-74.8501
-74.864
-74.8777
-74.8913
-74.9047
-74.918
-74.9313
-74.9443
-74.9573
-74.9701
-74.9829
-74.9955
-75.008
-75.0204
-75.0327
-75.0448
-75.0569
-75.0688
-75.0806
-75.0924
-75.104
-75.1155
-75.1269
-75.1382
-75.1495
-75.1606
-75.1716
-75.1825
-75.1933
-75.204
-75.2147
-75.2252
-75.2356
-75.246
-75.2562
-75.2664
-75.2764
-75.2864
-75.2963
-75.3061
-75.3158
-75.3255
-75.335
-75.3445
-75.3538
-75.3631
-75.3724
-75.3815
-75.3906
-75.3995
-75.4084
-75.4172
-75.426
-75.4346
-75.4432
-75.4518
-75.4602
-75.4686
-75.4769
-75.4851
-75.4932
-75.5013
-75.5093
-75.5173
-75.5251
-75.533
-75.5407
-75.5484
-75.556
-75.5635
-75.571
-75.5784
-75.5858
-75.593
-75.6003
-75.6074
-75.6145
-75.6216
-75.6285
-75.6355
-75.6423
-75.6491
-75.6559
-75.6626
-75.6692
-75.6758
-75.6823
-75.6888
-75.6952
-75.7015
-75.7078
-75.7141
-75.7203
-75.7264
-75.7325
-75.7386
-75.7446
-75.7505
-75.7564
-75.7622
-75.768
-75.7738
-75.7795
-75.7851
-75.7907
-75.7963
-75.8018
-75.8072
-75.8127
-75.818
-75.8234
-75.8287
-75.8339
-75.8391
-75.8443
-75.8494
-75.8545
-75.8595
-75.8645
-75.8695
-75.8744
-75.8793
-75.8841
-75.8889
-75.8937
-75.8984
-75.9031
-75.9077
-75.9123
-75.9169
-75.9214
-75.9259
-75.9304
-75.9348
-75.9392
-75.9436
-75.9479
-75.9522
-75.9565
-75.9607
-75.9649
-75.969
-75.9731
-75.9772
-75.9813
-75.9853
-75.9893
-75.9933
-75.9972
-76.0011
-76.005
-76.0088
-76.0126
-76.0164
-76.0201
-76.0239
-76.0275
-76.0312
-76.0348
-76.0384
-76.042
-76.0456
-76.0491
-76.0526
-76.056
-76.0595
-76.0629
-76.0663
-76.0696
-76.0729
-76.0762
-76.0795
-76.0828
-76.086
-76.0892
-76.0924
-76.0955
-76.0986
-76.1017
-76.1048
-76.1079
-76.1109
-76.1139
-76.1169
-76.1198
-76.1228
-76.1257
-76.1286
-76.1314
-76.1343
-76.1371
-76.1399
-76.1427
-76.1455
-76.1482
-76.1509
-76.1536
-76.1563
-76.1589
-76.1615
-76.1642
-76.1667
-76.1693
-76.1719
-76.1744
-76.1769
-76.1794
-76.1819
-76.1843
-76.1868
-76.1892
-76.1916
-76.1939
-76.1963
-76.1986
-76.201
-76.2033
-76.2056
-76.2078
-76.2101
-76.2123
-76.2145
-76.2167
-76.2189
-76.2211
-76.2232
-76.2254
-76.2275
-76.2296
-76.2317
-76.2337
-76.2358
-76.2378
-76.2398
-76.2418
-76.2438
-76.2458
-76.2478
-76.2497
-76.2516
-76.2536
-76.2554
-76.2573
-76.2592
-76.2611
-76.2629
-76.2647
-76.2665
-76.2683
-76.2701
-76.2719
-76.2737
-76.2754
-76.2771
-76.2788
-76.2806
-76.2822
-76.2839
-76.2856
-76.2872
-76.2889
-76.2905
-76.2921
-76.2937
-76.2953
-76.2969
-76.2985
-76.3
-76.3016
-76.3031
-76.3046
-76.3061
-76.3076
-76.3091
-76.3106
-76.312
-76.3135
-76.3149
-76.3164
-76.3178
-76.3192
-76.3206
-76.322
-76.3233
-76.3247
-76.3261
-76.3274
-76.3287
-76.33
-76.3314
-76.3327
-76.334
-76.3352
-76.3365
-76.3378
-76.339
-76.3403
-76.3415
-76.3427
-76.3439
-76.3452
-76.3464
-76.3475
-76.3487
-76.3499
-76.351
-76.3522
-76.3533
-76.3545
-76.3556
-76.3567
-76.3578
-76.3589
-76.36
-76.3611
-76.3622
-76.3632
-76.3643
-76.3654
-76.3664
-76.3674
-76.3685
-76.3695
-76.3705
-76.3715
-76.3725
-76.3735
-76.3745
-76.3754
-76.3764
-76.3774
-76.3783
-76.3793
-76.3802
-76.3811
-76.382
-76.383
-76.3839
-76.3848
-76.3857
-76.3866
-76.3874
-76.3883
-76.3892
-76.39
-76.3909
-76.3917
-76.3926
-76.3934
-76.3943
-76.3951
-76.3959
-76.3967
-76.3975
-76.3983
-76.3991
-76.3999
-76.4007
-76.4014
-76.4022
-76.403
-76.4037
-76.4045
-76.4052
-76.406
-76.4067
-76.4074
-76.4082
-76.4089
-76.4096
-76.4103
-76.411
-76.4117
-76.4124
-76.4131
-76.4137
-76.4144
-76.4151
-76.4158
-76.4164
-76.4171
-76.4177
-76.4184
-76.419
-76.4196
-76.4203
-76.4209
-76.4215
-76.4221
-76.4227
-76.4234
-76.424
-76.4246
-76.4251
-76.4257
-76.4263
-76.4269
-76.4163
-76.3736
-76.3366
-76.3077
-76.2849
-76.2668
-76.2523
-76.2406
-76.2312
-76.2237
-76.2176
-76.2128
-76.2091
-76.2062
-76.1926
-76.171
-76.1542
-76.1414
-76.1316
-76.1242
-76.1186
-76.1144
-76.1113
-76.1087
-76.0973
-76.0869
-76.0793
-76.0739
-76.0701
-76.0674
-76.0657
-76.0648
-76.0644
-76.0645
-76.0649
-76.0658
-76.0669
-76.0682
-76.0697
-76.0714
-76.0733
-76.0753
-76.0774
-76.0796
-76.0819
-76.0843
-76.0868
-76.0893
-76.0918
-76.0944
-76.097
-76.0997
-76.1024
-76.1051
-76.1078
-76.1106
-76.1133
-76.116
-76.1188
-76.1215
-76.1243
-76.127
-76.1298
-76.1325
-76.1353
-76.138
-76.1407
-76.1354
-76.1137
-76.0952
-76.0823
-76.0732
-76.0668
-76.0623
-76.0592
-76.0529
-76.0467
-76.0425
-76.0399
-76.0383
-76.0375
-76.0373
-76.0376
-76.0382
-76.0369
-76.0315
-76.0276
-76.0253
-76.0241
-76.0237
-76.0238
-76.0243
-76.0251
-76.0262
-76.0275
-76.029
-76.0306
-76.0324
-76.0343
-76.0363
-76.0384
-76.0406
-76.0429
-76.0453
-76.0477
-76.0502
-76.0528
-76.0554
-76.0581
-76.0608
-76.0635
-76.0663
-76.0691
-76.0719
-76.0748
-76.0777
-76.0806
-76.0835
-76.0864
-76.0893
-76.0922
-76.0952
-76.0981
-76.101
-76.1039
-76.1068
-76.1097
-76.1126
-76.1155
-76.1184
-76.1212
-76.1241
-76.1269
-76.1297
-76.1325
-76.1353
-76.1381
-76.1408
-76.1436
-76.1463
-76.149
-76.1517
-76.1544
-76.157
-76.1596
-76.1622
-76.1648
-76.1674
-76.17
-76.1725
-76.175
-76.1775
-76.18
-76.1824
-76.1849
-76.1873
-76.1897
-76.1921
-76.1945
-76.1968
-76.1992
-76.2015
-76.2038
-76.2061
-76.2083
-76.2106
-76.2128
-76.215
-76.2172
-76.2194
-76.2215
-76.2237
-76.2258
-76.2279
-76.23
-76.2321
-76.2342
-76.222
-76.2024
-76.1867
-76.1745
-76.165
-76.1576
-76.1518
-76.1474
-76.144
-76.1416
-76.1398
-76.134
-76.12
-76.1089
-76.1006
-76.0945
-76.09
-76.0868
-76.0846
-76.0831
-76.0766
-76.0693
-76.064
-76.0604
-76.058
-76.0564
-76.0556
-76.0554
-76.0556
-76.0562
-76.0571
-76.0578
-76.0538
-76.0502
-76.0479
-76.0466
-76.0459
-76.0458
-76.0461
-76.0468
-76.0478
-76.0491
-76.0506
-76.0522
-76.054
-76.056
-76.0581
-76.0602
-76.0625
-76.0649
-76.0673
-76.0698
-76.0724
-76.075
-76.0777
-76.0804
-76.0831
-76.0859
-76.0887
-76.0915
-76.0943
-76.0971
-76.0999
-76.1028
-76.1056
-76.1085
-76.1113
-76.1141
-76.117
-76.1198
-76.1226
-76.1254
-76.1282
-76.131
-76.1338
-76.1274
-76.1181
-76.111
-76.1056
-76.1016
-76.0988
-76.0968
-76.0955
-76.0949
-76.0947
-76.0949
-76.0955
-76.0964
-76.0975
-76.0989
-76.1004
-76.0946
-76.0868
-76.081
-76.0768
-76.0739
-76.0712
-76.0635
-76.0571
-76.0528
-76.0499
-76.048
-76.047
-76.0466
-76.0467
-76.0472
-76.0481
-76.0492
-76.0506
-76.0521
-76.0522
-76.0491
-76.0469
-76.0456
-76.0449
-76.0449
-76.0421
-76.039
-76.037
-76.0359
-76.0355
-76.0356
-76.0361
-76.037
-76.0381
-76.0394
-76.041
-76.0427
-76.0445
-76.0465
-76.0486
-76.0508
-76.0531
-76.0555
-76.058
-76.0605
-76.0631
-76.0657
-76.0684
-76.0711
-76.0739
-76.0766
-76.0795
-76.0823
-76.0851
-76.088
-76.0909
-76.0937
-76.0966
-76.0995
-76.1024
-76.1053
-76.1082
-76.111
-76.1139
-76.1168
-76.1196
-76.1225
-76.1253
-76.1281
-76.1309
-76.1337
-76.1365
-76.1392
-76.142
-76.1447
-76.1474
-76.1501
-76.1527
-76.1554
-76.158
-76.1606
-76.1632
-76.1658
-76.1684
-76.1709
-76.1735
-76.176
-76.1785
-76.1809
-76.1834
-76.1858
-76.1882
-76.1906
-76.193
-76.1954
-76.1977
-76.2
-76.2024
-76.2046
-76.2069
-76.2092
-76.2114
-76.2136
-76.2158
-76.218
-76.2202
-76.2224
-76.2245
-76.2266
-76.2287
-76.2253
-76.2059
-76.189
-76.1759
-76.1656
-76.1577
-76.1515
-76.1467
-76.1431
-76.1404
-76.1385
-76.1372
-76.1365
-76.1362
-76.1363
-76.1368
-76.1375
-76.1385
-76.1396
-76.141
-76.1425
-76.1442
-76.1345
-76.1236
-76.1152
-76.1089
-76.1042
-76.1008
-76.0983
-76.0967
-76.0957
-76.0953
-76.0953
-76.0941
-76.0857
-76.0785
-76.0734
-76.0697
-76.0672
-76.0657
-76.0648
-76.0645
-76.0646
-76.0652
-76.066
-76.0672
-76.0685
-76.0701
-76.0718
-76.0737
-76.0757
-76.0778
-76.0801
-76.0824
-76.0848
-76.0872
-76.0897
-76.0923
-76.0949
-76.0975
-76.1002
-76.1029
-76.1056
-76.1083
-76.111
-76.1138
-76.1165
-76.1193
-76.122
-76.1248
-76.1275
-76.1303
-76.133
-76.1357
-76.1384
-76.1412
-76.1438
-76.1465
-76.1492
-76.1518
-76.1545
-76.1571
-76.1597

