-70
-69.8623
-69.7285
-69.5983
-69.4718
-69.3487
-69.2291
-69.1128
-68.9997
-68.8897
-68.7828
-68.6789
-68.5778
-68.4795
-68.3839
-68.291
-68.2007
-68.1128
-68.0274
-67.9443
-67.8636
-67.7851
-67.7087
-67.6345
-67.5623
-67.4921
-67.4238
-67.3574
-67.2929
-67.2301
-67.1691
-67.1098
-67.0521
-66.996
-66.9414
-66.8884
-66.8368
-66.7866
-66.7378
-66.6904
-66.6443
-66.5994
-66.5558
-66.5133
-66.4721
-66.432
-66.393
-66.355
-66.3181
-66.2823
-66.2474
-66.2134
-66.1805
-66.1484
-66.1172
-66.0868
-66.0573
-66.0286
-66.0007
-65.9736
-65.9472
-65.9215
-65.8966
-65.8723
-65.8487
-65.8257
-65.8034
-65.7817
-65.7606
-65.74
-65.72
-65.7006
-65.6817
-65.6633
-65.6455
-65.6281
-65.6112
-65.5948
-65.5788
-65.5632
-65.5481
-65.5334
-65.5191
-65.5052
-65.4917
-65.4785
-65.4657
-65.4533
-65.4412
-65.4294
-65.418
-65.4068
-65.396
-65.3855
-65.3752
-65.3653
-65.3556
-65.3462
-65.337
-65.3281
-65.3194
-65.311
-65.3028
-65.2948
-65.2871
-65.2795
-65.2722
-65.2651
-65.2581
-65.2514
-65.2448
-65.2385
-65.2322
-65.2262
-65.2203
-65.2146
-65.2091
-65.2037
-65.1984
-65.1933
-65.1884
-65.1835
-65.1788
-65.1743
-65.1698
-65.1655
-65.1613
-65.1572
-65.1532
-65.1493
-65.1456
-65.1419
-65.1384
-65.1349
-65.1315
-65.1283
-65.1251
-65.122
-65.119
-65.1161
-65.1132
-65.1104
-65.1077
-65.1051
-65.1026
-65.1001
-65.0977
-65.0953
-65.0931
-65.0908
-65.0887
-65.0866
-65.0845
-65.0826
-65.0806
-65.0788
-65.0769
-65.0752
-65.0734
-65.0718
-65.0701
-65.0685
-65.067
-65.0655
-65.064
-65.0626
-65.0612
-65.0599
-65.0586
-65.0573
-65.0561
-65.0549
-65.0537
-65.0526
-65.0514
-65.0504
-65.0493
-65.0483
-65.0473
-65.0464
-65.0454
-65.0445
-65.0436
-65.0428
-65.0419
-65.0411
-65.0403
-65.0395
-65.0388
-65.0381
-65.0374
-65.0367
-65.036
-65.0353
-65.0347
-65.0341
-65.0335
-65.0329
-65.0323
-65.0318
-65.0313
-65.0307
-65.0302
-65.0297
-65.0293
-65.0288
-65.0283
-65.0279
-65.0275
-65.027
-65.0266
-65.0262
-65.0259
-65.0255
-65.0251
-65.0248
-65.0244
-65.0241
-65.0238
-65.0234
-65.0231
-65.0228
-65.0225
-65.0223
-65.022
-65.0217
-65.0215
-65.0212
-65.021
-65.0207
-65.0205
-65.0203
-65.02
-65.0198
-65.0196
-65.0194
-65.0192
-65.019
-65.0188
-65.0187
-65.0185
-65.0183
-65.0181
-65.018
-65.0178
-65.0177
-65.0175
-65.0174
-65.0172
-65.0171
-65.017
-65.0168
-65.0167
-65.0166
-65.0165
-65.0163
-65.0162
-65.0161
-65.016
-65.0159
-65.0158
-65.0157
-65.0156
-65.0155
-65.0154
-65.0153
-65.0153
-65.0152
-65.0151
-65.015
-65.0149
-65.0149
-65.0148
-65.0147
-65.0147
-65.0146
-65.0145
-65.0145
-65.0144
-65.0143
-65.0143
-65.0142
-65.0142
-65.0141
-65.0141
-65.014
-65.014
-65.0139
-65.0139
-65.0138
-65.0138
-65.0137
-65.0137
-65.0137
-65.0136
-65.0136
-65.0135
-65.0135
-65.0135
-65.0134
-65.0134
-65.0134
-65.0133
-65.0133
-65.0133
-65.0133
-65.0132
-65.0132
-65.0132
-65.0131
-65.0131
-65.0131
-65.0131
-65.0131
-65.013
-65.013
-65.013
-65.013
-65.0129
-65.0129
-65.0129
-65.0129
-65.0129
-65.0129
-65.0128
-65.0128
-65.0128
-65.0128
-65.0128
-65.0128
-65.0127
-65.0127
-65.0127
-65.0127
-65.0127
-65.0127
-65.0127
-65.0127
-65.0126
-65.0126
-65.0126
-65.0126
-65.0126
-65.0126
-65.0126
-65.0126
-65.0126
-65.0126
-65.0125
-65.0125
-65.0125
-65.0125
-65.0125
-65.0125
-65.0125
-65.0125
-65.0125
-65.0125
-65.0125
-65.0125
-65.0125
-65.0124
-65.0124
-65.0124
-65.0124
-65.0124
-65.0124
-65.0124
-65.0124
-65.0124
-65.0124
-65.0124
-65.0124
-65.0124
-65.0124
-65.0124
-65.0124
-65.0124
-65.0124
-65.0124
-65.0124
-65.0124
-65.0124
-65.0124
-65.0123
-65.0123
-65.0123
-65.0123
-65.0123
-65.0123
-65.0123
-65.0123
-65.0123
-65.0123
-65.0123
-65.0123
-65.0123
-65.0123
-65.0123
-65.0123
-65.0123
-65.0123
-65.0123
-65.0123
-65.0123
-65.0123
-65.0123
-65.0123
-65.0123
-65.0123
-65.0123
-65.0123
-65.0123
-65.0123
-65.0123
-65.0123
-65.0123
-65.0123
-65.0123
-65.0123
-65.0123
-65.0123
-65.0123
-65.0123
-65.0123
-65.0123
-65.0123
-65.0123
-65.0123
-65.0123
-65.0123
-65.0123
-65.0123
-65.0123
-65.0123
-65.0123
-65.0123
-65.0123
-65.0123
-65.0123
-65.0123
-65.0123
-65.0123
-65.0123
-65.0123
-65.0123
-65.0123
-65.0123
-65.0123
-65.0123
-65.0123
-65.0123
-65.0123
-65.0123
-65.0123
-65.0123
-65.0123
-65.0123
-64.7043
-64.4515
-64.2637
-64.1299
-64.026
-63.943
-63.8763
-63.8231
-63.7811
-63.7486
-63.7241
-63.7065
-63.6948
-63.688
-63.6856
-63.6868
-63.6912
-63.6983
-63.7077
-63.7191
-63.7322
-63.7467
-63.7624
-63.7792
-63.7967
-63.8149
-63.8337
-63.8529
-63.8724
-63.8922
-63.9121
-63.9321
-63.9522
-63.9722
-63.9147
-63.7476
-63.6407
-63.5647
-63.5142
-63.4779
-63.4522
-63.435
-63.4248
-63.4205
-63.4211
-63.4259
-63.4341
-63.4452
-63.4588
-63.4745
-63.4919
-63.5108
-63.5085
-63.2109
-63.0059
-62.8148
-62.138
-61.6361
-61.0145
-60.4478
-59.9639
-59.0262
-58.177
-57.1928
-56.4251
-55.6886
-55.1554
-54.7445
-54.3502
-53.9886
-53.6699
-53.0365
-52.5873
-52.1609
-51.8309
-51.5797
-51.3657
-51.1921
-51.0619
-50.9588
-50.7644
-50.6092
-50.4971
-50.3886
-50.3045
-50.1558
-50.0474
-49.9737
-49.9305
-49.9091
-49.9001
-49.8712
-49.8624
-49.8354
-49.8378
-49.8394
-49.8379
-49.8191
-49.8287
-49.8591
-49.9078
-49.9711
-50.0477
-50.1367
-50.2377
-50.3504
-50.4681
-50.5622
-50.6768
-50.805
-50.9461
-51.0972
-51.257
-51.4248
-51.5723
-51.6323
-51.6911
-51.7775
-51.8906
-52.0111
-52.0349
-52.0911
-52.176
-52.2858
-52.4084
-52.4953
-52.6073
-52.6836
-52.5908
-52.4662
-52.3354
-52.2846
-52.1693
-51.8565
-51.5093
-51.0377
-50.5937
-50.1684
-49.5938
-48.979
-48.3378
-47.7561
-47.0196
-46.1395
-45.1376
-43.8783
-41.8402
-36.6707
29.3145
15.1278
-24.2615
-50.057
-58.3772
-60.4665
-60.9695
-60.9998
-60.8813
-60.7183
-60.5558
-60.4101
-60.2869
-60.1869
-60.1086
-60.0497
-60.0081
-59.9813
-59.9676
-59.9651
-59.9724
-59.9882
-60.0112
-60.0406
-60.0755
-60.1151
-60.1588
-60.2059
-60.256
-60.3086
-60.3633
-60.4197
-60.4775
-60.5364
-60.5962
-60.6566
-60.7175
-60.7786
-60.8399
-60.9011
-60.9622
-61.023
-61.0834
-61.1434
-61.2028
-61.2617
-61.3199
-61.3774
-61.4341
-61.4901
-61.5453
-61.5996
-61.6531
-61.7057
-61.7575
-61.8083
-61.8582
-61.9073
-61.9554
-62.0026
-62.049
-62.0944
-62.1389
-62.1826
-62.2254
-62.2673
-62.3084
-62.3486
-62.388
-62.4266
-62.4643
-62.5013
-62.5375
-62.5729
-62.6076
-62.6416
-62.6202
-62.4262
-62.3024
-62.2162
-62.162
-62.0969
-61.8642
-61.6962
-61.5751
-61.4934
-61.42
-61.3097
-60.9514
-60.6022
-60.3001
-59.7802
-58.9955
-58.0555
-57.1701
-56.1507
-55.3585
-54.7721
-54.3332
-53.988
-53.4572
-52.9771
-52.6235
-52.3623
-52.1681
-51.9422
-51.6471
-51.4345
-51.2809
-51.1778
-51.11
-51.0696
-50.9839
-50.9051
-50.8305
-50.7582
-50.6765
-50.5367
-50.374
-50.2612
-50.1931
-50.1229
-50.0382
-49.9253
-49.8382
-49.7586
-49.6798
-49.5969
-49.5309
-49.4425
-49.3244
-49.1556
-49.008
-48.8952
-48.8058
-48.6915
-48.5954
-48.4723
-48.3274
-48.1988
-48.0763
-47.9542
-47.826
-47.6543
-47.4688
-47.2638
-47.0263
-46.74
-46.3839
-45.9217
-45.286
-44.3411
-42.7085
-38.7819
2.98541
24.1206
-21.0713
-50.5473
-60.9075
-63.5448
-64.1966
-64.2282
-64.0797
-63.8226
-63.497
-63.1781
-62.7716
-62.207
-61.6844
-61.2291
-60.8379
-60.3797
-59.8207
-59.2461
-58.8298
-58.4971
-57.9887
-57.3977
-56.8211
-56.3952
-56.0448
-55.7914
-55.5879
-55.3828
-55.1425
-54.9708
-54.8562
-54.7885
-54.7403
-54.6381
-54.4943
-54.2563
-54.0837
-53.9098
-53.7307
-53.6242
-53.5673
-53.55
-53.5394
-53.5427
-53.5746
-53.629
-53.7023
-53.7906
-53.8917
-54.0039
-54.1256
-54.2554
-54.3921
-54.5347
-54.6823
-54.8339
-54.9887
-55.1461
-55.3054
-55.4662
-55.628
-55.7904
-55.9528
-56.115
-56.2765
-56.4372
-56.5968
-56.7552
-56.9121
-57.0674
-57.2208
-57.3723
-57.5219
-57.6693
-57.8146
-57.9576
-58.0983
-58.2366
-58.3725
-58.5059
-58.637
-58.7656
-58.8917
-59.0154
-59.1366
-59.2554
-59.3717
-59.4856
-59.5971
-59.7063
-59.8132
-59.9177
-60.02
-60.12
-60.2178
-60.3134
-60.4068
-60.4982
-60.5875
-60.6747
-60.76
-60.8433
-60.9247
-61.0042
-61.0819
-61.1577
-61.2318
-61.3042
-61.3748
-61.4438
-61.5111
-61.5769
-61.6412
-61.7039
-61.7651
-61.8249
-61.8833
-61.9403
-61.9959
-62.0502
-62.1032
-62.155
-62.1545
-62.1617
-61.9793
-61.5767
-61.2864
-61.0212
-60.7652
-60.549
-60.3792
-60.0757
-59.8211
-59.5952
-59.2809
-59.0076
-58.8146
-58.5176
-57.3266
-56.1812
-55.3642
-54.7832
-54.3337
-53.7484
-53.3122
-52.8904
-52.566
-52.2979
-52.0871
-51.8799
-51.7325
-51.6285
-51.5382
-51.4775
-51.3727
-51.1172
-50.9316
-50.7324
-50.5663
-50.4311
-50.3044
-50.1856
-50.0798
-49.9348
-49.84
-49.7763
-49.7407
-49.6114
-49.361
-49.1313
-48.9568
-48.8181
-48.701
-48.5834
-48.4531
-48.3378
-48.2298
-48.1252
-48.0196
-47.9096
-47.792
-47.6638
-47.521
-47.3302
-47.0813
-46.7734
-46.4085
-45.9139
-45.2459
-44.2703
-42.6046
-38.5795
6.30527
22.783
-22.3113
-52.1736
-62.4141
-65.2425
-66.1176
-66.3873
-66.4446
-66.4186
-66.268
-66.1089
-65.9258
-65.7778
-65.6219
-65.4609
-65.3276
-65.2128
-65.1133
-65.025
-64.946
-64.7825
-64.5597
-64.3368
-64.1589
-63.8986
-63.5807
-63.1463
-62.7779
-62.3125
-61.8349
-61.3654
-60.8073
-60.2519
-59.6276
-59.0135
-58.362
-57.7892
-57.1292
-56.4112
-55.8056
-55.3494
-54.9759
-54.6793
-54.4222
-54.1949

