-70
-70.0758
-70.1508
-70.225
-70.2983
-70.3706
-70.4419
-70.5122
-70.5814
-70.6496
-70.7168
-70.7829
-70.848
-70.9121
-70.9752
-71.0373
-71.0984
-71.1586
-71.2178
-71.2761
-71.3334
-71.3899
-71.4455
-71.5003
-71.5543
-71.6074
-71.6598
-71.7114
-71.7623
-71.8124
-71.8619
-71.9106
-71.9587
-72.006
-72.0527
-72.0988
-72.1442
-72.1889
-72.2331
-72.2766
-72.3196
-72.362
-72.4038
-72.445
-72.4857
-72.5258
-72.5654
-72.6045
-72.6431
-72.6812
-72.7188
-72.756
-72.7927
-72.8289
-72.8647
-72.9
-72.9349
-72.9694
-73.0035
-73.0371
-73.0704
-73.1032
-73.1357
-73.1678
-73.1994
-73.2307
-73.2617
-73.2922
-73.3224
-73.3523
-73.3817
-73.4109
-73.4397
-73.4682
-73.4963
-73.5241
-73.5516
-73.5788
-73.6057
-73.6323
-73.6585
-73.6845
-73.7102
-73.7356
-73.7608
-73.7857
-73.8103
-73.8346
-73.8587
-73.8825
-73.9061
-73.9294
-73.9524
-73.9753
-73.9979
-74.0202
-74.0423
-74.0642
-74.0859
-74.1073
-74.1285
-74.1495
-74.1703
-74.1909
-74.2112
-74.2313
-74.2513
-74.271
-74.2905
-74.3098
-74.329
-74.3479
-74.3666
-74.3852
-74.4036
-74.4217
-74.4397
-74.4575
-74.4752
-74.4926
-74.5099
-74.527
-74.544
-74.5607
-74.5774
-74.5938
-74.6101
-74.6262
-74.6422
-74.658
-74.6736
-74.6891
-74.7045
-74.7197
-74.7347
-74.7496
-74.7644
-74.779
-74.7935
-74.8079
-74.8221
-74.8362
-74.8501
-74.864
-74.8777
-74.8913
-74.9047
-74.918
-74.9313
-74.9443
-74.9573
-74.9701
-74.9829
-74.9955
-75.008
-75.0204
-75.0327
-75.0448
-75.0569
-75.0688
-75.0806
-75.0924
-75.104
-75.1155
-75.1269
-75.1382
-75.1495
-75.1606
-75.1716
-75.1825
-75.1933
-75.204
-75.2147
-75.2252
-75.2356
-75.246
-75.2562
-75.2664
-75.2764
-75.2864
-75.2963
-75.3061
-75.3158
-75.3255
-75.335
-75.3445
-75.3538
-75.3631
-75.3724
-75.3815
-75.3906
-75.3995
-75.4084
-75.4172
-75.426
-75.4346
-75.4432
-75.4518
-75.4602
-75.4686
-75.4769
-75.4851
-75.4932
-75.5013
-75.5093
-75.5173
-75.5251
-75.533
-75.5407
-75.5484
-75.556
-75.5635
-75.571
-75.5784
-75.5858
-75.593
-75.6003
-75.6074
-75.6145
-75.6216
-75.6285
-75.6355
-75.6423
-75.6491
-75.6559
-75.6626
-75.6692
-75.6758
-75.6823
-75.6888
-75.6952
-75.7015
-75.7078
-75.7141
-75.7203
-75.7264
-75.7325
-75.7386
-75.7446
-75.7505
-75.7564
-75.7622
-75.768
-75.7738
-75.7795
-75.7851
-75.7907
-75.7963
-75.8018
-75.8072
-75.8127
-75.818
-75.8234
-75.8287
-75.8339
-75.8391
-75.8443
-75.8494
-75.8545
-75.8595
-75.8645
-75.8695
-75.8744
-75.8793
-75.8841
-75.8889
-75.8937
-75.8984
-75.9031
-75.9077
-75.9123
-75.9169
-75.9214
-75.9259
-75.9304
-75.9348
-75.9392
-75.9436
-75.9479
-75.9522
-75.9565
-75.9607
-75.9649
-75.969
-75.9731
-75.9772
-75.9813
-75.9853
-75.9893
-75.9933
-75.9972
-76.0011
-76.005
-76.0088
-76.0126
-76.0164
-76.0201
-76.0239
-76.0275
-76.0312
-76.0348
-76.0384
-76.042
-76.0456
-76.0491
-76.0526
-76.056
-76.0595
-76.0629
-76.0663
-76.0696
-76.0729
-76.0762
-76.0795
-76.0828
-76.086
-76.0892
-76.0924
-76.0955
-76.0986
-76.1017
-76.1048
-76.1079
-76.1109
-76.1139
-76.1169
-76.1198
-76.1228
-76.1257
-76.1286
-76.1314
-76.1343
-76.1371
-76.1399
-76.1427
-76.1455
-76.1482
-76.1509
-76.1536
-76.1563
-76.1589
-76.1615
-76.1642
-76.1667
-76.1693
-76.1719
-76.1744
-76.1769
-76.1794
-76.1819
-76.1843
-76.1868
-76.1892
-76.1916
-76.1939
-76.1963
-76.1986
-76.201
-76.2033
-76.2056
-76.2078
-76.2101
-76.2123
-76.2145
-76.2167
-76.2189
-76.2211
-76.2232
-76.2254
-76.2275
-76.2296
-76.2317
-76.2337
-76.2358
-76.2378
-76.2398
-76.2418
-76.2438
-76.2458
-76.2478
-76.2497
-76.2516
-76.2536
-76.2554
-76.2573
-76.2592
-76.2611
-76.2629
-76.2647
-76.2665
-76.2683
-76.2701
-76.2719
-76.2737
-76.2754
-76.2771
-76.2788
-76.2806
-76.2822
-76.2839
-76.2856
-76.2872
-76.2889
-76.2905
-76.2921
-76.2937
-76.2953
-76.2969
-76.2985
-76.3
-76.3016
-76.3031
-76.3046
-76.3061
-76.3076
-76.3091
-76.3106
-76.312
-76.3135
-76.3149
-76.3164
-76.3178
-76.3192
-76.3206
-76.322
-76.3233
-76.3247
-76.3261
-76.3274
-76.3287
-76.33
-76.3314
-76.3327
-76.334
-76.3352
-76.3365
-76.3378
-76.339
-76.3403
-76.3415
-76.3427
-76.3439
-76.3452
-76.3464
-76.3475
-76.3487
-76.3499
-76.351
-76.3522
-76.3533
-76.3545
-76.3556
-76.3567
-76.3578
-76.3589
-76.36
-76.3611
-76.3622
-76.3632
-76.3643
-76.3654
-76.3664
-76.3674
-76.3685
-76.3695
-76.3705
-76.3715
-76.3725
-76.3735
-76.3745
-76.3754
-76.3764
-76.3774
-76.3783
-76.3793
-76.3802
-76.3811
-76.382
-76.383
-76.3839
-76.3848
-76.3857
-76.3866
-76.3874
-76.3883
-76.3892
-76.39
-76.3909
-76.3917
-76.3926
-76.3934
-76.3943
-76.3951
-76.3959
-76.3967
-76.3975
-76.3983
-76.3991
-76.3999
-76.4007
-76.4014
-76.4022
-76.403
-76.4037
-76.4045
-76.4052
-76.406
-76.4067
-76.4074
-76.4082
-76.4089
-76.4096
-76.4103
-76.411
-76.4117
-76.4124
-76.4131
-76.4137
-76.4144
-76.4151
-76.4158
-76.4164
-76.4171
-76.4177
-76.4184
-76.419
-76.4196
-76.4203
-76.4209
-76.4215
-76.4221
-76.4227
-76.4234
-76.424
-76.4246
-76.4251
-76.4257
-76.4263
-76.4269
-76.4275
-76.428
-76.4286
-76.4292
-76.4297
-76.4303
-76.4308
-76.4314
-76.4319
-76.4325
-76.433
-76.4335
-76.4341
-76.4346
-76.4351
-76.4356
-76.4361
-76.4366
-76.4355
-76.3952
-76.3546
-76.3227
-76.2976
-76.2777
-76.2618
-76.249
-76.2386
-76.2303
-76.2237
-76.2184
-76.2142
-76.2109
-76.2084
-76.2065
-76.2052
-76.2044
-76.2039
-76.2038
-76.2041
-76.2045
-76.2052
-76.2061
-76.2071
-76.2083
-76.2001
-76.1803
-76.1642
-76.1519
-76.1425
-76.1352
-76.1296
-76.1254
-76.1223
-76.1201
-76.1186
-76.1177
-76.1173
-76.1173
-76.1177
-76.1184
-76.1193
-76.1205
-76.1219
-76.1234
-76.1251
-76.1269
-76.1289
-76.1296
-76.1189
-76.1088
-76.1013
-76.0957
-76.0916
-76.0887
-76.0867
-76.0854
-76.0848
-76.0846
-76.0849
-76.0855
-76.0864
-76.0876
-76.089
-76.0906
-76.0923
-76.0942
-76.0962
-76.0909
-76.0835
-76.078
-76.0741
-76.0713
-76.0696
-76.0656
-76.0591
-76.0543
-76.0511
-76.049
-76.0478
-76.0472
-76.0472
-76.0476
-76.0484
-76.0495
-76.0508
-76.0523
-76.054
-76.0558
-76.0578
-76.0599
-76.0621
-76.0644
-76.0668
-76.0692
-76.0718
-76.0743
-76.077
-76.0796
-76.0823
-76.0851
-76.0878
-76.0906
-76.0934
-76.0962
-76.099
-76.1019
-76.1047
-76.1076
-76.1104
-76.1132
-76.1161
-76.1189
-76.1217
-76.1245
-76.1273
-76.1301
-76.1329
-76.1356
-76.1384
-76.1411
-76.1438
-76.1465
-76.1492
-76.1519
-76.1545
-76.1572
-76.1598
-76.1624
-76.165
-76.1675
-76.1701
-76.1726
-76.1751
-76.1776
-76.1801
-76.1826
-76.185
-76.1874
-76.1898
-76.1922
-76.1946
-76.1969
-76.1993
-76.2016
-76.2039
-76.2061
-76.2084
-76.2107
-76.2129
-76.2151
-76.2173
-76.2195
-76.2216
-76.2238
-76.2259
-76.228
-76.2301
-76.2322
-76.2342
-76.2363
-76.2383
-76.2403
-76.2423
-76.2443
-76.2463
-76.2483
-76.2502
-76.2521
-76.254
-76.2559
-76.2578
-76.2597
-76.2615
-76.2634
-76.2652
-76.267
-76.2571
-76.2326
-76.2125
-76.1968
-76.1845
-76.1749
-76.1674
-76.1615
-76.1569
-76.1535
-76.1509
-76.149
-76.143
-76.1287
-76.1172
-76.1086
-76.1021
-76.0974
-76.0939
-76.0914
-76.0898
-76.0888
-76.0884
-76.0885
-76.0889
-76.0897
-76.0907
-76.092
-76.0934
-76.0951
-76.0969
-76.0988
-76.1008
-76.103
-76.1052
-76.1075
-76.1098
-76.1122
-76.1147
-76.1172
-76.1197
-76.1223
-76.1248
-76.1274
-76.13
-76.1326
-76.1352
-76.1378
-76.1405
-76.1431
-76.1457
-76.1483
-76.1509
-76.1535
-76.1507
-76.1378
-76.127
-76.1189
-76.1127
-76.1081
-76.1048
-76.1023
-76.1007
-76.0998
-76.0993
-76.0993
-76.0997
-76.1004
-76.1014
-76.1027
-76.1041
-76.1057
-76.1074
-76.1093
-76.1113
-76.1134
-76.1155
-76.1178
-76.1201
-76.1224
-76.1248
-76.1273
-76.1297
-76.1322
-76.1347
-76.1372
-76.1398
-76.1423
-76.1449
-76.1474
-76.15
-76.1525
-76.1551
-76.1576
-76.1602
-76.1627
-76.1652
-76.1677
-76.1702
-76.1727
-76.1752
-76.1777
-76.1801
-76.1825
-76.1849
-76.1873
-76.1897
-76.1921
-76.1945
-76.1968
-76.1991
-76.2014
-76.2037
-76.206
-76.2082
-76.2105
-76.2127
-76.2149
-76.2171
-76.2193
-76.2214
-76.2236
-76.2257
-76.2278
-76.2299
-76.232
-76.2341
-76.2361
-76.2381
-76.2401
-76.2421
-76.2441
-76.2461
-76.2481
-76.25
-76.2519
-76.2538
-76.2557
-76.2576
-76.2595
-76.2613
-76.2632
-76.265
-76.2668
-76.2686
-76.2704
-76.2722
-76.2739
-76.2757
-76.2774
-76.2791
-76.2808
-76.2825
-76.2842
-76.2858
-76.2875
-76.2891
-76.2908
-76.2924
-76.294
-76.2956
-76.2971
-76.2987
-76.3003
-76.3018
-76.3033
-76.3048
-76.3063
-76.3078
-76.3093
-76.3108
-76.3123
-76.3137
-76.3151
-76.3166
-76.318
-76.3194
-76.3208
-76.3222
-76.3235
-76.3249
-76.3263
-76.3276
-76.3289
-76.3302
-76.3316
-76.3329
-76.3341
-76.3354
-76.3367
-76.338
-76.3392
-76.3405
-76.3417
-76.3429
-76.3441
-76.3453
-76.3465
-76.319
-76.2883
-76.264
-76.2449
-76.2298
-76.206
-76.1768
-76.1548
-76.1385
-76.1263
-76.1171
-76.1101
-76.1049
-76.1011
-76.0984
-76.0965
-76.0953
-76.0947
-76.0946
-76.0949
-76.0956
-76.0965
-76.0977
-76.099
-76.1006
-76.1023
-76.1042
-76.1062
-76.1082
-76.1104
-76.1126
-76.1149
-76.1173
-76.1197
-76.1222
-76.1246
-76.1271
-76.1297
-76.1322
-76.1348
-76.1374
-76.1399
-76.1425
-76.1451
-76.1477
-76.1503
-76.1528
-76.1554
-76.158
-76.1605
-76.1631
-76.1656
-76.1681
-76.1706
-76.1731
-76.1756
-76.178
-76.1805
-76.1829
-76.1853
-76.1877
-76.1901
-76.1925
-76.1949
-76.1972
-76.1995
-76.2018

