-70
-69.8623
-69.7285
-69.5983
-69.4718
-69.3487
-69.2291
-69.1128
-68.9997
-68.8897
-68.7828
-68.6789
-68.5778
-68.4795
-68.3839
-68.291
-68.2007
-68.1128
-68.0274
-67.9443
-67.8636
-67.7851
-67.7087
-67.6345
-67.5623
-67.4921
-67.4238
-67.3574
-67.2929
-67.2301
-67.1691
-67.1098
-67.0521
-66.996
-66.9414
-66.8884
-66.8368
-66.7866
-66.7378
-66.6904
-66.6443
-66.5994
-66.5558
-66.5133
-66.4721
-66.432
-66.393
-66.355
-66.3181
-66.2823
-66.2474
-66.2134
-66.1805
-66.1484
-66.1172
-66.0868
-66.0573
-66.0286
-66.0007
-65.9736
-65.9472
-65.9215
-65.8966
-65.8723
-65.8487
-65.8257
-65.8034
-65.7817
-65.7606
-65.74
-65.72
-65.7006
-65.6817
-65.6633
-65.6455
-65.6281
-65.6112
-65.5948
-65.5788
-65.5632
-65.5481
-65.5334
-65.5191
-65.5052
-65.4917
-65.4785
-65.4657
-65.4533
-65.4412
-65.4294
-65.418
-65.4068
-65.396
-65.3855
-65.3752
-65.3653
-65.3556
-65.3462
-65.337
-65.3281
-65.3194
-65.311
-65.3028
-65.2948
-65.2871
-65.2795
-65.2722
-65.2651
-65.2581
-65.2514
-65.2448
-65.2385
-65.2322
-65.2262
-65.2203
-65.2146
-65.2091
-65.2037
-65.1984
-65.1933
-65.1884
-65.1835
-65.1788
-65.1743
-65.1698
-65.1655
-65.1613
-65.1572
-65.1532
-65.1493
-65.1456
-65.1419
-65.1384
-65.1349
-65.1315
-65.1283
-65.1251
-65.122
-65.119
-65.1161
-65.1132
-65.1104
-65.1077
-65.1051
-65.1026
-65.1001
-65.0977
-65.0953
-65.0931
-65.0908
-65.0887
-65.0866
-65.0845
-65.0826
-65.0806
-65.0788
-65.0769
-65.0752
-65.0734
-65.0718
-65.0701
-65.0685
-65.067
-65.0655
-65.064
-65.0626
-65.0612
-65.0599
-65.0586
-65.0573
-65.0561
-65.0549
-65.0537
-65.0526
-65.0514
-65.0504
-65.0493
-65.0483
-65.0473
-65.0464
-65.0454
-65.0445
-65.0436
-65.0428
-65.0419
-65.0411
-65.0403
-65.0395
-65.0388
-65.0381
-65.0374
-65.0367
-65.036
-65.0353
-65.0347
-65.0341
-65.0335
-65.0329
-65.0323
-65.0318
-65.0313
-65.0307
-65.0302
-65.0297
-65.0293
-65.0288
-65.0283
-65.0279
-65.0275
-65.027
-65.0266
-65.0262
-65.0259
-65.0255
-65.0251
-65.0248
-65.0244
-65.0241
-65.0238
-65.0234
-65.0231
-65.0228
-65.0225
-65.0223
-65.022
-65.0217
-65.0215
-65.0212
-65.021
-65.0207
-65.0205
-65.0203
-65.02
-65.0198
-65.0196
-65.0194
-65.0192
-65.019
-65.0188
-65.0187
-65.0185
-65.0183
-65.0181
-65.018
-65.0178
-65.0177
-65.0175
-65.0174
-65.0172
-65.0171
-65.017
-65.0168
-65.0167
-65.0166
-65.0165
-65.0163
-65.0162
-65.0161
-65.016
-65.0159
-65.0158
-65.0157
-65.0156
-65.0155
-65.0154
-65.0153
-65.0153
-65.0152
-65.0151
-65.015
-65.0149
-65.0149
-65.0148
-65.0147
-65.0147
-65.0146
-65.0145
-65.0145
-65.0144
-65.0143
-65.0143
-65.0142
-65.0142
-65.0141
-65.0141
-65.014
-65.014
-65.0139
-65.0139
-65.0138
-65.0138
-65.0137
-65.0137
-65.0137
-65.0136
-65.0136
-65.0135
-65.0135
-65.0135
-65.0134
-65.0134
-65.0134
-65.0133
-65.0133
-65.0133
-65.0133
-65.0132
-65.0132
-65.0132
-65.0131
-65.0131
-65.0131
-65.0131
-65.0131
-65.013
-65.013
-65.013
-65.013
-65.0129
-65.0129
-65.0129
-65.0129
-65.0129
-65.0129
-65.0128
-65.0128
-65.0128
-65.0128
-65.0128
-65.0128
-65.0127
-65.0127
-65.0127
-65.0127
-65.0127
-65.0127
-65.0127
-65.0127
-65.0126
-65.0126
-65.0126
-65.0126
-65.0126
-65.0126
-65.0126
-65.0126
-65.0126
-65.0126
-65.0125
-65.0125
-65.0125
-65.0125
-65.0125
-65.0125
-65.0125
-65.0125
-65.0125
-65.0125
-65.0125
-65.0125
-65.0125
-65.0124
-65.0124
-65.0124
-65.0124
-65.0124
-65.0124
-65.0124
-65.0124
-65.0124
-65.0124
-65.0124
-65.0124
-65.0124
-65.0124
-65.0124
-65.0124
-65.0124
-65.0124
-65.0124
-65.0124
-65.0124
-65.0124
-65.0124
-65.0123
-65.0123
-65.0123
-65.0123
-65.0123
-65.0123
-65.0123
-65.0123
-65.0123
-65.0123
-65.0123
-65.0123
-65.0123
-65.0123
-65.0123
-65.0123
-65.0123
-65.0123
-65.0123
-65.0123
-65.0123
-65.0123
-65.0123
-65.0123
-65.0123
-65.0123
-65.0123
-65.0123
-65.0123
-65.0123
-65.0123
-65.0123
-65.0123
-65.0123
-65.0123
-65.0123
-65.0123
-65.0123
-65.0123
-65.0123
-65.0123
-65.0123
-65.0123
-65.0123
-65.0123
-65.0123
-65.0123
-65.0123
-65.0123
-65.0123
-65.0123
-65.0123
-65.0123
-65.0123
-65.0123
-65.0123
-65.0123
-65.0123
-65.0123
-65.0123
-65.0123
-65.0123
-65.0123
-65.0123
-65.0123
-65.0123
-65.0123
-65.0123
-65.0123
-65.0123
-65.0123
-65.0123
-65.0123
-65.0123
-64.8888
-64.7871
-64.7113
-64.6572
-64.6152
-64.5815
-64.5545
-64.5329
-64.5159
-64.5027
-64.4927
-64.4856
-64.4808
-64.478
-64.477
-64.4776
-64.4793
-64.4822
-64.4861
-64.4907
-64.496
-64.5019
-64.5083
-64.5151
-64.5223
-64.5297
-64.5373
-64.5451
-64.553
-64.5611
-64.5691
-64.5773
-64.5854
-64.5935
-64.5755
-64.5205
-64.4857
-64.4613
-64.4456
-64.4346
-64.4271
-64.4226
-64.4204
-64.4202
-64.4216
-64.4244
-64.4284
-64.4333
-64.4391
-64.4455
-64.4525
-64.46
-64.4635
-64.2685
-64.1333
-63.8955
-63.0481
-62.3918
-61.7571
-61.1933
-60.5893
-58.8918
-57.4605
-55.977
-54.9094
-54.0144
-53.3374
-52.7979
-51.9796
-51.1945
-50.5792
-49.9421
-49.4239
-48.7205
-48.0543
-47.4397
-46.7971
-46.0704
-45.2108
-44.0541
-42.0862
-37.0705
29.6443
16.4711
-22.8411
-49.3753
-58.2535
-60.4255
-60.8984
-60.9476
-60.8539
-60.7166
-60.5747
-60.4445
-60.3321
-60.1171
-59.8384
-59.6207
-59.4524
-59.2851
-59.1645
-59.0565
-58.9476
-58.8738
-58.8165
-58.6436
-58.519
-58.3924
-58.296
-58.1963
-58.0956
-58.0223
-57.981
-57.9639
-57.9649
-57.9801
-58.0071
-58.044
-58.0894
-58.1418
-58.1513
-58.1792
-58.22
-58.2076
-58.1721
-58.1697
-58.165
-58.0927
-57.9315
-57.7429
-57.4163
-57.1743
-56.9914
-56.7228
-56.328
-55.7172
-54.8273
-54.0871
-53.37
-52.7635
-51.8827
-50.7443
-49.6846
-48.6679
-47.7373
-46.8539
-45.9611
-44.9347
-43.5548
-41.1199
-32.9782
42.2972
2.52801
-32.0461
-54.5947
-60.632
-62.0151
-62.238
-62.1491
-61.9612
-61.7523
-61.5532
-61.3751
-61.2211
-61.0906
-60.9818
-60.8925
-60.8203
-60.7632
-60.7194
-60.6872
-60.6651
-60.6519
-60.6466
-60.6481
-60.6556
-60.6686
-60.6861
-60.7077
-60.7329
-60.7611
-60.792
-60.8251
-60.8603
-60.8971
-60.9353
-60.9747
-61.0151
-61.0563
-61.0981
-61.1404
-61.183
-61.2258
-61.2688
-61.3118
-61.3547
-61.3975
-61.4401
-61.4825
-61.5245
-61.5661
-61.6074
-61.6483
-61.6887
-61.7286
-61.768
-61.8068
-61.8452
-61.883
-61.9202
-61.9569
-61.993
-62.0285
-62.0634
-62.0978
-62.1316
-62.1648
-62.1974
-62.2295
-62.261
-62.2919
-62.3223
-62.3522
-62.3607
-62.2345
-61.8419
-61.5834
-61.3953
-61.2651
-61.1634
-60.9842
-60.8452
-60.7438
-60.6735
-60.6096
-60.3035
-59.4994
-58.8554
-58.3422
-57.7901
-57.0261
-55.734
-54.7097
-53.6346
-52.7674
-52.0914
-51.3011
-50.6432
-49.7903
-49.0415
-48.4072
-47.8366
-47.2815
-46.6182
-45.7958
-44.8177
-43.4415
-40.9339
-31.4401
42.3129
-1.59853
-36.0564
-57.0952
-62.4535
-63.6187
-63.6648
-63.3368
-62.9907
-62.6661
-62.3826
-62.0802
-61.7474
-61.3435
-60.9369
-60.5983
-60.3297
-60.0876
-59.8476
-59.5979
-59.3299
-59.1258
-58.9251
-58.7352
-58.5977
-58.4509
-58.2979
-58.1129
-57.9893
-57.9061
-57.856
-57.7849
-57.7403
-57.7205
-57.7219
-57.7388
-57.7685
-57.8087
-57.8578
-57.9146
-57.9749
-57.9968
-58.0379
-58.0905
-58.1532
-58.2222
-58.254
-58.2647
-58.1958
-58.0845
-57.941
-57.7654
-57.5554
-57.2347
-56.9203
-56.5477
-56.0278
-55.5881
-55.0923
-54.6018
-54.0019
-53.3542
-52.8037
-52.2931
-51.6471
-50.9041
-50.1148
-49.3533
-48.5799
-47.8944
-47.1903
-46.4551
-45.65
-44.6533
-43.2084
-40.4361
-27.6435
39.9644
-6.90937
-40.8943
-59.1779
-63.6359
-64.4832
-64.434
-64.156
-63.8169
-63.5004
-63.157
-62.8413
-62.5781
-62.3587
-62.175
-62.0203
-61.8902
-61.7815
-61.6911
-61.6167
-61.5563
-61.508
-61.4705
-61.4423
-61.4224
-61.4097
-61.4034
-61.4027
-61.4069
-61.4155
-61.4277
-61.4433
-61.4618
-61.4828
-61.5061
-61.5312
-61.5579
-61.5861
-61.6155
-61.6459
-61.6772
-61.7091
-61.7416
-61.7746
-61.8078
-61.8413
-61.875
-61.9087
-61.9424
-61.976
-62.0095
-62.0428
-62.0759
-62.1088
-62.1413
-62.1736
-62.2055
-62.237
-62.2682
-62.299
-62.3293
-62.3593
-62.3888
-62.4179
-62.4466
-62.4748
-62.5026
-62.5299
-62.5568
-62.5833
-62.6093
-62.6348
-62.66
-62.6847
-62.709
-62.7328
-62.7563
-62.7793
-62.802
-62.8242
-62.846
-62.8675
-62.8886
-62.9093
-62.9296
-62.9496
-62.9692
-62.9885
-63.0074
-63.026
-63.0442
-63.0622
-62.9078
-62.4511
-62.1466
-61.7925
-61.5031
-61.2864
-61.1232
-60.917
-60.5893
-60.2575
-59.7759
-59.4201
-59.1573
-58.6738
-56.8543
-54.9908
-53.68
-52.7319
-51.9902
-51.314
-50.7704
-50.0615
-49.449
-48.9132
-48.3959
-47.8763
-47.3739
-46.8554
-46.2825
-45.5979
-44.6582
-43.0874
-39.9792
-22.2125
36.2376
-11.2823
-44.852
-60.8004
-64.5904
-65.2035
-65.0816
-64.7966
-64.4788
-64.0882
-63.5695
-63.0718
-62.678
-62.3618
-62.1034
-61.8442
-61.5907
-61.3891
-61.1455
-60.9086
-60.7212
-60.5385
-60.3903
-60.2765
-60.1906
-60.1262
-60.0794
-60.0475
-60.0283
-59.9795
-59.9416
-59.9222
-59.8822
-59.8479
-59.8336
-59.7973
-59.7669
-59.7567
-59.7615
-59.7776
-59.8019
-59.8329
-59.8695
-59.8885
-59.7894
-59.6494
-59.5434
-59.4346
-59.3608
-59.269
-59.2164
-59.1886
-59.1811
-59.1881
-59.2067
-59.235
-59.2713
-59.3143
-59.2989
-59.2672
-59.2161
-59.1556
-59.1095
-58.9274
-58.6116
-58.2643
-57.663
-56.8849
-56.0904
-55.1882
-54.436
-53.5468
-52.277
-51.2053
-50.2938
-49.5728
-48.9671
-48.4295
-47.9249
-47.2845

