-70
-70.0758
-70.1508
-70.225
-70.2983
-70.3706
-70.4419
-70.5122
-70.5814
-70.6496
-70.7168
-70.7829
-70.848
-70.9121
-70.9752
-71.0373
-71.0984
-71.1586
-71.2178
-71.2761
-71.3334
-71.3899
-71.4455
-71.5003
-71.5543
-71.6074
-71.6598
-71.7114
-71.7623
-71.8124
-71.8619
-71.9106
-71.9587
-72.006
-72.0527
-72.0988
-72.1442
-72.1889
-72.2331
-72.2766
-72.3196
-72.362
-72.4038
-72.445
-72.4857
-72.5258
-72.5654
-72.6045
-72.6431
-72.6812
-72.7188
-72.756
-72.7927
-72.8289
-72.8647
-72.9
-72.9349
-72.9694
-73.0035
-73.0371
-73.0704
-73.1032
-73.1357
-73.1678
-73.1994
-73.2307
-73.2617
-73.2922
-73.3224
-73.3523
-73.3817
-73.4109
-73.4397
-73.4682
-73.4963
-73.5241
-73.5516
-73.5788
-73.6057
-73.6323
-73.6585
-73.6845
-73.7102
-73.7356
-73.7608
-73.7857
-73.8103
-73.8346
-73.8587
-73.8825
-73.9061
-73.9294
-73.9524
-73.9753
-73.9979
-74.0202
-74.0423
-74.0642
-74.0859
-74.1073
-74.1285
-74.1495
-74.1703
-74.1909
-74.2112
-74.2313
-74.2513
-74.271
-74.2905
-74.3098
-74.329
-74.3479
-74.3666
-74.3852
-74.4036
-74.4217
-74.4397
-74.4575
-74.4752
-74.4926
-74.5099
-74.527
-74.544
-74.5607
-74.5774
-74.5938
-74.6101
-74.6262
-74.6422
-74.658
-74.6736
-74.6891
-74.7045
-74.7197
-74.7347
-74.7496
-74.7644
-74.779
-74.7935
-74.8079
-74.8221
-74.8362
-74.8501
-74.864
-74.8777
-74.8913
-74.9047
-74.918
-74.9313
-74.9443
-74.9573
-74.9701
-74.9829
-74.9955
-75.008
-75.0204
-75.0327
-75.0448
-75.0569
-75.0688
-75.0806
-75.0924
-75.104
-75.1155
-75.1269
-75.1382
-75.1495
-75.1606
-75.1716
-75.1825
-75.1933
-75.204
-75.2147
-75.2252
-75.2356
-75.246
-75.2562
-75.2664
-75.2764
-75.2864
-75.2963
-75.3061
-75.3158
-75.3255
-75.335
-75.3445
-75.3538
-75.3631
-75.3724
-75.3815
-75.3906
-75.3995
-75.4084
-75.4172
-75.426
-75.4346
-75.4432
-75.4518
-75.4602
-75.4686
-75.4769
-75.4851
-75.4932
-75.5013
-75.5093
-75.5173
-75.5251
-75.533
-75.5407
-75.5484
-75.556
-75.5635
-75.571
-75.5784
-75.5858
-75.593
-75.6003
-75.6074
-75.6145
-75.6216
-75.6285
-75.6355
-75.6423
-75.6491
-75.6559
-75.6626
-75.6692
-75.6758
-75.6823
-75.6888
-75.6952
-75.7015
-75.7078
-75.7141
-75.7203
-75.7264
-75.7325
-75.7386
-75.7446
-75.7505
-75.7564
-75.7622
-75.768
-75.7738
-75.7795
-75.7851
-75.7907
-75.7963
-75.8018
-75.8072
-75.8127
-75.818
-75.8234
-75.8287
-75.8339
-75.8391
-75.8443
-75.8494
-75.8545
-75.8595
-75.8645
-75.8695
-75.8744
-75.8793
-75.8841
-75.8889
-75.8937
-75.8984
-75.9031
-75.9077
-75.9123
-75.9169
-75.9214
-75.9259
-75.9304
-75.9348
-75.9392
-75.9436
-75.9479
-75.9522
-75.9565
-75.9607
-75.9649
-75.969
-75.9731
-75.9772
-75.9813
-75.9853
-75.9893
-75.9933
-75.9972
-76.0011
-76.005
-76.0088
-76.0126
-76.0164
-76.0201
-76.0239
-76.0275
-76.0312
-76.0348
-76.0384
-76.042
-76.0456
-76.0491
-76.0526
-76.056
-76.0595
-76.0629
-76.0663
-76.0696
-76.0729
-76.0762
-76.0795
-76.0828
-76.086
-76.0892
-76.0924
-76.0955
-76.0986
-76.1017
-76.1048
-76.1079
-76.1109
-76.1139
-76.1169
-76.1198
-76.1228
-76.1257
-76.1286
-76.1314
-76.1343
-76.1371
-76.1399
-76.1427
-76.1455
-76.1482
-76.1509
-76.1536
-76.1563
-76.1589
-76.1615
-76.1642
-76.1667
-76.1693
-76.1719
-76.1744
-76.1769
-76.1794
-76.1819
-76.1843
-76.1868
-76.1892
-76.1916
-76.1939
-76.1963
-76.1986
-76.201
-76.2033
-76.2056
-76.2078
-76.2101
-76.2123
-76.2145
-76.2167
-76.2189
-76.2211
-76.2232
-76.2254
-76.2275
-76.2296
-76.2317
-76.2337
-76.2358
-76.2378
-76.2398
-76.2418
-76.2438
-76.2458
-76.2478
-76.2497
-76.2516
-76.2536
-76.2554
-76.2573
-76.2592
-76.2611
-76.2629
-76.2647
-76.2665
-76.2683
-76.2701
-76.2719
-76.2737
-76.2754
-76.2771
-76.2788
-76.2806
-76.2822
-76.2839
-76.2856
-76.2872
-76.2889
-76.2905
-76.2921
-76.2937
-76.2953
-76.2969
-76.2985
-76.3
-76.3016
-76.3031
-76.3046
-76.3061
-76.3076
-76.3091
-76.3106
-76.312
-76.3135
-76.3149
-76.3164
-76.3178
-76.3192
-76.3206
-76.322
-76.3233
-76.3247
-76.3261
-76.3274
-76.3287
-76.33
-76.3314
-76.3327
-76.334
-76.3352
-76.3365
-76.3378
-76.339
-76.3403
-76.3415
-76.3427
-76.3439
-76.3452
-76.3464
-76.3475
-76.3487
-76.3499
-76.351
-76.3522
-76.3533
-76.3545
-76.3556
-76.3567
-76.3578
-76.3589
-76.36
-76.3611
-76.3622
-76.3632
-76.3643
-76.3654
-76.3664
-76.3674
-76.3685
-76.3695
-76.3705
-76.3715
-76.3725
-76.3735
-76.3745
-76.3754
-76.3764
-76.3774
-76.3783
-76.3793
-76.3802
-76.3811
-76.382
-76.383
-76.3839
-76.3848
-76.3857
-76.3866
-76.3874
-76.3883
-76.3892
-76.39
-76.3909
-76.3917
-76.3926
-76.3934
-76.3943
-76.3951
-76.3959
-76.3967
-76.3975
-76.3983
-76.3991
-76.3999
-76.4007
-76.4014
-76.4022
-76.403
-76.4037
-76.4045
-76.4052
-76.406
-76.4067
-76.4074
-73.0964
-69.0272
-65.9309
-63.5565
-61.6425
-59.9397
-58.1142
-55.2494
-31.3797
9.73798
-27.4461
-73.5564
-79.0274
-78.9617
-78.8359
-78.6967
-78.5451
-78.3812
-78.2055
-77.1501
-75.153
-73.9654
-73.1817
-72.5563
-72.0065
-71.5018
-71.031
-70.5904
-70.179
-69.7973
-69.4457
-69.1248
-68.8345
-68.6016
-69.0589
-69.9623
-70.051
-67.853
-66.24
-65.2103
-64.5283
-64.0644
-63.7444
-63.5232
-63.3736
-63.2781
-63.2246
-63.2048
-63.2126
-63.2435
-63.2941
-63.3616
-63.4437
-63.5386
-63.6448
-63.7607
-63.8852
-64.0171
-64.1556
-64.2993
-64.447
-64.5977
-64.7509
-64.9059
-65.0622
-65.2193
-65.3767
-65.5336
-65.6897
-65.8446
-65.9982
-66.1502
-66.3006
-66.4491
-66.5954
-64.7749
-62.0368
-59.835
-57.8546
-55.4611
-49.2831
29.2672
-19.9127
-58.0017
-79.2359
-79.4636
-78.3351
-77.8854
-77.6254
-77.3693
-77.1007
-76.8191
-76.5264
-76.2252
-75.4617
-72.8378
-70.8399
-69.7807
-69.3144
-68.9433
-68.6188
-68.9293
-69.4187
-70.2712
-71.1747
-71.7098
-72.016
-72.2111
-72.6128
-72.9182
-73.1106
-73.2361
-73.3215
-73.3818
-73.4263
-73.4606
-73.4881
-73.5113
-73.5317
-73.5503
-73.5678
-73.5847
-73.6013
-73.6179
-73.6346
-73.6515
-73.6686
-73.6861
-73.7039
-73.722
-73.7404
-73.7591
-73.7781
-73.7974
-73.8168
-73.8365
-73.8564
-73.8764
-73.8965
-73.9168
-73.9371
-73.9574
-73.9778
-73.9982
-74.0186
-74.039
-74.0593
-74.0796
-74.0998
-74.12
-74.14
-74.1599
-74.1798
-74.1995
-74.2191
-74.2385
-74.2578
-74.277
-74.296
-74.3149
-74.3336
-74.3522
-74.2223
-70.4746
-66.8606
-64.1302
-61.9911
-60.166
-58.323
-55.7069
-44.1303
17.7414
-23.7306
-68.101
-79.6288
-79.7108
-79.6764
-79.6355
-79.5903
-79.5407
-79.4869
-79.4288
-79.3667
-79.3011
-79.2324
-78.4164
-74.5895
-71.7472
-69.8309
-68.4396
-67.3721
-66.52
-65.8206
-65.2355
-63.4091
-61.2692
-59.4369
-57.532
-54.5079
-18.244
4.4438
-30.1906
-75.4909
-78.8764
-78.708
-78.5519
-78.3824
-78.1987
-78.0012
-77.7905
-77.568
-75.4773
-73.8053
-72.9332
-72.3329
-71.8397
-71.4058
-71.0285
-71.0633
-71.0975
-71.062
-69.8528
-67.4524
-65.7299
-64.541
-63.6848
-63.0448
-62.5518
-62.1613
-61.8476
-61.5911
-61.3782
-61.2015
-61.0558
-60.9376
-60.8444
-60.7739
-60.7238
-60.8345
-62.2863
-63.7378
-64.9134
-65.8578
-66.6198
-67.24
-67.7503
-67.6386
-65.016
-62.7927
-61.1403
-59.8107
-58.607
-57.312
-55.4827
-50.7971
38.0725
-16.0328
-50.0313
-79.0761
-79.6679
-79.646
-79.6027
-79.5542
-78.1538
-76.3442
-75.4847
-74.9273
-74.4545
-74.0108
-73.5814
-73.1635
-72.7583
-71.4943
-68.7825
-66.6863
-65.1496
-63.97
-63.0262
-62.2411
-61.5624
-60.9497
-60.3725
-59.1192
-56.6752
-52.1665
43.5165
-10.9254
-42.2893
-78.5563
-79.3411
-79.2009
-79.0846
-78.8685
-78.719
-78.586
-78.4503
-78.3101
-78.0774
-77.8243
-77.6264
-77.4557
-77.2997
-77.1539
-77.0167
-76.8879
-76.7672
-76.6548
-76.5507
-76.4549
-76.3671
-76.2872
-76.2149
-76.1497
-76.0912
-76.0391
-75.9928
-75.9519
-75.916
-75.8846
-75.8573
-75.8337
-75.8135
-75.7962
-75.7817
-75.7695
-75.7595
-75.7514
-75.745
-75.74
-75.7364
-75.734
-75.7325
-75.732
-75.7323
-75.7332
-75.7348
-75.7369
-75.7394
-75.7423
-75.7456
-75.7492
-75.753
-75.7571
-75.7613
-75.7657
-75.7703
-75.7749
-75.7797
-75.7845
-75.7893
-75.7943
-75.7992
-75.8042
-75.8092
-75.8143
-75.8193
-75.8243
-75.8294
-75.8344
-75.8394
-75.8444
-75.8493
-75.8543
-75.8592
-75.8641
-75.869
-75.8738
-75.8786
-75.8834
-75.8882
-75.8929
-75.8976
-75.9022
-75.9069
-75.9114
-75.916
-75.9205
-75.925
-75.9295
-75.5125
-71.3596
-67.6158
-64.7983
-62.6061
-60.7771
-59.0272
-56.8416
-51.5319
37.7175
-13.8428
-46.9249
-78.9082
-78.8394
-78.6599
-78.4988
-78.3244
-78.1357
-77.9332
-77.7178
-77.4908
-76.561
-74.1442
-72.5215
-71.4446
-70.6263
-69.9497
-69.3632
-68.8422
-68.3745
-67.8759
-65.5418
-63.3224
-61.6173
-60.1962
-58.8473
-58.2462
-58.5168
-58.8497
-59.1903
-59.5368
-60.4389
-60.6392
-60.6198
-60.6167
-60.6267
-60.6491
-60.6838
-60.7307
-60.7902
-60.8625
-60.9466
-61.0422
-61.1492
-61.2676
-61.3971
-61.5375
-61.6885
-61.8495
-62.0199
-62.1975
-62.3811
-62.7947
-64.2696
-65.5899
-66.6293
-67.4548
-68.1178
-68.6567
-69.0999
-69.4685
-69.7785
-70.0419
-70.268
-70.4639
-70.6354
-70.7868
-70.9217
-71.0429
-71.1526
-71.2527
-71.3447
-71.4298
-71.5091
-71.5834
-71.6534
-71.7197
-71.7827
-71.843
-71.2454
-67.6261
-64.5232
-62.1682
-60.2521
-58.4603
-56.2636
-51.0623
36.9697
-15.3592
-49.2523
-78.7323
-78.7326
-78.5543
-78.3829
-78.1976
-77.9979
-77.7843
-77.558
-77.3205
-76.3732
-73.8871
-72.1886

