-70
-69.8623
-69.7285
-69.5983
-69.4718
-69.3487
-69.2291
-69.1128
-68.9997
-68.8897
-68.7828
-68.6789
-68.5778
-68.4795
-68.3839
-68.291
-68.2007
-68.1128
-68.0274
-67.9443
-67.8636
-67.7851
-67.7087
-67.6345
-67.5623
-67.4921
-67.4238
-67.3574
-67.2929
-67.2301
-67.1691
-67.1098
-67.0521
-66.996
-66.9414
-66.8884
-66.8368
-66.7866
-66.7378
-66.6904
-66.6443
-66.5994
-66.5558
-66.5133
-66.4721
-66.432
-66.393
-66.355
-66.3181
-66.2823
-66.2474
-66.2134
-66.1805
-66.1484
-66.1172
-66.0868
-66.0573
-66.0286
-66.0007
-65.9736
-65.9472
-65.9215
-65.8966
-65.8723
-65.8487
-65.8257
-65.8034
-65.7817
-65.7606
-65.74
-65.72
-65.7006
-65.6817
-65.6633
-65.6455
-65.6281
-65.6112
-65.5948
-65.5788
-65.5632
-65.5481
-65.5334
-65.5191
-65.5052
-65.4917
-65.4785
-65.4657
-65.4533
-65.4412
-65.4294
-65.418
-65.4068
-65.396
-65.3855
-65.3752
-65.3653
-65.3556
-65.3462
-65.337
-65.3281
-65.3194
-65.311
-65.3028
-65.2948
-65.2871
-65.2795
-65.2722
-65.2651
-65.2581
-65.2514
-65.2448
-65.2385
-65.2322
-65.2262
-65.2203
-65.2146
-65.2091
-65.2037
-65.1984
-65.1933
-65.1884
-65.1835
-65.1788
-65.1743
-65.1698
-65.1655
-65.1613
-65.1572
-65.1532
-65.1493
-65.1456
-65.1419
-65.1384
-65.1349
-65.1315
-65.1283
-65.1251
-65.122
-65.119
-65.1161
-65.1132
-65.1104
-65.1077
-65.1051
-65.1026
-65.1001
-65.0977
-65.0953
-65.0931
-65.0908
-65.0887
-65.0866
-65.0845
-65.0826
-65.0806
-65.0788
-65.0769
-65.0752
-65.0734
-65.0718
-65.0701
-65.0685
-65.067
-65.0655
-65.064
-65.0626
-65.0612
-65.0599
-65.0586
-65.0573
-65.0561
-65.0549
-65.0537
-65.0526
-65.0514
-65.0504
-65.0493
-65.0483
-65.0473
-65.0464
-65.0454
-65.0445
-65.0436
-65.0428
-65.0419
-65.0411
-65.0403
-65.0395
-65.0388
-65.0381
-65.0374
-65.0367
-65.036
-65.0353
-65.0347
-65.0341
-65.0335
-65.0329
-65.0323
-65.0318
-65.0313
-65.0307
-65.0302
-65.0297
-65.0293
-65.0288
-65.0283
-65.0279
-65.0275
-65.027
-65.0266
-65.0262
-65.0259
-65.0255
-65.0251
-65.0248
-65.0244
-65.0241
-65.0238
-65.0234
-65.0231
-65.0228
-65.0225
-65.0223
-65.022
-65.0217
-65.0215
-65.0212
-65.021
-65.0207
-65.0205
-65.0203
-65.02
-65.0198
-65.0196
-65.0194
-65.0192
-65.019
-65.0188
-65.0187
-65.0185
-65.0183
-65.0181
-65.018
-65.0178
-65.0177
-65.0175
-65.0174
-65.0172
-65.0171
-65.017
-65.0168
-65.0167
-65.0166
-65.0165
-65.0163
-65.0162
-65.0161
-65.016
-65.0159
-65.0158
-65.0157
-65.0156
-65.0155
-65.0154
-65.0153
-65.0153
-65.0152
-65.0151
-65.015
-65.0149
-65.0149
-65.0148
-65.0147
-65.0147
-65.0146
-65.0145
-65.0145
-65.0144
-65.0143
-65.0143
-65.0142
-65.0142
-65.0141
-65.0141
-65.014
-65.014
-65.0139
-65.0139
-65.0138
-65.0138
-65.0137
-65.0137
-65.0137
-65.0136
-65.0136
-65.0135
-65.0135
-65.0135
-65.0134
-65.0134
-65.0134
-65.0133
-65.0133
-65.0133
-65.0133
-65.0132
-65.0132
-65.0132
-65.0131
-65.0131
-65.0131
-65.0131
-65.0131
-65.013
-65.013
-65.013
-65.013
-65.0129
-65.0129
-65.0129
-65.0129
-65.0129
-65.0129
-65.0128
-65.0128
-65.0128
-65.0128
-65.0128
-65.0128
-65.0127
-65.0127
-65.0127
-65.0127
-65.0127
-65.0127
-65.0127
-65.0127
-65.0126
-65.0126
-65.0126
-65.0126
-65.0126
-65.0126
-65.0126
-65.0126
-65.0126
-65.0126
-65.0125
-65.0125
-65.0125
-65.0125
-65.0125
-65.0125
-65.0125
-65.0125
-65.0125
-65.0125
-65.0125
-65.0125
-65.0125
-65.0124
-65.0124
-65.0124
-65.0124
-65.0124
-65.0124
-65.0124
-65.0124
-65.0124
-65.0124
-65.0124
-65.0124
-65.0124
-65.0124
-65.0124
-65.0124
-65.0124
-65.0124
-65.0124
-65.0124
-65.0124
-65.0124
-65.0124
-65.0123
-65.0123
-65.0123
-65.0123
-65.0123
-65.0123
-65.0123
-65.0123
-65.0123
-65.0123
-65.0123
-65.0123
-65.0123
-65.0123
-65.0123
-65.0123
-65.0123
-65.0123
-65.0123
-65.0123
-65.0123
-65.0123
-65.0123
-65.0123
-65.0123
-65.0123
-65.0123
-65.0123
-65.0123
-65.0123
-65.0123
-65.0123
-65.0123
-65.0123
-65.0123
-65.0123
-65.0123
-65.0123
-65.0123
-65.0123
-65.0123
-65.0123
-65.0123
-65.0123
-65.0123
-65.0123
-65.0123
-65.0123
-65.0123
-65.0123
-65.0123
-65.0123
-65.0123
-65.0123
-65.0123
-65.0123
-65.0123
-65.0123
-65.0123
-65.0123
-65.0123
-65.0123
-65.0123
-65.0123
-65.0123
-65.0123
-65.0123
-65.0123
-65.0123
-65.0123
-65.0123
-65.0123
-65.0123
-65.0123
-64.8272
-64.6749
-64.5616
-64.4807
-64.4179
-64.3677
-64.3273
-64.2951
-64.2696
-64.2499
-64.2351
-64.2244
-64.2173
-64.2132
-64.2117
-64.2125
-64.2152
-64.2195
-64.2252
-64.2321
-64.2401
-64.2489
-64.2584
-64.2685
-64.2792
-64.2902
-64.3016
-64.3133
-64.3251
-64.3371
-64.3491
-64.3613
-64.3734
-64.3855
-64.3197
-64.1436
-64.0281
-63.9438
-63.8854
-63.8412
-63.8079
-63.7833
-63.7658
-63.7543
-63.7479
-63.7457
-63.7472
-63.7518
-63.7589
-63.7682
-63.7795
-63.7922
-63.784
-63.6118
-63.4952
-63.3539
-62.9098
-62.4575
-61.9832
-61.5326
-61.1433
-60.6815
-60.25
-59.7704
-59.3759
-58.9403
-58.6322
-58.4001
-58.1443
-57.8618
-57.5933
-57.209
-56.9395
-56.5092
-56.1393
-55.8578
-55.6647
-55.5309
-55.4423
-55.3795
-55.2984
-55.1572
-55.0377
-54.9437
-54.8453
-54.8009
-54.7919
-54.7936
-54.8004
-54.8355
-54.8918
-54.9657
-55.0534
-55.1267
-55.1977
-55.2873
-55.3905
-55.5044
-55.626
-55.7538
-55.8865
-56.0232
-56.163
-56.264
-56.3679
-56.4834
-56.6006
-56.6817
-56.7733
-56.8303
-56.9129
-57.0086
-57.0899
-57.1663
-57.2575
-57.3586
-57.4357
-57.5127
-57.6029
-57.6113
-57.6413
-57.6811
-57.6907
-57.6888
-57.6809
-57.6882
-57.7233
-57.777
-57.6817
-57.5068
-57.2242
-57.0483
-56.9016
-56.7614
-56.5391
-56.208
-55.7707
-55.404
-55.1272
-54.9167
-54.7206
-54.5017
-54.3161
-54.0646
-53.8075
-53.6411
-53.5394
-53.487
-53.4699
-53.4262
-53.3819
-53.3371
-53.2836
-53.2406
-53.2078
-53.2186
-53.2599
-53.3255
-53.4097
-53.5096
-53.6225
-53.7468
-53.8807
-54.0229
-54.1721
-54.3273
-54.4874
-54.6517
-54.8192
-54.9891
-55.161
-55.3341
-55.5079
-55.6822
-55.8564
-56.0301
-56.2029
-56.3746
-56.5451
-56.714
-56.8813
-57.0465
-57.2096
-57.3705
-57.5291
-57.6853
-57.8391
-57.9904
-58.139
-58.2851
-58.4284
-58.5691
-58.7071
-58.8425
-58.9751
-59.1051
-59.2324
-59.3569
-59.4789
-59.5982
-59.715
-59.8292
-59.941
-60.0502
-60.1569
-60.2612
-60.3632
-60.4627
-60.56
-60.6551
-60.7479
-60.8385
-60.9271
-61.0135
-61.0979
-61.1802
-61.2606
-61.339
-61.4156
-61.4903
-61.5632
-61.6344
-61.7038
-61.7716
-61.7425
-61.6575
-61.616
-61.5999
-61.6022
-61.5666
-61.4868
-61.4439
-61.4233
-61.4202
-61.3597
-61.2237
-60.9988
-60.7627
-60.5017
-60.1647
-59.5944
-58.9649
-58.4436
-57.8961
-57.4392
-57.1078
-56.8655
-56.6604
-56.213
-55.8692
-55.6259
-55.4625
-55.3532
-55.2381
-55.1355
-55.0796
-55.0595
-55.0685
-55.0104
-54.9206
-54.8727
-54.8398
-54.7947
-54.7601
-54.7338
-54.7181
-54.7211
-54.7566
-54.8053
-54.7986
-54.7339
-54.6657
-54.62
-54.5935
-54.5874
-54.6175
-54.6729
-54.7019
-54.6888
-54.7127
-54.7664
-54.8444
-54.9384
-55.045
-55.1619
-55.2681
-55.3193
-55.401
-55.5003
-55.615
-55.7389
-55.8696
-56.0057
-56.146
-56.2896
-56.4356
-56.5834
-56.7325
-56.8822
-57.0322
-57.1819
-57.3311
-57.4795
-57.6269
-57.7421
-57.8452
-57.8282
-57.7878
-57.6979
-57.6051
-57.4933
-57.3327
-57.1906
-57.0788
-56.9677
-56.8037
-56.6373
-56.4782
-56.3169
-56.0962
-55.9358
-55.8417
-55.669
-55.4378
-55.2167
-55.0117
-54.7569
-54.5209
-54.375
-54.2784
-54.1877
-54.1349
-54.1203
-54.1375
-54.1614
-54.1971
-54.2343
-54.2807
-54.3287
-54.3044
-54.2531
-54.213
-54.1065
-53.9941
-53.9334
-53.8991
-53.8834
-53.8927
-53.9337
-53.9989
-54.0833
-54.183
-54.2955
-54.4189
-54.5515
-54.6917
-54.8384
-54.9903
-55.1464
-55.306
-55.4683
-55.6326
-55.7984
-55.965
-56.1319
-56.2988
-56.4652
-56.6309
-56.7956
-56.959
-57.1208
-57.2809
-57.4391
-57.5954
-57.7495
-57.9015
-58.0512
-58.1984
-58.3432
-58.4855
-58.6254
-58.7627
-58.8974
-59.0295
-59.1591
-59.286
-59.4103
-59.5321
-59.6513
-59.7679
-59.8821
-59.9938
-60.1031
-60.2098
-60.3142
-60.4162
-60.5159
-60.6133
-60.7085
-60.8015
-60.8923
-60.9809
-61.0675
-61.152
-61.2345
-61.315
-61.3936
-61.4703
-61.5452
-61.6182
-61.6895
-61.7591
-61.827
-61.8932
-61.9578
-62.0208
-62.0823
-62.1423
-62.2007
-62.2578
-62.3134
-62.3677
-62.4207
-62.4723
-62.5227
-62.5718
-62.6197
-62.6446
-62.463
-62.1178
-61.8838
-61.6572
-61.4546
-61.3105
-61.1858
-61.0311
-60.8202
-60.6341
-60.317
-60.0851
-59.9199
-59.751
-59.169
-58.5039
-58.0081
-57.6595
-57.4098
-57.1745
-57.0041
-56.6399
-56.3683
-56.1581
-56.006
-55.907
-55.8479
-55.8211
-55.8204
-55.8416
-55.7972
-55.5951
-55.3902
-55.1771
-54.9579
-54.8181
-54.6963
-54.5955
-54.5462
-54.5349
-54.5538
-54.596
-54.6574
-54.7294
-54.7082
-54.6805
-54.656
-54.6461
-54.6765
-54.7182
-54.7575
-54.824
-54.9089
-55.0095
-55.1214
-55.2427
-55.3717
-55.5071
-55.6477
-55.7924
-55.9404
-56.0909
-56.2432
-56.3967
-56.5182
-56.6451
-56.7786
-56.8978
-57.0031
-57.1206
-57.2448
-57.3741
-57.5059
-57.6393
-57.7736
-57.9081
-58.0425
-58.1181
-58.0645
-58.0507
-58.0378
-58.022
-57.989
-57.9947
-58.0256
-58.0756
-58.1384
-58.2111
-58.2917
-58.3704
-58.3775
-58.401
-58.4337
-58.4507
-58.4802
-58.491
-58.4065
-58.3397
-58.1956
-57.9812
-57.722
-57.4337
-57.0947
-56.7504
-56.3899
-56.1221
-55.8399
-55.5635
-55.3182
-55.1591
-55.0199
-54.872
-54.7362
-54.488

