-70
-69.8623
-69.7285
-69.5983
-69.4718
-69.3487
-69.2291
-69.1128
-68.9997
-68.8897
-68.7828
-68.6789
-68.5778
-68.4795
-68.3839
-68.291
-68.2007
-68.1128
-68.0274
-67.9443
-67.8636
-67.7851
-67.7087
-67.6345
-67.5623
-67.4921
-67.4238
-67.3574
-67.2929
-67.2301
-67.1691
-67.1098
-67.0521
-66.996
-66.9414
-66.8884
-66.8368
-66.7866
-66.7378
-66.6904
-66.6443
-66.5994
-66.5558
-66.5133
-66.4721
-66.432
-66.393
-66.355
-66.3181
-66.2823
-66.2474
-66.2134
-66.1805
-66.1484
-66.1172
-66.0868
-66.0573
-66.0286
-66.0007
-65.9736
-65.9472
-65.9215
-65.8966
-65.8723
-65.8487
-65.8257
-65.8034
-65.7817
-65.7606
-65.74
-65.72
-65.7006
-65.6817
-65.6633
-65.6455
-65.6281
-65.6112
-65.5948
-65.5788
-65.5632
-65.5481
-65.5334
-65.5191
-65.5052
-65.4917
-65.4785
-65.4657
-65.4533
-65.4412
-65.4294
-65.418
-65.4068
-65.396
-65.3855
-65.3752
-65.3653
-65.3556
-65.3462
-65.337
-65.3281
-65.3194
-65.311
-65.3028
-65.2948
-65.2871
-65.2795
-65.2722
-65.2651
-65.2581
-65.2514
-65.2448
-65.2385
-65.2322
-65.2262
-65.2203
-65.2146
-65.2091
-65.2037
-65.1984
-65.1933
-65.1884
-65.1835
-65.1788
-65.1743
-65.1698
-65.1655
-65.1613
-65.1572
-65.1532
-65.1493
-65.1456
-65.1419
-65.1384
-65.1349
-65.1315
-65.1283
-65.1251
-65.122
-65.119
-65.1161
-65.1132
-65.1104
-65.1077
-65.1051
-65.1026
-65.1001
-65.0977
-65.0953
-65.0931
-65.0908
-65.0887
-65.0866
-65.0845
-65.0826
-65.0806
-65.0788
-65.0769
-65.0752
-65.0734
-65.0718
-65.0701
-65.0685
-65.067
-65.0655
-65.064
-65.0626
-65.0612
-65.0599
-65.0586
-65.0573
-65.0561
-65.0549
-65.0537
-65.0526
-65.0514
-65.0504
-65.0493
-65.0483
-65.0473
-65.0464
-65.0454
-65.0445
-65.0436
-65.0428
-65.0419
-65.0411
-65.0403
-65.0395
-65.0388
-65.0381
-65.0374
-65.0367
-65.036
-65.0353
-65.0347
-65.0341
-65.0335
-65.0329
-65.0323
-65.0318
-65.0313
-65.0307
-65.0302
-65.0297
-65.0293
-65.0288
-65.0283
-65.0279
-65.0275
-65.027
-65.0266
-65.0262
-65.0259
-65.0255
-65.0251
-65.0248
-65.0244
-65.0241
-65.0238
-65.0234
-65.0231
-65.0228
-65.0225
-65.0223
-65.022
-65.0217
-65.0215
-65.0212
-65.021
-65.0207
-65.0205
-65.0203
-65.02
-65.0198
-65.0196
-65.0194
-65.0192
-65.019
-65.0188
-65.0187
-65.0185
-65.0183
-65.0181
-65.018
-65.0178
-65.0177
-65.0175
-65.0174
-65.0172
-65.0171
-65.017
-65.0168
-65.0167
-65.0166
-65.0165
-65.0163
-65.0162
-65.0161
-65.016
-65.0159
-65.0158
-65.0157
-65.0156
-65.0155
-65.0154
-65.0153
-65.0153
-65.0152
-65.0151
-65.015
-65.0149
-65.0149
-65.0148
-65.0147
-65.0147
-65.0146
-65.0145
-65.0145
-65.0144
-65.0143
-65.0143
-65.0142
-65.0142
-65.0141
-65.0141
-65.014
-65.014
-65.0139
-65.0139
-65.0138
-65.0138
-65.0137
-65.0137
-65.0137
-65.0136
-65.0136
-65.0135
-65.0135
-65.0135
-65.0134
-65.0134
-65.0134
-65.0133
-65.0133
-65.0133
-65.0133
-65.0132
-65.0132
-65.0132
-65.0131
-65.0131
-65.0131
-65.0131
-65.0131
-65.013
-65.013
-65.013
-65.013
-65.0129
-65.0129
-65.0129
-65.0129
-65.0129
-65.0129
-65.0128
-65.0128
-65.0128
-65.0128
-65.0128
-65.0128
-65.0127
-65.0127
-65.0127
-65.0127
-65.0127
-65.0127
-65.0127
-65.0127
-65.0126
-65.0126
-65.0126
-65.0126
-65.0126
-65.0126
-65.0126
-65.0126
-65.0126
-65.0126
-65.0125
-65.0125
-65.0125
-65.0125
-65.0125
-65.0125
-65.0125
-65.0125
-65.0125
-65.0125
-65.0125
-65.0125
-65.0125
-65.0124
-65.0124
-65.0124
-65.0124
-65.0124
-65.0124
-65.0124
-65.0124
-65.0124
-65.0124
-65.0124
-65.0124
-65.0124
-65.0124
-65.0124
-65.0124
-65.0124
-65.0124
-65.0124
-65.0124
-65.0124
-65.0124
-65.0124
-65.0123
-65.0123
-65.0123
-65.0123
-65.0123
-65.0123
-65.0123
-65.0123
-65.0123
-65.0123
-65.0123
-65.0123
-65.0123
-65.0123
-65.0123
-65.0123
-65.0123
-65.0123
-65.0123
-65.0123
-65.0123
-65.0123
-65.0123
-65.0123
-65.0123
-65.0123
-65.0123
-65.0123
-65.0123
-65.0123
-65.0123
-65.0123
-65.0123
-65.0123
-65.0123
-65.0123
-65.0123
-65.0123
-65.0123
-65.0123
-65.0123
-65.0123
-65.0123
-65.0123
-65.0123
-65.0123
-65.0123
-65.0123
-65.0123
-65.0123
-65.0123
-65.0123
-65.0123
-65.0123
-65.0123
-65.0123
-65.0123
-65.0123
-65.0123
-65.0123
-65.0123
-65.0123
-65.0123
-65.0123
-65.0123
-65.0123
-65.0123
-65.0123
-65.0123
-65.0123
-65.0123
-65.0123
-65.0123
-65.0123
-64.9505
-64.8995
-64.8615
-64.8344
-64.8133
-64.7964
-64.7828
-64.772
-64.7634
-64.7568
-64.7518
-64.7482
-64.7458
-64.7444
-64.7439
-64.7441
-64.745
-64.7465
-64.7484
-64.7508
-64.7534
-64.7564
-64.7596
-64.763
-64.7666
-64.7703
-64.7742
-64.7781
-64.7821
-64.7861
-64.7902
-64.7942
-64.7983
-64.8024
-64.8065
-64.8105
-64.8146
-64.8185
-64.8225
-64.8264
-64.8303
-64.8341
-64.8378
-64.8415
-64.8451
-64.8487
-64.8522
-64.8556
-64.859
-64.8623
-64.8103
-64.7605
-64.7247
-64.6321
-64.5648
-64.4663
-64.0306
-63.7267
-63.4497
-63.1452
-62.8443
-62.3188
-61.9358
-61.5214
-61.2238
-60.9949
-60.8213
-60.6873
-60.5404
-60.3827
-60.2335
-60.071
-59.934
-59.8269
-59.7569
-59.7146
-59.6938
-59.6592
-59.6378
-59.636
-59.6178
-59.6118
-59.6241
-59.6518
-59.6905
-59.7378
-59.792
-59.8519
-59.9165
-59.9851
-60.0568
-60.1311
-60.2058
-60.2482
-60.3018
-60.3128
-60.3432
-60.3857
-60.4386
-60.4973
-60.5603
-60.6264
-60.6949
-60.7652
-60.8369
-60.9095
-60.9827
-61.0562
-61.1297
-61.2031
-61.2761
-61.3487
-61.4207
-61.4919
-61.5624
-61.6319
-61.7005
-61.7681
-61.8347
-61.9002
-61.9645
-61.9774
-61.9448
-61.9322
-61.8813
-61.8458
-61.7303
-61.6223
-61.5557
-61.4656
-61.3766
-61.3004
-61.256
-61.2017
-61.0358
-60.863
-60.6649
-60.4707
-60.3105
-60.0724
-59.7618
-59.5326
-59.3175
-59.1481
-59.0326
-58.957
-58.9126
-58.8922
-58.8795
-58.8649
-58.8519
-58.8076
-58.7922
-58.7851
-58.7741
-58.7894
-58.822
-58.8691
-58.9265
-58.9922
-59.0647
-59.1427
-59.2252
-59.3114
-59.4006
-59.492
-59.5852
-59.6798
-59.7752
-59.8712
-59.9674
-60.0636
-60.1596
-60.255
-60.3499
-60.444
-60.5372
-60.6294
-60.7205
-60.8104
-60.899
-60.9862
-61.072
-61.1564
-61.2394
-61.3208
-61.4008
-61.4793
-61.5562
-61.6316
-61.7055
-61.7779
-61.8487
-61.9181
-61.9859
-62.0523
-62.1172
-62.1806
-62.2426
-62.3032
-62.3623
-62.4201
-62.4766
-62.5318
-62.5856
-62.6382
-62.6895
-62.7395
-62.7884
-62.8361
-62.8827
-62.9281
-62.9724
-63.0156
-63.0577
-63.0989
-63.139
-63.1781
-63.2162
-63.2534
-63.2897
-63.325
-63.3595
-63.3931
-63.4259
-63.4579
-63.4891
-63.5195
-63.5491
-63.5599
-63.4764
-63.4285
-63.3982
-63.3835
-63.3768
-63.3162
-63.0763
-62.8813
-62.7432
-62.6487
-62.4224
-62.0679
-61.7694
-61.3125
-60.926
-60.6449
-60.3844
-60.1927
-60.0211
-59.8674
-59.76
-59.6777
-59.5987
-59.5513
-59.5268
-59.5224
-59.5332
-59.5369
-59.5414
-59.5576
-59.5293
-59.5185
-59.5225
-59.5065
-59.5175
-59.5238
-59.5261
-59.5496
-59.5871
-59.6338
-59.5833
-59.5471
-59.5414
-59.5608
-59.5961
-59.6129
-59.6425
-59.6848
-59.7384
-59.7996
-59.8591
-59.8827
-59.9254
-59.9787
-60.0412
-60.0812
-60.0829
-60.1092
-60.1495
-60.2019
-60.2611
-60.3253
-60.3935
-60.4646
-60.5381
-60.6133
-60.6899
-60.7673
-60.8452
-60.9234
-61.0015
-61.0795
-61.1242
-61.1551
-61.1988
-61.2502
-61.2636
-61.2813
-61.3119
-61.2969
-61.2538
-61.145
-61.0578
-61.0104
-60.9906
-60.986
-60.9466
-60.9334
-60.9031
-60.7936
-60.7132
-60.6688
-60.633
-60.5644
-60.3737
-60.1631
-59.9653
-59.7198
-59.5199
-59.3868
-59.3014
-59.1999
-59.0835
-59.0138
-58.9331
-58.8606
-58.8249
-58.8165
-58.8294
-58.8581
-58.8995
-58.9491
-58.9703
-58.9986
-59.0208
-59.0636
-59.1188
-59.1843
-59.2567
-59.3347
-59.417
-59.5027
-59.5913
-59.6819
-59.7742
-59.8675
-59.9616
-60.0561
-60.1506
-60.2451
-60.3392
-60.4327
-60.5256
-60.6176
-60.7087
-60.7987
-60.8875
-60.9751
-61.0614
-61.1463
-61.2298
-61.3119
-61.3925
-61.4716
-61.5493
-61.6254
-61.7
-61.7732
-61.8448
-61.9149
-61.9835
-62.0507
-62.1164
-62.1806
-62.2433
-62.3047
-62.3646
-62.4232
-62.4804
-62.5362
-62.5908
-62.644
-62.696
-62.7468
-62.7963
-62.8446
-62.8918
-62.9378
-62.9827
-63.0265
-63.0692
-63.1109
-63.1515
-63.1911
-63.2297
-63.2674
-63.3042
-63.34
-63.3749
-63.409
-63.4422
-63.4745
-63.5061
-63.5369
-63.5668
-63.5961
-63.6246
-63.6524
-63.6795
-63.7059
-63.7317
-63.7568
-63.7813
-63.8051
-63.8284
-63.8511
-63.8732
-63.8948
-63.8692
-63.7273
-63.6384
-63.4876
-63.3603
-63.2692
-63.2042
-63.1229
-62.9917
-62.8906
-62.7671
-62.6831
-62.6227
-62.5519
-62.0691
-61.5065
-61.0964
-60.8055
-60.5846
-60.3673
-60.2086
-60.091
-60.0079
-59.9512
-59.8939
-59.8133
-59.7667
-59.7442
-59.7427
-59.7561
-59.7789
-59.7063
-59.64
-59.5923
-59.5786
-59.5868
-59.6045
-59.5987
-59.6038
-59.5912
-59.6056
-59.6358
-59.6791
-59.7289
-59.7468
-59.7829
-59.8303
-59.8879
-59.9519
-60.0207
-60.0934
-60.1596
-60.2026
-60.2251
-60.2597
-60.3073
-60.3644
-60.4272
-60.4941
-60.5639
-60.6338
-60.6688
-60.7138
-60.7182
-60.7452
-60.7839
-60.8325
-60.8867
-60.9449
-61.0062
-61.0698
-61.1351
-61.2017
-61.2692
-61.3373
-61.4056
-61.4739
-61.5421
-61.6099
-61.6773
-61.7441
-61.8102
-61.8525
-61.8842
-61.9244
-61.9696
-62.0183
-62.0687
-62.12
-62.1719
-62.224
-62.2357
-62.2414
-62.2599
-62.2507
-62.2417
-62.2189
-62.1841
-62.1306
-62.0612
-61.9107
-61.6663
-61.3839
-61.1626
-60.9665
-60.7549
-60.4585
-60.0644
-59.7918
-59.5981
-59.4645
-59.3704
-59.3074
-59.2697

