-70
-69.8623
-69.7285
-69.5983
-69.4718
-69.3487
-69.2291
-69.1128
-68.9997
-68.8897
-68.7828
-68.6789
-68.5778
-68.4795
-68.3839
-68.291
-68.2007
-68.1128
-68.0274
-67.9443
-67.8636
-67.7851
-67.7087
-67.6345
-67.5623
-67.4921
-67.4238
-67.3574
-67.2929
-67.2301
-67.1691
-67.1098
-67.0521
-66.996
-66.9414
-66.8884
-66.8368
-66.7866
-66.7378
-66.6904
-66.6443
-66.5994
-66.5558
-66.5133
-66.4721
-66.432
-66.393
-66.355
-66.3181
-66.2823
-66.2474
-66.2134
-66.1805
-66.1484
-66.1172
-66.0868
-66.0573
-66.0286
-66.0007
-65.9736
-65.9472
-65.9215
-65.8966
-65.8723
-65.8487
-65.8257
-65.8034
-65.7817
-65.7606
-65.74
-65.72
-65.7006
-65.6817
-65.6633
-65.6455
-65.6281
-65.6112
-65.5948
-65.5788
-65.5632
-65.5481
-65.5334
-65.5191
-65.5052
-65.4917
-65.4785
-65.4657
-65.4533
-65.4412
-65.4294
-65.418
-65.4068
-65.396
-65.3855
-65.3752
-65.3653
-65.3556
-65.3462
-65.337
-65.3281
-65.3194
-65.311
-65.3028
-65.2948
-65.2871
-65.2795
-65.2722
-65.2651
-65.2581
-65.2514
-65.2448
-65.2385
-65.2322
-65.2262
-65.2203
-65.2146
-65.2091
-65.2037
-65.1984
-65.1933
-65.1884
-65.1835
-65.1788
-65.1743
-65.1698
-65.1655
-65.1613
-65.1572
-65.1532
-65.1493
-65.1456
-65.1419
-65.1384
-65.1349
-65.1315
-65.1283
-65.1251
-65.122
-65.119
-65.1161
-65.1132
-65.1104
-65.1077
-65.1051
-65.1026
-65.1001
-65.0977
-65.0953
-65.0931
-65.0908
-65.0887
-65.0866
-65.0845
-65.0826
-65.0806
-65.0788
-65.0769
-65.0752
-65.0734
-65.0718
-65.0701
-65.0685
-65.067
-65.0655
-65.064
-65.0626
-65.0612
-65.0599
-65.0586
-65.0573
-65.0561
-65.0549
-65.0537
-65.0526
-65.0514
-65.0504
-65.0493
-65.0483
-65.0473
-65.0464
-65.0454
-65.0445
-65.0436
-65.0428
-65.0419
-65.0411
-65.0403
-65.0395
-65.0388
-65.0381
-65.0374
-65.0367
-65.036
-65.0353
-65.0347
-65.0341
-65.0335
-65.0329
-65.0323
-65.0318
-65.0313
-65.0307
-65.0302
-65.0297
-65.0293
-65.0288
-65.0283
-65.0279
-65.0275
-65.027
-65.0266
-65.0262
-65.0259
-65.0255
-65.0251
-65.0248
-65.0244
-65.0241
-65.0238
-65.0234
-65.0231
-65.0228
-65.0225
-65.0223
-65.022
-65.0217
-65.0215
-65.0212
-65.021
-65.0207
-65.0205
-65.0203
-65.02
-65.0198
-65.0196
-65.0194
-65.0192
-65.019
-65.0188
-65.0187
-65.0185
-65.0183
-65.0181
-65.018
-65.0178
-65.0177
-65.0175
-65.0174
-65.0172
-65.0171
-65.017
-65.0168
-65.0167
-65.0166
-65.0165
-65.0163
-65.0162
-65.0161
-65.016
-65.0159
-65.0158
-65.0157
-65.0156
-65.0155
-65.0154
-65.0153
-65.0153
-65.0152
-65.0151
-65.015
-65.0149
-65.0149
-65.0148
-65.0147
-65.0147
-65.0146
-65.0145
-65.0145
-65.0144
-65.0143
-65.0143
-65.0142
-65.0142
-65.0141
-65.0141
-65.014
-65.014
-65.0139
-65.0139
-65.0138
-65.0138
-65.0137
-65.0137
-65.0137
-65.0136
-65.0136
-65.0135
-65.0135
-65.0135
-65.0134
-65.0134
-65.0134
-65.0133
-65.0133
-65.0133
-65.0133
-65.0132
-65.0132
-65.0132
-65.0131
-65.0131
-65.0131
-65.0131
-65.0131
-65.013
-65.013
-65.013
-65.013
-65.0129
-65.0129
-65.0129
-65.0129
-65.0129
-65.0129
-65.0128
-65.0128
-65.0128
-65.0128
-65.0128
-65.0128
-65.0127
-65.0127
-65.0127
-65.0127
-65.0127
-65.0127
-65.0127
-65.0127
-65.0126
-65.0126
-65.0126
-65.0126
-65.0126
-65.0126
-65.0126
-65.0126
-65.0126
-65.0126
-65.0125
-65.0125
-65.0125
-65.0125
-65.0125
-65.0125
-65.0125
-65.0125
-65.0125
-65.0125
-65.0125
-65.0125
-65.0125
-65.0124
-65.0124
-65.0124
-65.0124
-65.0124
-65.0124
-65.0124
-65.0124
-65.0124
-65.0124
-65.0124
-65.0124
-65.0124
-65.0124
-65.0124
-65.0124
-65.0124
-65.0124
-65.0124
-65.0124
-65.0124
-65.0124
-65.0124
-65.0123
-65.0123
-65.0123
-65.0123
-65.0123
-65.0123
-65.0123
-65.0123
-65.0123
-65.0123
-65.0123
-65.0123
-65.0123
-65.0123
-65.0123
-65.0123
-65.0123
-65.0123
-65.0123
-65.0123
-65.0123
-65.0123
-65.0123
-65.0123
-65.0123
-65.0123
-65.0123
-65.0123
-65.0123
-65.0123
-65.0123
-65.0123
-65.0123
-65.0123
-65.0123
-65.0123
-65.0123
-65.0123
-65.0123
-65.0123
-65.0123
-65.0123
-65.0123
-65.0123
-65.0123
-65.0123
-65.0123
-65.0123
-65.0123
-65.0123
-65.0123
-65.0123
-65.0123
-65.0123
-65.0123
-65.0123
-65.0123
-65.0123
-65.0123
-65.0123
-65.0123
-65.0123
-65.0123
-65.0123
-65.0123
-65.0123
-65.0123
-65.0123
-65.0123
-65.0123
-65.0123
-65.0123
-65.0123
-65.0123
-64.8272
-64.6749
-64.5616
-64.4807
-64.4179
-64.3677
-64.3273
-64.2951
-64.2696
-64.2499
-64.2351
-64.2244
-64.2173
-64.2132
-64.2117
-64.2125
-64.2152
-64.2195
-64.2252
-64.2321
-64.2401
-64.2489
-64.2584
-64.2685
-64.2792
-64.2902
-64.3016
-64.3133
-64.3251
-64.3371
-64.3491
-64.3613
-64.3734
-64.3855
-64.2937
-64.0552
-63.8977
-63.7818
-63.7003
-63.6379
-63.5899
-63.5534
-63.5266
-63.5078
-63.4957
-63.4894
-63.488
-63.4906
-63.4968
-63.506
-63.5177
-63.5316
-63.543
-63.294
-63.1236
-62.8128
-61.6613
-60.8221
-59.9705
-59.0573
-58.2499
-56.9338
-55.8676
-54.6948
-53.6811
-52.7607
-52.0524
-51.4939
-50.9676
-50.4798
-50.0435
-49.5358
-49.1143
-48.4891
-47.8857
-47.3205
-46.7192
-46.0018
-45.1351
-43.9509
-41.8798
-36.3065
35.2434
12.6091
-25.23
-50.5494
-58.4187
-60.3034
-60.6636
-60.644
-60.4742
-60.2531
-60.0428
-59.7921
-59.5735
-59.3772
-59.2002
-59.0677
-58.9678
-58.8663
-58.7522
-58.6168
-58.5064
-58.3926
-58.3224
-58.2793
-58.2588
-58.255
-58.2583
-58.2098
-58.1639
-58.1146
-58.0812
-58.0362
-58.0229
-58.0295
-58.0527
-58.0877
-58.028
-58.0047
-57.9814
-57.898
-57.797
-57.7105
-57.5526
-57.3333
-57.1533
-56.9631
-56.7671
-56.5266
-56.1125
-55.8126
-55.4848
-55.1809
-54.6848
-54.0232
-53.2364
-52.5233
-51.8231
-51.2177
-50.5334
-49.7916
-49.0008
-48.239
-47.4962
-46.7386
-45.9172
-44.9141
-43.503
-41.0509
-32.5844
42.2896
1.22666
-33.1787
-55.0046
-60.6801
-61.902
-61.9964
-61.8067
-61.542
-61.274
-61.0282
-60.813
-60.6297
-60.4767
-60.3509
-60.2493
-60.1687
-60.1066
-60.0606
-60.0286
-60.0088
-59.9996
-59.9997
-60.0078
-60.023
-60.0444
-60.0712
-60.1027
-60.1381
-60.1771
-60.2191
-60.2637
-60.3104
-60.359
-60.4091
-60.4605
-60.5129
-60.5661
-60.62
-60.6743
-60.7289
-60.7837
-60.8385
-60.8932
-60.9477
-61.0019
-61.0558
-61.1093
-61.1623
-61.2148
-61.2666
-61.3179
-61.3685
-61.4185
-61.4678
-61.5163
-61.5641
-61.6112
-61.6575
-61.7031
-61.7479
-61.7919
-61.8352
-61.8777
-61.9194
-61.9604
-62.0006
-62.04
-62.0787
-62.1167
-62.154
-62.1905
-62.2056
-62.059
-61.8075
-61.6419
-61.5267
-61.4488
-61.3927
-61.2232
-61.0628
-60.9509
-60.8746
-60.7263
-60.3228
-59.3816
-58.6865
-58.1285
-57.4951
-56.5701
-55.4636
-54.5462
-53.5234
-52.6559
-51.9951
-51.3944
-50.8916
-50.1258
-49.4804
-48.9428
-48.4771
-48.046
-47.5623
-47.0282
-46.4626
-45.7732
-44.8882
-43.6161
-41.259
-32.9621
42.2929
1.0731
-34.2532
-56.4964
-62.27
-63.462
-63.556
-63.3678
-63.0271
-62.6008
-62.1411
-61.7163
-61.3429
-61.0225
-60.7674
-60.5202
-60.3008
-60.1047
-59.9097
-59.7249
-59.5443
-59.4064
-59.3058
-59.1857
-59.0616
-58.9658
-58.9033
-58.8659
-58.8473
-58.8437
-58.8528
-58.8725
-58.9013
-58.938
-58.9814
-59.0304
-59.0844
-59.1424
-59.204
-59.2684
-59.2719
-59.2187
-59.1637
-59.0284
-58.8447
-58.4871
-58.0866
-57.6455
-57.2038
-56.7781
-56.4146
-56.1089
-55.838
-55.4994
-55.0173
-54.6277
-54.2737
-53.9343
-53.4014
-52.946
-52.5203
-52.1385
-51.6848
-51.1968
-50.5854
-50.0063
-49.4927
-48.9431
-48.3777
-47.8568
-47.3057
-46.7008
-46.0311
-45.176
-44.0018
-42.0434
-37.0239
28.6622
15.297
-25.4886
-53.6504
-62.2728
-64.2825
-64.6149
-64.4731
-64.1846
-63.8719
-63.5569
-63.2639
-63.0162
-62.8059
-62.6279
-62.4768
-62.3487
-62.2407
-62.15
-62.0746
-62.0123
-61.9616
-61.9211
-61.8895
-61.8657
-61.8489
-61.8381
-61.8327
-61.8319
-61.8354
-61.8425
-61.8528
-61.8659
-61.8815
-61.8992
-61.9189
-61.9402
-61.9629
-61.9868
-62.0118
-62.0376
-62.0642
-62.0914
-62.119
-62.147
-62.1753
-62.2038
-62.2325
-62.2612
-62.2898
-62.3185
-62.347
-62.3754
-62.4036
-62.4316
-62.4593
-62.4868
-62.514
-62.5409
-62.5675
-62.5937
-62.6196
-62.6452
-62.6704
-62.6952
-62.7197
-62.7438
-62.7675
-62.7909
-62.8139
-62.8365
-62.8587
-62.8806
-62.9021
-62.9233
-62.9441
-62.9645
-62.9846
-63.0043
-63.0237
-63.0428
-63.0615
-63.0799
-63.098
-63.1158
-63.1332
-63.1065
-63.0813
-63.0669
-63.0536
-62.761
-62.1757
-61.7607
-61.3124
-60.9122
-60.6151
-60.3747
-59.9878
-59.5685
-59.2338
-58.7722
-58.3524
-58.0334
-57.5768
-56.1413
-54.6795
-53.6408
-52.8863
-52.3142
-51.7642
-51.3148
-50.6879
-50.1353
-49.6247
-49.1112
-48.6373
-48.2134
-47.8128
-47.4128
-46.9806
-46.4329
-45.6123
-44.5564
-42.9327
-39.5553
-17.5792
33.5506
-13.72
-46.6841
-61.1317
-64.5528
-65.1805
-65.139
-64.7937
-64.2471
-63.7602
-63.3361
-62.9908
-62.7014
-62.4577
-62.2232
-62.0091
-61.8345
-61.6671
-61.4856
-61.2935
-61.1416
-61.0243
-60.9347
-60.8652
-60.8124
-60.7424
-60.6392
-60.5579
-60.4678
-60.404
-60.362
-60.3378
-60.3265
-60.3257
-60.297
-60.2771
-60.2728
-60.2811
-60.2982
-60.3222
-60.284
-60.2398
-60.1416
-60.0447
-59.8782
-59.7536
-59.6731
-59.6254
-59.5999
-59.5525
-59.5129
-59.4965
-59.4775
-59.3908
-59.3444
-59.3234
-59.2713
-59.176
-59.098
-58.9563
-58.6089
-58.0807
-57.4794
-56.9111
-56.3616
-55.699
-54.8663
-54.0921
-53.4162
-52.7647
-51.8851
-51.1127
-50.4932
-49.97
-49.4734
-49.0138
-48.5985
-48.1037

