-70
-70.0758
-70.1508
-70.225
-70.2983
-70.3706
-70.4419
-70.5122
-70.5814
-70.6496
-70.7168
-70.7829
-70.848
-70.9121
-70.9752
-71.0373
-71.0984
-71.1586
-71.2178
-71.2761
-71.3334
-71.3899
-71.4455
-71.5003
-71.5543
-71.6074
-71.6598
-71.7114
-71.7623
-71.8124
-71.8619
-71.9106
-71.9587
-72.006
-72.0527
-72.0988
-72.1442
-72.1889
-72.2331
-72.2766
-72.3196
-72.362
-72.4038
-72.445
-72.4857
-72.5258
-72.5654
-72.6045
-72.6431
-72.6812
-72.7188
-72.756
-72.7927
-72.8289
-72.8647
-72.9
-72.9349
-72.9694
-73.0035
-73.0371
-73.0704
-73.1032
-73.1357
-73.1678
-73.1994
-73.2307
-73.2617
-73.2922
-73.3224
-73.3523
-73.3817
-73.4109
-73.4397
-73.4682
-73.4963
-73.5241
-73.5516
-73.5788
-73.6057
-73.6323
-73.6585
-73.6845
-73.7102
-73.7356
-73.7608
-73.7857
-73.8103
-73.8346
-73.8587
-73.8825
-73.9061
-73.9294
-73.9524
-73.9753
-73.9979
-74.0202
-74.0423
-74.0642
-74.0859
-74.1073
-74.1285
-74.1495
-74.1703
-74.1909
-74.2112
-74.2313
-74.2513
-74.271
-74.2905
-74.3098
-74.329
-74.3479
-74.3666
-74.3852
-74.4036
-74.4217
-74.4397
-74.4575
-74.4752
-74.4926
-74.5099
-74.527
-74.544
-74.5607
-74.5774
-74.5938
-74.6101
-74.6262
-74.6422
-74.658
-74.6736
-74.6891
-74.7045
-74.7197
-74.7347
-74.7496
-74.7644
-74.779
-74.7935
-74.8079
-74.8221
-74.8362
-74.8501
-74.864
-74.8777
-74.8913
-74.9047
-74.918
-74.9313
-74.9443
-74.9573
-74.9701
-74.9829
-74.9955
-75.008
-75.0204
-75.0327
-75.0448
-75.0569
-75.0688
-75.0806
-75.0924
-75.104
-75.1155
-75.1269
-75.1382
-75.1495
-75.1606
-75.1716
-75.1825
-75.1933
-75.204
-75.2147
-75.2252
-75.2356
-75.246
-75.2562
-75.2664
-75.2764
-75.2864
-75.2963
-75.3061
-75.3158
-75.3255
-75.335
-75.3445
-75.3538
-75.3631
-75.3724
-75.3815
-75.3906
-75.3995
-75.4084
-75.4172
-75.426
-75.4346
-75.4432
-75.4518
-75.4602
-75.4686
-75.4769
-75.4851
-75.4932
-75.5013
-75.5093
-75.5173
-75.5251
-75.533
-75.5407
-75.5484
-75.556
-75.5635
-75.571
-75.5784
-75.5858
-75.593
-75.6003
-75.6074
-75.6145
-75.6216
-75.6285
-75.6355
-75.6423
-75.6491
-75.6559
-75.6626
-75.6692
-75.6758
-75.6823
-75.6888
-75.6952
-75.7015
-75.7078
-75.7141
-75.7203
-75.7264
-75.7325
-75.7386
-75.7446
-75.7505
-75.7564
-75.7622
-75.768
-75.7738
-75.7795
-75.7851
-75.7907
-75.7963
-75.8018
-75.8072
-75.8127
-75.818
-75.8234
-75.8287
-75.8339
-75.8391
-75.8443
-75.8494
-75.8545
-75.8595
-75.8645
-75.8695
-75.8744
-75.8793
-75.8841
-75.8889
-75.8937
-75.8984
-75.9031
-75.9077
-75.9123
-75.9169
-75.9214
-75.9259
-75.9304
-75.9348
-75.9392
-75.9436
-75.9479
-75.9522
-75.9565
-75.9607
-75.9649
-75.969
-75.9731
-75.9772
-75.9813
-75.9853
-75.9893
-75.9933
-75.9972
-76.0011
-76.005
-76.0088
-76.0126
-76.0164
-76.0201
-76.0239
-76.0275
-76.0312
-76.0348
-76.0384
-76.042
-76.0456
-76.0491
-76.0526
-76.056
-76.0595
-76.0629
-76.0663
-76.0696
-76.0729
-76.0762
-76.0795
-76.0828
-76.086
-76.0892
-76.0924
-76.0955
-76.0986
-76.1017
-76.1048
-76.1079
-76.1109
-76.1139
-76.1169
-76.1198
-76.1228
-76.1257
-76.1286
-76.1314
-76.1343
-76.1371
-76.1399
-76.1427
-76.1455
-76.1482
-76.1509
-76.1536
-76.1563
-76.1589
-76.1615
-76.1642
-76.1667
-76.1693
-76.1719
-76.1744
-76.1769
-76.1794
-76.1819
-76.1843
-76.1868
-76.1892
-76.1916
-76.1939
-76.1963
-76.1986
-76.201
-76.2033
-76.2056
-76.2078
-76.2101
-76.2123
-76.2145
-76.2167
-76.2189
-76.2211
-76.2232
-76.2254
-76.2275
-76.2296
-76.2317
-76.2337
-76.2358
-76.2378
-76.2398
-76.2418
-76.2438
-76.2458
-76.2478
-76.2497
-76.2516
-76.2536
-76.2554
-76.2573
-76.2592
-76.2611
-76.2629
-76.2647
-76.2665
-76.2683
-76.2701
-76.2719
-76.2737
-76.2754
-76.2771
-76.2788
-76.2806
-76.2822
-76.2839
-76.2856
-76.2872
-76.2889
-76.2905
-76.2921
-76.2937
-76.2953
-76.2969
-76.2985
-76.3
-76.3016
-76.3031
-76.3046
-76.3061
-76.3076
-76.3091
-76.3106
-76.312
-76.3135
-76.3149
-76.3164
-76.3178
-76.3192
-76.3206
-76.322
-76.3233
-76.3247
-76.3261
-76.3274
-76.3287
-76.33
-76.3314
-76.3327
-76.334
-76.3352
-76.3365
-76.3378
-76.339
-76.3403
-76.3415
-76.3427
-76.3439
-76.3452
-76.3464
-76.3475
-76.3487
-76.3499
-76.351
-76.3522
-76.3533
-76.3545
-76.3556
-76.3567
-76.3578
-76.3589
-76.36
-76.3611
-76.3622
-76.3632
-76.3643
-76.3654
-76.3664
-76.3674
-76.3685
-76.3695
-76.3705
-76.3715
-76.3725
-76.3735
-76.3745
-76.3754
-76.3764
-76.3774
-76.3783
-76.3793
-76.3802
-76.3811
-76.382
-76.383
-76.3839
-76.3848
-76.3857
-76.3866
-76.3874
-76.3883
-76.3892
-76.39
-76.3909
-76.3917
-76.3926
-76.3934
-76.3943
-76.3951
-76.3959
-76.3967
-76.3975
-76.3983
-76.3991
-76.3999
-76.4007
-76.4014
-76.4022
-76.403
-76.4037
-76.4045
-76.4052
-76.406
-75.2607
-70.9439
-67.3697
-64.6701
-62.5566
-60.7809
-59.0723
-56.9387
-51.9103
39.4016
-12.6824
-45.0732
-78.6373
-78.9118
-78.783
-78.6368
-78.4771
-78.304
-78.1179
-77.9195
-77.6101
-75.321
-73.6179
-72.559
-71.7767
-71.1299
-70.5619
-70.0487
-69.5796
-69.1497
-68.7569
-68.4
-68.0781
-67.7905
-67.5364
-67.3146
-67.1238
-66.9623
-65.3244
-63.7648
-62.756
-62.7748
-63.5039
-64.0604
-64.4656
-64.7713
-65.0111
-65.2071
-65.3733
-65.5189
-65.6504
-65.7721
-65.8875
-65.9985
-66.107
-66.2139
-66.3201
-66.4262
-66.5322
-66.6383
-66.7448
-66.8516
-66.9588
-67.0662
-67.1739
-67.2818
-67.3897
-67.4976
-67.6052
-67.7125
-67.8192
-67.9252
-68.0306
-68.1351
-68.2387
-65.5883
-62.7439
-60.5197
-58.5841
-56.4403
-52.3395
44.5253
-10.256
-41.561
-78.5595
-79.5966
-79.1677
-78.0652
-77.6388
-77.3599
-77.0833
-76.7952
-76.4953
-76.1858
-75.8696
-75.0882
-72.3937
-70.3073
-68.8609
-67.7783
-66.9226
-66.2208
-65.6314
-65.406
-66.0272
-66.543
-66.9044
-67.1643
-67.3571
-67.505
-68.1979
-68.9804
-69.5632
-69.9996
-70.5701
-71.3033
-71.8467
-72.2426
-72.5384
-72.7645
-72.9411
-73.0818
-73.1959
-73.2902
-73.3694
-73.437
-73.4956
-73.5471
-73.593
-73.6345
-73.6723
-73.7073
-73.7398
-73.7705
-73.7996
-73.8273
-73.854
-73.8797
-73.9046
-73.9289
-73.9526
-73.9758
-73.9986
-74.021
-74.043
-74.0648
-74.0862
-74.1074
-74.1283
-74.149
-74.1695
-74.1898
-74.2099
-74.2297
-74.2494
-74.2689
-74.2882
-74.3073
-74.3262
-74.345
-74.3636
-74.382
-74.4002
-74.4183
-74.4362
-74.4539
-74.4715
-74.4889
-74.5061
-74.5232
-74.5401
-74.5568
-74.5734
-74.5899
-74.6061
-74.6222
-71.5154
-67.6932
-64.7821
-62.5297
-60.6598
-58.8732
-56.6238
-50.8703
34.8384
-15.6386
-50.1694
-79.3735
-79.7202
-79.6914
-79.176
-77.7979
-77.2567
-76.9253
-76.6114
-76.2907
-75.961
-75.6243
-75.2836
-74.2664
-71.5638
-69.5128
-68.063
-66.9689
-66.1031
-65.3947
-64.8022
-64.2989
-63.2559
-61.1207
-59.1949
-57.2054
-53.9682
5.58646
0.229736
-32.6996
-76.7532
-79.5422
-78.9354
-78.1984
-77.8393
-77.5773
-77.3277
-77.0697
-76.8019
-76.526
-76.2356
-75.9478
-75.6822
-75.4313
-75.1925
-74.9657
-74.7515
-74.5505
-74.3633
-74.1904
-74.0317
-73.8874
-73.7571
-73.6404
-73.5368
-73.4455
-73.3659
-73.2973
-73.2388
-73.1896
-73.149
-73.1162
-73.0905
-73.0712
-73.0576
-73.0493
-73.0455
-73.0459
-73.0499
-71.6782
-67.8799
-64.8279
-62.495
-60.5814
-58.7729
-56.5148
-50.7735
34.5795
-15.9502
-50.6919
-79.3512
-79.6996
-79.6687
-78.4369
-77.6833
-77.3473
-77.0583
-76.7637
-76.458
-76.1423
-75.8193
-75.4922
-75.1646
-73.5712
-70.706
-68.6104
-67.1004
-65.9533
-65.0462
-64.3066
-63.6895
-63.1647
-62.7127
-62.3173
-61.9687
-60.0896
-57.804
-54.7867
-42.9721
14.0874
-25.6376
-70.3842
-79.3553
-79.3502
-79.2291
-79.134
-79.036
-78.931
-78.8193
-78.7015
-78.5783
-78.451
-78.3206
-78.1886
-78.0564
-77.9252
-77.7965
-77.6713
-77.5508
-77.3641
-77.1395
-76.9562
-76.8065
-76.6817
-76.5764
-76.4865
-76.4094
-76.3429
-76.2854
-76.2356
-76.1925
-76.1552
-76.123
-76.0952
-76.0713
-76.0508
-76.0333
-76.0185
-76.0059
-75.9954
-75.9868
-75.9797
-75.9739
-75.9694
-75.966
-75.9635
-75.9618
-75.9609
-75.9605
-75.9608
-75.9615
-75.9626
-75.9641
-75.9659
-75.9679
-75.9702
-75.9728
-75.9754
-75.9783
-75.9812
-75.9843
-75.9875
-75.9907
-75.994
-75.9974
-76.0008
-76.0042
-76.0077
-76.0112
-76.0147
-76.0182
-76.0217
-76.0252
-76.0287
-76.0322
-76.0357
-76.0392
-76.0426
-76.0461
-76.0495
-76.0529
-76.0563
-76.0597
-76.0631
-76.0664
-76.0697
-76.073
-72.3613
-68.4235
-65.4446
-63.1485
-61.2744
-59.5615
-57.6192
-54.1048
42.8859
-1.64947
-33.8053
-77.4249
-78.9133
-78.7653
-78.616
-78.4533
-78.2766
-78.0864
-77.8833
-77.6685
-76.974
-74.556
-72.8921
-71.8125
-70.9996
-70.3285
-69.7451
-69.2247
-68.7553
-68.2529
-65.9095
-63.6859
-61.9898
-60.6008
-59.3299
-57.9609
-56.0372
-50.9864
36.794
-15.5959
-50.8182
-79.2524
-79.6311
-79.5944
-79.2503
-77.6616
-76.9652
-76.6016
-76.2854
-75.9725
-75.6572
-75.3407
-75.0255
-74.7148
-74.4112
-74.1177
-73.8366
-73.5699
-73.3191
-73.0855
-72.8699
-72.6726
-72.4937
-72.333
-72.1899
-72.064
-71.9542
-71.8598
-71.7797
-71.7129
-71.6583
-71.615
-71.5819
-71.5581
-71.5426
-71.5347
-71.5334
-71.5382
-71.5482
-71.5629
-71.5817
-71.6042
-71.6297
-71.6579
-71.6885
-71.7211
-71.7554
-71.7911
-71.828
-71.8659
-71.9046
-71.9439
-69.9041
-66.325
-63.5361
-61.352
-59.4534
-57.4128
-53.918
36.7237
-1.97698
-34.0962
-77.1343
-78.914
-78.806
-78.6628
-78.5058
-78.3353
-78.1519
-77.9563

