-70
-70.0758
-70.1508
-70.225
-70.2983
-70.3706
-70.4419
-70.5122
-70.5814
-70.6496
-70.7168
-70.7829
-70.848
-70.9121
-70.9752
-71.0373
-71.0984
-71.1586
-71.2178
-71.2761
-71.3334
-71.3899
-71.4455
-71.5003
-71.5543
-71.6074
-71.6598
-71.7114
-71.7623
-71.8124
-71.8619
-71.9106
-71.9587
-72.006
-72.0527
-72.0988
-72.1442
-72.1889
-72.2331
-72.2766
-72.3196
-72.362
-72.4038
-72.445
-72.4857
-72.5258
-72.5654
-72.6045
-72.6431
-72.6812
-72.7188
-72.756
-72.7927
-72.8289
-72.8647
-72.9
-72.9349
-72.9694
-73.0035
-73.0371
-73.0704
-73.1032
-73.1357
-73.1678
-73.1994
-73.2307
-73.2617
-73.2922
-73.3224
-73.3523
-73.3817
-73.4109
-73.4397
-73.4682
-73.4963
-73.5241
-73.5516
-73.5788
-73.6057
-73.6323
-73.6585
-73.6845
-73.7102
-73.7356
-73.7608
-73.7857
-73.8103
-73.8346
-73.8587
-73.8825
-73.9061
-73.9294
-73.9524
-73.9753
-73.9979
-74.0202
-74.0423
-74.0642
-74.0859
-74.1073
-74.1285
-74.1495
-74.1703
-74.1909
-74.2112
-74.2313
-74.2513
-74.271
-74.2905
-74.3098
-74.329
-74.3479
-74.3666
-74.3852
-74.4036
-74.4217
-74.4397
-74.4575
-74.4752
-74.4926
-74.5099
-74.527
-74.544
-74.5607
-74.5774
-74.5938
-74.6101
-74.6262
-74.6422
-74.658
-74.6736
-74.6891
-74.7045
-74.7197
-74.7347
-74.7496
-74.7644
-74.779
-74.7935
-74.8079
-74.8221
-74.8362
-74.8501
-74.864
-74.8777
-74.8913
-74.9047
-74.918
-74.9313
-74.9443
-74.9573
-74.9701
-74.9829
-74.9955
-75.008
-75.0204
-75.0327
-75.0448
-75.0569
-75.0688
-75.0806
-75.0924
-75.104
-75.1155
-75.1269
-75.1382
-75.1495
-75.1606
-75.1716
-75.1825
-75.1933
-75.204
-75.2147
-75.2252
-75.2356
-75.246
-75.2562
-75.2664
-75.2764
-75.2864
-75.2963
-75.3061
-75.3158
-75.3255
-75.335
-75.3445
-75.3538
-75.3631
-75.3724
-75.3815
-75.3906
-75.3995
-75.4084
-75.4172
-75.426
-75.4346
-75.4432
-75.4518
-75.4602
-75.4686
-75.4769
-75.4851
-75.4932
-75.5013
-75.5093
-75.5173
-75.5251
-75.533
-75.5407
-75.5484
-75.556
-75.5635
-75.571
-75.5784
-75.5858
-75.593
-75.6003
-75.6074
-75.6145
-75.6216
-75.6285
-75.6355
-75.6423
-75.6491
-75.6559
-75.6626
-75.6692
-75.6758
-75.6823
-75.6888
-75.6952
-75.7015
-75.7078
-75.7141
-75.7203
-75.7264
-75.7325
-75.7386
-75.7446
-75.7505
-75.7564
-75.7622
-75.768
-75.7738
-75.7795
-75.7851
-75.7907
-75.7963
-75.8018
-75.8072
-75.8127
-75.818
-75.8234
-75.8287
-75.8339
-75.8391
-75.8443
-75.8494
-75.8545
-75.8595
-75.8645
-75.8695
-75.8744
-75.8793
-75.8841
-75.8889
-75.8937
-75.8984
-75.9031
-75.9077
-75.9123
-75.9169
-75.9214
-75.9259
-75.9304
-75.9348
-75.9392
-75.9436
-75.9479
-75.9522
-75.9565
-75.9607
-75.9649
-75.969
-75.9731
-75.9772
-75.9813
-75.9853
-75.9893
-75.9933
-75.9972
-76.0011
-76.005
-76.0088
-76.0126
-76.0164
-76.0201
-76.0239
-76.0275
-76.0312
-76.0348
-76.0384
-76.042
-76.0456
-76.0491
-76.0526
-76.056
-76.0595
-76.0629
-76.0663
-76.0696
-76.0729
-76.0762
-76.0795
-76.0828
-76.086
-76.0892
-76.0924
-76.0955
-76.0986
-76.1017
-76.1048
-76.1079
-76.1109
-76.1139
-76.1169
-76.1198
-76.1228
-76.1257
-76.1286
-76.1314
-76.1343
-76.1371
-76.1399
-76.1427
-76.1455
-76.1482
-76.1509
-76.1536
-76.1563
-76.1589
-76.1615
-76.1642
-76.1667
-76.1693
-76.1719
-76.1744
-76.1769
-76.1794
-76.1819
-76.1843
-76.1868
-76.1892
-76.1916
-76.1939
-76.1963
-76.1986
-76.201
-76.2033
-76.2056
-76.2078
-76.2101
-76.2123
-76.2145
-76.2167
-76.2189
-76.2211
-76.2232
-76.2254
-76.2275
-76.2296
-76.2317
-76.2337
-76.2358
-76.2378
-76.2398
-76.2418
-76.2438
-76.2458
-76.2478
-76.2497
-76.2516
-76.2536
-76.2554
-76.2573
-76.2592
-76.2611
-76.2629
-76.2647
-76.2665
-76.2683
-76.2701
-76.2719
-76.2737
-76.2754
-76.2771
-76.2788
-76.2806
-76.2822
-76.2839
-76.2856
-76.2872
-76.2889
-76.2905
-76.2921
-76.2937
-76.2953
-76.2969
-76.2985
-76.3
-76.3016
-76.3031
-76.3046
-76.3061
-76.3076
-76.3091
-76.3106
-76.312
-76.3135
-76.3149
-76.3164
-76.3178
-76.3192
-76.3206
-76.322
-76.3233
-76.3247
-76.3261
-76.3274
-76.3287
-76.33
-76.3314
-76.3327
-76.334
-76.3352
-76.3365
-76.3378
-76.339
-76.3403
-76.3415
-76.3427
-76.3439
-76.3452
-76.3464
-76.3475
-76.3487
-76.3499
-76.351
-76.3522
-76.3533
-76.3545
-76.3556
-76.3567
-76.3578
-76.3589
-76.36
-76.3611
-76.3622
-76.3632
-76.3643
-76.3654
-76.3664
-76.3674
-76.3685
-76.3695
-76.3705
-76.3715
-76.3725
-76.3735
-76.3745
-76.3754
-76.3764
-76.3774
-76.3783
-76.3793
-76.3802
-76.3811
-76.382
-76.383
-76.3839
-76.3848
-76.3857
-76.3866
-76.3874
-76.3883
-76.3892
-76.39
-76.3909
-76.3917
-76.3926
-76.3934
-76.3943
-76.3951
-76.3959
-76.3967
-76.3975
-76.3983
-76.3991
-76.3999
-76.4007
-76.4014
-76.4022
-76.403
-76.4037
-76.4045
-76.4052
-76.406
-76.4067
-76.4074
-75.6458
-71.3644
-67.6835
-64.9104
-62.7495
-60.9512
-59.2514
-57.2021
-52.8667
43.9686
-9.01768
-40.4998
-78.3979
-79.0597
-78.9539
-78.8271
-78.688
-78.5369
-78.3739
-77.9444
-75.8546
-74.5108
-73.6947
-73.0675
-72.5215
-72.0196
-71.5488
-71.1048
-70.6873
-70.2969
-70.0373
-70.7545
-71.6759
-72.3897
-72.8136
-73.0704
-73.3023
-70.9415
-68.8375
-67.6098
-66.8727
-66.4139
-66.1224
-65.9365
-65.8206
-65.7532
-65.7209
-65.7146
-66.0884
-67.0867
-67.8729
-68.4542
-68.8947
-69.2363
-69.5074
-69.7271
-69.9089
-70.0623
-70.1941
-70.3093
-70.4118
-70.5043
-70.5889
-70.6673
-70.7407
-70.8102
-71.3189
-71.8556
-72.2755
-72.6062
-72.8708
-73.0855
-73.2619
-73.4087
-73.5323
-73.6373
-73.7275
-73.8057
-73.1784
-69.3763
-66.1731
-63.8081
-61.9841
-60.4673
-59.0355
-57.3661
-54.4496
-15.2118
3.93335
-30.6487
-75.595
-79.0381
-78.9665
-78.8421
-78.7047
-78.5553
-78.3941
-78.2217
-76.1678
-74.6653
-73.8663
-73.3588
-73.2085
-73.1167
-72.9583
-72.7747
-72.5876
-72.6769
-72.9663
-73.3289
-73.6246
-73.7736
-73.8452
-73.8778
-73.8903
-73.8925
-73.8898
-73.885
-73.88
-73.8755
-73.9594
-74.1402
-74.2781
-74.3794
-74.4559
-74.5152
-74.5623
-74.6007
-74.6327
-74.66
-74.6837
-74.7048
-74.7238
-74.7413
-74.7576
-74.773
-74.7876
-74.8017
-74.8154
-74.8287
-74.8418
-74.8546
-74.8673
-74.8799
-74.8923
-74.9047
-74.917
-74.9292
-74.9414
-74.9535
-74.9655
-74.9775
-74.9894
-75.0013
-75.0131
-75.0249
-75.0366
-75.0483
-75.0599
-75.0714
-75.0828
-75.0942
-75.1055
-75.1168
-75.1279
-75.139
-75.15
-75.1609
-75.1718
-75.1825
-75.1932
-75.2038
-75.2144
-75.2248
-75.2351
-75.2454
-75.2556
-75.2657
-75.2757
-75.2857
-75.2955
-73.8019
-69.6526
-66.312
-63.7756
-61.7579
-59.9947
-58.1469
-55.3391
-36.2231
11.4405
-26.6659
-72.589
-79.0154
-78.959
-78.8331
-78.6937
-78.5418
-78.3776
-78.2015
-77.3519
-75.2509
-73.9656
-73.138
-72.4895
-71.9259
-71.4121
-70.9349
-70.7474
-69.563
-68.0132
-67.5311
-67.6526
-67.725
-67.7478
-67.7479
-67.7392
-67.729
-68.2646
-68.8759
-69.2054
-67.2586
-65.486
-64.3214
-63.5334
-62.9827
-62.589
-62.3033
-62.8217
-63.9409
-64.8166
-65.4762
-65.983
-66.3811
-66.7012
-66.9644
-67.1856
-67.3758
-67.5425
-67.6913
-67.8265
-67.951
-68.0673
-68.1772
-68.2821
-68.3829
-68.4806
-68.5758
-68.6688
-68.7599
-68.8495
-68.9378
-69.0249
-69.1108
-69.1957
-69.2796
-69.3849
-70.0393
-70.6878
-71.2048
-70.6673
-67.5185
-65.0422
-63.2788
-61.965
-60.9266
-60.0414
-59.2107
-58.3275
-57.2184
-55.4065
-48.9385
27.4902
-20.2047
-58.7933
-78.9665
-79.1715
-79.0784
-78.968
-78.8472
-78.7165
-77.6497
-75.7086
-74.6388
-73.9633
-73.5769
-73.389
-73.175
-72.9347
-72.7867
-72.7973
-72.7563
-72.7881
-72.972
-73.0745
-73.1184
-73.131
-73.215
-73.4315
-73.71
-73.9979
-74.1847
-74.3063
-74.3885
-74.446
-74.4877
-74.5191
-74.5436
-74.5634
-74.5801
-74.5947
-74.6078
-74.62
-74.6317
-74.6429
-74.654
-74.6649
-74.6759
-74.687
-74.6981
-74.7094
-74.7208
-74.7323
-74.7439
-74.7557
-74.7676
-74.7796
-74.7917
-74.8039
-74.8162
-74.8285
-74.8409
-74.8533
-74.8657
-74.8781
-74.8906
-74.903
-74.9154
-74.9278
-74.9402
-74.9525
-74.9648
-74.977
-74.9892
-75.0013
-75.0133
-75.0253
-75.0372
-75.0491
-75.0608
-75.0725
-75.0841
-75.0956
-75.107
-75.1184
-75.1296
-75.1408
-75.1519
-75.1629
-75.1738
-75.1846
-75.1954
-75.206
-75.2166
-75.227
-75.2374
-75.2477
-75.2579
-75.268
-75.278
-75.288
-75.2978
-75.3076
-75.3173
-75.3269
-75.3364
-75.3459
-75.3552
-75.3645
-75.3737
-72.6091
-68.605
-65.5316
-63.1734
-61.2585
-59.5171
-57.5477
-53.9612
44.3348
-2.58941
-34.4849
-77.9073
-79
-78.664
-78.4911
-78.3143
-78.1234
-77.9182
-77.6995
-77.4685
-77.2271
-75.5658
-73.2741
-71.7864
-70.747
-69.9385
-69.2658
-68.6844
-68.1716
-67.7152
-66.8813
-65.329
-64.8234
-65.0873
-66.0132
-66.6644
-67.0662
-67.3264
-67.5037
-67.631
-67.7552
-68.4886
-69.1375
-69.5945
-67.8818
-65.7868
-64.5581
-64.6225
-64.8106
-65.8056
-66.6968
-67.282
-67.6788
-67.9601
-68.1684
-68.3293
-68.459
-68.5676
-68.6617
-68.746
-68.8235
-68.8963
-68.966
-69.0336
-69.1
-69.1656
-69.2309
-69.2961
-69.3613
-69.4268
-69.4926
-69.5586
-69.6249
-69.6915
-69.7583
-69.8251
-69.8921
-69.9591
-70.0259
-70.0927
-70.1593
-70.2256
-70.2916
-70.3573
-70.4225
-70.4873
-70.5517
-70.6155
-70.6788
-70.7416
-68.0982
-64.8284
-62.3159
-60.2881
-58.3994
-56.0488
-49.7925
30.761
-18.3682
-55.4571
-78.8364
-78.7289
-78.5584
-78.3879
-78.2034
-78.0046
-77.7922
-77.5671
-77.3311
-75.9266
-73.6066

