-70
-70.0758
-70.1508
-70.225
-70.2983
-70.3706
-70.4419
-70.5122
-70.5814
-70.6496
-70.7168
-70.7829
-70.848
-70.9121
-70.9752
-71.0373
-71.0984
-71.1586
-71.2178
-71.2761
-71.3334
-71.3899
-71.4455
-71.5003
-71.5543
-71.6074
-71.6598
-71.7114
-71.7623
-71.8124
-71.8619
-71.9106
-71.9587
-72.006
-72.0527
-72.0988
-72.1442
-72.1889
-72.2331
-72.2766
-72.3196
-72.362
-72.4038
-72.445
-72.4857
-72.5258
-72.5654
-72.6045
-72.6431
-72.6812
-72.7188
-72.756
-72.7927
-72.8289
-72.8647
-72.9
-72.9349
-72.9694
-73.0035
-73.0371
-73.0704
-73.1032
-73.1357
-73.1678
-73.1994
-73.2307
-73.2617
-73.2922
-73.3224
-73.3523
-73.3817
-73.4109
-73.4397
-73.4682
-73.4963
-73.5241
-73.5516
-73.5788
-73.6057
-73.6323
-73.6585
-73.6845
-73.7102
-73.7356
-73.7608
-73.7857
-73.8103
-73.8346
-73.8587
-73.8825
-73.9061
-73.9294
-73.9524
-73.9753
-73.9979
-74.0202
-74.0423
-74.0642
-74.0859
-74.1073
-74.1285
-74.1495
-74.1703
-74.1909
-74.2112
-74.2313
-74.2513
-74.271
-74.2905
-74.3098
-74.329
-74.3479
-74.3666
-74.3852
-74.4036
-74.4217
-74.4397
-74.4575
-74.4752
-74.4926
-74.5099
-74.527
-74.544
-74.5607
-74.5774
-74.5938
-74.6101
-74.6262
-74.6422
-74.658
-74.6736
-74.6891
-74.7045
-74.7197
-74.7347
-74.7496
-74.7644
-74.779
-74.7935
-74.8079
-74.8221
-74.8362
-74.8501
-74.864
-74.8777
-74.8913
-74.9047
-74.918
-74.9313
-74.9443
-74.9573
-74.9701
-74.9829
-74.9955
-75.008
-75.0204
-75.0327
-75.0448
-75.0569
-75.0688
-75.0806
-75.0924
-75.104
-75.1155
-75.1269
-75.1382
-75.1495
-75.1606
-75.1716
-75.1825
-75.1933
-75.204
-75.2147
-75.2252
-75.2356
-75.246
-75.2562
-75.2664
-75.2764
-75.2864
-75.2963
-75.3061
-75.3158
-75.3255
-75.335
-75.3445
-75.3538
-75.3631
-75.3724
-75.3815
-75.3906
-75.3995
-75.4084
-75.4172
-75.426
-75.4346
-75.4432
-75.4518
-75.4602
-75.4686
-75.4769
-75.4851
-75.4932
-75.5013
-75.5093
-75.5173
-75.5251
-75.533
-75.5407
-75.5484
-75.556
-75.5635
-75.571
-75.5784
-75.5858
-75.593
-75.6003
-75.6074
-75.6145
-75.6216
-75.6285
-75.6355
-75.6423
-75.6491
-75.6559
-75.6626
-75.6692
-75.6758
-75.6823
-75.6888
-75.6952
-75.7015
-75.7078
-75.7141
-75.7203
-75.7264
-75.7325
-75.7386
-75.7446
-75.7505
-75.7564
-75.7622
-75.768
-75.7738
-75.7795
-75.7851
-75.7907
-75.7963
-75.8018
-75.8072
-75.8127
-75.818
-75.8234
-75.8287
-75.8339
-75.8391
-75.8443
-75.8494
-75.8545
-75.8595
-75.8645
-75.8695
-75.8744
-75.8793
-75.8841
-75.8889
-75.8937
-75.8984
-75.9031
-75.9077
-75.9123
-75.9169
-75.9214
-75.9259
-75.9304
-75.9348
-75.9392
-75.9436
-75.9479
-75.9522
-75.9565
-75.9607
-75.9649
-75.969
-75.9731
-75.9772
-75.9813
-75.9853
-75.9893
-75.9933
-75.9972
-76.0011
-76.005
-76.0088
-76.0126
-76.0164
-76.0201
-76.0239
-76.0275
-76.0312
-76.0348
-76.0384
-76.042
-76.0456
-76.0491
-76.0526
-76.056
-76.0595
-76.0629
-76.0663
-76.0696
-76.0729
-76.0762
-76.0795
-76.0828
-76.086
-76.0892
-76.0924
-76.0955
-76.0986
-76.1017
-76.1048
-76.1079
-76.1109
-76.1139
-76.1169
-76.1198
-76.1228
-76.1257
-76.1286
-76.1314
-76.1343
-76.1371
-76.1399
-76.1427
-76.1455
-76.1482
-76.1509
-76.1536
-76.1563
-76.1589
-76.1615
-76.1642
-76.1667
-76.1693
-76.1719
-76.1744
-76.1769
-76.1794
-76.1819
-76.1843
-76.1868
-76.1892
-76.1916
-76.1939
-76.1963
-76.1986
-76.201
-76.2033
-76.2056
-76.2078
-76.2101
-76.2123
-76.2145
-76.2167
-76.2189
-76.2211
-76.2232
-76.2254
-76.2275
-76.2296
-76.2317
-76.2337
-76.2358
-76.2378
-76.2398
-76.2418
-76.2438
-76.2458
-76.2478
-76.2497
-76.2516
-76.2536
-76.2554
-76.2573
-76.2592
-76.2611
-76.2629
-76.2647
-76.2665
-76.2683
-76.2701
-76.2719
-76.2737
-76.2754
-76.2771
-76.2788
-76.2806
-76.2822
-76.2839
-76.2856
-76.2872
-76.2889
-76.2905
-76.2921
-76.2937
-76.2953
-76.2969
-76.2985
-76.3
-76.3016
-76.3031
-76.3046
-76.3061
-76.3076
-76.3091
-76.3106
-76.312
-76.3135
-76.3149
-76.3164
-76.3178
-76.3192
-76.3206
-76.322
-76.3233
-76.3247
-76.3261
-76.3274
-76.3287
-76.33
-76.3314
-76.3327
-76.334
-76.3352
-76.3365
-76.3378
-76.339
-76.3403
-76.3415
-76.3427
-76.3439
-76.3452
-76.3464
-76.3475
-76.3487
-76.3499
-76.351
-76.3522
-76.3533
-76.3545
-76.3556
-76.3567
-76.3578
-76.3589
-76.36
-76.3611
-76.3622
-76.3632
-76.3643
-76.3654
-76.3664
-76.3674
-76.3685
-76.3695
-76.3705
-76.3715
-76.3725
-76.3735
-76.3745
-76.3754
-76.3764
-76.3774
-76.3783
-76.3793
-76.3802
-76.3811
-76.382
-76.383
-76.3839
-76.3848
-76.3857
-76.3866
-76.3874
-76.3883
-76.3892
-76.39
-76.3909
-76.3917
-76.3926
-76.3934
-76.3943
-76.3951
-76.3959
-76.3967
-76.3975
-76.3983
-76.3991
-76.3999
-76.4007
-76.4014
-76.4022
-76.403
-76.4037
-76.4045
-76.4052
-76.406
-76.4067
-76.4074
-76.4082
-76.4089
-76.4096
-76.4103
-76.411
-76.4117
-76.4124
-76.4131
-76.4137
-76.4144
-76.4151
-76.4158
-76.4164
-76.4171
-76.4177
-76.4184
-76.419
-76.4196
-76.4203
-76.4209
-76.4215
-76.4221
-76.4227
-76.4234
-76.424
-76.4246
-76.4251
-76.4257
-76.4263
-76.4269
-76.4275
-76.4169
-76.3452
-76.278
-76.2304
-76.1831
-76.1428
-76.1155
-76.0968
-76.0838
-76.0746
-76.0681
-76.0635
-76.0604
-76.0583
-76.0571
-76.0565
-76.0565
-76.0548
-76.05
-76.0464
-76.0441
-76.0427
-76.0421
-76.042
-76.0424
-76.0431
-76.0441
-76.0454
-76.0469
-76.0485
-76.0504
-76.0523
-76.0544
-76.0566
-76.0589
-76.0613
-76.0637
-76.0662
-76.0688
-76.0714
-76.0741
-76.0768
-76.0795
-76.0823
-76.0851
-76.0879
-76.0907
-76.0935
-76.0964
-76.0993
-76.1021
-76.105
-76.1078
-76.1107
-76.1135
-76.1164
-76.1192
-76.1221
-76.1249
-76.1277
-76.1305
-76.1333
-76.136
-76.1388
-76.1415
-76.1442
-76.1469
-76.1496
-76.1523
-76.1536
-76.1421
-76.128
-76.1084
-76.0937
-76.0832
-76.0757
-76.0701
-76.0607
-76.0531
-76.048
-76.0426
-76.0365
-76.0326
-76.0286
-76.0248
-76.0225
-76.0214
-76.0211
-76.0213
-76.0209
-76.0199
-76.0196
-76.0197
-76.0196
-76.0185
-76.0181
-76.0182
-76.0187
-76.0196
-76.0206
-76.0219
-76.0233
-76.0248
-76.0265
-76.0283
-76.0302
-76.0322
-76.0343
-76.0365
-76.0388
-76.0411
-76.0435
-76.046
-76.0485
-76.0511
-76.0538
-76.0565
-76.0592
-76.062
-76.0648
-76.0676
-76.0705
-76.0733
-76.0762
-76.0791
-76.0821
-76.085
-76.0879
-76.0909
-76.0938
-76.0967
-76.0997
-76.1026
-76.1055
-76.1084
-76.1113
-76.1142
-76.1171
-76.12
-76.1228
-76.1257
-76.1285
-76.1313
-76.1341
-76.1369
-76.1396
-76.1424
-76.1451
-76.1478
-76.1505
-76.1532
-76.1558
-76.1585
-76.1611
-76.1637
-76.1663
-76.1688
-76.1714
-76.1739
-76.1764
-76.1789
-76.1814
-76.1838
-76.1863
-76.1887
-76.1911
-76.1934
-76.1958
-76.1981
-76.2005
-76.2028
-76.2051
-76.2073
-76.2096
-76.2118
-76.214
-76.2162
-76.2184
-76.2206
-76.2192
-76.1886
-76.1562
-76.133
-76.1162
-76.104
-76.0951
-76.0882
-76.0764
-76.0666
-76.0598
-76.0552
-76.052
-76.05
-76.0488
-76.0483
-76.0483
-76.0488
-76.0496
-76.0506
-76.0519
-76.0535
-76.0552
-76.057
-76.059
-76.0611
-76.0633
-76.0656
-76.068
-76.0705
-76.073
-76.0756
-76.0782
-76.0809
-76.0836
-76.0863
-76.0891
-76.0919
-76.0947
-76.0975
-76.1003
-76.1031
-76.106
-76.1088
-76.1116
-76.1145
-76.1169
-76.1094
-76.1015
-76.0955
-76.0912
-76.0881
-76.0859
-76.0846
-76.0838
-76.0836
-76.0838
-76.0843
-76.0852
-76.0863
-76.0877
-76.0892
-76.091
-76.0928
-76.0948
-76.0969
-76.0991
-76.1013
-76.1037
-76.1061
-76.1085
-76.111
-76.1135
-76.1161
-76.1187
-76.1213
-76.1239
-76.1265
-76.1123
-76.0947
-76.0821
-76.0732
-76.0669
-76.0625
-76.0595
-76.0575
-76.0564
-76.0532
-76.0484
-76.0451
-76.0431
-76.0419
-76.0414
-76.0414
-76.0419
-76.0427
-76.0437
-76.0451
-76.0466
-76.0483
-76.0501
-76.0521
-76.0542
-76.0564
-76.0587
-76.0611
-76.0636
-76.0661
-76.0687
-76.0713
-76.074
-76.076
-76.0713
-76.0669
-76.0638
-76.0618
-76.0605
-76.0599
-76.0599
-76.0602
-76.0609
-76.0619
-76.0632
-76.0647
-76.0663
-76.0682
-76.0701
-76.0722
-76.0744
-76.0767
-76.079
-76.0814
-76.0839
-76.0865
-76.0891
-76.0917
-76.0944
-76.0971
-76.0998
-76.1025
-76.1053
-76.108
-76.1108
-76.1136
-76.1163
-76.1191
-76.1219
-76.1247
-76.1274
-76.1302
-76.1329
-76.1357
-76.1384
-76.1411
-76.1438
-76.1465
-76.1492
-76.1518
-76.1545
-76.1571
-76.1597
-76.1623
-76.1649
-76.1674
-76.17
-76.1725
-76.175
-76.1775
-76.18
-76.1824
-76.1849
-76.1873
-76.1897
-76.1921
-76.1945
-76.1968
-76.1991
-76.2014
-76.2037
-76.206
-76.2083
-76.2105
-76.2128
-76.215
-76.2172
-76.2193
-76.2215
-76.2236
-76.2258
-76.2279
-76.23
-76.2321
-76.2341
-76.2362
-76.2382
-76.2402
-76.2422
-76.2442
-76.2462
-76.2481
-76.2501
-76.252
-76.2539
-76.2428
-76.2118
-76.176
-76.1497
-76.1307
-76.1167
-76.1064
-76.0937
-76.08
-76.0702
-76.0634
-76.0586
-76.0554
-76.0524
-76.0464
-76.0419
-76.0391
-76.0373
-76.0364
-76.0362
-76.0364
-76.037
-76.0379
-76.0391
-76.0405
-76.0421
-76.0438
-76.0457
-76.0478
-76.0499
-76.0521
-76.0545
-76.0569
-76.0593
-76.0619
-76.0645
-76.0671
-76.0698
-76.0725
-76.0753
-76.0781
-76.0809
-76.0837
-76.0866
-76.0895
-76.0923
-76.0952
-76.0981
-76.101
-76.1039
-76.1067
-76.1096
-76.1125
-76.1153
-76.1182
-76.121
-76.1239
-76.1267
-76.1295
-76.1323
-76.1351
-76.1378
-76.1406
-76.1433
-76.146
-76.1487
-76.1514
-76.1541
-76.1567
-76.1593
-76.162
-76.1645
-76.1671
-76.1697
-76.1722
-76.1747
-76.1772
-76.1797

