-70
-70.0758
-70.1508
-70.225
-70.2983
-70.3706
-70.4419
-70.5122
-70.5814
-70.6496
-70.7168
-70.7829
-70.848
-70.9121
-70.9752
-71.0373
-71.0984
-71.1586
-71.2178
-71.2761
-71.3334
-71.3899
-71.4455
-71.5003
-71.5543
-71.6074
-71.6598
-71.7114
-71.7623
-71.8124
-71.8619
-71.9106
-71.9587
-72.006
-72.0527
-72.0988
-72.1442
-72.1889
-72.2331
-72.2766
-72.3196
-72.362
-72.4038
-72.445
-72.4857
-72.5258
-72.5654
-72.6045
-72.6431
-72.6812
-72.7188
-72.756
-72.7927
-72.8289
-72.8647
-72.9
-72.9349
-72.9694
-73.0035
-73.0371
-73.0704
-73.1032
-73.1357
-73.1678
-73.1994
-73.2307
-73.2617
-73.2922
-73.3224
-73.3523
-73.3817
-73.4109
-73.4397
-73.4682
-73.4963
-73.5241
-73.5516
-73.5788
-73.6057
-73.6323
-73.6585
-73.6845
-73.7102
-73.7356
-73.7608
-73.7857
-73.8103
-73.8346
-73.8587
-73.8825
-73.9061
-73.9294
-73.9524
-73.9753
-73.9979
-74.0202
-74.0423
-74.0642
-74.0859
-74.1073
-74.1285
-74.1495
-74.1703
-74.1909
-74.2112
-74.2313
-74.2513
-74.271
-74.2905
-74.3098
-74.329
-74.3479
-74.3666
-74.3852
-74.4036
-74.4217
-74.4397
-74.4575
-74.4752
-74.4926
-74.5099
-74.527
-74.544
-74.5607
-74.5774
-74.5938
-74.6101
-74.6262
-74.6422
-74.658
-74.6736
-74.6891
-74.7045
-74.7197
-74.7347
-74.7496
-74.7644
-74.779
-74.7935
-74.8079
-74.8221
-74.8362
-74.8501
-74.864
-74.8777
-74.8913
-74.9047
-74.918
-74.9313
-74.9443
-74.9573
-74.9701
-74.9829
-74.9955
-75.008
-75.0204
-75.0327
-75.0448
-75.0569
-75.0688
-75.0806
-75.0924
-75.104
-75.1155
-75.1269
-75.1382
-75.1495
-75.1606
-75.1716
-75.1825
-75.1933
-75.204
-75.2147
-75.2252
-75.2356
-75.246
-75.2562
-75.2664
-75.2764
-75.2864
-75.2963
-75.3061
-75.3158
-75.3255
-75.335
-75.3445
-75.3538
-75.3631
-75.3724
-75.3815
-75.3906
-75.3995
-75.4084
-75.4172
-75.426
-75.4346
-75.4432
-75.4518
-75.4602
-75.4686
-75.4769
-75.4851
-75.4932
-75.5013
-75.5093
-75.5173
-75.5251
-75.533
-75.5407
-75.5484
-75.556
-75.5635
-75.571
-75.5784
-75.5858
-75.593
-75.6003
-75.6074
-75.6145
-75.6216
-75.6285
-75.6355
-75.6423
-75.6491
-75.6559
-75.6626
-75.6692
-75.6758
-75.6823
-75.6888
-75.6952
-75.7015
-75.7078
-75.7141
-75.7203
-75.7264
-75.7325
-75.7386
-75.7446
-75.7505
-75.7564
-75.7622
-75.768
-75.7738
-75.7795
-75.7851
-75.7907
-75.7963
-75.8018
-75.8072
-75.8127
-75.818
-75.8234
-75.8287
-75.8339
-75.8391
-75.8443
-75.8494
-75.8545
-75.8595
-75.8645
-75.8695
-75.8744
-75.8793
-75.8841
-75.8889
-75.8937
-75.8984
-75.9031
-75.9077
-75.9123
-75.9169
-75.9214
-75.9259
-75.9304
-75.9348
-75.9392
-75.9436
-75.9479
-75.9522
-75.9565
-75.9607
-75.9649
-75.969
-75.9731
-75.9772
-75.9813
-75.9853
-75.9893
-75.9933
-75.9972
-76.0011
-76.005
-76.0088
-76.0126
-76.0164
-76.0201
-76.0239
-76.0275
-76.0312
-76.0348
-76.0384
-76.042
-76.0456
-76.0491
-76.0526
-76.056
-76.0595
-76.0629
-76.0663
-76.0696
-76.0729
-76.0762
-76.0795
-76.0828
-76.086
-76.0892
-76.0924
-76.0955
-76.0986
-76.1017
-76.1048
-76.1079
-76.1109
-76.1139
-76.1169
-76.1198
-76.1228
-76.1257
-76.1286
-76.1314
-76.1343
-76.1371
-76.1399
-76.1427
-76.1455
-76.1482
-76.1509
-76.1536
-76.1563
-76.1589
-76.1615
-76.1642
-76.1667
-76.1693
-76.1719
-76.1744
-76.1769
-76.1794
-76.1819
-76.1843
-76.1868
-76.1892
-76.1916
-76.1939
-76.1963
-76.1986
-76.201
-76.2033
-76.2056
-76.2078
-76.2101
-76.2123
-76.2145
-76.2167
-76.2189
-76.2211
-76.2232
-76.2254
-76.2275
-76.2296
-76.2317
-76.2337
-76.2358
-76.2378
-76.2398
-76.2418
-76.2438
-76.2458
-76.2478
-76.2497
-76.2516
-76.2536
-76.2554
-76.2573
-76.2592
-76.2611
-76.2629
-76.2647
-76.2665
-76.2683
-76.2701
-76.2719
-76.2737
-76.2754
-76.2771
-76.2788
-76.2806
-76.2822
-76.2839
-76.2856
-76.2872
-76.2889
-76.2905
-76.2921
-76.2937
-76.2953
-76.2969
-76.2985
-76.3
-76.3016
-76.3031
-76.3046
-76.3061
-76.3076
-76.3091
-76.3106
-76.312
-76.3135
-76.3149
-76.3164
-76.3178
-76.3192
-76.3206
-76.322
-76.3233
-76.3247
-76.3261
-76.3274
-76.3287
-76.33
-76.3314
-76.3327
-76.334
-76.3352
-76.3365
-76.3378
-76.339
-76.3403
-76.3415
-76.3427
-76.3439
-76.3452
-76.3464
-76.3475
-76.3487
-76.3499
-76.351
-76.3522
-76.3533
-76.3545
-76.3556
-76.3567
-76.3578
-76.3589
-76.36
-76.3611
-76.3622
-76.3632
-76.3643
-76.3654
-76.3664
-76.3674
-76.3685
-76.3695
-76.3705
-76.3715
-76.3725
-76.3735
-76.3745
-76.3754
-76.3764
-76.3774
-76.3783
-76.3793
-76.3802
-76.3811
-76.382
-76.383
-76.3839
-76.3848
-76.3857
-76.3866
-76.3874
-76.3883
-76.3892
-76.39
-76.3909
-76.3917
-76.3926
-76.3934
-76.3943
-76.3951
-76.3959
-76.3967
-76.3975
-76.3983
-76.3991
-76.3999
-76.4007
-76.4014
-76.4022
-76.403
-76.4037
-76.4045
-76.4052
-76.406
-76.4067
-76.4074
-76.4082
-76.4089
-76.4096
-76.4103
-76.411
-76.4117
-73.1002
-69.0304
-65.9337
-63.559
-61.6448
-59.9422
-58.1173
-55.256
-31.6259
9.70686
-27.2581
-73.2824
-79.1833
-79.1424
-79.0377
-78.9215
-78.7944
-78.5614
-76.7384
-75.6259
-74.9906
-74.4876
-74.0271
-73.5849
-73.155
-72.9744
-72.7364
-70.4016
-68.3534
-67.4941
-67.2658
-67.1014
-66.9646
-66.851
-66.7576
-66.6827
-66.6246
-67.0895
-67.9102
-68.5167
-68.9557
-69.2826
-69.7604
-70.5461
-71.1337
-71.5553
-71.8664
-72.1019
-72.2844
-72.429
-72.5461
-72.7946
-73.1908
-73.4963
-73.7254
-73.9011
-74.0385
-74.1481
-74.237
-74.3104
-74.3718
-74.424
-74.4689
-74.5081
-74.5428
-74.5738
-74.6018
-74.6273
-74.6509
-74.6728
-74.6934
-74.7128
-74.7312
-72.8748
-68.8835
-65.7632
-63.4045
-61.5281
-59.8833
-58.1632
-55.6344
-44.3251
17.8308
-24.0677
-68.9585
-78.866
-78.7533
-78.6055
-78.4442
-78.2696
-78.0821
-77.8823
-77.6715
-77.4512
-77.2232
-76.967
-76.6707
-76.4117
-76.1787
-75.9631
-75.7616
-75.5747
-75.4408
-75.3306
-75.2307
-75.1403
-75.059
-74.9862
-74.9215
-74.8823
-74.9349
-74.9828
-75.0163
-75.0404
-75.0971
-75.1916
-75.2631
-75.3157
-75.3555
-75.3863
-75.4107
-75.4307
-75.4473
-75.4615
-75.4738
-75.4848
-75.4948
-75.5039
-75.5125
-75.5206
-75.5283
-75.5358
-75.5431
-75.5502
-75.5572
-75.5641
-75.5709
-75.5777
-75.5844
-75.591
-75.5977
-75.6043
-75.6109
-75.6175
-75.624
-75.6306
-75.6371
-75.6435
-75.65
-75.6564
-75.6628
-75.6692
-75.6755
-75.6818
-75.6881
-75.6943
-75.7005
-75.7067
-75.7128
-75.7189
-75.725
-75.731
-75.7369
-75.7429
-75.7487
-75.7546
-75.7604
-75.7661
-75.7719
-75.7775
-75.7832
-75.7887
-75.7943
-75.7998
-75.8052
-75.8107
-75.816
-75.8214
-72.1453
-68.2448
-65.2932
-63.0154
-61.1489
-59.4277
-57.4367
-53.63
46.2646
-5.04921
-36.3581
-77.9047
-79.1189
-79.0265
-78.908
-78.7777
-78.6359
-78.4828
-78.2167
-76.0718
-74.6166
-73.7555
-73.1092
-72.5535
-72.0456
-71.5704
-71.4242
-71.3766
-70.4114
-68.0086
-66.2197
-64.9715
-64.0597
-63.4087
-63.9143
-64.5077
-64.9405
-65.2629
-65.7719
-66.899
-67.7661
-68.3839
-68.8364
-69.177
-69.44
-69.6485
-69.8178
-69.9585
-70.1308
-70.7449
-71.3656
-72.1728
-72.7754
-73.2002
-73.5083
-73.7376
-73.9123
-74.0482
-74.156
-74.2431
-74.3147
-74.3745
-74.4251
-74.4687
-74.5067
-74.5403
-74.5703
-74.5975
-74.6223
-74.6452
-74.6666
-74.6866
-74.7099
-74.8393
-74.9665
-75.0675
-75.1487
-75.2148
-75.2695
-74.5837
-70.6139
-67.3407
-64.9819
-63.2214
-61.8386
-60.6668
-59.5587
-58.3306
-56.5801
-52.231
42.0062
-11.3547
-42.8325
-78.571
-79.1735
-79.0829
-78.9716
-78.8494
-78.7167
-78.5736
-78.4206
-78.2411
-75.8882
-73.8607
-72.7163
-71.9494
-71.3554
-70.8554
-70.416
-70.022
-69.6662
-69.3448
-69.0556
-69.1385
-69.5092
-69.7794
-69.9667
-70.0998
-70.1974
-70.2716
-70.3303
-70.3791
-70.4216
-70.4606
-70.4976
-70.5339
-70.5704
-70.6074
-70.6454
-70.6846
-70.7249
-70.7665
-70.8093
-70.8532
-70.8981
-70.944
-70.9907
-71.038
-71.086
-71.1344
-71.1833
-71.2324
-71.2816
-71.331
-71.3805
-71.4298
-71.4791
-71.5283
-71.5772
-71.626
-71.6744
-71.7225
-71.7703
-71.8178
-71.8648
-71.9114
-71.9576
-72.0034
-72.0486
-72.0934
-72.1378
-72.1816
-72.2249
-72.2678
-72.3102
-72.352
-72.3934
-72.4343
-72.4746
-72.5145
-72.5539
-72.5929
-72.6314
-72.6694
-72.7069
-72.744
-72.7807
-72.8169
-72.8527
-72.8881
-72.9231
-72.9576
-72.9918
-73.0255
-73.0588
-73.0918
-73.1243
-73.1564
-73.1882
-73.2196
-73.2506
-73.2813
-73.3116
-73.3416
-73.3712
-73.4004
-73.4293
-70.4612
-66.8049
-64.0156
-61.837
-59.9774
-58.0817
-55.293
-38.7542
12.2287
-26.2761
-72.0736
-79.6459
-78.7646
-78.4162
-78.2193
-78.0168
-77.7999
-77.5688
-77.3246
-77.0691
-76.8045
-76.0412
-73.307
-71.2654
-69.8819
-68.852
-68.0339
-67.3559
-66.7794
-66.2822
-65.8504
-65.3802
-64.0378
-62.9881
-62.2346
-61.6647
-61.2113
-62.0399
-63.0545
-64.4294
-65.9391
-66.9862
-67.709
-68.2236
-68.6012
-69.0031
-70.2253
-71.3153
-72.019
-72.5729
-73.1734
-73.5786
-73.845
-74.0271
-74.156
-74.2503
-74.3213
-74.3765
-74.4204
-74.4564
-74.4867
-74.5127
-74.5355
-74.556
-74.5747
-74.5921
-74.6085
-74.6241
-74.6391
-74.6536
-74.6678
-74.6818
-74.6955
-74.7091
-74.7226
-74.736
-74.7493
-74.7626
-74.7758
-74.789
-74.8022
-74.8153
-74.8283
-74.8414
-74.8543
-74.8673
-74.8802
-74.893
-74.9058
-74.9185
-74.9311
-71.7916
-67.9335
-64.9991
-62.736
-60.8727
-59.1278
-57.0312
-52.5075
42.7072
-10.4878
-42.0934
-78.4201
-78.9603
-78.8423
-78.7029
-78.5505
-78.3851
-78.2072
-78.0174

