-70
-69.8623
-69.7285
-69.5983
-69.4718
-69.3487
-69.2291
-69.1128
-68.9997
-68.8897
-68.7828
-68.6789
-68.5778
-68.4795
-68.3839
-68.291
-68.2007
-68.1128
-68.0274
-67.9443
-67.8636
-67.7851
-67.7087
-67.6345
-67.5623
-67.4921
-67.4238
-67.3574
-67.2929
-67.2301
-67.1691
-67.1098
-67.0521
-66.996
-66.9414
-66.8884
-66.8368
-66.7866
-66.7378
-66.6904
-66.6443
-66.5994
-66.5558
-66.5133
-66.4721
-66.432
-66.393
-66.355
-66.3181
-66.2823
-66.2474
-66.2134
-66.1805
-66.1484
-66.1172
-66.0868
-66.0573
-66.0286
-66.0007
-65.9736
-65.9472
-65.9215
-65.8966
-65.8723
-65.8487
-65.8257
-65.8034
-65.7817
-65.7606
-65.74
-65.72
-65.7006
-65.6817
-65.6633
-65.6455
-65.6281
-65.6112
-65.5948
-65.5788
-65.5632
-65.5481
-65.5334
-65.5191
-65.5052
-65.4917
-65.4785
-65.4657
-65.4533
-65.4412
-65.4294
-65.418
-65.4068
-65.396
-65.3855
-65.3752
-65.3653
-65.3556
-65.3462
-65.337
-65.3281
-65.3194
-65.311
-65.3028
-65.2948
-65.2871
-65.2795
-65.2722
-65.2651
-65.2581
-65.2514
-65.2448
-65.2385
-65.2322
-65.2262
-65.2203
-65.2146
-65.2091
-65.2037
-65.1984
-65.1933
-65.1884
-65.1835
-65.1788
-65.1743
-65.1698
-65.1655
-65.1613
-65.1572
-65.1532
-65.1493
-65.1456
-65.1419
-65.1384
-65.1349
-65.1315
-65.1283
-65.1251
-65.122
-65.119
-65.1161
-65.1132
-65.1104
-65.1077
-65.1051
-65.1026
-65.1001
-65.0977
-65.0953
-65.0931
-65.0908
-65.0887
-65.0866
-65.0845
-65.0826
-65.0806
-65.0788
-65.0769
-65.0752
-65.0734
-65.0718
-65.0701
-65.0685
-65.067
-65.0655
-65.064
-65.0626
-65.0612
-65.0599
-65.0586
-65.0573
-65.0561
-65.0549
-65.0537
-65.0526
-65.0514
-65.0504
-65.0493
-65.0483
-65.0473
-65.0464
-65.0454
-65.0445
-65.0436
-65.0428
-65.0419
-65.0411
-65.0403
-65.0395
-65.0388
-65.0381
-65.0374
-65.0367
-65.036
-65.0353
-65.0347
-65.0341
-65.0335
-65.0329
-65.0323
-65.0318
-65.0313
-65.0307
-65.0302
-65.0297
-65.0293
-65.0288
-65.0283
-65.0279
-65.0275
-65.027
-65.0266
-65.0262
-65.0259
-65.0255
-65.0251
-65.0248
-65.0244
-65.0241
-65.0238
-65.0234
-65.0231
-65.0228
-65.0225
-65.0223
-65.022
-65.0217
-65.0215
-65.0212
-65.021
-65.0207
-65.0205
-65.0203
-65.02
-65.0198
-65.0196
-65.0194
-65.0192
-65.019
-65.0188
-65.0187
-65.0185
-65.0183
-65.0181
-65.018
-65.0178
-65.0177
-65.0175
-65.0174
-65.0172
-65.0171
-65.017
-65.0168
-65.0167
-65.0166
-65.0165
-65.0163
-65.0162
-65.0161
-65.016
-65.0159
-65.0158
-65.0157
-65.0156
-65.0155
-65.0154
-65.0153
-65.0153
-65.0152
-65.0151
-65.015
-65.0149
-65.0149
-65.0148
-65.0147
-65.0147
-65.0146
-65.0145
-65.0145
-65.0144
-65.0143
-65.0143
-65.0142
-65.0142
-65.0141
-65.0141
-65.014
-65.014
-65.0139
-65.0139
-65.0138
-65.0138
-65.0137
-65.0137
-65.0137
-65.0136
-65.0136
-65.0135
-65.0135
-65.0135
-65.0134
-65.0134
-65.0134
-65.0133
-65.0133
-65.0133
-65.0133
-65.0132
-65.0132
-65.0132
-65.0131
-65.0131
-65.0131
-65.0131
-65.0131
-65.013
-65.013
-65.013
-65.013
-65.0129
-65.0129
-65.0129
-65.0129
-65.0129
-65.0129
-65.0128
-65.0128
-65.0128
-65.0128
-65.0128
-65.0128
-65.0127
-65.0127
-65.0127
-65.0127
-65.0127
-65.0127
-65.0127
-65.0127
-65.0126
-65.0126
-65.0126
-65.0126
-65.0126
-65.0126
-65.0126
-65.0126
-65.0126
-65.0126
-65.0125
-65.0125
-65.0125
-65.0125
-65.0125
-65.0125
-65.0125
-65.0125
-65.0125
-65.0125
-65.0125
-65.0125
-65.0125
-65.0124
-65.0124
-65.0124
-65.0124
-65.0124
-65.0124
-65.0124
-65.0124
-65.0124
-65.0124
-65.0124
-65.0124
-65.0124
-65.0124
-65.0124
-65.0124
-65.0124
-65.0124
-65.0124
-65.0124
-65.0124
-65.0124
-65.0124
-65.0123
-65.0123
-65.0123
-65.0123
-65.0123
-65.0123
-65.0123
-65.0123
-65.0123
-65.0123
-65.0123
-65.0123
-65.0123
-65.0123
-65.0123
-65.0123
-65.0123
-65.0123
-65.0123
-65.0123
-65.0123
-65.0123
-65.0123
-65.0123
-65.0123
-65.0123
-65.0123
-65.0123
-65.0123
-65.0123
-65.0123
-65.0123
-65.0123
-65.0123
-65.0123
-65.0123
-65.0123
-65.0123
-65.0123
-65.0123
-65.0123
-65.0123
-65.0123
-65.0123
-65.0123
-65.0123
-65.0123
-65.0123
-65.0123
-65.0123
-65.0123
-65.0123
-65.0123
-65.0123
-65.0123
-65.0123
-65.0123
-65.0123
-65.0123
-65.0123
-65.0123
-65.0123
-65.0123
-65.0123
-65.0123
-65.0123
-65.0123
-65.0123
-65.0123
-65.0123
-65.0123
-65.0123
-65.0123
-65.0123
-64.7043
-64.4515
-64.2637
-64.1299
-64.026
-63.943
-63.8763
-63.8231
-63.7811
-63.7486
-63.7241
-63.7065
-63.6948
-63.688
-63.6856
-63.6868
-63.6912
-63.6983
-63.7077
-63.7191
-63.7322
-63.7467
-63.7624
-63.7792
-63.7967
-63.8149
-63.8337
-63.8529
-63.8724
-63.8922
-63.9121
-63.9321
-63.9522
-63.9722
-63.8631
-63.5722
-63.3818
-63.2431
-63.1469
-63.0743
-63.0195
-62.9789
-62.9501
-62.9312
-62.9206
-62.917
-62.9193
-62.9267
-62.9383
-62.9536
-62.9184
-62.8879
-62.8512
-62.5991
-62.4273
-62.1916
-61.4505
-60.8342
-60.1007
-59.3981
-58.8046
-58.0275
-57.3988
-56.5133
-55.7555
-54.9275
-54.342
-53.8951
-53.3988
-52.7382
-52.0129
-51.2125
-50.584
-49.9046
-49.3047
-48.7779
-48.3099
-47.8427
-47.3717
-46.8681
-46.2252
-45.4241
-44.3847
-42.7299
-39.115
-7.20012
29.6643
-15.3683
-44.7893
-57.3967
-60.6274
-61.4517
-61.6556
-61.619
-61.519
-61.3535
-61.2083
-61.0848
-60.9844
-60.9031
-60.8386
-60.7696
-60.6704
-60.5131
-60.3987
-60.2724
-60.1728
-60.0571
-59.9807
-59.8921
-59.7761
-59.688
-59.6311
-59.5984
-59.5453
-59.4996
-59.4445
-59.4022
-59.3328
-59.2334
-59.096
-58.9415
-58.8136
-58.6678
-58.5644
-58.4996
-58.3911
-58.2361
-57.9105
-57.6112
-57.2898
-56.8602
-56.5293
-56.124
-55.717
-55.2225
-54.7538
-54.2257
-53.7564
-53.3155
-52.631
-51.8039
-51.0077
-50.2979
-49.6222
-49.0183
-48.4564
-47.952
-47.4535
-46.8456
-46.1764
-45.396
-44.3516
-42.684
-39.0623
-6.40232
29.1328
-16.2288
-46.5916
-59.1441
-62.3462
-63.1635
-63.3519
-63.3255
-63.2227
-63.0988
-62.9764
-62.8642
-62.7649
-62.6787
-62.605
-62.5425
-62.4901
-62.4467
-62.4111
-62.3826
-62.3602
-62.3433
-62.3313
-62.3235
-62.3195
-62.3188
-62.321
-62.3259
-62.333
-62.3421
-62.3531
-62.3655
-62.3794
-62.3944
-62.4105
-62.4274
-62.4451
-62.4635
-62.4824
-62.5017
-62.5214
-62.5414
-62.5617
-62.582
-62.6025
-62.6231
-62.6437
-62.6642
-62.6847
-62.7052
-62.7255
-62.7457
-62.7658
-62.7856
-62.8054
-62.8249
-62.8442
-62.8633
-62.8822
-62.9008
-62.9193
-62.9374
-62.9554
-62.9731
-62.9905
-63.0078
-63.0247
-63.0414
-63.0128
-62.8687
-62.773
-62.7047
-62.6593
-62.6125
-62.3816
-62.2013
-62.0695
-61.9771
-61.8015
-61.4584
-61.0605
-60.6899
-60.3726
-59.8846
-58.8831
-57.3752
-56.1474
-54.8277
-53.7844
-53.0013
-52.3992
-51.8852
-51.2156
-50.6245
-50.1531
-49.7602
-49.4038
-49.0539
-48.7134
-48.4052
-48.1126
-47.7991
-47.421
-46.9803
-46.4066
-45.7389
-44.8891
-43.6356
-41.3771
-33.9796
41.8125
2.78501
-33.5872
-56.6881
-62.9377
-64.5415
-64.9559
-64.974
-64.8389
-64.5706
-64.3334
-64.0885
-63.8329
-63.6053
-63.3798
-63.1535
-62.9661
-62.8141
-62.69
-62.5577
-62.3989
-62.2773
-62.1804
-62.1049
-62.0446
-61.9968
-61.9595
-61.9314
-61.9111
-61.8977
-61.8902
-61.8879
-61.8901
-61.8962
-61.8927
-61.8587
-61.8425
-61.7587
-61.5742
-61.4007
-61.246
-60.8374
-60.2786
-59.5975
-58.9933
-58.5482
-58.1856
-57.8086
-57.4387
-57.1346
-56.8077
-56.5198
-56.1302
-55.6071
-54.9737
-54.4252
-53.9186
-53.3402
-52.8105
-52.1588
-51.6242
-51.1669
-50.7645
-50.4079
-50.1084
-49.8285
-49.5471
-49.2845
-49.0291
-48.8107
-48.6144
-48.3251
-47.9211
-47.4089
-46.8596
-46.2264
-45.477
-44.4967
-42.9954
-39.9581
-22.9001
36.3425
-11.7812
-45.22
-60.7755
-64.7532
-65.7547
-65.9808
-65.9564
-65.8457
-65.7097
-65.5715
-65.4398
-65.3175
-65.2051
-65.1023
-65.0082
-64.9221
-64.8432
-64.7708
-64.7042
-64.6429
-64.5864
-64.5341
-64.4858
-64.441
-64.3996
-64.3611
-64.3254
-64.2923
-64.2614
-64.2327
-64.206
-64.181
-64.1578
-64.136
-64.1158
-64.0968
-64.0791
-64.0625
-64.0469
-64.0324
-64.0187
-64.006
-63.994
-63.9828
-63.9723
-63.9624
-63.9532
-63.9446
-63.9365
-63.9289
-63.9218
-63.9151
-63.9089
-63.9031
-63.8977
-63.8927
-63.888
-63.8836
-63.8796
-63.8758
-63.8724
-63.8692
-63.8663
-63.8636
-63.8612
-63.859
-63.857
-63.8552
-63.8536
-63.8522
-63.851
-63.85
-63.8492
-63.8485
-63.848
-63.8476
-63.8031
-63.7605
-63.7293
-63.7032
-63.3725
-62.6884
-62.215
-61.7075
-61.2777
-60.9532
-60.6892
-60.2619
-59.7548
-59.3708
-58.8422
-58.4486
-58.1491
-57.7068
-56.5173
-55.1608
-54.1501
-53.4194
-52.8666
-52.3358
-51.8996
-51.3489
-50.9275
-50.5899
-50.2823
-49.9807
-49.7228
-49.4865
-49.2888
-49.089
-48.7917
-48.2694
-47.7261
-47.1333
-46.5132
-45.8353
-44.9942
-43.7522
-41.6247
-35.4108
38.7206
7.37817
-31.185
-56.935
-64.071
-65.7563
-66.043
-65.936
-65.7341
-65.4788
-65.2282
-64.9957
-64.7271
-64.4285
-64.1538
-63.9319
-63.7484
-63.5622
-63.3855
-63.2407
-63.1175
-62.9763
-62.863
-62.7695
-62.6935
-62.6307
-62.5789
-62.5365
-62.5023
-62.4752
-62.4543
-62.4389
-62.4282
-62.4218
-62.419
-62.4195
-62.3683
-62.3346
-62.2631
-62.1419
-61.8394
-61.5151
-61.1707
-60.906
-60.7115
-60.5283
-60.375
-60.2612
-60.1781
-60.119
-60.0052
-59.9045
-59.816
-59.6741
-59.5504
-59.4136
-59.0844
-58.7661
-58.3453
-57.7448
-57.014
-56.1484
-55.319
-54.4449
-53.7552
-53.1939
-52.6474
-52.0326
-51.5308
-51.1306
-50.6813
-50.2763
-49.877
-49.4596

