-70
-70.0758
-70.1508
-70.225
-70.2983
-70.3706
-70.4419
-70.5122
-70.5814
-70.6496
-70.7168
-70.7829
-70.848
-70.9121
-70.9752
-71.0373
-71.0984
-71.1586
-71.2178
-71.2761
-71.3334
-71.3899
-71.4455
-71.5003
-71.5543
-71.6074
-71.6598
-71.7114
-71.7623
-71.8124
-71.8619
-71.9106
-71.9587
-72.006
-72.0527
-72.0988
-72.1442
-72.1889
-72.2331
-72.2766
-72.3196
-72.362
-72.4038
-72.445
-72.4857
-72.5258
-72.5654
-72.6045
-72.6431
-72.6812
-72.7188
-72.756
-72.7927
-72.8289
-72.8647
-72.9
-72.9349
-72.9694
-73.0035
-73.0371
-73.0704
-73.1032
-73.1357
-73.1678
-73.1994
-73.2307
-73.2617
-73.2922
-73.3224
-73.3523
-73.3817
-73.4109
-73.4397
-73.4682
-73.4963
-73.5241
-73.5516
-73.5788
-73.6057
-73.6323
-73.6585
-73.6845
-73.7102
-73.7356
-73.7608
-73.7857
-73.8103
-73.8346
-73.8587
-73.8825
-73.9061
-73.9294
-73.9524
-73.9753
-73.9979
-74.0202
-74.0423
-74.0642
-74.0859
-74.1073
-74.1285
-74.1495
-74.1703
-74.1909
-74.2112
-74.2313
-74.2513
-74.271
-74.2905
-74.3098
-74.329
-74.3479
-74.3666
-74.3852
-74.4036
-74.4217
-74.4397
-74.4575
-74.4752
-74.4926
-74.5099
-74.527
-74.544
-74.5607
-74.5774
-74.5938
-74.6101
-74.6262
-74.6422
-74.658
-74.6736
-74.6891
-74.7045
-74.7197
-74.7347
-74.7496
-74.7644
-74.779
-74.7935
-74.8079
-74.8221
-74.8362
-74.8501
-74.864
-74.8777
-74.8913
-74.9047
-74.918
-74.9313
-74.9443
-74.9573
-74.9701
-74.9829
-74.9955
-75.008
-75.0204
-75.0327
-75.0448
-75.0569
-75.0688
-75.0806
-75.0924
-75.104
-75.1155
-75.1269
-75.1382
-75.1495
-75.1606
-75.1716
-75.1825
-75.1933
-75.204
-75.2147
-75.2252
-75.2356
-75.246
-75.2562
-75.2664
-75.2764
-75.2864
-75.2963
-75.3061
-75.3158
-75.3255
-75.335
-75.3445
-75.3538
-75.3631
-75.3724
-75.3815
-75.3906
-75.3995
-75.4084
-75.4172
-75.426
-75.4346
-75.4432
-75.4518
-75.4602
-75.4686
-75.4769
-75.4851
-75.4932
-75.5013
-75.5093
-75.5173
-75.5251
-75.533
-75.5407
-75.5484
-75.556
-75.5635
-75.571
-75.5784
-75.5858
-75.593
-75.6003
-75.6074
-75.6145
-75.6216
-75.6285
-75.6355
-75.6423
-75.6491
-75.6559
-75.6626
-75.6692
-75.6758
-75.6823
-75.6888
-75.6952
-75.7015
-75.7078
-75.7141
-75.7203
-75.7264
-75.7325
-75.7386
-75.7446
-75.7505
-75.7564
-75.7622
-75.768
-75.7738
-75.7795
-75.7851
-75.7907
-75.7963
-75.8018
-75.8072
-75.8127
-75.818
-75.8234
-75.8287
-75.8339
-75.8391
-75.8443
-75.8494
-75.8545
-75.8595
-75.8645
-75.8695
-75.8744
-75.8793
-75.8841
-75.8889
-75.8937
-75.8984
-75.9031
-75.9077
-75.9123
-75.9169
-75.9214
-75.9259
-75.9304
-75.9348
-75.9392
-75.9436
-75.9479
-75.9522
-75.9565
-75.9607
-75.9649
-75.969
-75.9731
-75.9772
-75.9813
-75.9853
-75.9893
-75.9933
-75.9972
-76.0011
-76.005
-76.0088
-76.0126
-76.0164
-76.0201
-76.0239
-76.0275
-76.0312
-76.0348
-76.0384
-76.042
-76.0456
-76.0491
-76.0526
-76.056
-76.0595
-76.0629
-76.0663
-76.0696
-76.0729
-76.0762
-76.0795
-76.0828
-76.086
-76.0892
-76.0924
-76.0955
-76.0986
-76.1017
-76.1048
-76.1079
-76.1109
-76.1139
-76.1169
-76.1198
-76.1228
-76.1257
-76.1286
-76.1314
-76.1343
-76.1371
-76.1399
-76.1427
-76.1455
-76.1482
-76.1509
-76.1536
-76.1563
-76.1589
-76.1615
-76.1642
-76.1667
-76.1693
-76.1719
-76.1744
-76.1769
-76.1794
-76.1819
-76.1843
-76.1868
-76.1892
-76.1916
-76.1939
-76.1963
-76.1986
-76.201
-76.2033
-76.2056
-76.2078
-76.2101
-76.2123
-76.2145
-76.2167
-76.2189
-76.2211
-76.2232
-76.2254
-76.2275
-76.2296
-76.2317
-76.2337
-76.2358
-76.2378
-76.2398
-76.2418
-76.2438
-76.2458
-76.2478
-76.2497
-76.2516
-76.2536
-76.2554
-76.2573
-76.2592
-76.2611
-76.2629
-76.2647
-76.2665
-76.2683
-76.2701
-76.2719
-76.2737
-76.2754
-76.2771
-76.2788
-76.2806
-76.2822
-76.2839
-76.2856
-76.2872
-76.2889
-76.2905
-76.2921
-76.2937
-76.2953
-76.2969
-76.2985
-76.3
-76.3016
-76.3031
-76.3046
-76.3061
-76.3076
-76.3091
-76.3106
-76.312
-76.3135
-76.3149
-76.3164
-76.3178
-76.3192
-76.3206
-76.322
-76.3233
-76.3247
-76.3261
-76.3274
-76.3287
-76.33
-76.3314
-76.3327
-76.334
-76.3352
-76.3365
-76.3378
-76.339
-76.3403
-76.3415
-76.3427
-76.3439
-76.3452
-76.3464
-76.3475
-76.3487
-76.3499
-76.351
-76.3522
-76.3533
-76.3545
-76.3556
-76.3567
-76.3578
-76.3589
-76.36
-76.3611
-76.3622
-76.3632
-76.3643
-76.3654
-76.3664
-76.3674
-76.3685
-76.3695
-76.3705
-76.3715
-76.3725
-76.3735
-76.3745
-76.3754
-76.3764
-76.3774
-76.3783
-76.3793
-76.3802
-76.3811
-76.382
-76.383
-76.3839
-76.3848
-76.3857
-76.3866
-76.3874
-76.3883
-76.3892
-76.39
-76.3909
-76.3917
-76.3926
-76.3934
-76.3943
-76.3951
-76.3959
-76.3967
-76.3975
-76.3983
-76.3991
-76.3999
-76.4007
-76.4014
-76.4022
-76.403
-76.4037
-76.4045
-76.4052
-76.406
-75.9818
-71.7886
-68.0041
-65.1549
-62.9445
-61.1211
-59.4257
-57.4468
-53.6233
46.3408
-5.00849
-36.3651
-77.9876
-78.9065
-78.7642
-78.6151
-78.4524
-78.2759
-78.086
-77.8832
-77.6689
-76.0992
-74.0252
-72.7372
-71.8436
-71.1346
-70.5273
-69.9866
-69.4965
-69.0495
-69.0975
-69.3926
-70.018
-71.1609
-71.9008
-72.6524
-73.1463
-73.4391
-73.6196
-71.2168
-68.6046
-66.957
-66.535
-67.424
-68.1099
-68.5206
-68.7807
-68.9556
-69.0808
-69.1759
-69.2524
-69.6127
-70.2637
-70.7391
-71.0761
-71.3229
-71.5092
-71.6541
-71.7699
-72.0506
-72.5126
-72.8637
-73.1231
-73.3195
-73.4717
-73.5921
-73.6894
-73.7693
-73.8362
-73.8931
-73.9423
-71.0237
-67.5262
-64.9627
-63.0572
-61.5634
-60.291
-59.0618
-57.6227
-55.2685
-43.6779
16.1241
-24.6481
-69.3525
-79.6624
-78.7557
-78.3986
-78.1996
-77.9956
-77.7772
-77.5447
-77.2993
-77.0427
-76.7773
-76.2261
-73.4813
-71.3272
-69.8766
-68.8066
-67.9634
-68.0872
-69.3911
-70.6895
-71.4288
-71.9081
-72.4112
-72.7036
-72.8649
-72.957
-73.0114
-73.0446
-73.0657
-73.1735
-73.6008
-73.9573
-74.1847
-74.424
-74.6558
-74.8061
-74.905
-74.9727
-75.0208
-75.0564
-75.0836
-75.1052
-75.1228
-75.1377
-75.1859
-75.2717
-75.3387
-75.3895
-75.429
-75.4604
-75.4859
-75.507
-75.5249
-75.5403
-75.5538
-75.5658
-75.5767
-75.5866
-75.5958
-75.6044
-75.6125
-75.6203
-75.6278
-75.635
-75.642
-75.6488
-75.6555
-75.6621
-75.6686
-75.6749
-75.6813
-75.6875
-75.6937
-75.6999
-75.706
-75.712
-75.718
-75.724
-75.7299
-75.7358
-75.7416
-75.7475
-75.7532
-75.759
-75.7647
-75.7703
-75.7759
-75.7815
-75.7871
-75.7926
-75.7981
-75.8035
-75.8089
-75.8142
-75.8196
-75.8248
-75.8301
-75.087
-70.8895
-67.2815
-64.5617
-62.4339
-60.6424
-58.9022
-56.673
-50.8471
34.6183
-15.6257
-50.2204
-78.9376
-78.8358
-78.6698
-78.5103
-78.3373
-78.1502
-77.9495
-77.7359
-77.511
-76.134
-73.893
-72.4593
-71.4775
-70.713
-70.0701
-69.6047
-69.6502
-70.0223
-69.1801
-68.1315
-67.5244
-67.179
-67.6038
-67.9863
-68.2138
-68.355
-68.4479
-68.5136
-68.564
-68.5157
-66.324
-64.3121
-63.225
-63.8086
-65.0343
-65.91
-67.2089
-68.1552
-68.7504
-69.1411
-69.4096
-69.6024
-69.747
-69.86
-69.952
-70.0298
-70.0979
-70.1593
-70.2162
-70.361
-70.9188
-71.3983
-71.7631
-72.0465
-72.271
-72.4519
-72.6002
-72.7236
-72.828
-72.9174
-72.995
-73.0633
-73.1241
-73.1788
-73.4316
-73.728
-73.9614
-74.1453
-74.2925
-74.4121
-74.5105
-72.3509
-68.6464
-65.9029
-63.9042
-62.3853
-61.1575
-60.0732
-58.9881
-57.6865
-55.5739
-47.339
22.6854
-21.6942
-63.0027
-79.0689
-79.1496
-79.049
-78.9344
-78.8092
-78.6736
-78.5278
-76.3596
-74.9158
-74.2207
-73.7464
-73.436
-73.2459
-73.0942
-73.0813
-73.0127
-72.908
-72.7917
-72.6753
-72.5643
-72.4616
-72.3684
-72.2852
-72.2121
-72.1487
-72.0947
-72.0496
-72.0128
-71.9837
-71.9617
-72.1089
-72.4549
-72.7368
-72.9567
-73.1314
-73.2726
-73.3885
-73.4852
-73.5669
-73.637
-73.6979
-73.7514
-73.7991
-73.8927
-74.1241
-74.321
-74.4761
-74.6001
-74.7008
-74.7836
-74.8527
-74.9108
-74.9604
-75.0032
-75.0403
-75.073
-75.1019
-75.1277
-75.1511
-75.1723
-75.1917
-75.2096
-75.2262
-75.2418
-75.2564
-75.2703
-75.2834
-75.296
-75.3081
-75.3197
-75.3309
-75.3418
-75.3523
-75.3627
-75.3727
-75.3826
-75.3922
-75.4017
-75.411
-75.4202
-75.4292
-75.4381
-75.4469
-75.4556
-75.4642
-75.4726
-75.481
-75.4893
-75.4975
-75.5056
-75.5136
-74.7812
-70.6308
-67.0632
-64.3727
-62.2627
-60.4738
-58.7081
-56.3626
-49.2533
28.6956
-18.6746
-56.8749
-79.5271
-79.7323
-79.7024
-79.6647
-79.6227
-79.5767
-79.5265
-76.9685
-75.265
-74.3517
-73.7041
-73.1576
-72.6594
-72.1913
-71.7476
-71.3276
-69.3873
-66.8368
-64.931
-63.4915
-62.3482
-61.3885
-60.5291
-59.6959
-58.8024
-56.9744
-52.7116
45.0595
-8.80115
-39.8512
-78.3264
-79.2125
-79.1316
-78.9446
-77.9681
-76.9659
-76.5073
-76.1678
-75.8633
-75.5662
-75.2725
-74.9833
-74.7007
-74.427
-74.1642
-73.9142
-73.6783
-73.6036
-73.6204
-73.9166
-74.2035
-74.4795
-74.6426
-74.73
-74.7775
-74.8032
-74.817
-74.8241
-74.8275
-74.8292
-74.83
-74.8307
-74.8317
-74.8332
-74.8353
-74.838
-74.8415
-74.8457
-74.8505
-74.856
-74.9451
-75.055
-75.1414
-75.2095
-75.2641
-75.3087
-75.3456
-75.3766
-75.4031
-75.426
-75.4459
-75.4636
-75.4795
-75.4938
-75.5069
-75.519
-75.5302
-75.5408
-75.5507
-75.5602
-75.5692
-75.5779
-75.5862
-75.5943
-73.2439
-69.1646
-66.0135
-63.6197
-61.7104
-60.0372
-58.2912
-55.7284
-43.9138
17.6957
-23.823
-68.0993
-79.0666
-79.0588
-78.945
-78.818
-78.6794
-78.5292
-78.3679

