-70
-69.8623
-69.7285
-69.5983
-69.4718
-69.3487
-69.2291
-69.1128
-68.9997
-68.8897
-68.7828
-68.6789
-68.5778
-68.4795
-68.3839
-68.291
-68.2007
-68.1128
-68.0274
-67.9443
-67.8636
-67.7851
-67.7087
-67.6345
-67.5623
-67.4921
-67.4238
-67.3574
-67.2929
-67.2301
-67.1691
-67.1098
-67.0521
-66.996
-66.9414
-66.8884
-66.8368
-66.7866
-66.7378
-66.6904
-66.6443
-66.5994
-66.5558
-66.5133
-66.4721
-66.432
-66.393
-66.355
-66.3181
-66.2823
-66.2474
-66.2134
-66.1805
-66.1484
-66.1172
-66.0868
-66.0573
-66.0286
-66.0007
-65.9736
-65.9472
-65.9215
-65.8966
-65.8723
-65.8487
-65.8257
-65.8034
-65.7817
-65.7606
-65.74
-65.72
-65.7006
-65.6817
-65.6633
-65.6455
-65.6281
-65.6112
-65.5948
-65.5788
-65.5632
-65.5481
-65.5334
-65.5191
-65.5052
-65.4917
-65.4785
-65.4657
-65.4533
-65.4412
-65.4294
-65.418
-65.4068
-65.396
-65.3855
-65.3752
-65.3653
-65.3556
-65.3462
-65.337
-65.3281
-65.3194
-65.311
-65.3028
-65.2948
-65.2871
-65.2795
-65.2722
-65.2651
-65.2581
-65.2514
-65.2448
-65.2385
-65.2322
-65.2262
-65.2203
-65.2146
-65.2091
-65.2037
-65.1984
-65.1933
-65.1884
-65.1835
-65.1788
-65.1743
-65.1698
-65.1655
-65.1613
-65.1572
-65.1532
-65.1493
-65.1456
-65.1419
-65.1384
-65.1349
-65.1315
-65.1283
-65.1251
-65.122
-65.119
-65.1161
-65.1132
-65.1104
-65.1077
-65.1051
-65.1026
-65.1001
-65.0977
-65.0953
-65.0931
-65.0908
-65.0887
-65.0866
-65.0845
-65.0826
-65.0806
-65.0788
-65.0769
-65.0752
-65.0734
-65.0718
-65.0701
-65.0685
-65.067
-65.0655
-65.064
-65.0626
-65.0612
-65.0599
-65.0586
-65.0573
-65.0561
-65.0549
-65.0537
-65.0526
-65.0514
-65.0504
-65.0493
-65.0483
-65.0473
-65.0464
-65.0454
-65.0445
-65.0436
-65.0428
-65.0419
-65.0411
-65.0403
-65.0395
-65.0388
-65.0381
-65.0374
-65.0367
-65.036
-65.0353
-65.0347
-65.0341
-65.0335
-65.0329
-65.0323
-65.0318
-65.0313
-65.0307
-65.0302
-65.0297
-65.0293
-65.0288
-65.0283
-65.0279
-65.0275
-65.027
-65.0266
-65.0262
-65.0259
-65.0255
-65.0251
-65.0248
-65.0244
-65.0241
-65.0238
-65.0234
-65.0231
-65.0228
-65.0225
-65.0223
-65.022
-65.0217
-65.0215
-65.0212
-65.021
-65.0207
-65.0205
-65.0203
-65.02
-65.0198
-65.0196
-65.0194
-65.0192
-65.019
-65.0188
-65.0187
-65.0185
-65.0183
-65.0181
-65.018
-65.0178
-65.0177
-65.0175
-65.0174
-65.0172
-65.0171
-65.017
-65.0168
-65.0167
-65.0166
-65.0165
-65.0163
-65.0162
-65.0161
-65.016
-65.0159
-65.0158
-65.0157
-65.0156
-65.0155
-65.0154
-65.0153
-65.0153
-65.0152
-65.0151
-65.015
-65.0149
-65.0149
-65.0148
-65.0147
-65.0147
-65.0146
-65.0145
-65.0145
-65.0144
-65.0143
-65.0143
-65.0142
-65.0142
-65.0141
-65.0141
-65.014
-65.014
-65.0139
-65.0139
-65.0138
-65.0138
-65.0137
-65.0137
-65.0137
-65.0136
-65.0136
-65.0135
-65.0135
-65.0135
-65.0134
-65.0134
-65.0134
-65.0133
-65.0133
-65.0133
-65.0133
-65.0132
-65.0132
-65.0132
-65.0131
-65.0131
-65.0131
-65.0131
-65.0131
-65.013
-65.013
-65.013
-65.013
-65.0129
-65.0129
-65.0129
-65.0129
-65.0129
-65.0129
-65.0128
-65.0128
-65.0128
-65.0128
-65.0128
-65.0128
-65.0127
-65.0127
-65.0127
-65.0127
-65.0127
-65.0127
-65.0127
-65.0127
-65.0126
-65.0126
-65.0126
-65.0126
-65.0126
-65.0126
-65.0126
-65.0126
-65.0126
-65.0126
-65.0125
-65.0125
-65.0125
-65.0125
-65.0125
-65.0125
-65.0125
-65.0125
-65.0125
-65.0125
-65.0125
-65.0125
-65.0125
-65.0124
-65.0124
-65.0124
-65.0124
-65.0124
-65.0124
-65.0124
-65.0124
-65.0124
-65.0124
-65.0124
-65.0124
-65.0124
-65.0124
-65.0124
-65.0124
-65.0124
-65.0124
-65.0124
-65.0124
-65.0124
-65.0124
-65.0124
-65.0123
-65.0123
-65.0123
-65.0123
-65.0123
-65.0123
-65.0123
-65.0123
-65.0123
-65.0123
-65.0123
-65.0123
-65.0123
-65.0123
-65.0123
-65.0123
-65.0123
-65.0123
-65.0123
-65.0123
-65.0123
-65.0123
-65.0123
-65.0123
-65.0123
-65.0123
-65.0123
-65.0123
-65.0123
-65.0123
-65.0123
-65.0123
-65.0123
-65.0123
-65.0123
-65.0123
-65.0123
-65.0123
-65.0123
-65.0123
-65.0123
-65.0123
-65.0123
-65.0123
-65.0123
-65.0123
-65.0123
-65.0123
-65.0123
-65.0123
-65.0123
-65.0123
-65.0123
-65.0123
-65.0123
-65.0123
-65.0123
-65.0123
-65.0123
-65.0123
-65.0123
-65.0123
-65.0123
-65.0123
-65.0123
-65.0123
-65.0123
-65.0123
-65.0123
-65.0123
-65.0123
-65.0123
-65.0123
-65.0123
-64.8272
-64.6749
-64.5616
-64.4807
-64.4179
-64.3677
-64.3273
-64.2951
-64.2696
-64.2499
-64.2351
-64.2244
-64.2173
-64.2132
-64.2117
-64.2125
-64.2152
-64.2195
-64.2252
-64.2321
-64.2401
-64.2489
-64.2584
-64.2685
-64.2792
-64.2902
-64.3016
-64.3133
-64.3251
-64.3371
-64.3491
-64.3613
-64.3734
-64.3855
-64.2678
-63.967
-63.7677
-63.6204
-63.516
-63.4354
-63.3729
-63.3248
-63.2887
-63.2626
-63.245
-63.2345
-63.2302
-63.231
-63.2362
-63.2122
-63.1655
-63.1397
-63.1043
-62.9157
-62.7876
-62.6361
-61.9979
-61.492
-60.9118
-60.2048
-59.5323
-58.4239
-57.643
-56.8774
-56.2324
-55.6719
-55.2547
-54.935
-54.5298
-54.1066
-53.7322
-53.1816
-52.7517
-52.1651
-51.6768
-51.282
-50.9522
-50.6824
-50.4678
-50.294
-50.1122
-49.9181
-49.7198
-49.5654
-49.4058
-49.2015
-49.0333
-48.8916
-48.7696
-48.6596
-48.5385
-48.3712
-48.2122
-48.0611
-47.8703
-47.6769
-47.4689
-47.1569
-46.7885
-46.3646
-45.8404
-45.1031
-44.0353
-42.1773
-37.278
26.3285
15.5637
-25.0363
-51.2543
-59.6825
-62.0709
-62.8971
-63.1884
-63.2622
-63.2632
-63.2366
-63.1592
-63.0889
-63.0306
-62.9325
-62.7965
-62.619
-62.3335
-62.0222
-61.6745
-61.36
-61.1074
-60.9192
-60.5641
-60.209
-59.7394
-59.2941
-58.8313
-58.3966
-57.8889
-57.4531
-56.9876
-56.5242
-56.1153
-55.6747
-55.182
-54.615
-54.0422
-53.5649
-53.1542
-52.8415
-52.5885
-52.3679
-52.1817
-51.9417
-51.7075
-51.4684
-51.2167
-50.9819
-50.7515
-50.581
-50.4313
-50.2978
-50.1999
-50.135
-50.0974
-50.082
-50.0858
-50.1074
-50.1455
-50.1991
-50.2673
-50.3494
-50.4446
-50.552
-50.6708
-50.8003
-50.9401
-51.0894
-51.2473
-51.4135
-51.5874
-51.768
-51.9542
-52.1451
-52.34
-52.5386
-52.7404
-52.9444
-53.15
-53.3564
-53.5634
-53.7708
-53.9778
-54.1839
-54.3888
-54.5924
-54.7943
-54.9944
-55.1921
-55.3873
-55.58
-55.7701
-55.9575
-56.1418
-56.3231
-56.5013
-56.6764
-56.8484
-57.0172
-57.1828
-57.3451
-57.5041
-57.66
-57.8128
-57.9624
-58.1089
-58.2522
-58.3924
-58.5295
-58.6637
-58.7949
-58.9232
-59.0487
-59.1713
-59.291
-59.4081
-59.5225
-59.6342
-59.7434
-59.8
-59.8679
-59.9421
-60.0218
-60.0965
-60.0211
-59.9937
-59.9926
-60.0147
-60.0131
-59.8431
-59.4273
-59.0501
-58.7619
-58.2148
-57.3221
-56.2546
-55.4194
-54.5108
-53.7954
-53.2593
-52.8046
-52.418
-51.7364
-51.2241
-50.8266
-50.5038
-50.2009
-49.9562
-49.753
-49.5845
-49.4174
-49.2742
-49.1532
-49.0354
-48.9121
-48.7755
-48.6313
-48.5049
-48.3588
-48.2057
-47.9949
-47.7718
-47.5083
-47.1508
-46.6603
-46.1013
-45.4155
-44.4654
-42.9701
-39.8386
-20.912
34.9361
-13.0319
-44.7727
-59.0075
-62.7612
-63.8511
-64.1946
-64.2669
-64.2145
-64.0958
-63.9826
-63.8792
-63.7888
-63.7096
-63.6407
-63.5811
-63.5296
-63.4855
-63.4477
-63.3721
-63.3031
-63.2412
-63.1472
-63.0487
-62.8676
-62.6785
-62.5377
-62.4216
-62.2042
-61.7204
-61.2329
-60.7978
-60.429
-60.1075
-59.7222
-59.4365
-59.1515
-58.7834
-58.3686
-58.0165
-57.7233
-57.4698
-57.1674
-56.8181
-56.3686
-55.9293
-55.4057
-54.8844
-54.4537
-54.1121
-53.7133
-53.2954
-52.9918
-52.682
-52.4396
-52.265
-52.1457
-52.0357
-51.838
-51.6067
-51.3789
-51.2295
-51.1008
-51.0173
-50.9547
-50.8708
-50.8297
-50.8054
-50.7884
-50.7526
-50.7295
-50.7398
-50.7762
-50.8338
-50.9088
-50.9994
-51.1042
-51.2219
-51.3516
-51.4922
-51.6427
-51.8016
-51.9683
-52.1418
-52.3212
-52.5061
-52.6958
-52.8892
-53.0854
-53.2836
-53.4836
-53.6848
-53.8867
-54.0887
-54.2902
-54.491
-54.6908
-54.8893
-55.0862
-55.281
-55.4736
-55.664
-55.8521
-56.0375
-56.2201
-56.3998
-56.5766
-56.7506
-56.9215
-57.0893
-57.254
-57.4155
-57.574
-57.7293
-57.8816
-58.0307
-58.1768
-58.3197
-58.4596
-58.5965
-58.7305
-58.8615
-58.9897
-59.115
-59.2375
-59.3572
-59.4741
-59.5884
-59.7002
-59.8093
-59.9159
-60.0201
-60.1218
-60.2211
-60.3181
-60.4128
-60.5053
-60.5956
-60.6837
-60.7698
-60.8538
-60.9359
-61.0159
-61.0941
-61.1704
-61.2448
-61.3175
-61.3363
-61.3678
-61.407
-61.4488
-61.2524
-61.0358
-60.8639
-60.6418
-60.4738
-60.3573
-60.2253
-59.8977
-59.6246
-59.3955
-59.0841
-58.8094
-58.6136
-58.3683
-57.203
-55.9278
-55.0249
-54.3636
-53.8634
-53.3814
-53.0012
-52.4456
-52.017
-51.6905
-51.3997
-51.1669
-50.9873
-50.8529
-50.754
-50.6554
-50.4683
-50.1726
-49.9056
-49.6467
-49.3918
-49.1667
-48.9776
-48.7853
-48.619
-48.4501
-48.2748
-48.0946
-47.879
-47.6004
-47.2054
-46.7885
-46.3069
-45.6994
-44.9087
-43.7408
-41.6287
-35.2199
39.0318
5.92645
-32.0646
-56.2842
-63.0729
-64.9376
-65.5132
-65.6718
-65.6724
-65.6126
-65.5286
-65.3889
-65.2686
-65.1619
-65.0475
-64.913
-64.8028
-64.7082
-64.6268
-64.5547
-64.4905
-64.4331
-64.3815
-64.3351
-64.2932
-64.2113
-63.9066
-63.6338
-63.331
-63.0888
-62.8612
-62.6375
-62.4658
-62.3307
-62.2245
-62.1397
-62.069
-61.9221
-61.8003
-61.7085
-61.6034
-61.5156
-61.4048
-61.215
-60.8757
-60.5267
-60.0679
-59.6298
-59.1347
-58.5281
-57.8623
-57.276
-56.68
-56.0828
-55.3511
-54.756
-54.2458
-53.8373
-53.4857
-53.1942
-52.9707
-52.6571

