-70
-70.0758
-70.1508
-70.225
-70.2983
-70.3706
-70.4419
-70.5122
-70.5814
-70.6496
-70.7168
-70.7829
-70.848
-70.9121
-70.9752
-71.0373
-71.0984
-71.1586
-71.2178
-71.2761
-71.3334
-71.3899
-71.4455
-71.5003
-71.5543
-71.6074
-71.6598
-71.7114
-71.7623
-71.8124
-71.8619
-71.9106
-71.9587
-72.006
-72.0527
-72.0988
-72.1442
-72.1889
-72.2331
-72.2766
-72.3196
-72.362
-72.4038
-72.445
-72.4857
-72.5258
-72.5654
-72.6045
-72.6431
-72.6812
-72.7188
-72.756
-72.7927
-72.8289
-72.8647
-72.9
-72.9349
-72.9694
-73.0035
-73.0371
-73.0704
-73.1032
-73.1357
-73.1678
-73.1994
-73.2307
-73.2617
-73.2922
-73.3224
-73.3523
-73.3817
-73.4109
-73.4397
-73.4682
-73.4963
-73.5241
-73.5516
-73.5788
-73.6057
-73.6323
-73.6585
-73.6845
-73.7102
-73.7356
-73.7608
-73.7857
-73.8103
-73.8346
-73.8587
-73.8825
-73.9061
-73.9294
-73.9524
-73.9753
-73.9979
-74.0202
-74.0423
-74.0642
-74.0859
-74.1073
-74.1285
-74.1495
-74.1703
-74.1909
-74.2112
-74.2313
-74.2513
-74.271
-74.2905
-74.3098
-74.329
-74.3479
-74.3666
-74.3852
-74.4036
-74.4217
-74.4397
-74.4575
-74.4752
-74.4926
-74.5099
-74.527
-74.544
-74.5607
-74.5774
-74.5938
-74.6101
-74.6262
-74.6422
-74.658
-74.6736
-74.6891
-74.7045
-74.7197
-74.7347
-74.7496
-74.7644
-74.779
-74.7935
-74.8079
-74.8221
-74.8362
-74.8501
-74.864
-74.8777
-74.8913
-74.9047
-74.918
-74.9313
-74.9443
-74.9573
-74.9701
-74.9829
-74.9955
-75.008
-75.0204
-75.0327
-75.0448
-75.0569
-75.0688
-75.0806
-75.0924
-75.104
-75.1155
-75.1269
-75.1382
-75.1495
-75.1606
-75.1716
-75.1825
-75.1933
-75.204
-75.2147
-75.2252
-75.2356
-75.246
-75.2562
-75.2664
-75.2764
-75.2864
-75.2963
-75.3061
-75.3158
-75.3255
-75.335
-75.3445
-75.3538
-75.3631
-75.3724
-75.3815
-75.3906
-75.3995
-75.4084
-75.4172
-75.426
-75.4346
-75.4432
-75.4518
-75.4602
-75.4686
-75.4769
-75.4851
-75.4932
-75.5013
-75.5093
-75.5173
-75.5251
-75.533
-75.5407
-75.5484
-75.556
-75.5635
-75.571
-75.5784
-75.5858
-75.593
-75.6003
-75.6074
-75.6145
-75.6216
-75.6285
-75.6355
-75.6423
-75.6491
-75.6559
-75.6626
-75.6692
-75.6758
-75.6823
-75.6888
-75.6952
-75.7015
-75.7078
-75.7141
-75.7203
-75.7264
-75.7325
-75.7386
-75.7446
-75.7505
-75.7564
-75.7622
-75.768
-75.7738
-75.7795
-75.7851
-75.7907
-75.7963
-75.8018
-75.8072
-75.8127
-75.818
-75.8234
-75.8287
-75.8339
-75.8391
-75.8443
-75.8494
-75.8545
-75.8595
-75.8645
-75.8695
-75.8744
-75.8793
-75.8841
-75.8889
-75.8937
-75.8984
-75.9031
-75.9077
-75.9123
-75.9169
-75.9214
-75.9259
-75.9304
-75.9348
-75.9392
-75.9436
-75.9479
-75.9522
-75.9565
-75.9607
-75.9649
-75.969
-75.9731
-75.9772
-75.9813
-75.9853
-75.9893
-75.9933
-75.9972
-76.0011
-76.005
-76.0088
-76.0126
-76.0164
-76.0201
-76.0239
-76.0275
-76.0312
-76.0348
-76.0384
-76.042
-76.0456
-76.0491
-76.0526
-76.056
-76.0595
-76.0629
-76.0663
-76.0696
-76.0729
-76.0762
-76.0795
-76.0828
-76.086
-76.0892
-76.0924
-76.0955
-76.0986
-76.1017
-76.1048
-76.1079
-76.1109
-76.1139
-76.1169
-76.1198
-76.1228
-76.1257
-76.1286
-76.1314
-76.1343
-76.1371
-76.1399
-76.1427
-76.1455
-76.1482
-76.1509
-76.1536
-76.1563
-76.1589
-76.1615
-76.1642
-76.1667
-76.1693
-76.1719
-76.1744
-76.1769
-76.1794
-76.1819
-76.1843
-76.1868
-76.1892
-76.1916
-76.1939
-76.1963
-76.1986
-76.201
-76.2033
-76.2056
-76.2078
-76.2101
-76.2123
-76.2145
-76.2167
-76.2189
-76.2211
-76.2232
-76.2254
-76.2275
-76.2296
-76.2317
-76.2337
-76.2358
-76.2378
-76.2398
-76.2418
-76.2438
-76.2458
-76.2478
-76.2497
-76.2516
-76.2536
-76.2554
-76.2573
-76.2592
-76.2611
-76.2629
-76.2647
-76.2665
-76.2683
-76.2701
-76.2719
-76.2737
-76.2754
-76.2771
-76.2788
-76.2806
-76.2822
-76.2839
-76.2856
-76.2872
-76.2889
-76.2905
-76.2921
-76.2937
-76.2953
-76.2969
-76.2985
-76.3
-76.3016
-76.3031
-76.3046
-76.3061
-76.3076
-76.3091
-76.3106
-76.312
-76.3135
-76.3149
-76.3164
-76.3178
-76.3192
-76.3206
-76.322
-76.3233
-76.3247
-76.3261
-76.3274
-76.3287
-76.33
-76.3314
-76.3327
-76.334
-76.3352
-76.3365
-76.3378
-76.339
-76.3403
-76.3415
-76.3427
-76.3439
-76.3452
-76.3464
-76.3475
-76.3487
-76.3499
-76.351
-76.3522
-76.3533
-76.3545
-76.3556
-76.3567
-76.3578
-76.3589
-76.36
-76.3611
-76.3622
-76.3632
-76.3643
-76.3654
-76.3664
-76.3674
-76.3685
-76.3695
-76.3705
-76.3715
-76.3725
-76.3735
-76.3745
-76.3754
-76.3764
-76.3774
-76.3783
-76.3793
-76.3802
-76.3811
-76.382
-76.383
-76.3839
-76.3848
-76.3857
-76.3866
-76.3874
-76.3883
-76.3892
-76.39
-76.3909
-76.3917
-76.3926
-76.3934
-76.3943
-76.3951
-76.3959
-76.3967
-76.3975
-76.3983
-76.3991
-76.3999
-76.4007
-76.4014
-76.4022
-76.403
-76.4037
-76.4045
-76.4052
-76.406
-76.4067
-76.4074
-72.404
-65.1117
-59.9186
-55.2968
-0.218696
5.40277
-29.3075
-74.9251
-78.2445
-78.0587
-77.4719
-75.9522
-74.3937
-73.6475
-73.0754
-72.5151
-70.6105
-69.013
-68.0156
-66.6042
-63.9336
-61.296
-59.5794
-58.2425
-56.8773
-54.923
-48.9824
28.2717
-20.1602
-58.4206
-78.1549
-78.2021
-77.9942
-77.7425
-77.4588
-77.2025
-76.1228
-73.8968
-72.8782
-72.5415
-71.0597
-69.3056
-68.3644
-67.7814
-67.3534
-67.0071
-66.713
-66.458
-66.2355
-66.1015
-64.356
-63.0361
-62.2292
-61.699
-62.5774
-64.597
-65.8609
-66.6024
-67.0595
-67.3564
-67.5598
-67.7069
-67.8194
-67.9104
-67.9879
-68.0572
-68.1216
-68.1834
-68.244
-68.3044
-66.7151
-63.9629
-61.8794
-60.2661
-58.8595
-56.1343
-49.6274
30.5615
-18.9787
-56.0754
-77.8305
-77.898
-76.6664
-75.9917
-75.559
-75.0338
-73.0063
-71.7845
-71.0144
-68.7385
-67.0193
-64.594
-62.7904
-61.6241
-60.5029
-58.5067
-56.5833
-53.915
-38.3554
7.48798
-28.9204
-73.1684
-78.7488
-78.6814
-78.534
-78.3732
-78.2009
-78.018
-77.7774
-77.4974
-77.2637
-77.0242
-76.7556
-76.5301
-76.3318
-76.1505
-75.9824
-75.8261
-75.6811
-75.5471
-75.424
-75.3115
-75.2094
-75.1173
-75.0347
-74.9611
-74.896
-74.8388
-74.789
-74.7459
-74.709
-74.6777
-74.6516
-74.6301
-74.6128
-74.5993
-74.5891
-74.582
-74.5775
-74.5755
-74.5755
-74.5903
-74.7232
-74.85
-74.9513
-75.0333
-75.1006
-75.1565
-75.2036
-75.2437
-75.2782
-75.3082
-75.3345
-75.3577
-75.3785
-75.3973
-75.4143
-75.4299
-75.4443
-75.4577
-75.4702
-75.4819
-75.339
-71.451
-67.7226
-64.9277
-62.7721
-60.9988
-59.3518
-57.4356
-53.8245
45.266
-3.40493
-35.0963
-78.0638
-79.7323
-79.7222
-79.6872
-79.2887
-77.3099
-76.4941
-74.1338
-72.2102
-71.1926
-70.4539
-69.2828
-66.3472
-64.409
-63.156
-62.2249
-60.3853
-58.1557
-54.6169
-37.9104
8.78212
-27.8474
-71.9622
-77.9979
-77.8491
-76.6596
-75.8292
-74.2944
-73.2518
-71.3589
-70.2239
-69.4517
-68.7777
-67.6547
-65.558
-63.8278
-62.2673
-61.0661
-60.578
-60.229
-59.9267
-59.6518
-59.3894
-60.2748
-59.9694
-59.5134
-59.1729
-60.1928
-61.612
-62.9341
-63.607
-63.9498
-64.1415
-64.2609
-64.3448
-64.4116
-64.4711
-64.5284
-64.5866
-64.6475
-64.7119
-64.7806
-64.8537
-64.9316
-65.0141
-65.1012
-65.1928
-63.5001
-61.0544
-59.1366
-57.4215
-55.3728
-48.8767
27.9269
-20.6441
-57.8038
-77.6717
-77.8068
-77.5705
-77.304
-77.018
-76.7142
-76.3944
-76.0611
-75.7171
-75.3658
-75.0108
-74.6558
-73.6641
-68.6348
-61.7907
-57.4876
-52.9333
45.1207
-7.16103
-37.9211
-77.542
-78.6111
-77.6222
-75.0822
-74.1819
-73.6231
-73.0741
-72.514
-72.0719
-71.7053
-71.2623
-70.7953
-69.3305
-64.8155
-60.958
-58.9342
-58.659
-58.5121
-58.2588
-58.3153
-59.4547
-60.3911
-61.0292
-61.4585
-61.752
-61.9607
-62.1163
-62.2389
-62.3425
-62.4363
-62.5262
-62.6164
-62.7947
-64.9464
-66.8344
-68.1225
-69.0206
-69.6646
-70.1388
-70.4967
-70.7733
-71.2915
-71.8748
-72.3071
-72.6281
-72.8721
-73.0618
-73.212
-73.3333
-73.4329
-73.5162
-73.5867
-73.6475
-73.7006
-73.7475
-73.7897
-73.8278
-73.8629
-73.8953
-73.9256
-73.9542
-73.9813
-74.0072
-74.0321
-74.0561
-74.0794
-74.1021
-74.1242
-74.1459
-74.1671
-74.1879
-74.2084
-74.2286
-74.2486
-74.2682
-74.2877
-74.3069
-74.3259
-74.3446
-74.3632
-74.3816
-74.3999
-74.4179
-74.4358
-74.4535
-74.471
-74.4883
-74.5055
-74.5226
-74.5394
-74.5562
-74.5727
-74.5891
-74.6054
-74.6214
-74.6374
-74.6532
-74.6688
-74.6843
-74.6997
-74.7149
-74.7299
-74.7448
-72.877
-68.8416
-65.659
-63.2296
-61.2694
-59.5008
-57.3424
-50.8414
34.3864
-15.5551
-49.2007
-78.174
-78.3292
-78.1361
-76.9211
-76.0037
-75.5225
-75.0871
-73.9677
-70.9965
-68.3193
-66.9015
-65.9118
-63.8177
-62.2246
-61.1351
-60.2671
-59.1452
-56.6409
-52.1667
43.7867
-9.88185
-40.8772
-76.9202
-77.6829
-77.439
-77.0678
-75.0495
-73.2586
-72.5241
-72.0181
-70.5562
-69.2025
-68.4139
-67.8258
-67.3187
-66.8588
-66.0703
-63.9087
-62.3501
-62.7653
-63.9584
-64.5999
-64.9594
-65.9289
-66.6297
-67.3931
-68.2787
-68.8179
-69.1422
-69.3472
-69.4834
-69.5789
-69.6498
-69.7059
-69.7531
-69.7951
-69.8345
-69.8726
-69.9106
-69.9492
-69.9887
-70.0294
-67.8349
-64.7284
-62.4118
-60.6283
-59.0928
-58.4593
-58.7805
-59.1706
-59.5728
-59.9825
-60.3845
-60.774
-61.1486
-61.5028
-61.8379
-62.1557
-62.4551
-62.7383
-63.0075
-63.2643
-63.2603
-61.0262
-58.5393
-54.2595
-30.8249
2.81657
-31.115
-73.9592
-77.9627
-77.8112
-77.567
-77.3009
-77.0162
-75.1276
-70.2249
-67.9679
-66.8577
-66.0613
-65.3773
-64.7515
-64.1668
-63.6181
-62.3451
-57.9139
-53.7905

