-70
-70.0758
-70.1508
-70.225
-70.2983
-70.3706
-70.4419
-70.5122
-70.5814
-70.6496
-70.7168
-70.7829
-70.848
-70.9121
-70.9752
-71.0373
-71.0984
-71.1586
-71.2178
-71.2761
-71.3334
-71.3899
-71.4455
-71.5003
-71.5543
-71.6074
-71.6598
-71.7114
-71.7623
-71.8124
-71.8619
-71.9106
-71.9587
-72.006
-72.0527
-72.0988
-72.1442
-72.1889
-72.2331
-72.2766
-72.3196
-72.362
-72.4038
-72.445
-72.4857
-72.5258
-72.5654
-72.6045
-72.6431
-72.6812
-72.7188
-72.756
-72.7927
-72.8289
-72.8647
-72.9
-72.9349
-72.9694
-73.0035
-73.0371
-73.0704
-73.1032
-73.1357
-73.1678
-73.1994
-73.2307
-73.2617
-73.2922
-73.3224
-73.3523
-73.3817
-73.4109
-73.4397
-73.4682
-73.4963
-73.5241
-73.5516
-73.5788
-73.6057
-73.6323
-73.6585
-73.6845
-73.7102
-73.7356
-73.7608
-73.7857
-73.8103
-73.8346
-73.8587
-73.8825
-73.9061
-73.9294
-73.9524
-73.9753
-73.9979
-74.0202
-74.0423
-74.0642
-74.0859
-74.1073
-74.1285
-74.1495
-74.1703
-74.1909
-74.2112
-74.2313
-74.2513
-74.271
-74.2905
-74.3098
-74.329
-74.3479
-74.3666
-74.3852
-74.4036
-74.4217
-74.4397
-74.4575
-74.4752
-74.4926
-74.5099
-74.527
-74.544
-74.5607
-74.5774
-74.5938
-74.6101
-74.6262
-74.6422
-74.658
-74.6736
-74.6891
-74.7045
-74.7197
-74.7347
-74.7496
-74.7644
-74.779
-74.7935
-74.8079
-74.8221
-74.8362
-74.8501
-74.864
-74.8777
-74.8913
-74.9047
-74.918
-74.9313
-74.9443
-74.9573
-74.9701
-74.9829
-74.9955
-75.008
-75.0204
-75.0327
-75.0448
-75.0569
-75.0688
-75.0806
-75.0924
-75.104
-75.1155
-75.1269
-75.1382
-75.1495
-75.1606
-75.1716
-75.1825
-75.1933
-75.204
-75.2147
-75.2252
-75.2356
-75.246
-75.2562
-75.2664
-75.2764
-75.2864
-75.2963
-75.3061
-75.3158
-75.3255
-75.335
-75.3445
-75.3538
-75.3631
-75.3724
-75.3815
-75.3906
-75.3995
-75.4084
-75.4172
-75.426
-75.4346
-75.4432
-75.4518
-75.4602
-75.4686
-75.4769
-75.4851
-75.4932
-75.5013
-75.5093
-75.5173
-75.5251
-75.533
-75.5407
-75.5484
-75.556
-75.5635
-75.571
-75.5784
-75.5858
-75.593
-75.6003
-75.6074
-75.6145
-75.6216
-75.6285
-75.6355
-75.6423
-75.6491
-75.6559
-75.6626
-75.6692
-75.6758
-75.6823
-75.6888
-75.6952
-75.7015
-75.7078
-75.7141
-75.7203
-75.7264
-75.7325
-75.7386
-75.7446
-75.7505
-75.7564
-75.7622
-75.768
-75.7738
-75.7795
-75.7851
-75.7907
-75.7963
-75.8018
-75.8072
-75.8127
-75.818
-75.8234
-75.8287
-75.8339
-75.8391
-75.8443
-75.8494
-75.8545
-75.8595
-75.8645
-75.8695
-75.8744
-75.8793
-75.8841
-75.8889
-75.8937
-75.8984
-75.9031
-75.9077
-75.9123
-75.9169
-75.9214
-75.9259
-75.9304
-75.9348
-75.9392
-75.9436
-75.9479
-75.9522
-75.9565
-75.9607
-75.9649
-75.969
-75.9731
-75.9772
-75.9813
-75.9853
-75.9893
-75.9933
-75.9972
-76.0011
-76.005
-76.0088
-76.0126
-76.0164
-76.0201
-76.0239
-76.0275
-76.0312
-76.0348
-76.0384
-76.042
-76.0456
-76.0491
-76.0526
-76.056
-76.0595
-76.0629
-76.0663
-76.0696
-76.0729
-76.0762
-76.0795
-76.0828
-76.086
-76.0892
-76.0924
-76.0955
-76.0986
-76.1017
-76.1048
-76.1079
-76.1109
-76.1139
-76.1169
-76.1198
-76.1228
-76.1257
-76.1286
-76.1314
-76.1343
-76.1371
-76.1399
-76.1427
-76.1455
-76.1482
-76.1509
-76.1536
-76.1563
-76.1589
-76.1615
-76.1642
-76.1667
-76.1693
-76.1719
-76.1744
-76.1769
-76.1794
-76.1819
-76.1843
-76.1868
-76.1892
-76.1916
-76.1939
-76.1963
-76.1986
-76.201
-76.2033
-76.2056
-76.2078
-76.2101
-76.2123
-76.2145
-76.2167
-76.2189
-76.2211
-76.2232
-76.2254
-76.2275
-76.2296
-76.2317
-76.2337
-76.2358
-76.2378
-76.2398
-76.2418
-76.2438
-76.2458
-76.2478
-76.2497
-76.2516
-76.2536
-76.2554
-76.2573
-76.2592
-76.2611
-76.2629
-76.2647
-76.2665
-76.2683
-76.2701
-76.2719
-76.2737
-76.2754
-76.2771
-76.2788
-76.2806
-76.2822
-76.2839
-76.2856
-76.2872
-76.2889
-76.2905
-76.2921
-76.2937
-76.2953
-76.2969
-76.2985
-76.3
-76.3016
-76.3031
-76.3046
-76.3061
-76.3076
-76.3091
-76.3106
-76.312
-76.3135
-76.3149
-76.3164
-76.3178
-76.3192
-76.3206
-76.322
-76.3233
-76.3247
-76.3261
-76.3274
-76.3287
-76.33
-76.3314
-76.3327
-76.334
-76.3352
-76.3365
-76.3378
-76.339
-76.3403
-76.3415
-76.3427
-76.3439
-76.3452
-76.3464
-76.3475
-76.3487
-76.3499
-76.351
-76.3522
-76.3533
-76.3545
-76.3556
-76.3567
-76.3578
-76.3589
-76.36
-76.3611
-76.3622
-76.3632
-76.3643
-76.3654
-76.3664
-76.3674
-76.3685
-76.3695
-76.3705
-76.3715
-76.3725
-76.3735
-76.3745
-76.3754
-76.3764
-76.3774
-76.3783
-76.3793
-76.3802
-76.3811
-76.382
-76.383
-76.3839
-76.3848
-76.3857
-76.3866
-76.3874
-76.3883
-76.3892
-76.39
-76.3909
-76.3917
-76.3926
-76.3934
-76.3943
-76.3951
-76.3959
-76.3967
-76.3975
-76.3983
-76.3991
-76.3999
-75.9759
-71.7835
-67.9998
-65.1512
-62.9411
-61.1178
-59.4221
-57.4417
-53.6086
46.342
-5.09883
-36.4406
-78.4022
-79.7416
-79.7277
-79.6933
-79.6545
-79.6119
-79.4263
-76.9333
-75.5056
-74.7403
-74.1734
-73.6764
-73.2109
-72.7654
-72.3374
-71.9279
-71.5388
-71.1719
-70.8293
-70.5123
-70.2218
-69.9582
-69.7217
-69.5119
-69.3279
-69.1689
-69.0335
-69.453
-70.0397
-70.5026
-71.2039
-70.3819
-67.8346
-66.4111
-66.2018
-66.9319
-67.5358
-67.91
-68.1545
-68.3245
-68.45
-68.8064
-69.543
-70.0755
-69.2046
-66.9945
-65.4765
-64.49
-63.8276
-63.3719
-63.0552
-62.8363
-62.6877
-62.5929
-62.5404
-62.5225
-62.5334
-62.5688
-62.6254
-62.7006
-62.7921
-62.8983
-63.0173
-63.1476
-63.2868
-63.4336
-63.587
-63.7457
-63.909
-64.076
-64.2459
-64.4173
-65.1101
-66.4197
-67.5
-68.3543
-69.0376
-69.5907
-67.8427
-65.1147
-63.1172
-61.6431
-60.4863
-59.5001
-58.5613
-57.5265
-56.1161
-53.2744
-2.9984
-2.27153
-34.4453
-76.5258
-79.0931
-79.0447
-78.9322
-78.8068
-78.6708
-76.983
-75.6566
-75.039
-74.6152
-74.2864
-74.1103
-74.1953
-74.2486
-74.1962
-74.1054
-74.0053
-73.9069
-73.8144
-73.7294
-73.6525
-73.7477
-74.0434
-74.2478
-74.3659
-74.4363
-74.4796
-74.5071
-74.5253
-74.5378
-74.5471
-74.5545
-74.5609
-74.5669
-74.5729
-74.579
-74.5855
-74.5924
-74.5998
-74.6077
-74.616
-74.6248
-74.634
-74.6437
-74.6538
-74.6642
-74.675
-74.686
-74.71
-74.8473
-74.9753
-75.0762
-75.1569
-75.2226
-75.2767
-75.3218
-75.36
-75.3925
-75.4207
-75.4452
-75.4669
-75.4861
-75.5034
-75.519
-75.5332
-75.5464
-75.5585
-75.5698
-75.5805
-75.5905
-75.6001
-75.6092
-75.6179
-75.6263
-75.6344
-73.7049
-69.5543
-66.2921
-63.818
-61.8535
-60.1472
-58.3915
-55.8764
-45.4421
19.9648
-22.685
-66.151
-79.6349
-79.7335
-79.702
-79.6642
-79.6224
-79.5764
-79.5264
-79.4724
-76.6213
-74.516
-73.3178
-72.4867
-71.821
-71.2442
-70.7246
-70.2489
-68.6347
-66.2094
-64.359
-62.9516
-61.8185
-60.844
-59.9364
-59.0004
-57.7764
-54.6528
-31.5759
6.49139
-29.1485
-74.4906
-79.2652
-79.2438
-79.1337
-78.7089
-77.3081
-76.6266
-76.254
-75.9303
-75.6341
-75.3473
-75.0668
-74.7934
-74.5289
-74.2751
-74.0338
-73.9346
-73.9902
-74.0963
-74.1368
-74.138
-74.1201
-74.0935
-74.0637
-74.1306
-74.2638
-74.357
-74.4203
-74.4645
-74.4965
-74.5205
-74.5392
-74.5544
-74.5673
-74.5788
-74.5894
-74.5996
-74.6094
-74.6192
-74.6291
-74.6391
-74.6493
-74.6598
-71.1791
-67.5383
-65.5364
-64.5145
-63.8263
-63.3397
-62.99
-62.7366
-62.5531
-62.4234
-62.3368
-62.2858
-62.2649
-61.5743
-59.5423
-57.4539
-54.3656
-20.4768
4.00877
-30.4719
-75.5671
-79.4767
-79.4725
-78.5292
-77.8037
-77.4795
-77.2026
-76.919
-76.6235
-76.3173
-76.003
-75.6837
-75.3627
-73.3224
-70.961
-69.4492
-68.4261
-67.6815
-67.1104
-66.7181
-67.8227
-69.2885
-70.5284
-71.4329
-71.9437
-72.2397
-72.4194
-72.5334
-72.6087
-72.6608
-72.6988
-72.728
-72.7518
-72.7725
-72.7913
-72.8093
-72.827
-72.8448
-72.8629
-72.8816
-72.901
-72.9209
-72.9416
-72.963
-72.985
-73.0076
-73.0308
-73.0545
-73.0788
-73.1034
-73.1284
-73.1538
-73.1795
-73.2054
-73.2314
-73.2836
-73.5689
-73.8359
-74.0476
-74.2177
-74.3562
-74.4704
-74.5656
-74.6458
-74.714
-74.7726
-74.8233
-74.8677
-74.9068
-74.9415
-74.9726
-75.0006
-75.026
-75.0493
-75.0707
-75.0905
-75.109
-75.1263
-75.1426
-75.158
-75.1727
-75.1868
-75.2002
-75.2132
-75.2257
-75.2379
-75.2496
-75.2611
-75.2723
-75.2832
-75.2939
-75.3044
-75.3148
-75.3249
-75.3349
-75.3447
-75.3544
-74.2548
-70.0871
-66.6389
-64.031
-61.9716
-60.1981
-58.3908
-55.8139
-44.6548
18.7359
-23.2417
-67.2725
-79.6374
-79.725
-79.6924
-79.6534
-78.277
-77.0785
-76.5564
-76.1726
-75.8088
-75.4441
-75.0761
-74.7067
-74.3391
-72.5798
-69.9472
-68.0356
-66.6416
-65.5719
-64.7187
-64.0178
-63.4286
-62.9246
-61.5827
-59.4738
-57.3404
-54.0734
-2.16309
0.878344
-32.5553
-76.7636
-79.4414
-78.6969
-78.1531
-77.9039
-77.6212
-77.3441
-77.0714
-76.7492
-76.4482
-76.1865
-75.9471
-75.7356
-75.5405
-75.0454
-72.1807
-70.0931
-68.8274
-67.9999
-67.8456
-68.1114
-68.278
-68.3699
-68.4211
-68.4505
-68.4689
-68.4828
-68.4959
-68.5107
-68.5285
-68.5501
-68.5759
-68.606
-68.6405
-68.6791
-68.7217
-68.7681
-68.818
-69.3917
-70.095
-70.6492
-71.0853
-71.4339
-71.7168
-71.9493
-72.1429
-72.3061
-72.4452
-72.5649
-72.6692
-72.7608
-70.7199
-67.15
-64.4324
-62.3808
-60.7264
-59.2292
-57.58
-54.9635
-39.1964
11.3196
-26.8568
-72.4464
-79.6494
-79.7063
-79.6715
-79.6303
-79.0249
-77.096
-76.2155
-75.7118
-75.2878
-74.8824
-74.4822
-74.0856
-73.6948
-72.8734
-70.1385
-67.9072
-66.3037
-65.0911

