-70
-70.0758
-70.1508
-70.225
-70.2983
-70.3706
-70.4419
-70.5122
-70.5814
-70.6496
-70.7168
-70.7829
-70.848
-70.9121
-70.9752
-71.0373
-71.0984
-71.1586
-71.2178
-71.2761
-71.3334
-71.3899
-71.4455
-71.5003
-71.5543
-71.6074
-71.6598
-71.7114
-71.7623
-71.8124
-71.8619
-71.9106
-71.9587
-72.006
-72.0527
-72.0988
-72.1442
-72.1889
-72.2331
-72.2766
-72.3196
-72.362
-72.4038
-72.445
-72.4857
-72.5258
-72.5654
-72.6045
-72.6431
-72.6812
-72.7188
-72.756
-72.7927
-72.8289
-72.8647
-72.9
-72.9349
-72.9694
-73.0035
-73.0371
-73.0704
-73.1032
-73.1357
-73.1678
-73.1994
-73.2307
-73.2617
-73.2922
-73.3224
-73.3523
-73.3817
-73.4109
-73.4397
-73.4682
-73.4963
-73.5241
-73.5516
-73.5788
-73.6057
-73.6323
-73.6585
-73.6845
-73.7102
-73.7356
-73.7608
-73.7857
-73.8103
-73.8346
-73.8587
-73.8825
-73.9061
-73.9294
-73.9524
-73.9753
-73.9979
-74.0202
-74.0423
-74.0642
-74.0859
-74.1073
-74.1285
-74.1495
-74.1703
-74.1909
-74.2112
-74.2313
-74.2513
-74.271
-74.2905
-74.3098
-74.329
-74.3479
-74.3666
-74.3852
-74.4036
-74.4217
-74.4397
-74.4575
-74.4752
-74.4926
-74.5099
-74.527
-74.544
-74.5607
-74.5774
-74.5938
-74.6101
-74.6262
-74.6422
-74.658
-74.6736
-74.6891
-74.7045
-74.7197
-74.7347
-74.7496
-74.7644
-74.779
-74.7935
-74.8079
-74.8221
-74.8362
-74.8501
-74.864
-74.8777
-74.8913
-74.9047
-74.918
-74.9313
-74.9443
-74.9573
-74.9701
-74.9829
-74.9955
-75.008
-75.0204
-75.0327
-75.0448
-75.0569
-75.0688
-75.0806
-75.0924
-75.104
-75.1155
-75.1269
-75.1382
-75.1495
-75.1606
-75.1716
-75.1825
-75.1933
-75.204
-75.2147
-75.2252
-75.2356
-75.246
-75.2562
-75.2664
-75.2764
-75.2864
-75.2963
-75.3061
-75.3158
-75.3255
-75.335
-75.3445
-75.3538
-75.3631
-75.3724
-75.3815
-75.3906
-75.3995
-75.4084
-75.4172
-75.426
-75.4346
-75.4432
-75.4518
-75.4602
-75.4686
-75.4769
-75.4851
-75.4932
-75.5013
-75.5093
-75.5173
-75.5251
-75.533
-75.5407
-75.5484
-75.556
-75.5635
-75.571
-75.5784
-75.5858
-75.593
-75.6003
-75.6074
-75.6145
-75.6216
-75.6285
-75.6355
-75.6423
-75.6491
-75.6559
-75.6626
-75.6692
-75.6758
-75.6823
-75.6888
-75.6952
-75.7015
-75.7078
-75.7141
-75.7203
-75.7264
-75.7325
-75.7386
-75.7446
-75.7505
-75.7564
-75.7622
-75.768
-75.7738
-75.7795
-75.7851
-75.7907
-75.7963
-75.8018
-75.8072
-75.8127
-75.818
-75.8234
-75.8287
-75.8339
-75.8391
-75.8443
-75.8494
-75.8545
-75.8595
-75.8645
-75.8695
-75.8744
-75.8793
-75.8841
-75.8889
-75.8937
-75.8984
-75.9031
-75.9077
-75.9123
-75.9169
-75.9214
-75.9259
-75.9304
-75.9348
-75.9392
-75.9436
-75.9479
-75.9522
-75.9565
-75.9607
-75.9649
-75.969
-75.9731
-75.9772
-75.9813
-75.9853
-75.9893
-75.9933
-75.9972
-76.0011
-76.005
-76.0088
-76.0126
-76.0164
-76.0201
-76.0239
-76.0275
-76.0312
-76.0348
-76.0384
-76.042
-76.0456
-76.0491
-76.0526
-76.056
-76.0595
-76.0629
-76.0663
-76.0696
-76.0729
-76.0762
-76.0795
-76.0828
-76.086
-76.0892
-76.0924
-76.0955
-76.0986
-76.1017
-76.1048
-76.1079
-76.1109
-76.1139
-76.1169
-76.1198
-76.1228
-76.1257
-76.1286
-76.1314
-76.1343
-76.1371
-76.1399
-76.1427
-76.1455
-76.1482
-76.1509
-76.1536
-76.1563
-76.1589
-76.1615
-76.1642
-76.1667
-76.1693
-76.1719
-76.1744
-76.1769
-76.1794
-76.1819
-76.1843
-76.1868
-76.1892
-76.1916
-76.1939
-76.1963
-76.1986
-76.201
-76.2033
-76.2056
-76.2078
-76.2101
-76.2123
-76.2145
-76.2167
-76.2189
-76.2211
-76.2232
-76.2254
-76.2275
-76.2296
-76.2317
-76.2337
-76.2358
-76.2378
-76.2398
-76.2418
-76.2438
-76.2458
-76.2478
-76.2497
-76.2516
-76.2536
-76.2554
-76.2573
-76.2592
-76.2611
-76.2629
-76.2647
-76.2665
-76.2683
-76.2701
-76.2719
-76.2737
-76.2754
-76.2771
-76.2788
-76.2806
-76.2822
-76.2839
-76.2856
-76.2872
-76.2889
-76.2905
-76.2921
-76.2937
-76.2953
-76.2969
-76.2985
-76.3
-76.3016
-76.3031
-76.3046
-76.3061
-76.3076
-76.3091
-76.3106
-76.312
-76.3135
-76.3149
-76.3164
-76.3178
-76.3192
-76.3206
-76.322
-76.3233
-76.3247
-76.3261
-76.3274
-76.3287
-76.33
-76.3314
-76.3327
-76.334
-76.3352
-76.3365
-76.3378
-76.339
-76.3403
-76.3415
-76.3427
-76.3439
-76.3452
-76.3464
-76.3475
-76.3487
-76.3499
-76.351
-76.3522
-76.3533
-76.3545
-76.3556
-76.3567
-76.3578
-76.3589
-76.36
-76.3611
-76.3622
-76.3632
-76.3643
-76.3654
-76.3664
-76.3674
-76.3685
-76.3695
-76.3705
-76.3715
-76.3725
-76.3735
-76.3745
-76.3754
-76.3764
-76.3774
-76.3783
-76.3793
-76.3802
-76.3811
-76.382
-76.383
-76.3839
-76.3848
-76.3857
-76.3866
-76.3874
-76.3883
-76.3892
-76.39
-76.3909
-76.3917
-76.3926
-76.3934
-76.3943
-76.3951
-76.3959
-76.3967
-76.3975
-76.3983
-76.3991
-76.3999
-76.4007
-76.4014
-76.4022
-76.403
-76.4037
-76.4045
-76.4052
-76.406
-76.4067
-76.4074
-76.4082
-76.4089
-76.4096
-76.4103
-76.411
-76.4117
-76.4124
-76.4131
-76.4137
-76.4144
-76.4151
-76.4158
-76.4164
-76.4171
-76.4177
-76.4184
-76.419
-76.4196
-76.4203
-76.4209
-76.4215
-76.4221
-76.4227
-76.4234
-76.424
-76.4246
-76.4251
-76.4257
-76.4263
-76.4269
-76.4275
-76.428
-76.3959
-76.3546
-76.3219
-76.2963
-76.2759
-76.2596
-76.2466
-76.2361
-76.2126
-76.1846
-76.1633
-76.1474
-76.1353
-76.1261
-76.1192
-76.114
-76.11
-76.1072
-76.1052
-76.104
-76.1033
-76.1031
-76.1033
-76.1039
-76.1047
-76.1059
-76.1072
-76.1087
-76.1103
-76.1121
-76.1141
-76.1161
-76.1182
-76.1204
-76.1227
-76.125
-76.1273
-76.1297
-76.1322
-76.1346
-76.1371
-76.1396
-76.1421
-76.1446
-76.1472
-76.1497
-76.1522
-76.1547
-76.1573
-76.1598
-76.1623
-76.1648
-76.1673
-76.1698
-76.1723
-76.1748
-76.1772
-76.1797
-76.1821
-76.1845
-76.1869
-76.1893
-76.1867
-76.1695
-76.1547
-76.1434
-76.1348
-76.1277
-76.1113
-76.0911
-76.0736
-76.0619
-76.0541
-76.0488
-76.0453
-76.043
-76.0411
-76.0369
-76.0339
-76.0321
-76.0312
-76.0309
-76.0311
-76.0318
-76.0327
-76.0339
-76.0352
-76.0368
-76.0386
-76.0404
-76.0424
-76.0445
-76.0468
-76.0491
-76.0514
-76.0539
-76.0564
-76.059
-76.0616
-76.0643
-76.067
-76.0698
-76.0726
-76.0754
-76.0782
-76.0811
-76.0839
-76.0868
-76.0897
-76.0926
-76.0955
-76.0984
-76.1013
-76.1042
-76.1071
-76.11
-76.1129
-76.1157
-76.1186
-76.1215
-76.1243
-76.1271
-76.1299
-76.1327
-76.1355
-76.1383
-76.141
-76.1438
-76.1465
-76.1492
-76.1518
-76.1545
-76.1571
-76.1598
-76.1624
-76.165
-76.1675
-76.1701
-76.1726
-76.1751
-76.1776
-76.1801
-76.1826
-76.185
-76.1874
-76.1898
-76.1922
-76.1946
-76.1969
-76.1993
-76.2016
-76.2039
-76.2062
-76.2084
-76.2107
-76.2129
-76.2151
-76.2173
-76.2195
-76.2217
-76.2238
-76.2259
-76.228
-76.2301
-76.2322
-76.2343
-76.2363
-76.2384
-76.2404
-76.2424
-76.2444
-76.2463
-76.2483
-76.2502
-76.2521
-76.254
-76.2559
-76.2578
-76.2597
-76.2615
-76.2548
-76.2319
-76.2126
-76.1975
-76.1857
-76.1764
-76.1691
-76.1634
-76.159
-76.1556
-76.1495
-76.1338
-76.1209
-76.1113
-76.1041
-76.0987
-76.0948
-76.092
-76.0901
-76.0889
-76.0883
-76.0882
-76.0885
-76.0891
-76.09
-76.0912
-76.0926
-76.0942
-76.096
-76.0978
-76.0998
-76.1019
-76.1041
-76.1064
-76.1087
-76.1111
-76.1135
-76.116
-76.1185
-76.1211
-76.1236
-76.1262
-76.1194
-76.1098
-76.1025
-76.097
-76.093
-76.0902
-76.0882
-76.087
-76.0864
-76.0862
-76.0865
-76.0872
-76.0881
-76.0893
-76.0907
-76.0855
-76.0786
-76.0735
-76.0699
-76.0675
-76.0659
-76.065
-76.0647
-76.0649
-76.0654
-76.0663
-76.0674
-76.0688
-76.0704
-76.0721
-76.074
-76.076
-76.0781
-76.0804
-76.0827
-76.0809
-76.0757
-76.0718
-76.069
-76.0672
-76.0662
-76.0657
-76.0658
-76.0662
-76.067
-76.068
-76.0693
-76.0709
-76.0725
-76.0744
-76.0757
-76.0711
-76.0668
-76.0638
-76.0619
-76.0607
-76.0602
-76.0602
-76.0605
-76.0613
-76.0623
-76.0636
-76.0651
-76.0668
-76.0686
-76.0706
-76.0727
-76.0749
-76.0771
-76.0795
-76.0819
-76.0844
-76.087
-76.0896
-76.0922
-76.0949
-76.0976
-76.1003
-76.103
-76.1058
-76.1085
-76.1113
-76.1141
-76.1169
-76.1196
-76.1224
-76.1252
-76.1279
-76.1307
-76.1334
-76.1362
-76.1389
-76.1416
-76.1443
-76.147
-76.1497
-76.1523
-76.155
-76.1576
-76.1602
-76.1628
-76.1653
-76.1679
-76.1704
-76.173
-76.1755
-76.178
-76.1804
-76.1829
-76.1853
-76.1877
-76.1901
-76.1925
-76.1949
-76.1972
-76.1996
-76.2019
-76.2042
-76.2064
-76.2087
-76.2109
-76.2132
-76.2154
-76.2176
-76.2197
-76.2219
-76.224
-76.2262
-76.2283
-76.2304
-76.2324
-76.2345
-76.2365
-76.2386
-76.2406
-76.2426
-76.2446
-76.2465
-76.2485
-76.2504
-76.2524
-76.2543
-76.2562
-76.258
-76.2599
-76.2617
-76.2636
-76.2654
-76.2672
-76.269
-76.2708
-76.2726
-76.2743
-76.276
-76.2778
-76.2795
-76.2812
-76.2829
-76.2845
-76.2862
-76.2879
-76.2826
-76.2573
-76.2352
-76.218
-76.2044
-76.1936
-76.1852
-76.1785
-76.1732
-76.1677
-76.1499
-76.1343
-76.1226
-76.1138
-76.1071
-76.1022
-76.0986
-76.096
-76.0943
-76.0932
-76.0927
-76.0927
-76.0931
-76.0938
-76.0948
-76.096
-76.0974
-76.099
-76.1008
-76.1027
-76.1047
-76.1068
-76.1089
-76.1031
-76.087
-76.0735
-76.0641
-76.0577
-76.0533
-76.0503
-76.0485
-76.0474
-76.047
-76.0471
-76.0476
-76.0485
-76.0496
-76.0509
-76.0525
-76.0542
-76.0561
-76.0581
-76.0602
-76.0625
-76.0648
-76.0672
-76.0697
-76.0722
-76.0748
-76.0774
-76.0801
-76.0828
-76.0855
-76.0883
-76.0911
-76.0939
-76.0967
-76.0995
-76.1024
-76.1052
-76.1081
-76.1109
-76.1137
-76.1166
-76.1194
-76.1222

