-70
-70.0758
-70.1508
-70.225
-70.2983
-70.3706
-70.4419
-70.5122
-70.5814
-70.6496
-70.7168
-70.7829
-70.848
-70.9121
-70.9752
-71.0373
-71.0984
-71.1586
-71.2178
-71.2761
-71.3334
-71.3899
-71.4455
-71.5003
-71.5543
-71.6074
-71.6598
-71.7114
-71.7623
-71.8124
-71.8619
-71.9106
-71.9587
-72.006
-72.0527
-72.0988
-72.1442
-72.1889
-72.2331
-72.2766
-72.3196
-72.362
-72.4038
-72.445
-72.4857
-72.5258
-72.5654
-72.6045
-72.6431
-72.6812
-72.7188
-72.756
-72.7927
-72.8289
-72.8647
-72.9
-72.9349
-72.9694
-73.0035
-73.0371
-73.0704
-73.1032
-73.1357
-73.1678
-73.1994
-73.2307
-73.2617
-73.2922
-73.3224
-73.3523
-73.3817
-73.4109
-73.4397
-73.4682
-73.4963
-73.5241
-73.5516
-73.5788
-73.6057
-73.6323
-73.6585
-73.6845
-73.7102
-73.7356
-73.7608
-73.7857
-73.8103
-73.8346
-73.8587
-73.8825
-73.9061
-73.9294
-73.9524
-73.9753
-73.9979
-74.0202
-74.0423
-74.0642
-74.0859
-74.1073
-74.1285
-74.1495
-74.1703
-74.1909
-74.2112
-74.2313
-74.2513
-74.271
-74.2905
-74.3098
-74.329
-74.3479
-74.3666
-74.3852
-74.4036
-74.4217
-74.4397
-74.4575
-74.4752
-74.4926
-74.5099
-74.527
-74.544
-74.5607
-74.5774
-74.5938
-74.6101
-74.6262
-74.6422
-74.658
-74.6736
-74.6891
-74.7045
-74.7197
-74.7347
-74.7496
-74.7644
-74.779
-74.7935
-74.8079
-74.8221
-74.8362
-74.8501
-74.864
-74.8777
-74.8913
-74.9047
-74.918
-74.9313
-74.9443
-74.9573
-74.9701
-74.9829
-74.9955
-75.008
-75.0204
-75.0327
-75.0448
-75.0569
-75.0688
-75.0806
-75.0924
-75.104
-75.1155
-75.1269
-75.1382
-75.1495
-75.1606
-75.1716
-75.1825
-75.1933
-75.204
-75.2147
-75.2252
-75.2356
-75.246
-75.2562
-75.2664
-75.2764
-75.2864
-75.2963
-75.3061
-75.3158
-75.3255
-75.335
-75.3445
-75.3538
-75.3631
-75.3724
-75.3815
-75.3906
-75.3995
-75.4084
-75.4172
-75.426
-75.4346
-75.4432
-75.4518
-75.4602
-75.4686
-75.4769
-75.4851
-75.4932
-75.5013
-75.5093
-75.5173
-75.5251
-75.533
-75.5407
-75.5484
-75.556
-75.5635
-75.571
-75.5784
-75.5858
-75.593
-75.6003
-75.6074
-75.6145
-75.6216
-75.6285
-75.6355
-75.6423
-75.6491
-75.6559
-75.6626
-75.6692
-75.6758
-75.6823
-75.6888
-75.6952
-75.7015
-75.7078
-75.7141
-75.7203
-75.7264
-75.7325
-75.7386
-75.7446
-75.7505
-75.7564
-75.7622
-75.768
-75.7738
-75.7795
-75.7851
-75.7907
-75.7963
-75.8018
-75.8072
-75.8127
-75.818
-75.8234
-75.8287
-75.8339
-75.8391
-75.8443
-75.8494
-75.8545
-75.8595
-75.8645
-75.8695
-75.8744
-75.8793
-75.8841
-75.8889
-75.8937
-75.8984
-75.9031
-75.9077
-75.9123
-75.9169
-75.9214
-75.9259
-75.9304
-75.9348
-75.9392
-75.9436
-75.9479
-75.9522
-75.9565
-75.9607
-75.9649
-75.969
-75.9731
-75.9772
-75.9813
-75.9853
-75.9893
-75.9933
-75.9972
-76.0011
-76.005
-76.0088
-76.0126
-76.0164
-76.0201
-76.0239
-76.0275
-76.0312
-76.0348
-76.0384
-76.042
-76.0456
-76.0491
-76.0526
-76.056
-76.0595
-76.0629
-76.0663
-76.0696
-76.0729
-76.0762
-76.0795
-76.0828
-76.086
-76.0892
-76.0924
-76.0955
-76.0986
-76.1017
-76.1048
-76.1079
-76.1109
-76.1139
-76.1169
-76.1198
-76.1228
-76.1257
-76.1286
-76.1314
-76.1343
-76.1371
-76.1399
-76.1427
-76.1455
-76.1482
-76.1509
-76.1536
-76.1563
-76.1589
-76.1615
-76.1642
-76.1667
-76.1693
-76.1719
-76.1744
-76.1769
-76.1794
-76.1819
-76.1843
-76.1868
-76.1892
-76.1916
-76.1939
-76.1963
-76.1986
-76.201
-76.2033
-76.2056
-76.2078
-76.2101
-76.2123
-76.2145
-76.2167
-76.2189
-76.2211
-76.2232
-76.2254
-76.2275
-76.2296
-76.2317
-76.2337
-76.2358
-76.2378
-76.2398
-76.2418
-76.2438
-76.2458
-76.2478
-76.2497
-76.2516
-76.2536
-76.2554
-76.2573
-76.2592
-76.2611
-76.2629
-76.2647
-76.2665
-76.2683
-76.2701
-76.2719
-76.2737
-76.2754
-76.2771
-76.2788
-76.2806
-76.2822
-76.2839
-76.2856
-76.2872
-76.2889
-76.2905
-76.2921
-76.2937
-76.2953
-76.2969
-76.2985
-76.3
-76.3016
-76.3031
-76.3046
-76.3061
-76.3076
-76.3091
-76.3106
-76.312
-76.3135
-76.3149
-76.3164
-76.3178
-76.3192
-76.3206
-76.322
-76.3233
-76.3247
-76.3261
-76.3274
-76.3287
-76.33
-76.3314
-76.3327
-76.334
-76.3352
-76.3365
-76.3378
-76.339
-76.3403
-76.3415
-76.3427
-76.3439
-76.3452
-76.3464
-76.3475
-76.3487
-76.3499
-76.351
-76.3522
-76.3533
-76.3545
-76.3556
-76.3567
-76.3578
-76.3589
-76.36
-76.3611
-76.3622
-76.3632
-76.3643
-76.3654
-76.3664
-76.3674
-76.3685
-76.3695
-76.3705
-76.3715
-76.3725
-76.3735
-76.3745
-76.3754
-76.3764
-76.3774
-76.3783
-76.3793
-76.3802
-76.3811
-76.382
-76.383
-76.3839
-76.3848
-76.3857
-76.3866
-76.3874
-76.3883
-76.3892
-76.39
-76.3909
-76.3917
-76.3926
-76.3934
-76.3943
-76.3951
-76.3959
-76.3967
-76.3975
-76.3983
-76.3991
-76.3999
-76.4007
-76.4014
-76.4022
-76.403
-76.4037
-76.4045
-76.4052
-76.406
-75.2607
-70.9439
-67.3697
-64.6701
-62.5566
-60.7809
-59.0723
-56.9387
-51.9103
39.4016
-12.6824
-45.0732
-78.6373
-78.9118
-78.783
-78.6368
-78.4771
-78.304
-78.1179
-77.9195
-77.6101
-75.321
-73.6179
-72.559
-71.7767
-71.1299
-70.5619
-70.0487
-69.5796
-69.1497
-68.7569
-68.4
-68.6539
-69.0893
-69.3981
-69.615
-69.7712
-69.8869
-67.9919
-65.2713
-63.2695
-61.7724
-60.567
-59.4917
-58.3872
-56.9964
-54.4916
-36.0106
8.21187
-28.9333
-74.6152
-79.6168
-79.6443
-79.6023
-79.554
-79.5012
-79.4439
-79.3822
-79.3164
-79.247
-79.1745
-79.0994
-79.0226
-78.9448
-78.8668
-78.7894
-78.7133
-78.6392
-78.5676
-78.499
-78.4337
-78.3719
-78.3137
-78.2593
-78.2085
-74.2526
-70.1003
-66.9874
-64.6239
-62.7648
-61.21
-59.7637
-58.1528
-55.6299
-42.5379
16.2039
-24.4723
-69.528
-79.016
-78.9845
-78.8617
-78.7253
-78.5766
-78.4156
-78.2428
-77.603
-75.4401
-74.0724
-73.2153
-72.5543
-71.9841
-71.6018
-71.4921
-71.658
-71.823
-71.8691
-71.851
-71.8013
-71.7376
-71.6697
-71.6032
-71.781
-72.1321
-72.3883
-72.5705
-72.7038
-72.8041
-72.8817
-72.9435
-72.9942
-73.037
-73.0741
-73.2816
-73.5631
-73.7824
-73.9521
-74.0859
-74.1933
-74.281
-74.3537
-74.4147
-74.4668
-74.5117
-74.551
-74.5857
-74.6168
-74.6449
-74.6705
-74.6941
-74.716
-74.7365
-74.7559
-74.7743
-74.7918
-74.8087
-74.8249
-74.8406
-74.8558
-74.8707
-74.8852
-74.8994
-74.9134
-74.9271
-74.9405
-74.9538
-74.9669
-74.9798
-74.9926
-75.0052
-75.0176
-75.03
-75.0422
-75.0542
-75.0662
-75.0781
-75.0898
-75.1014
-75.1129
-75.1243
-75.1357
-75.1469
-75.158
-75.169
-75.1799
-75.1907
-75.2014
-72.0282
-68.1262
-65.1559
-62.8658
-60.9854
-59.2361
-57.1621
-52.8526
44.1348
-9.01635
-40.2402
-78.8757
-79.7282
-79.7073
-79.2028
-77.8862
-77.3796
-77.0651
-76.7631
-76.4527
-76.1322
-75.8038
-75.4706
-74.4574
-71.7643
-69.7323
-68.301
-67.2212
-66.3657
-65.6646
-65.0769
-64.5771
-63.528
-61.3781
-60.5461
-60.3876
-60.2641
-60.1507
-60.0457
-59.9478
-59.8561
-59.77
-59.1725
-57.4015
-54.9395
-46.2331
18.901
-23.9233
-66.7019
-79.2666
-79.3892
-79.32
-79.2377
-79.1475
-79.0497
-78.9447
-78.8328
-78.7148
-78.5917
-78.4647
-78.3351
-78.2041
-78.0734
-77.9442
-77.8179
-77.6955
-77.5782
-77.4665
-77.3612
-77.2626
-77.171
-77.0076
-76.8369
-76.6988
-76.5867
-76.4946
-76.4182
-76.3544
-76.3008
-74.7275
-70.5548
-67.3049
-64.9232
-63.1153
-61.6657
-60.3985
-59.1343
-57.582
-54.7685
-17.3106
5.80593
-29.38
-75.4808
-79.0106
-78.7065
-78.54
-78.3684
-78.1827
-77.9829
-77.7697
-77.469
-77.1751
-76.9158
-75.4113
-72.927
-71.3367
-70.2812
-69.502
-68.8836
-68.3702
-67.9326
-67.581
-67.9247
-68.2868
-68.5263
-66.6208
-64.631
-63.2269
-62.2
-61.4058
-60.7528
-60.1807
-59.642
-59.0927
-58.4759
-58.715
-60.0209
-61.335
-62.4853
-63.4465
-64.2374
-64.8881
-65.4269
-65.8775
-66.2586
-66.585
-66.8677
-67.1156
-67.3356
-67.5331
-67.7123
-67.8765
-68.0282
-68.1696
-68.3024
-68.4281
-68.5477
-68.6621
-68.7719
-68.8779
-68.9803
-69.0797
-69.1763
-69.2705
-69.3624
-69.4522
-69.5401
-69.6262
-69.7107
-69.7936
-69.8749
-69.9548
-70.0332
-70.1103
-70.186
-70.2604
-70.3336
-70.4056
-70.4764
-70.5461
-70.6146
-70.6821
-70.7485
-70.8139
-70.8783
-70.9416
-71.004
-71.0654
-71.1258
-71.1853
-71.2439
-71.3016
-71.3584
-71.4144
-71.4695
-71.5238
-71.5773
-71.63
-71.6819
-71.7332
-71.7837
-71.8334
-71.8825
-71.9309
-71.9786
-72.0257
-72.0721
-72.1178
-72.1629
-72.2074
-72.2513
-72.2946
-72.3373
-72.3794
-72.4209
-72.4619
-72.5024
-69.2539
-65.8009
-63.1739
-61.0871
-59.2297
-57.1519
-53.2588
45.7814
-6.48945
-37.6875
-78.4084
-79.2229
-78.5658
-78.3217
-78.1242
-77.9147
-77.6905
-77.4525
-77.2021
-76.9413
-76.2009
-73.6093
-71.708
-70.4323
-69.4788
-68.7126
-68.0686
-67.5129
-67.0272
-66.5584
-65.1762
-63.9687
-63.1259
-62.512
-62.0446
-61.6776
-61.3793
-61.1318
-60.9244
-60.7496
-60.5994
-60.4687
-60.3553
-60.2576
-60.0015
-59.4796
-59.176
-58.9154
-58.6679
-58.4167
-58.1352
-57.7979
-57.3695
-56.7619
-55.7752
-53.675
-40.5665
8.15053
-29.1052
-73.2667
-79.6407
-79.7574
-79.7339
-79.7012
-79.6648
-79.625
-79.582
-79.5359
-79.4871
-79.4357
-79.3824
-79.3275
-79.0203
-78.7202
-78.4934
-78.3134
-78.1644
-78.0374
-77.9271
-77.83
-77.7439
-77.6671
-77.5984
-77.5368
-77.4816
-77.4321
-77.3877
-77.3478
-77.312
-77.2798
-77.2509
-77.2249
-74.7209
-70.411
-67.0907
-64.5847
-62.6229
-60.9802
-59.4272
-57.6023
-54.2333
39.4165
-0.646117
-32.9876
-77.1004
-79.1947
-79.1204
-79.0128
-78.8941
-78.7647

