-70
-69.8623
-69.7285
-69.5983
-69.4718
-69.3487
-69.2291
-69.1128
-68.9997
-68.8897
-68.7828
-68.6789
-68.5778
-68.4795
-68.3839
-68.291
-68.2007
-68.1128
-68.0274
-67.9443
-67.8636
-67.7851
-67.7087
-67.6345
-67.5623
-67.4921
-67.4238
-67.3574
-67.2929
-67.2301
-67.1691
-67.1098
-67.0521
-66.996
-66.9414
-66.8884
-66.8368
-66.7866
-66.7378
-66.6904
-66.6443
-66.5994
-66.5558
-66.5133
-66.4721
-66.432
-66.393
-66.355
-66.3181
-66.2823
-66.2474
-66.2134
-66.1805
-66.1484
-66.1172
-66.0868
-66.0573
-66.0286
-66.0007
-65.9736
-65.9472
-65.9215
-65.8966
-65.8723
-65.8487
-65.8257
-65.8034
-65.7817
-65.7606
-65.74
-65.72
-65.7006
-65.6817
-65.6633
-65.6455
-65.6281
-65.6112
-65.5948
-65.5788
-65.5632
-65.5481
-65.5334
-65.5191
-65.5052
-65.4917
-65.4785
-65.4657
-65.4533
-65.4412
-65.4294
-65.418
-65.4068
-65.396
-65.3855
-65.3752
-65.3653
-65.3556
-65.3462
-65.337
-65.3281
-65.3194
-65.311
-65.3028
-65.2948
-65.2871
-65.2795
-65.2722
-65.2651
-65.2581
-65.2514
-65.2448
-65.2385
-65.2322
-65.2262
-65.2203
-65.2146
-65.2091
-65.2037
-65.1984
-65.1933
-65.1884
-65.1835
-65.1788
-65.1743
-65.1698
-65.1655
-65.1613
-65.1572
-65.1532
-65.1493
-65.1456
-65.1419
-65.1384
-65.1349
-65.1315
-65.1283
-65.1251
-65.122
-65.119
-65.1161
-65.1132
-65.1104
-65.1077
-65.1051
-65.1026
-65.1001
-65.0977
-65.0953
-65.0931
-65.0908
-65.0887
-65.0866
-65.0845
-65.0826
-65.0806
-65.0788
-65.0769
-65.0752
-65.0734
-65.0718
-65.0701
-65.0685
-65.067
-65.0655
-65.064
-65.0626
-65.0612
-65.0599
-65.0586
-65.0573
-65.0561
-65.0549
-65.0537
-65.0526
-65.0514
-65.0504
-65.0493
-65.0483
-65.0473
-65.0464
-65.0454
-65.0445
-65.0436
-65.0428
-65.0419
-65.0411
-65.0403
-65.0395
-65.0388
-65.0381
-65.0374
-65.0367
-65.036
-65.0353
-65.0347
-65.0341
-65.0335
-65.0329
-65.0323
-65.0318
-65.0313
-65.0307
-65.0302
-65.0297
-65.0293
-65.0288
-65.0283
-65.0279
-65.0275
-65.027
-65.0266
-65.0262
-65.0259
-65.0255
-65.0251
-65.0248
-65.0244
-65.0241
-65.0238
-65.0234
-65.0231
-65.0228
-65.0225
-65.0223
-65.022
-65.0217
-65.0215
-65.0212
-65.021
-65.0207
-65.0205
-65.0203
-65.02
-65.0198
-65.0196
-65.0194
-65.0192
-65.019
-65.0188
-65.0187
-65.0185
-65.0183
-65.0181
-65.018
-65.0178
-65.0177
-65.0175
-65.0174
-65.0172
-65.0171
-65.017
-65.0168
-65.0167
-65.0166
-65.0165
-65.0163
-65.0162
-65.0161
-65.016
-65.0159
-65.0158
-65.0157
-65.0156
-65.0155
-65.0154
-65.0153
-65.0153
-65.0152
-65.0151
-65.015
-65.0149
-65.0149
-65.0148
-65.0147
-65.0147
-65.0146
-65.0145
-65.0145
-65.0144
-65.0143
-65.0143
-65.0142
-65.0142
-65.0141
-65.0141
-65.014
-65.014
-65.0139
-65.0139
-65.0138
-65.0138
-65.0137
-65.0137
-65.0137
-65.0136
-65.0136
-65.0135
-65.0135
-65.0135
-65.0134
-65.0134
-65.0134
-65.0133
-65.0133
-65.0133
-65.0133
-65.0132
-65.0132
-65.0132
-65.0131
-65.0131
-65.0131
-65.0131
-65.0131
-65.013
-65.013
-65.013
-65.013
-65.0129
-65.0129
-65.0129
-65.0129
-65.0129
-65.0129
-65.0128
-65.0128
-65.0128
-65.0128
-65.0128
-65.0128
-65.0127
-65.0127
-65.0127
-65.0127
-65.0127
-65.0127
-65.0127
-65.0127
-65.0126
-65.0126
-65.0126
-65.0126
-65.0126
-65.0126
-65.0126
-65.0126
-65.0126
-65.0126
-65.0125
-65.0125
-65.0125
-65.0125
-65.0125
-65.0125
-65.0125
-65.0125
-65.0125
-65.0125
-65.0125
-65.0125
-65.0125
-65.0124
-65.0124
-65.0124
-65.0124
-65.0124
-65.0124
-65.0124
-65.0124
-65.0124
-65.0124
-65.0124
-65.0124
-65.0124
-65.0124
-65.0124
-65.0124
-65.0124
-65.0124
-65.0124
-65.0124
-65.0124
-65.0124
-65.0124
-65.0123
-65.0123
-65.0123
-65.0123
-65.0123
-65.0123
-65.0123
-65.0123
-65.0123
-65.0123
-65.0123
-65.0123
-65.0123
-65.0123
-65.0123
-65.0123
-65.0123
-65.0123
-65.0123
-65.0123
-65.0123
-65.0123
-65.0123
-65.0123
-65.0123
-65.0123
-65.0123
-65.0123
-65.0123
-65.0123
-65.0123
-65.0123
-65.0123
-65.0123
-65.0123
-65.0123
-65.0123
-65.0123
-65.0123
-65.0123
-65.0123
-65.0123
-65.0123
-65.0123
-65.0123
-65.0123
-65.0123
-65.0123
-65.0123
-65.0123
-65.0123
-65.0123
-65.0123
-65.0123
-65.0123
-65.0123
-65.0123
-65.0123
-65.0123
-65.0123
-65.0123
-65.0123
-65.0123
-65.0123
-65.0123
-65.0123
-65.0123
-65.0123
-65.0123
-65.0123
-65.0123
-65.0123
-65.0123
-65.0123
-64.7043
-64.4515
-64.2637
-64.1299
-64.026
-63.943
-63.8763
-63.8231
-63.7811
-63.7486
-63.7241
-63.7065
-63.6948
-63.688
-63.6856
-63.6868
-63.6912
-63.6983
-63.7077
-63.7191
-63.7322
-63.7467
-63.7624
-63.7792
-63.7967
-63.8149
-63.8337
-63.8529
-63.8724
-63.8922
-63.9121
-63.9321
-63.9522
-63.9722
-63.8889
-63.6598
-63.5111
-63.4036
-63.3302
-63.2756
-63.2353
-63.2064
-63.1869
-63.1752
-63.1702
-63.1707
-63.176
-63.1852
-63.1979
-63.2133
-63.1774
-63.1457
-63.1072
-62.852
-62.6771
-62.5264
-61.8656
-61.3735
-60.7864
-60.2044
-59.68
-58.8939
-58.2385
-57.5427
-57.0151
-56.485
-56.0995
-55.8062
-55.3831
-54.9334
-54.547
-54.0858
-53.7316
-53.2351
-52.8279
-52.5297
-52.2914
-52.1056
-51.9706
-51.8753
-51.7789
-51.7212
-51.6939
-51.6723
-51.6598
-51.5604
-51.5116
-51.4995
-51.5205
-51.5641
-51.6267
-51.7057
-51.7979
-51.8739
-51.9695
-52.08
-52.2046
-52.3401
-52.4849
-52.6015
-52.7246
-52.8618
-53.0109
-53.1683
-53.3318
-53.5005
-53.6736
-53.8499
-54.0213
-54.1529
-54.301
-54.4573
-54.6208
-54.788
-54.9574
-55.1281
-55.2616
-55.4012
-55.5483
-55.5705
-55.6081
-55.5885
-55.5121
-55.4856
-55.4601
-55.4445
-55.4284
-55.4375
-55.3706
-55.2201
-55.0296
-54.9087
-54.747
-54.6035
-54.4728
-54.1515
-53.8609
-53.6198
-53.3337
-53.0587
-52.6098
-51.9086
-51.2268
-50.688
-50.2314
-49.8565
-49.5003
-49.2038
-48.9264
-48.5822
-48.2391
-47.8707
-47.5198
-47.1578
-46.7647
-46.2825
-45.6835
-44.888
-43.6718
-41.4382
-34.1804
41.4185
3.49574
-31.9789
-54.1194
-60.3727
-62.1886
-62.8345
-63.0837
-63.1699
-63.1873
-63.1772
-63.1576
-63.1365
-63.1171
-63.1008
-63.0879
-63.0781
-63.0715
-63.0675
-63.0659
-63.0665
-63.069
-63.0732
-63.0789
-63.0858
-63.094
-63.1031
-63.1131
-63.1238
-63.1352
-63.1472
-63.1596
-63.1725
-63.1857
-63.1992
-63.2129
-63.2268
-63.2408
-63.2549
-63.269
-63.2832
-63.2974
-63.3115
-63.3256
-63.3396
-63.3536
-63.3674
-63.3812
-63.3948
-63.4082
-63.4215
-63.4347
-63.4477
-63.4606
-63.4733
-63.4858
-63.4982
-63.5104
-63.5224
-63.5343
-63.546
-63.5575
-63.5688
-63.5552
-63.4518
-63.3861
-63.3387
-63.3074
-63.2667
-63.055
-62.8724
-62.7398
-62.6455
-62.5752
-62.514
-62.2296
-61.949
-61.6581
-61.1396
-60.4107
-59.506
-58.6863
-57.7115
-56.9166
-56.3268
-55.7315
-55.2701
-54.6458
-54.1706
-53.8136
-53.5438
-53.3183
-53.1216
-52.9362
-52.8111
-52.7296
-52.6853
-52.6705
-52.6624
-52.5551
-52.4534
-52.3735
-52.3184
-52.2795
-52.2437
-52.1982
-52.1971
-52.2165
-52.1772
-52.1532
-52.1416
-52.1674
-52.1799
-52.226
-52.2694
-52.3362
-52.395
-52.4509
-52.5056
-52.5888
-52.6914
-52.8099
-52.9404
-53.081
-53.2299
-53.3589
-53.4454
-53.5568
-53.6851
-53.8271
-53.9776
-54.1344
-54.2963
-54.4622
-54.6313
-54.8029
-54.976
-55.1427
-55.2706
-55.3982
-55.4563
-55.4603
-55.5078
-55.5362
-55.5628
-55.6189
-55.621
-55.5469
-55.4528
-55.3829
-55.2654
-55.1248
-54.9734
-54.7858
-54.6335
-54.5189
-54.4276
-54.3613
-54.2655
-54.1572
-53.9787
-53.737
-53.5383
-53.2929
-52.9028
-52.479
-51.9806
-51.5063
-51.053
-50.6858
-50.3314
-50.0286
-49.7891
-49.5641
-49.38
-49.2258
-49.0948
-48.9491
-48.8259
-48.6893
-48.5497
-48.3231
-48.0746
-47.8476
-47.6243
-47.3916
-47.1368
-46.8438
-46.4909
-46.0514
-45.4689
-44.6404
-43.3091
-40.5909
-28.006
39.6002
-8.47409
-41.9235
-58.7393
-63.2938
-64.729
-65.2758
-65.4908
-65.5664
-65.5815
-65.5697
-65.5455
-65.5157
-65.4832
-65.4496
-65.4155
-65.3815
-65.3477
-65.3143
-65.2813
-65.249
-65.2173
-65.1862
-65.1559
-65.1262
-65.0972
-65.0689
-65.0414
-65.0145
-64.9884
-64.963
-64.9383
-64.9142
-64.8909
-64.8682
-64.8461
-64.8247
-64.8039
-64.7837
-64.7641
-64.7451
-64.7266
-64.7087
-64.6914
-64.6746
-64.6583
-64.6425
-64.6271
-64.6123
-64.5979
-64.584
-64.5706
-64.5575
-64.5449
-64.5327
-64.5209
-64.5095
-64.4985
-64.4878
-64.4776
-64.4676
-64.458
-64.4488
-64.4398
-64.4312
-64.4229
-64.4149
-64.4072
-64.3998
-64.3927
-64.3859
-64.3594
-64.0416
-63.667
-63.3941
-63.0201
-62.6907
-62.4424
-62.2436
-61.987
-61.7465
-61.5402
-61.1373
-60.8282
-60.5974
-60.3641
-59.2417
-58.0034
-57.1095
-56.4685
-55.9946
-55.5782
-55.2576
-54.7819
-54.4116
-54.1262
-53.8681
-53.6535
-53.5009
-53.3985
-53.3363
-53.3005
-53.1977
-53.0334
-52.9081
-52.6919
-52.4808
-52.3438
-52.2476
-52.1803
-52.1535
-52.1296
-52.0884
-52.0888
-52.1182
-52.1518
-52.1948
-52.2265
-52.2443
-52.2972
-52.3741
-52.4713
-52.5832
-52.6992
-52.7623
-52.8335
-52.9067
-53.0078
-53.1259
-53.2577
-53.3996
-53.5499
-53.7071
-53.8629
-53.9852
-54.1252
-54.2748
-54.4329
-54.5785
-54.7023
-54.8418
-54.9898
-55.1447
-55.3034
-55.4647
-55.6279
-55.7921
-55.9569
-56.1216
-56.2546
-56.3265
-56.3964
-56.467
-56.4738
-56.4429
-56.4437
-56.4805
-56.5417
-56.6191
-56.708
-56.806
-56.8611
-56.9356
-57.0234
-57.0989
-57.1338
-57.1477
-57.0558
-56.8195
-56.663
-56.432
-56.1832
-55.8595
-55.4801
-55.0106
-54.5575
-54.2104
-53.832
-53.3419
-52.7636
-52.2658
-51.9112
-51.6261
-51.343
-51.1085
-50.8399

