-70
-69.8623
-69.7285
-69.5983
-69.4718
-69.3487
-69.2291
-69.1128
-68.9997
-68.8897
-68.7828
-68.6789
-68.5778
-68.4795
-68.3839
-68.291
-68.2007
-68.1128
-68.0274
-67.9443
-67.8636
-67.7851
-67.7087
-67.6345
-67.5623
-67.4921
-67.4238
-67.3574
-67.2929
-67.2301
-67.1691
-67.1098
-67.0521
-66.996
-66.9414
-66.8884
-66.8368
-66.7866
-66.7378
-66.6904
-66.6443
-66.5994
-66.5558
-66.5133
-66.4721
-66.432
-66.393
-66.355
-66.3181
-66.2823
-66.2474
-66.2134
-66.1805
-66.1484
-66.1172
-66.0868
-66.0573
-66.0286
-66.0007
-65.9736
-65.9472
-65.9215
-65.8966
-65.8723
-65.8487
-65.8257
-65.8034
-65.7817
-65.7606
-65.74
-65.72
-65.7006
-65.6817
-65.6633
-65.6455
-65.6281
-65.6112
-65.5948
-65.5788
-65.5632
-65.5481
-65.5334
-65.5191
-65.5052
-65.4917
-65.4785
-65.4657
-65.4533
-65.4412
-65.4294
-65.418
-65.4068
-65.396
-65.3855
-65.3752
-65.3653
-65.3556
-65.3462
-65.337
-65.3281
-65.3194
-65.311
-65.3028
-65.2948
-65.2871
-65.2795
-65.2722
-65.2651
-65.2581
-65.2514
-65.2448
-65.2385
-65.2322
-65.2262
-65.2203
-65.2146
-65.2091
-65.2037
-65.1984
-65.1933
-65.1884
-65.1835
-65.1788
-65.1743
-65.1698
-65.1655
-65.1613
-65.1572
-65.1532
-65.1493
-65.1456
-65.1419
-65.1384
-65.1349
-65.1315
-65.1283
-65.1251
-65.122
-65.119
-65.1161
-65.1132
-65.1104
-65.1077
-65.1051
-65.1026
-65.1001
-65.0977
-65.0953
-65.0931
-65.0908
-65.0887
-65.0866
-65.0845
-65.0826
-65.0806
-65.0788
-65.0769
-65.0752
-65.0734
-65.0718
-65.0701
-65.0685
-65.067
-65.0655
-65.064
-65.0626
-65.0612
-65.0599
-65.0586
-65.0573
-65.0561
-65.0549
-65.0537
-65.0526
-65.0514
-65.0504
-65.0493
-65.0483
-65.0473
-65.0464
-65.0454
-65.0445
-65.0436
-65.0428
-65.0419
-65.0411
-65.0403
-65.0395
-65.0388
-65.0381
-65.0374
-65.0367
-65.036
-65.0353
-65.0347
-65.0341
-65.0335
-65.0329
-65.0323
-65.0318
-65.0313
-65.0307
-65.0302
-65.0297
-65.0293
-65.0288
-65.0283
-65.0279
-65.0275
-65.027
-65.0266
-65.0262
-65.0259
-65.0255
-65.0251
-65.0248
-65.0244
-65.0241
-65.0238
-65.0234
-65.0231
-65.0228
-65.0225
-65.0223
-65.022
-65.0217
-65.0215
-65.0212
-65.021
-65.0207
-65.0205
-65.0203
-65.02
-65.0198
-65.0196
-65.0194
-65.0192
-65.019
-65.0188
-65.0187
-65.0185
-65.0183
-65.0181
-65.018
-65.0178
-65.0177
-65.0175
-65.0174
-65.0172
-65.0171
-65.017
-65.0168
-65.0167
-65.0166
-65.0165
-65.0163
-65.0162
-65.0161
-65.016
-65.0159
-65.0158
-65.0157
-65.0156
-65.0155
-65.0154
-65.0153
-65.0153
-65.0152
-65.0151
-65.015
-65.0149
-65.0149
-65.0148
-65.0147
-65.0147
-65.0146
-65.0145
-65.0145
-65.0144
-65.0143
-65.0143
-65.0142
-65.0142
-65.0141
-65.0141
-65.014
-65.014
-65.0139
-65.0139
-65.0138
-65.0138
-65.0137
-65.0137
-65.0137
-65.0136
-65.0136
-65.0135
-65.0135
-65.0135
-65.0134
-65.0134
-65.0134
-65.0133
-65.0133
-65.0133
-65.0133
-65.0132
-65.0132
-65.0132
-65.0131
-65.0131
-65.0131
-65.0131
-65.0131
-65.013
-65.013
-65.013
-65.013
-65.0129
-65.0129
-65.0129
-65.0129
-65.0129
-65.0129
-65.0128
-65.0128
-65.0128
-65.0128
-65.0128
-65.0128
-65.0127
-65.0127
-65.0127
-65.0127
-65.0127
-65.0127
-65.0127
-65.0127
-65.0126
-65.0126
-65.0126
-65.0126
-65.0126
-65.0126
-65.0126
-65.0126
-65.0126
-65.0126
-65.0125
-65.0125
-65.0125
-65.0125
-65.0125
-65.0125
-65.0125
-65.0125
-65.0125
-65.0125
-65.0125
-65.0125
-65.0125
-65.0124
-65.0124
-65.0124
-65.0124
-65.0124
-65.0124
-65.0124
-65.0124
-65.0124
-65.0124
-65.0124
-65.0124
-65.0124
-65.0124
-65.0124
-65.0124
-65.0124
-65.0124
-65.0124
-65.0124
-65.0124
-65.0124
-65.0124
-65.0123
-65.0123
-65.0123
-65.0123
-65.0123
-65.0123
-65.0123
-65.0123
-65.0123
-65.0123
-65.0123
-65.0123
-65.0123
-65.0123
-65.0123
-65.0123
-65.0123
-65.0123
-65.0123
-65.0123
-65.0123
-65.0123
-65.0123
-65.0123
-65.0123
-65.0123
-65.0123
-65.0123
-65.0123
-65.0123
-65.0123
-65.0123
-65.0123
-65.0123
-65.0123
-65.0123
-65.0123
-65.0123
-65.0123
-65.0123
-65.0123
-65.0123
-65.0123
-65.0123
-65.0123
-65.0123
-65.0123
-65.0123
-65.0123
-65.0123
-65.0123
-65.0123
-65.0123
-65.0123
-65.0123
-65.0123
-65.0123
-65.0123
-65.0123
-65.0123
-65.0123
-65.0123
-65.0123
-65.0123
-65.0123
-65.0123
-65.0123
-65.0123
-65.0123
-65.0123
-65.0123
-65.0123
-65.0123
-65.0123
-64.8888
-64.7871
-64.7113
-64.6572
-64.6152
-64.5815
-64.5545
-64.5329
-64.5159
-64.5027
-64.4927
-64.4856
-64.4808
-64.478
-64.477
-64.4776
-64.4793
-64.4822
-64.4861
-64.4907
-64.496
-64.5019
-64.5083
-64.5151
-64.5223
-64.5297
-64.5373
-64.5451
-64.553
-64.5611
-64.5691
-64.5773
-64.5854
-64.5935
-64.4974
-64.2541
-64.0922
-63.972
-63.8864
-63.82
-63.7681
-63.7279
-63.6973
-63.6749
-63.6593
-63.6495
-63.6447
-63.644
-63.647
-63.6197
-63.569
-63.5388
-63.5208
-63.3328
-63.1411
-62.9772
-62.7339
-62.5367
-62.307
-62.0873
-61.8891
-61.5684
-61.2781
-60.7861
-60.2828
-59.839
-59.5222
-59.2888
-59.1157
-58.9561
-58.8047
-58.6418
-58.4949
-58.3958
-58.3345
-58.3031
-58.2922
-58.2607
-58.2246
-58.2077
-58.2165
-58.2451
-58.2434
-58.2306
-58.2458
-58.2373
-58.2557
-58.2927
-58.3456
-58.4094
-58.4817
-58.5609
-58.6456
-58.7349
-58.8278
-58.9237
-59.0219
-59.0688
-59.0927
-59.1383
-59.1919
-59.2172
-59.2639
-59.3225
-59.3914
-59.4665
-59.5074
-59.5459
-59.5996
-59.6638
-59.7353
-59.8113
-59.8906
-59.9726
-60.048
-60.0793
-60.129
-60.1879
-60.2034
-60.2372
-60.2829
-60.2962
-60.2695
-60.2201
-60.1939
-60.1951
-60.2151
-60.2128
-60.1857
-60.1285
-60.0318
-59.9855
-59.9684
-59.9156
-59.7584
-59.6358
-59.4781
-59.2797
-59.0533
-58.8444
-58.5524
-58.3373
-58.1437
-57.9569
-57.7929
-57.64
-57.4954
-57.4025
-57.3515
-57.3193
-57.2985
-57.3053
-57.3308
-57.3339
-57.3637
-57.4117
-57.4757
-57.5511
-57.6355
-57.7274
-57.8253
-57.9282
-58.0352
-58.1455
-58.2582
-58.3729
-58.489
-58.6061
-58.7238
-58.8417
-58.9594
-59.0769
-59.1937
-59.3097
-59.4247
-59.5387
-59.6514
-59.7628
-59.8727
-59.9811
-60.0878
-60.1929
-60.2962
-60.3977
-60.4975
-60.5954
-60.6915
-60.7858
-60.8782
-60.9688
-61.0575
-61.1443
-61.2293
-61.3125
-61.3939
-61.4735
-61.5513
-61.6274
-61.7017
-61.7744
-61.8453
-61.9147
-61.9824
-62.0486
-62.1131
-62.1762
-62.2377
-62.2977
-62.3563
-62.4135
-62.4693
-62.5238
-62.5769
-62.6287
-62.6792
-62.7285
-62.7766
-62.8236
-62.8693
-62.9139
-62.9575
-62.9999
-63.0413
-63.0816
-63.1063
-63.0334
-62.9932
-62.9712
-62.9649
-62.9596
-62.8038
-62.6972
-62.6237
-62.5476
-62.4081
-62.2191
-62.0661
-61.861
-61.7159
-61.5419
-61.1577
-60.7592
-60.4807
-60.0609
-59.7006
-59.4402
-59.254
-59.1198
-58.973
-58.8287
-58.7331
-58.6654
-58.6031
-58.5662
-58.5168
-58.5007
-58.5063
-58.4761
-58.4364
-58.3458
-58.2408
-58.1344
-58.0647
-58.0338
-57.9628
-57.9295
-57.9252
-57.9468
-57.9859
-57.998
-58.0319
-58.082
-58.1465
-58.2209
-58.303
-58.3914
-58.4848
-58.5771
-58.6435
-58.6949
-58.7415
-58.774
-58.7844
-58.8088
-58.8363
-58.8528
-58.8934
-58.9483
-59.0149
-59.0892
-59.1693
-59.2541
-59.3426
-59.4339
-59.5273
-59.6224
-59.7186
-59.8155
-59.9127
-60.0099
-60.0636
-60.0882
-60.1266
-60.1796
-60.2301
-60.2542
-60.2886
-60.2649
-60.1601
-60.0612
-59.9672
-59.9206
-59.8794
-59.8037
-59.7053
-59.6343
-59.5682
-59.5404
-59.4721
-59.4066
-59.3245
-59.1357
-58.8129
-58.5608
-58.343
-58.2058
-58.116
-57.9862
-57.8849
-57.8157
-57.7567
-57.7211
-57.6946
-57.6987
-57.7241
-57.7673
-57.824
-57.8444
-57.8204
-57.8283
-57.8073
-57.7866
-57.772
-57.791
-57.8145
-57.8063
-57.8278
-57.8701
-57.9306
-58.0029
-58.0843
-58.1731
-58.2678
-58.3673
-58.4706
-58.5769
-58.6856
-58.7961
-58.9078
-59.0202
-59.133
-59.2458
-59.3584
-59.4705
-59.5819
-59.6924
-59.8019
-59.9102
-60.0171
-60.1226
-60.2266
-60.3291
-60.4299
-60.529
-60.6265
-60.7222
-60.8162
-60.9084
-60.9988
-61.0874
-61.1742
-61.2592
-61.3425
-61.4239
-61.5037
-61.5816
-61.6579
-61.7324
-61.8053
-61.8765
-61.9461
-62.0141
-62.0805
-62.1453
-62.2085
-62.2703
-62.3306
-62.3895
-62.4469
-62.5029
-62.5576
-62.611
-62.663
-62.7138
-62.7633
-62.8116
-62.8587
-62.9047
-62.9495
-62.9932
-63.0358
-63.0773
-63.1179
-63.1573
-63.1959
-63.2334
-63.27
-63.3057
-63.3405
-63.3744
-63.4075
-63.4397
-63.4711
-63.5018
-63.4876
-63.4746
-63.4721
-63.3966
-63.2065
-62.8974
-62.6579
-62.3788
-62.1492
-61.9808
-61.8572
-61.7654
-61.6829
-61.5685
-61.3868
-61.2182
-61.1038
-61.0197
-60.5506
-60.15
-59.8577
-59.6578
-59.5152
-59.3594
-59.2413
-59.1329
-59.0656
-58.9613
-58.805
-58.6867
-58.6154
-58.5809
-58.5719
-58.5822
-58.5973
-58.5361
-58.4641
-58.3358
-58.1679
-58.0625
-58.006
-57.9872
-57.9933
-58.0185
-58.0593
-58.113
-58.1773
-58.2007
-58.1687
-58.1773
-58.2074
-58.2168
-58.2517
-58.3031
-58.3686
-58.4222
-58.4739
-58.5401
-58.6168
-58.6677
-58.7296
-58.7999
-58.8412
-58.9012
-58.9719
-59.052
-59.1378
-59.2277
-59.3208
-59.4162
-59.5133
-59.6116
-59.7107
-59.8102
-59.9098
-60.0091
-60.108
-60.2062
-60.3036
-60.4
-60.4952
-60.5894
-60.6822
-60.7652
-60.8019
-60.8547
-60.9146
-60.9806
-61.0492
-61.1192
-61.1901
-61.2614
-61.3059
-61.3289
-61.3665
-61.4093
-61.3968
-61.3007
-61.1684
-61.0355
-60.8778
-60.7068
-60.5283
-60.355
-60.2302
-60.1194
-59.8613
-59.5024
-59.1932
-58.9745
-58.7289
-58.5641
-58.4506
-58.3732
-58.2919
-58.2482
-58.2313
-58.2375

