-70
-69.8623
-69.7285
-69.5983
-69.4718
-69.3487
-69.2291
-69.1128
-68.9997
-68.8897
-68.7828
-68.6789
-68.5778
-68.4795
-68.3839
-68.291
-68.2007
-68.1128
-68.0274
-67.9443
-67.8636
-67.7851
-67.7087
-67.6345
-67.5623
-67.4921
-67.4238
-67.3574
-67.2929
-67.2301
-67.1691
-67.1098
-67.0521
-66.996
-66.9414
-66.8884
-66.8368
-66.7866
-66.7378
-66.6904
-66.6443
-66.5994
-66.5558
-66.5133
-66.4721
-66.432
-66.393
-66.355
-66.3181
-66.2823
-66.2474
-66.2134
-66.1805
-66.1484
-66.1172
-66.0868
-66.0573
-66.0286
-66.0007
-65.9736
-65.9472
-65.9215
-65.8966
-65.8723
-65.8487
-65.8257
-65.8034
-65.7817
-65.7606
-65.74
-65.72
-65.7006
-65.6817
-65.6633
-65.6455
-65.6281
-65.6112
-65.5948
-65.5788
-65.5632
-65.5481
-65.5334
-65.5191
-65.5052
-65.4917
-65.4785
-65.4657
-65.4533
-65.4412
-65.4294
-65.418
-65.4068
-65.396
-65.3855
-65.3752
-65.3653
-65.3556
-65.3462
-65.337
-65.3281
-65.3194
-65.311
-65.3028
-65.2948
-65.2871
-65.2795
-65.2722
-65.2651
-65.2581
-65.2514
-65.2448
-65.2385
-65.2322
-65.2262
-65.2203
-65.2146
-65.2091
-65.2037
-65.1984
-65.1933
-65.1884
-65.1835
-65.1788
-65.1743
-65.1698
-65.1655
-65.1613
-65.1572
-65.1532
-65.1493
-65.1456
-65.1419
-65.1384
-65.1349
-65.1315
-65.1283
-65.1251
-65.122
-65.119
-65.1161
-65.1132
-65.1104
-65.1077
-65.1051
-65.1026
-65.1001
-65.0977
-65.0953
-65.0931
-65.0908
-65.0887
-65.0866
-65.0845
-65.0826
-65.0806
-65.0788
-65.0769
-65.0752
-65.0734
-65.0718
-65.0701
-65.0685
-65.067
-65.0655
-65.064
-65.0626
-65.0612
-65.0599
-65.0586
-65.0573
-65.0561
-65.0549
-65.0537
-65.0526
-65.0514
-65.0504
-65.0493
-65.0483
-65.0473
-65.0464
-65.0454
-65.0445
-65.0436
-65.0428
-65.0419
-65.0411
-65.0403
-65.0395
-65.0388
-65.0381
-65.0374
-65.0367
-65.036
-65.0353
-65.0347
-65.0341
-65.0335
-65.0329
-65.0323
-65.0318
-65.0313
-65.0307
-65.0302
-65.0297
-65.0293
-65.0288
-65.0283
-65.0279
-65.0275
-65.027
-65.0266
-65.0262
-65.0259
-65.0255
-65.0251
-65.0248
-65.0244
-65.0241
-65.0238
-65.0234
-65.0231
-65.0228
-65.0225
-65.0223
-65.022
-65.0217
-65.0215
-65.0212
-65.021
-65.0207
-65.0205
-65.0203
-65.02
-65.0198
-65.0196
-65.0194
-65.0192
-65.019
-65.0188
-65.0187
-65.0185
-65.0183
-65.0181
-65.018
-65.0178
-65.0177
-65.0175
-65.0174
-65.0172
-65.0171
-65.017
-65.0168
-65.0167
-65.0166
-65.0165
-65.0163
-65.0162
-65.0161
-65.016
-65.0159
-65.0158
-65.0157
-65.0156
-65.0155
-65.0154
-65.0153
-65.0153
-65.0152
-65.0151
-65.015
-65.0149
-65.0149
-65.0148
-65.0147
-65.0147
-65.0146
-65.0145
-65.0145
-65.0144
-65.0143
-65.0143
-65.0142
-65.0142
-65.0141
-65.0141
-65.014
-65.014
-65.0139
-65.0139
-65.0138
-65.0138
-65.0137
-65.0137
-65.0137
-65.0136
-65.0136
-65.0135
-65.0135
-65.0135
-65.0134
-65.0134
-65.0134
-65.0133
-65.0133
-65.0133
-65.0133
-65.0132
-65.0132
-65.0132
-65.0131
-65.0131
-65.0131
-65.0131
-65.0131
-65.013
-65.013
-65.013
-65.013
-65.0129
-65.0129
-65.0129
-65.0129
-65.0129
-65.0129
-65.0128
-65.0128
-65.0128
-65.0128
-65.0128
-65.0128
-65.0127
-65.0127
-65.0127
-65.0127
-65.0127
-65.0127
-65.0127
-65.0127
-65.0126
-65.0126
-65.0126
-65.0126
-65.0126
-65.0126
-65.0126
-65.0126
-65.0126
-65.0126
-65.0125
-65.0125
-65.0125
-65.0125
-65.0125
-65.0125
-65.0125
-65.0125
-65.0125
-65.0125
-65.0125
-65.0125
-65.0125
-65.0124
-65.0124
-65.0124
-65.0124
-65.0124
-65.0124
-65.0124
-65.0124
-65.0124
-65.0124
-65.0124
-65.0124
-65.0124
-65.0124
-65.0124
-65.0124
-65.0124
-65.0124
-65.0124
-65.0124
-65.0124
-65.0124
-65.0124
-65.0123
-65.0123
-65.0123
-65.0123
-65.0123
-65.0123
-65.0123
-65.0123
-65.0123
-65.0123
-65.0123
-65.0123
-65.0123
-65.0123
-65.0123
-65.0123
-65.0123
-65.0123
-65.0123
-65.0123
-65.0123
-65.0123
-65.0123
-65.0123
-65.0123
-65.0123
-65.0123
-65.0123
-65.0123
-65.0123
-65.0123
-65.0123
-65.0123
-65.0123
-65.0123
-65.0123
-65.0123
-65.0123
-65.0123
-65.0123
-65.0123
-65.0123
-65.0123
-65.0123
-65.0123
-65.0123
-65.0123
-65.0123
-65.0123
-65.0123
-65.0123
-65.0123
-65.0123
-65.0123
-65.0123
-65.0123
-65.0123
-65.0123
-65.0123
-65.0123
-65.0123
-65.0123
-65.0123
-65.0123
-65.0123
-65.0123
-65.0123
-65.0123
-65.0123
-65.0123
-65.0123
-65.0123
-65.0123
-65.0123
-64.8888
-64.7871
-64.7113
-64.6572
-64.6152
-64.5815
-64.5545
-64.5329
-64.5159
-64.5027
-64.4927
-64.4856
-64.4808
-64.478
-64.477
-64.4776
-64.4793
-64.4822
-64.4861
-64.4907
-64.496
-64.5019
-64.5083
-64.5151
-64.5223
-64.5297
-64.5373
-64.5451
-64.553
-64.5611
-64.5691
-64.5773
-64.5854
-64.5935
-64.4974
-64.2541
-64.0922
-63.972
-63.8864
-63.82
-63.7681
-63.7279
-63.6973
-63.6749
-63.6593
-63.6495
-63.6447
-63.644
-63.647
-63.653
-63.6616
-63.6724
-63.6851
-63.5665
-63.4863
-63.3769
-62.7205
-62.1428
-61.5379
-60.9029
-60.3305
-59.2764
-58.3524
-57.3317
-56.5683
-55.9823
-55.4887
-55.1121
-54.5768
-53.9971
-53.463
-52.6273
-52.028
-51.2635
-50.6209
-50.1113
-49.6964
-49.3404
-49.023
-48.7323
-48.4389
-48.0936
-47.7088
-47.3204
-46.9088
-46.4103
-45.8187
-45.033
-43.8786
-41.8601
-36.1164
36.6338
10.5549
-27.2012
-52.081
-59.6598
-61.7504
-62.43
-62.6772
-62.7522
-62.7122
-62.5478
-62.352
-62.2025
-62.0863
-61.9954
-61.9141
-61.8025
-61.7206
-61.658
-61.6122
-61.5784
-61.5545
-61.5234
-61.4592
-61.4195
-61.394
-61.3809
-61.3235
-61.1865
-61.0281
-60.8621
-60.667
-60.3605
-60.1254
-59.956
-59.7895
-59.5513
-59.3006
-59.0274
-58.6238
-58.2569
-57.9023
-57.5139
-56.9543
-56.186
-55.514
-54.9777
-54.52
-54.061
-53.4835
-52.8462
-52.221
-51.6247
-51.0317
-50.4982
-50.0445
-49.667
-49.301
-48.9061
-48.5161
-48.1131
-47.6797
-47.1352
-46.5534
-45.8767
-45.0406
-43.8501
-41.8218
-36.164
35.9009
11.0005
-27.4712
-53.2715
-61.0452
-63.1062
-63.6937
-63.8458
-63.8353
-63.7643
-63.6748
-63.5843
-63.4995
-63.4231
-63.3553
-63.2959
-63.2442
-63.1995
-63.161
-63.1281
-63.1001
-63.0765
-63.0568
-63.0407
-63.0276
-63.0173
-63.0095
-63.004
-63.0005
-62.9987
-62.9986
-62.9999
-63.0025
-63.0061
-63.0108
-63.0164
-63.0228
-63.0298
-63.0375
-63.0457
-63.0543
-63.0634
-63.0728
-63.0825
-63.0925
-63.1027
-63.1131
-63.1236
-63.1342
-63.1449
-63.1557
-63.1665
-63.1774
-63.1883
-63.1992
-63.21
-63.2208
-63.2316
-63.2424
-63.2531
-63.2637
-63.2742
-63.2847
-63.2951
-63.2465
-62.9741
-62.7908
-62.6551
-62.5602
-62.4873
-62.3536
-62.213
-62.1114
-62.0372
-61.9702
-61.7107
-61.4715
-61.1641
-60.854
-60.4749
-59.8151
-58.5584
-57.6131
-56.5053
-55.5805
-54.8898
-54.2711
-53.7565
-52.8247
-52.0182
-51.3989
-50.9249
-50.5442
-50.1812
-49.8153
-49.5127
-49.2522
-49.025
-48.816
-48.5956
-48.3207
-47.9916
-47.6357
-47.277
-46.8891
-46.4312
-45.8862
-45.1734
-44.1228
-42.3284
-37.8579
19.0347
19.0934
-23.4854
-52.3077
-61.7877
-64.2491
-64.83
-64.8134
-64.4398
-64.0329
-63.5422
-63.1127
-62.718
-62.4041
-62.1061
-61.8663
-61.6702
-61.5111
-61.3812
-61.2754
-61.1904
-61.1231
-61.071
-61.0322
-61.0048
-60.9875
-60.9788
-60.9776
-60.9831
-60.9814
-60.9245
-60.8401
-60.7365
-60.6547
-60.4765
-60.215
-59.8694
-59.5217
-59.0895
-58.6826
-58.3183
-57.9435
-57.663
-57.4218
-57.1904
-56.9976
-56.8325
-56.6128
-56.3621
-55.9617
-55.6115
-55.251
-54.7531
-54.1894
-53.6536
-53.0114
-52.2525
-51.6642
-51.2112
-50.8374
-50.5402
-50.2699
-50.0307
-49.8141
-49.5932
-49.3306
-49.0559
-48.7593
-48.5091
-48.2493
-47.9373
-47.5423
-47.1447
-46.6694
-46.1388
-45.4684
-44.5606
-43.1373
-40.2557
-25.7956
38.1671
-10.1754
-44.1953
-60.6602
-64.9283
-66.0619
-66.3646
-66.3922
-66.3206
-66.2151
-66.1013
-65.989
-65.8819
-65.7811
-65.6868
-65.5986
-65.5162
-65.4391
-65.3668
-65.299
-65.2352
-65.1751
-65.1185
-65.065
-65.0145
-64.9667
-64.9214
-64.8785
-64.8378
-64.7991
-64.7623
-64.7273
-64.694
-64.6623
-64.632
-64.6032
-64.5756
-64.5493
-64.5241
-64.5001
-64.4771
-64.4551
-64.434
-64.4138
-64.3945
-64.376
-64.3583
-64.3412
-64.3249
-64.3093
-64.2943
-64.28
-64.2662
-64.253
-64.2403
-64.2282
-64.2165
-64.2054
-64.1947
-64.1844
-64.1746
-64.1652
-64.1562
-64.1476
-64.1394
-64.1315
-64.124
-64.1168
-64.11
-64.1035
-64.0972
-64.0913
-64.0857
-64.0358
-63.9881
-63.9519
-63.9248
-63.5747
-63.0156
-62.6271
-62.2905
-61.9779
-61.7412
-61.5144
-61.2014
-60.8738
-60.6175
-60.2831
-60.0263
-59.8093
-59.4658
-58.0823
-56.7828
-55.8268
-55.1456
-54.5937
-53.9108
-53.3797
-52.6639
-52.0863
-51.6444
-51.2266
-50.8849
-50.6101
-50.3904
-50.2121
-50.0387
-49.8391
-49.4303
-49.0863
-48.7368
-48.4215
-48.1352
-47.8572
-47.5268
-47.1633
-46.7502
-46.281
-45.7083
-44.9454
-43.7986
-41.6015
-35.0039
39.7554
5.19678
-33.1045
-57.7781
-64.4173
-66.0367
-66.3861
-66.3706
-66.2352
-66.066
-65.8946
-65.7321
-65.5821
-65.4451
-65.3204
-65.1801
-65.0289
-64.9017
-64.791
-64.6943
-64.6078
-64.5302
-64.4601
-64.3967
-64.3393
-64.2872
-64.2398
-64.1967
-64.1539
-64.0623
-63.8821
-63.7078
-63.4447
-63.2158
-63.0254
-62.837
-62.6599
-62.4411
-62.279
-62.1523
-62.055
-61.9781
-61.8967
-61.7655
-61.6315
-61.5053
-61.4031
-61.2656
-61.1442
-60.977
-60.6637
-60.4183
-60.0438
-59.5617
-59.0175
-58.3141
-57.3738
-56.406
-55.6517
-55.0227
-54.3032
-53.5346
-52.9144
-52.4502
-52.094
-51.7816
-51.4454
-51.0141

