-70
-70.0758
-70.1508
-70.225
-70.2983
-70.3706
-70.4419
-70.5122
-70.5814
-70.6496
-70.7168
-70.7829
-70.848
-70.9121
-70.9752
-71.0373
-71.0984
-71.1586
-71.2178
-71.2761
-71.3334
-71.3899
-71.4455
-71.5003
-71.5543
-71.6074
-71.6598
-71.7114
-71.7623
-71.8124
-71.8619
-71.9106
-71.9587
-72.006
-72.0527
-72.0988
-72.1442
-72.1889
-72.2331
-72.2766
-72.3196
-72.362
-72.4038
-72.445
-72.4857
-72.5258
-72.5654
-72.6045
-72.6431
-72.6812
-72.7188
-72.756
-72.7927
-72.8289
-72.8647
-72.9
-72.9349
-72.9694
-73.0035
-73.0371
-73.0704
-73.1032
-73.1357
-73.1678
-73.1994
-73.2307
-73.2617
-73.2922
-73.3224
-73.3523
-73.3817
-73.4109
-73.4397
-73.4682
-73.4963
-73.5241
-73.5516
-73.5788
-73.6057
-73.6323
-73.6585
-73.6845
-73.7102
-73.7356
-73.7608
-73.7857
-73.8103
-73.8346
-73.8587
-73.8825
-73.9061
-73.9294
-73.9524
-73.9753
-73.9979
-74.0202
-74.0423
-74.0642
-74.0859
-74.1073
-74.1285
-74.1495
-74.1703
-74.1909
-74.2112
-74.2313
-74.2513
-74.271
-74.2905
-74.3098
-74.329
-74.3479
-74.3666
-74.3852
-74.4036
-74.4217
-74.4397
-74.4575
-74.4752
-74.4926
-74.5099
-74.527
-74.544
-74.5607
-74.5774
-74.5938
-74.6101
-74.6262
-74.6422
-74.658
-74.6736
-74.6891
-74.7045
-74.7197
-74.7347
-74.7496
-74.7644
-74.779
-74.7935
-74.8079
-74.8221
-74.8362
-74.8501
-74.864
-74.8777
-74.8913
-74.9047
-74.918
-74.9313
-74.9443
-74.9573
-74.9701
-74.9829
-74.9955
-75.008
-75.0204
-75.0327
-75.0448
-75.0569
-75.0688
-75.0806
-75.0924
-75.104
-75.1155
-75.1269
-75.1382
-75.1495
-75.1606
-75.1716
-75.1825
-75.1933
-75.204
-75.2147
-75.2252
-75.2356
-75.246
-75.2562
-75.2664
-75.2764
-75.2864
-75.2963
-75.3061
-75.3158
-75.3255
-75.335
-75.3445
-75.3538
-75.3631
-75.3724
-75.3815
-75.3906
-75.3995
-75.4084
-75.4172
-75.426
-75.4346
-75.4432
-75.4518
-75.4602
-75.4686
-75.4769
-75.4851
-75.4932
-75.5013
-75.5093
-75.5173
-75.5251
-75.533
-75.5407
-75.5484
-75.556
-75.5635
-75.571
-75.5784
-75.5858
-75.593
-75.6003
-75.6074
-75.6145
-75.6216
-75.6285
-75.6355
-75.6423
-75.6491
-75.6559
-75.6626
-75.6692
-75.6758
-75.6823
-75.6888
-75.6952
-75.7015
-75.7078
-75.7141
-75.7203
-75.7264
-75.7325
-75.7386
-75.7446
-75.7505
-75.7564
-75.7622
-75.768
-75.7738
-75.7795
-75.7851
-75.7907
-75.7963
-75.8018
-75.8072
-75.8127
-75.818
-75.8234
-75.8287
-75.8339
-75.8391
-75.8443
-75.8494
-75.8545
-75.8595
-75.8645
-75.8695
-75.8744
-75.8793
-75.8841
-75.8889
-75.8937
-75.8984
-75.9031
-75.9077
-75.9123
-75.9169
-75.9214
-75.9259
-75.9304
-75.9348
-75.9392
-75.9436
-75.9479
-75.9522
-75.9565
-75.9607
-75.9649
-75.969
-75.9731
-75.9772
-75.9813
-75.9853
-75.9893
-75.9933
-75.9972
-76.0011
-76.005
-76.0088
-76.0126
-76.0164
-76.0201
-76.0239
-76.0275
-76.0312
-76.0348
-76.0384
-76.042
-76.0456
-76.0491
-76.0526
-76.056
-76.0595
-76.0629
-76.0663
-76.0696
-76.0729
-76.0762
-76.0795
-76.0828
-76.086
-76.0892
-76.0924
-76.0955
-76.0986
-76.1017
-76.1048
-76.1079
-76.1109
-76.1139
-76.1169
-76.1198
-76.1228
-76.1257
-76.1286
-76.1314
-76.1343
-76.1371
-76.1399
-76.1427
-76.1455
-76.1482
-76.1509
-76.1536
-76.1563
-76.1589
-76.1615
-76.1642
-76.1667
-76.1693
-76.1719
-76.1744
-76.1769
-76.1794
-76.1819
-76.1843
-76.1868
-76.1892
-76.1916
-76.1939
-76.1963
-76.1986
-76.201
-76.2033
-76.2056
-76.2078
-76.2101
-76.2123
-76.2145
-76.2167
-76.2189
-76.2211
-76.2232
-76.2254
-76.2275
-76.2296
-76.2317
-76.2337
-76.2358
-76.2378
-76.2398
-76.2418
-76.2438
-76.2458
-76.2478
-76.2497
-76.2516
-76.2536
-76.2554
-76.2573
-76.2592
-76.2611
-76.2629
-76.2647
-76.2665
-76.2683
-76.2701
-76.2719
-76.2737
-76.2754
-76.2771
-76.2788
-76.2806
-76.2822
-76.2839
-76.2856
-76.2872
-76.2889
-76.2905
-76.2921
-76.2937
-76.2953
-76.2969
-76.2985
-76.3
-76.3016
-76.3031
-76.3046
-76.3061
-76.3076
-76.3091
-76.3106
-76.312
-76.3135
-76.3149
-76.3164
-76.3178
-76.3192
-76.3206
-76.322
-76.3233
-76.3247
-76.3261
-76.3274
-76.3287
-76.33
-76.3314
-76.3327
-76.334
-76.3352
-76.3365
-76.3378
-76.339
-76.3403
-76.3415
-76.3427
-76.3439
-76.3452
-76.3464
-76.3475
-76.3487
-76.3499
-76.351
-76.3522
-76.3533
-76.3545
-76.3556
-76.3567
-76.3578
-76.3589
-76.36
-76.3611
-76.3622
-76.3632
-76.3643
-76.3654
-76.3664
-76.3674
-76.3685
-76.3695
-76.3705
-76.3715
-76.3725
-76.3735
-76.3745
-76.3754
-76.3764
-76.3774
-76.3783
-76.3793
-76.3802
-76.3811
-76.382
-76.383
-76.3839
-76.3848
-76.3857
-76.3866
-76.3874
-76.3883
-76.3892
-76.39
-76.3909
-76.3917
-76.3926
-76.3934
-76.3943
-76.3951
-76.3959
-76.3967
-76.3975
-76.3983
-76.3991
-76.3999
-76.4007
-76.4014
-76.4022
-75.9782
-71.7854
-68.0015
-65.1526
-62.9424
-61.119
-59.4235
-57.4436
-53.6142
46.3418
-5.06449
-36.4119
-78.3973
-79.7416
-79.7278
-79.053
-77.9079
-77.4784
-77.1845
-76.8943
-76.5937
-76.2823
-75.9624
-75.3937
-72.8836
-70.8652
-69.4832
-68.4515
-67.6318
-66.9533
-66.3775
-65.8819
-65.4522
-65.0796
-64.7569
-64.4791
-64.2427
-64.3544
-65.3869
-66.2843
-65.0449
-63.2578
-62.4348
-62.802
-64.7103
-66.738
-67.9272
-68.6294
-69.2435
-70.0989
-70.6621
-71.0156
-71.2484
-71.409
-71.5249
-71.6122
-71.6809
-71.7372
-71.7851
-71.8274
-71.8659
-71.9018
-71.9361
-71.9692
-72.3426
-72.733
-73.0314
-73.2617
-73.443
-73.5882
-73.7464
-74.059
-74.314
-74.5041
-74.6491
-74.762
-74.8515
-74.9237
-74.9828
-75.032
-71.9799
-68.356
-65.7282
-63.8027
-62.3294
-61.1288
-60.0585
-58.9755
-57.6581
-55.4695
-45.9382
19.6507
-23.0013
-65.9291
-79.0583
-79.0932
-78.9851
-78.8632
-78.7301
-78.5861
-78.1685
-76.0973
-74.8175
-74.0542
-73.464
-73.1314
-72.8449
-72.5419
-72.2383
-71.9438
-71.6637
-71.655
-72.149
-72.8891
-73.7305
-74.2632
-74.5676
-74.772
-74.9173
-74.9894
-75.0254
-75.0438
-75.0535
-75.0586
-75.0615
-75.0634
-75.0649
-75.0665
-75.0684
-75.0706
-75.0733
-75.0765
-75.0801
-75.0842
-75.0888
-75.0938
-75.0993
-75.1051
-75.1113
-75.1179
-75.1248
-75.1319
-75.1394
-75.1471
-75.155
-75.1631
-75.1714
-75.1798
-75.1884
-75.1972
-75.206
-75.2149
-75.2239
-75.233
-75.2421
-75.2512
-75.2604
-75.2696
-75.2788
-75.288
-75.2972
-75.3064
-75.3156
-75.3247
-75.3338
-75.3429
-75.3519
-75.3609
-75.3699
-75.3788
-75.3876
-75.3964
-75.4052
-75.4139
-75.4225
-75.431
-75.4396
-75.448
-75.4564
-75.4647
-75.473
-75.4812
-75.4893
-75.4974
-75.5054
-75.5133
-75.5212
-75.529
-73.1779
-69.0827
-65.9031
-63.4743
-61.5213
-59.7807
-57.8911
-54.7887
-6.87059
4.66396
-30.1147
-75.6423
-79.0389
-78.9579
-78.8316
-78.6923
-78.5406
-78.3768
-78.2012
-76.9248
-74.993
-73.859
-73.0932
-72.4749
-71.9287
-71.4266
-71.2298
-71.1852
-69.202
-67.2193
-65.8547
-64.8829
-64.1603
-63.6046
-64.123
-65.5384
-67.1028
-68.6072
-69.5637
-70.1681
-69.8515
-68.1285
-67.0913
-66.501
-66.1504
-66.3555
-67.0405
-67.9498
-68.8895
-69.4831
-69.8625
-70.117
-70.2959
-70.4276
-70.5288
-70.6101
-70.678
-70.737
-70.7898
-70.8385
-70.8844
-70.9286
-70.9716
-71.014
-71.056
-71.098
-71.1401
-71.1824
-71.225
-71.2678
-71.3109
-71.3544
-71.3981
-71.442
-71.4862
-71.5305
-71.575
-71.6195
-71.6641
-71.7088
-71.7534
-71.7979
-69.033
-65.6269
-63.0259
-60.9657
-59.1339
-57.0871
-53.291
45.3296
-6.0422
-37.2939
-77.8507
-78.8384
-78.7001
-78.5448
-78.3754
-78.1921
-77.9952
-77.7857
-77.5648
-77.2599
-75.738
-73.3481
-71.8665
-70.8961
-70.1771
-69.5995
-69.1127
-68.8103
-69.0961
-69.3194
-69.9058
-70.4062
-70.9344
-71.9325
-72.7936
-73.3567
-73.6772
-73.8929
-74.3173
-74.5964
-74.7521
-74.8437
-74.9005
-74.9375
-74.9629
-74.9812
-74.995
-75.0062
-75.0155
-75.0238
-75.0314
-75.0387
-75.0458
-75.0528
-75.0598
-75.067
-75.0743
-75.0817
-75.0893
-75.0971
-75.1051
-75.1132
-75.1215
-75.13
-75.1385
-75.1473
-75.1561
-75.165
-75.1741
-75.1832
-75.1924
-75.2016
-75.2109
-75.2203
-75.2297
-75.239
-75.2484
-75.2578
-75.2672
-75.2766
-75.286
-75.2953
-75.3047
-75.3139
-75.3232
-75.3324
-75.3416
-75.3507
-75.3597
-75.3688
-75.3777
-75.3866
-75.3955
-75.4043
-75.413
-75.4216
-75.4302
-75.4388
-75.4472
-75.4556
-75.464
-75.4723
-75.4805
-75.4886
-75.4967
-75.5047
-75.5127
-75.5206
-75.5284
-75.5361
-75.5438
-75.5514
-75.559
-75.5665
-75.574
-75.5813
-75.5886
-72.3719
-68.4168
-65.4064
-63.0897
-61.1998
-59.4688
-57.4878
-53.7892
45.8181
-3.83583
-35.4181
-77.8236
-78.9029
-78.7488
-78.5977
-78.4332
-78.2547
-78.0626
-77.8576
-77.6409
-76.5069
-74.2344
-72.772
-71.79
-71.0308
-70.3923
-69.8307
-69.3259
-69.0314
-68.8526
-66.9222
-65.3303
-64.2292
-63.4306
-62.8275
-62.356
-61.9775
-61.8922
-63.0395
-65.0202
-66.7515
-68.4853
-69.6382
-70.389
-71.1942
-71.9061
-72.3768
-72.6942
-72.9159
-73.076
-73.2656
-73.6259
-74.071
-74.3832
-74.5879
-74.7273
-74.8256
-74.8974
-74.9513
-74.9929
-75.026
-75.053
-75.0755
-75.0948
-75.1116
-75.1266
-75.1402
-75.1528
-75.1645
-75.1757
-75.1863
-75.1966
-75.2066
-75.2164
-75.226
-75.2355
-75.2449
-75.2542
-75.2634
-75.2726
-75.2817
-75.2908
-75.2999
-75.3089
-75.3179
-75.3269
-75.3358
-74.9347
-70.9015
-67.2695
-64.5384
-62.4104
-60.6265
-58.9039
-56.7236
-51.2943
36.7593
-14.5236
-48.0951
-78.7212
-78.8713
-78.7351
-78.5838
-78.4187
-78.24
-78.0482
-77.8439
-77.5295
-75.2399
-73.5223
-72.4489

