-70
-70.0758
-70.1508
-70.225
-70.2983
-70.3706
-70.4419
-70.5122
-70.5814
-70.6496
-70.7168
-70.7829
-70.848
-70.9121
-70.9752
-71.0373
-71.0984
-71.1586
-71.2178
-71.2761
-71.3334
-71.3899
-71.4455
-71.5003
-71.5543
-71.6074
-71.6598
-71.7114
-71.7623
-71.8124
-71.8619
-71.9106
-71.9587
-72.006
-72.0527
-72.0988
-72.1442
-72.1889
-72.2331
-72.2766
-72.3196
-72.362
-72.4038
-72.445
-72.4857
-72.5258
-72.5654
-72.6045
-72.6431
-72.6812
-72.7188
-72.756
-72.7927
-72.8289
-72.8647
-72.9
-72.9349
-72.9694
-73.0035
-73.0371
-73.0704
-73.1032
-73.1357
-73.1678
-73.1994
-73.2307
-73.2617
-73.2922
-73.3224
-73.3523
-73.3817
-73.4109
-73.4397
-73.4682
-73.4963
-73.5241
-73.5516
-73.5788
-73.6057
-73.6323
-73.6585
-73.6845
-73.7102
-73.7356
-73.7608
-73.7857
-73.8103
-73.8346
-73.8587
-73.8825
-73.9061
-73.9294
-73.9524
-73.9753
-73.9979
-74.0202
-74.0423
-74.0642
-74.0859
-74.1073
-74.1285
-74.1495
-74.1703
-74.1909
-74.2112
-74.2313
-74.2513
-74.271
-74.2905
-74.3098
-74.329
-74.3479
-74.3666
-74.3852
-74.4036
-74.4217
-74.4397
-74.4575
-74.4752
-74.4926
-74.5099
-74.527
-74.544
-74.5607
-74.5774
-74.5938
-74.6101
-74.6262
-74.6422
-74.658
-74.6736
-74.6891
-74.7045
-74.7197
-74.7347
-74.7496
-74.7644
-74.779
-74.7935
-74.8079
-74.8221
-74.8362
-74.8501
-74.864
-74.8777
-74.8913
-74.9047
-74.918
-74.9313
-74.9443
-74.9573
-74.9701
-74.9829
-74.9955
-75.008
-75.0204
-75.0327
-75.0448
-75.0569
-75.0688
-75.0806
-75.0924
-75.104
-75.1155
-75.1269
-75.1382
-75.1495
-75.1606
-75.1716
-75.1825
-75.1933
-75.204
-75.2147
-75.2252
-75.2356
-75.246
-75.2562
-75.2664
-75.2764
-75.2864
-75.2963
-75.3061
-75.3158
-75.3255
-75.335
-75.3445
-75.3538
-75.3631
-75.3724
-75.3815
-75.3906
-75.3995
-75.4084
-75.4172
-75.426
-75.4346
-75.4432
-75.4518
-75.4602
-75.4686
-75.4769
-75.4851
-75.4932
-75.5013
-75.5093
-75.5173
-75.5251
-75.533
-75.5407
-75.5484
-75.556
-75.5635
-75.571
-75.5784
-75.5858
-75.593
-75.6003
-75.6074
-75.6145
-75.6216
-75.6285
-75.6355
-75.6423
-75.6491
-75.6559
-75.6626
-75.6692
-75.6758
-75.6823
-75.6888
-75.6952
-75.7015
-75.7078
-75.7141
-75.7203
-75.7264
-75.7325
-75.7386
-75.7446
-75.7505
-75.7564
-75.7622
-75.768
-75.7738
-75.7795
-75.7851
-75.7907
-75.7963
-75.8018
-75.8072
-75.8127
-75.818
-75.8234
-75.8287
-75.8339
-75.8391
-75.8443
-75.8494
-75.8545
-75.8595
-75.8645
-75.8695
-75.8744
-75.8793
-75.8841
-75.8889
-75.8937
-75.8984
-75.9031
-75.9077
-75.9123
-75.9169
-75.9214
-75.9259
-75.9304
-75.9348
-75.9392
-75.9436
-75.9479
-75.9522
-75.9565
-75.9607
-75.9649
-75.969
-75.9731
-75.9772
-75.9813
-75.9853
-75.9893
-75.9933
-75.9972
-76.0011
-76.005
-76.0088
-76.0126
-76.0164
-76.0201
-76.0239
-76.0275
-76.0312
-76.0348
-76.0384
-76.042
-76.0456
-76.0491
-76.0526
-76.056
-76.0595
-76.0629
-76.0663
-76.0696
-76.0729
-76.0762
-76.0795
-76.0828
-76.086
-76.0892
-76.0924
-76.0955
-76.0986
-76.1017
-76.1048
-76.1079
-76.1109
-76.1139
-76.1169
-76.1198
-76.1228
-76.1257
-76.1286
-76.1314
-76.1343
-76.1371
-76.1399
-76.1427
-76.1455
-76.1482
-76.1509
-76.1536
-76.1563
-76.1589
-76.1615
-76.1642
-76.1667
-76.1693
-76.1719
-76.1744
-76.1769
-76.1794
-76.1819
-76.1843
-76.1868
-76.1892
-76.1916
-76.1939
-76.1963
-76.1986
-76.201
-76.2033
-76.2056
-76.2078
-76.2101
-76.2123
-76.2145
-76.2167
-76.2189
-76.2211
-76.2232
-76.2254
-76.2275
-76.2296
-76.2317
-76.2337
-76.2358
-76.2378
-76.2398
-76.2418
-76.2438
-76.2458
-76.2478
-76.2497
-76.2516
-76.2536
-76.2554
-76.2573
-76.2592
-76.2611
-76.2629
-76.2647
-76.2665
-76.2683
-76.2701
-76.2719
-76.2737
-76.2754
-76.2771
-76.2788
-76.2806
-76.2822
-76.2839
-76.2856
-76.2872
-76.2889
-76.2905
-76.2921
-76.2937
-76.2953
-76.2969
-76.2985
-76.3
-76.3016
-76.3031
-76.3046
-76.3061
-76.3076
-76.3091
-76.3106
-76.312
-76.3135
-76.3149
-76.3164
-76.3178
-76.3192
-76.3206
-76.322
-76.3233
-76.3247
-76.3261
-76.3274
-76.3287
-76.33
-76.3314
-76.3327
-76.334
-76.3352
-76.3365
-76.3378
-76.339
-76.3403
-76.3415
-76.3427
-76.3439
-76.3452
-76.3464
-76.3475
-76.3487
-76.3499
-76.351
-76.3522
-76.3533
-76.3545
-76.3556
-76.3567
-76.3578
-76.3589
-76.36
-76.3611
-76.3622
-76.3632
-76.3643
-76.3654
-76.3664
-76.3674
-76.3685
-76.3695
-76.3705
-76.3715
-76.3725
-76.3735
-76.3745
-76.3754
-76.3764
-76.3774
-76.3783
-76.3793
-76.3802
-76.3811
-76.382
-76.383
-76.3839
-76.3848
-76.3857
-76.3866
-76.3874
-76.3883
-76.3892
-76.39
-76.3909
-76.3917
-76.3926
-76.3934
-76.3943
-76.3951
-76.3959
-76.3967
-76.3975
-76.3983
-76.3991
-76.3999
-76.4007
-76.4014
-76.4022
-76.403
-76.4037
-76.4045
-76.4052
-76.406
-76.4067
-76.4074
-75.6458
-71.3644
-67.6835
-64.9104
-62.7495
-60.9512
-59.2514
-57.2021
-52.8667
43.9686
-9.01768
-40.3284
-78.3431
-78.9732
-78.8568
-78.7189
-78.5679
-78.4039
-78.2273
-78.0388
-76.9591
-74.8756
-73.6035
-72.7604
-72.0952
-71.519
-70.9971
-70.5157
-70.0694
-68.4111
-66.7832
-65.7231
-64.9872
-64.4939
-65.1068
-65.7274
-66.1457
-66.4357
-66.6448
-67.1228
-66.8337
-65.5002
-64.5911
-64.4138
-65.0828
-65.5914
-65.9392
-66.1894
-66.8919
-67.8452
-68.5057
-68.9604
-69.2852
-69.5257
-69.7099
-69.8557
-69.9747
-70.0749
-70.1617
-70.2387
-70.3086
-70.3735
-70.4345
-70.4929
-70.5493
-70.6043
-70.6582
-70.7115
-70.7643
-70.8167
-70.8689
-70.9209
-70.9728
-71.0245
-71.0761
-71.1276
-71.179
-71.2302
-70.9284
-67.5013
-64.4119
-62.0609
-60.4036
-60.3317
-60.4835
-60.6378
-60.7974
-60.9622
-61.1296
-59.8929
-58.2966
-56.5085
-53.2521
28.5503
-3.82838
-35.5361
-77.4728
-79.4756
-79.4058
-79.2678
-79.1719
-79.0775
-78.9207
-78.6795
-78.5083
-78.3629
-78.2241
-78.0875
-77.7727
-77.2644
-76.9502
-76.7128
-76.5254
-76.3503
-76.2196
-76.1373
-76.08
-76.036
-76
-75.973
-75.9517
-75.9345
-75.9201
-75.9081
-75.8981
-75.8896
-75.8826
-75.8768
-75.8721
-75.8683
-75.8655
-75.8633
-75.8619
-75.8611
-75.8609
-75.8611
-75.8618
-75.863
-75.8644
-75.8662
-75.8683
-75.8707
-75.8733
-75.8761
-75.879
-75.8822
-75.8855
-75.8889
-75.8924
-75.896
-75.8997
-75.9035
-75.9073
-75.9112
-75.9152
-75.9191
-75.9231
-75.9271
-75.9312
-75.9352
-75.9393
-75.9434
-75.9474
-75.9515
-75.9555
-75.9596
-75.9636
-75.9676
-75.9716
-75.9756
-75.9796
-75.9835
-75.9874
-75.9913
-75.9952
-75.9991
-76.0029
-76.0067
-76.0105
-76.0143
-76.018
-73.1883
-69.093
-65.9505
-63.5458
-61.6111
-59.8914
-58.0439
-55.1095
-26.1681
8.13613
-28.1689
-74.2395
-78.9971
-78.9224
-78.792
-78.6481
-78.4914
-78.3221
-78.1408
-77.6884
-75.4657
-73.9681
-73.0413
-72.3406
-71.7459
-71.2833
-71.1891
-71.0746
-70.5143
-68.1757
-66.288
-65.2248
-65.2121
-65.2709
-65.3001
-65.3158
-65.327
-65.3391
-65.3553
-65.3774
-65.4066
-65.4432
-65.4874
-65.7049
-66.692
-67.5533
-68.7529
-69.8526
-70.6398
-71.2118
-71.6378
-72.265
-73.1379
-73.7228
-74.1067
-74.3681
-74.5523
-74.6858
-74.7854
-74.8614
-72.3187
-68.8518
-66.4268
-64.7345
-63.5122
-62.5959
-61.8801
-61.2963
-60.7968
-60.3481
-59.9182
-59.4844
-59.0071
-58.4394
-57.6823
-56.4986
-53.9416
-21.8684
2.79764
-31.3875
-76.0618
-79.4099
-78.5528
-78.2616
-78.0554
-77.8395
-77.6092
-77.3652
-77.1089
-76.8424
-76.5683
-76.0051
-73.1806
-70.9294
-69.3974
-68.267
-67.3814
-66.6589
-66.0538
-65.5386
-65.0967
-64.7161
-63.7739
-62.6546
-61.84
-61.2286
-60.7413
-60.3298
-60.0113
-61.0104
-62.1397
-63.0482
-63.7663
-64.3368
-64.7959
-65.1718
-65.4856
-66.1038
-67.2787
-68.6517
-70.5077
-71.7714
-72.5681
-73.2745
-73.8314
-74.3074
-74.6467
-74.8575
-74.9935
-75.0849
-75.1487
-75.1949
-75.2293
-75.2559
-75.2771
-75.2944
-75.309
-75.3217
-75.3329
-75.343
-75.3524
-75.3612
-75.3696
-75.3777
-75.3856
-75.3933
-75.4009
-75.4084
-75.4159
-75.4234
-75.4308
-75.4383
-75.4457
-75.4531
-75.4605
-75.468
-75.4754
-75.4829
-75.5259
-75.5784
-75.6212
-75.656
-75.6848
-75.7089
-75.7293
-75.7469
-75.7623
-75.7758
-75.7878
-75.7986
-75.8083
-75.8173
-75.8256
-75.8333
-75.8406
-75.8474
-75.8539
-75.8601
-75.8661
-75.8718
-75.8774
-75.8828
-75.888
-75.8932
-75.8982
-75.9031
-75.908
-75.9128
-75.9175
-75.9221
-75.9267
-75.9312
-73.9783
-69.7748
-66.4634
-63.9481
-61.9512
-60.2211
-58.4496
-55.9292
-45.6304
20.364
-22.4827
-65.7838
-79.6352
-79.7355
-78.7481
-78.0777
-77.7977
-77.551
-77.2939
-77.0233
-76.7405
-76.4477
-76.0517
-73.5581
-71.4619
-70.0505
-69.0093
-68.1854
-67.5031
-66.9223
-66.4202
-65.9831
-63.9576
-61.8316
-60.1008
-59.6723
-59.8452
-60.012
-60.1596
-60.295
-60.4239
-59.5867
-58.9272
-59.1662
-59.4292
-59.6726
-60.7397
-62.3931
-63.6433
-64.5447
-65.2041
-65.6982
-66.0781
-66.3783
-66.9227
-67.9227
-68.6972
-69.2687
-69.7009
-70.135
-70.9264
-71.5506
-72.0024
-72.338
-72.5933
-72.7917
-72.9491
-73.0763
-73.1809
-73.2684
-73.3428
-73.407
-73.4631
-73.513
-73.5578
-73.5985
-73.6359
-73.6707
-73.7032
-73.734
-73.7633
-73.7913
-73.8182
-73.8443
-73.8696
-73.8943
-73.9184
-73.942
-73.9651
-73.9879
-74.0104
-74.0325
-74.0543
-73.6832
-69.8319
-66.3619
-63.7459
-61.6847
-59.9027
-58.059
-55.3125
-39.2176
12.5881
-26.1053
-71.8657
-79.6549
-79.1855
-78.3797
-78.0893
-77.8665
-77.6341
-77.3874
-77.1273
-76.8556
-76.5746
-75.8097
-73.2887
-71.5505

