-70
-70.0758
-70.1508
-70.225
-70.2983
-70.3706
-70.4419
-70.5122
-70.5814
-70.6496
-70.7168
-70.7829
-70.848
-70.9121
-70.9752
-71.0373
-71.0984
-71.1586
-71.2178
-71.2761
-71.3334
-71.3899
-71.4455
-71.5003
-71.5543
-71.6074
-71.6598
-71.7114
-71.7623
-71.8124
-71.8619
-71.9106
-71.9587
-72.006
-72.0527
-72.0988
-72.1442
-72.1889
-72.2331
-72.2766
-72.3196
-72.362
-72.4038
-72.445
-72.4857
-72.5258
-72.5654
-72.6045
-72.6431
-72.6812
-72.7188
-72.756
-72.7927
-72.8289
-72.8647
-72.9
-72.9349
-72.9694
-73.0035
-73.0371
-73.0704
-73.1032
-73.1357
-73.1678
-73.1994
-73.2307
-73.2617
-73.2922
-73.3224
-73.3523
-73.3817
-73.4109
-73.4397
-73.4682
-73.4963
-73.5241
-73.5516
-73.5788
-73.6057
-73.6323
-73.6585
-73.6845
-73.7102
-73.7356
-73.7608
-73.7857
-73.8103
-73.8346
-73.8587
-73.8825
-73.9061
-73.9294
-73.9524
-73.9753
-73.9979
-74.0202
-74.0423
-74.0642
-74.0859
-74.1073
-74.1285
-74.1495
-74.1703
-74.1909
-74.2112
-74.2313
-74.2513
-74.271
-74.2905
-74.3098
-74.329
-74.3479
-74.3666
-74.3852
-74.4036
-74.4217
-74.4397
-74.4575
-74.4752
-74.4926
-74.5099
-74.527
-74.544
-74.5607
-74.5774
-74.5938
-74.6101
-74.6262
-74.6422
-74.658
-74.6736
-74.6891
-74.7045
-74.7197
-74.7347
-74.7496
-74.7644
-74.779
-74.7935
-74.8079
-74.8221
-74.8362
-74.8501
-74.864
-74.8777
-74.8913
-74.9047
-74.918
-74.9313
-74.9443
-74.9573
-74.9701
-74.9829
-74.9955
-75.008
-75.0204
-75.0327
-75.0448
-75.0569
-75.0688
-75.0806
-75.0924
-75.104
-75.1155
-75.1269
-75.1382
-75.1495
-75.1606
-75.1716
-75.1825
-75.1933
-75.204
-75.2147
-75.2252
-75.2356
-75.246
-75.2562
-75.2664
-75.2764
-75.2864
-75.2963
-75.3061
-75.3158
-75.3255
-75.335
-75.3445
-75.3538
-75.3631
-75.3724
-75.3815
-75.3906
-75.3995
-75.4084
-75.4172
-75.426
-75.4346
-75.4432
-75.4518
-75.4602
-75.4686
-75.4769
-75.4851
-75.4932
-75.5013
-75.5093
-75.5173
-75.5251
-75.533
-75.5407
-75.5484
-75.556
-75.5635
-75.571
-75.5784
-75.5858
-75.593
-75.6003
-75.6074
-75.6145
-75.6216
-75.6285
-75.6355
-75.6423
-75.6491
-75.6559
-75.6626
-75.6692
-75.6758
-75.6823
-75.6888
-75.6952
-75.7015
-75.7078
-75.7141
-75.7203
-75.7264
-75.7325
-75.7386
-75.7446
-75.7505
-75.7564
-75.7622
-75.768
-75.7738
-75.7795
-75.7851
-75.7907
-75.7963
-75.8018
-75.8072
-75.8127
-75.818
-75.8234
-75.8287
-75.8339
-75.8391
-75.8443
-75.8494
-75.8545
-75.8595
-75.8645
-75.8695
-75.8744
-75.8793
-75.8841
-75.8889
-75.8937
-75.8984
-75.9031
-75.9077
-75.9123
-75.9169
-75.9214
-75.9259
-75.9304
-75.9348
-75.9392
-75.9436
-75.9479
-75.9522
-75.9565
-75.9607
-75.9649
-75.969
-75.9731
-75.9772
-75.9813
-75.9853
-75.9893
-75.9933
-75.9972
-76.0011
-76.005
-76.0088
-76.0126
-76.0164
-76.0201
-76.0239
-76.0275
-76.0312
-76.0348
-76.0384
-76.042
-76.0456
-76.0491
-76.0526
-76.056
-76.0595
-76.0629
-76.0663
-76.0696
-76.0729
-76.0762
-76.0795
-76.0828
-76.086
-76.0892
-76.0924
-76.0955
-76.0986
-76.1017
-76.1048
-76.1079
-76.1109
-76.1139
-76.1169
-76.1198
-76.1228
-76.1257
-76.1286
-76.1314
-76.1343
-76.1371
-76.1399
-76.1427
-76.1455
-76.1482
-76.1509
-76.1536
-76.1563
-76.1589
-76.1615
-76.1642
-76.1667
-76.1693
-76.1719
-76.1744
-76.1769
-76.1794
-76.1819
-76.1843
-76.1868
-76.1892
-76.1916
-76.1939
-76.1963
-76.1986
-76.201
-76.2033
-76.2056
-76.2078
-76.2101
-76.2123
-76.2145
-76.2167
-76.2189
-76.2211
-76.2232
-76.2254
-76.2275
-76.2296
-76.2317
-76.2337
-76.2358
-76.2378
-76.2398
-76.2418
-76.2438
-76.2458
-76.2478
-76.2497
-76.2516
-76.2536
-76.2554
-76.2573
-76.2592
-76.2611
-76.2629
-76.2647
-76.2665
-76.2683
-76.2701
-76.2719
-76.2737
-76.2754
-76.2771
-76.2788
-76.2806
-76.2822
-76.2839
-76.2856
-76.2872
-76.2889
-76.2905
-76.2921
-76.2937
-76.2953
-76.2969
-76.2985
-76.3
-76.3016
-76.3031
-76.3046
-76.3061
-76.3076
-76.3091
-76.3106
-76.312
-76.3135
-76.3149
-76.3164
-76.3178
-76.3192
-76.3206
-76.322
-76.3233
-76.3247
-76.3261
-76.3274
-76.3287
-76.33
-76.3314
-76.3327
-76.334
-76.3352
-76.3365
-76.3378
-76.339
-76.3403
-76.3415
-76.3427
-76.3439
-76.3452
-76.3464
-76.3475
-76.3487
-76.3499
-76.351
-76.3522
-76.3533
-76.3545
-76.3556
-76.3567
-76.3578
-76.3589
-76.36
-76.3611
-76.3622
-76.3632
-76.3643
-76.3654
-76.3664
-76.3674
-76.3685
-76.3695
-76.3705
-76.3715
-76.3725
-76.3735
-76.3745
-76.3754
-76.3764
-76.3774
-76.3783
-76.3793
-76.3802
-76.3811
-76.382
-76.383
-76.3839
-76.3848
-76.3857
-76.3866
-76.3874
-76.3883
-76.3892
-76.39
-76.3909
-76.3917
-76.3926
-76.3934
-76.3943
-76.3951
-76.3959
-76.3967
-76.3975
-76.3983
-76.3991
-76.3999
-76.4007
-76.4014
-76.4022
-76.403
-76.4037
-76.4045
-76.4052
-76.406
-76.4067
-76.4074
-76.4082
-76.4089
-76.4096
-76.4103
-76.411
-76.4117
-76.4124
-73.9857
-69.7641
-66.4866
-63.9897
-62.0028
-60.2797
-58.5179
-56.0299
-46.3611
21.6001
-21.8092
-63.9917
-79.1502
-79.1926
-79.095
-78.9849
-78.8645
-78.7336
-78.5927
-78.4423
-78.2832
-78.1166
-77.9441
-77.7674
-77.5884
-77.4091
-77.2313
-77.0571
-76.8275
-76.5775
-76.3398
-76.1596
-76.0206
-75.9138
-75.847
-75.8021
-75.7688
-75.7431
-75.7417
-75.7477
-75.7503
-75.751
-75.3433
-71.6332
-68.7316
-66.8614
-65.6138
-64.7543
-64.1463
-63.7081
-63.3881
-63.1551
-62.9885
-62.8731
-62.7985
-62.7581
-62.7467
-62.7608
-62.7972
-62.8536
-62.9279
-63.0184
-63.1233
-61.9341
-59.6478
-57.4329
-54.2597
-22.0774
3.48791
-30.8405
-75.61
-79.4761
-79.4775
-79.4144
-79.3428
-77.7181
-76.6676
-76.1492
-75.7418
-75.3549
-74.9703
-74.5857
-74.2032
-73.8259
-71.3599
-68.933
-67.2015
-65.9141
-64.9128
-64.1059
-63.4373
-62.8708
-62.3808
-61.9498
-61.5652
-61.2138
-60.8886
-61.8199
-63.0141
-64.007
-65.7772
-67.9584
-69.6876
-71.3782
-72.7478
-73.5595
-74.0467
-74.3533
-74.5546
-74.7692
-74.959
-75.0853
-75.1711
-75.2314
-75.2754
-75.3084
-75.334
-75.3544
-75.3711
-75.3852
-75.4246
-75.4923
-75.5452
-75.5853
-75.6165
-75.6413
-75.6615
-75.6783
-75.6925
-75.7048
-75.7155
-75.7251
-75.7338
-75.7418
-75.7492
-75.7561
-75.7627
-75.769
-75.775
-75.7809
-75.7866
-75.7921
-75.7976
-75.803
-75.8083
-75.8135
-75.8187
-75.8238
-75.8289
-75.8339
-75.8389
-75.8439
-75.8488
-75.8538
-75.8586
-75.8635
-75.8683
-75.8731
-75.8779
-75.8826
-75.8873
-75.892
-75.8967
-75.9013
-75.9059
-75.9104
-75.915
-75.9195
-75.9239
-75.9284
-75.9328
-75.5187
-71.3927
-67.6698
-64.8662
-62.6853
-60.8707
-59.1498
-57.0502
-52.3901
41.8585
-10.9923
-42.6486
-78.534
-78.8924
-78.759
-78.6101
-78.4474
-78.2711
-78.0816
-77.8796
-77.6663
-75.4764
-73.6806
-72.5697
-71.761
-71.0988
-70.5209
-70.0008
-69.5265
-68.5394
-66.0698
-64.0449
-62.5107
-61.2706
-60.1829
-59.1205
-58.1981
-58.594
-59.2212
-59.7279
-59.9798
-60.4415
-60.8235
-62.2417
-63.5519
-64.4442
-65.0588
-65.5892
-66.7537
-67.6608
-68.2781
-68.7125
-69.4975
-70.2451
-70.7621
-71.1262
-71.391
-71.5895
-71.7425
-71.8637
-71.9623
-72.0445
-72.1146
-72.1758
-72.2303
-72.2797
-72.3253
-72.3679
-69.2598
-66.0222
-63.6292
-61.8023
-60.2985
-58.8949
-57.2881
-54.604
-34.2354
7.77174
-28.6165
-74.1782
-79.6644
-79.7078
-79.6731
-79.6322
-79.587
-79.3991
-76.8939
-75.4476
-74.6701
-74.096
-73.5946
-73.1264
-72.6796
-72.2513
-71.7545
-69.2013
-66.8386
-65.1155
-63.8068
-62.7666
-61.9008
-61.1443
-60.4463
-59.7566
-59.0194
-57.1832
-53.3311
40.3787
-4.922
-36.2964
-77.6851
-79.3569
-79.3097
-79.1791
-78.9268
-78.7248
-78.5781
-78.4369
-78.2922
-78.0847
-77.8159
-77.6048
-77.4251
-77.2333
-76.9949
-76.8024
-76.6449
-76.5105
-76.3928
-76.2887
-76.1958
-76.1129
-76.0388
-75.9729
-75.9142
-75.8623
-75.8165
-75.7796
-75.7656
-75.7565
-75.7488
-75.7423
-75.7371
-75.7329
-75.7297
-75.7274
-75.7259
-75.7252
-75.7251
-75.7256
-75.7267
-75.7282
-75.7302
-75.7326
-75.7353
-75.7384
-75.7417
-75.7452
-75.749
-75.753
-75.7571
-75.7614
-75.7658
-75.7703
-75.7749
-75.7795
-75.7843
-75.7891
-75.794
-75.7988
-75.8038
-75.8087
-75.8136
-75.8186
-75.8236
-75.8285
-75.8335
-75.8385
-75.8434
-75.8483
-75.8532
-75.8581
-75.863
-75.8678
-75.8726
-75.8774
-75.8822
-75.8869
-75.8916
-75.8963
-75.901
-75.9056
-75.9102
-75.9147
-75.9193
-75.9237
-75.9282
-75.9326
-75.937
-75.9414
-75.9457
-75.95
-75.9543
-73.1273
-69.0361
-65.8972
-63.4947
-61.5597
-59.8342
-57.9659
-54.9378
-16.2932
6.1255
-29.1648
-75.0882
-78.9346
-78.826
-78.6841
-78.5283
-78.359
-78.1763
-77.9809
-77.7738
-76.6448
-74.3984
-72.9727
-72.02
-71.2814
-70.6566
-70.1036
-69.6037
-69.148
-68.1657
-65.6614
-63.601
-62.026
-60.7292
-59.5477
-59.5404
-60.1205
-60.6729
-61.8095
-63.6251
-65.8945
-67.5685
-68.6775
-69.819
-70.8088
-71.6892
-72.4441
-72.9309
-73.2504
-73.4684
-73.6223
-73.7346
-73.819
-73.8844
-73.9365
-73.9791
-74.015
-74.0458
-74.0731
-74.0976
-74.1201
-74.1411
-74.161
-74.18
-74.1984
-71.5899
-67.8638
-65.0608
-62.9476
-61.2613
-59.7746
-58.2238
-56.0395
-49.2457
28.5665
-19.0619
-57.4259
-79.5046
-79.7335
-79.7052
-79.6679
-79.6266
-79.5812
-79.5318
-79.4784
-79.4214
-79.3609
-79.2975
-78.4815
-74.6425
-71.8028
-69.894
-68.5104
-67.4496
-66.6029
-65.9079
-65.3264
-64.8342
-64.4144
-62.4009
-60.2111
-58.185
-55.5558
-45.7237
19.2172
-23.2744
-66.6182
-79.381
-78.728
-78.4307

