-70
-70.0758
-70.1508
-70.225
-70.2983
-70.3706
-70.4419
-70.5122
-70.5814
-70.6496
-70.7168
-70.7829
-70.848
-70.9121
-70.9752
-71.0373
-71.0984
-71.1586
-71.2178
-71.2761
-71.3334
-71.3899
-71.4455
-71.5003
-71.5543
-71.6074
-71.6598
-71.7114
-71.7623
-71.8124
-71.8619
-71.9106
-71.9587
-72.006
-72.0527
-72.0988
-72.1442
-72.1889
-72.2331
-72.2766
-72.3196
-72.362
-72.4038
-72.445
-72.4857
-72.5258
-72.5654
-72.6045
-72.6431
-72.6812
-72.7188
-72.756
-72.7927
-72.8289
-72.8647
-72.9
-72.9349
-72.9694
-73.0035
-73.0371
-73.0704
-73.1032
-73.1357
-73.1678
-73.1994
-73.2307
-73.2617
-73.2922
-73.3224
-73.3523
-73.3817
-73.4109
-73.4397
-73.4682
-73.4963
-73.5241
-73.5516
-73.5788
-73.6057
-73.6323
-73.6585
-73.6845
-73.7102
-73.7356
-73.7608
-73.7857
-73.8103
-73.8346
-73.8587
-73.8825
-73.9061
-73.9294
-73.9524
-73.9753
-73.9979
-74.0202
-74.0423
-74.0642
-74.0859
-74.1073
-74.1285
-74.1495
-74.1703
-74.1909
-74.2112
-74.2313
-74.2513
-74.271
-74.2905
-74.3098
-74.329
-74.3479
-74.3666
-74.3852
-74.4036
-74.4217
-74.4397
-74.4575
-74.4752
-74.4926
-74.5099
-74.527
-74.544
-74.5607
-74.5774
-74.5938
-74.6101
-74.6262
-74.6422
-74.658
-74.6736
-74.6891
-74.7045
-74.7197
-74.7347
-74.7496
-74.7644
-74.779
-74.7935
-74.8079
-74.8221
-74.8362
-74.8501
-74.864
-74.8777
-74.8913
-74.9047
-74.918
-74.9313
-74.9443
-74.9573
-74.9701
-74.9829
-74.9955
-75.008
-75.0204
-75.0327
-75.0448
-75.0569
-75.0688
-75.0806
-75.0924
-75.104
-75.1155
-75.1269
-75.1382
-75.1495
-75.1606
-75.1716
-75.1825
-75.1933
-75.204
-75.2147
-75.2252
-75.2356
-75.246
-75.2562
-75.2664
-75.2764
-75.2864
-75.2963
-75.3061
-75.3158
-75.3255
-75.335
-75.3445
-75.3538
-75.3631
-75.3724
-75.3815
-75.3906
-75.3995
-75.4084
-75.4172
-75.426
-75.4346
-75.4432
-75.4518
-75.4602
-75.4686
-75.4769
-75.4851
-75.4932
-75.5013
-75.5093
-75.5173
-75.5251
-75.533
-75.5407
-75.5484
-75.556
-75.5635
-75.571
-75.5784
-75.5858
-75.593
-75.6003
-75.6074
-75.6145
-75.6216
-75.6285
-75.6355
-75.6423
-75.6491
-75.6559
-75.6626
-75.6692
-75.6758
-75.6823
-75.6888
-75.6952
-75.7015
-75.7078
-75.7141
-75.7203
-75.7264
-75.7325
-75.7386
-75.7446
-75.7505
-75.7564
-75.7622
-75.768
-75.7738
-75.7795
-75.7851
-75.7907
-75.7963
-75.8018
-75.8072
-75.8127
-75.818
-75.8234
-75.8287
-75.8339
-75.8391
-75.8443
-75.8494
-75.8545
-75.8595
-75.8645
-75.8695
-75.8744
-75.8793
-75.8841
-75.8889
-75.8937
-75.8984
-75.9031
-75.9077
-75.9123
-75.9169
-75.9214
-75.9259
-75.9304
-75.9348
-75.9392
-75.9436
-75.9479
-75.9522
-75.9565
-75.9607
-75.9649
-75.969
-75.9731
-75.9772
-75.9813
-75.9853
-75.9893
-75.9933
-75.9972
-76.0011
-76.005
-76.0088
-76.0126
-76.0164
-76.0201
-76.0239
-76.0275
-76.0312
-76.0348
-76.0384
-76.042
-76.0456
-76.0491
-76.0526
-76.056
-76.0595
-76.0629
-76.0663
-76.0696
-76.0729
-76.0762
-76.0795
-76.0828
-76.086
-76.0892
-76.0924
-76.0955
-76.0986
-76.1017
-76.1048
-76.1079
-76.1109
-76.1139
-76.1169
-76.1198
-76.1228
-76.1257
-76.1286
-76.1314
-76.1343
-76.1371
-76.1399
-76.1427
-76.1455
-76.1482
-76.1509
-76.1536
-76.1563
-76.1589
-76.1615
-76.1642
-76.1667
-76.1693
-76.1719
-76.1744
-76.1769
-76.1794
-76.1819
-76.1843
-76.1868
-76.1892
-76.1916
-76.1939
-76.1963
-76.1986
-76.201
-76.2033
-76.2056
-76.2078
-76.2101
-76.2123
-76.2145
-76.2167
-76.2189
-76.2211
-76.2232
-76.2254
-76.2275
-76.2296
-76.2317
-76.2337
-76.2358
-76.2378
-76.2398
-76.2418
-76.2438
-76.2458
-76.2478
-76.2497
-76.2516
-76.2536
-76.2554
-76.2573
-76.2592
-76.2611
-76.2629
-76.2647
-76.2665
-76.2683
-76.2701
-76.2719
-76.2737
-76.2754
-76.2771
-76.2788
-76.2806
-76.2822
-76.2839
-76.2856
-76.2872
-76.2889
-76.2905
-76.2921
-76.2937
-76.2953
-76.2969
-76.2985
-76.3
-76.3016
-76.3031
-76.3046
-76.3061
-76.3076
-76.3091
-76.3106
-76.312
-76.3135
-76.3149
-76.3164
-76.3178
-76.3192
-76.3206
-76.322
-76.3233
-76.3247
-76.3261
-76.3274
-76.3287
-76.33
-76.3314
-76.3327
-76.334
-76.3352
-76.3365
-76.3378
-76.339
-76.3403
-76.3415
-76.3427
-76.3439
-76.3452
-76.3464
-76.3475
-76.3487
-76.3499
-76.351
-76.3522
-76.3533
-76.3545
-76.3556
-76.3567
-76.3578
-76.3589
-76.36
-76.3611
-76.3622
-76.3632
-76.3643
-76.3654
-76.3664
-76.3674
-76.3685
-76.3695
-76.3705
-76.3715
-76.3725
-76.3735
-76.3745
-76.3754
-76.3764
-76.3774
-76.3783
-76.3793
-76.3802
-76.3811
-76.382
-76.383
-76.3839
-76.3848
-74.8282
-70.5201
-67.0513
-64.4239
-62.3561
-60.6007
-58.8768
-56.6354
-50.5571
33.4334
-16.2327
-51.469
-79.4443
-79.7444
-79.7174
-79.6815
-79.6415
-79.5976
-79.5496
-79.4977
-79.442
-79.3828
-79.3206
-79.2558
-79.1891
-79.1212
-79.0527
-78.9844
-78.9168
-78.8506
-78.7864
-78.7245
-78.6652
-78.6089
-78.5556
-77.2989
-72.7326
-68.9791
-66.1661
-64.0021
-62.2666
-60.7703
-59.3098
-57.5423
-53.6831
46.1988
-5.01337
-36.2327
-78.0354
-79.3317
-79.2663
-79.1759
-79.076
-78.967
-78.8489
-78.722
-78.5472
-78.2408
-77.8778
-77.5828
-77.2795
-76.9793
-76.7147
-76.5259
-76.38
-76.2546
-76.1339
-76.0393
-75.9635
-75.9005
-73.6659
-70.2692
-68.0387
-66.5906
-65.6143
-64.9355
-64.4524
-64.1044
-63.8528
-63.6722
-63.5464
-63.4644
-63.4181
-63.4017
-63.4107
-63.4416
-63.4915
-63.5581
-63.6394
-63.1113
-60.8062
-58.6546
-56.3028
-51.2758
38.4364
-14.6673
-47.8816
-79.0046
-79.5191
-79.4721
-79.4071
-79.3351
-79.2566
-79.1717
-79.0806
-78.9838
-78.882
-78.7761
-78.6671
-77.1106
-73.3684
-70.6847
-68.8142
-67.431
-66.3611
-65.5053
-64.8036
-64.2172
-63.2683
-61.0707
-59.012
-56.7677
-52.2635
42.6951
-11.1506
-42.708
-78.8065
-79.4248
-79.3249
-79.2418
-79.0774
-78.9088
-78.748
-78.503
-78.2664
-78.009
-77.8235
-77.6685
-77.5268
-77.3933
-77.2667
-77.1467
-77.0336
-76.9275
-76.807
-76.6438
-76.5122
-76.4084
-76.3241
-76.2543
-76.1956
-76.1459
-76.1035
-76.0672
-76.036
-76.0094
-75.9865
-75.967
-75.9505
-75.9364
-75.9247
-75.9148
-75.9068
-75.9002
-75.8951
-75.8911
-75.8881
-75.8861
-75.8848
-75.8843
-75.8844
-75.8851
-75.8862
-75.8878
-75.8897
-75.8919
-75.8945
-75.8972
-75.9002
-75.9033
-75.9066
-75.9101
-75.9136
-75.9173
-75.921
-75.9248
-75.9286
-75.9325
-75.9364
-75.9404
-75.9444
-75.9483
-75.9523
-75.9563
-75.9603
-75.9643
-75.9683
-75.9723
-75.9762
-75.9802
-75.9841
-75.988
-75.9919
-75.9958
-75.9996
-73.1718
-69.0791
-65.9385
-63.5351
-61.6009
-59.8805
-58.0296
-55.079
-24.6395
7.76565
-28.3275
-74.6614
-79.4945
-78.7335
-78.4618
-78.2762
-78.08
-77.8692
-77.6443
-77.4065
-77.1575
-76.2191
-73.7669
-72.0719
-70.9312
-70.0664
-69.3585
-68.7524
-68.2207
-68.144
-66.9251
-65.9712
-65.6305
-65.4115
-65.3506
-66.1866
-67.5303
-68.4346
-68.9866
-67.9485
-66.3253
-65.5126
-65.7091
-65.9225
-66.0733
-66.1882
-66.2824
-66.3646
-66.44
-66.5117
-66.582
-66.6522
-66.7232
-66.7955
-66.8696
-66.9455
-67.0234
-67.1034
-67.1853
-67.2692
-67.3549
-67.4423
-67.5311
-67.6212
-67.7123
-67.8043
-67.8971
-66.8835
-63.9102
-61.4879
-59.5209
-57.6231
-55.0389
-45.0315
16.6008
-24.8148
-68.6513
-79.4831
-79.5972
-79.5518
-79.4965
-79.4355
-79.369
-79.2972
-77.9733
-75.3166
-73.7903
-72.8275
-72.0995
-71.4874
-70.9438
-70.4488
-69.9939
-69.5753
-68.1373
-65.5355
-63.5003
-61.9325
-60.6297
-59.4269
-58.1337
-56.3611
-52.2418
43.4638
-11.1689
-43.1341
-78.3714
-78.9534
-78.8331
-78.6204
-78.4512
-78.1937
-77.9832
-77.791
-77.5931
-77.3108
-77.0701
-76.8607
-76.6662
-76.4818
-76.293
-76.1119
-75.9574
-75.8224
-75.7027
-75.5957
-75.4999
-75.4142
-75.3378
-75.2699
-75.2098
-75.157
-75.1108
-75.0707
-75.0361
-75.0066
-74.9816
-74.9608
-74.9437
-74.9299
-74.9192
-74.9111
-74.9055
-74.902
-74.9004
-74.9005
-74.902
-74.9049
-74.909
-74.914
-74.92
-74.9267
-74.9341
-74.9421
-74.9507
-74.9596
-74.969
-74.9786
-74.9885
-74.9987
-75.009
-75.0195
-75.0302
-75.0409
-75.0517
-75.0625
-75.0734
-75.0843
-75.0952
-75.1062
-75.117
-75.1279
-75.1387
-75.1495
-75.1603
-75.171
-75.1816
-75.1922
-75.2027
-75.2131
-75.2235
-75.2338
-75.244
-75.2542
-75.2643
-75.2743
-75.2842
-75.294
-75.3038
-72.112
-68.1884
-65.2024
-62.9015
-61.0141
-59.2615
-57.1897
-52.9135
44.3624
-8.74584
-39.94
-78.8497
-79.7283
-79.7077
-79.6707
-79.6293
-79.5837
-79.534
-79.1067
-76.3233
-74.667
-73.7196
-73.0287
-72.448
-71.9257
-71.4421
-70.9899
-70.5672
-68.1976
-65.7888
-64.0015
-62.6248
-61.4999
-60.513
-59.5653
-58.5394
-57.217
-53.6403
33.4261
-3.07472
-34.8466
-77.3784
-79.2348
-79.1717
-79.0652
-78.8558
-77.3287
-76.5006
-76.0619
-75.7263
-75.4293
-75.1435
-74.8649
-74.5945
-74.3341
-74.1013
-73.527
-71.0019
-69.2115
-68.1145
-67.3934
-66.8925
-66.5299
-66.2604
-66.057
-65.903
-65.7878
-65.7041
-65.6469
-65.6123
-65.5974
-65.5997
-65.6173
-65.6485
-65.6918
-65.7459
-65.8095
-65.8817
-65.9613
-66.0476
-66.1397
-66.2369
-66.3384
-66.4436
-66.5516
-66.6619
-66.7741
-66.8876
-67.0021
-67.1171
-67.2326
-67.348
-67.4633
-67.5781
-67.6922
-67.8054
-67.9175
-65.6147
-62.7312
-60.4587
-58.4713
-56.223
-51.528
40.7179
-13.7952
-46.3636
-78.9274
-79.5901
-79.5568
-79.5023
-79.4416
-77.9267
-76.4084
-75.6868
-75.1883
-74.747
-74.3232
-73.9076
-73.4996
-73.1014
-71.1231
-68.556
-66.6792
-65.2887
-64.2111

