-70
-69.8623
-69.7285
-69.5983
-69.4718
-69.3487
-69.2291
-69.1128
-68.9997
-68.8897
-68.7828
-68.6789
-68.5778
-68.4795
-68.3839
-68.291
-68.2007
-68.1128
-68.0274
-67.9443
-67.8636
-67.7851
-67.7087
-67.6345
-67.5623
-67.4921
-67.4238
-67.3574
-67.2929
-67.2301
-67.1691
-67.1098
-67.0521
-66.996
-66.9414
-66.8884
-66.8368
-66.7866
-66.7378
-66.6904
-66.6443
-66.5994
-66.5558
-66.5133
-66.4721
-66.432
-66.393
-66.355
-66.3181
-66.2823
-66.2474
-66.2134
-66.1805
-66.1484
-66.1172
-66.0868
-66.0573
-66.0286
-66.0007
-65.9736
-65.9472
-65.9215
-65.8966
-65.8723
-65.8487
-65.8257
-65.8034
-65.7817
-65.7606
-65.74
-65.72
-65.7006
-65.6817
-65.6633
-65.6455
-65.6281
-65.6112
-65.5948
-65.5788
-65.5632
-65.5481
-65.5334
-65.5191
-65.5052
-65.4917
-65.4785
-65.4657
-65.4533
-65.4412
-65.4294
-65.418
-65.4068
-65.396
-65.3855
-65.3752
-65.3653
-65.3556
-65.3462
-65.337
-65.3281
-65.3194
-65.311
-65.3028
-65.2948
-65.2871
-65.2795
-65.2722
-65.2651
-65.2581
-65.2514
-65.2448
-65.2385
-65.2322
-65.2262
-65.2203
-65.2146
-65.2091
-65.2037
-65.1984
-65.1933
-65.1884
-65.1835
-65.1788
-65.1743
-65.1698
-65.1655
-65.1613
-65.1572
-65.1532
-65.1493
-65.1456
-65.1419
-65.1384
-65.1349
-65.1315
-65.1283
-65.1251
-65.122
-65.119
-65.1161
-65.1132
-65.1104
-65.1077
-65.1051
-65.1026
-65.1001
-65.0977
-65.0953
-65.0931
-65.0908
-65.0887
-65.0866
-65.0845
-65.0826
-65.0806
-65.0788
-65.0769
-65.0752
-65.0734
-65.0718
-65.0701
-65.0685
-65.067
-65.0655
-65.064
-65.0626
-65.0612
-65.0599
-65.0586
-65.0573
-65.0561
-65.0549
-65.0537
-65.0526
-65.0514
-65.0504
-65.0493
-65.0483
-65.0473
-65.0464
-65.0454
-65.0445
-65.0436
-65.0428
-65.0419
-65.0411
-65.0403
-65.0395
-65.0388
-65.0381
-65.0374
-65.0367
-65.036
-65.0353
-65.0347
-65.0341
-65.0335
-65.0329
-65.0323
-65.0318
-65.0313
-65.0307
-65.0302
-65.0297
-65.0293
-65.0288
-65.0283
-65.0279
-65.0275
-65.027
-65.0266
-65.0262
-65.0259
-65.0255
-65.0251
-65.0248
-65.0244
-65.0241
-65.0238
-65.0234
-65.0231
-65.0228
-65.0225
-65.0223
-65.022
-65.0217
-65.0215
-65.0212
-65.021
-65.0207
-65.0205
-65.0203
-65.02
-65.0198
-65.0196
-65.0194
-65.0192
-65.019
-65.0188
-65.0187
-65.0185
-65.0183
-65.0181
-65.018
-65.0178
-65.0177
-65.0175
-65.0174
-65.0172
-65.0171
-65.017
-65.0168
-65.0167
-65.0166
-65.0165
-65.0163
-65.0162
-65.0161
-65.016
-65.0159
-65.0158
-65.0157
-65.0156
-65.0155
-65.0154
-65.0153
-65.0153
-65.0152
-65.0151
-65.015
-65.0149
-65.0149
-65.0148
-65.0147
-65.0147
-65.0146
-65.0145
-65.0145
-65.0144
-65.0143
-65.0143
-65.0142
-65.0142
-65.0141
-65.0141
-65.014
-65.014
-65.0139
-65.0139
-65.0138
-65.0138
-65.0137
-65.0137
-65.0137
-65.0136
-65.0136
-65.0135
-65.0135
-65.0135
-65.0134
-65.0134
-65.0134
-65.0133
-65.0133
-65.0133
-65.0133
-65.0132
-65.0132
-65.0132
-65.0131
-65.0131
-65.0131
-65.0131
-65.0131
-65.013
-65.013
-65.013
-65.013
-65.0129
-65.0129
-65.0129
-65.0129
-65.0129
-65.0129
-65.0128
-65.0128
-65.0128
-65.0128
-65.0128
-65.0128
-65.0127
-65.0127
-65.0127
-65.0127
-65.0127
-65.0127
-65.0127
-65.0127
-65.0126
-65.0126
-65.0126
-65.0126
-65.0126
-65.0126
-65.0126
-65.0126
-65.0126
-65.0126
-65.0125
-65.0125
-65.0125
-65.0125
-65.0125
-65.0125
-65.0125
-65.0125
-65.0125
-65.0125
-65.0125
-65.0125
-65.0125
-65.0124
-65.0124
-65.0124
-65.0124
-65.0124
-65.0124
-65.0124
-65.0124
-65.0124
-65.0124
-65.0124
-65.0124
-65.0124
-65.0124
-65.0124
-65.0124
-65.0124
-65.0124
-65.0124
-65.0124
-65.0124
-65.0124
-65.0124
-65.0123
-65.0123
-65.0123
-65.0123
-65.0123
-65.0123
-65.0123
-65.0123
-65.0123
-65.0123
-65.0123
-65.0123
-65.0123
-65.0123
-65.0123
-65.0123
-65.0123
-65.0123
-65.0123
-65.0123
-65.0123
-65.0123
-65.0123
-65.0123
-65.0123
-65.0123
-65.0123
-65.0123
-65.0123
-65.0123
-65.0123
-65.0123
-65.0123
-65.0123
-65.0123
-65.0123
-65.0123
-65.0123
-65.0123
-65.0123
-65.0123
-65.0123
-65.0123
-65.0123
-65.0123
-65.0123
-65.0123
-65.0123
-65.0123
-65.0123
-65.0123
-65.0123
-65.0123
-65.0123
-65.0123
-65.0123
-65.0123
-65.0123
-65.0123
-65.0123
-65.0123
-65.0123
-65.0123
-65.0123
-65.0123
-65.0123
-65.0123
-65.0123
-65.0123
-65.0123
-65.0123
-65.0123
-65.0123
-65.0123
-64.9505
-64.8995
-64.8615
-64.8344
-64.8133
-64.7964
-64.7828
-64.772
-64.7634
-64.7568
-64.7518
-64.7482
-64.7458
-64.7444
-64.7439
-64.7441
-64.745
-64.7465
-64.7484
-64.7508
-64.7534
-64.7564
-64.7596
-64.763
-64.7666
-64.7703
-64.7742
-64.7781
-64.7821
-64.7861
-64.7902
-64.7942
-64.7983
-64.8024
-64.6758
-64.3651
-64.1566
-64.0006
-63.8879
-63.7993
-63.7288
-63.6731
-63.6295
-63.5962
-63.5714
-63.554
-63.5429
-63.5371
-63.5358
-63.5385
-63.5445
-63.5534
-63.5647
-63.5117
-63.4789
-63.3872
-62.7952
-62.3368
-61.9409
-61.6514
-61.3917
-60.5951
-59.9698
-59.182
-58.5316
-57.8704
-57.3412
-56.9453
-56.5221
-56.0975
-55.7133
-55.1344
-54.7236
-54.3747
-54.1163
-53.9277
-53.7936
-53.675
-53.591
-53.5417
-53.488
-53.4658
-53.438
-53.4464
-53.4796
-53.4944
-53.536
-53.58
-53.6264
-53.697
-53.7851
-53.8879
-54.002
-54.0833
-54.1788
-54.2453
-54.3062
-54.3774
-54.4716
-54.5815
-54.703
-54.8027
-54.8568
-54.8849
-54.9498
-55.0375
-55.1422
-55.2577
-55.3815
-55.512
-55.6479
-55.788
-55.9314
-56.0773
-56.2249
-56.3738
-56.4817
-56.5844
-56.6612
-56.7517
-56.7334
-56.6869
-56.6903
-56.7275
-56.7533
-56.7506
-56.7209
-56.6659
-56.5609
-56.4788
-56.2756
-56.0679
-55.9429
-55.7264
-55.3014
-54.9558
-54.5298
-54.18
-53.8821
-53.6095
-53.2889
-52.8919
-52.4251
-52.0639
-51.7777
-51.5703
-51.3915
-51.2673
-51.1469
-50.9887
-50.8341
-50.7118
-50.6195
-50.5477
-50.4616
-50.4176
-50.4029
-50.4145
-50.4469
-50.4978
-50.5655
-50.6488
-50.7466
-50.8579
-50.9818
-51.1173
-51.2634
-51.4196
-51.585
-51.7586
-51.9391
-52.1257
-52.3174
-52.5139
-52.7146
-52.9185
-53.1247
-53.3325
-53.5416
-53.7514
-53.9614
-54.1709
-54.3795
-54.5871
-54.7933
-54.9978
-55.2002
-55.4002
-55.5978
-55.7929
-55.9853
-56.1746
-56.3609
-56.5442
-56.7243
-56.9013
-57.075
-57.2454
-57.4125
-57.5763
-57.7368
-57.8941
-58.0481
-58.1988
-58.3463
-58.4906
-58.6317
-58.7698
-58.9048
-59.0368
-59.1657
-59.2917
-59.4149
-59.5351
-59.6526
-59.7674
-59.8795
-59.9889
-60.0958
-60.2001
-60.3019
-60.4013
-60.4984
-60.5931
-60.6179
-60.5586
-60.5424
-60.5505
-60.5769
-60.5799
-60.5765
-60.5921
-60.6202
-60.6577
-60.6441
-60.5392
-60.3317
-60.1815
-60.0752
-59.7112
-59.1306
-58.2183
-57.5263
-56.6771
-55.9696
-55.4543
-55.0229
-54.6951
-54.2714
-53.8717
-53.5848
-53.3786
-53.2347
-53.1269
-53.03
-52.9764
-52.9292
-52.914
-52.9176
-52.915
-52.9147
-52.9468
-53.0037
-53.0743
-53.07
-53.0566
-53.0569
-53.0971
-53.1645
-53.2525
-53.3559
-53.4721
-53.5726
-53.666
-53.7172
-53.6751
-53.6773
-53.6684
-53.6668
-53.6634
-53.6665
-53.6245
-53.5869
-53.5973
-53.5987
-53.6245
-53.6297
-53.654
-53.7098
-53.7896
-53.8873
-53.9988
-54.1217
-54.254
-54.3943
-54.5413
-54.6939
-54.8509
-55.0114
-55.1746
-55.34
-55.5068
-55.6746
-55.7801
-55.8804
-55.9905
-56.0722
-55.9848
-55.8487
-55.6966
-55.4918
-55.3042
-55.123
-55.0237
-54.9759
-54.937
-54.8881
-54.8636
-54.8695
-54.7998
-54.6507
-54.5437
-54.3101
-53.958
-53.6305
-53.2414
-52.8123
-52.4751
-52.1573
-51.9368
-51.7814
-51.6405
-51.4716
-51.3568
-51.2699
-51.2137
-51.1623
-51.0721
-50.9645
-50.8772
-50.8264
-50.8141
-50.8306
-50.8598
-50.892
-50.9492
-51.0261
-51.1209
-51.2307
-51.3542
-51.4901
-51.6371
-51.7937
-51.959
-52.1321
-52.3119
-52.4978
-52.6892
-52.8849
-53.0488
-53.2203
-53.4005
-53.5883
-53.7804
-53.9752
-54.1717
-54.3691
-54.567
-54.765
-54.9625
-55.159
-55.3541
-55.5476
-55.7394
-55.9292
-56.1167
-56.3016
-56.4838
-56.6634
-56.8403
-57.0142
-57.1851
-57.3529
-57.5176
-57.6793
-57.8379
-57.9934
-58.1457
-58.2949
-58.441
-58.5839
-58.7239
-58.8608
-58.9948
-59.1258
-59.2539
-59.379
-59.5014
-59.6209
-59.7377
-59.8519
-59.9634
-60.0723
-60.1786
-60.2824
-60.3837
-60.4826
-60.5792
-60.6735
-60.7655
-60.8553
-60.9429
-61.0285
-61.1119
-61.1933
-61.2728
-61.3503
-61.4259
-61.4996
-61.5716
-61.6418
-61.7103
-61.7771
-61.8423
-61.9059
-61.9679
-62.0284
-62.0632
-61.7329
-61.1924
-60.8227
-60.5645
-60.3599
-60.1829
-60.041
-59.8993
-59.8035
-59.6974
-59.508
-59.328
-59.2013
-58.8839
-58.0183
-57.0883
-56.4207
-55.9482
-55.5766
-55.1697
-54.8669
-54.5974
-54.4078
-54.2096
-54.0252
-53.8632
-53.7537
-53.6911
-53.6658
-53.6694
-53.5768
-53.3265
-53.1656
-53.0579
-52.9489
-52.8685
-52.8348
-52.8149
-52.8187
-52.8516
-52.9084
-52.985
-53.0778
-53.1549
-53.1624
-53.2136
-53.2902
-53.3902
-53.5049
-53.5757
-53.6458
-53.7409
-53.855
-53.9321
-54.0058
-54.1042
-54.1898
-54.2835
-54.3957
-54.5217
-54.658
-54.8016
-54.9509
-55.1048
-55.2301
-55.3631
-55.5045
-55.6532
-55.8059
-55.9612
-56.1181
-56.2761
-56.4345
-56.593
-56.7157
-56.8212
-56.8142
-56.8519
-56.9159
-56.9638
-56.9769
-57.0237
-57.0475
-57.0991
-57.1681
-57.2514
-57.3441
-57.444
-57.5134
-57.5819
-57.6653
-57.6997
-57.7183
-57.7653
-57.8306
-57.8016
-57.6635
-57.4999
-57.3176
-57.1523
-57.0023
-56.7023
-56.3383
-55.9035
-55.4857
-55.0662
-54.4246
-53.8347
-53.4217
-53.1006
-52.8248
-52.6258
-52.4649
-52.3356

