-70
-70.0758
-70.1508
-70.225
-70.2983
-70.3706
-70.4419
-70.5122
-70.5814
-70.6496
-70.7168
-70.7829
-70.848
-70.9121
-70.9752
-71.0373
-71.0984
-71.1586
-71.2178
-71.2761
-71.3334
-71.3899
-71.4455
-71.5003
-71.5543
-71.6074
-71.6598
-71.7114
-71.7623
-71.8124
-71.8619
-71.9106
-71.9587
-72.006
-72.0527
-72.0988
-72.1442
-72.1889
-72.2331
-72.2766
-72.3196
-72.362
-72.4038
-72.445
-72.4857
-72.5258
-72.5654
-72.6045
-72.6431
-72.6812
-72.7188
-72.756
-72.7927
-72.8289
-72.8647
-72.9
-72.9349
-72.9694
-73.0035
-73.0371
-73.0704
-73.1032
-73.1357
-73.1678
-73.1994
-73.2307
-73.2617
-73.2922
-73.3224
-73.3523
-73.3817
-73.4109
-73.4397
-73.4682
-73.4963
-73.5241
-73.5516
-73.5788
-73.6057
-73.6323
-73.6585
-73.6845
-73.7102
-73.7356
-73.7608
-73.7857
-73.8103
-73.8346
-73.8587
-73.8825
-73.9061
-73.9294
-73.9524
-73.9753
-73.9979
-74.0202
-74.0423
-74.0642
-74.0859
-74.1073
-74.1285
-74.1495
-74.1703
-74.1909
-74.2112
-74.2313
-74.2513
-74.271
-74.2905
-74.3098
-74.329
-74.3479
-74.3666
-74.3852
-74.4036
-74.4217
-74.4397
-74.4575
-74.4752
-74.4926
-74.5099
-74.527
-74.544
-74.5607
-74.5774
-74.5938
-74.6101
-74.6262
-74.6422
-74.658
-74.6736
-74.6891
-74.7045
-74.7197
-74.7347
-74.7496
-74.7644
-74.779
-74.7935
-74.8079
-74.8221
-74.8362
-74.8501
-74.864
-74.8777
-74.8913
-74.9047
-74.918
-74.9313
-74.9443
-74.9573
-74.9701
-74.9829
-74.9955
-75.008
-75.0204
-75.0327
-75.0448
-75.0569
-75.0688
-75.0806
-75.0924
-75.104
-75.1155
-75.1269
-75.1382
-75.1495
-75.1606
-75.1716
-75.1825
-75.1933
-75.204
-75.2147
-75.2252
-75.2356
-75.246
-75.2562
-75.2664
-75.2764
-75.2864
-75.2963
-75.3061
-75.3158
-75.3255
-75.335
-75.3445
-75.3538
-75.3631
-75.3724
-75.3815
-75.3906
-75.3995
-75.4084
-75.4172
-75.426
-75.4346
-75.4432
-75.4518
-75.4602
-75.4686
-75.4769
-75.4851
-75.4932
-75.5013
-75.5093
-75.5173
-75.5251
-75.533
-75.5407
-75.5484
-75.556
-75.5635
-75.571
-75.5784
-75.5858
-75.593
-75.6003
-75.6074
-75.6145
-75.6216
-75.6285
-75.6355
-75.6423
-75.6491
-75.6559
-75.6626
-75.6692
-75.6758
-75.6823
-75.6888
-75.6952
-75.7015
-75.7078
-75.7141
-75.7203
-75.7264
-75.7325
-75.7386
-75.7446
-75.7505
-75.7564
-75.7622
-75.768
-75.7738
-75.7795
-75.7851
-75.7907
-75.7963
-75.8018
-75.8072
-75.8127
-75.818
-75.8234
-75.8287
-75.8339
-75.8391
-75.8443
-75.8494
-75.8545
-75.8595
-75.8645
-75.8695
-75.8744
-75.8793
-75.8841
-75.8889
-75.8937
-75.8984
-75.9031
-75.9077
-75.9123
-75.9169
-75.9214
-75.9259
-75.9304
-75.9348
-75.9392
-75.9436
-75.9479
-75.9522
-75.9565
-75.9607
-75.9649
-75.969
-75.9731
-75.9772
-75.9813
-75.9853
-75.9893
-75.9933
-75.9972
-76.0011
-76.005
-76.0088
-76.0126
-76.0164
-76.0201
-76.0239
-76.0275
-76.0312
-76.0348
-76.0384
-76.042
-76.0456
-76.0491
-76.0526
-76.056
-76.0595
-76.0629
-76.0663
-76.0696
-76.0729
-76.0762
-76.0795
-76.0828
-76.086
-76.0892
-76.0924
-76.0955
-76.0986
-76.1017
-76.1048
-76.1079
-76.1109
-76.1139
-76.1169
-76.1198
-76.1228
-76.1257
-76.1286
-76.1314
-76.1343
-76.1371
-76.1399
-76.1427
-76.1455
-76.1482
-76.1509
-76.1536
-76.1563
-76.1589
-76.1615
-76.1642
-76.1667
-76.1693
-76.1719
-76.1744
-76.1769
-76.1794
-76.1819
-76.1843
-76.1868
-76.1892
-76.1916
-76.1939
-76.1963
-76.1986
-76.201
-76.2033
-76.2056
-76.2078
-76.2101
-76.2123
-76.2145
-76.2167
-76.2189
-76.2211
-76.2232
-76.2254
-76.2275
-76.2296
-76.2317
-76.2337
-76.2358
-76.2378
-76.2398
-76.2418
-76.2438
-76.2458
-76.2478
-76.2497
-76.2516
-76.2536
-76.2554
-76.2573
-76.2592
-76.2611
-76.2629
-76.2647
-76.2665
-76.2683
-76.2701
-76.2719
-76.2737
-76.2754
-76.2771
-76.2788
-76.2806
-76.2822
-76.2839
-76.2856
-76.2872
-76.2889
-76.2905
-76.2921
-76.2937
-76.2953
-76.2969
-76.2985
-76.3
-76.3016
-76.3031
-76.3046
-76.3061
-76.3076
-76.3091
-76.3106
-76.312
-76.3135
-76.3149
-76.3164
-76.3178
-76.3192
-76.3206
-76.322
-76.3233
-76.3247
-76.3261
-76.3274
-76.3287
-76.33
-76.3314
-76.3327
-76.334
-76.3352
-76.3365
-76.3378
-76.339
-76.3403
-76.3415
-76.3427
-76.3439
-76.3452
-76.3464
-76.3475
-76.3487
-76.3499
-76.351
-76.3522
-76.3533
-76.3545
-76.3556
-76.3567
-76.3578
-76.3589
-76.36
-76.3611
-76.3622
-76.3632
-76.3643
-76.3654
-76.3664
-76.3674
-76.3685
-76.3695
-76.3705
-76.3715
-76.3725
-76.3735
-76.3745
-76.3754
-76.3764
-76.3774
-76.3783
-76.3793
-76.3802
-76.3811
-76.382
-76.383
-76.3839
-76.3848
-76.3857
-76.3866
-76.3874
-76.3883
-76.3892
-76.39
-76.3909
-76.3917
-76.3926
-76.3934
-76.3943
-76.3951
-76.3959
-76.3967
-76.3975
-76.3983
-76.3991
-76.3999
-76.4007
-76.4014
-76.4022
-74.8446
-70.5341
-67.0631
-64.4343
-62.3657
-60.6103
-58.888
-56.6535
-50.6465
33.7769
-16.042
-51.0817
-79.4364
-79.7448
-79.718
-78.7039
-77.7425
-77.3594
-77.063
-76.7661
-76.4587
-76.1412
-75.8161
-75.0514
-72.4933
-70.5197
-69.1545
-68.1283
-67.3111
-66.6352
-66.0627
-65.5711
-65.1464
-64.7788
-64.4612
-64.189
-63.9582
-64.9661
-66.9837
-67.5598
-66.827
-66.4191
-66.9522
-67.4208
-67.7014
-68.5092
-69.1633
-69.5602
-69.8119
-69.9808
-70.1005
-68.755
-66.4905
-64.9401
-63.9053
-63.1905
-62.6838
-62.3168
-62.0495
-61.8569
-61.7205
-61.6287
-61.574
-61.5511
-62.211
-63.691
-64.9131
-65.8636
-66.6092
-67.2019
-67.6799
-68.071
-68.3958
-69.2997
-70.172
-70.8289
-71.3294
-71.7182
-72.0255
-72.2723
-72.4736
-72.6399
-72.7792
-72.8973
-71.2673
-67.7032
-64.9805
-62.9685
-61.4056
-60.3617
-60.8258
-61.4356
-61.9645
-62.4227
-62.819
-61.6129
-60.162
-58.9336
-57.7081
-56.1245
-52.8275
38.8843
-6.37253
-37.7383
-77.4334
-78.7604
-78.6029
-78.3028
-78.0781
-77.8841
-77.6732
-77.3886
-77.0875
-76.8501
-76.6427
-76.4297
-76.2115
-76.0314
-75.8845
-75.757
-75.643
-75.5402
-75.4473
-75.3634
-75.2879
-75.2202
-75.1599
-75.1065
-75.0593
-75.0181
-74.9822
-74.9513
-74.925
-74.9027
-74.8842
-74.8691
-74.8571
-74.8479
-74.8411
-74.8365
-74.834
-74.8332
-74.834
-74.8362
-74.8397
-74.8443
-74.8499
-74.8563
-74.8635
-74.8713
-74.8797
-74.8887
-74.898
-74.9077
-74.9178
-74.9281
-74.9387
-74.9494
-74.9604
-74.9714
-74.9825
-74.9938
-75.005
-75.0164
-75.0277
-75.039
-75.0504
-75.0617
-75.073
-75.0843
-75.0955
-75.1067
-75.1178
-75.1289
-75.1399
-75.1509
-75.1618
-75.1726
-75.1833
-75.1939
-72.0217
-68.1208
-65.1513
-62.8615
-60.9809
-59.2303
-57.1521
-52.8142
43.9585
-9.1975
-40.4388
-78.8946
-79.7282
-79.7071
-79.67
-78.1481
-77.3178
-76.9292
-76.6016
-76.2745
-75.9397
-75.5977
-75.2514
-74.4624
-71.8122
-69.723
-68.2577
-67.1566
-66.2868
-65.5756
-64.9805
-64.4748
-64.0415
-63.6684
-63.3466
-63.7829
-65.7595
-67.2742
-68.3286
-69.0811
-69.6318
-68.5342
-67.4937
-66.9602
-66.8756
-67.4173
-67.8045
-68.0488
-68.2136
-68.5208
-69.2535
-69.7796
-70.1297
-70.373
-70.5492
-70.9579
-71.5012
-71.8871
-72.1595
-72.5141
-72.9659
-73.2871
-73.5123
-73.6753
-73.7969
-73.8901
-73.9635
-74.0226
-74.0715
-74.1127
-74.1481
-74.1793
-74.2072
-74.2325
-74.2559
-74.2777
-74.2983
-74.318
-74.3369
-74.3553
-74.3731
-74.5086
-74.6736
-74.8051
-74.5084
-70.7686
-67.5973
-65.3732
-63.7624
-62.5448
-61.5733
-60.7433
-59.9719
-59.1758
-58.2309
-56.74
-51.7307
39.7695
-13.1689
-45.4604
-78.8016
-79.313
-79.2387
-79.1458
-79.0435
-77.9447
-76.5697
-75.8967
-75.4291
-75.0085
-74.6001
-74.2018
-73.9864
-73.8903
-73.7491
-73.5814
-73.4288
-73.4624
-73.4761
-73.5101
-73.6692
-73.7709
-73.8247
-73.8516
-74.0173
-74.1705
-74.3624
-74.5676
-74.7034
-74.7935
-74.8555
-74.8997
-74.9323
-74.9572
-74.9769
-74.993
-75.0067
-75.0187
-75.0295
-75.0396
-75.0491
-75.0582
-75.0671
-75.076
-75.0847
-75.0935
-75.1023
-75.1111
-75.1201
-75.129
-75.1381
-75.1472
-75.1564
-75.1657
-75.175
-75.1844
-75.1938
-75.2033
-75.2127
-75.2222
-75.2317
-75.2412
-75.2507
-75.2602
-75.2697
-75.2791
-75.2885
-75.2979
-75.3073
-75.3166
-75.3259
-75.3351
-75.3443
-75.3534
-75.3625
-75.3715
-75.3805
-75.3894
-75.3982
-75.407
-75.4157
-75.4244
-75.433
-75.4415
-75.4499
-75.4583
-75.4667
-75.4749
-75.4831
-75.4912
-75.4993
-75.5073
-75.5152
-75.5231
-75.5309
-75.5386
-75.5463
-75.5539
-75.5615
-75.5689
-75.5764
-75.5837
-75.591
-75.5982
-75.6054
-75.6125
-75.2057
-71.1265
-67.445
-64.6708
-62.5076
-60.6955
-58.9498
-56.7438
-51.2014
36.238
-14.7546
-48.5392
-78.8877
-78.8391
-78.6745
-78.5156
-78.3431
-78.1566
-77.9564
-77.7434
-77.5189
-75.9287
-73.7979
-72.4548
-71.5206
-70.7839
-70.1584
-69.6063
-69.1099
-68.6604
-67.0405
-66.2572
-65.9678
-65.7712
-65.63
-65.5271
-65.7832
-66.5879
-67.4568
-68.5331
-69.2589
-69.9348
-69.5496
-67.8039
-66.673
-65.9956
-65.577
-65.3148
-65.8019
-66.5711
-67.8045
-68.7771
-69.4004
-69.9167
-70.7122
-71.2756
-71.6448
-71.8971
-72.0763
-72.2083
-72.309
-72.3884
-72.4531
-72.5074
-72.5543
-72.596
-72.6337
-72.6688
-72.7017
-72.9709
-73.293
-73.5431
-73.7375
-73.8916
-74.0156
-74.1172
-74.2014
-74.2723
-74.3327
-74.3849
-74.4303
-74.4705
-74.5062
-74.5385
-74.5677
-72.7375
-68.8077
-65.7559
-63.4646
-61.6572
-60.0978
-58.5245
-56.4247
-50.8417
34.9655
-15.7778
-50.3588
-79.3701
-78.8545
-78.5454
-78.3649
-78.1766
-77.9739
-77.757
-77.5269
-77.2851
-76.934
-74.4944
-72.5489
-71.2861
-70.3589
-69.6145

