-70
-70.0758
-70.1508
-70.225
-70.2983
-70.3706
-70.4419
-70.5122
-70.5814
-70.6496
-70.7168
-70.7829
-70.848
-70.9121
-70.9752
-71.0373
-71.0984
-71.1586
-71.2178
-71.2761
-71.3334
-71.3899
-71.4455
-71.5003
-71.5543
-71.6074
-71.6598
-71.7114
-71.7623
-71.8124
-71.8619
-71.9106
-71.9587
-72.006
-72.0527
-72.0988
-72.1442
-72.1889
-72.2331
-72.2766
-72.3196
-72.362
-72.4038
-72.445
-72.4857
-72.5258
-72.5654
-72.6045
-72.6431
-72.6812
-72.7188
-72.756
-72.7927
-72.8289
-72.8647
-72.9
-72.9349
-72.9694
-73.0035
-73.0371
-73.0704
-73.1032
-73.1357
-73.1678
-73.1994
-73.2307
-73.2617
-73.2922
-73.3224
-73.3523
-73.3817
-73.4109
-73.4397
-73.4682
-73.4963
-73.5241
-73.5516
-73.5788
-73.6057
-73.6323
-73.6585
-73.6845
-73.7102
-73.7356
-73.7608
-73.7857
-73.8103
-73.8346
-73.8587
-73.8825
-73.9061
-73.9294
-73.9524
-73.9753
-73.9979
-74.0202
-74.0423
-74.0642
-74.0859
-74.1073
-74.1285
-74.1495
-74.1703
-74.1909
-74.2112
-74.2313
-74.2513
-74.271
-74.2905
-74.3098
-74.329
-74.3479
-74.3666
-74.3852
-74.4036
-74.4217
-74.4397
-74.4575
-74.4752
-74.4926
-74.5099
-74.527
-74.544
-74.5607
-74.5774
-74.5938
-74.6101
-74.6262
-74.6422
-74.658
-74.6736
-74.6891
-74.7045
-74.7197
-74.7347
-74.7496
-74.7644
-74.779
-74.7935
-74.8079
-74.8221
-74.8362
-74.8501
-74.864
-74.8777
-74.8913
-74.9047
-74.918
-74.9313
-74.9443
-74.9573
-74.9701
-74.9829
-74.9955
-75.008
-75.0204
-75.0327
-75.0448
-75.0569
-75.0688
-75.0806
-75.0924
-75.104
-75.1155
-75.1269
-75.1382
-75.1495
-75.1606
-75.1716
-75.1825
-75.1933
-75.204
-75.2147
-75.2252
-75.2356
-75.246
-75.2562
-75.2664
-75.2764
-75.2864
-75.2963
-75.3061
-75.3158
-75.3255
-75.335
-75.3445
-75.3538
-75.3631
-75.3724
-75.3815
-75.3906
-75.3995
-75.4084
-75.4172
-75.426
-75.4346
-75.4432
-75.4518
-75.4602
-75.4686
-75.4769
-75.4851
-75.4932
-75.5013
-75.5093
-75.5173
-75.5251
-75.533
-75.5407
-75.5484
-75.556
-75.5635
-75.571
-75.5784
-75.5858
-75.593
-75.6003
-75.6074
-75.6145
-75.6216
-75.6285
-75.6355
-75.6423
-75.6491
-75.6559
-75.6626
-75.6692
-75.6758
-75.6823
-75.6888
-75.6952
-75.7015
-75.7078
-75.7141
-75.7203
-75.7264
-75.7325
-75.7386
-75.7446
-75.7505
-75.7564
-75.7622
-75.768
-75.7738
-75.7795
-75.7851
-75.7907
-75.7963
-75.8018
-75.8072
-75.8127
-75.818
-75.8234
-75.8287
-75.8339
-75.8391
-75.8443
-75.8494
-75.8545
-75.8595
-75.8645
-75.8695
-75.8744
-75.8793
-75.8841
-75.8889
-75.8937
-75.8984
-75.9031
-75.9077
-75.9123
-75.9169
-75.9214
-75.9259
-75.9304
-75.9348
-75.9392
-75.9436
-75.9479
-75.9522
-75.9565
-75.9607
-75.9649
-75.969
-75.9731
-75.9772
-75.9813
-75.9853
-75.9893
-75.9933
-75.9972
-76.0011
-76.005
-76.0088
-76.0126
-76.0164
-76.0201
-76.0239
-76.0275
-76.0312
-76.0348
-76.0384
-76.042
-76.0456
-76.0491
-76.0526
-76.056
-76.0595
-76.0629
-76.0663
-76.0696
-76.0729
-76.0762
-76.0795
-76.0828
-76.086
-76.0892
-76.0924
-76.0955
-76.0986
-76.1017
-76.1048
-76.1079
-76.1109
-76.1139
-76.1169
-76.1198
-76.1228
-76.1257
-76.1286
-76.1314
-76.1343
-76.1371
-76.1399
-76.1427
-76.1455
-76.1482
-76.1509
-76.1536
-76.1563
-76.1589
-76.1615
-76.1642
-76.1667
-76.1693
-76.1719
-76.1744
-76.1769
-76.1794
-76.1819
-76.1843
-76.1868
-76.1892
-76.1916
-76.1939
-76.1963
-76.1986
-76.201
-76.2033
-76.2056
-76.2078
-76.2101
-76.2123
-76.2145
-76.2167
-76.2189
-76.2211
-76.2232
-76.2254
-76.2275
-76.2296
-76.2317
-76.2337
-76.2358
-76.2378
-76.2398
-76.2418
-76.2438
-76.2458
-76.2478
-76.2497
-76.2516
-76.2536
-76.2554
-76.2573
-76.2592
-76.2611
-76.2629
-76.2647
-76.2665
-76.2683
-76.2701
-76.2719
-76.2737
-76.2754
-76.2771
-76.2788
-76.2806
-76.2822
-76.2839
-76.2856
-76.2872
-76.2889
-76.2905
-76.2921
-76.2937
-76.2953
-76.2969
-76.2985
-76.3
-76.3016
-76.3031
-76.3046
-76.3061
-76.3076
-76.3091
-76.3106
-76.312
-76.3135
-76.3149
-76.3164
-76.3178
-76.3192
-76.3206
-76.322
-76.3233
-76.3247
-76.3261
-76.3274
-76.3287
-76.33
-76.3314
-76.3327
-76.334
-76.3352
-76.3365
-76.3378
-76.339
-76.3403
-76.3415
-76.3427
-76.3439
-76.3452
-76.3464
-76.3475
-76.3487
-76.3499
-76.351
-76.3522
-76.3533
-76.3545
-76.3556
-76.3567
-76.3578
-76.3589
-76.36
-76.3611
-76.3622
-76.3632
-76.3643
-76.3654
-76.3664
-76.3674
-76.3685
-76.3695
-76.3705
-76.3715
-76.3725
-76.3735
-76.3745
-76.3754
-76.3764
-76.3774
-76.3783
-76.3793
-76.3802
-76.3811
-76.382
-76.383
-76.3839
-76.3848
-76.3857
-76.3866
-76.3874
-76.3883
-76.3892
-76.39
-76.3909
-76.3917
-76.3926
-76.3934
-76.3943
-76.3951
-76.3959
-76.3967
-76.3975
-76.3983
-76.3991
-76.3999
-76.4007
-76.4014
-76.4022
-75.9782
-71.7854
-68.0015
-65.1526
-62.9424
-61.119
-59.4235
-55.8388
-36.3299
12.0187
-26.0835
-71.8542
-79.1271
-79.0897
-78.9789
-77.8752
-76.8022
-75.8915
-74.0237
-73.0092
-72.3332
-71.7388
-71.1719
-70.5421
-68.2326
-66.3235
-64.4094
-61.9381
-60.1129
-58.6161
-57.0464
-54.6392
-40.7316
10.8955
-27.0911
-71.5815
-78.821
-78.7907
-78.6487
-78.4905
-77.7526
-76.2683
-75.5066
-74.18
-71.6328
-70.4407
-69.7173
-69.5036
-69.5317
-69.8281
-69.903
-69.8402
-69.7235
-69.5889
-69.4532
-69.3244
-69.2064
-68.5919
-65.8093
-63.6373
-62.1322
-61.0102
-60.0977
-59.2744
-58.431
-57.4169
-55.8749
-52.0179
43.763
-11.3812
-42.987
-78.7978
-79.7157
-79.7035
-79.6671
-78.0818
-76.9711
-76.4743
-76.0934
-75.7286
-75.3625
-74.9934
-72.2778
-69.2183
-67.2748
-65.9454
-64.9529
-64.1633
-62.9699
-60.4736
-58.2793
-55.8275
-49.4984
29.5798
-18.8331
-55.7508
-78.5479
-78.7034
-77.6426
-77.0669
-76.7227
-75.9938
-74.2546
-73.2668
-72.6032
-72.0205
-71.4654
-70.9266
-70.4035
-69.8985
-69.4153
-68.9568
-68.5261
-68.3242
-68.7017
-69.4948
-70.6681
-71.4142
-71.8621
-72.2023
-72.6864
-73.0224
-73.2378
-73.3812
-73.48
-73.5506
-73.6027
-73.6427
-73.6745
-73.7008
-73.7235
-73.7437
-73.7623
-73.7799
-73.7969
-73.8135
-73.83
-73.8466
-73.8632
-73.88
-73.8971
-73.9143
-73.9317
-73.9494
-73.9673
-73.9854
-74.0036
-74.022
-74.0406
-74.0592
-74.078
-74.0968
-74.1156
-74.1345
-74.1534
-74.1723
-74.1912
-74.2101
-74.2289
-74.2476
-74.2663
-74.2849
-74.3034
-74.3217
-74.34
-74.3582
-74.3763
-74.3942
-74.412
-74.2811
-70.5253
-66.9041
-64.169
-62.0278
-60.2046
-58.3718
-55.8001
-45.1648
19.2682
-23.0532
-66.7686
-79.6175
-79.7124
-79.6784
-78.6227
-77.2876
-76.7756
-76.4141
-76.0634
-75.7052
-75.3387
-74.9664
-73.9511
-70.4916
-68.0295
-66.4038
-64.8558
-62.0494
-59.8205
-57.8969
-55.4697
-46.0994
19.5615
-23.0895
-65.4954
-78.514
-77.9642
-77.652
-77.3861
-76.8807
-75.2611
-74.3662
-73.7806
-73.2536
-72.1501
-69.8558
-68.3103
-67.2624
-65.0144
-63.0645
-61.7044
-60.6496
-59.7337
-58.8441
-57.8603
-58.162
-58.8943
-59.5921
-58.6375
-56.3497
-54.9869
-51.8658
41.9609
-9.75829
-41.2862
-77.812
-78.7824
-78.6671
-78.5171
-78.3545
-78.1806
-77.9962
-77.8025
-77.6012
-77.3939
-77.1828
-76.97
-76.0819
-72.4524
-69.7407
-67.9158
-66.6051
-65.6145
-64.3787
-61.3526
-58.7864
-56.1391
-49.6461
30.2059
-18.3506
-55.371
-79.1014
-79.3195
-79.2413
-79.1487
-79.0471
-78.9366
-78.8175
-77.1424
-74.7213
-72.0787
-69.1779
-67.4864
-66.3784
-65.5399
-64.8473
-64.246
-63.7103
-62.1002
-59.5507
-56.2985
-50.3859
33.9827
-16.8718
-51.626
-78.6062
-78.892
-78.7667
-77.677
-75.9238
-74.5653
-73.871
-73.3152
-72.7794
-72.2463
-71.7156
-71.1913
-70.7613
-70.7051
-70.5825
-70.3898
-70.17
-69.9448
-69.7259
-69.5744
-69.9174
-70.2199
-70.4186
-70.5516
-70.6429
-70.7076
-70.8002
-71.2728
-71.6873
-71.9942
-72.2266
-72.4066
-72.5492
-72.6643
-72.8348
-73.1927
-73.4841
-73.7052
-73.8765
-74.0117
-74.1204
-74.2092
-74.2828
-74.3448
-74.3977
-74.4434
-74.4834
-74.5189
-74.5506
-74.5794
-74.6056
-74.6298
-74.6523
-74.6735
-74.6934
-74.7123
-74.7304
-74.7478
-74.7646
-74.7808
-74.7966
-74.812
-74.827
-74.8417
-74.8562
-74.8704
-74.8843
-74.8981
-74.9117
-74.9251
-74.9383
-74.9514
-74.9644
-74.9772
-74.9898
-75.0024
-75.0148
-75.0271
-75.0393
-75.0514
-75.0633
-75.0752
-75.0869
-75.0986
-75.1101
-75.1216
-75.1329
-75.1441
-75.1553
-75.1663
-75.1772
-75.1881
-75.1988
-75.2095
-75.2201
-75.2305
-75.2409
-75.2512
-75.2614
-75.2715
-75.2815
-74.8798
-67.6869
-61.5884
-57.0731
-48.1999
26.0812
-19.6033
-58.9021
-79.0354
-79.1097
-79.0024
-78.8815
-78.1032
-75.7877
-73.8551
-72.9482
-72.3045
-71.7185
-71.151
-70.5956
-70.0539
-68.9674
-66.0391
-62.632
-60.2964
-58.5024
-56.6478
-53.483
14.9241
-1.80031
-34.0183
-76.2877
-77.7439
-77.4295
-77.1411
-76.8327
-76.5037
-76.1555
-75.7904
-75.4111
-75.0211
-74.1366
-71.487
-69.9569
-69.0474
-68.4479
-68.5024
-67.579
-65.2834
-63.7739
-62.8085
-62.5607
-63.1773
-63.6323
-63.9257
-64.1239
-64.2654
-64.3729
-64.4608
-64.5382
-64.6109
-64.6825
-64.7554
-64.8313
-64.9109
-64.995
-65.0837
-65.1771
-65.275
-65.3772
-65.4831
-65.5924
-65.7049
-65.82
-65.9375
-66.0571
-66.1782
-66.3008
-66.4244
-66.5485
-66.6728
-66.797
-66.921
-66.9337
-64.241
-61.6044
-59.4939
-57.5132
-54.9032
-45.3218
16.5345
-24.849
-67.694
-78.6426
-78.665
-78.5116
-78.339
-77.6408
-75.7139
-74.7575
-73.2891
-71.0683
-69.745
-68.8478
-68.1235
-67.4878
-66.8371
-64.6048
-62.6677
-60.8744
-58.3205
-55.661

