-70
-70.0758
-70.1508
-70.225
-70.2983
-70.3706
-70.4419
-70.5122
-70.5814
-70.6496
-70.7168
-70.7829
-70.848
-70.9121
-70.9752
-71.0373
-71.0984
-71.1586
-71.2178
-71.2761
-71.3334
-71.3899
-71.4455
-71.5003
-71.5543
-71.6074
-71.6598
-71.7114
-71.7623
-71.8124
-71.8619
-71.9106
-71.9587
-72.006
-72.0527
-72.0988
-72.1442
-72.1889
-72.2331
-72.2766
-72.3196
-72.362
-72.4038
-72.445
-72.4857
-72.5258
-72.5654
-72.6045
-72.6431
-72.6812
-72.7188
-72.756
-72.7927
-72.8289
-72.8647
-72.9
-72.9349
-72.9694
-73.0035
-73.0371
-73.0704
-73.1032
-73.1357
-73.1678
-73.1994
-73.2307
-73.2617
-73.2922
-73.3224
-73.3523
-73.3817
-73.4109
-73.4397
-73.4682
-73.4963
-73.5241
-73.5516
-73.5788
-73.6057
-73.6323
-73.6585
-73.6845
-73.7102
-73.7356
-73.7608
-73.7857
-73.8103
-73.8346
-73.8587
-73.8825
-73.9061
-73.9294
-73.9524
-73.9753
-73.9979
-74.0202
-74.0423
-74.0642
-74.0859
-74.1073
-74.1285
-74.1495
-74.1703
-74.1909
-74.2112
-74.2313
-74.2513
-74.271
-74.2905
-74.3098
-74.329
-74.3479
-74.3666
-74.3852
-74.4036
-74.4217
-74.4397
-74.4575
-74.4752
-74.4926
-74.5099
-74.527
-74.544
-74.5607
-74.5774
-74.5938
-74.6101
-74.6262
-74.6422
-74.658
-74.6736
-74.6891
-74.7045
-74.7197
-74.7347
-74.7496
-74.7644
-74.779
-74.7935
-74.8079
-74.8221
-74.8362
-74.8501
-74.864
-74.8777
-74.8913
-74.9047
-74.918
-74.9313
-74.9443
-74.9573
-74.9701
-74.9829
-74.9955
-75.008
-75.0204
-75.0327
-75.0448
-75.0569
-75.0688
-75.0806
-75.0924
-75.104
-75.1155
-75.1269
-75.1382
-75.1495
-75.1606
-75.1716
-75.1825
-75.1933
-75.204
-75.2147
-75.2252
-75.2356
-75.246
-75.2562
-75.2664
-75.2764
-75.2864
-75.2963
-75.3061
-75.3158
-75.3255
-75.335
-75.3445
-75.3538
-75.3631
-75.3724
-75.3815
-75.3906
-75.3995
-75.4084
-75.4172
-75.426
-75.4346
-75.4432
-75.4518
-75.4602
-75.4686
-75.4769
-75.4851
-75.4932
-75.5013
-75.5093
-75.5173
-75.5251
-75.533
-75.5407
-75.5484
-75.556
-75.5635
-75.571
-75.5784
-75.5858
-75.593
-75.6003
-75.6074
-75.6145
-75.6216
-75.6285
-75.6355
-75.6423
-75.6491
-75.6559
-75.6626
-75.6692
-75.6758
-75.6823
-75.6888
-75.6952
-75.7015
-75.7078
-75.7141
-75.7203
-75.7264
-75.7325
-75.7386
-75.7446
-75.7505
-75.7564
-75.7622
-75.768
-75.7738
-75.7795
-75.7851
-75.7907
-75.7963
-75.8018
-75.8072
-75.8127
-75.818
-75.8234
-75.8287
-75.8339
-75.8391
-75.8443
-75.8494
-75.8545
-75.8595
-75.8645
-75.8695
-75.8744
-75.8793
-75.8841
-75.8889
-75.8937
-75.8984
-75.9031
-75.9077
-75.9123
-75.9169
-75.9214
-75.9259
-75.9304
-75.9348
-75.9392
-75.9436
-75.9479
-75.9522
-75.9565
-75.9607
-75.9649
-75.969
-75.9731
-75.9772
-75.9813
-75.9853
-75.9893
-75.9933
-75.9972
-76.0011
-76.005
-76.0088
-76.0126
-76.0164
-76.0201
-76.0239
-76.0275
-76.0312
-76.0348
-76.0384
-76.042
-76.0456
-76.0491
-76.0526
-76.056
-76.0595
-76.0629
-76.0663
-76.0696
-76.0729
-76.0762
-76.0795
-76.0828
-76.086
-76.0892
-76.0924
-76.0955
-76.0986
-76.1017
-76.1048
-76.1079
-76.1109
-76.1139
-76.1169
-76.1198
-76.1228
-76.1257
-76.1286
-76.1314
-76.1343
-76.1371
-76.1399
-76.1427
-76.1455
-76.1482
-76.1509
-76.1536
-76.1563
-76.1589
-76.1615
-76.1642
-76.1667
-76.1693
-76.1719
-76.1744
-76.1769
-76.1794
-76.1819
-76.1843
-76.1868
-76.1892
-76.1916
-76.1939
-76.1963
-76.1986
-76.201
-76.2033
-76.2056
-76.2078
-76.2101
-76.2123
-76.2145
-76.2167
-76.2189
-76.2211
-76.2232
-76.2254
-76.2275
-76.2296
-76.2317
-76.2337
-76.2358
-76.2378
-76.2398
-76.2418
-76.2438
-76.2458
-76.2478
-76.2497
-76.2516
-76.2536
-76.2554
-76.2573
-76.2592
-76.2611
-76.2629
-76.2647
-76.2665
-76.2683
-76.2701
-76.2719
-76.2737
-76.2754
-76.2771
-76.2788
-76.2806
-76.2822
-76.2839
-76.2856
-76.2872
-76.2889
-76.2905
-76.2921
-76.2937
-76.2953
-76.2969
-76.2985
-76.3
-76.3016
-76.3031
-76.3046
-76.3061
-76.3076
-76.3091
-76.3106
-76.312
-76.3135
-76.3149
-76.3164
-76.3178
-76.3192
-76.3206
-76.322
-76.3233
-76.3247
-76.3261
-76.3274
-76.3287
-76.33
-76.3314
-76.3327
-76.334
-76.3352
-76.3365
-76.3378
-76.339
-76.3403
-76.3415
-76.3427
-76.3439
-76.3452
-76.3464
-76.3475
-76.3487
-76.3499
-76.351
-76.3522
-76.3533
-76.3545
-76.3556
-76.3567
-76.3578
-76.3589
-76.36
-76.3611
-76.3622
-76.3632
-76.3643
-76.3654
-76.3664
-76.3674
-76.3685
-76.3695
-76.3705
-76.3715
-76.3725
-76.3735
-76.3745
-76.3754
-76.3764
-76.3774
-76.3783
-76.3793
-76.3802
-76.3811
-76.382
-76.383
-76.3839
-76.3848
-76.3857
-76.3866
-76.3874
-76.3883
-76.3892
-76.39
-76.3909
-76.3917
-76.3926
-76.3934
-76.3943
-76.3951
-76.3959
-76.3967
-76.3975
-76.3983
-76.3991
-76.3999
-76.4007
-76.4014
-76.4022
-76.403
-76.4037
-76.4045
-76.4052
-76.406
-76.4067
-76.4074
-76.4082
-76.4089
-76.4096
-76.4103
-76.411
-76.4117
-76.4124
-76.4131
-76.4137
-76.4144
-76.4151
-76.4158
-76.4164
-76.4171
-76.4177
-76.4184
-76.419
-76.4196
-76.4203
-76.4209
-76.4215
-76.4221
-76.4227
-76.4234
-76.424
-76.4246
-76.4251
-76.4257
-76.4263
-76.4269
-76.4275
-76.4239
-76.3572
-76.2866
-76.2365
-76.2006
-76.1744
-76.155
-76.1404
-76.1294
-76.121
-76.1147
-76.11
-76.1065
-76.104
-76.1023
-76.1013
-76.1008
-76.1008
-76.0966
-76.0872
-76.08
-76.0748
-76.0711
-76.0668
-76.0586
-76.0525
-76.0484
-76.0457
-76.0441
-76.0432
-76.043
-76.0432
-76.0438
-76.0447
-76.0459
-76.0473
-76.0489
-76.0507
-76.0526
-76.0546
-76.0568
-76.059
-76.0614
-76.0638
-76.0663
-76.0688
-76.0715
-76.0741
-76.0768
-76.0795
-76.0823
-76.0851
-76.0879
-76.0907
-76.0935
-76.0964
-76.0992
-76.1021
-76.1049
-76.1078
-76.1106
-76.1135
-76.1163
-76.1192
-76.122
-76.1248
-76.1276
-76.1299
-76.1204
-76.1105
-76.1021
-76.0835
-76.0653
-76.0525
-76.0407
-76.0333
-76.0288
-76.0261
-76.0247
-76.0241
-76.0241
-76.0245
-76.0253
-76.0263
-76.0276
-76.029
-76.0306
-76.0324
-76.0342
-76.0362
-76.0383
-76.0405
-76.0428
-76.0451
-76.0456
-76.0436
-76.0422
-76.0416
-76.0415
-76.0419
-76.0426
-76.0436
-76.0449
-76.0463
-76.048
-76.0498
-76.0518
-76.0539
-76.056
-76.0583
-76.0607
-76.0631
-76.0656
-76.0682
-76.0708
-76.0735
-76.0762
-76.0789
-76.0817
-76.0845
-76.0873
-76.0901
-76.093
-76.0958
-76.0987
-76.1015
-76.1044
-76.1073
-76.1101
-76.113
-76.1158
-76.1187
-76.1215
-76.1243
-76.1271
-76.1299
-76.1327
-76.1355
-76.1382
-76.141
-76.1437
-76.1464
-76.1491
-76.1518
-76.1544
-76.1571
-76.1597
-76.1623
-76.1649
-76.1674
-76.17
-76.1725
-76.175
-76.1775
-76.18
-76.1825
-76.1849
-76.1873
-76.1897
-76.1921
-76.1945
-76.1968
-76.1992
-76.2015
-76.2038
-76.2061
-76.2083
-76.2106
-76.2128
-76.215
-76.2172
-76.2194
-76.2216
-76.2237
-76.2258
-76.2279
-76.23
-76.2321
-76.2305
-76.211
-76.1933
-76.178
-76.1523
-76.1313
-76.1161
-76.1049
-76.0886
-76.075
-76.0655
-76.059
-76.0545
-76.0515
-76.0496
-76.0485
-76.048
-76.0481
-76.0486
-76.0494
-76.0505
-76.0518
-76.0534
-76.0551
-76.057
-76.059
-76.0611
-76.0633
-76.0657
-76.0681
-76.0694
-76.0654
-76.0618
-76.0594
-76.0579
-76.0572
-76.0569
-76.0572
-76.0578
-76.0587
-76.0599
-76.0613
-76.0629
-76.0647
-76.0666
-76.0687
-76.0708
-76.0731
-76.0754
-76.0778
-76.0803
-76.0828
-76.0854
-76.0881
-76.0907
-76.0934
-76.0961
-76.0989
-76.1016
-76.1044
-76.1072
-76.11
-76.1128
-76.1156
-76.1183
-76.1211
-76.1239
-76.1267
-76.1294
-76.1322
-76.135
-76.1377
-76.1329
-76.1218
-76.113
-76.1064
-76.1015
-76.0979
-76.0907
-76.0809
-76.0682
-76.0573
-76.0497
-76.0412
-76.0351
-76.0314
-76.0291
-76.0279
-76.0275
-76.0275
-76.028
-76.0289
-76.03
-76.0313
-76.0328
-76.0344
-76.0362
-76.0382
-76.0402
-76.0424
-76.0446
-76.0469
-76.0464
-76.0443
-76.043
-76.0425
-76.0424
-76.0428
-76.0435
-76.0446
-76.0458
-76.0473
-76.049
-76.0508
-76.0528
-76.0549
-76.0571
-76.0594
-76.0617
-76.0642
-76.0667
-76.0693
-76.0719
-76.0746
-76.0773
-76.08
-76.0828
-76.0856
-76.0884
-76.0912
-76.094
-76.0969
-76.0997
-76.1026
-76.1055
-76.1083
-76.1112
-76.114
-76.1169
-76.1197
-76.1225
-76.1253
-76.1281
-76.1309
-76.1337
-76.1365
-76.1392
-76.142
-76.1447
-76.1474
-76.1501
-76.1527
-76.1554
-76.158
-76.1606
-76.1632
-76.1658
-76.1684
-76.1709
-76.1734
-76.1759
-76.1784
-76.1809
-76.1834
-76.1858
-76.1882
-76.1906
-76.193
-76.1953
-76.1977
-76.2
-76.2023
-76.2046
-76.2069
-76.2091
-76.2114
-76.2136
-76.2158
-76.218
-76.2202
-76.2223
-76.2245
-76.2266
-76.2287
-76.2308
-76.2329
-76.2349
-76.237
-76.239
-76.241
-76.243
-76.245
-76.2469
-76.2489
-76.2508
-76.2527
-76.2546
-76.2565
-76.2584
-76.2603
-76.2621
-76.264
-76.2572
-76.2342
-76.2147
-76.1995
-76.1781
-76.1529
-76.1341
-76.1202
-76.1099
-76.1022
-76.0965
-76.0923
-76.0893
-76.0872
-76.0806
-76.0722
-76.0661
-76.0618
-76.0589
-76.057
-76.0559
-76.0554
-76.0555
-76.0559
-76.0567
-76.0578
-76.0591
-76.0606
-76.0624
-76.0642
-76.0662
-76.0683
-76.0705
-76.0729
-76.0752
-76.0777
-76.0802
-76.0828
-76.0854
-76.0881
-76.0861
-76.0802
-76.0757
-76.0725
-76.0703
-76.069
-76.0683
-76.0681
-76.0684
-76.069
-76.07
-76.0712
-76.0726
-76.0742
-76.076
-76.0779
-76.0799
-76.0821
-76.0843
-76.0867
-76.0891
-76.0915
-76.094
-76.0966
-76.0992
-76.1018
-76.1045
-76.1071
-76.1098
-76.1126
-76.1153
-76.118
-76.1207
-76.1235
-76.1262
-76.1289
-76.1316
-76.1344
-76.1371
-76.1398

