-70
-70.0758
-70.1508
-70.225
-70.2983
-70.3706
-70.4419
-70.5122
-70.5814
-70.6496
-70.7168
-70.7829
-70.848
-70.9121
-70.9752
-71.0373
-71.0984
-71.1586
-71.2178
-71.2761
-71.3334
-71.3899
-71.4455
-71.5003
-71.5543
-71.6074
-71.6598
-71.7114
-71.7623
-71.8124
-71.8619
-71.9106
-71.9587
-72.006
-72.0527
-72.0988
-72.1442
-72.1889
-72.2331
-72.2766
-72.3196
-72.362
-72.4038
-72.445
-72.4857
-72.5258
-72.5654
-72.6045
-72.6431
-72.6812
-72.7188
-72.756
-72.7927
-72.8289
-72.8647
-72.9
-72.9349
-72.9694
-73.0035
-73.0371
-73.0704
-73.1032
-73.1357
-73.1678
-73.1994
-73.2307
-73.2617
-73.2922
-73.3224
-73.3523
-73.3817
-73.4109
-73.4397
-73.4682
-73.4963
-73.5241
-73.5516
-73.5788
-73.6057
-73.6323
-73.6585
-73.6845
-73.7102
-73.7356
-73.7608
-73.7857
-73.8103
-73.8346
-73.8587
-73.8825
-73.9061
-73.9294
-73.9524
-73.9753
-73.9979
-74.0202
-74.0423
-74.0642
-74.0859
-74.1073
-74.1285
-74.1495
-74.1703
-74.1909
-74.2112
-74.2313
-74.2513
-74.271
-74.2905
-74.3098
-74.329
-74.3479
-74.3666
-74.3852
-74.4036
-74.4217
-74.4397
-74.4575
-74.4752
-74.4926
-74.5099
-74.527
-74.544
-74.5607
-74.5774
-74.5938
-74.6101
-74.6262
-74.6422
-74.658
-74.6736
-74.6891
-74.7045
-74.7197
-74.7347
-74.7496
-74.7644
-74.779
-74.7935
-74.8079
-74.8221
-74.8362
-74.8501
-74.864
-74.8777
-74.8913
-74.9047
-74.918
-74.9313
-74.9443
-74.9573
-74.9701
-74.9829
-74.9955
-75.008
-75.0204
-75.0327
-75.0448
-75.0569
-75.0688
-75.0806
-75.0924
-75.104
-75.1155
-75.1269
-75.1382
-75.1495
-75.1606
-75.1716
-75.1825
-75.1933
-75.204
-75.2147
-75.2252
-75.2356
-75.246
-75.2562
-75.2664
-75.2764
-75.2864
-75.2963
-75.3061
-75.3158
-75.3255
-75.335
-75.3445
-75.3538
-75.3631
-75.3724
-75.3815
-75.3906
-75.3995
-75.4084
-75.4172
-75.426
-75.4346
-75.4432
-75.4518
-75.4602
-75.4686
-75.4769
-75.4851
-75.4932
-75.5013
-75.5093
-75.5173
-75.5251
-75.533
-75.5407
-75.5484
-75.556
-75.5635
-75.571
-75.5784
-75.5858
-75.593
-75.6003
-75.6074
-75.6145
-75.6216
-75.6285
-75.6355
-75.6423
-75.6491
-75.6559
-75.6626
-75.6692
-75.6758
-75.6823
-75.6888
-75.6952
-75.7015
-75.7078
-75.7141
-75.7203
-75.7264
-75.7325
-75.7386
-75.7446
-75.7505
-75.7564
-75.7622
-75.768
-75.7738
-75.7795
-75.7851
-75.7907
-75.7963
-75.8018
-75.8072
-75.8127
-75.818
-75.8234
-75.8287
-75.8339
-75.8391
-75.8443
-75.8494
-75.8545
-75.8595
-75.8645
-75.8695
-75.8744
-75.8793
-75.8841
-75.8889
-75.8937
-75.8984
-75.9031
-75.9077
-75.9123
-75.9169
-75.9214
-75.9259
-75.9304
-75.9348
-75.9392
-75.9436
-75.9479
-75.9522
-75.9565
-75.9607
-75.9649
-75.969
-75.9731
-75.9772
-75.9813
-75.9853
-75.9893
-75.9933
-75.9972
-76.0011
-76.005
-76.0088
-76.0126
-76.0164
-76.0201
-76.0239
-76.0275
-76.0312
-76.0348
-76.0384
-76.042
-76.0456
-76.0491
-76.0526
-76.056
-76.0595
-76.0629
-76.0663
-76.0696
-76.0729
-76.0762
-76.0795
-76.0828
-76.086
-76.0892
-76.0924
-76.0955
-76.0986
-76.1017
-76.1048
-76.1079
-76.1109
-76.1139
-76.1169
-76.1198
-76.1228
-76.1257
-76.1286
-76.1314
-76.1343
-76.1371
-76.1399
-76.1427
-76.1455
-76.1482
-76.1509
-76.1536
-76.1563
-76.1589
-76.1615
-76.1642
-76.1667
-76.1693
-76.1719
-76.1744
-76.1769
-76.1794
-76.1819
-76.1843
-76.1868
-76.1892
-76.1916
-76.1939
-76.1963
-76.1986
-76.201
-76.2033
-76.2056
-76.2078
-76.2101
-76.2123
-76.2145
-76.2167
-76.2189
-76.2211
-76.2232
-76.2254
-76.2275
-76.2296
-76.2317
-76.2337
-76.2358
-76.2378
-76.2398
-76.2418
-76.2438
-76.2458
-76.2478
-76.2497
-76.2516
-76.2536
-76.2554
-76.2573
-76.2592
-76.2611
-76.2629
-76.2647
-76.2665
-76.2683
-76.2701
-76.2719
-76.2737
-76.2754
-76.2771
-76.2788
-76.2806
-76.2822
-76.2839
-76.2856
-76.2872
-76.2889
-76.2905
-76.2921
-76.2937
-76.2953
-76.2969
-76.2985
-76.3
-76.3016
-76.3031
-76.3046
-76.3061
-76.3076
-76.3091
-76.3106
-76.312
-76.3135
-76.3149
-76.3164
-76.3178
-76.3192
-76.3206
-76.322
-76.3233
-76.3247
-76.3261
-76.3274
-76.3287
-76.33
-76.3314
-76.3327
-76.334
-76.3352
-76.3365
-76.3378
-76.339
-76.3403
-76.3415
-76.3427
-76.3439
-76.3452
-76.3464
-76.3475
-76.3487
-76.3499
-76.351
-76.3522
-76.3533
-76.3545
-76.3556
-76.3567
-76.3578
-76.3589
-76.36
-76.3611
-76.3622
-76.3632
-76.3643
-76.3654
-76.3664
-76.3674
-76.3685
-76.3695
-76.3705
-76.3715
-76.3725
-76.3735
-76.3745
-76.3754
-76.3764
-76.3774
-76.3783
-76.3793
-76.3802
-76.3811
-76.382
-76.383
-76.3839
-76.3848
-76.3857
-76.3866
-76.3874
-76.3883
-76.3892
-76.39
-76.3909
-76.3917
-76.3926
-76.3934
-76.3943
-76.3951
-76.3959
-76.3967
-76.3975
-76.3983
-76.3991
-76.3999
-76.4007
-76.4014
-76.4022
-76.403
-76.4037
-76.4045
-76.4052
-76.406
-75.9818
-71.7886
-68.0041
-65.1549
-62.9445
-61.1211
-59.4257
-57.4468
-53.6233
46.3408
-5.00849
-36.5335
-77.8894
-79.0176
-78.9118
-78.78
-78.6355
-78.4783
-78.3089
-78.1277
-76.6415
-74.785
-73.6945
-72.9403
-72.3251
-71.7798
-71.2785
-70.8115
-70.3755
-69.9696
-69.5942
-69.2496
-68.9362
-68.6538
-68.4023
-68.2088
-68.7411
-67.153
-65.0625
-63.5994
-62.5558
-61.7727
-61.1537
-60.6388
-60.1841
-59.7586
-59.3362
-58.8787
-58.3474
-57.6544
-56.6161
-54.5825
-44.4714
15.2043
-25.5866
-69.843
-79.7197
-79.8653
-79.8538
-79.8352
-79.8141
-79.7909
-79.7655
-79.7379
-79.7083
-79.6767
-79.6434
-79.6086
-79.5727
-79.5359
-79.4985
-79.4609
-79.4234
-77.7176
-73.1732
-69.6185
-67.3591
-66.2878
-65.5872
-65.0876
-64.7245
-64.4582
-64.2639
-64.1251
-64.03
-63.9701
-62.1525
-60.1161
-58.241
-55.8387
-48.1962
25.1657
-20.6234
-60.9009
-79.3966
-78.7739
-78.4522
-78.2612
-78.0633
-77.8509
-77.6244
-77.3802
-77.0498
-76.7573
-76.4824
-76.2023
-75.9561
-75.7449
-75.5935
-75.4678
-75.354
-75.2505
-75.2056
-75.1892
-75.1637
-75.1338
-75.1034
-75.1144
-75.1694
-75.2051
-75.2263
-75.2389
-75.2465
-75.2513
-75.2544
-75.2567
-75.2587
-75.2607
-75.2629
-75.2654
-75.2683
-75.2716
-75.2753
-75.2795
-75.284
-75.2889
-75.2942
-75.2998
-75.3057
-75.3119
-75.3184
-75.3251
-75.332
-75.339
-75.3463
-75.3537
-75.3612
-75.3688
-75.3765
-75.3843
-75.3921
-75.4
-75.4079
-75.4159
-75.4239
-75.4318
-75.4398
-75.4478
-75.4558
-75.4638
-75.4717
-75.4796
-75.4875
-75.4953
-75.5031
-75.5109
-75.5186
-75.5263
-75.5339
-75.5415
-75.5491
-75.5565
-75.564
-75.5714
-75.5787
-75.586
-75.5932
-75.6004
-75.6075
-75.6145
-75.6215
-71.9713
-68.098
-65.1667
-62.902
-61.0399
-59.3087
-57.269
-53.1467
45.3046
-7.61215
-38.803
-78.1751
-78.96
-78.844
-78.7047
-78.5521
-78.3864
-78.2081
-78.0177
-77.3596
-75.1152
-73.6449
-72.7107
-71.9973
-71.3922
-70.8513
-70.3565
-69.9001
-68.0827
-65.6986
-63.8956
-62.82
-62.9191
-63.0846
-63.2004
-63.2867
-63.3565
-62.8107
-61.125
-59.6524
-58.298
-56.7128
-53.8814
-17.6654
1.93898
-31.7896
-76.0935
-79.4962
-79.4623
-79.3961
-79.3247
-79.2472
-79.1637
-79.0745
-78.9801
-78.8813
-78.7787
-78.6736
-78.5668
-78.4595
-78.3529
-78.2481
-78.1458
-78.0471
-77.9526
-77.8629
-77.7783
-77.699
-77.6253
-77.557
-77.4941
-77.4364
-77.3837
-77.3357
-77.2921
-77.1597
-77.0089
-74.0676
-70.1506
-67.3806
-65.4257
-63.9995
-62.9174
-62.0573
-61.3358
-60.69
-60.0661
-59.4077
-58.6252
-57.2963
-53.084
45.5769
-7.45735
-38.4743
-78.2856
-79.3504
-79.2876
-79.2002
-79.1038
-78.894
-77.0359
-75.989
-75.411
-74.9482
-74.5172
-74.0976
-73.6856
-73.2822
-72.98
-72.8578
-72.7148
-72.5525
-72.3857
-72.3156
-72.5087
-72.6519
-72.7376
-72.7882
-72.8176
-73.2442
-73.7322
-74.0499
-74.259
-74.4016
-74.5021
-74.5752
-74.6299
-74.672
-74.7053
-74.7325
-74.7552
-74.7747
-74.792
-74.8075
-74.8736
-74.9983
-75.0982
-75.1756
-75.2367
-75.2859
-75.3262
-75.3596
-75.3879
-75.4121
-75.4331
-75.4515
-75.4679
-75.4827
-75.4961
-75.5085
-75.5199
-75.5306
-75.5407
-75.5502
-75.5593
-75.5681
-75.5765
-75.5846
-75.5926
-75.6003
-75.6079
-75.6153
-75.6226
-75.6297
-75.6368
-75.6437
-75.6506
-75.6574
-75.6641
-75.6707
-75.6772
-75.6837
-75.6902
-75.6966
-75.7029
-75.7092
-75.7154
-75.7215
-75.7276
-75.7337
-75.7397
-75.7457
-75.7516
-75.7574
-75.7632
-75.769
-75.7747
-75.7804
-75.786
-75.7916
-75.7971
-75.8026
-75.8081
-75.8135
-75.8188
-75.8242
-75.8294
-72.5854
-68.5973
-65.5621
-63.2291
-61.3332
-59.6128
-57.6851
-54.2916
36.0851
-0.103915
-32.7639
-77.3869
-79.2738
-78.6669
-78.4439
-78.2594
-78.0623
-77.8506
-77.6251
-77.3869
-77.1378
-75.3054
-73.1799
-71.8125
-70.842
-70.0756
-69.4302
-68.8668
-68.3662
-67.9181
-65.9715
-63.7073
-61.9601
-60.5337
-59.2264
-57.8027
-55.7365
-50.8622
37.0662
-15.3977
-49.0532
-78.6525
-79.0066
-78.8964
-78.7662
-78.6244
-78.4713
-78.3074
-78.1337
-77.9513
-77.7617
-77.5666
-77.3682
-77.1078
-76.8291
-76.5944
-76.3902
-76.2077
-76.0426
-75.8925
-75.7559
-75.6319
-75.5197
-75.4187
-75.3281
-75.2473
-75.1757
-75.1126
-75.0574
-75.0094
-74.968
-74.9326
-74.982
-75.0601
-75.1227
-75.1725
-75.213
-75.2464
-75.2745
-75.2985
-75.3193
-75.3375
-75.3538
-75.3685
-75.382
-75.3944
-75.406
-75.417
-75.4273
-75.4373
-75.4468
-75.456
-75.465
-75.4737
-75.4822
-74.7518
-70.6217
-67.0872
-64.434
-62.364
-60.6242
-58.9406
-56.8171
-51.7083
38.6501
-13.4749
-46.2598
-78.7209
-79.0738
-78.9665
-78.8414
-78.7044
-78.5556
-78.3953
-77.7688

