-70
-70.0758
-70.1508
-70.225
-70.2983
-70.3706
-70.4419
-70.5122
-70.5814
-70.6496
-70.7168
-70.7829
-70.848
-70.9121
-70.9752
-71.0373
-71.0984
-71.1586
-71.2178
-71.2761
-71.3334
-71.3899
-71.4455
-71.5003
-71.5543
-71.6074
-71.6598
-71.7114
-71.7623
-71.8124
-71.8619
-71.9106
-71.9587
-72.006
-72.0527
-72.0988
-72.1442
-72.1889
-72.2331
-72.2766
-72.3196
-72.362
-72.4038
-72.445
-72.4857
-72.5258
-72.5654
-72.6045
-72.6431
-72.6812
-72.7188
-72.756
-72.7927
-72.8289
-72.8647
-72.9
-72.9349
-72.9694
-73.0035
-73.0371
-73.0704
-73.1032
-73.1357
-73.1678
-73.1994
-73.2307
-73.2617
-73.2922
-73.3224
-73.3523
-73.3817
-73.4109
-73.4397
-73.4682
-73.4963
-73.5241
-73.5516
-73.5788
-73.6057
-73.6323
-73.6585
-73.6845
-73.7102
-73.7356
-73.7608
-73.7857
-73.8103
-73.8346
-73.8587
-73.8825
-73.9061
-73.9294
-73.9524
-73.9753
-73.9979
-74.0202
-74.0423
-74.0642
-74.0859
-74.1073
-74.1285
-74.1495
-74.1703
-74.1909
-74.2112
-74.2313
-74.2513
-74.271
-74.2905
-74.3098
-74.329
-74.3479
-74.3666
-74.3852
-74.4036
-74.4217
-74.4397
-74.4575
-74.4752
-74.4926
-74.5099
-74.527
-74.544
-74.5607
-74.5774
-74.5938
-74.6101
-74.6262
-74.6422
-74.658
-74.6736
-74.6891
-74.7045
-74.7197
-74.7347
-74.7496
-74.7644
-74.779
-74.7935
-74.8079
-74.8221
-74.8362
-74.8501
-74.864
-74.8777
-74.8913
-74.9047
-74.918
-74.9313
-74.9443
-74.9573
-74.9701
-74.9829
-74.9955
-75.008
-75.0204
-75.0327
-75.0448
-75.0569
-75.0688
-75.0806
-75.0924
-75.104
-75.1155
-75.1269
-75.1382
-75.1495
-75.1606
-75.1716
-75.1825
-75.1933
-75.204
-75.2147
-75.2252
-75.2356
-75.246
-75.2562
-75.2664
-75.2764
-75.2864
-75.2963
-75.3061
-75.3158
-75.3255
-75.335
-75.3445
-75.3538
-75.3631
-75.3724
-75.3815
-75.3906
-75.3995
-75.4084
-75.4172
-75.426
-75.4346
-75.4432
-75.4518
-75.4602
-75.4686
-75.4769
-75.4851
-75.4932
-75.5013
-75.5093
-75.5173
-75.5251
-75.533
-75.5407
-75.5484
-75.556
-75.5635
-75.571
-75.5784
-75.5858
-75.593
-75.6003
-75.6074
-75.6145
-75.6216
-75.6285
-75.6355
-75.6423
-75.6491
-75.6559
-75.6626
-75.6692
-75.6758
-75.6823
-75.6888
-75.6952
-75.7015
-75.7078
-75.7141
-75.7203
-75.7264
-75.7325
-75.7386
-75.7446
-75.7505
-75.7564
-75.7622
-75.768
-75.7738
-75.7795
-75.7851
-75.7907
-75.7963
-75.8018
-75.8072
-75.8127
-75.818
-75.8234
-75.8287
-75.8339
-75.8391
-75.8443
-75.8494
-75.8545
-75.8595
-75.8645
-75.8695
-75.8744
-75.8793
-75.8841
-75.8889
-75.8937
-75.8984
-75.9031
-75.9077
-75.9123
-75.9169
-75.9214
-75.9259
-75.9304
-75.9348
-75.9392
-75.9436
-75.9479
-75.9522
-75.9565
-75.9607
-75.9649
-75.969
-75.9731
-75.9772
-75.9813
-75.9853
-75.9893
-75.9933
-75.9972
-76.0011
-76.005
-76.0088
-76.0126
-76.0164
-76.0201
-76.0239
-76.0275
-76.0312
-76.0348
-76.0384
-76.042
-76.0456
-76.0491
-76.0526
-76.056
-76.0595
-76.0629
-76.0663
-76.0696
-76.0729
-76.0762
-76.0795
-76.0828
-76.086
-76.0892
-76.0924
-76.0955
-76.0986
-76.1017
-76.1048
-76.1079
-76.1109
-76.1139
-76.1169
-76.1198
-76.1228
-76.1257
-76.1286
-76.1314
-76.1343
-76.1371
-76.1399
-76.1427
-76.1455
-76.1482
-76.1509
-76.1536
-76.1563
-76.1589
-76.1615
-76.1642
-76.1667
-76.1693
-76.1719
-76.1744
-76.1769
-76.1794
-76.1819
-76.1843
-76.1868
-76.1892
-76.1916
-76.1939
-76.1963
-76.1986
-76.201
-76.2033
-76.2056
-76.2078
-76.2101
-76.2123
-76.2145
-76.2167
-76.2189
-76.2211
-76.2232
-76.2254
-76.2275
-76.2296
-76.2317
-76.2337
-76.2358
-76.2378
-76.2398
-76.2418
-76.2438
-76.2458
-76.2478
-76.2497
-76.2516
-76.2536
-76.2554
-76.2573
-76.2592
-76.2611
-76.2629
-76.2647
-76.2665
-76.2683
-76.2701
-76.2719
-76.2737
-76.2754
-76.2771
-76.2788
-76.2806
-76.2822
-76.2839
-76.2856
-76.2872
-76.2889
-76.2905
-76.2921
-76.2937
-76.2953
-76.2969
-76.2985
-76.3
-76.3016
-76.3031
-76.3046
-76.3061
-76.3076
-76.3091
-76.3106
-76.312
-76.3135
-76.3149
-76.3164
-76.3178
-76.3192
-76.3206
-76.322
-76.3233
-76.3247
-76.3261
-76.3274
-76.3287
-76.33
-76.3314
-76.3327
-76.334
-76.3352
-76.3365
-76.3378
-76.339
-76.3403
-76.3415
-76.3427
-76.3439
-76.3452
-76.3464
-76.3475
-76.3487
-76.3499
-76.351
-76.3522
-76.3533
-76.3545
-76.3556
-76.3567
-76.3578
-76.3589
-76.36
-76.3611
-76.3622
-76.3632
-76.3643
-76.3654
-76.3664
-76.3674
-76.3685
-76.3695
-76.3705
-76.3715
-76.3725
-76.3735
-76.3745
-76.3754
-76.3764
-76.3774
-76.3783
-76.3793
-76.3802
-76.3811
-76.382
-76.383
-76.3839
-76.3848
-76.3857
-76.3866
-76.3874
-76.3883
-76.3892
-76.39
-76.3909
-76.3917
-76.3926
-76.3934
-76.3943
-76.3951
-76.3959
-76.3967
-76.3975
-76.3983
-76.3991
-76.3999
-76.4007
-76.4014
-76.4022
-76.403
-76.4037
-76.4045
-76.4052
-76.406
-76.4067
-76.4074
-76.4082
-76.4089
-76.4096
-76.4103
-76.411
-76.4117
-73.1002
-69.0304
-65.9337
-63.559
-61.6448
-59.9422
-58.1173
-55.256
-31.589
9.72996
-27.2264
-73.2679
-79.2295
-79.1955
-79.0971
-78.9876
-78.8679
-78.7381
-78.5985
-78.4497
-78.2926
-78.0434
-77.7373
-77.4925
-77.2816
-77.0892
-76.8975
-76.5594
-76.2968
-76.1252
-76.0029
-75.9092
-75.8339
-75.7715
-75.7188
-75.6905
-72.4471
-69.5951
-67.8589
-66.7706
-66.0633
-65.5913
-65.2722
-65.0567
-64.9138
-64.8239
-64.7742
-64.7557
-64.762
-64.7886
-64.8319
-64.8893
-64.9587
-65.0383
-65.1268
-65.223
-65.3256
-65.4336
-65.5461
-65.6623
-65.7816
-65.9034
-66.0272
-66.1527
-66.2794
-66.4069
-66.5346
-66.6624
-66.7897
-66.9165
-67.0425
-67.1675
-67.2915
-67.4143
-65.8125
-62.9101
-60.5821
-58.5691
-56.3296
-51.8111
42.14
-12.709
-44.7386
-78.7596
-78.7437
-78.4654
-78.279
-78.0827
-77.8719
-77.6468
-77.4088
-77.1557
-76.832
-76.5394
-76.2717
-76.017
-75.7849
-75.6049
-75.4835
-75.38
-75.2848
-75.1977
-75.1188
-75.0476
-75.0074
-75.038
-75.0585
-75.0667
-75.0682
-75.0661
-75.1219
-75.1996
-75.2545
-75.2932
-75.3215
-75.3427
-75.3592
-75.3724
-75.3835
-75.393
-75.4014
-75.4091
-75.4162
-75.4231
-75.4297
-75.4362
-75.4427
-75.4491
-75.4555
-75.462
-75.4685
-75.4751
-75.4817
-75.4883
-75.495
-75.5018
-75.5086
-75.5154
-75.5223
-75.5292
-75.5361
-75.543
-75.55
-75.5569
-75.5639
-75.5708
-75.5777
-75.5847
-75.5916
-75.5984
-75.6053
-75.6121
-75.6189
-75.6257
-75.6324
-75.6391
-75.6458
-75.6524
-75.659
-75.6656
-75.6721
-75.6785
-75.6849
-75.6913
-75.6976
-75.7039
-75.7101
-75.7163
-75.7224
-75.7285
-75.7346
-75.7406
-75.3306
-71.2314
-67.5323
-64.7455
-62.5746
-60.7607
-59.0236
-56.8566
-51.6598
38.3406
-13.4706
-46.3114
-78.7647
-78.8548
-78.7039
-78.5485
-78.3794
-78.1964
-77.9999
-77.7907
-77.57
-75.7687
-73.7468
-72.4871
-71.5981
-70.8881
-70.2797
-69.7592
-69.7798
-69.456
-67.4093
-65.7367
-64.577
-64.4541
-65.6624
-66.5981
-67.3878
-68.4349
-69.1291
-69.5676
-69.8569
-70.0561
-68.2133
-66.0531
-64.5999
-63.6119
-62.9159
-62.4105
-62.3637
-63.3303
-64.1683
-64.8035
-65.2939
-65.6814
-65.9946
-66.2541
-66.4743
-66.6651
-66.8338
-66.9859
-67.1253
-67.2551
-67.3774
-67.4941
-67.6063
-67.7148
-67.8205
-67.9238
-68.0253
-68.1251
-68.2235
-68.3208
-68.417
-68.5122
-68.6065
-68.6998
-68.7922
-68.8836
-68.9741
-69.0635
-69.1519
-69.2393
-68.9987
-65.8545
-63.0017
-60.7879
-58.8716
-56.7944
-53.0951
42.2984
-6.19383
-37.4743
-78.0592
-78.9808
-78.4763
-78.2572
-78.0557
-77.8408
-77.6114
-77.3684
-77.1135
-76.8488
-75.8725
-73.2715
-71.6477
-70.718
-70.0486
-69.5186
-69.0765
-68.6971
-68.8229
-69.6878
-70.2632
-70.6084
-70.9389
-71.4742
-71.8474
-72.0911
-72.2559
-72.3713
-72.4549
-72.5177
-72.5668
-72.6066
-72.6403
-72.67
-72.697
-72.7223
-72.9208
-73.2467
-73.5033
-73.701
-73.8565
-74.1365
-74.3902
-74.5788
-74.7211
-74.8309
-74.9173
-74.9866
-75.043
-75.0896
-75.1288
-75.1621
-75.1909
-75.2161
-75.2383
-75.2581
-75.2761
-75.2924
-75.3075
-75.3215
-75.3346
-75.347
-75.3587
-75.37
-75.3807
-75.3911
-75.4011
-75.4109
-75.4204
-75.4296
-75.4387
-75.4476
-75.4564
-75.465
-75.4735
-75.4819
-75.4902
-75.4984
-75.5065
-75.5145
-75.5224
-75.5302
-75.538
-75.5457
-75.5533
-75.5609
-75.5684
-75.5758
-75.5831
-75.5904
-75.5977
-75.6048
-75.6119
-75.619
-75.626
-75.6329
-75.6398
-75.6466
-75.6533
-75.66
-75.6667
-75.6733
-75.6798
-75.6863
-75.6927
-75.6991
-75.7054
-75.7117
-75.7179
-75.724
-72.9243
-68.8709
-65.76
-63.3767
-61.4514
-59.7229
-57.8242
-54.6294
9.67683
2.98532
-30.8924
-76.274
-78.93
-78.7765
-78.6282
-78.4665
-78.2909
-78.1017
-77.8995
-77.6855
-76.7819
-74.4596
-72.931
-71.9236
-71.153
-70.5082
-69.9615
-69.9421
-69.9527
-69.3112
-67.0948
-65.3625
-64.1449
-63.2477
-63.9375
-65.4095
-66.4093
-67.3421
-68.4543
-69.1944
-69.6755
-70.0013
-70.2305
-70.398
-69.4784
-66.8129
-64.8432
-63.4843
-62.5066
-61.7716
-61.921
-62.778
-63.4887
-64.0453
-64.4891
-64.8494
-65.1488
-65.4032
-65.6238
-65.8188
-65.9946
-66.1557
-66.3058
-66.4472
-66.5819
-66.7111
-66.8361
-66.9578
-67.0767
-67.1934
-67.3083
-67.4216
-67.5336
-67.6442
-67.7535
-67.8616
-67.9686
-68.0743
-68.1788
-68.2822
-68.3845
-68.4855
-68.5854
-68.684
-68.7813
-68.8774
-68.972
-69.0654
-67.3033
-64.1579
-61.6823
-59.6655
-57.7271
-55.1103
-45.0351
16.747
-24.7147
-68.579
-79.4992
-79.3793
-78.3131
-77.9118
-77.661
-77.4091
-77.1441
-76.8661
-76.577
-76.2793
-75.2963
-72.6946
-70.7948

