-70
-70.0758
-70.1508
-70.225
-70.2983
-70.3706
-70.4419
-70.5122
-70.5814
-70.6496
-70.7168
-70.7829
-70.848
-70.9121
-70.9752
-71.0373
-71.0984
-71.1586
-71.2178
-71.2761
-71.3334
-71.3899
-71.4455
-71.5003
-71.5543
-71.6074
-71.6598
-71.7114
-71.7623
-71.8124
-71.8619
-71.9106
-71.9587
-72.006
-72.0527
-72.0988
-72.1442
-72.1889
-72.2331
-72.2766
-72.3196
-72.362
-72.4038
-72.445
-72.4857
-72.5258
-72.5654
-72.6045
-72.6431
-72.6812
-72.7188
-72.756
-72.7927
-72.8289
-72.8647
-72.9
-72.9349
-72.9694
-73.0035
-73.0371
-73.0704
-73.1032
-73.1357
-73.1678
-73.1994
-73.2307
-73.2617
-73.2922
-73.3224
-73.3523
-73.3817
-73.4109
-73.4397
-73.4682
-73.4963
-73.5241
-73.5516
-73.5788
-73.6057
-73.6323
-73.6585
-73.6845
-73.7102
-73.7356
-73.7608
-73.7857
-73.8103
-73.8346
-73.8587
-73.8825
-73.9061
-73.9294
-73.9524
-73.9753
-73.9979
-74.0202
-74.0423
-74.0642
-74.0859
-74.1073
-74.1285
-74.1495
-74.1703
-74.1909
-74.2112
-74.2313
-74.2513
-74.271
-74.2905
-74.3098
-74.329
-74.3479
-74.3666
-74.3852
-74.4036
-74.4217
-74.4397
-74.4575
-74.4752
-74.4926
-74.5099
-74.527
-74.544
-74.5607
-74.5774
-74.5938
-74.6101
-74.6262
-74.6422
-74.658
-74.6736
-74.6891
-74.7045
-74.7197
-74.7347
-74.7496
-74.7644
-74.779
-74.7935
-74.8079
-74.8221
-74.8362
-74.8501
-74.864
-74.8777
-74.8913
-74.9047
-74.918
-74.9313
-74.9443
-74.9573
-74.9701
-74.9829
-74.9955
-75.008
-75.0204
-75.0327
-75.0448
-75.0569
-75.0688
-75.0806
-75.0924
-75.104
-75.1155
-75.1269
-75.1382
-75.1495
-75.1606
-75.1716
-75.1825
-75.1933
-75.204
-75.2147
-75.2252
-75.2356
-75.246
-75.2562
-75.2664
-75.2764
-75.2864
-75.2963
-75.3061
-75.3158
-75.3255
-75.335
-75.3445
-75.3538
-75.3631
-75.3724
-75.3815
-75.3906
-75.3995
-75.4084
-75.4172
-75.426
-75.4346
-75.4432
-75.4518
-75.4602
-75.4686
-75.4769
-75.4851
-75.4932
-75.5013
-75.5093
-75.5173
-75.5251
-75.533
-75.5407
-75.5484
-75.556
-75.5635
-75.571
-75.5784
-75.5858
-75.593
-75.6003
-75.6074
-75.6145
-75.6216
-75.6285
-75.6355
-75.6423
-75.6491
-75.6559
-75.6626
-75.6692
-75.6758
-75.6823
-75.6888
-75.6952
-75.7015
-75.7078
-75.7141
-75.7203
-75.7264
-75.7325
-75.7386
-75.7446
-75.7505
-75.7564
-75.7622
-75.768
-75.7738
-75.7795
-75.7851
-75.7907
-75.7963
-75.8018
-75.8072
-75.8127
-75.818
-75.8234
-75.8287
-75.8339
-75.8391
-75.8443
-75.8494
-75.8545
-75.8595
-75.8645
-75.8695
-75.8744
-75.8793
-75.8841
-75.8889
-75.8937
-75.8984
-75.9031
-75.9077
-75.9123
-75.9169
-75.9214
-75.9259
-75.9304
-75.9348
-75.9392
-75.9436
-75.9479
-75.9522
-75.9565
-75.9607
-75.9649
-75.969
-75.9731
-75.9772
-75.9813
-75.9853
-75.9893
-75.9933
-75.9972
-76.0011
-76.005
-76.0088
-76.0126
-76.0164
-76.0201
-76.0239
-76.0275
-76.0312
-76.0348
-76.0384
-76.042
-76.0456
-76.0491
-76.0526
-76.056
-76.0595
-76.0629
-76.0663
-76.0696
-76.0729
-76.0762
-76.0795
-76.0828
-76.086
-76.0892
-76.0924
-76.0955
-76.0986
-76.1017
-76.1048
-76.1079
-76.1109
-76.1139
-76.1169
-76.1198
-76.1228
-76.1257
-76.1286
-76.1314
-76.1343
-76.1371
-76.1399
-76.1427
-76.1455
-76.1482
-76.1509
-76.1536
-76.1563
-76.1589
-76.1615
-76.1642
-76.1667
-76.1693
-76.1719
-76.1744
-76.1769
-76.1794
-76.1819
-76.1843
-76.1868
-76.1892
-76.1916
-76.1939
-76.1963
-76.1986
-76.201
-76.2033
-76.2056
-76.2078
-76.2101
-76.2123
-76.2145
-76.2167
-76.2189
-76.2211
-76.2232
-76.2254
-76.2275
-76.2296
-76.2317
-76.2337
-76.2358
-76.2378
-76.2398
-76.2418
-76.2438
-76.2458
-76.2478
-76.2497
-76.2516
-76.2536
-76.2554
-76.2573
-76.2592
-76.2611
-76.2629
-76.2647
-76.2665
-76.2683
-76.2701
-76.2719
-76.2737
-76.2754
-76.2771
-76.2788
-76.2806
-76.2822
-76.2839
-76.2856
-76.2872
-76.2889
-76.2905
-76.2921
-76.2937
-76.2953
-76.2969
-76.2985
-76.3
-76.3016
-76.3031
-76.3046
-76.3061
-76.3076
-76.3091
-76.3106
-76.312
-76.3135
-76.3149
-76.3164
-76.3178
-76.3192
-76.3206
-76.322
-76.3233
-76.3247
-76.3261
-76.3274
-76.3287
-76.33
-76.3314
-76.3327
-76.334
-76.3352
-76.3365
-76.3378
-76.339
-76.3403
-76.3415
-76.3427
-76.3439
-76.3452
-76.3464
-76.3475
-76.3487
-76.3499
-76.351
-76.3522
-76.3533
-76.3545
-76.3556
-76.3567
-76.3578
-76.3589
-76.36
-76.3611
-76.3622
-76.3632
-76.3643
-76.3654
-76.3664
-76.3674
-76.3685
-76.3695
-76.3705
-76.3715
-76.3725
-76.3735
-76.3745
-76.3754
-76.3764
-76.3774
-76.3783
-76.3793
-76.3802
-76.3811
-76.382
-76.383
-76.3839
-76.3848
-76.3857
-76.3866
-76.3874
-76.3883
-76.3892
-76.39
-76.3909
-76.3917
-76.3926
-76.3934
-76.3943
-76.3951
-76.3959
-76.3967
-76.3975
-76.3983
-76.3991
-76.3999
-76.4007
-76.4014
-76.4022
-76.403
-76.4037
-76.4045
-76.4052
-76.406
-76.4067
-76.4074
-76.4082
-76.4089
-76.4096
-76.4103
-76.411
-76.4117
-76.4124
-73.9857
-69.7641
-66.4866
-63.9897
-62.0028
-60.2797
-58.5179
-56.0299
-46.3611
21.6001
-21.8092
-63.9917
-79.1502
-79.1926
-79.095
-78.9849
-78.8645
-78.7336
-78.5927
-78.4423
-78.2832
-78.1166
-77.9441
-77.7674
-77.5884
-77.4091
-77.2313
-76.9975
-76.7424
-76.5304
-76.3503
-76.1727
-76.0304
-75.918
-75.8268
-75.7514
-75.6884
-75.6352
-75.5902
-75.552
-75.5196
-75.4922
-75.0631
-71.3222
-68.4701
-66.6346
-65.4424
-65.5446
-65.8436
-66.0678
-66.2418
-66.3838
-66.5049
-66.6121
-66.7101
-66.8023
-66.8907
-66.9768
-67.0618
-67.1464
-67.231
-67.3161
-67.4019
-65.891
-63.1992
-61.0775
-59.2967
-57.4605
-54.6386
-33.7335
7.62934
-28.6511
-74.1798
-79.5791
-79.6089
-78.4353
-77.8526
-77.5678
-77.3037
-77.0292
-76.742
-76.4439
-76.1374
-75.8256
-73.3835
-71.0999
-69.5433
-68.404
-67.5146
-66.7895
-66.1815
-65.663
-65.217
-64.8322
-64.5001
-64.2153
-63.9736
-63.9643
-64.9181
-65.7972
-66.7964
-68.1416
-69.6052
-71.0561
-72.2985
-73.0853
-73.5878
-73.9218
-74.1518
-74.3153
-74.435
-74.5249
-74.5942
-74.6489
-74.7047
-74.8525
-74.9792
-75.0737
-75.146
-75.2025
-75.2475
-75.2841
-75.3144
-75.3399
-75.3618
-75.3808
-75.3975
-75.4125
-75.4261
-75.4386
-75.4501
-75.4609
-75.4711
-75.4808
-75.49
-75.4989
-75.5076
-75.516
-75.5241
-75.5322
-75.54
-75.5477
-75.5554
-75.5629
-75.5703
-75.5776
-75.5849
-75.5921
-75.5992
-75.6063
-75.6133
-75.6202
-75.6271
-75.6339
-75.6407
-75.6474
-75.6541
-75.6607
-75.6673
-75.6738
-75.6803
-75.6867
-75.6931
-75.6994
-75.7057
-75.7119
-75.7181
-75.7242
-75.7303
-75.7364
-75.7423
-75.3324
-71.2331
-67.5339
-64.7473
-62.5766
-60.7632
-59.0272
-56.8636
-51.6935
38.4969
-13.3697
-46.1478
-78.6936
-78.8752
-78.7376
-78.5863
-78.4213
-78.2426
-78.0506
-77.8461
-77.6304
-75.4319
-73.6209
-72.4974
-71.6797
-71.0115
-70.4298
-69.9073
-69.4317
-68.4461
-65.9831
-63.9618
-62.428
-61.1844
-60.0876
-59.551
-60.1657
-60.822
-61.4035
-61.7481
-61.6324
-62.9362
-63.8732
-64.4684
-64.863
-65.1383
-65.3412
-65.4988
-65.628
-65.7394
-65.8396
-65.9332
-66.0231
-66.1114
-66.1992
-66.2877
-66.3772
-67.127
-68.0281
-68.7299
-69.2764
-69.7094
-70.0581
-70.3433
-70.5799
-70.7789
-70.9487
-71.0952
-68.222
-65.2122
-62.9917
-61.2918
-59.8793
-58.5428
-56.9886
-54.364
-35.8701
7.36509
-28.9773
-74.1205
-79.6392
-79.6938
-79.6582
-79.6157
-79.5688
-79.3784
-76.8281
-75.3294
-74.5181
-73.9231
-73.4083
-72.931
-72.478
-72.0455
-71.5469
-69.0048
-66.6482
-64.9261
-63.6156
-62.5707
-61.6965
-60.9253
-60.2032
-59.4746
-58.665
-56.7038
-52.0855
42.8345
-11.6515
-43.2046
-78.594
-79.3439
-79.28
-79.1057
-78.9614
-78.8396
-78.7143
-78.5821
-78.4435
-78.1885
-77.927
-77.7192
-77.5001
-77.1349
-76.8486
-76.6459
-76.4895
-76.3612
-76.2522
-76.1575
-76.0744
-76.001
-75.9361
-75.8788
-75.8281
-75.7836
-75.7445
-75.7104
-75.6807
-75.6551
-75.6331
-75.6144
-75.5986
-75.5855
-75.5746
-75.5962
-75.6285
-75.6546
-75.6757
-75.6931
-75.7078
-75.7203
-75.7312
-75.7409
-75.7497
-75.7577
-75.765
-75.7719
-75.7785
-75.7847
-75.7906
-75.7964
-75.802
-75.8075
-75.8128
-75.8181
-75.8233
-75.8284
-75.8335
-75.8385
-75.8435
-75.8484
-75.8533
-75.8582
-75.8631
-75.8679
-75.8726
-75.8774
-75.8821
-75.8868
-75.8915
-75.8961
-75.9007
-75.9053
-75.9098
-75.9144
-75.9188
-75.9233
-75.9277
-75.9321
-75.9365
-75.9408
-75.9452
-75.9494
-75.9537
-75.9579
-75.9621
-75.9662
-75.9704
-75.9745
-75.9785
-75.9826
-75.9866
-73.1563
-69.0607
-65.9185
-63.5139
-61.578
-59.8538
-57.9918
-54.9935
-19.8628
6.76386
-28.836
-74.8276
-78.9346
-78.8285
-78.687
-78.5315
-78.3625
-78.1801
-77.985
-77.7782
-76.6497
-74.405
-72.9811
-72.0298
-71.2921
-70.668
-70.1154
-69.6157
-69.1601
-68.1776
-65.6723
-63.6114
-62.0364
-60.7401
-59.6135
-59.9003
-60.477
-60.9982
-61.4571
-62.4394
-64.2106
-66.3958
-67.9446
-68.9825
-69.7001
-70.2115
-70.5862
-70.8681
-71.0855
-71.2573
-71.396
-71.5106
-71.6074
-71.6907
-71.7638
-71.8292
-71.8886
-71.9433
-71.9945
-72.0428
-72.0889
-72.1332
-72.1761
-72.2179
-72.2587
-69.8371
-66.3346
-63.6628
-61.5948
-59.8461
-58.0996
-55.6988
-47.491
23.0992
-21.6776
-63.2017
-79.5274
-79.6864
-79.6515
-79.6078
-79.5594
-79.5065
-79.449
-79.3872
-79.3212
-79.2516
-79.1789
-79.1037
-78.2707
-74.281
-71.2119
-69.0918
-67.5396
-66.351
-65.409
-64.6422
-64.0046
-63.4656
-63.0036
-61.051
-58.8093
-56.2785
-50.0163
31.5737
-17.6978
-54.0854
-79.2438
-79.4318
-78.4911
-78.1133

