-70
-69.8623
-69.7285
-69.5983
-69.4718
-69.3487
-69.2291
-69.1128
-68.9997
-68.8897
-68.7828
-68.6789
-68.5778
-68.4795
-68.3839
-68.291
-68.2007
-68.1128
-68.0274
-67.9443
-67.8636
-67.7851
-67.7087
-67.6345
-67.5623
-67.4921
-67.4238
-67.3574
-67.2929
-67.2301
-67.1691
-67.1098
-67.0521
-66.996
-66.9414
-66.8884
-66.8368
-66.7866
-66.7378
-66.6904
-66.6443
-66.5994
-66.5558
-66.5133
-66.4721
-66.432
-66.393
-66.355
-66.3181
-66.2823
-66.2474
-66.2134
-66.1805
-66.1484
-66.1172
-66.0868
-66.0573
-66.0286
-66.0007
-65.9736
-65.9472
-65.9215
-65.8966
-65.8723
-65.8487
-65.8257
-65.8034
-65.7817
-65.7606
-65.74
-65.72
-65.7006
-65.6817
-65.6633
-65.6455
-65.6281
-65.6112
-65.5948
-65.5788
-65.5632
-65.5481
-65.5334
-65.5191
-65.5052
-65.4917
-65.4785
-65.4657
-65.4533
-65.4412
-65.4294
-65.418
-65.4068
-65.396
-65.3855
-65.3752
-65.3653
-65.3556
-65.3462
-65.337
-65.3281
-65.3194
-65.311
-65.3028
-65.2948
-65.2871
-65.2795
-65.2722
-65.2651
-65.2581
-65.2514
-65.2448
-65.2385
-65.2322
-65.2262
-65.2203
-65.2146
-65.2091
-65.2037
-65.1984
-65.1933
-65.1884
-65.1835
-65.1788
-65.1743
-65.1698
-65.1655
-65.1613
-65.1572
-65.1532
-65.1493
-65.1456
-65.1419
-65.1384
-65.1349
-65.1315
-65.1283
-65.1251
-65.122
-65.119
-65.1161
-65.1132
-65.1104
-65.1077
-65.1051
-65.1026
-65.1001
-65.0977
-65.0953
-65.0931
-65.0908
-65.0887
-65.0866
-65.0845
-65.0826
-65.0806
-65.0788
-65.0769
-65.0752
-65.0734
-65.0718
-65.0701
-65.0685
-65.067
-65.0655
-65.064
-65.0626
-65.0612
-65.0599
-65.0586
-65.0573
-65.0561
-65.0549
-65.0537
-65.0526
-65.0514
-65.0504
-65.0493
-65.0483
-65.0473
-65.0464
-65.0454
-65.0445
-65.0436
-65.0428
-65.0419
-65.0411
-65.0403
-65.0395
-65.0388
-65.0381
-65.0374
-65.0367
-65.036
-65.0353
-65.0347
-65.0341
-65.0335
-65.0329
-65.0323
-65.0318
-65.0313
-65.0307
-65.0302
-65.0297
-65.0293
-65.0288
-65.0283
-65.0279
-65.0275
-65.027
-65.0266
-65.0262
-65.0259
-65.0255
-65.0251
-65.0248
-65.0244
-65.0241
-65.0238
-65.0234
-65.0231
-65.0228
-65.0225
-65.0223
-65.022
-65.0217
-65.0215
-65.0212
-65.021
-65.0207
-65.0205
-65.0203
-65.02
-65.0198
-65.0196
-65.0194
-65.0192
-65.019
-65.0188
-65.0187
-65.0185
-65.0183
-65.0181
-65.018
-65.0178
-65.0177
-65.0175
-65.0174
-65.0172
-65.0171
-65.017
-65.0168
-65.0167
-65.0166
-65.0165
-65.0163
-65.0162
-65.0161
-65.016
-65.0159
-65.0158
-65.0157
-65.0156
-65.0155
-65.0154
-65.0153
-65.0153
-65.0152
-65.0151
-65.015
-65.0149
-65.0149
-65.0148
-65.0147
-65.0147
-65.0146
-65.0145
-65.0145
-65.0144
-65.0143
-65.0143
-65.0142
-65.0142
-65.0141
-65.0141
-65.014
-65.014
-65.0139
-65.0139
-65.0138
-65.0138
-65.0137
-65.0137
-65.0137
-65.0136
-65.0136
-65.0135
-65.0135
-65.0135
-65.0134
-65.0134
-65.0134
-65.0133
-65.0133
-65.0133
-65.0133
-65.0132
-65.0132
-65.0132
-65.0131
-65.0131
-65.0131
-65.0131
-65.0131
-65.013
-65.013
-65.013
-65.013
-65.0129
-65.0129
-65.0129
-65.0129
-65.0129
-65.0129
-65.0128
-65.0128
-65.0128
-65.0128
-65.0128
-65.0128
-65.0127
-65.0127
-65.0127
-65.0127
-65.0127
-65.0127
-65.0127
-65.0127
-65.0126
-65.0126
-65.0126
-65.0126
-65.0126
-65.0126
-65.0126
-65.0126
-65.0126
-65.0126
-65.0125
-65.0125
-65.0125
-65.0125
-65.0125
-65.0125
-65.0125
-65.0125
-65.0125
-65.0125
-65.0125
-65.0125
-65.0125
-65.0124
-65.0124
-65.0124
-65.0124
-65.0124
-65.0124
-65.0124
-65.0124
-65.0124
-65.0124
-65.0124
-65.0124
-65.0124
-65.0124
-65.0124
-65.0124
-65.0124
-65.0124
-65.0124
-65.0124
-65.0124
-65.0124
-65.0124
-65.0123
-65.0123
-65.0123
-65.0123
-65.0123
-65.0123
-65.0123
-65.0123
-65.0123
-65.0123
-65.0123
-65.0123
-65.0123
-65.0123
-65.0123
-65.0123
-65.0123
-65.0123
-65.0123
-65.0123
-65.0123
-65.0123
-65.0123
-65.0123
-65.0123
-65.0123
-65.0123
-65.0123
-65.0123
-65.0123
-65.0123
-65.0123
-65.0123
-65.0123
-65.0123
-65.0123
-65.0123
-65.0123
-65.0123
-65.0123
-65.0123
-65.0123
-65.0123
-65.0123
-65.0123
-65.0123
-65.0123
-65.0123
-65.0123
-65.0123
-65.0123
-65.0123
-65.0123
-65.0123
-65.0123
-65.0123
-65.0123
-65.0123
-65.0123
-65.0123
-65.0123
-65.0123
-65.0123
-65.0123
-65.0123
-65.0123
-65.0123
-65.0123
-65.0123
-65.0123
-65.0123
-65.0123
-65.0123
-65.0123
-64.7043
-64.4515
-64.2637
-64.1299
-64.026
-63.943
-63.8763
-63.8231
-63.7811
-63.7486
-63.7241
-63.7065
-63.6948
-63.688
-63.6856
-63.6868
-63.6912
-63.6983
-63.7077
-63.7191
-63.7322
-63.7467
-63.7624
-63.7792
-63.7967
-63.8149
-63.8337
-63.8529
-63.8724
-63.8922
-63.9121
-63.9321
-63.9522
-63.9722
-63.8631
-63.5722
-63.3818
-63.2431
-63.1469
-63.0743
-63.0195
-62.9789
-62.9501
-62.9312
-62.9206
-62.917
-62.9193
-62.9267
-62.9383
-62.9536
-62.9719
-62.9928
-63.0159
-62.975
-62.9538
-62.8145
-62.1502
-61.669
-61.0518
-60.315
-59.6512
-58.408
-57.4751
-56.4818
-55.779
-55.1992
-54.7591
-54.4155
-54.0692
-53.7182
-53.3927
-52.877
-52.5061
-52.1859
-51.9453
-51.7664
-51.6356
-51.5096
-51.4225
-51.3681
-51.3252
-51.2526
-51.221
-51.2179
-51.2046
-51.1409
-51.1169
-51.0712
-51.0045
-50.984
-50.9741
-50.9383
-50.9247
-50.8633
-50.8445
-50.8373
-50.8401
-50.8725
-50.9269
-50.9654
-51.0001
-51.0461
-51.1175
-51.2081
-51.2877
-51.3679
-51.4637
-51.5032
-51.5678
-51.6569
-51.7672
-51.8923
-52.0063
-52.1194
-52.2497
-52.3932
-52.5474
-52.7099
-52.879
-53.046
-53.141
-53.2049
-53.2859
-53.2402
-53.1477
-53.0654
-52.9597
-52.9108
-52.8691
-52.8415
-52.7596
-52.6966
-52.639
-52.5516
-52.2967
-52.0865
-51.8687
-51.6347
-51.3952
-51.1886
-50.8394
-50.2663
-49.5208
-48.8033
-48.2274
-47.7132
-47.1899
-46.6485
-46.0391
-45.2414
-44.1549
-42.4134
-38.3105
8.09476
23.773
-19.6052
-47.6716
-58.1199
-60.8598
-61.6486
-61.8721
-61.886
-61.8219
-61.735
-61.6488
-61.5725
-61.5089
-61.4584
-61.4201
-61.3927
-61.3751
-61.366
-61.3643
-61.369
-61.3793
-61.3945
-61.414
-61.4372
-61.4636
-61.4926
-61.524
-61.5574
-61.5923
-61.6287
-61.6663
-61.7047
-61.744
-61.7838
-61.8241
-61.8646
-61.9054
-61.9462
-61.9871
-62.0278
-62.0683
-62.1086
-62.1486
-62.1882
-62.2275
-62.2663
-62.3046
-62.3425
-62.3799
-62.4167
-62.4529
-62.4886
-62.5238
-62.5583
-62.5923
-62.6256
-62.6584
-62.6906
-62.7222
-62.7532
-62.7836
-62.8135
-62.8428
-62.8715
-62.8996
-62.9272
-62.9542
-62.9807
-63.0066
-63.032
-63.0338
-62.9503
-62.902
-62.8705
-62.854
-62.8108
-62.7595
-62.7271
-62.7072
-62.6966
-62.6193
-62.3528
-62.0088
-61.7502
-61.5537
-61.0889
-60.2546
-59.0483
-57.9743
-56.8551
-55.9457
-55.271
-54.6933
-54.2321
-53.7568
-53.3699
-53.077
-52.8574
-52.6939
-52.5613
-52.4454
-52.3725
-52.3332
-52.3234
-52.3004
-52.2529
-52.235
-52.2503
-52.2927
-52.3556
-52.4354
-52.5025
-52.541
-52.6103
-52.6864
-52.7043
-52.6213
-52.4854
-52.3891
-52.2916
-52.2417
-52.1691
-52.0744
-52.0134
-51.9452
-51.864
-51.8267
-51.8286
-51.8619
-51.9185
-51.9946
-52.046
-52.1222
-52.2179
-52.331
-52.4573
-52.5948
-52.7417
-52.8966
-53.0585
-53.2263
-53.3992
-53.5764
-53.7571
-53.9404
-54.1256
-54.3121
-54.4656
-54.5658
-54.6455
-54.7369
-54.8134
-54.8431
-54.7327
-54.6024
-54.5015
-54.4443
-54.3942
-54.2764
-54.2151
-54.1452
-53.9874
-53.8557
-53.7497
-53.625
-53.5648
-53.4041
-53.1925
-52.7987
-52.3418
-51.8589
-51.353
-50.8982
-50.4444
-50.039
-49.7034
-49.4319
-49.168
-48.9134
-48.6914
-48.485
-48.2563
-47.9886
-47.6803
-47.3136
-46.9108
-46.4672
-45.9311
-45.1877
-44.1525
-42.4272
-38.2675
10.4166
22.1947
-21.6358
-50.5233
-60.656
-63.4448
-64.3327
-64.6384
-64.7197
-64.7107
-64.6668
-64.6116
-64.5549
-64.4579
-64.3721
-64.2995
-64.2388
-64.1863
-64.1403
-64.0999
-64.0643
-64.0329
-64.0052
-63.9809
-63.9594
-63.9406
-63.9242
-63.9098
-63.8973
-63.8865
-63.8773
-63.8693
-63.8626
-63.857
-63.8524
-63.8487
-63.8459
-63.8437
-63.8422
-63.8413
-63.8409
-63.8409
-63.8415
-63.8424
-63.8436
-63.8452
-63.847
-63.8491
-63.8515
-63.854
-63.8567
-63.8596
-63.8627
-63.8658
-63.8691
-63.8725
-63.876
-63.8795
-63.8831
-63.8868
-63.8906
-63.8944
-63.8982
-63.9021
-63.906
-63.9099
-63.9139
-63.9179
-63.9219
-63.9259
-63.9299
-63.9339
-63.938
-63.942
-63.946
-63.9501
-63.9541
-63.9581
-63.9622
-63.9662
-63.9702
-63.9484
-63.5353
-63.0283
-62.6721
-62.4128
-62.1934
-61.9948
-61.827
-61.5692
-61.3156
-61.0852
-60.7315
-60.4669
-60.2671
-59.9751
-58.6616
-57.3384
-56.3824
-55.7003
-55.1847
-54.6919
-54.3168
-53.9764
-53.7217
-53.4994
-53.3025
-53.1646
-53.072
-53.0178
-52.9942
-52.986
-52.8759
-52.5668
-52.3576
-52.2199
-52.0853
-52.0037
-51.9445
-51.9048
-51.8985
-51.8693
-51.8151
-51.8071
-51.802
-51.7382
-51.5191
-51.369
-51.2579
-51.2067
-51.192
-51.2064
-51.2443
-51.3026
-51.379
-51.4717
-51.5612
-51.655
-51.7669
-51.8934
-52.0325
-52.1817
-52.3398
-52.4988
-52.6275
-52.7392
-52.8621
-53.0032
-53.1571
-53.3197
-53.489
-53.6302
-53.77
-53.9228
-54.085
-54.2534
-54.4013
-54.531
-54.6441
-54.7693
-54.8645
-54.9835
-55.0269
-55.0943
-55.1856
-55.296
-55.418
-55.548
-55.6843
-55.8254
-55.9455
-56.0486
-56.1215
-56.2107
-56.3158
-56.4324
-56.5484
-56.5729
-56.4167
-56.3265
-56.1389
-56.0122
-55.8543
-55.581
-55.1215
-54.5681
-54.0946
-53.6818
-53.0951
-52.3865
-51.7592
-51.2672
-50.8242
-50.4743
-50.1945
-49.9322

