-70
-70.0758
-70.1508
-70.225
-70.2983
-70.3706
-70.4419
-70.5122
-70.5814
-70.6496
-70.7168
-70.7829
-70.848
-70.9121
-70.9752
-71.0373
-71.0984
-71.1586
-71.2178
-71.2761
-71.3334
-71.3899
-71.4455
-71.5003
-71.5543
-71.6074
-71.6598
-71.7114
-71.7623
-71.8124
-71.8619
-71.9106
-71.9587
-72.006
-72.0527
-72.0988
-72.1442
-72.1889
-72.2331
-72.2766
-72.3196
-72.362
-72.4038
-72.445
-72.4857
-72.5258
-72.5654
-72.6045
-72.6431
-72.6812
-72.7188
-72.756
-72.7927
-72.8289
-72.8647
-72.9
-72.9349
-72.9694
-73.0035
-73.0371
-73.0704
-73.1032
-73.1357
-73.1678
-73.1994
-73.2307
-73.2617
-73.2922
-73.3224
-73.3523
-73.3817
-73.4109
-73.4397
-73.4682
-73.4963
-73.5241
-73.5516
-73.5788
-73.6057
-73.6323
-73.6585
-73.6845
-73.7102
-73.7356
-73.7608
-73.7857
-73.8103
-73.8346
-73.8587
-73.8825
-73.9061
-73.9294
-73.9524
-73.9753
-73.9979
-74.0202
-74.0423
-74.0642
-74.0859
-74.1073
-74.1285
-74.1495
-74.1703
-74.1909
-74.2112
-74.2313
-74.2513
-74.271
-74.2905
-74.3098
-74.329
-74.3479
-74.3666
-74.3852
-74.4036
-74.4217
-74.4397
-74.4575
-74.4752
-74.4926
-74.5099
-74.527
-74.544
-74.5607
-74.5774
-74.5938
-74.6101
-74.6262
-74.6422
-74.658
-74.6736
-74.6891
-74.7045
-74.7197
-74.7347
-74.7496
-74.7644
-74.779
-74.7935
-74.8079
-74.8221
-74.8362
-74.8501
-74.864
-74.8777
-74.8913
-74.9047
-74.918
-74.9313
-74.9443
-74.9573
-74.9701
-74.9829
-74.9955
-75.008
-75.0204
-75.0327
-75.0448
-75.0569
-75.0688
-75.0806
-75.0924
-75.104
-75.1155
-75.1269
-75.1382
-75.1495
-75.1606
-75.1716
-75.1825
-75.1933
-75.204
-75.2147
-75.2252
-75.2356
-75.246
-75.2562
-75.2664
-75.2764
-75.2864
-75.2963
-75.3061
-75.3158
-75.3255
-75.335
-75.3445
-75.3538
-75.3631
-75.3724
-75.3815
-75.3906
-75.3995
-75.4084
-75.4172
-75.426
-75.4346
-75.4432
-75.4518
-75.4602
-75.4686
-75.4769
-75.4851
-75.4932
-75.5013
-75.5093
-75.5173
-75.5251
-75.533
-75.5407
-75.5484
-75.556
-75.5635
-75.571
-75.5784
-75.5858
-75.593
-75.6003
-75.6074
-75.6145
-75.6216
-75.6285
-75.6355
-75.6423
-75.6491
-75.6559
-75.6626
-75.6692
-75.6758
-75.6823
-75.6888
-75.6952
-75.7015
-75.7078
-75.7141
-75.7203
-75.7264
-75.7325
-75.7386
-75.7446
-75.7505
-75.7564
-75.7622
-75.768
-75.7738
-75.7795
-75.7851
-75.7907
-75.7963
-75.8018
-75.8072
-75.8127
-75.818
-75.8234
-75.8287
-75.8339
-75.8391
-75.8443
-75.8494
-75.8545
-75.8595
-75.8645
-75.8695
-75.8744
-75.8793
-75.8841
-75.8889
-75.8937
-75.8984
-75.9031
-75.9077
-75.9123
-75.9169
-75.9214
-75.9259
-75.9304
-75.9348
-75.9392
-75.9436
-75.9479
-75.9522
-75.9565
-75.9607
-75.9649
-75.969
-75.9731
-75.9772
-75.9813
-75.9853
-75.9893
-75.9933
-75.9972
-76.0011
-76.005
-76.0088
-76.0126
-76.0164
-76.0201
-76.0239
-76.0275
-76.0312
-76.0348
-76.0384
-76.042
-76.0456
-76.0491
-76.0526
-76.056
-76.0595
-76.0629
-76.0663
-76.0696
-76.0729
-76.0762
-76.0795
-76.0828
-76.086
-76.0892
-76.0924
-76.0955
-76.0986
-76.1017
-76.1048
-76.1079
-76.1109
-76.1139
-76.1169
-76.1198
-76.1228
-76.1257
-76.1286
-76.1314
-76.1343
-76.1371
-76.1399
-76.1427
-76.1455
-76.1482
-76.1509
-76.1536
-76.1563
-76.1589
-76.1615
-76.1642
-76.1667
-76.1693
-76.1719
-76.1744
-76.1769
-76.1794
-76.1819
-76.1843
-76.1868
-76.1892
-76.1916
-76.1939
-76.1963
-76.1986
-76.201
-76.2033
-76.2056
-76.2078
-76.2101
-76.2123
-76.2145
-76.2167
-76.2189
-76.2211
-76.2232
-76.2254
-76.2275
-76.2296
-76.2317
-76.2337
-76.2358
-76.2378
-76.2398
-76.2418
-76.2438
-76.2458
-76.2478
-76.2497
-76.2516
-76.2536
-76.2554
-76.2573
-76.2592
-76.2611
-76.2629
-76.2647
-76.2665
-76.2683
-76.2701
-76.2719
-76.2737
-76.2754
-76.2771
-76.2788
-76.2806
-76.2822
-76.2839
-76.2856
-76.2872
-76.2889
-76.2905
-76.2921
-76.2937
-76.2953
-76.2969
-76.2985
-76.3
-76.3016
-76.3031
-76.3046
-76.3061
-76.3076
-76.3091
-76.3106
-76.312
-76.3135
-76.3149
-76.3164
-76.3178
-76.3192
-76.3206
-76.322
-76.3233
-76.3247
-76.3261
-76.3274
-76.3287
-76.33
-76.3314
-76.3327
-76.334
-76.3352
-76.3365
-76.3378
-76.339
-76.3403
-76.3415
-76.3427
-76.3439
-76.3452
-76.3464
-76.3475
-76.3487
-76.3499
-76.351
-76.3522
-76.3533
-76.3545
-76.3556
-76.3567
-76.3578
-76.3589
-76.36
-76.3611
-76.3622
-76.3632
-76.3643
-76.3654
-76.3664
-76.3674
-76.3685
-76.3695
-76.3705
-76.3715
-76.3725
-76.3735
-76.3745
-76.3754
-76.3764
-76.3774
-76.3783
-76.3793
-76.3802
-76.3811
-76.382
-76.383
-76.3839
-76.3848
-76.3857
-76.3866
-76.3874
-76.3883
-76.3892
-76.39
-76.3909
-76.3917
-76.3926
-76.3934
-76.3943
-76.3951
-76.3959
-76.3967
-76.3975
-76.3983
-76.3991
-76.3999
-76.4007
-76.4014
-76.4022
-76.403
-76.4037
-76.4045
-76.4052
-76.406
-76.4067
-76.4074
-76.4082
-76.4089
-76.4096
-76.4103
-76.411
-76.4117
-76.4124
-76.4131
-75.6512
-71.369
-67.6874
-64.9138
-62.7527
-60.9543
-59.2548
-57.2071
-52.8833
44.04
-9.08953
-40.214
-78.4238
-79.1288
-79.0318
-78.9139
-78.7844
-78.6436
-78.4917
-78.0128
-75.8317
-74.5618
-73.9033
-73.5299
-73.1953
-72.8751
-72.5703
-72.2823
-72.0123
-71.7613
-71.7803
-69.5823
-67.6774
-66.4613
-65.6527
-65.0935
-65.2902
-65.9892
-66.494
-66.8467
-67.1029
-67.2968
-67.4496
-67.5751
-67.6821
-67.7767
-67.863
-67.9439
-68.0213
-68.7695
-69.547
-70.139
-70.5941
-70.9509
-71.2355
-71.4663
-71.6566
-71.8156
-71.9505
-72.0665
-72.1674
-72.2563
-72.5394
-72.9636
-71.944
-68.6548
-66.2362
-64.5737
-63.3885
-62.5103
-61.8324
-61.2867
-60.8278
-60.425
-60.05
-59.6855
-59.3088
-58.8872
-57.1044
-53.5521
19.5179
-2.46691
-34.4966
-77.0877
-79.3425
-79.3062
-79.2225
-78.3886
-77.1694
-76.591
-76.1963
-75.8508
-75.5507
-75.288
-75.0326
-74.7846
-74.5461
-74.319
-74.1044
-73.9108
-73.9902
-74.1418
-74.2108
-74.2315
-74.2281
-74.2128
-74.1983
-74.4116
-74.7719
-74.9895
-75.1118
-75.184
-75.2286
-75.2573
-75.2767
-75.2903
-75.3004
-75.3083
-75.3149
-75.3206
-75.3259
-75.331
-75.3359
-75.3409
-75.346
-75.3513
-75.3566
-75.3622
-75.3679
-75.3738
-75.3799
-75.3862
-75.3926
-75.3991
-75.4058
-75.4126
-75.4195
-75.4265
-75.4336
-75.4407
-75.448
-75.4552
-75.4626
-75.4699
-75.4773
-75.4847
-75.4922
-75.4996
-75.507
-75.5145
-75.5219
-75.5293
-75.5367
-75.544
-75.5514
-75.5587
-75.5659
-75.5732
-75.5803
-75.5875
-75.5946
-75.6017
-75.6087
-75.6157
-75.6226
-75.6295
-75.6363
-75.6431
-75.6498
-75.6565
-75.6631
-75.6697
-75.6762
-75.6827
-75.6892
-75.6955
-75.7019
-75.7081
-74.1906
-69.9812
-66.5921
-64.0216
-61.9858
-60.2279
-58.4337
-55.8804
-45.1221
19.5338
-23.0134
-66.5885
-79.043
-79.0446
-78.9292
-78.8003
-78.6595
-78.5071
-78.3433
-78.1688
-76.6838
-74.5461
-73.416
-72.846
-72.4177
-72.0462
-71.7107
-71.4035
-71.1213
-70.8629
-70.6275
-70.5442
-70.1238
-67.8323
-66.1243
-64.9961
-64.219
-63.6661
-63.2623
-62.9642
-63.3086
-65.1515
-67.2699
-68.9944
-70.0606
-70.7344
-71.1787
-71.4831
-71.6995
-71.8586
-71.9795
-72.0743
-72.1509
-72.2148
-72.2695
-72.3175
-72.3608
-72.4005
-72.4378
-72.4731
-70.0912
-66.6938
-64.1532
-62.2369
-60.6891
-59.2882
-57.7616
-55.4574
-46.4026
20.3925
-22.8622
-65.7658
-79.5852
-79.7179
-79.6862
-79.6468
-79.6031
-79.5553
-79.5034
-78.1658
-75.523
-74.0502
-73.1325
-72.4369
-71.8472
-71.3189
-70.834
-70.3851
-69.9695
-69.5863
-67.8797
-65.222
-63.1705
-61.5727
-60.2166
-59.2984
-59.6039
-60.7298
-62.6793
-65.11
-66.8852
-68.0456
-68.826
-69.3684
-69.7574
-70.0449
-70.2634
-70.4341
-70.5713
-70.6844
-70.78
-71.2509
-71.7285
-72.2645
-72.8758
-73.4627
-73.9824
-74.3313
-74.5692
-74.7368
-74.8585
-74.9492
-75.0186
-75.073
-75.1164
-75.1519
-75.1813
-75.2063
-75.2278
-75.2467
-75.2635
-75.3016
-75.3792
-75.4435
-75.494
-75.5346
-75.5677
-75.5951
-75.6428
-75.6963
-75.7374
-75.7691
-75.7942
-75.8144
-75.831
-75.8449
-75.8568
-75.867
-75.8761
-75.8841
-75.8914
-75.8981
-75.9043
-75.9101
-75.9156
-75.9208
-75.9258
-75.9306
-75.9353
-75.9399
-75.9443
-75.9487
-75.9529
-75.9572
-75.9613
-75.9655
-75.9695
-75.9736
-75.9776
-75.9815
-75.9855
-75.9894
-75.9932
-75.9971
-76.0009
-76.0047
-76.0085
-76.0122
-76.016
-76.0197
-76.0233
-76.027
-76.0306
-76.0342
-76.0378
-76.0413
-76.0448
-76.0483
-76.0518
-76.0552
-76.0587
-76.0621
-76.0654
-76.0688
-76.0721
-76.0754
-76.0787
-76.0819
-75.9281
-71.9453
-68.1047
-65.2087
-62.9675
-61.1241
-59.416
-57.4279
-53.59
46.3145
-5.17587
-36.7302
-77.9312
-79.051
-78.9492
-78.8218
-78.6819
-78.5297
-78.3656
-78.1901
-78.0041
-77.5134
-74.8754
-72.9857
-72.0064
-71.4838
-71.3566
-71.2145
-71.0373
-70.8512
-70.6691
-70.4972
-70.3388
-68.7611
-66.234
-64.3961
-63.4708
-63.607
-63.7865
-63.9285
-64.0477
-64.1536
-64.2518
-64.3461
-64.4391
-65.1382
-67.0159
-68.5946
-70.1916
-71.2729
-71.9674
-72.4309
-72.7517
-72.9809
-73.1497
-73.2775
-73.3768
-73.4559
-73.5205
-73.5744
-73.6204
-73.6604
-73.696
-73.7281
-73.7576
-73.785
-73.8108
-73.8355
-73.8591
-73.882
-73.9043
-73.538
-69.7501
-66.3668
-63.8418
-61.8758
-60.2128
-58.5764
-56.4533
-51.0381
36.0421
-15.2929
-49.3771
-79.3167
-79.7208
-79.6939
-79.6553
-79.6123
-79.5652
-79.5137
-79.4582
-79.3988
-78.933
-75.5287
-73.1277
-71.6236
-70.5539
-69.7202
-69.0314
-68.4419
-67.9277
-67.4749
-66.522
-64.0743
-62.0174
-60.3553
-58.8111

