-70
-70.0758
-70.1508
-70.225
-70.2983
-70.3706
-70.4419
-70.5122
-70.5814
-70.6496
-70.7168
-70.7829
-70.848
-70.9121
-70.9752
-71.0373
-71.0984
-71.1586
-71.2178
-71.2761
-71.3334
-71.3899
-71.4455
-71.5003
-71.5543
-71.6074
-71.6598
-71.7114
-71.7623
-71.8124
-71.8619
-71.9106
-71.9587
-72.006
-72.0527
-72.0988
-72.1442
-72.1889
-72.2331
-72.2766
-72.3196
-72.362
-72.4038
-72.445
-72.4857
-72.5258
-72.5654
-72.6045
-72.6431
-72.6812
-72.7188
-72.756
-72.7927
-72.8289
-72.8647
-72.9
-72.9349
-72.9694
-73.0035
-73.0371
-73.0704
-73.1032
-73.1357
-73.1678
-73.1994
-73.2307
-73.2617
-73.2922
-73.3224
-73.3523
-73.3817
-73.4109
-73.4397
-73.4682
-73.4963
-73.5241
-73.5516
-73.5788
-73.6057
-73.6323
-73.6585
-73.6845
-73.7102
-73.7356
-73.7608
-73.7857
-73.8103
-73.8346
-73.8587
-73.8825
-73.9061
-73.9294
-73.9524
-73.9753
-73.9979
-74.0202
-74.0423
-74.0642
-74.0859
-74.1073
-74.1285
-74.1495
-74.1703
-74.1909
-74.2112
-74.2313
-74.2513
-74.271
-74.2905
-74.3098
-74.329
-74.3479
-74.3666
-74.3852
-74.4036
-74.4217
-74.4397
-74.4575
-74.4752
-74.4926
-74.5099
-74.527
-74.544
-74.5607
-74.5774
-74.5938
-74.6101
-74.6262
-74.6422
-74.658
-74.6736
-74.6891
-74.7045
-74.7197
-74.7347
-74.7496
-74.7644
-74.779
-74.7935
-74.8079
-74.8221
-74.8362
-74.8501
-74.864
-74.8777
-74.8913
-74.9047
-74.918
-74.9313
-74.9443
-74.9573
-74.9701
-74.9829
-74.9955
-75.008
-75.0204
-75.0327
-75.0448
-75.0569
-75.0688
-75.0806
-75.0924
-75.104
-75.1155
-75.1269
-75.1382
-75.1495
-75.1606
-75.1716
-75.1825
-75.1933
-75.204
-75.2147
-75.2252
-75.2356
-75.246
-75.2562
-75.2664
-75.2764
-75.2864
-75.2963
-75.3061
-75.3158
-75.3255
-75.335
-75.3445
-75.3538
-75.3631
-75.3724
-75.3815
-75.3906
-75.3995
-75.4084
-75.4172
-75.426
-75.4346
-75.4432
-75.4518
-75.4602
-75.4686
-75.4769
-75.4851
-75.4932
-75.5013
-75.5093
-75.5173
-75.5251
-75.533
-75.5407
-75.5484
-75.556
-75.5635
-75.571
-75.5784
-75.5858
-75.593
-75.6003
-75.6074
-75.6145
-75.6216
-75.6285
-75.6355
-75.6423
-75.6491
-75.6559
-75.6626
-75.6692
-75.6758
-75.6823
-75.6888
-75.6952
-75.7015
-75.7078
-75.7141
-75.7203
-75.7264
-75.7325
-75.7386
-75.7446
-75.7505
-75.7564
-75.7622
-75.768
-75.7738
-75.7795
-75.7851
-75.7907
-75.7963
-75.8018
-75.8072
-75.8127
-75.818
-75.8234
-75.8287
-75.8339
-75.8391
-75.8443
-75.8494
-75.8545
-75.8595
-75.8645
-75.8695
-75.8744
-75.8793
-75.8841
-75.8889
-75.8937
-75.8984
-75.9031
-75.9077
-75.9123
-75.9169
-75.9214
-75.9259
-75.9304
-75.9348
-75.9392
-75.9436
-75.9479
-75.9522
-75.9565
-75.9607
-75.9649
-75.969
-75.9731
-75.9772
-75.9813
-75.9853
-75.9893
-75.9933
-75.9972
-76.0011
-76.005
-76.0088
-76.0126
-76.0164
-76.0201
-76.0239
-76.0275
-76.0312
-76.0348
-76.0384
-76.042
-76.0456
-76.0491
-76.0526
-76.056
-76.0595
-76.0629
-76.0663
-76.0696
-76.0729
-76.0762
-76.0795
-76.0828
-76.086
-76.0892
-76.0924
-76.0955
-76.0986
-76.1017
-76.1048
-76.1079
-76.1109
-76.1139
-76.1169
-76.1198
-76.1228
-76.1257
-76.1286
-76.1314
-76.1343
-76.1371
-76.1399
-76.1427
-76.1455
-76.1482
-76.1509
-76.1536
-76.1563
-76.1589
-76.1615
-76.1642
-76.1667
-76.1693
-76.1719
-76.1744
-76.1769
-76.1794
-76.1819
-76.1843
-76.1868
-76.1892
-76.1916
-76.1939
-76.1963
-76.1986
-76.201
-76.2033
-76.2056
-76.2078
-76.2101
-76.2123
-76.2145
-76.2167
-76.2189
-76.2211
-76.2232
-76.2254
-76.2275
-76.2296
-76.2317
-76.2337
-76.2358
-76.2378
-76.2398
-76.2418
-76.2438
-76.2458
-76.2478
-76.2497
-76.2516
-76.2536
-76.2554
-76.2573
-76.2592
-76.2611
-76.2629
-76.2647
-76.2665
-76.2683
-76.2701
-76.2719
-76.2737
-76.2754
-76.2771
-76.2788
-76.2806
-76.2822
-76.2839
-76.2856
-76.2872
-76.2889
-76.2905
-76.2921
-76.2937
-76.2953
-76.2969
-76.2985
-76.3
-76.3016
-76.3031
-76.3046
-76.3061
-76.3076
-76.3091
-76.3106
-76.312
-76.3135
-76.3149
-76.3164
-76.3178
-76.3192
-76.3206
-76.322
-76.3233
-76.3247
-76.3261
-76.3274
-76.3287
-76.33
-76.3314
-76.3327
-76.334
-76.3352
-76.3365
-76.3378
-76.339
-76.3403
-76.3415
-76.3427
-76.3439
-76.3452
-76.3464
-76.3475
-76.3487
-76.3499
-76.351
-76.3522
-76.3533
-76.3545
-76.3556
-76.3567
-76.3578
-76.3589
-76.36
-76.3611
-76.3622
-76.3632
-76.3643
-76.3654
-76.3664
-76.3674
-76.3685
-76.3695
-76.3705
-76.3715
-76.3725
-76.3735
-76.3745
-76.3754
-76.3764
-76.3774
-76.3783
-76.3793
-76.3802
-76.3811
-76.382
-76.383
-76.3839
-76.3848
-76.3857
-76.3866
-76.3874
-76.3883
-76.3892
-76.39
-76.3909
-76.3917
-76.3926
-76.3934
-76.3943
-76.3951
-76.3959
-76.3967
-76.3975
-76.3983
-76.3991
-76.3999
-76.4007
-76.4014
-76.4022
-76.403
-76.4037
-76.4045
-76.4052
-76.406
-75.6444
-71.3632
-67.6824
-64.9095
-62.7487
-60.9504
-59.2505
-57.2008
-52.8624
43.9501
-9.03746
-40.2725
-78.4855
-78.8854
-78.7339
-78.5814
-78.4154
-78.2354
-78.042
-77.8357
-77.6179
-75.8395
-73.8578
-72.6306
-71.764
-71.0691
-70.4704
-69.9358
-69.4506
-69.0079
-68.6046
-68.4364
-68.9827
-69.9475
-70.6341
-71.0833
-71.4035
-72.0038
-72.4812
-70.3535
-67.9062
-66.3326
-65.3097
-64.8154
-65.3896
-65.91
-66.2766
-66.5466
-66.754
-67.4093
-68.3332
-68.996
-69.4666
-69.8115
-70.0719
-70.2741
-70.4355
-70.5676
-70.6785
-70.7738
-70.8574
-70.9323
-71.0005
-71.0637
-71.123
-71.1793
-71.2333
-71.2855
-71.3363
-71.3859
-71.4347
-71.4828
-71.5302
-71.5772
-71.6238
-71.67
-71.7159
-71.7614
-71.8067
-71.8517
-70.9207
-67.2937
-64.2946
-61.9991
-60.0972
-58.2496
-55.783
-47.5076
23.2371
-21.564
-63.0299
-78.8854
-78.7396
-78.5809
-78.4135
-78.2319
-78.0361
-77.8269
-77.6053
-77.3729
-77.1063
-76.7931
-76.5175
-76.2588
-76.01
-75.8064
-75.6408
-75.5297
-75.4397
-75.3584
-75.285
-75.219
-75.2109
-75.2301
-75.2369
-75.2826
-75.3951
-75.4682
-75.5106
-75.5361
-75.552
-75.5623
-75.5943
-75.6325
-75.6838
-75.7275
-75.756
-75.7753
-75.7889
-75.799
-75.8068
-75.8131
-75.8183
-75.823
-75.8272
-75.8311
-75.8348
-75.8384
-75.8419
-75.8455
-75.849
-75.8526
-75.8561
-75.8598
-75.8634
-75.8672
-75.8709
-75.8748
-75.8786
-75.8825
-75.8865
-75.8905
-75.8945
-75.8985
-75.9026
-75.9067
-75.9108
-75.9149
-75.919
-75.9232
-75.9273
-75.9314
-75.9356
-75.9397
-75.9438
-75.9479
-75.952
-75.9561
-75.9602
-75.9642
-75.9682
-75.9723
-75.9763
-75.9802
-75.9842
-75.9881
-75.992
-75.9959
-75.9998
-76.0036
-76.0074
-72.7421
-68.7289
-65.6753
-63.3303
-61.4299
-59.7165
-57.825
-54.6226
12.1326
2.83757
-30.9721
-76.3306
-78.9317
-78.7777
-78.6295
-78.4679
-78.2924
-78.1033
-77.9013
-77.6874
-76.9982
-74.6097
-72.9722
-71.9111
-71.1108
-70.4478
-69.8697
-69.4539
-69.5544
-68.855
-67.2017
-66.3863
-65.8852
-65.5438
-65.3034
-65.5633
-66.3153
-66.8591
-67.2345
-67.5039
-66.675
-64.6743
-63.2008
-62.157
-61.3762
-60.7573
-60.2371
-59.7698
-59.3233
-58.8567
-59.6042
-60.9522
-62.1622
-63.1715
-63.9969
-64.671
-65.225
-65.6855
-66.0725
-66.4024
-66.6872
-66.9362
-67.1566
-67.3543
-67.5336
-67.6978
-68.4247
-69.2781
-69.9532
-70.4866
-70.9142
-71.2617
-71.5476
-71.7855
-71.9858
-72.1562
-72.3024
-72.4292
-72.5401
-69.7728
-66.3875
-63.8599
-61.9351
-60.3631
-58.9158
-57.2894
-54.6429
-37.2266
9.00294
-28.0775
-73.3759
-78.8218
-78.6755
-78.5169
-78.3442
-78.1572
-77.9563
-77.7424
-77.5167
-77.281
-76.5373
-73.8516
-71.9073
-70.614
-69.8802
-69.6032
-69.3493
-69.0981
-68.859
-69.1574
-69.8733
-71.0028
-71.7167
-72.1332
-72.3863
-72.5461
-72.6505
-72.7212
-72.7709
-73.0046
-73.3005
-73.5125
-73.6645
-73.7769
-74.0364
-74.2704
-74.4364
-74.5569
-74.6467
-74.7154
-74.7694
-74.8128
-74.8484
-74.8782
-74.984
-75.1021
-75.192
-75.261
-75.315
-75.3581
-75.3985
-75.4777
-75.5447
-75.5954
-75.6346
-75.6655
-75.6905
-75.711
-75.7282
-75.7428
-75.7554
-75.7665
-75.7764
-75.7854
-75.7935
-75.8011
-75.8081
-75.8147
-75.821
-75.827
-75.8328
-75.8384
-75.8438
-75.8492
-75.8544
-75.8594
-75.8645
-75.8694
-75.8743
-75.8791
-75.8839
-75.8886
-75.8933
-75.8979
-75.9025
-75.9071
-75.9116
-75.9161
-75.9206
-75.9251
-75.9295
-75.9338
-75.9382
-75.9425
-75.9468
-75.951
-75.9553
-75.9594
-75.9636
-75.9677
-75.9718
-75.9759
-75.98
-75.984
-75.988
-75.9919
-75.9958
-75.9997
-76.0036
-76.0074
-76.0112
-74.8838
-70.6257
-67.1004
-64.436
-62.3437
-60.571
-58.831
-56.5607
-50.2366
32.23
-16.9076
-52.868
-78.84
-78.8618
-78.7225
-78.5698
-78.4033
-78.2232
-78.0299
-77.8241
-77.6074
-75.7683
-73.6971
-72.4048
-71.4949
-70.7715
-70.1545
-69.6084
-69.5508
-69.6411
-68.6426
-67.1172
-66.2428
-65.6821
-65.301
-65.3752
-66.0745
-66.5916
-66.9432
-67.1922
-67.3764
-67.519
-67.6342
-67.7315
-67.8171
-67.8953
-68.6144
-69.0635
-66.8747
-64.997
-64.307
-64.4195
-64.5504
-64.6623
-64.7632
-64.8579
-64.9496
-65.0401
-65.1309
-65.2229
-65.3165
-65.4118
-65.5092
-65.6086
-65.7102
-65.8139
-65.9196
-66.0272
-66.1365
-66.2475
-66.3599
-66.4735
-66.5879
-66.7029
-66.8183
-66.9339
-67.0496
-67.1651
-67.2804
-67.3952
-67.5096
-67.6231
-67.7358
-67.8474
-67.9579
-68.0671
-68.1752
-67.1369
-64.0635
-61.5538
-59.5171
-57.559
-54.8907
-43.8717
14.4742
-25.7842
-70.0788
-79.4914
-79.4946
-78.3075
-77.8401
-77.5735
-77.3127
-77.0398
-76.7542
-76.4577
-76.1531
-75.7448
-73.1531
-70.9344
-69.4201

