-70
-70.0758
-70.1508
-70.225
-70.2983
-70.3706
-70.4419
-70.5122
-70.5814
-70.6496
-70.7168
-70.7829
-70.848
-70.9121
-70.9752
-71.0373
-71.0984
-71.1586
-71.2178
-71.2761
-71.3334
-71.3899
-71.4455
-71.5003
-71.5543
-71.6074
-71.6598
-71.7114
-71.7623
-71.8124
-71.8619
-71.9106
-71.9587
-72.006
-72.0527
-72.0988
-72.1442
-72.1889
-72.2331
-72.2766
-72.3196
-72.362
-72.4038
-72.445
-72.4857
-72.5258
-72.5654
-72.6045
-72.6431
-72.6812
-72.7188
-72.756
-72.7927
-72.8289
-72.8647
-72.9
-72.9349
-72.9694
-73.0035
-73.0371
-73.0704
-73.1032
-73.1357
-73.1678
-73.1994
-73.2307
-73.2617
-73.2922
-73.3224
-73.3523
-73.3817
-73.4109
-73.4397
-73.4682
-73.4963
-73.5241
-73.5516
-73.5788
-73.6057
-73.6323
-73.6585
-73.6845
-73.7102
-73.7356
-73.7608
-73.7857
-73.8103
-73.8346
-73.8587
-73.8825
-73.9061
-73.9294
-73.9524
-73.9753
-73.9979
-74.0202
-74.0423
-74.0642
-74.0859
-74.1073
-74.1285
-74.1495
-74.1703
-74.1909
-74.2112
-74.2313
-74.2513
-74.271
-74.2905
-74.3098
-74.329
-74.3479
-74.3666
-74.3852
-74.4036
-74.4217
-74.4397
-74.4575
-74.4752
-74.4926
-74.5099
-74.527
-74.544
-74.5607
-74.5774
-74.5938
-74.6101
-74.6262
-74.6422
-74.658
-74.6736
-74.6891
-74.7045
-74.7197
-74.7347
-74.7496
-74.7644
-74.779
-74.7935
-74.8079
-74.8221
-74.8362
-74.8501
-74.864
-74.8777
-74.8913
-74.9047
-74.918
-74.9313
-74.9443
-74.9573
-74.9701
-74.9829
-74.9955
-75.008
-75.0204
-75.0327
-75.0448
-75.0569
-75.0688
-75.0806
-75.0924
-75.104
-75.1155
-75.1269
-75.1382
-75.1495
-75.1606
-75.1716
-75.1825
-75.1933
-75.204
-75.2147
-75.2252
-75.2356
-75.246
-75.2562
-75.2664
-75.2764
-75.2864
-75.2963
-75.3061
-75.3158
-75.3255
-75.335
-75.3445
-75.3538
-75.3631
-75.3724
-75.3815
-75.3906
-75.3995
-75.4084
-75.4172
-75.426
-75.4346
-75.4432
-75.4518
-75.4602
-75.4686
-75.4769
-75.4851
-75.4932
-75.5013
-75.5093
-75.5173
-75.5251
-75.533
-75.5407
-75.5484
-75.556
-75.5635
-75.571
-75.5784
-75.5858
-75.593
-75.6003
-75.6074
-75.6145
-75.6216
-75.6285
-75.6355
-75.6423
-75.6491
-75.6559
-75.6626
-75.6692
-75.6758
-75.6823
-75.6888
-75.6952
-75.7015
-75.7078
-75.7141
-75.7203
-75.7264
-75.7325
-75.7386
-75.7446
-75.7505
-75.7564
-75.7622
-75.768
-75.7738
-75.7795
-75.7851
-75.7907
-75.7963
-75.8018
-75.8072
-75.8127
-75.818
-75.8234
-75.8287
-75.8339
-75.8391
-75.8443
-75.8494
-75.8545
-75.8595
-75.8645
-75.8695
-75.8744
-75.8793
-75.8841
-75.8889
-75.8937
-75.8984
-75.9031
-75.9077
-75.9123
-75.9169
-75.9214
-75.9259
-75.9304
-75.9348
-75.9392
-75.9436
-75.9479
-75.9522
-75.9565
-75.9607
-75.9649
-75.969
-75.9731
-75.9772
-75.9813
-75.9853
-75.9893
-75.9933
-75.9972
-76.0011
-76.005
-76.0088
-76.0126
-76.0164
-76.0201
-76.0239
-76.0275
-76.0312
-76.0348
-76.0384
-76.042
-76.0456
-76.0491
-76.0526
-76.056
-76.0595
-76.0629
-76.0663
-76.0696
-76.0729
-76.0762
-76.0795
-76.0828
-76.086
-76.0892
-76.0924
-76.0955
-76.0986
-76.1017
-76.1048
-76.1079
-76.1109
-76.1139
-76.1169
-76.1198
-76.1228
-76.1257
-76.1286
-76.1314
-76.1343
-76.1371
-76.1399
-76.1427
-76.1455
-76.1482
-76.1509
-76.1536
-76.1563
-76.1589
-76.1615
-76.1642
-76.1667
-76.1693
-76.1719
-76.1744
-76.1769
-76.1794
-76.1819
-76.1843
-76.1868
-76.1892
-76.1916
-76.1939
-76.1963
-76.1986
-76.201
-76.2033
-76.2056
-76.2078
-76.2101
-76.2123
-76.2145
-76.2167
-76.2189
-76.2211
-76.2232
-76.2254
-76.2275
-76.2296
-76.2317
-76.2337
-76.2358
-76.2378
-76.2398
-76.2418
-76.2438
-76.2458
-76.2478
-76.2497
-76.2516
-76.2536
-76.2554
-76.2573
-76.2592
-76.2611
-76.2629
-76.2647
-76.2665
-76.2683
-76.2701
-76.2719
-76.2737
-76.2754
-76.2771
-76.2788
-76.2806
-76.2822
-76.2839
-76.2856
-76.2872
-76.2889
-76.2905
-76.2921
-76.2937
-76.2953
-76.2969
-76.2985
-76.3
-76.3016
-76.3031
-76.3046
-76.3061
-76.3076
-76.3091
-76.3106
-76.312
-76.3135
-76.3149
-76.3164
-76.3178
-76.3192
-76.3206
-76.322
-76.3233
-76.3247
-76.3261
-76.3274
-76.3287
-76.33
-76.3314
-76.3327
-76.334
-76.3352
-76.3365
-76.3378
-76.339
-76.3403
-76.3415
-76.3427
-76.3439
-76.3452
-76.3464
-76.3475
-76.3487
-76.3499
-76.351
-76.3522
-76.3533
-76.3545
-76.3556
-76.3567
-76.3578
-76.3589
-76.36
-76.3611
-76.3622
-76.3632
-76.3643
-76.3654
-76.3664
-76.3674
-76.3685
-76.3695
-76.3705
-76.3715
-76.3725
-76.3735
-76.3745
-76.3754
-76.3764
-76.3774
-76.3783
-76.3793
-76.3802
-76.3811
-76.382
-76.383
-76.3839
-76.3848
-76.3857
-76.3866
-76.3874
-76.3883
-76.3892
-76.39
-76.3909
-76.3917
-76.3926
-76.3934
-76.3943
-76.3951
-76.3959
-76.3967
-76.3975
-76.3983
-76.3991
-76.3999
-76.4007
-76.4014
-76.4022
-76.403
-76.4037
-76.4045
-76.4052
-73.0945
-69.0255
-65.9295
-63.5553
-61.6413
-59.9385
-58.1125
-55.246
-31.2515
9.69463
-27.3558
-73.7447
-79.0249
-78.7511
-78.5907
-78.4241
-78.2434
-78.0487
-77.8404
-77.6198
-77.3884
-75.137
-73.2319
-72.0281
-71.1533
-70.4465
-69.8396
-69.3018
-68.8181
-68.3811
-68.3361
-68.741
-69.0324
-69.6518
-70.4456
-71.3954
-72.0415
-72.6269
-70.526
-69.1864
-68.5323
-68.1832
-67.99
-67.8823
-68.3225
-68.9232
-69.3158
-69.5754
-69.7561
-69.8883
-69.9898
-70.0714
-70.14
-70.2001
-70.2544
-70.3049
-70.3531
-70.3998
-70.4458
-70.4913
-70.5369
-70.5827
-70.6287
-70.6752
-70.7222
-69.859
-66.4992
-63.7468
-61.653
-59.9162
-58.2269
-56.0203
-49.988
31.5697
-17.9509
-54.579
-79.3682
-79.6735
-79.6403
-79.5953
-79.5454
-79.4908
-77.5545
-75.8354
-74.9698
-74.3759
-73.8709
-73.4025
-72.955
-72.5245
-72.1114
-70.6191
-67.9468
-65.9092
-64.3976
-63.2231
-62.2677
-61.4526
-60.7184
-60.0146
-59.2264
-60.7274
-62.9914
-64.5684
-66.3637
-67.5037
-68.7319
-69.9866
-71.6434
-72.5022
-72.9041
-73.1075
-73.2184
-73.2833
-73.3243
-73.3521
-73.5443
-73.7538
-74.0676
-74.2944
-74.4362
-74.529
-74.5926
-74.638
-74.6719
-74.6981
-74.7194
-74.7371
-74.7525
-74.7662
-74.7788
-74.7906
-74.8018
-74.8127
-74.8234
-74.834
-74.8444
-74.8549
-74.8654
-74.8759
-74.8865
-74.8972
-74.9079
-74.9187
-74.9296
-74.9406
-74.9516
-74.9626
-74.9737
-74.9849
-74.996
-75.0072
-75.0184
-75.0296
-75.0408
-75.052
-75.0632
-75.0743
-75.0854
-75.0965
-75.1075
-75.1185
-75.1295
-75.1404
-75.1512
-75.162
-75.1727
-75.1833
-75.1939
-75.2044
-75.2148
-75.2252
-75.2355
-75.2457
-75.2558
-75.2659
-75.2759
-75.2858
-75.2956
-75.3053
-75.315
-72.5558
-68.5598
-65.4927
-63.1389
-61.226
-59.4828
-57.5016
-53.8459
45.3486
-3.38525
-35.0763
-78.0604
-78.9977
-78.6583
-78.4845
-78.3071
-78.1155
-77.9097
-77.6903
-77.4587
-77.2166
-75.1285
-73.0529
-71.7247
-70.7723
-70.0158
-69.3767
-68.8413
-68.9321
-68.852
-67.1173
-66.2101
-65.7006
-65.3581
-65.5484
-66.2337
-66.7149
-67.9593
-69.3442
-70.1843
-69.1359
-67.4631
-66.427
-65.797
-65.4027
-65.1535
-64.9977
-64.9051
-64.8571
-64.8418
-64.8515
-64.8806
-64.9255
-64.9833
-65.0519
-65.1297
-65.2155
-65.3081
-66.246
-67.2468
-68.0295
-68.6445
-69.1353
-69.5327
-69.859
-70.1306
-70.3595
-70.5549
-70.7236
-70.8709
-70.0759
-66.7417
-64.0295
-61.9984
-60.3702
-58.9017
-57.2912
-55.5201
-53.2001
5.15461
-1.25967
-33.771
-77.0717
-79.6398
-79.646
-79.6037
-79.5554
-79.5025
-78.0333
-76.0773
-75.1286
-74.524
-74.0257
-73.5685
-73.1333
-72.715
-72.3136
-70.6145
-68.0436
-66.1327
-64.7215
-63.6312
-62.7533
-62.0175
-62.3303
-63.0342
-63.598
-64.2438
-63.8252
-63.2145
-62.8089
-63.2731
-64.2889
-65.8341
-67.1722
-69.0003
-70.1697
-70.9541
-71.726
-72.1886
-72.4599
-72.6283
-72.7384
-72.8142
-72.8692
-72.9113
-72.945
-72.9734
-72.9984
-73.0212
-73.0427
-73.0634
-73.0837
-73.1039
-73.1242
-73.1446
-73.1653
-73.1863
-73.2077
-73.2294
-73.2514
-73.2738
-73.2965
-73.3195
-73.3428
-73.3663
-73.39
-73.4139
-73.4379
-73.4861
-73.7498
-73.9965
-74.1919
-74.3488
-74.4765
-74.5818
-74.6695
-74.7434
-74.8063
-74.8604
-74.9072
-74.9482
-74.9844
-75.0165
-75.0453
-75.0713
-75.0949
-75.1165
-75.1365
-75.155
-75.1722
-75.1884
-75.2037
-75.2182
-75.232
-75.2452
-75.2579
-75.2701
-75.2819
-75.2934
-75.3045
-75.3154
-75.326
-75.3363
-75.3465
-75.3565
-75.3662
-75.3759
-75.3854
-75.3947
-75.4039
-75.413
-75.422
-75.4309
-75.4397
-75.4483
-75.4569
-75.4654
-75.4738
-75.4821
-75.4904
-75.4985
-72.7122
-68.6793
-65.5857
-63.2141
-61.2912
-59.5467
-57.582
-54.0357
43.3706
-2.0634
-34.1013
-77.803
-78.9679
-78.6778
-78.5111
-78.3367
-78.148
-77.9452
-77.7289
-77.5004
-77.2615
-74.9623
-72.9912
-71.7345
-70.8225
-70.0907
-69.4885
-69.4684
-69.4875
-69.4561
-68.4617
-66.9375
-65.9233
-65.2532
-65.503
-65.9907
-66.3206
-66.6927
-67.8091
-69.1101
-70.2528
-70.2683
-68.6061
-67.5367
-66.9321
-66.5775
-66.3664
-66.2425
-66.174
-66.1429
-66.138
-66.1523
-66.1812
-66.2217
-66.2717
-66.3294
-66.3938
-66.4638
-66.5388
-66.6179
-66.7009
-66.7871
-66.8763
-66.9679
-67.0618
-67.1575
-67.2548
-67.3535
-67.4532
-67.5538
-67.6549
-67.7562
-67.8577
-67.9591
-68.0602
-68.161
-68.2612
-68.554
-69.392
-70.1167
-70.6921
-71.1551
-71.5321
-71.8427
-72.1013
-72.3186
-72.5031
-72.6609
-72.7972
-72.9157
-71.255
-67.5948
-64.7622
-62.636
-60.9436
-59.4514
-57.8851
-55.6436
-48.1899
24.8832
-21.0954
-61.8342
-78.8428
-78.9166
-78.7895
-78.6458
-78.4892
-78.3201
-78.139
-77.6841
-75.438

