-70
-69.8623
-69.7285
-69.5983
-69.4718
-69.3487
-69.2291
-69.1128
-68.9997
-68.8897
-68.7828
-68.6789
-68.5778
-68.4795
-68.3839
-68.291
-68.2007
-68.1128
-68.0274
-67.9443
-67.8636
-67.7851
-67.7087
-67.6345
-67.5623
-67.4921
-67.4238
-67.3574
-67.2929
-67.2301
-67.1691
-67.1098
-67.0521
-66.996
-66.9414
-66.8884
-66.8368
-66.7866
-66.7378
-66.6904
-66.6443
-66.5994
-66.5558
-66.5133
-66.4721
-66.432
-66.393
-66.355
-66.3181
-66.2823
-66.2474
-66.2134
-66.1805
-66.1484
-66.1172
-66.0868
-66.0573
-66.0286
-66.0007
-65.9736
-65.9472
-65.9215
-65.8966
-65.8723
-65.8487
-65.8257
-65.8034
-65.7817
-65.7606
-65.74
-65.72
-65.7006
-65.6817
-65.6633
-65.6455
-65.6281
-65.6112
-65.5948
-65.5788
-65.5632
-65.5481
-65.5334
-65.5191
-65.5052
-65.4917
-65.4785
-65.4657
-65.4533
-65.4412
-65.4294
-65.418
-65.4068
-65.396
-65.3855
-65.3752
-65.3653
-65.3556
-65.3462
-65.337
-65.3281
-65.3194
-65.311
-65.3028
-65.2948
-65.2871
-65.2795
-65.2722
-65.2651
-65.2581
-65.2514
-65.2448
-65.2385
-65.2322
-65.2262
-65.2203
-65.2146
-65.2091
-65.2037
-65.1984
-65.1933
-65.1884
-65.1835
-65.1788
-65.1743
-65.1698
-65.1655
-65.1613
-65.1572
-65.1532
-65.1493
-65.1456
-65.1419
-65.1384
-65.1349
-65.1315
-65.1283
-65.1251
-65.122
-65.119
-65.1161
-65.1132
-65.1104
-65.1077
-65.1051
-65.1026
-65.1001
-65.0977
-65.0953
-65.0931
-65.0908
-65.0887
-65.0866
-65.0845
-65.0826
-65.0806
-65.0788
-65.0769
-65.0752
-65.0734
-65.0718
-65.0701
-65.0685
-65.067
-65.0655
-65.064
-65.0626
-65.0612
-65.0599
-65.0586
-65.0573
-65.0561
-65.0549
-65.0537
-65.0526
-65.0514
-65.0504
-65.0493
-65.0483
-65.0473
-65.0464
-65.0454
-65.0445
-65.0436
-65.0428
-65.0419
-65.0411
-65.0403
-65.0395
-65.0388
-65.0381
-65.0374
-65.0367
-65.036
-65.0353
-65.0347
-65.0341
-65.0335
-65.0329
-65.0323
-65.0318
-65.0313
-65.0307
-65.0302
-65.0297
-65.0293
-65.0288
-65.0283
-65.0279
-65.0275
-65.027
-65.0266
-65.0262
-65.0259
-65.0255
-65.0251
-65.0248
-65.0244
-65.0241
-65.0238
-65.0234
-65.0231
-65.0228
-65.0225
-65.0223
-65.022
-65.0217
-65.0215
-65.0212
-65.021
-65.0207
-65.0205
-65.0203
-65.02
-65.0198
-65.0196
-65.0194
-65.0192
-65.019
-65.0188
-65.0187
-65.0185
-65.0183
-65.0181
-65.018
-65.0178
-65.0177
-65.0175
-65.0174
-65.0172
-65.0171
-65.017
-65.0168
-65.0167
-65.0166
-65.0165
-65.0163
-65.0162
-65.0161
-65.016
-65.0159
-65.0158
-65.0157
-65.0156
-65.0155
-65.0154
-65.0153
-65.0153
-65.0152
-65.0151
-65.015
-65.0149
-65.0149
-65.0148
-65.0147
-65.0147
-65.0146
-65.0145
-65.0145
-65.0144
-65.0143
-65.0143
-65.0142
-65.0142
-65.0141
-65.0141
-65.014
-65.014
-65.0139
-65.0139
-65.0138
-65.0138
-65.0137
-65.0137
-65.0137
-65.0136
-65.0136
-65.0135
-65.0135
-65.0135
-65.0134
-65.0134
-65.0134
-65.0133
-65.0133
-65.0133
-65.0133
-65.0132
-65.0132
-65.0132
-65.0131
-65.0131
-65.0131
-65.0131
-65.0131
-65.013
-65.013
-65.013
-65.013
-65.0129
-65.0129
-65.0129
-65.0129
-65.0129
-65.0129
-65.0128
-65.0128
-65.0128
-65.0128
-65.0128
-65.0128
-65.0127
-65.0127
-65.0127
-65.0127
-65.0127
-65.0127
-65.0127
-65.0127
-65.0126
-65.0126
-65.0126
-65.0126
-65.0126
-65.0126
-65.0126
-65.0126
-65.0126
-65.0126
-65.0125
-65.0125
-65.0125
-65.0125
-65.0125
-65.0125
-65.0125
-65.0125
-65.0125
-65.0125
-65.0125
-65.0125
-65.0125
-65.0124
-65.0124
-65.0124
-65.0124
-65.0124
-65.0124
-65.0124
-65.0124
-65.0124
-65.0124
-65.0124
-65.0124
-65.0124
-65.0124
-65.0124
-65.0124
-65.0124
-65.0124
-65.0124
-65.0124
-65.0124
-65.0124
-65.0124
-65.0123
-65.0123
-65.0123
-65.0123
-65.0123
-65.0123
-65.0123
-65.0123
-65.0123
-65.0123
-65.0123
-65.0123
-65.0123
-65.0123
-65.0123
-65.0123
-65.0123
-65.0123
-65.0123
-65.0123
-65.0123
-65.0123
-65.0123
-65.0123
-65.0123
-65.0123
-65.0123
-65.0123
-65.0123
-65.0123
-65.0123
-65.0123
-65.0123
-65.0123
-65.0123
-65.0123
-65.0123
-65.0123
-65.0123
-65.0123
-65.0123
-65.0123
-65.0123
-65.0123
-65.0123
-65.0123
-65.0123
-65.0123
-65.0123
-65.0123
-65.0123
-65.0123
-65.0123
-65.0123
-65.0123
-65.0123
-65.0123
-65.0123
-65.0123
-65.0123
-65.0123
-65.0123
-65.0123
-65.0123
-65.0123
-65.0123
-65.0123
-65.0123
-65.0123
-65.0123
-65.0123
-65.0123
-65.0123
-65.0123
-64.9505
-64.8995
-64.8615
-64.8344
-64.8133
-64.7964
-64.7828
-64.772
-64.7634
-64.7568
-64.7518
-64.7482
-64.7458
-64.7444
-64.7439
-64.7441
-64.745
-64.7465
-64.7484
-64.7508
-64.7534
-64.7564
-64.7596
-64.763
-64.7666
-64.7703
-64.7742
-64.7781
-64.7821
-64.7861
-64.7902
-64.7942
-64.7983
-64.8024
-64.7542
-64.6319
-64.5502
-64.4896
-64.4463
-64.4127
-64.3865
-64.3661
-64.3507
-64.3393
-64.3314
-64.3265
-64.324
-64.3237
-64.3252
-64.3283
-64.3326
-64.3381
-64.3446
-64.0837
-63.8987
-63.7623
-63.4034
-63.1425
-62.8984
-62.7105
-62.5528
-62.1833
-61.8278
-61.5154
-61.1713
-60.8723
-60.6528
-60.4903
-60.3698
-60.2496
-60.1309
-60.0016
-59.9136
-59.8067
-59.7276
-59.6802
-59.658
-59.6543
-59.6652
-59.6882
-59.7213
-59.7631
-59.812
-59.8671
-59.9272
-59.9462
-59.9802
-60.0252
-60.0802
-60.1412
-60.2065
-60.2753
-60.3467
-60.4201
-60.4952
-60.5714
-60.6485
-60.7261
-60.804
-60.8819
-60.9596
-61.037
-61.1139
-61.1901
-61.2656
-61.3403
-61.4141
-61.4869
-61.5587
-61.6294
-61.699
-61.7675
-61.8347
-61.9008
-61.9656
-62.0292
-62.0692
-62.0757
-62.0985
-62.1292
-62.0872
-62.0413
-62.0217
-62.0201
-62.0305
-62.026
-61.9949
-61.9861
-61.9081
-61.8282
-61.7816
-61.7003
-61.6516
-61.5951
-61.5108
-61.2865
-61.0344
-60.7774
-60.5166
-60.3074
-60.024
-59.8266
-59.6527
-59.5129
-59.3722
-59.2308
-59.1308
-59.0302
-58.9726
-58.9036
-58.8688
-58.8587
-58.8697
-58.8962
-58.9353
-58.9849
-59.0432
-59.1088
-59.1804
-59.2571
-59.338
-59.4223
-59.5093
-59.5985
-59.6893
-59.7814
-59.8743
-59.9678
-60.0614
-60.1551
-60.2485
-60.3414
-60.4338
-60.5255
-60.6163
-60.7061
-60.7949
-60.8825
-60.9689
-61.054
-61.1378
-61.2202
-61.3012
-61.3807
-61.4588
-61.5355
-61.6106
-61.6843
-61.7565
-61.8273
-61.8965
-61.9643
-62.0306
-62.0955
-62.159
-62.221
-62.2816
-62.3409
-62.3988
-62.4554
-62.5106
-62.5646
-62.6173
-62.6687
-62.7189
-62.768
-62.8158
-62.8625
-62.9081
-62.9526
-62.9959
-63.0383
-63.0796
-63.1198
-63.1591
-63.1974
-63.2348
-63.2712
-63.3068
-63.3414
-63.3752
-63.4082
-63.4403
-63.4717
-63.4565
-63.3756
-63.3296
-63.3014
-63.2879
-63.2785
-63.0724
-62.9017
-62.7813
-62.7004
-62.6435
-62.59
-62.4479
-62.3543
-62.2884
-62.0818
-61.6946
-61.2531
-60.8909
-60.5806
-60.3403
-60.1643
-60.0351
-59.938
-59.815
-59.7343
-59.6829
-59.6567
-59.6491
-59.6064
-59.5539
-59.533
-59.5348
-59.5543
-59.5861
-59.5803
-59.442
-59.3552
-59.3095
-59.2969
-59.2677
-59.2655
-59.2819
-59.3147
-59.359
-59.4125
-59.4735
-59.5406
-59.6128
-59.6891
-59.7687
-59.8511
-59.9356
-60.0217
-60.0966
-60.1398
-60.198
-60.2636
-60.3356
-60.4108
-60.4881
-60.525
-60.5739
-60.6308
-60.6947
-60.7623
-60.8322
-60.8629
-60.9015
-60.9492
-61.0047
-61.0645
-61.1269
-61.1913
-61.257
-61.3236
-61.3907
-61.4582
-61.5257
-61.5929
-61.5774
-61.5645
-61.572
-61.5952
-61.6274
-61.6652
-61.7072
-61.7314
-61.7071
-61.6521
-61.502
-61.3592
-61.2666
-61.212
-61.1612
-60.9917
-60.7038
-60.4366
-60.2039
-59.977
-59.7609
-59.5706
-59.443
-59.331
-59.2006
-59.1145
-59.0628
-59.0402
-59.0384
-59.0332
-59.0249
-59.0393
-59.07
-59.1141
-59.168
-59.2299
-59.2983
-59.3492
-59.3949
-59.4535
-59.5209
-59.5952
-59.6739
-59.756
-59.8407
-59.9273
-60.0153
-60.1044
-60.1941
-60.2841
-60.3742
-60.4642
-60.5537
-60.6428
-60.7311
-60.8186
-60.9051
-60.9907
-61.075
-61.1582
-61.2401
-61.3207
-61.4
-61.4779
-61.5543
-61.6294
-61.7031
-61.7753
-61.846
-61.9154
-61.9833
-62.0497
-62.1147
-62.1784
-62.2406
-62.3014
-62.3609
-62.419
-62.4758
-62.5313
-62.5855
-62.6384
-62.6901
-62.7405
-62.7898
-62.8378
-62.8848
-62.9306
-62.9752
-63.0188
-63.0614
-63.1029
-63.1433
-63.1828
-63.2213
-63.2588
-63.2955
-63.3312
-63.366
-63.3999
-63.433
-63.4653
-63.4968
-63.5275
-63.5574
-63.5866
-63.615
-63.6428
-63.6698
-63.6962
-63.7219
-63.747
-63.7714
-63.7953
-63.8185
-63.8412
-63.8633
-63.8848
-63.9058
-63.9263
-63.9463
-63.9658
-63.9847
-63.9997
-63.8645
-63.698
-63.5799
-63.3339
-63.0887
-62.9126
-62.7842
-62.6892
-62.6167
-62.5623
-62.4281
-62.3106
-62.2064
-62.0581
-61.6037
-61.1612
-60.8416
-60.6152
-60.4506
-60.3278
-60.2377
-60.1225
-60.039
-59.9681
-59.9069
-59.8737
-59.8611
-59.8657
-59.8833
-59.9118
-59.8992
-59.8419
-59.804
-59.6442
-59.502
-59.4054
-59.3546
-59.3341
-59.3348
-59.3407
-59.3291
-59.342
-59.3706
-59.4131
-59.4651
-59.5248
-59.5907
-59.6617
-59.737
-59.8157
-59.8971
-59.9806
-60.0658
-60.1521
-60.2392
-60.3268
-60.4146
-60.5023
-60.5898
-60.6769
-60.7388
-60.7803
-60.8345
-60.8954
-60.9613
-61.0295
-61.0993
-61.1699
-61.2411
-61.3125
-61.3839
-61.455
-61.5257
-61.5957
-61.6651
-61.7337
-61.8014
-61.8682
-61.913
-61.9266
-61.9069
-61.9081
-61.9239
-61.9501
-61.9824
-61.9789
-61.9729
-61.9822
-62.0022
-62.0295
-62.0615
-62.0971
-62.11
-62.0883
-61.9746
-61.7922
-61.6256
-61.4353
-61.2955
-61.09
-60.8685
-60.6958
-60.5241
-60.3966
-60.2734
-60.1619
-59.9215
-59.7248
-59.5733
-59.4776
-59.4179
-59.3852
-59.3734
-59.3432

