-70
-69.8623
-69.7285
-69.5983
-69.4718
-69.3487
-69.2291
-69.1128
-68.9997
-68.8897
-68.7828
-68.6789
-68.5778
-68.4795
-68.3839
-68.291
-68.2007
-68.1128
-68.0274
-67.9443
-67.8636
-67.7851
-67.7087
-67.6345
-67.5623
-67.4921
-67.4238
-67.3574
-67.2929
-67.2301
-67.1691
-67.1098
-67.0521
-66.996
-66.9414
-66.8884
-66.8368
-66.7866
-66.7378
-66.6904
-66.6443
-66.5994
-66.5558
-66.5133
-66.4721
-66.432
-66.393
-66.355
-66.3181
-66.2823
-66.2474
-66.2134
-66.1805
-66.1484
-66.1172
-66.0868
-66.0573
-66.0286
-66.0007
-65.9736
-65.9472
-65.9215
-65.8966
-65.8723
-65.8487
-65.8257
-65.8034
-65.7817
-65.7606
-65.74
-65.72
-65.7006
-65.6817
-65.6633
-65.6455
-65.6281
-65.6112
-65.5948
-65.5788
-65.5632
-65.5481
-65.5334
-65.5191
-65.5052
-65.4917
-65.4785
-65.4657
-65.4533
-65.4412
-65.4294
-65.418
-65.4068
-65.396
-65.3855
-65.3752
-65.3653
-65.3556
-65.3462
-65.337
-65.3281
-65.3194
-65.311
-65.3028
-65.2948
-65.2871
-65.2795
-65.2722
-65.2651
-65.2581
-65.2514
-65.2448
-65.2385
-65.2322
-65.2262
-65.2203
-65.2146
-65.2091
-65.2037
-65.1984
-65.1933
-65.1884
-65.1835
-65.1788
-65.1743
-65.1698
-65.1655
-65.1613
-65.1572
-65.1532
-65.1493
-65.1456
-65.1419
-65.1384
-65.1349
-65.1315
-65.1283
-65.1251
-65.122
-65.119
-65.1161
-65.1132
-65.1104
-65.1077
-65.1051
-65.1026
-65.1001
-65.0977
-65.0953
-65.0931
-65.0908
-65.0887
-65.0866
-65.0845
-65.0826
-65.0806
-65.0788
-65.0769
-65.0752
-65.0734
-65.0718
-65.0701
-65.0685
-65.067
-65.0655
-65.064
-65.0626
-65.0612
-65.0599
-65.0586
-65.0573
-65.0561
-65.0549
-65.0537
-65.0526
-65.0514
-65.0504
-65.0493
-65.0483
-65.0473
-65.0464
-65.0454
-65.0445
-65.0436
-65.0428
-65.0419
-65.0411
-65.0403
-65.0395
-65.0388
-65.0381
-65.0374
-65.0367
-65.036
-65.0353
-65.0347
-65.0341
-65.0335
-65.0329
-65.0323
-65.0318
-65.0313
-65.0307
-65.0302
-65.0297
-65.0293
-65.0288
-65.0283
-65.0279
-65.0275
-65.027
-65.0266
-65.0262
-65.0259
-65.0255
-65.0251
-65.0248
-65.0244
-65.0241
-65.0238
-65.0234
-65.0231
-65.0228
-65.0225
-65.0223
-65.022
-65.0217
-65.0215
-65.0212
-65.021
-65.0207
-65.0205
-65.0203
-65.02
-65.0198
-65.0196
-65.0194
-65.0192
-65.019
-65.0188
-65.0187
-65.0185
-65.0183
-65.0181
-65.018
-65.0178
-65.0177
-65.0175
-65.0174
-65.0172
-65.0171
-65.017
-65.0168
-65.0167
-65.0166
-65.0165
-65.0163
-65.0162
-65.0161
-65.016
-65.0159
-65.0158
-65.0157
-65.0156
-65.0155
-65.0154
-65.0153
-65.0153
-65.0152
-65.0151
-65.015
-65.0149
-65.0149
-65.0148
-65.0147
-65.0147
-65.0146
-65.0145
-65.0145
-65.0144
-65.0143
-65.0143
-65.0142
-65.0142
-65.0141
-65.0141
-65.014
-65.014
-65.0139
-65.0139
-65.0138
-65.0138
-65.0137
-65.0137
-65.0137
-65.0136
-65.0136
-65.0135
-65.0135
-65.0135
-65.0134
-65.0134
-65.0134
-65.0133
-65.0133
-65.0133
-65.0133
-65.0132
-65.0132
-65.0132
-65.0131
-65.0131
-65.0131
-65.0131
-65.0131
-65.013
-65.013
-65.013
-65.013
-65.0129
-65.0129
-65.0129
-65.0129
-65.0129
-65.0129
-65.0128
-65.0128
-65.0128
-65.0128
-65.0128
-65.0128
-65.0127
-65.0127
-65.0127
-65.0127
-65.0127
-65.0127
-65.0127
-65.0127
-65.0126
-65.0126
-65.0126
-65.0126
-65.0126
-65.0126
-65.0126
-65.0126
-65.0126
-65.0126
-65.0125
-65.0125
-65.0125
-65.0125
-65.0125
-65.0125
-65.0125
-65.0125
-65.0125
-65.0125
-65.0125
-65.0125
-65.0125
-65.0124
-65.0124
-65.0124
-65.0124
-65.0124
-65.0124
-65.0124
-65.0124
-65.0124
-65.0124
-65.0124
-65.0124
-65.0124
-65.0124
-65.0124
-65.0124
-65.0124
-65.0124
-65.0124
-65.0124
-65.0124
-65.0124
-65.0124
-65.0123
-65.0123
-65.0123
-65.0123
-65.0123
-65.0123
-65.0123
-65.0123
-65.0123
-65.0123
-65.0123
-65.0123
-65.0123
-65.0123
-65.0123
-65.0123
-65.0123
-65.0123
-65.0123
-65.0123
-65.0123
-65.0123
-65.0123
-65.0123
-65.0123
-65.0123
-65.0123
-65.0123
-65.0123
-65.0123
-65.0123
-65.0123
-65.0123
-65.0123
-65.0123
-65.0123
-65.0123
-65.0123
-65.0123
-65.0123
-65.0123
-65.0123
-65.0123
-65.0123
-65.0123
-65.0123
-65.0123
-65.0123
-65.0123
-65.0123
-65.0123
-65.0123
-65.0123
-65.0123
-65.0123
-65.0123
-65.0123
-65.0123
-65.0123
-65.0123
-65.0123
-65.0123
-65.0123
-65.0123
-65.0123
-65.0123
-65.0123
-65.0123
-65.0123
-65.0123
-65.0123
-65.0123
-65.0123
-65.0123
-64.7043
-64.4515
-64.2637
-64.1299
-64.026
-63.943
-63.8763
-63.8231
-63.7811
-63.7486
-63.7241
-63.7065
-63.6948
-63.688
-63.6856
-63.6868
-63.6912
-63.6983
-63.7077
-63.7191
-63.7322
-63.7467
-63.7624
-63.7792
-63.7967
-63.8149
-63.8337
-63.8529
-63.8724
-63.8922
-63.9121
-63.9321
-63.9522
-63.9722
-63.9147
-63.7476
-63.6407
-63.5647
-63.5142
-63.4779
-63.4522
-63.435
-63.4248
-63.4205
-63.4211
-63.4259
-63.4341
-63.4452
-63.4588
-63.4745
-63.4919
-63.5108
-63.5308
-63.4855
-63.4189
-63.3127
-62.5529
-62.023
-61.402
-60.7762
-60.2066
-59.2089
-58.2245
-56.9976
-56.0462
-54.9859
-54.1468
-53.5088
-52.9014
-52.3822
-51.972
-51.4676
-51.0775
-50.7209
-50.4295
-50.1915
-49.9956
-49.8325
-49.6683
-49.5241
-49.404
-49.3052
-49.2234
-49.156
-49.1016
-48.9442
-48.8154
-48.6581
-48.4618
-48.2933
-48.136
-47.9833
-47.8182
-47.6043
-47.3809
-47.1103
-46.7352
-46.2711
-45.7052
-44.8522
-43.5503
-41.1122
-32.5292
41.6304
-0.817642
-35.0735
-55.2366
-60.7732
-62.4322
-63.047
-63.2471
-63.2934
-63.2843
-63.2564
-63.2232
-63.1907
-63.1614
-63.136
-63.1147
-62.993
-62.8445
-62.7087
-62.5515
-62.4099
-62.2362
-61.9307
-61.6782
-61.4914
-61.3546
-61.1964
-60.9221
-60.7133
-60.4908
-60.2425
-59.7987
-59.1833
-58.4252
-57.7801
-57.2074
-56.6686
-55.8962
-55.0538
-54.161
-53.4202
-52.855
-52.3904
-52.0146
-51.7209
-51.4813
-51.1737
-50.9306
-50.7438
-50.5713
-50.4271
-50.2715
-50.0588
-49.8896
-49.763
-49.6706
-49.6028
-49.5549
-49.5246
-49.5103
-49.5109
-49.5255
-49.5533
-49.5937
-49.6464
-49.7109
-49.7872
-49.875
-49.9739
-50.0837
-50.2039
-50.3344
-50.4751
-50.6255
-50.7847
-50.9516
-51.1258
-51.3065
-51.4935
-51.6863
-51.8842
-52.086
-52.2908
-52.4984
-52.7082
-52.9199
-53.1323
-53.345
-53.5577
-53.77
-53.9816
-54.1917
-54.4002
-54.6068
-54.8114
-55.0138
-55.2134
-55.4103
-55.6043
-55.7955
-55.9837
-56.1686
-56.3502
-56.5286
-56.7037
-56.8756
-57.0442
-57.2094
-57.3711
-57.5296
-57.6849
-57.8369
-57.9857
-58.1312
-58.2736
-58.4128
-58.5489
-58.6821
-58.8122
-58.9395
-59.0638
-59.0693
-58.8784
-58.7823
-58.7353
-58.7284
-58.7427
-58.7175
-58.7195
-58.7409
-58.764
-58.7605
-58.6634
-58.3556
-58.152
-58.0218
-57.6632
-56.7647
-55.6858
-54.694
-53.472
-52.5044
-51.7827
-51.2299
-50.783
-50.3372
-49.9523
-49.6293
-49.3528
-49.1096
-48.7798
-48.3839
-48.0336
-47.7
-47.339
-46.9492
-46.4978
-45.9067
-45.1624
-44.1078
-42.3278
-37.844
19.8707
19.1776
-22.9284
-51.0237
-60.3423
-62.688
-63.2498
-63.2571
-62.982
-62.6366
-62.3419
-62.0185
-61.7106
-61.3846
-61.0746
-60.8048
-60.5562
-60.3683
-60.2228
-60.0624
-59.9422
-59.8529
-59.7902
-59.7476
-59.7216
-59.7096
-59.6698
-59.6469
-59.6413
-59.6505
-59.6702
-59.6983
-59.7333
-59.7742
-59.82
-59.87
-59.8922
-59.8936
-59.8428
-59.7441
-59.6035
-59.364
-59.0909
-58.8793
-58.653
-58.4538
-58.2482
-58.0791
-57.9016
-57.6834
-57.4302
-57.2648
-57.1335
-56.9649
-56.7115
-56.3488
-55.9591
-55.6133
-55.2162
-54.6907
-54.0381
-53.389
-52.7801
-52.235
-51.8083
-51.4631
-51.1573
-50.8903
-50.6805
-50.435
-50.1997
-49.9856
-49.8139
-49.5626
-49.3248
-49.1331
-48.9566
-48.7877
-48.6106
-48.4526
-48.2727
-48.0838
-47.8905
-47.6965
-47.4923
-47.2695
-47.0171
-46.7174
-46.3492
-45.88
-45.2401
-44.2978
-42.6938
-38.9128
-1.1421
25.6558
-20.3563
-51.0377
-62.1306
-65.1977
-66.1854
-66.5436
-66.6619
-66.6813
-66.6582
-66.6162
-66.5655
-66.5107
-66.4539
-66.3963
-66.3385
-66.2809
-66.2238
-66.1674
-66.1117
-66.0569
-66.003
-65.9501
-65.8983
-65.8474
-65.7977
-65.7491
-65.7016
-65.6552
-65.6099
-65.5657
-65.5226
-65.4805
-65.4396
-65.3997
-65.3609
-65.3231
-65.2863
-65.2504
-65.2156
-65.1817
-65.1488
-65.1168
-65.0856
-65.0554
-65.026
-64.9974
-64.9697
-64.9428
-64.9166
-64.8912
-64.8666
-64.8427
-64.8195
-64.797
-64.7751
-64.754
-64.7334
-64.7136
-64.6943
-64.6756
-64.6575
-64.64
-64.623
-64.6066
-64.5907
-64.5753
-64.5441
-64.2959
-63.6942
-63.2726
-62.9219
-62.6407
-62.4216
-62.2469
-62.0338
-61.8299
-61.6603
-61.4064
-61.1964
-61.013
-60.5287
-58.6383
-56.9938
-55.8294
-54.9968
-54.3662
-53.8176
-53.3852
-53.0021
-52.6948
-52.4564
-52.2744
-52.1132
-51.9902
-51.9061
-51.8556
-51.8274
-51.7312
-51.4448
-51.215
-51.0239
-50.8425
-50.7162
-50.632
-50.5591
-50.4505
-50.3747
-50.3335
-50.2881
-50.2724
-50.1199
-49.8321
-49.591
-49.3686
-49.2058
-49.0761
-48.9707
-48.8588
-48.7482
-48.6161
-48.503
-48.4023
-48.3106
-48.2226
-48.1353
-48.014
-47.8852
-47.7328
-47.546
-47.3129
-47.0612
-46.7679
-46.4116
-45.9574
-45.34
-44.4372
-42.9254
-39.5303
-13.1833
30.2709
-17.7574
-50.1946
-62.7183
-66.0857
-67.1134
-67.4525
-67.5074
-67.4586
-67.3807
-67.2938
-67.2049
-67.1164
-67.0295
-66.9446
-66.8621
-66.7818
-66.6506
-66.4742
-66.3311
-66.208
-66.1006
-65.9412
-65.6695
-65.2866
-64.6996
-63.9791
-63.2998
-62.6693
-61.9512
-61.0417
-60.0835
-59.2257
-58.3823
-57.4722
-56.5979
-55.8678
-55.2844
-54.8313
-54.4824
-54.2125
-54.0004

