-70
-69.8623
-69.7285
-69.5983
-69.4718
-69.3487
-69.2291
-69.1128
-68.9997
-68.8897
-68.7828
-68.6789
-68.5778
-68.4795
-68.3839
-68.291
-68.2007
-68.1128
-68.0274
-67.9443
-67.8636
-67.7851
-67.7087
-67.6345
-67.5623
-67.4921
-67.4238
-67.3574
-67.2929
-67.2301
-67.1691
-67.1098
-67.0521
-66.996
-66.9414
-66.8884
-66.8368
-66.7866
-66.7378
-66.6904
-66.6443
-66.5994
-66.5558
-66.5133
-66.4721
-66.432
-66.393
-66.355
-66.3181
-66.2823
-66.2474
-66.2134
-66.1805
-66.1484
-66.1172
-66.0868
-66.0573
-66.0286
-66.0007
-65.9736
-65.9472
-65.9215
-65.8966
-65.8723
-65.8487
-65.8257
-65.8034
-65.7817
-65.7606
-65.74
-65.72
-65.7006
-65.6817
-65.6633
-65.6455
-65.6281
-65.6112
-65.5948
-65.5788
-65.5632
-65.5481
-65.5334
-65.5191
-65.5052
-65.4917
-65.4785
-65.4657
-65.4533
-65.4412
-65.4294
-65.418
-65.4068
-65.396
-65.3855
-65.3752
-65.3653
-65.3556
-65.3462
-65.337
-65.3281
-65.3194
-65.311
-65.3028
-65.2948
-65.2871
-65.2795
-65.2722
-65.2651
-65.2581
-65.2514
-65.2448
-65.2385
-65.2322
-65.2262
-65.2203
-65.2146
-65.2091
-65.2037
-65.1984
-65.1933
-65.1884
-65.1835
-65.1788
-65.1743
-65.1698
-65.1655
-65.1613
-65.1572
-65.1532
-65.1493
-65.1456
-65.1419
-65.1384
-65.1349
-65.1315
-65.1283
-65.1251
-65.122
-65.119
-65.1161
-65.1132
-65.1104
-65.1077
-65.1051
-65.1026
-65.1001
-65.0977
-65.0953
-65.0931
-65.0908
-65.0887
-65.0866
-65.0845
-65.0826
-65.0806
-65.0788
-65.0769
-65.0752
-65.0734
-65.0718
-65.0701
-65.0685
-65.067
-65.0655
-65.064
-65.0626
-65.0612
-65.0599
-65.0586
-65.0573
-65.0561
-65.0549
-65.0537
-65.0526
-65.0514
-65.0504
-65.0493
-65.0483
-65.0473
-65.0464
-65.0454
-65.0445
-65.0436
-65.0428
-65.0419
-65.0411
-65.0403
-65.0395
-65.0388
-65.0381
-65.0374
-65.0367
-65.036
-65.0353
-65.0347
-65.0341
-65.0335
-65.0329
-65.0323
-65.0318
-65.0313
-65.0307
-65.0302
-65.0297
-65.0293
-65.0288
-65.0283
-65.0279
-65.0275
-65.027
-65.0266
-65.0262
-65.0259
-65.0255
-65.0251
-65.0248
-65.0244
-65.0241
-65.0238
-65.0234
-65.0231
-65.0228
-65.0225
-65.0223
-65.022
-65.0217
-65.0215
-65.0212
-65.021
-65.0207
-65.0205
-65.0203
-65.02
-65.0198
-65.0196
-65.0194
-65.0192
-65.019
-65.0188
-65.0187
-65.0185
-65.0183
-65.0181
-65.018
-65.0178
-65.0177
-65.0175
-65.0174
-65.0172
-65.0171
-65.017
-65.0168
-65.0167
-65.0166
-65.0165
-65.0163
-65.0162
-65.0161
-65.016
-65.0159
-65.0158
-65.0157
-65.0156
-65.0155
-65.0154
-65.0153
-65.0153
-65.0152
-65.0151
-65.015
-65.0149
-65.0149
-65.0148
-65.0147
-65.0147
-65.0146
-65.0145
-65.0145
-65.0144
-65.0143
-65.0143
-65.0142
-65.0142
-65.0141
-65.0141
-65.014
-65.014
-65.0139
-65.0139
-65.0138
-65.0138
-65.0137
-65.0137
-65.0137
-65.0136
-65.0136
-65.0135
-65.0135
-65.0135
-65.0134
-65.0134
-65.0134
-65.0133
-65.0133
-65.0133
-65.0133
-65.0132
-65.0132
-65.0132
-65.0131
-65.0131
-65.0131
-65.0131
-65.0131
-65.013
-65.013
-65.013
-65.013
-65.0129
-65.0129
-65.0129
-65.0129
-65.0129
-65.0129
-65.0128
-65.0128
-65.0128
-65.0128
-65.0128
-65.0128
-65.0127
-65.0127
-65.0127
-65.0127
-65.0127
-65.0127
-65.0127
-65.0127
-65.0126
-65.0126
-65.0126
-65.0126
-65.0126
-65.0126
-65.0126
-65.0126
-65.0126
-65.0126
-65.0125
-65.0125
-65.0125
-65.0125
-65.0125
-65.0125
-65.0125
-65.0125
-65.0125
-65.0125
-65.0125
-65.0125
-65.0125
-65.0124
-65.0124
-65.0124
-65.0124
-65.0124
-65.0124
-65.0124
-65.0124
-65.0124
-65.0124
-65.0124
-65.0124
-65.0124
-65.0124
-65.0124
-65.0124
-65.0124
-65.0124
-65.0124
-65.0124
-65.0124
-65.0124
-65.0124
-65.0123
-65.0123
-65.0123
-65.0123
-65.0123
-65.0123
-65.0123
-65.0123
-65.0123
-65.0123
-65.0123
-65.0123
-65.0123
-65.0123
-65.0123
-65.0123
-65.0123
-65.0123
-65.0123
-65.0123
-65.0123
-65.0123
-65.0123
-65.0123
-65.0123
-65.0123
-65.0123
-65.0123
-65.0123
-65.0123
-65.0123
-65.0123
-65.0123
-65.0123
-65.0123
-65.0123
-65.0123
-65.0123
-65.0123
-65.0123
-65.0123
-65.0123
-65.0123
-65.0123
-65.0123
-65.0123
-65.0123
-65.0123
-65.0123
-65.0123
-65.0123
-65.0123
-65.0123
-65.0123
-65.0123
-65.0123
-65.0123
-65.0123
-65.0123
-65.0123
-65.0123
-65.0123
-65.0123
-65.0123
-65.0123
-65.0123
-65.0123
-65.0123
-65.0123
-65.0123
-65.0123
-65.0123
-65.0123
-65.0123
-64.9505
-64.8995
-64.8615
-64.8344
-64.8133
-64.7964
-64.7828
-64.772
-64.7634
-64.7568
-64.7518
-64.7482
-64.7458
-64.7444
-64.7439
-64.7441
-64.745
-64.7465
-64.7484
-64.7508
-64.7534
-64.7564
-64.7596
-64.763
-64.7666
-64.7703
-64.7742
-64.7781
-64.7821
-64.7861
-64.7902
-64.7942
-64.7983
-64.8024
-64.7803
-64.7211
-64.6822
-64.6538
-64.634
-64.6191
-64.6078
-64.5995
-64.5936
-64.5897
-64.5876
-64.5868
-64.5873
-64.5889
-64.5913
-64.5945
-64.5983
-64.6026
-64.6074
-64.6126
-64.618
-64.5459
-64.2961
-64.1259
-63.9515
-63.6733
-63.4088
-63.2151
-62.9639
-62.5482
-62.2521
-61.9834
-61.7674
-61.6037
-61.4792
-61.3214
-61.1341
-60.8914
-60.72
-60.4955
-60.3146
-60.1862
-60.0988
-60.0405
-60.0045
-59.9764
-59.9327
-59.9149
-59.9149
-59.9305
-59.9574
-59.9934
-60.037
-60.0871
-60.1425
-60.2024
-60.266
-60.3328
-60.402
-60.4733
-60.5461
-60.6202
-60.6952
-60.7708
-60.8467
-60.9228
-60.9988
-61.0745
-61.1499
-61.2247
-61.2988
-61.322
-61.3528
-61.3933
-61.4419
-61.4944
-61.546
-61.5461
-61.5651
-61.5941
-61.6321
-61.6748
-61.7207
-61.7542
-61.7501
-61.7652
-61.7559
-61.7411
-61.745
-61.7454
-61.714
-61.7069
-61.7135
-61.7316
-61.7567
-61.7654
-61.7007
-61.6584
-61.6397
-61.5825
-61.5059
-61.2836
-61.0915
-60.8551
-60.6104
-60.4009
-60.1881
-59.9628
-59.7794
-59.6382
-59.5139
-59.4341
-59.3849
-59.2983
-59.2096
-59.1408
-59.0836
-59.0604
-59.06
-59.0782
-59.0751
-59.084
-59.1111
-59.1533
-59.2064
-59.2677
-59.3358
-59.4092
-59.4872
-59.5687
-59.6532
-59.74
-59.8285
-59.9183
-60.0091
-60.1004
-60.192
-60.2836
-60.3751
-60.4661
-60.5566
-60.6463
-60.7353
-60.8232
-60.9102
-60.9959
-61.0805
-61.1637
-61.2457
-61.3263
-61.4056
-61.4834
-61.5598
-61.6347
-61.7082
-61.7803
-61.8509
-61.92
-61.9877
-62.054
-62.1188
-62.1822
-62.2442
-62.3048
-62.364
-62.4219
-62.4785
-62.5337
-62.5877
-62.6404
-62.6918
-62.742
-62.7911
-62.8389
-62.8856
-62.9312
-62.9757
-63.0191
-63.0614
-63.1027
-63.143
-63.1822
-63.2205
-63.2579
-63.2943
-63.3299
-63.3645
-63.3983
-63.4313
-63.4634
-63.449
-63.3688
-63.3235
-63.2961
-63.2833
-63.2783
-63.2792
-63.2847
-63.2939
-63.3061
-63.2889
-63.1397
-63.0394
-62.97
-62.9269
-62.8475
-62.607
-62.3252
-62.0839
-61.6679
-61.3152
-61.0598
-60.8762
-60.7218
-60.4704
-60.2728
-60.1316
-60.0353
-59.9703
-59.8789
-59.7847
-59.7281
-59.699
-59.6918
-59.6908
-59.6752
-59.682
-59.7038
-59.7388
-59.7832
-59.8352
-59.8933
-59.9566
-60.0241
-60.0951
-60.1477
-60.1467
-60.1647
-60.1987
-60.2464
-60.3018
-60.3627
-60.4278
-60.4963
-60.5672
-60.6401
-60.7145
-60.7899
-60.866
-60.9425
-61.0191
-61.0956
-61.1718
-61.2476
-61.3228
-61.3973
-61.4709
-61.5023
-61.5396
-61.5845
-61.6357
-61.69
-61.7461
-61.8032
-61.861
-61.916
-61.9243
-61.916
-61.9025
-61.9096
-61.9284
-61.9525
-61.9357
-61.7914
-61.684
-61.574
-61.485
-61.325
-61.1132
-60.876
-60.7159
-60.5985
-60.4732
-60.3649
-60.2648
-60.2041
-60.1698
-60.1174
-60.0755
-59.9975
-59.8809
-59.797
-59.6977
-59.6424
-59.6164
-59.5733
-59.5224
-59.463
-59.4367
-59.4355
-59.4295
-59.4326
-59.4254
-59.391
-59.3802
-59.3528
-59.3563
-59.3787
-59.3504
-59.3344
-59.3436
-59.3735
-59.4171
-59.4706
-59.5319
-59.5997
-59.6726
-59.7497
-59.8301
-59.9132
-59.9983
-60.085
-60.1728
-60.2612
-60.3501
-60.4392
-60.5281
-60.6166
-60.7047
-60.7921
-60.8787
-60.9644
-61.049
-61.1326
-61.2149
-61.296
-61.3759
-61.4544
-61.5316
-61.6074
-61.6818
-61.7547
-61.8263
-61.8965
-61.9653
-62.0326
-62.0985
-62.163
-62.2261
-62.2878
-62.3481
-62.4071
-62.4647
-62.521
-62.5761
-62.6298
-62.6823
-62.7335
-62.7836
-62.8324
-62.8801
-62.9266
-62.972
-63.0163
-63.0595
-63.1017
-63.1428
-63.1829
-63.222
-63.2601
-63.2973
-63.3336
-63.369
-63.4035
-63.4371
-63.4699
-63.5019
-63.533
-63.5634
-63.5931
-63.622
-63.6501
-63.6776
-63.7043
-63.7304
-63.7559
-63.7807
-63.8049
-63.8284
-63.8514
-63.8738
-63.8957
-63.917
-63.9339
-63.8932
-63.8715
-63.8593
-63.8557
-63.8564
-63.8602
-63.8449
-63.7128
-63.5938
-63.5109
-63.4547
-63.4151
-63.3831
-63.2249
-62.6599
-62.1209
-61.7168
-61.4288
-61.2102
-60.986
-60.8193
-60.5967
-60.4208
-60.2937
-60.206
-60.1467
-60.1096
-60.0908
-60.0875
-60.0973
-60.0737
-60.0338
-60.0217
-60.0295
-60.0528
-60.0867
-60.1134
-60.1234
-60.1513
-60.1904
-60.2391
-60.2541
-60.2842
-60.3228
-60.3316
-60.3592
-60.3981
-60.4471
-60.5023
-60.5622
-60.6257
-60.6921
-60.7607
-60.831
-60.9025
-60.9363
-60.9718
-61.0174
-61.0709
-61.1288
-61.1648
-61.1831
-61.2163
-61.2583
-61.3069
-61.3594
-61.4146
-61.4718
-61.5306
-61.5904
-61.651
-61.712
-61.7732
-61.8344
-61.8954
-61.9561
-62.0163
-62.0616
-62.0692
-62.0407
-61.9764
-61.8978
-61.8484
-61.8245
-61.8184
-61.824
-61.8384
-61.8597
-61.8867
-61.8843
-61.8808
-61.8913
-61.9118
-61.9393
-61.9579
-61.9449
-61.895
-61.81
-61.7619
-61.6866
-61.5593
-61.4511
-61.2849
-61.0371
-60.7344
-60.5295
-60.38
-60.1712
-60.0302
-59.905
-59.7662
-59.676
-59.6167
-59.5385

