-70
-69.8623
-69.7285
-69.5983
-69.4718
-69.3487
-69.2291
-69.1128
-68.9997
-68.8897
-68.7828
-68.6789
-68.5778
-68.4795
-68.3839
-68.291
-68.2007
-68.1128
-68.0274
-67.9443
-67.8636
-67.7851
-67.7087
-67.6345
-67.5623
-67.4921
-67.4238
-67.3574
-67.2929
-67.2301
-67.1691
-67.1098
-67.0521
-66.996
-66.9414
-66.8884
-66.8368
-66.7866
-66.7378
-66.6904
-66.6443
-66.5994
-66.5558
-66.5133
-66.4721
-66.432
-66.393
-66.355
-66.3181
-66.2823
-66.2474
-66.2134
-66.1805
-66.1484
-66.1172
-66.0868
-66.0573
-66.0286
-66.0007
-65.9736
-65.9472
-65.9215
-65.8966
-65.8723
-65.8487
-65.8257
-65.8034
-65.7817
-65.7606
-65.74
-65.72
-65.7006
-65.6817
-65.6633
-65.6455
-65.6281
-65.6112
-65.5948
-65.5788
-65.5632
-65.5481
-65.5334
-65.5191
-65.5052
-65.4917
-65.4785
-65.4657
-65.4533
-65.4412
-65.4294
-65.418
-65.4068
-65.396
-65.3855
-65.3752
-65.3653
-65.3556
-65.3462
-65.337
-65.3281
-65.3194
-65.311
-65.3028
-65.2948
-65.2871
-65.2795
-65.2722
-65.2651
-65.2581
-65.2514
-65.2448
-65.2385
-65.2322
-65.2262
-65.2203
-65.2146
-65.2091
-65.2037
-65.1984
-65.1933
-65.1884
-65.1835
-65.1788
-65.1743
-65.1698
-65.1655
-65.1613
-65.1572
-65.1532
-65.1493
-65.1456
-65.1419
-65.1384
-65.1349
-65.1315
-65.1283
-65.1251
-65.122
-65.119
-65.1161
-65.1132
-65.1104
-65.1077
-65.1051
-65.1026
-65.1001
-65.0977
-65.0953
-65.0931
-65.0908
-65.0887
-65.0866
-65.0845
-65.0826
-65.0806
-65.0788
-65.0769
-65.0752
-65.0734
-65.0718
-65.0701
-65.0685
-65.067
-65.0655
-65.064
-65.0626
-65.0612
-65.0599
-65.0586
-65.0573
-65.0561
-65.0549
-65.0537
-65.0526
-65.0514
-65.0504
-65.0493
-65.0483
-65.0473
-65.0464
-65.0454
-65.0445
-65.0436
-65.0428
-65.0419
-65.0411
-65.0403
-65.0395
-65.0388
-65.0381
-65.0374
-65.0367
-65.036
-65.0353
-65.0347
-65.0341
-65.0335
-65.0329
-65.0323
-65.0318
-65.0313
-65.0307
-65.0302
-65.0297
-65.0293
-65.0288
-65.0283
-65.0279
-65.0275
-65.027
-65.0266
-65.0262
-65.0259
-65.0255
-65.0251
-65.0248
-65.0244
-65.0241
-65.0238
-65.0234
-65.0231
-65.0228
-65.0225
-65.0223
-65.022
-65.0217
-65.0215
-65.0212
-65.021
-65.0207
-65.0205
-65.0203
-65.02
-65.0198
-65.0196
-65.0194
-65.0192
-65.019
-65.0188
-65.0187
-65.0185
-65.0183
-65.0181
-65.018
-65.0178
-65.0177
-65.0175
-65.0174
-65.0172
-65.0171
-65.017
-65.0168
-65.0167
-65.0166
-65.0165
-65.0163
-65.0162
-65.0161
-65.016
-65.0159
-65.0158
-65.0157
-65.0156
-65.0155
-65.0154
-65.0153
-65.0153
-65.0152
-65.0151
-65.015
-65.0149
-65.0149
-65.0148
-65.0147
-65.0147
-65.0146
-65.0145
-65.0145
-65.0144
-65.0143
-65.0143
-65.0142
-65.0142
-65.0141
-65.0141
-65.014
-65.014
-65.0139
-65.0139
-65.0138
-65.0138
-65.0137
-65.0137
-65.0137
-65.0136
-65.0136
-65.0135
-65.0135
-65.0135
-65.0134
-65.0134
-65.0134
-65.0133
-65.0133
-65.0133
-65.0133
-65.0132
-65.0132
-65.0132
-65.0131
-65.0131
-65.0131
-65.0131
-65.0131
-65.013
-65.013
-65.013
-65.013
-65.0129
-65.0129
-65.0129
-65.0129
-65.0129
-65.0129
-65.0128
-65.0128
-65.0128
-65.0128
-65.0128
-65.0128
-65.0127
-65.0127
-65.0127
-65.0127
-65.0127
-65.0127
-65.0127
-65.0127
-65.0126
-65.0126
-65.0126
-65.0126
-65.0126
-65.0126
-65.0126
-65.0126
-65.0126
-65.0126
-65.0125
-65.0125
-65.0125
-65.0125
-65.0125
-65.0125
-65.0125
-65.0125
-65.0125
-65.0125
-65.0125
-65.0125
-65.0125
-65.0124
-65.0124
-65.0124
-65.0124
-65.0124
-65.0124
-65.0124
-65.0124
-65.0124
-65.0124
-65.0124
-65.0124
-65.0124
-65.0124
-65.0124
-65.0124
-65.0124
-65.0124
-65.0124
-65.0124
-65.0124
-65.0124
-65.0124
-65.0123
-65.0123
-65.0123
-65.0123
-65.0123
-65.0123
-65.0123
-65.0123
-65.0123
-65.0123
-65.0123
-65.0123
-65.0123
-65.0123
-65.0123
-65.0123
-65.0123
-65.0123
-65.0123
-65.0123
-65.0123
-65.0123
-65.0123
-65.0123
-65.0123
-65.0123
-65.0123
-65.0123
-65.0123
-65.0123
-65.0123
-65.0123
-65.0123
-65.0123
-65.0123
-65.0123
-65.0123
-65.0123
-65.0123
-65.0123
-65.0123
-65.0123
-65.0123
-65.0123
-65.0123
-65.0123
-65.0123
-65.0123
-65.0123
-65.0123
-65.0123
-65.0123
-65.0123
-65.0123
-65.0123
-65.0123
-65.0123
-65.0123
-65.0123
-65.0123
-65.0123
-65.0123
-65.0123
-65.0123
-65.0123
-65.0123
-65.0123
-65.0123
-65.0123
-65.0123
-65.0123
-65.0123
-65.0123
-65.0123
-64.8888
-64.7871
-64.7113
-64.6572
-64.6152
-64.5815
-64.5545
-64.5329
-64.5159
-64.5027
-64.4927
-64.4856
-64.4808
-64.478
-64.477
-64.4776
-64.4793
-64.4822
-64.4861
-64.4907
-64.496
-64.5019
-64.5083
-64.5151
-64.5223
-64.5297
-64.5373
-64.5451
-64.553
-64.5611
-64.5691
-64.5773
-64.5854
-64.5935
-64.6016
-64.6097
-64.6177
-64.6256
-64.6335
-64.6413
-64.6489
-64.6565
-64.664
-64.6713
-64.6785
-64.6856
-64.6926
-64.6994
-64.7061
-64.7127
-64.7191
-64.7255
-64.7316
-64.7377
-64.7436
-64.731
-64.5315
-64.3272
-64.0831
-63.7968
-63.5184
-63.0014
-62.5662
-62.038
-61.6635
-61.3771
-61.1605
-60.9912
-60.8594
-60.6638
-60.4212
-60.2533
-60.133
-60.0003
-59.8964
-59.8267
-59.7848
-59.7637
-59.7592
-59.7686
-59.7897
-59.8053
-59.8045
-59.8231
-59.8521
-59.8505
-59.8543
-59.8467
-59.8631
-59.8937
-59.9363
-59.9867
-60.0434
-60.0771
-60.1021
-60.1179
-60.1235
-60.1504
-60.19
-60.2395
-60.2955
-60.3563
-60.4211
-60.4889
-60.5592
-60.6313
-60.7048
-60.7792
-60.8544
-60.9298
-61.0054
-61.0808
-61.156
-61.2307
-61.3048
-61.3782
-61.4508
-61.4725
-61.5016
-61.5401
-61.5527
-61.5552
-61.5627
-61.4835
-61.4467
-61.4322
-61.4371
-61.4531
-61.4682
-61.4419
-61.299
-61.1751
-61.09
-60.9659
-60.7979
-60.5932
-60.398
-60.27
-60.1287
-60.0361
-59.9113
-59.7422
-59.6188
-59.4545
-59.3298
-59.2519
-59.1325
-59.0433
-58.9491
-58.8765
-58.8162
-58.7911
-58.7901
-58.8085
-58.8415
-58.8864
-58.9413
-59.0044
-59.0743
-59.1499
-59.2303
-59.3145
-59.4018
-59.4915
-59.5833
-59.6764
-59.7707
-59.8656
-59.9608
-60.0562
-60.1513
-60.2461
-60.3404
-60.4339
-60.5266
-60.6184
-60.7091
-60.7986
-60.8869
-60.974
-61.0596
-61.1439
-61.2268
-61.3082
-61.3882
-61.4666
-61.5436
-61.6191
-61.693
-61.7655
-61.8364
-61.9058
-61.9738
-62.0403
-62.1053
-62.1689
-62.231
-62.2917
-62.3511
-62.409
-62.4656
-62.5209
-62.5749
-62.6277
-62.6791
-62.7294
-62.7784
-62.8262
-62.8729
-62.9185
-62.963
-63.0063
-63.0487
-63.0899
-63.1302
-63.1694
-63.2077
-63.245
-63.2815
-63.317
-63.3516
-63.3853
-63.4183
-63.4504
-63.4521
-63.4296
-63.4228
-63.4245
-63.4327
-63.4443
-63.4585
-63.4745
-63.492
-63.5108
-63.5304
-63.4909
-63.3618
-63.2002
-63.0361
-62.9219
-62.7277
-62.2848
-61.8264
-61.3078
-60.8757
-60.5621
-60.3295
-60.1543
-59.9646
-59.8255
-59.7252
-59.6576
-59.6149
-59.563
-59.5233
-59.5074
-59.5109
-59.5294
-59.5597
-59.5997
-59.6479
-59.689
-59.7138
-59.7543
-59.8049
-59.8483
-59.843
-59.8478
-59.835
-59.8394
-59.828
-59.8432
-59.8735
-59.8832
-59.8501
-59.8503
-59.87
-59.868
-59.8771
-59.9036
-59.944
-59.994
-60.0511
-60.1137
-60.1807
-60.2487
-60.2789
-60.3247
-60.3791
-60.4414
-60.508
-60.5777
-60.6497
-60.7234
-60.7982
-60.8738
-60.9499
-61.0261
-61.1023
-61.1782
-61.2537
-61.301
-61.3363
-61.382
-61.4341
-61.4412
-61.394
-61.2477
-61.1102
-61.0279
-60.9823
-60.9329
-60.8884
-60.8597
-60.7733
-60.7077
-60.6447
-60.5788
-60.5026
-60.4637
-60.3982
-60.3603
-60.2908
-60.2562
-60.2059
-60.0376
-59.8072
-59.6277
-59.5054
-59.3922
-59.2637
-59.1553
-59.0913
-59.0596
-59.0525
-59.0637
-59.0898
-59.0851
-59.0466
-59.0162
-59.0177
-59.0056
-59.0105
-59.0356
-59.0771
-59.1301
-59.192
-59.261
-59.3358
-59.4153
-59.4987
-59.585
-59.6738
-59.7644
-59.8564
-59.9492
-60.0426
-60.1363
-60.2299
-60.3234
-60.4163
-60.5087
-60.6004
-60.6911
-60.7808
-60.8695
-60.957
-61.0432
-61.128
-61.2115
-61.2936
-61.3743
-61.4535
-61.5312
-61.6075
-61.6823
-61.7556
-61.8274
-61.8977
-61.9665
-62.0339
-62.0998
-62.1642
-62.2272
-62.2888
-62.349
-62.4078
-62.4652
-62.5213
-62.5761
-62.6296
-62.6818
-62.7328
-62.7826
-62.8312
-62.8785
-62.9248
-62.9699
-63.0139
-63.0569
-63.0987
-63.1396
-63.1794
-63.2183
-63.2561
-63.2931
-63.3291
-63.3642
-63.3985
-63.4319
-63.4644
-63.4961
-63.5271
-63.5573
-63.5867
-63.6153
-63.6433
-63.6706
-63.6971
-63.723
-63.7483
-63.7729
-63.7969
-63.8203
-63.8432
-63.8654
-63.8871
-63.9083
-63.8468
-63.7117
-63.6246
-63.5643
-63.5246
-63.4966
-63.45
-63.278
-63.1014
-62.9781
-62.8375
-62.7316
-62.6538
-62.5491
-62.1345
-61.5603
-61.1306
-60.8223
-60.5995
-60.431
-60.3032
-60.1518
-60.0438
-59.9688
-59.8862
-59.8336
-59.8045
-59.7959
-59.8028
-59.8223
-59.847
-59.7682
-59.7199
-59.6669
-59.6511
-59.6565
-59.6728
-59.6259
-59.6123
-59.6089
-59.5939
-59.6045
-59.6311
-59.6446
-59.6132
-59.6148
-59.6357
-59.6734
-59.7214
-59.7604
-59.7807
-59.8195
-59.8695
-59.9289
-59.9942
-60.0641
-60.1375
-60.2137
-60.2921
-60.3722
-60.4534
-60.5354
-60.6179
-60.7006
-60.7832
-60.8655
-60.9474
-61.0288
-61.1093
-61.1891
-61.2679
-61.3457
-61.4224
-61.4979
-61.5723
-61.6455
-61.7174
-61.788
-61.8573
-61.8837
-61.8051
-61.7586
-61.7395
-61.7419
-61.7293
-61.7036
-61.6991
-61.708
-61.7273
-61.7536
-61.7853
-61.772
-61.776
-61.7915
-61.817
-61.8401
-61.8245
-61.8293
-61.743
-61.6895
-61.631
-61.5663
-61.4589
-61.2799
-61.0935
-60.9058
-60.6154
-60.3157
-60.0604
-59.8839
-59.6877
-59.5442
-59.4448
-59.356

