-70
-70.0758
-70.1508
-70.225
-70.2983
-70.3706
-70.4419
-70.5122
-70.5814
-70.6496
-70.7168
-70.7829
-70.848
-70.9121
-70.9752
-71.0373
-71.0984
-71.1586
-71.2178
-71.2761
-71.3334
-71.3899
-71.4455
-71.5003
-71.5543
-71.6074
-71.6598
-71.7114
-71.7623
-71.8124
-71.8619
-71.9106
-71.9587
-72.006
-72.0527
-72.0988
-72.1442
-72.1889
-72.2331
-72.2766
-72.3196
-72.362
-72.4038
-72.445
-72.4857
-72.5258
-72.5654
-72.6045
-72.6431
-72.6812
-72.7188
-72.756
-72.7927
-72.8289
-72.8647
-72.9
-72.9349
-72.9694
-73.0035
-73.0371
-73.0704
-73.1032
-73.1357
-73.1678
-73.1994
-73.2307
-73.2617
-73.2922
-73.3224
-73.3523
-73.3817
-73.4109
-73.4397
-73.4682
-73.4963
-73.5241
-73.5516
-73.5788
-73.6057
-73.6323
-73.6585
-73.6845
-73.7102
-73.7356
-73.7608
-73.7857
-73.8103
-73.8346
-73.8587
-73.8825
-73.9061
-73.9294
-73.9524
-73.9753
-73.9979
-74.0202
-74.0423
-74.0642
-74.0859
-74.1073
-74.1285
-74.1495
-74.1703
-74.1909
-74.2112
-74.2313
-74.2513
-74.271
-74.2905
-74.3098
-74.329
-74.3479
-74.3666
-74.3852
-74.4036
-74.4217
-74.4397
-74.4575
-74.4752
-74.4926
-74.5099
-74.527
-74.544
-74.5607
-74.5774
-74.5938
-74.6101
-74.6262
-74.6422
-74.658
-74.6736
-74.6891
-74.7045
-74.7197
-74.7347
-74.7496
-74.7644
-74.779
-74.7935
-74.8079
-74.8221
-74.8362
-74.8501
-74.864
-74.8777
-74.8913
-74.9047
-74.918
-74.9313
-74.9443
-74.9573
-74.9701
-74.9829
-74.9955
-75.008
-75.0204
-75.0327
-75.0448
-75.0569
-75.0688
-75.0806
-75.0924
-75.104
-75.1155
-75.1269
-75.1382
-75.1495
-75.1606
-75.1716
-75.1825
-75.1933
-75.204
-75.2147
-75.2252
-75.2356
-75.246
-75.2562
-75.2664
-75.2764
-75.2864
-75.2963
-75.3061
-75.3158
-75.3255
-75.335
-75.3445
-75.3538
-75.3631
-75.3724
-75.3815
-75.3906
-75.3995
-75.4084
-75.4172
-75.426
-75.4346
-75.4432
-75.4518
-75.4602
-75.4686
-75.4769
-75.4851
-75.4932
-75.5013
-75.5093
-75.5173
-75.5251
-75.533
-75.5407
-75.5484
-75.556
-75.5635
-75.571
-75.5784
-75.5858
-75.593
-75.6003
-75.6074
-75.6145
-75.6216
-75.6285
-75.6355
-75.6423
-75.6491
-75.6559
-75.6626
-75.6692
-75.6758
-75.6823
-75.6888
-75.6952
-75.7015
-75.7078
-75.7141
-75.7203
-75.7264
-75.7325
-75.7386
-75.7446
-75.7505
-75.7564
-75.7622
-75.768
-75.7738
-75.7795
-75.7851
-75.7907
-75.7963
-75.8018
-75.8072
-75.8127
-75.818
-75.8234
-75.8287
-75.8339
-75.8391
-75.8443
-75.8494
-75.8545
-75.8595
-75.8645
-75.8695
-75.8744
-75.8793
-75.8841
-75.8889
-75.8937
-75.8984
-75.9031
-75.9077
-75.9123
-75.9169
-75.9214
-75.9259
-75.9304
-75.9348
-75.9392
-75.9436
-75.9479
-75.9522
-75.9565
-75.9607
-75.9649
-75.969
-75.9731
-75.9772
-75.9813
-75.9853
-75.9893
-75.9933
-75.9972
-76.0011
-76.005
-76.0088
-76.0126
-76.0164
-76.0201
-76.0239
-76.0275
-76.0312
-76.0348
-76.0384
-76.042
-76.0456
-76.0491
-76.0526
-76.056
-76.0595
-76.0629
-76.0663
-76.0696
-76.0729
-76.0762
-76.0795
-76.0828
-76.086
-76.0892
-76.0924
-76.0955
-76.0986
-76.1017
-76.1048
-76.1079
-76.1109
-76.1139
-76.1169
-76.1198
-76.1228
-76.1257
-76.1286
-76.1314
-76.1343
-76.1371
-76.1399
-76.1427
-76.1455
-76.1482
-76.1509
-76.1536
-76.1563
-76.1589
-76.1615
-76.1642
-76.1667
-76.1693
-76.1719
-76.1744
-76.1769
-76.1794
-76.1819
-76.1843
-76.1868
-76.1892
-76.1916
-76.1939
-76.1963
-76.1986
-76.201
-76.2033
-76.2056
-76.2078
-76.2101
-76.2123
-76.2145
-76.2167
-76.2189
-76.2211
-76.2232
-76.2254
-76.2275
-76.2296
-76.2317
-76.2337
-76.2358
-76.2378
-76.2398
-76.2418
-76.2438
-76.2458
-76.2478
-76.2497
-76.2516
-76.2536
-76.2554
-76.2573
-76.2592
-76.2611
-76.2629
-76.2647
-76.2665
-76.2683
-76.2701
-76.2719
-76.2737
-76.2754
-76.2771
-76.2788
-76.2806
-76.2822
-76.2839
-76.2856
-76.2872
-76.2889
-76.2905
-76.2921
-76.2937
-76.2953
-76.2969
-76.2985
-76.3
-76.3016
-76.3031
-76.3046
-76.3061
-76.3076
-76.3091
-76.3106
-76.312
-76.3135
-76.3149
-76.3164
-76.3178
-76.3192
-76.3206
-76.322
-76.3233
-76.3247
-76.3261
-76.3274
-76.3287
-76.33
-76.3314
-76.3327
-76.334
-76.3352
-76.3365
-76.3378
-76.339
-76.3403
-76.3415
-76.3427
-76.3439
-76.3452
-76.3464
-76.3475
-76.3487
-76.3499
-76.351
-76.3522
-76.3533
-76.3545
-76.3556
-76.3567
-76.3578
-76.3589
-76.36
-76.3611
-76.3622
-76.3632
-76.3643
-76.3654
-76.3664
-76.3674
-76.3685
-76.3695
-76.3705
-76.3715
-76.3725
-76.3735
-76.3745
-76.3754
-76.3764
-76.3774
-76.3783
-76.3793
-76.3802
-76.3811
-76.382
-76.383
-76.3839
-76.3848
-76.3857
-76.3866
-76.3874
-76.3883
-76.3892
-76.39
-76.3909
-76.3917
-76.3926
-76.3934
-76.3943
-76.3951
-76.3959
-76.3967
-76.3975
-76.3983
-76.3991
-76.3999
-76.4007
-76.4014
-76.4022
-76.403
-76.4037
-76.4045
-76.4052
-76.406
-76.4067
-76.4074
-76.4082
-76.4089
-76.4096
-76.4103
-76.411
-76.4117
-76.4124
-73.9857
-69.7641
-66.4866
-63.9897
-62.0028
-60.2797
-58.5179
-56.0299
-46.3611
21.6001
-21.8092
-63.9917
-79.1502
-79.1926
-79.095
-78.9849
-78.8645
-78.7336
-78.5927
-78.4423
-78.2832
-78.1166
-77.7256
-77.3361
-77.0622
-76.8456
-76.6598
-76.489
-76.3024
-76.1487
-76.0228
-75.9192
-75.8481
-75.7989
-75.7599
-75.7278
-75.701
-75.6782
-75.6589
-75.6425
-75.6287
-75.6171
-75.2003
-71.3346
-68.0885
-65.827
-64.2013
-62.9858
-62.032
-61.2393
-60.5329
-59.8468
-59.1113
-58.2074
-56.8589
-53.8999
27.3278
-0.851224
-33.3935
-77.4327
-79.8275
-79.844
-79.8248
-78.3705
-77.2476
-76.8092
-76.481
-76.1631
-75.8421
-75.5174
-75.1915
-74.8674
-74.5483
-74.2372
-73.937
-71.4358
-68.6096
-66.5919
-65.1186
-63.9968
-63.1092
-62.3809
-61.7613
-61.2134
-59.4005
-57.0807
-53.2438
44.1311
-5.78215
-37.0196
-77.9918
-79.4152
-79.3211
-79.2344
-79.0463
-78.8907
-78.766
-78.506
-78.3026
-78.0149
-77.733
-77.4352
-77.1435
-76.94
-76.7875
-76.6612
-76.5511
-76.4531
-76.348
-76.2419
-76.1586
-76.0918
-76.0366
-75.99
-75.9504
-75.9165
-75.8873
-75.8622
-75.8406
-75.8222
-75.8065
-75.7932
-75.782
-75.7728
-75.7653
-75.7593
-75.7546
-75.7511
-75.7486
-75.7471
-75.7464
-75.7465
-75.7471
-75.7484
-75.7502
-75.7524
-75.755
-75.758
-75.7612
-75.7648
-75.7685
-75.7724
-75.7766
-75.7808
-75.7852
-75.7897
-75.7943
-75.7989
-75.8036
-75.8084
-75.8132
-75.8181
-75.8229
-75.8278
-75.8327
-75.8376
-75.8424
-75.8473
-75.8522
-75.857
-75.8619
-75.8667
-75.8715
-75.8763
-75.881
-75.8858
-75.8905
-75.8951
-75.8998
-75.9044
-75.909
-75.4954
-71.3725
-67.6519
-64.8496
-62.669
-60.8534
-59.1285
-57.0157
-52.2617
41.1921
-11.4824
-43.3078
-78.5739
-78.8904
-78.7562
-78.607
-78.444
-78.2674
-78.0775
-77.8752
-77.6616
-75.4706
-73.6727
-72.5602
-71.7502
-71.0872
-70.5089
-69.9884
-69.5348
-69.0768
-67.5096
-66.7458
-66.2897
-65.9777
-65.7553
-65.5933
-65.8955
-66.6661
-67.2273
-67.405
-66.0215
-65.3301
-65.5631
-66.1053
-66.462
-66.6981
-66.8648
-66.9904
-67.0913
-67.2078
-68.0219
-68.7449
-69.2544
-69.6231
-69.8986
-70.1105
-70.2783
-70.4147
-70.5285
-70.6259
-70.7111
-70.7872
-70.8565
-70.9207
-70.9809
-71.038
-71.0929
-71.146
-68.1787
-65.0608
-62.7244
-60.89
-59.2861
-57.5895
-55.0278
-42.3655
13.6442
-25.8864
-70.9028
-79.5994
-79.6765
-79.6389
-79.5938
-79.544
-79.4896
-79.2892
-76.549
-74.8153
-73.8445
-73.1485
-72.5677
-72.0462
-71.5632
-71.1113
-70.6041
-68.1151
-65.7905
-64.0745
-62.7514
-61.6729
-60.7351
-59.8526
-58.934
-57.8332
-56.1843
-51.1596
38.0992
-14.8941
-48.276
-78.7509
-79.1381
-79.0447
-78.8608
-78.6915
-78.5471
-78.3996
-78.2458
-78.0679
-77.7727
-77.4805
-77.2033
-76.9826
-76.7431
-76.5541
-76.4021
-76.2729
-76.1596
-76.0589
-75.9688
-75.8881
-75.8159
-75.7514
-75.6941
-75.6432
-75.5984
-75.559
-75.5247
-75.4949
-75.4693
-75.4474
-75.4289
-75.4135
-75.4214
-75.47
-75.5115
-75.5443
-75.5707
-75.5924
-75.6106
-75.6261
-75.6396
-75.6514
-75.662
-75.6716
-75.6805
-75.6887
-75.6964
-75.7037
-75.7107
-75.7174
-75.7239
-75.7302
-75.7363
-75.7424
-75.7483
-75.7541
-75.7599
-75.7656
-75.7712
-75.7768
-75.7823
-75.7878
-75.7932
-75.7986
-75.8039
-75.8092
-75.8145
-75.8198
-75.825
-75.8301
-75.8353
-75.8404
-75.8455
-75.8505
-75.8555
-75.8605
-75.8654
-75.8703
-75.8752
-75.88
-75.8848
-75.8896
-75.8943
-75.899
-75.9036
-75.9082
-75.9128
-75.9174
-75.9219
-75.9264
-75.9308
-75.9352
-75.9396
-73.1141
-69.0251
-65.8878
-63.4866
-61.5522
-59.8265
-57.9562
-54.9173
-14.9265
5.90133
-29.2802
-75.1751
-78.9345
-78.825
-78.683
-78.5272
-78.3577
-78.1749
-77.9794
-77.7722
-76.643
-74.3959
-72.9695
-72.0164
-71.2774
-70.6524
-70.0992
-69.5992
-69.4125
-69.5207
-67.9899
-66.8316
-66.0911
-65.5921
-65.2432
-65.4298
-66.1409
-66.6617
-67.0237
-67.7115
-68.5816
-69.1924
-69.769
-70.5853
-71.1709
-71.5712
-71.8546
-72.0616
-72.2175
-72.3382
-72.4343
-72.5129
-72.5787
-72.6352
-72.6848
-72.7293
-72.7698
-72.8075
-72.8429
-72.8766
-72.909
-73.1355
-73.4514
-73.7025
-73.9003
-71.4969
-68.1056
-65.6845
-63.9573
-62.6738
-61.6697
-60.8321
-60.0771
-59.328
-58.4859
-57.3709
-55.429
-47.9567
24.2028
-21.3221
-62.3566
-79.6255
-79.8239
-79.8071
-79.7825
-79.755
-79.7247
-79.6917
-78.9572
-75.9528
-74.1757
-73.1235
-72.3592
-71.7301
-71.1769
-70.6751
-70.2142
-69.7897
-69.3998
-67.0112
-64.5595
-62.709
-61.2378
-59.9546
-58.6746
-57.1059
-54.2689
-18.8414
3.51154
-30.6829

