-70
-70.0758
-70.1508
-70.225
-70.2983
-70.3706
-70.4419
-70.5122
-70.5814
-70.6496
-70.7168
-70.7829
-70.848
-70.9121
-70.9752
-71.0373
-71.0984
-71.1586
-71.2178
-71.2761
-71.3334
-71.3899
-71.4455
-71.5003
-71.5543
-71.6074
-71.6598
-71.7114
-71.7623
-71.8124
-71.8619
-71.9106
-71.9587
-72.006
-72.0527
-72.0988
-72.1442
-72.1889
-72.2331
-72.2766
-72.3196
-72.362
-72.4038
-72.445
-72.4857
-72.5258
-72.5654
-72.6045
-72.6431
-72.6812
-72.7188
-72.756
-72.7927
-72.8289
-72.8647
-72.9
-72.9349
-72.9694
-73.0035
-73.0371
-73.0704
-73.1032
-73.1357
-73.1678
-73.1994
-73.2307
-73.2617
-73.2922
-73.3224
-73.3523
-73.3817
-73.4109
-73.4397
-73.4682
-73.4963
-73.5241
-73.5516
-73.5788
-73.6057
-73.6323
-73.6585
-73.6845
-73.7102
-73.7356
-73.7608
-73.7857
-73.8103
-73.8346
-73.8587
-73.8825
-73.9061
-73.9294
-73.9524
-73.9753
-73.9979
-74.0202
-74.0423
-74.0642
-74.0859
-74.1073
-74.1285
-74.1495
-74.1703
-74.1909
-74.2112
-74.2313
-74.2513
-74.271
-74.2905
-74.3098
-74.329
-74.3479
-74.3666
-74.3852
-74.4036
-74.4217
-74.4397
-74.4575
-74.4752
-74.4926
-74.5099
-74.527
-74.544
-74.5607
-74.5774
-74.5938
-74.6101
-74.6262
-74.6422
-74.658
-74.6736
-74.6891
-74.7045
-74.7197
-74.7347
-74.7496
-74.7644
-74.779
-74.7935
-74.8079
-74.8221
-74.8362
-74.8501
-74.864
-74.8777
-74.8913
-74.9047
-74.918
-74.9313
-74.9443
-74.9573
-74.9701
-74.9829
-74.9955
-75.008
-75.0204
-75.0327
-75.0448
-75.0569
-75.0688
-75.0806
-75.0924
-75.104
-75.1155
-75.1269
-75.1382
-75.1495
-75.1606
-75.1716
-75.1825
-75.1933
-75.204
-75.2147
-75.2252
-75.2356
-75.246
-75.2562
-75.2664
-75.2764
-75.2864
-75.2963
-75.3061
-75.3158
-75.3255
-75.335
-75.3445
-75.3538
-75.3631
-75.3724
-75.3815
-75.3906
-75.3995
-75.4084
-75.4172
-75.426
-75.4346
-75.4432
-75.4518
-75.4602
-75.4686
-75.4769
-75.4851
-75.4932
-75.5013
-75.5093
-75.5173
-75.5251
-75.533
-75.5407
-75.5484
-75.556
-75.5635
-75.571
-75.5784
-75.5858
-75.593
-75.6003
-75.6074
-75.6145
-75.6216
-75.6285
-75.6355
-75.6423
-75.6491
-75.6559
-75.6626
-75.6692
-75.6758
-75.6823
-75.6888
-75.6952
-75.7015
-75.7078
-75.7141
-75.7203
-75.7264
-75.7325
-75.7386
-75.7446
-75.7505
-75.7564
-75.7622
-75.768
-75.7738
-75.7795
-75.7851
-75.7907
-75.7963
-75.8018
-75.8072
-75.8127
-75.818
-75.8234
-75.8287
-75.8339
-75.8391
-75.8443
-75.8494
-75.8545
-75.8595
-75.8645
-75.8695
-75.8744
-75.8793
-75.8841
-75.8889
-75.8937
-75.8984
-75.9031
-75.9077
-75.9123
-75.9169
-75.9214
-75.9259
-75.9304
-75.9348
-75.9392
-75.9436
-75.9479
-75.9522
-75.9565
-75.9607
-75.9649
-75.969
-75.9731
-75.9772
-75.9813
-75.9853
-75.9893
-75.9933
-75.9972
-76.0011
-76.005
-76.0088
-76.0126
-76.0164
-76.0201
-76.0239
-76.0275
-76.0312
-76.0348
-76.0384
-76.042
-76.0456
-76.0491
-76.0526
-76.056
-76.0595
-76.0629
-76.0663
-76.0696
-76.0729
-76.0762
-76.0795
-76.0828
-76.086
-76.0892
-76.0924
-76.0955
-76.0986
-76.1017
-76.1048
-76.1079
-76.1109
-76.1139
-76.1169
-76.1198
-76.1228
-76.1257
-76.1286
-76.1314
-76.1343
-76.1371
-76.1399
-76.1427
-76.1455
-76.1482
-76.1509
-76.1536
-76.1563
-76.1589
-76.1615
-76.1642
-76.1667
-76.1693
-76.1719
-76.1744
-76.1769
-76.1794
-76.1819
-76.1843
-76.1868
-76.1892
-76.1916
-76.1939
-76.1963
-76.1986
-76.201
-76.2033
-76.2056
-76.2078
-76.2101
-76.2123
-76.2145
-76.2167
-76.2189
-76.2211
-76.2232
-76.2254
-76.2275
-76.2296
-76.2317
-76.2337
-76.2358
-76.2378
-76.2398
-76.2418
-76.2438
-76.2458
-76.2478
-76.2497
-76.2516
-76.2536
-76.2554
-76.2573
-76.2592
-76.2611
-76.2629
-76.2647
-76.2665
-76.2683
-76.2701
-76.2719
-76.2737
-76.2754
-76.2771
-76.2788
-76.2806
-76.2822
-76.2839
-76.2856
-76.2872
-76.2889
-76.2905
-76.2921
-76.2937
-76.2953
-76.2969
-76.2985
-76.3
-76.3016
-76.3031
-76.3046
-76.3061
-76.3076
-76.3091
-76.3106
-76.312
-76.3135
-76.3149
-76.3164
-76.3178
-76.3192
-76.3206
-76.322
-76.3233
-76.3247
-76.3261
-76.3274
-76.3287
-76.33
-76.3314
-76.3327
-76.334
-76.3352
-76.3365
-76.3378
-76.339
-76.3403
-76.3415
-76.3427
-76.3439
-76.3452
-76.3464
-76.3475
-76.3487
-76.3499
-76.351
-76.3522
-76.3533
-76.3545
-76.3556
-76.3567
-76.3578
-76.3589
-76.36
-76.3611
-76.3622
-76.3632
-76.3643
-76.3654
-76.3664
-76.3674
-76.3685
-76.3695
-76.3705
-76.3715
-76.3725
-76.3735
-76.3745
-76.3754
-76.3764
-76.3774
-76.3783
-76.3793
-76.3802
-76.3811
-76.382
-76.383
-76.3839
-76.3848
-76.3857
-76.3866
-76.3874
-76.3883
-76.3892
-76.39
-76.3909
-76.3917
-76.3926
-76.3934
-76.3943
-76.3951
-76.3959
-76.3967
-76.3975
-76.3983
-76.3991
-76.3999
-76.4007
-76.4014
-76.4022
-76.403
-76.4037
-76.4045
-76.4052
-73.0945
-69.0255
-65.9295
-63.5553
-61.6413
-59.9385
-58.1125
-55.246
-31.2515
9.69463
-27.3558
-73.7447
-79.0249
-78.7511
-78.5907
-78.4241
-78.2434
-78.0487
-77.8404
-77.6198
-77.3884
-75.137
-73.2319
-72.0281
-71.1533
-70.4465
-69.8396
-69.3018
-68.8181
-68.3811
-67.9865
-67.6319
-67.949
-68.4637
-68.8363
-69.1708
-69.9912
-70.5446
-68.2754
-66.2117
-64.8516
-63.9276
-63.4945
-64.9578
-66.4787
-67.4436
-68.0671
-68.4875
-68.7832
-68.9997
-69.1645
-69.295
-69.4022
-69.4933
-69.5734
-69.6457
-69.7126
-69.7758
-69.8364
-69.8953
-69.9531
-70.0102
-70.0669
-70.1235
-70.18
-69.3448
-66.0594
-63.3602
-61.2934
-59.5531
-57.805
-55.3509
-46.1209
19.4102
-23.4132
-66.5677
-79.5283
-79.6563
-79.6175
-79.5699
-79.5172
-79.4597
-77.4805
-75.678
-74.7545
-74.1251
-73.5973
-73.1134
-72.655
-72.2171
-71.7991
-70.3146
-67.6565
-65.6232
-64.11
-62.9292
-61.9618
-61.1258
-60.3583
-59.5977
-57.7255
-54.472
-26.9859
4.70332
-30.1208
-75.3166
-79.2427
-79.077
-78.935
-78.8169
-78.6852
-78.401
-78.1199
-77.8382
-77.6224
-77.4526
-77.2468
-77.0288
-76.862
-76.723
-76.6003
-76.4893
-76.3881
-76.2957
-76.2115
-76.135
-76.0658
-76.0034
-75.9475
-75.8975
-75.8531
-75.8139
-75.7793
-75.7491
-75.7228
-75.7001
-75.6806
-75.6641
-75.6501
-75.6386
-75.6291
-75.6215
-75.6156
-75.6112
-75.6081
-75.6062
-75.6054
-75.6055
-75.6063
-75.6079
-75.6101
-75.6129
-75.6161
-75.6198
-75.6238
-75.6281
-75.6327
-75.6376
-75.6426
-75.6478
-75.6532
-75.6586
-75.6642
-75.6699
-75.6756
-75.6814
-75.6872
-75.693
-75.6989
-75.7048
-75.7106
-75.7165
-75.7224
-75.7282
-75.7341
-75.7399
-75.7457
-75.7515
-75.7572
-75.7629
-75.7686
-72.964
-68.9041
-65.7885
-63.4021
-61.4756
-59.7486
-57.858
-54.7056
2.38199
3.73055
-30.4646
-76.2649
-79.0171
-78.711
-78.5449
-78.3736
-78.1881
-77.9885
-77.7754
-77.55
-77.3139
-75.2406
-73.1968
-71.898
-70.9672
-70.2256
-69.5962
-69.0435
-68.5501
-68.4159
-66.7258
-65.2292
-64.1957
-63.4488
-62.8869
-62.4498
-62.427
-63.3894
-64.2172
-64.8396
-64.0267
-62.5294
-61.4112
-61.4395
-62.4147
-64.0475
-65.2157
-65.9954
-66.5335
-66.9188
-67.2048
-67.4253
-67.6015
-67.7472
-67.8717
-67.9813
-68.0804
-68.1722
-68.2588
-68.3419
-68.4225
-68.5016
-68.5796
-68.6571
-68.7341
-68.8109
-68.8877
-68.9644
-69.0412
-69.1179
-68.3318
-65.1615
-62.5323
-60.4765
-58.8194
-58.715
-58.8827
-59.0551
-59.2362
-59.428
-59.6324
-59.8503
-60.0769
-60.3104
-60.551
-60.799
-61.0527
-61.3079
-60.6295
-58.7204
-56.8042
-54.1488
-42.3018
10.5095
-27.9157
-71.8884
-79.3265
-78.6541
-78.0528
-77.7771
-77.5297
-77.2715
-76.9998
-76.716
-76.4224
-76.1218
-75.8174
-75.416
-72.6911
-70.4661
-69.0317
-68.0365
-67.3009
-66.7318
-66.4954
-66.9342
-67.2859
-67.7299
-68.6253
-69.2793
-69.7228
-70.0336
-70.2585
-71.1974
-72.1174
-72.7023
-73.1077
-73.5801
-73.9963
-74.356
-74.5834
-74.7292
-74.8267
-74.8945
-74.9435
-74.9801
-75.0084
-75.031
-75.0496
-75.0654
-75.0793
-75.0917
-75.103
-75.1136
-75.1236
-75.1333
-75.1427
-75.1519
-75.161
-75.17
-75.179
-75.1879
-75.1968
-75.2058
-75.2148
-75.2238
-75.2328
-75.2418
-75.2508
-75.2599
-75.2689
-75.278
-75.2871
-75.2961
-75.3052
-75.3142
-75.3232
-75.3322
-75.3412
-75.3501
-75.3591
-75.3679
-75.3767
-75.3855
-75.3943
-75.403
-75.4116
-75.4202
-75.4287
-75.4372
-75.4456
-75.454
-75.4623
-75.4705
-75.4787
-75.4868
-75.4949
-75.5029
-75.5108
-75.5187
-75.5265
-75.5343
-75.542
-75.5496
-75.5572
-75.5647
-75.5721
-75.5795
-75.5868
-75.5941
-75.6013
-75.6084
-72.8124
-68.7654
-65.6606
-63.2813
-61.355
-59.6147
-57.6728
-54.2591
36.9841
-0.332301
-32.9178
-77.4325
-78.9769
-78.6948
-78.5302
-78.3578
-78.171
-77.9702
-77.7559
-77.5294
-77.2924
-74.9996
-73.0392
-71.7917
-70.8864
-70.159
-69.5389
-68.9928
-68.5691
-68.7673
-67.5525
-65.6973
-64.3758
-63.4333
-62.7298
-62.1825
-61.7432
-61.8441
-62.8732
-63.7525
-64.4307
-64.2329
-62.6332
-61.3444
-60.4938
-61.9202
-63.6788
-64.8653
-65.6601
-66.2096
-66.6038
-66.8969
-67.1231
-67.3041
-67.4542
-67.5828
-67.6962
-67.7991
-67.8944
-67.9846
-68.0711
-68.1552
-68.2377
-68.3191
-68.4
-68.4806
-68.5611
-68.6415
-68.7219
-68.8024
-68.8828
-68.9632
-69.0436
-69.1238
-69.2037
-69.2834
-69.3628
-69.4418
-69.5204
-69.5985
-69.6761
-69.7531
-69.8294
-69.905
-69.9798
-70.0538
-70.127
-70.1994
-70.2709
-70.3415
-68.8047
-65.4137
-62.7245
-60.6
-58.6992
-56.5103
-51.9336
41.874
-12.4059
-44.4046
-78.7538
-78.7701
-78.5296
-78.3524
-78.1635
-77.9599
-77.7423
-77.5117
-77.2696
-76.7529
-74.2428

