-70
-70.0758
-70.1508
-70.225
-70.2983
-70.3706
-70.4419
-70.5122
-70.5814
-70.6496
-70.7168
-70.7829
-70.848
-70.9121
-70.9752
-71.0373
-71.0984
-71.1586
-71.2178
-71.2761
-71.3334
-71.3899
-71.4455
-71.5003
-71.5543
-71.6074
-71.6598
-71.7114
-71.7623
-71.8124
-71.8619
-71.9106
-71.9587
-72.006
-72.0527
-72.0988
-72.1442
-72.1889
-72.2331
-72.2766
-72.3196
-72.362
-72.4038
-72.445
-72.4857
-72.5258
-72.5654
-72.6045
-72.6431
-72.6812
-72.7188
-72.756
-72.7927
-72.8289
-72.8647
-72.9
-72.9349
-72.9694
-73.0035
-73.0371
-73.0704
-73.1032
-73.1357
-73.1678
-73.1994
-73.2307
-73.2617
-73.2922
-73.3224
-73.3523
-73.3817
-73.4109
-73.4397
-73.4682
-73.4963
-73.5241
-73.5516
-73.5788
-73.6057
-73.6323
-73.6585
-73.6845
-73.7102
-73.7356
-73.7608
-73.7857
-73.8103
-73.8346
-73.8587
-73.8825
-73.9061
-73.9294
-73.9524
-73.9753
-73.9979
-74.0202
-74.0423
-74.0642
-74.0859
-74.1073
-74.1285
-74.1495
-74.1703
-74.1909
-74.2112
-74.2313
-74.2513
-74.271
-74.2905
-74.3098
-74.329
-74.3479
-74.3666
-74.3852
-74.4036
-74.4217
-74.4397
-74.4575
-74.4752
-74.4926
-74.5099
-74.527
-74.544
-74.5607
-74.5774
-74.5938
-74.6101
-74.6262
-74.6422
-74.658
-74.6736
-74.6891
-74.7045
-74.7197
-74.7347
-74.7496
-74.7644
-74.779
-74.7935
-74.8079
-74.8221
-74.8362
-74.8501
-74.864
-74.8777
-74.8913
-74.9047
-74.918
-74.9313
-74.9443
-74.9573
-74.9701
-74.9829
-74.9955
-75.008
-75.0204
-75.0327
-75.0448
-75.0569
-75.0688
-75.0806
-75.0924
-75.104
-75.1155
-75.1269
-75.1382
-75.1495
-75.1606
-75.1716
-75.1825
-75.1933
-75.204
-75.2147
-75.2252
-75.2356
-75.246
-75.2562
-75.2664
-75.2764
-75.2864
-75.2963
-75.3061
-75.3158
-75.3255
-75.335
-75.3445
-75.3538
-75.3631
-75.3724
-75.3815
-75.3906
-75.3995
-75.4084
-75.4172
-75.426
-75.4346
-75.4432
-75.4518
-75.4602
-75.4686
-75.4769
-75.4851
-75.4932
-75.5013
-75.5093
-75.5173
-75.5251
-75.533
-75.5407
-75.5484
-75.556
-75.5635
-75.571
-75.5784
-75.5858
-75.593
-75.6003
-75.6074
-75.6145
-75.6216
-75.6285
-75.6355
-75.6423
-75.6491
-75.6559
-75.6626
-75.6692
-75.6758
-75.6823
-75.6888
-75.6952
-75.7015
-75.7078
-75.7141
-75.7203
-75.7264
-75.7325
-75.7386
-75.7446
-75.7505
-75.7564
-75.7622
-75.768
-75.7738
-75.7795
-75.7851
-75.7907
-75.7963
-75.8018
-75.8072
-75.8127
-75.818
-75.8234
-75.8287
-75.8339
-75.8391
-75.8443
-75.8494
-75.8545
-75.8595
-75.8645
-75.8695
-75.8744
-75.8793
-75.8841
-75.8889
-75.8937
-75.8984
-75.9031
-75.9077
-75.9123
-75.9169
-75.9214
-75.9259
-75.9304
-75.9348
-75.9392
-75.9436
-75.9479
-75.9522
-75.9565
-75.9607
-75.9649
-75.969
-75.9731
-75.9772
-75.9813
-75.9853
-75.9893
-75.9933
-75.9972
-76.0011
-76.005
-76.0088
-76.0126
-76.0164
-76.0201
-76.0239
-76.0275
-76.0312
-76.0348
-76.0384
-76.042
-76.0456
-76.0491
-76.0526
-76.056
-76.0595
-76.0629
-76.0663
-76.0696
-76.0729
-76.0762
-76.0795
-76.0828
-76.086
-76.0892
-76.0924
-76.0955
-76.0986
-76.1017
-76.1048
-76.1079
-76.1109
-76.1139
-76.1169
-76.1198
-76.1228
-76.1257
-76.1286
-76.1314
-76.1343
-76.1371
-76.1399
-76.1427
-76.1455
-76.1482
-76.1509
-76.1536
-76.1563
-76.1589
-76.1615
-76.1642
-76.1667
-76.1693
-76.1719
-76.1744
-76.1769
-76.1794
-76.1819
-76.1843
-76.1868
-76.1892
-76.1916
-76.1939
-76.1963
-76.1986
-76.201
-76.2033
-76.2056
-76.2078
-76.2101
-76.2123
-76.2145
-76.2167
-76.2189
-76.2211
-76.2232
-76.2254
-76.2275
-76.2296
-76.2317
-76.2337
-76.2358
-76.2378
-76.2398
-76.2418
-76.2438
-76.2458
-76.2478
-76.2497
-76.2516
-76.2536
-76.2554
-76.2573
-76.2592
-76.2611
-76.2629
-76.2647
-76.2665
-76.2683
-76.2701
-76.2719
-76.2737
-76.2754
-76.2771
-76.2788
-76.2806
-76.2822
-76.2839
-76.2856
-76.2872
-76.2889
-76.2905
-76.2921
-76.2937
-76.2953
-76.2969
-76.2985
-76.3
-76.3016
-76.3031
-76.3046
-76.3061
-76.3076
-76.3091
-76.3106
-76.312
-76.3135
-76.3149
-76.3164
-76.3178
-76.3192
-76.3206
-76.322
-76.3233
-76.3247
-76.3261
-76.3274
-76.3287
-76.33
-76.3314
-76.3327
-76.334
-76.3352
-76.3365
-76.3378
-76.339
-76.3403
-76.3415
-76.3427
-76.3439
-76.3452
-76.3464
-76.3475
-76.3487
-76.3499
-76.351
-76.3522
-76.3533
-76.3545
-76.3556
-76.3567
-76.3578
-76.3589
-76.36
-76.3611
-76.3622
-76.3632
-76.3643
-76.3654
-76.3664
-76.3674
-76.3685
-76.3695
-76.3705
-76.3715
-76.3725
-76.3735
-76.3745
-76.3754
-76.3764
-76.3774
-76.3783
-76.3793
-76.3802
-76.3811
-76.382
-76.383
-76.3839
-76.3848
-76.3857
-76.3866
-76.3874
-76.3883
-76.3892
-76.39
-76.3909
-76.3917
-76.3926
-76.3934
-76.3943
-76.3951
-76.3959
-76.3967
-76.3975
-76.3983
-76.3991
-76.3999
-76.4007
-76.4014
-76.4022
-76.403
-76.4037
-76.4045
-76.4052
-76.406
-75.9818
-71.7886
-68.0041
-65.1549
-62.9445
-61.1211
-59.4257
-57.4468
-53.6233
46.3408
-5.00849
-36.3651
-77.9876
-78.9065
-78.7642
-78.6151
-78.4524
-78.2759
-78.086
-77.8832
-77.6689
-76.0992
-74.0252
-72.7372
-71.8436
-71.1346
-70.5273
-69.9866
-69.4965
-69.0742
-69.2943
-69.5357
-69.8317
-70.4696
-70.9256
-71.2246
-71.4265
-71.5665
-71.6666
-69.5496
-67.4649
-66.1822
-65.3676
-64.8342
-64.4782
-64.2403
-64.0846
-63.9878
-63.9349
-63.9162
-63.9245
-63.9551
-64.0041
-64.0686
-64.1466
-64.2358
-64.3345
-64.4414
-64.5552
-64.6751
-64.8
-65.0364
-66.2325
-67.3404
-68.2077
-68.8943
-69.445
-69.8925
-70.2605
-70.5667
-70.8243
-68.389
-65.3806
-63.1596
-61.4776
-60.1043
-58.8448
-57.4657
-55.443
-49.3221
29.1504
-19.6284
-57.8497
-79.4004
-79.7057
-78.4382
-77.9333
-77.6706
-77.4175
-77.1524
-76.8743
-76.5849
-76.2867
-75.9827
-75.4005
-72.5871
-70.2961
-68.7135
-67.5408
-66.7054
-67.4359
-68.1558
-68.5761
-68.823
-68.9699
-69.0585
-69.4819
-70.1157
-70.8331
-71.5462
-72.0218
-72.3412
-72.5635
-72.7352
-73.1448
-73.7011
-74.0933
-74.5048
-74.8944
-75.1161
-75.2444
-75.3228
-75.3733
-75.4074
-75.4314
-75.4491
-75.4627
-75.4737
-75.4828
-75.4906
-75.4977
-75.5042
-75.5103
-75.5161
-75.5218
-75.5275
-75.5331
-75.5386
-75.5442
-75.5499
-75.5556
-75.5613
-75.5671
-75.573
-75.5789
-75.5849
-75.5909
-75.597
-75.6031
-75.6092
-75.6154
-75.6216
-75.6278
-75.634
-75.6402
-75.6465
-75.6527
-75.659
-75.6652
-75.6714
-75.6776
-75.6838
-75.69
-75.6961
-75.7022
-75.7083
-75.7144
-75.7204
-75.7264
-75.7323
-75.7383
-75.7441
-75.75
-75.7558
-75.7616
-75.7673
-75.773
-75.7786
-75.7842
-75.7898
-75.048
-70.8562
-67.2529
-64.5363
-62.4104
-60.6185
-58.8741
-56.6275
-50.6293
33.7313
-16.1156
-51.1952
-78.9577
-78.8311
-78.6639
-78.5039
-78.3303
-78.1425
-77.9411
-77.7269
-77.5013
-76.1232
-73.8789
-72.4418
-71.4574
-70.6911
-70.0469
-69.4824
-69.1375
-69.6636
-68.848
-67.3489
-66.356
-65.7032
-65.2543
-64.9359
-64.7057
-64.539
-65.1911
-66.0268
-66.6391
-67.0049
-65.2495
-63.5664
-62.437
-62.7651
-63.2785
-63.6659
-63.9653
-64.2062
-64.407
-64.5801
-64.7342
-64.8754
-65.0079
-65.1346
-65.2577
-65.3784
-65.4975
-65.6159
-65.734
-65.8521
-65.9705
-66.0893
-66.2086
-66.3283
-66.4484
-66.5685
-66.6886
-66.8086
-66.9282
-67.0474
-67.1661
-67.2841
-67.4014
-67.5179
-67.6333
-67.7476
-67.8606
-67.9723
-68.0827
-68.1916
-68.299
-66.6112
-63.58
-61.1817
-59.194
-57.2027
-54.2347
-32.0678
5.1263
-30.1284
-74.8847
-79.553
-78.602
-78.1972
-77.9722
-77.7466
-77.5071
-77.2536
-76.9876
-76.7113
-76.4272
-76.1384
-73.6038
-71.4225
-70.337
-69.8133
-69.4287
-69.1178
-68.8574
-68.6356
-68.4455
-68.2827
-68.1442
-68.0278
-67.9317
-68.18
-69.4844
-70.4696
-71.1313
-71.591
-71.9202
-72.3664
-72.8682
-73.2243
-73.6354
-74.0136
-74.2712
-74.5321
-74.7796
-74.9462
-75.0597
-75.1397
-75.1981
-75.2419
-75.2757
-75.3026
-75.3245
-75.3427
-75.3583
-75.3719
-75.384
-75.395
-75.4051
-75.4146
-75.4235
-75.4321
-75.4404
-75.4484
-75.4562
-75.464
-75.4716
-75.4791
-75.4865
-75.4939
-75.5013
-75.5086
-75.5159
-75.5232
-75.5304
-75.5376
-75.5448
-75.552
-75.5591
-75.5662
-75.5733
-75.5803
-75.5874
-75.5943
-75.6013
-75.6082
-75.6151
-75.6219
-75.6287
-75.6355
-75.6422
-75.6489
-75.6555
-75.6621
-75.6687
-75.6752
-75.6816
-75.688
-75.6944
-75.7007
-75.7069
-75.7131
-74.9741
-70.7944
-67.2013
-64.4922
-62.3707
-60.5799
-58.8301
-56.5586
-50.2914
32.4398
-16.82
-52.6716
-79.4556
-79.7351
-79.7069
-79.6697
-79.6283
-79.5829
-79.5333
-76.9892
-75.3055
-74.4058
-73.7666
-73.2257
-72.7312
-72.2655
-71.8235
-71.4044
-69.4608
-66.9067
-64.9996
-63.5605
-62.4192
-61.4637
-60.6119
-59.7922
-58.9243
-57.1437
-53.1496
44.2362
-6.32545
-37.631
-78.0435
-79.2216
-79.1455
-79.046
-78.0942
-77.0664
-76.603
-76.2575
-75.9259
-75.593
-75.2637
-74.9921
-74.7285
-74.4663
-74.2113
-73.9671
-73.7359
-73.5192
-73.4059
-73.4667
-73.4998
-73.5041
-73.4928
-73.4736
-73.4512
-73.4284
-73.4068
-73.3877
-73.3713
-73.3582
-73.3483
-73.3416
-73.3379
-73.3372
-73.3392
-73.3437
-73.3505
-73.3594
-73.3703
-73.3828
-73.3969
-73.4123
-73.4289
-73.4466
-73.4653
-73.4847
-73.5048
-73.5255
-73.5468
-73.5685
-73.5905
-73.6128
-73.6353
-73.6581
-73.6809
-73.7039
-73.7269
-73.7499
-73.773
-73.796
-73.8189
-73.8418
-73.8646
-73.8873
-71.6798
-67.8233
-64.8275
-62.5214
-60.6173
-58.8067
-56.5298
-50.6146
33.7959
-16.2799
-51.7255
-78.7845
-78.9803
-78.8606
-78.7237
-78.5741
-78.412
-78.2377
-78.0521

