-70
-69.8623
-69.7285
-69.5983
-69.4718
-69.3487
-69.2291
-69.1128
-68.9997
-68.8897
-68.7828
-68.6789
-68.5778
-68.4795
-68.3839
-68.291
-68.2007
-68.1128
-68.0274
-67.9443
-67.8636
-67.7851
-67.7087
-67.6345
-67.5623
-67.4921
-67.4238
-67.3574
-67.2929
-67.2301
-67.1691
-67.1098
-67.0521
-66.996
-66.9414
-66.8884
-66.8368
-66.7866
-66.7378
-66.6904
-66.6443
-66.5994
-66.5558
-66.5133
-66.4721
-66.432
-66.393
-66.355
-66.3181
-66.2823
-66.2474
-66.2134
-66.1805
-66.1484
-66.1172
-66.0868
-66.0573
-66.0286
-66.0007
-65.9736
-65.9472
-65.9215
-65.8966
-65.8723
-65.8487
-65.8257
-65.8034
-65.7817
-65.7606
-65.74
-65.72
-65.7006
-65.6817
-65.6633
-65.6455
-65.6281
-65.6112
-65.5948
-65.5788
-65.5632
-65.5481
-65.5334
-65.5191
-65.5052
-65.4917
-65.4785
-65.4657
-65.4533
-65.4412
-65.4294
-65.418
-65.4068
-65.396
-65.3855
-65.3752
-65.3653
-65.3556
-65.3462
-65.337
-65.3281
-65.3194
-65.311
-65.3028
-65.2948
-65.2871
-65.2795
-65.2722
-65.2651
-65.2581
-65.2514
-65.2448
-65.2385
-65.2322
-65.2262
-65.2203
-65.2146
-65.2091
-65.2037
-65.1984
-65.1933
-65.1884
-65.1835
-65.1788
-65.1743
-65.1698
-65.1655
-65.1613
-65.1572
-65.1532
-65.1493
-65.1456
-65.1419
-65.1384
-65.1349
-65.1315
-65.1283
-65.1251
-65.122
-65.119
-65.1161
-65.1132
-65.1104
-65.1077
-65.1051
-65.1026
-65.1001
-65.0977
-65.0953
-65.0931
-65.0908
-65.0887
-65.0866
-65.0845
-65.0826
-65.0806
-65.0788
-65.0769
-65.0752
-65.0734
-65.0718
-65.0701
-65.0685
-65.067
-65.0655
-65.064
-65.0626
-65.0612
-65.0599
-65.0586
-65.0573
-65.0561
-65.0549
-65.0537
-65.0526
-65.0514
-65.0504
-65.0493
-65.0483
-65.0473
-65.0464
-65.0454
-65.0445
-65.0436
-65.0428
-65.0419
-65.0411
-65.0403
-65.0395
-65.0388
-65.0381
-65.0374
-65.0367
-65.036
-65.0353
-65.0347
-65.0341
-65.0335
-65.0329
-65.0323
-65.0318
-65.0313
-65.0307
-65.0302
-65.0297
-65.0293
-65.0288
-65.0283
-65.0279
-65.0275
-65.027
-65.0266
-65.0262
-65.0259
-65.0255
-65.0251
-65.0248
-65.0244
-65.0241
-65.0238
-65.0234
-65.0231
-65.0228
-65.0225
-65.0223
-65.022
-65.0217
-65.0215
-65.0212
-65.021
-65.0207
-65.0205
-65.0203
-65.02
-65.0198
-65.0196
-65.0194
-65.0192
-65.019
-65.0188
-65.0187
-65.0185
-65.0183
-65.0181
-65.018
-65.0178
-65.0177
-65.0175
-65.0174
-65.0172
-65.0171
-65.017
-65.0168
-65.0167
-65.0166
-65.0165
-65.0163
-65.0162
-65.0161
-65.016
-65.0159
-65.0158
-65.0157
-65.0156
-65.0155
-65.0154
-65.0153
-65.0153
-65.0152
-65.0151
-65.015
-65.0149
-65.0149
-65.0148
-65.0147
-65.0147
-65.0146
-65.0145
-65.0145
-65.0144
-65.0143
-65.0143
-65.0142
-65.0142
-65.0141
-65.0141
-65.014
-65.014
-65.0139
-65.0139
-65.0138
-65.0138
-65.0137
-65.0137
-65.0137
-65.0136
-65.0136
-65.0135
-65.0135
-65.0135
-65.0134
-65.0134
-65.0134
-65.0133
-65.0133
-65.0133
-65.0133
-65.0132
-65.0132
-65.0132
-65.0131
-65.0131
-65.0131
-65.0131
-65.0131
-65.013
-65.013
-65.013
-65.013
-65.0129
-65.0129
-65.0129
-65.0129
-65.0129
-65.0129
-65.0128
-65.0128
-65.0128
-65.0128
-65.0128
-65.0128
-65.0127
-65.0127
-65.0127
-65.0127
-65.0127
-65.0127
-65.0127
-65.0127
-65.0126
-65.0126
-65.0126
-65.0126
-65.0126
-65.0126
-65.0126
-65.0126
-65.0126
-65.0126
-65.0125
-65.0125
-65.0125
-65.0125
-65.0125
-65.0125
-65.0125
-65.0125
-65.0125
-65.0125
-65.0125
-65.0125
-65.0125
-65.0124
-65.0124
-65.0124
-65.0124
-65.0124
-65.0124
-65.0124
-65.0124
-65.0124
-65.0124
-65.0124
-65.0124
-65.0124
-65.0124
-65.0124
-65.0124
-65.0124
-65.0124
-65.0124
-65.0124
-65.0124
-65.0124
-65.0124
-65.0123
-65.0123
-65.0123
-65.0123
-65.0123
-65.0123
-65.0123
-65.0123
-65.0123
-65.0123
-65.0123
-65.0123
-65.0123
-65.0123
-65.0123
-65.0123
-65.0123
-65.0123
-65.0123
-65.0123
-65.0123
-65.0123
-65.0123
-65.0123
-65.0123
-65.0123
-65.0123
-65.0123
-65.0123
-65.0123
-65.0123
-65.0123
-65.0123
-65.0123
-65.0123
-65.0123
-65.0123
-65.0123
-65.0123
-65.0123
-65.0123
-65.0123
-65.0123
-65.0123
-65.0123
-65.0123
-65.0123
-65.0123
-65.0123
-65.0123
-65.0123
-65.0123
-65.0123
-65.0123
-65.0123
-65.0123
-65.0123
-65.0123
-65.0123
-65.0123
-65.0123
-65.0123
-65.0123
-65.0123
-65.0123
-65.0123
-65.0123
-65.0123
-65.0123
-65.0123
-65.0123
-65.0123
-65.0123
-65.0123
-63.4916
-62.2769
-61.3907
-60.767
-60.2865
-59.9043
-59.5985
-59.3548
-59.1625
-59.0133
-58.9004
-58.8184
-58.7627
-58.7295
-58.7156
-58.7184
-58.7354
-58.7646
-58.8044
-58.8533
-58.9099
-58.9731
-59.042
-59.1156
-59.1932
-59.2742
-59.3579
-59.4437
-59.5314
-59.6203
-59.7102
-59.8008
-59.8917
-59.9828
-58.6356
-55.4495
-53.439
-51.9713
-50.9044
-50.0302
-49.2807
-48.6115
-47.9868
-47.3742
-46.7385
-46.0294
-45.1676
-43.9871
-42.0174
-36.6573
33.6047
14.1276
-23.8489
-46.8872
-52.6747
-52.1938
-47.4053
-43.7817
-39.5484
-33.5183
-17.8438
16.8555
-9.03623
-27.7201
-37.1069
-37.4521
-34.9863
-31.2464
-24.1
-4.49285
-0.227739
-18.3997
-29.5687
-32.609
-31.6155
-28.8019
-24.0684
-11.7457
-1.92595
-15.5365
-29.083
-35.8469
-36.8629
-35.3298
-31.9194
-25.4005
-6.25777
0.73528
-20.1267
-37.575
-44.559
-46.614
-47.8953
-49.313
-49.3956
-49.5057
-48.9546
-49.1006
-48.8312
-48.927
-49.9917
-49.78
-49.1181
-49.3952
-48.866
-49.9512
-50.2589
-49.8255
-50.0243
-49.7394
-49.4346
-49.8875
-49.491
-48.8345
-49.182
-50.028
-49.5835
-50.0371
-49.5845
-48.5709
-46.6034
-45.6806
-44.1588
-41.6085
-36.0942
13.0618
11.2395
-21.2638
-43.8982
-50.6291
-49.8897
-47.3582
-44.1856
-40.1585
-34.0568
-20.2778
14.4053
-6.68426
-27.3194
-40.7655
-40.9628
-37.3105
-32.0565
-25.3299
-9.07284
1.31409
-17.204
-32.0113
-38.8405
-38.3953
-38.7698
-40.9894
-43.8073
-48.4739
-50.611
-53.5036
-54.2228
-54.766
-55.2994
-57.3146
-59.1217
-60.68
-60.9643
-62.305
-64.0077
-65.1355
-65.6971
-66.02
-66.656
-66.6531
-66.5048
-66.4138
-66.1471
-66.0843
-65.7627
-65.3534
-64.9057
-64.4305
-63.9341
-63.4207
-62.8934
-62.3548
-61.8075
-61.2535
-60.6947
-60.1328
-59.5691
-59.0053
-58.4424
-57.8816
-57.3237
-56.7693
-56.2187
-55.6723
-55.13
-54.5913
-54.0557
-53.522
-52.9889
-52.4543
-51.9157
-51.3694
-50.8114
-50.2351
-49.6327
-48.9923
-48.2962
-47.5184
-46.6121
-45.4893
-43.9507
-41.382
-33.8383
37.3815
5.24816
-28.0636
-54.4819
-62.7048
-64.7446
-65.1554
-65.1084
-64.8866
-64.59
-64.1515
-63.2212
-61.2722
-59.8068
-58.605
-57.6142
-56.3927
-52.3209
-49.0244
-46.3434
-43.7381
-39.9292
-27.2477
34.6521
0.363749
-27.4736
-46.5498
-45.577
-36.8538
-29.108
-17.4298
3.44225
-6.93533
-24.0713
-34.2392
-35.8321
-34.0186
-30.8175
-25.763
-12.7723
1.47426
-15.1043
-31.9176
-39.7924
-40.2258
-38.032
-32.9764
-21.8461
6.45455
-9.38521
-31.7766
-43.1806
-43.4031
-41.2592
-38.7297
-37.5472
-35.298
-29.7094
-0.318112
-5.81711
-33.2814
-50.3973
-55.2551
-56.3999
-55.9998
-55.0846
-55.7953
-55.5822
-54.9246
-54.6064
-54.419
-54.1594
-53.2235
-52.1897
-51.1118
-50.1026
-48.9839
-47.909
-46.7886
-45.5549
-44.0709
-42.0137
-39.1875
-29.9743
26.1031
-11.1027
-41.315
-57.5588
-60.8115
-60.2392
-58.6752
-56.5017
-55.0324
-53.4025
-51.3555
-49.4032
-46.6741
-43.9396
-40.5865
-35.2686
-4.1481
15.9153
-16.6393
-39.3725
-49.1536
-48.9403
-45.235
-40.4175
-32.9606
-10.4729
7.36488
-17.8815
-36.6003
-43.1039
-43.6188
-41.1017
-38.0385
-34.2368
-27.9117
-3.33169
0.379906
-24.7117
-41.4431
-46.8801
-47.6772
-49.8506
-50.5848
-50.6135
-50.566
-50.3226
-50.4925
-50.2022
-49.2027
-49.0276
-50.3907
-51.1061
-52.7752
-54.3485
-56.5816
-59.5172
-60.0067
-61.3034
-61.63
-61.9856
-62.1899
-62.4357
-62.2424
-61.8508
-61.9273
-62.1542
-61.9669
-62.1255
-61.9426
-61.5936
-61.1816
-61.1676
-61.1129
-60.8045
-60.4219
-59.9983
-59.5482
-59.0804
-59.4206
-59.4116
-59.1813
-59.3234
-60.5593
-60.8285
-60.8275
-60.7063
-60.5078
-60.2553
-59.9635
-60.2168
-60.5138
-60.4693
-60.3177
-60.105
-59.8509
-59.5674
-59.2624
-58.9418
-58.6102
-58.271
-57.927
-57.5803
-57.2326
-56.8853
-56.5393
-56.1954
-55.8541
-55.5156
-55.1802
-54.848
-54.5186
-54.1918
-53.8675
-53.5448
-53.2232
-52.9023
-52.5808
-52.2576
-51.9319
-51.6021
-51.2661
-50.9224
-50.5681
-50.1998
-49.8141
-49.4052
-48.9661
-48.4872
-47.9536
-47.1205
-45.9607
-41.5418
-28.6172
35.6204
0.768612
-28.5683
-49.4707
-53.662
-52.1504
-49.3825
-46.5161
-42.8139
-38.907
-33.6997
-14.4559
16.9194
-11.2815
-29.2908
-38.8308
-39.5557
-36.4518
-32.2794
-26.1686
-9.70121
3.32301
-17.1125
-34.0543
-40.7621
-40.4496
-38.1728
-35.2288
-30.317
-18.147
6.8372
-9.74199
-29.2215
-40.1304
-42.7877
-42.7947
-41.0821
-38.3257
-36.2262
-32.5049
-16.7138
7.05729
-18.3121
-43.5769
-53.199
-54.5412
-54.5634
-54.9555
-56.9005
-57.2063
-57.6415
-58.0214
-57.7521
-57.1904
-57.2473
-57.0676
-57.1991
-57.4477
-57.2095
-56.6144
-55.8654
-55.0038
-54.2316
-54.5038
-54.348
-53.9418
-53.4588
-52.9302
-52.2303
-52.771
-52.725
-52.4268
-53.0507
-53.7351
-54.4109
-54.1855
-53.623
-53.4713
-52.9983
-52.3694
-51.1335
-50.0249
-48.9198
-47.7641
-46.5819
-45.2439
-43.4562
-39.9729
-26.6776
32.636
-6.43717
-36.4104
-54.3002
-56.1086
-53.1639
-49.2515
-44.6794
-39.7732
-32.6865
-9.8913
15.4121
-12.9319
-32.7658
-42.662
-41.6108
-37.6117
-33.0354
-26.6187
-9.25994
4.21334
-17.1598
-34.7404

