-70
-70.0758
-70.1508
-70.225
-70.2983
-70.3706
-70.4419
-70.5122
-70.5814
-70.6496
-70.7168
-70.7829
-70.848
-70.9121
-70.9752
-71.0373
-71.0984
-71.1586
-71.2178
-71.2761
-71.3334
-71.3899
-71.4455
-71.5003
-71.5543
-71.6074
-71.6598
-71.7114
-71.7623
-71.8124
-71.8619
-71.9106
-71.9587
-72.006
-72.0527
-72.0988
-72.1442
-72.1889
-72.2331
-72.2766
-72.3196
-72.362
-72.4038
-72.445
-72.4857
-72.5258
-72.5654
-72.6045
-72.6431
-72.6812
-72.7188
-72.756
-72.7927
-72.8289
-72.8647
-72.9
-72.9349
-72.9694
-73.0035
-73.0371
-73.0704
-73.1032
-73.1357
-73.1678
-73.1994
-73.2307
-73.2617
-73.2922
-73.3224
-73.3523
-73.3817
-73.4109
-73.4397
-73.4682
-73.4963
-73.5241
-73.5516
-73.5788
-73.6057
-73.6323
-73.6585
-73.6845
-73.7102
-73.7356
-73.7608
-73.7857
-73.8103
-73.8346
-73.8587
-73.8825
-73.9061
-73.9294
-73.9524
-73.9753
-73.9979
-74.0202
-74.0423
-74.0642
-74.0859
-74.1073
-74.1285
-74.1495
-74.1703
-74.1909
-74.2112
-74.2313
-74.2513
-74.271
-74.2905
-74.3098
-74.329
-74.3479
-74.3666
-74.3852
-74.4036
-74.4217
-74.4397
-74.4575
-74.4752
-74.4926
-74.5099
-74.527
-74.544
-74.5607
-74.5774
-74.5938
-74.6101
-74.6262
-74.6422
-74.658
-74.6736
-74.6891
-74.7045
-74.7197
-74.7347
-74.7496
-74.7644
-74.779
-74.7935
-74.8079
-74.8221
-74.8362
-74.8501
-74.864
-74.8777
-74.8913
-74.9047
-74.918
-74.9313
-74.9443
-74.9573
-74.9701
-74.9829
-74.9955
-75.008
-75.0204
-75.0327
-75.0448
-75.0569
-75.0688
-75.0806
-75.0924
-75.104
-75.1155
-75.1269
-75.1382
-75.1495
-75.1606
-75.1716
-75.1825
-75.1933
-75.204
-75.2147
-75.2252
-75.2356
-75.246
-75.2562
-75.2664
-75.2764
-75.2864
-75.2963
-75.3061
-75.3158
-75.3255
-75.335
-75.3445
-75.3538
-75.3631
-75.3724
-75.3815
-75.3906
-75.3995
-75.4084
-75.4172
-75.426
-75.4346
-75.4432
-75.4518
-75.4602
-75.4686
-75.4769
-75.4851
-75.4932
-75.5013
-75.5093
-75.5173
-75.5251
-75.533
-75.5407
-75.5484
-75.556
-75.5635
-75.571
-75.5784
-75.5858
-75.593
-75.6003
-75.6074
-75.6145
-75.6216
-75.6285
-75.6355
-75.6423
-75.6491
-75.6559
-75.6626
-75.6692
-75.6758
-75.6823
-75.6888
-75.6952
-75.7015
-75.7078
-75.7141
-75.7203
-75.7264
-75.7325
-75.7386
-75.7446
-75.7505
-75.7564
-75.7622
-75.768
-75.7738
-75.7795
-75.7851
-75.7907
-75.7963
-75.8018
-75.8072
-75.8127
-75.818
-75.8234
-75.8287
-75.8339
-75.8391
-75.8443
-75.8494
-75.8545
-75.8595
-75.8645
-75.8695
-75.8744
-75.8793
-75.8841
-75.8889
-75.8937
-75.8984
-75.9031
-75.9077
-75.9123
-75.9169
-75.9214
-75.9259
-75.9304
-75.9348
-75.9392
-75.9436
-75.9479
-75.9522
-75.9565
-75.9607
-75.9649
-75.969
-75.9731
-75.9772
-75.9813
-75.9853
-75.9893
-75.9933
-75.9972
-76.0011
-76.005
-76.0088
-76.0126
-76.0164
-76.0201
-76.0239
-76.0275
-76.0312
-76.0348
-76.0384
-76.042
-76.0456
-76.0491
-76.0526
-76.056
-76.0595
-76.0629
-76.0663
-76.0696
-76.0729
-76.0762
-76.0795
-76.0828
-76.086
-76.0892
-76.0924
-76.0955
-76.0986
-76.1017
-76.1048
-76.1079
-76.1109
-76.1139
-76.1169
-76.1198
-76.1228
-76.1257
-76.1286
-76.1314
-76.1343
-76.1371
-76.1399
-76.1427
-76.1455
-76.1482
-76.1509
-76.1536
-76.1563
-76.1589
-76.1615
-76.1642
-76.1667
-76.1693
-76.1719
-76.1744
-76.1769
-76.1794
-76.1819
-76.1843
-76.1868
-76.1892
-76.1916
-76.1939
-76.1963
-76.1986
-76.201
-76.2033
-76.2056
-76.2078
-76.2101
-76.2123
-76.2145
-76.2167
-76.2189
-76.2211
-76.2232
-76.2254
-76.2275
-76.2296
-76.2317
-76.2337
-76.2358
-76.2378
-76.2398
-76.2418
-76.2438
-76.2458
-76.2478
-76.2497
-76.2516
-76.2536
-76.2554
-76.2573
-76.2592
-76.2611
-76.2629
-76.2647
-76.2665
-76.2683
-76.2701
-76.2719
-76.2737
-76.2754
-76.2771
-76.2788
-76.2806
-76.2822
-76.2839
-76.2856
-76.2872
-76.2889
-76.2905
-76.2921
-76.2937
-76.2953
-76.2969
-76.2985
-76.3
-76.3016
-76.3031
-76.3046
-76.3061
-76.3076
-76.3091
-76.3106
-76.312
-76.3135
-76.3149
-76.3164
-76.3178
-76.3192
-76.3206
-76.322
-76.3233
-76.3247
-76.3261
-76.3274
-76.3287
-76.33
-76.3314
-76.3327
-76.334
-76.3352
-76.3365
-76.3378
-76.339
-76.3403
-76.3415
-76.3427
-76.3439
-76.3452
-76.3464
-76.3475
-76.3487
-76.3499
-72.6061
-68.6339
-65.6289
-63.3156
-61.4358
-59.7365
-57.8577
-54.6849
8.05685
3.35182
-30.6725
-76.4181
-79.7264
-79.7322
-79.6987
-79.6605
-79.6184
-79.5723
-79.5222
-79.4682
-79.4105
-79.3496
-79.2858
-79.2199
-79.1523
-79.0838
-79.0152
-78.9471
-78.8801
-78.8147
-78.7515
-78.6909
-78.633
-78.5781
-78.5263
-78.4777
-78.4321
-78.3896
-78.35
-78.3132
-78.2789
-78.2471
-78.2175
-78.19
-78.1643
-78.1404
-78.1181
-78.0972
-78.0775
-78.059
-78.0416
-78.0251
-78.0093
-77.9944
-77.9801
-77.9664
-77.9532
-76.3063
-71.7725
-68.1204
-65.3598
-63.2104
-61.4416
-59.8236
-58.0272
-55.064
-18.9936
7.06617
-28.6475
-75.0709
-79.7366
-79.3551
-78.4183
-78.0926
-77.867
-77.634
-77.3868
-77.126
-76.8535
-76.5716
-75.5957
-73.0106
-71.1494
-69.872
-68.9086
-68.134
-67.4856
-66.9298
-66.4471
-64.9807
-62.7578
-60.9588
-59.4079
-57.8017
-55.5108
-47.6069
23.1865
-21.7675
-63.0911
-78.7809
-78.7629
-78.5412
-78.2793
-78.0354
-77.7625
-77.5396
-77.3259
-77.1106
-76.8934
-76.6759
-76.4602
-76.2483
-76.0421
-75.8432
-75.6531
-75.4731
-75.3041
-75.1466
-75.0011
-74.8676
-74.7461
-74.6363
-74.5378
-74.4501
-74.3727
-74.3049
-74.246
-74.1954
-74.1523
-74.1163
-74.0865
-74.0624
-74.0435
-74.0292
-74.0191
-74.0126
-74.0094
-74.0091
-74.0114
-74.016
-74.0226
-74.0309
-72.6055
-68.6498
-65.469
-63.0466
-61.0896
-59.309
-57.2654
-53.3083
46.0042
-6.56166
-37.744
-78.0007
-78.9234
-78.8046
-78.6609
-78.5036
-78.333
-78.1495
-77.9536
-77.7467
-77.5301
-77.3059
-77.0763
-76.8436
-76.6105
-76.3795
-76.1531
-75.934
-75.7563
-75.6406
-75.5767
-75.5392
-75.5119
-75.5191
-75.5201
-75.5144
-75.5061
-75.5322
-75.5623
-75.5802
-75.5908
-75.5972
-75.6013
-75.6041
-75.62
-75.658
-75.6869
-75.7077
-75.7232
-75.7352
-75.7448
-75.7528
-75.7596
-75.7656
-75.7711
-75.7761
-75.7809
-75.7855
-75.7899
-75.7943
-75.7986
-75.8029
-75.8072
-75.8115
-75.8158
-75.8201
-75.8245
-75.8288
-75.8332
-75.8377
-75.8421
-75.8466
-75.8511
-75.8556
-75.8601
-75.8646
-75.8691
-75.8736
-75.8782
-75.8827
-75.8872
-75.8917
-75.8962
-75.9007
-75.9051
-75.9096
-75.914
-75.9184
-75.9228
-75.9272
-75.9316
-75.9359
-75.9402
-75.9445
-75.9487
-75.9529
-75.9571
-75.9613
-75.9654
-75.9696
-73.1448
-69.0567
-65.9198
-63.5191
-61.5866
-59.8664
-58.0124
-55.0448
-22.9327
7.37375
-28.5274
-74.5315
-78.9609
-78.8761
-78.7403
-78.5907
-78.4279
-78.2522
-78.0641
-77.8646
-76.0881
-74.1496
-72.9732
-72.1455
-71.4775
-70.8968
-70.3734
-69.8944
-69.4541
-67.4125
-65.0526
-63.2723
-61.8831
-60.718
-59.6444
-58.5198
-57.0961
-54.5467
-35.6603
8.20224
-28.8662
-74.3485
-78.7514
-78.5722
-78.406
-78.2297
-78.026
-77.7463
-77.5113
-77.2881
-77.0638
-76.8374
-76.6105
-76.3851
-76.1634
-75.9473
-75.7388
-75.5394
-75.3504
-75.1729
-75.0076
-74.8547
-74.7147
-74.5872
-74.4721
-74.3691
-74.2774
-74.1966
-74.126
-74.0648
-74.0124
-73.968
-73.931
-73.9006
-73.8762
-73.8572
-73.8432
-73.8334
-73.8276
-73.8252
-73.8258
-73.8292
-73.8349
-73.8427
-72.8044
-68.8705
-65.6172
-63.1465
-61.1602
-59.3672
-57.3364
-53.5194
46.0153
-5.29521
-36.6177
-77.8355
-78.9177
-78.7989
-78.6545
-78.4965
-78.325
-78.1404
-77.9435
-77.7354
-77.5176
-77.292
-75.1477
-72.5598
-70.8481
-69.6396
-68.7126
-67.9609
-67.3296
-66.7883
-66.3191
-65.9107
-65.5553
-65.2478
-65.6708
-66.5511
-67.9158
-69.4884
-70.7239
-71.5318
-72.1083
-73.042
-73.7057
-74.106
-74.3578
-74.5231
-74.6358
-74.7154
-74.802
-74.9449
-75.052
-75.1279
-75.1834
-75.2253
-75.2578
-75.2837
-75.3049
-75.3226
-75.3378
-75.3511
-75.3631
-75.3739
-75.384
-75.3934
-75.4023
-75.4109
-75.4192
-75.4273
-75.4353
-75.4431
-75.4508
-75.4584
-75.466
-75.4735
-75.481
-75.4884
-75.4959
-75.5033
-75.5107
-75.518
-75.5254
-75.5327
-75.54
-75.5472
-75.5545
-75.5617
-75.5688
-75.576
-75.5831
-75.5901
-75.5972
-75.6042
-75.6111
-75.618
-75.6249
-75.6317
-75.6385
-75.6452
-75.6519
-75.6585
-75.6651
-75.6716
-75.6781
-75.6846
-75.691
-75.6973
-75.7036
-75.7099
-75.7161
-75.7222
-75.7283
-75.7344
-75.7404
-75.7463
-75.7523
-75.7581
-75.0176
-70.8314
-67.2325
-64.5188
-62.3945
-60.6027
-58.8555
-56.5975
-50.4806
33.1596
-16.4293
-51.8513
-78.9697
-78.8278
-78.6599
-78.4994
-78.3254
-78.1372
-77.9353
-77.7207
-77.4947
-76.785
-74.2962
-72.5477
-71.4017
-70.5423
-69.8401
-69.2369
-68.7048
-68.2298
-67.804
-65.6272
-63.3773
-61.6406
-60.1965
-58.8271
-57.2355
-54.5473
-33.4742
7.34877
-28.8263
-74.325
-79.6342
-79.625
-79.4937
-79.3219
-79.2219
-79.1351
-79.0456
-78.9519
-78.775
-78.5111
-78.32
-78.1672
-78.0325
-77.9083
-77.792
-77.6824
-77.5792
-77.4825
-77.3923
-77.3084
-77.231
-77.1598
-77.0946
-77.0352
-76.9813
-76.9325
-76.8886
-76.849
-76.8136
-76.7818
-76.7535
-76.7283
-76.7058
-76.6859
-76.6682
-76.6525
-76.6386
-76.6263
-76.6154
-76.6058
-76.5973
-76.5898
-76.5832
-76.5773
-76.5722
-76.5676
-76.5636
-76.56
-76.5568
-76.554
-76.5515
-74.5541
-70.2615
-66.8779
-64.3101
-62.2829
-60.5533
-58.8425
-56.596
-50.3537
32.6632
-16.7665
-52.3701
-78.9271
-79.1085
-79.0029
-78.882
-78.7496
-78.6058

