-70
-69.8623
-69.7285
-69.5983
-69.4718
-69.3487
-69.2291
-69.1128
-68.9997
-68.8897
-68.7828
-68.6789
-68.5778
-68.4795
-68.3839
-68.291
-68.2007
-68.1128
-68.0274
-67.9443
-67.8636
-67.7851
-67.7087
-67.6345
-67.5623
-67.4921
-67.4238
-67.3574
-67.2929
-67.2301
-67.1691
-67.1098
-67.0521
-66.996
-66.9414
-66.8884
-66.8368
-66.7866
-66.7378
-66.6904
-66.6443
-66.5994
-66.5558
-66.5133
-66.4721
-66.432
-66.393
-66.355
-66.3181
-66.2823
-66.2474
-66.2134
-66.1805
-66.1484
-66.1172
-66.0868
-66.0573
-66.0286
-66.0007
-65.9736
-65.9472
-65.9215
-65.8966
-65.8723
-65.8487
-65.8257
-65.8034
-65.7817
-65.7606
-65.74
-65.72
-65.7006
-65.6817
-65.6633
-65.6455
-65.6281
-65.6112
-65.5948
-65.5788
-65.5632
-65.5481
-65.5334
-65.5191
-65.5052
-65.4917
-65.4785
-65.4657
-65.4533
-65.4412
-65.4294
-65.418
-65.4068
-65.396
-65.3855
-65.3752
-65.3653
-65.3556
-65.3462
-65.337
-65.3281
-65.3194
-65.311
-65.3028
-65.2948
-65.2871
-65.2795
-65.2722
-65.2651
-65.2581
-65.2514
-65.2448
-65.2385
-65.2322
-65.2262
-65.2203
-65.2146
-65.2091
-65.2037
-65.1984
-65.1933
-65.1884
-65.1835
-65.1788
-65.1743
-65.1698
-65.1655
-65.1613
-65.1572
-65.1532
-65.1493
-65.1456
-65.1419
-65.1384
-65.1349
-65.1315
-65.1283
-65.1251
-65.122
-65.119
-65.1161
-65.1132
-65.1104
-65.1077
-65.1051
-65.1026
-65.1001
-65.0977
-65.0953
-65.0931
-65.0908
-65.0887
-65.0866
-65.0845
-65.0826
-65.0806
-65.0788
-65.0769
-65.0752
-65.0734
-65.0718
-65.0701
-65.0685
-65.067
-65.0655
-65.064
-65.0626
-65.0612
-65.0599
-65.0586
-65.0573
-65.0561
-65.0549
-65.0537
-65.0526
-65.0514
-65.0504
-65.0493
-65.0483
-65.0473
-65.0464
-65.0454
-65.0445
-65.0436
-65.0428
-65.0419
-65.0411
-65.0403
-65.0395
-65.0388
-65.0381
-65.0374
-65.0367
-65.036
-65.0353
-65.0347
-65.0341
-65.0335
-65.0329
-65.0323
-65.0318
-65.0313
-65.0307
-65.0302
-65.0297
-65.0293
-65.0288
-65.0283
-65.0279
-65.0275
-65.027
-65.0266
-65.0262
-65.0259
-65.0255
-65.0251
-65.0248
-65.0244
-65.0241
-65.0238
-65.0234
-65.0231
-65.0228
-65.0225
-65.0223
-65.022
-65.0217
-65.0215
-65.0212
-65.021
-65.0207
-65.0205
-65.0203
-65.02
-65.0198
-65.0196
-65.0194
-65.0192
-65.019
-65.0188
-65.0187
-65.0185
-65.0183
-65.0181
-65.018
-65.0178
-65.0177
-65.0175
-65.0174
-65.0172
-65.0171
-65.017
-65.0168
-65.0167
-65.0166
-65.0165
-65.0163
-65.0162
-65.0161
-65.016
-65.0159
-65.0158
-65.0157
-65.0156
-65.0155
-65.0154
-65.0153
-65.0153
-65.0152
-65.0151
-65.015
-65.0149
-65.0149
-65.0148
-65.0147
-65.0147
-65.0146
-65.0145
-65.0145
-65.0144
-65.0143
-65.0143
-65.0142
-65.0142
-65.0141
-65.0141
-65.014
-65.014
-65.0139
-65.0139
-65.0138
-65.0138
-65.0137
-65.0137
-65.0137
-65.0136
-65.0136
-65.0135
-65.0135
-65.0135
-65.0134
-65.0134
-65.0134
-65.0133
-65.0133
-65.0133
-65.0133
-65.0132
-65.0132
-65.0132
-65.0131
-65.0131
-65.0131
-65.0131
-65.0131
-65.013
-65.013
-65.013
-65.013
-65.0129
-65.0129
-65.0129
-65.0129
-65.0129
-65.0129
-65.0128
-65.0128
-65.0128
-65.0128
-65.0128
-65.0128
-65.0127
-65.0127
-65.0127
-65.0127
-65.0127
-65.0127
-65.0127
-65.0127
-65.0126
-65.0126
-65.0126
-65.0126
-65.0126
-65.0126
-65.0126
-65.0126
-65.0126
-65.0126
-65.0125
-65.0125
-65.0125
-65.0125
-65.0125
-65.0125
-65.0125
-65.0125
-65.0125
-65.0125
-65.0125
-65.0125
-65.0125
-65.0124
-65.0124
-65.0124
-65.0124
-65.0124
-65.0124
-65.0124
-65.0124
-65.0124
-65.0124
-65.0124
-65.0124
-65.0124
-65.0124
-65.0124
-65.0124
-65.0124
-65.0124
-65.0124
-65.0124
-65.0124
-65.0124
-65.0124
-65.0123
-65.0123
-65.0123
-65.0123
-65.0123
-65.0123
-65.0123
-65.0123
-65.0123
-65.0123
-65.0123
-65.0123
-65.0123
-65.0123
-65.0123
-65.0123
-65.0123
-65.0123
-65.0123
-65.0123
-65.0123
-65.0123
-65.0123
-65.0123
-65.0123
-65.0123
-65.0123
-65.0123
-65.0123
-65.0123
-65.0123
-65.0123
-65.0123
-65.0123
-65.0123
-65.0123
-65.0123
-65.0123
-65.0123
-65.0123
-65.0123
-65.0123
-65.0123
-65.0123
-65.0123
-65.0123
-65.0123
-65.0123
-65.0123
-65.0123
-65.0123
-65.0123
-65.0123
-65.0123
-65.0123
-65.0123
-65.0123
-65.0123
-65.0123
-65.0123
-65.0123
-65.0123
-65.0123
-65.0123
-65.0123
-65.0123
-65.0123
-65.0123
-65.0123
-65.0123
-65.0123
-65.0123
-65.0123
-65.0123
-65.0123
-65.0123
-65.0123
-65.0123
-65.0123
-65.0123
-65.0123
-65.0123
-65.0122
-65.0122
-65.0122
-65.0122
-65.0122
-65.0122
-65.0122
-65.0122
-65.0122
-65.0122
-65.0122
-65.0122
-65.0122
-65.0122
-65.0122
-65.0122
-65.0122
-65.0122
-65.0122
-65.0122
-65.0122
-65.0122
-65.0122
-65.0122
-65.0122
-65.0122
-64.9598
-64.833
-64.7471
-64.6823
-64.635
-64.5974
-64.5673
-64.5431
-64.5239
-64.5088
-64.4973
-64.4888
-64.4829
-64.4792
-64.4773
-64.4771
-64.4783
-64.4807
-64.4797
-64.348
-64.2577
-64.1215
-63.6882
-63.3845
-63.1569
-62.993
-62.855
-62.6242
-62.4431
-62.1173
-61.8729
-61.5926
-61.3933
-61.2434
-60.9073
-60.4766
-60.0707
-59.737
-59.4943
-59.2663
-59.0886
-58.9598
-58.8293
-58.7019
-58.617
-58.5554
-58.4911
-58.46
-58.4522
-58.4535
-58.438
-58.4045
-58.3997
-58.418
-58.4544
-58.5035
-58.5626
-58.63
-58.7041
-58.7838
-58.8681
-58.9324
-58.9797
-59.0427
-59.1152
-59.1952
-59.2796
-59.3673
-59.4575
-59.5497
-59.6431
-59.7072
-59.7516
-59.7692
-59.8029
-59.7476
-59.6877
-59.668
-59.6762
-59.7033
-59.7425
-59.7912
-59.8472
-59.9093
-59.9762
-60.0264
-59.9975
-59.9541
-59.9452
-59.9609
-59.9931
-60.0357
-60.0863
-60.1035
-59.9807
-59.8373
-59.7174
-59.6338
-59.5917
-59.5613
-59.503
-59.405
-59.2949
-59.2358
-59.2011
-59.1126
-58.9179
-58.6673
-58.3897
-58.192
-57.9899
-57.8187
-57.6575
-57.5588
-57.502
-57.391
-57.3019
-57.2324
-57.1938
-57.1882
-57.2075
-57.2462
-57.3002
-57.3668
-57.444
-57.5299
-57.6232
-57.7226
-57.8269
-57.9353
-58.047
-58.1613
-58.2775
-58.3952
-58.5138
-58.633
-58.7525
-58.8719
-58.9908
-59.1092
-59.2268
-59.3434
-59.459
-59.5732
-59.6861
-59.7976
-59.9075
-60.0158
-60.1223
-60.2271
-60.3301
-60.4313
-60.5307
-60.6282
-60.7239
-60.8177
-60.9096
-60.9997
-61.0878
-61.1741
-61.2585
-61.3411
-61.4219
-61.5009
-61.5782
-61.6537
-61.7274
-61.7995
-61.8699
-61.9387
-62.0058
-62.0714
-62.1354
-62.1979
-62.2589
-62.3184
-62.3765
-62.4331
-62.4884
-62.5424
-62.595
-62.6463
-62.6964
-62.7452
-62.7929
-62.8394
-62.8847
-62.9289
-62.972
-62.993
-62.9749
-62.9274
-62.905
-62.8972
-62.9
-62.9053
-62.8616
-62.8397
-62.8301
-62.8313
-62.8193
-62.7156
-62.6018
-62.5159
-62.4003
-62.1731
-61.8656
-61.3187
-60.9421
-60.4932
-60.127
-59.8456
-59.4934
-59.2143
-58.9536
-58.768
-58.6354
-58.5445
-58.4853
-58.452
-58.4405
-58.4473
-58.4697
-58.5052
-58.5426
-58.5426
-58.5452
-58.5715
-58.6061
-58.6272
-58.6685
-58.6926
-58.6833
-58.7045
-58.744
-58.7633
-58.777
-58.7877
-58.8227
-58.8729
-58.9061
-58.9044
-58.9278
-58.9701
-59.027
-59.0933
-59.1666
-59.2425
-59.2346
-59.2524
-59.2897
-59.3441
-59.3645
-59.3991
-59.448
-59.5088
-59.5771
-59.6508
-59.7288
-59.81
-59.8937
-59.9793
-60.0663
-60.1542
-60.2427
-60.3314
-60.4201
-60.5085
-60.5854
-60.6322
-60.6913
-60.7529
-60.6867
-60.5324
-60.3186
-60.1397
-60.029
-59.963
-59.9148
-59.8222
-59.7493
-59.6731
-59.625
-59.6058
-59.6084
-59.6269
-59.6247
-59.5381
-59.4569
-59.3544
-59.2258
-58.9609
-58.6694
-58.4745
-58.3242
-58.2021
-58.0669
-57.948
-57.8372
-57.7711
-57.7414
-57.7296
-57.7107
-57.7103
-57.6983
-57.6402
-57.6239
-57.6371
-57.6745
-57.7279
-57.7937
-57.8696
-57.9538
-58.0449
-58.1415
-58.2427
-58.3476
-58.4553
-58.5654
-58.6771
-58.79
-58.9036
-59.0177
-59.1317
-59.2456
-59.359
-59.4718
-59.5837
-59.6945
-59.8043
-59.9127
-60.0198
-60.1254
-60.2294
-60.3318
-60.4325
-60.5315
-60.6288
-60.7243
-60.8181
-60.9101
-61.0003
-61.0886
-61.1752
-61.2599
-61.3429
-61.4241
-61.5035
-61.5812
-61.6571
-61.7314
-61.804
-61.8749
-61.9442
-62.0119
-62.078
-62.1425
-62.2055
-62.267
-62.3271
-62.3856
-62.4428
-62.4986
-62.5531
-62.6062
-62.658
-62.7085
-62.7578
-62.8059
-62.8529
-62.8986
-62.9432
-62.9867
-63.0292
-63.0705
-63.1109
-63.1502
-63.1886
-63.226
-63.2624
-63.298
-63.3326
-63.3664
-63.3994
-63.4315
-63.4628
-63.4933
-63.5231
-63.5521
-63.5804
-63.608
-63.6349
-63.6611
-63.6832
-63.5568
-63.3418
-63.1996
-63.0087
-62.8536
-62.7404
-62.6376
-62.5274
-62.4499
-62.3941
-62.3177
-62.2491
-62.2037
-62.1466
-61.6163
-60.9436
-60.4364
-60.0786
-59.8202
-59.6253
-59.4779
-59.3176
-59.1826
-59.0579
-58.9372
-58.8413
-58.7835
-58.7546
-58.7484
-58.7597
-58.7589
-58.641
-58.5782
-58.5103
-58.4584
-58.432
-58.4335
-58.4561
-58.4943
-58.5447
-58.6051
-58.6737
-58.7492
-58.7998
-58.7889
-58.7866
-58.812
-58.8575
-58.9165
-58.9597
-59.0056
-59.0648
-59.1341
-59.2107
-59.2642
-59.31
-59.3703
-59.4403
-59.5174
-59.5989
-59.6837
-59.771
-59.86
-59.9503
-60.0414
-60.133
-60.2248
-60.3165
-60.4078
-60.4985
-60.5886
-60.6778
-60.7661
-60.8533
-60.9119
-60.958
-61.0141
-61.0553
-61.0708
-61.0652
-60.9152
-60.8253
-60.7745
-60.756
-60.7559
-60.769
-60.7926
-60.8247
-60.8637
-60.9083
-60.9575
-61.0105
-60.9954
-60.9722
-60.9604
-60.8805
-60.7935
-60.743
-60.6217
-60.5243
-60.4143
-60.2662
-60.0727
-59.8269
-59.6353
-59.462
-59.1965
-58.9092
-58.7173
-58.5734
-58.3782
-58.2441
-58.1541
-58.0378

