-70
-70.0758
-70.1508
-70.225
-70.2983
-70.3706
-70.4419
-70.5122
-70.5814
-70.6496
-70.7168
-70.7829
-70.848
-70.9121
-70.9752
-71.0373
-71.0984
-71.1586
-71.2178
-71.2761
-71.3334
-71.3899
-71.4455
-71.5003
-71.5543
-71.6074
-71.6598
-71.7114
-71.7623
-71.8124
-71.8619
-71.9106
-71.9587
-72.006
-72.0527
-72.0988
-72.1442
-72.1889
-72.2331
-72.2766
-72.3196
-72.362
-72.4038
-72.445
-72.4857
-72.5258
-72.5654
-72.6045
-72.6431
-72.6812
-72.7188
-72.756
-72.7927
-72.8289
-72.8647
-72.9
-72.9349
-72.9694
-73.0035
-73.0371
-73.0704
-73.1032
-73.1357
-73.1678
-73.1994
-73.2307
-73.2617
-73.2922
-73.3224
-73.3523
-73.3817
-73.4109
-73.4397
-73.4682
-73.4963
-73.5241
-73.5516
-73.5788
-73.6057
-73.6323
-73.6585
-73.6845
-73.7102
-73.7356
-73.7608
-73.7857
-73.8103
-73.8346
-73.8587
-73.8825
-73.9061
-73.9294
-73.9524
-73.9753
-73.9979
-74.0202
-74.0423
-74.0642
-74.0859
-74.1073
-74.1285
-74.1495
-74.1703
-74.1909
-74.2112
-74.2313
-74.2513
-74.271
-74.2905
-74.3098
-74.329
-74.3479
-74.3666
-74.3852
-74.4036
-74.4217
-74.4397
-74.4575
-74.4752
-74.4926
-74.5099
-74.527
-74.544
-74.5607
-74.5774
-74.5938
-74.6101
-74.6262
-74.6422
-74.658
-74.6736
-74.6891
-74.7045
-74.7197
-74.7347
-74.7496
-74.7644
-74.779
-74.7935
-74.8079
-74.8221
-74.8362
-74.8501
-74.864
-74.8777
-74.8913
-74.9047
-74.918
-74.9313
-74.9443
-74.9573
-74.9701
-74.9829
-74.9955
-75.008
-75.0204
-75.0327
-75.0448
-75.0569
-75.0688
-75.0806
-75.0924
-75.104
-75.1155
-75.1269
-75.1382
-75.1495
-75.1606
-75.1716
-75.1825
-75.1933
-75.204
-75.2147
-75.2252
-75.2356
-75.246
-75.2562
-75.2664
-75.2764
-75.2864
-75.2963
-75.3061
-75.3158
-75.3255
-75.335
-75.3445
-75.3538
-75.3631
-75.3724
-75.3815
-75.3906
-75.3995
-75.4084
-75.4172
-75.426
-75.4346
-75.4432
-75.4518
-75.4602
-75.4686
-75.4769
-75.4851
-75.4932
-75.5013
-75.5093
-75.5173
-75.5251
-75.533
-75.5407
-75.5484
-75.556
-75.5635
-75.571
-75.5784
-75.5858
-75.593
-75.6003
-75.6074
-75.6145
-75.6216
-75.6285
-75.6355
-75.6423
-75.6491
-75.6559
-75.6626
-75.6692
-75.6758
-75.6823
-75.6888
-75.6952
-75.7015
-75.7078
-75.7141
-75.7203
-75.7264
-75.7325
-75.7386
-75.7446
-75.7505
-75.7564
-75.7622
-75.768
-75.7738
-75.7795
-75.7851
-75.7907
-75.7963
-75.8018
-75.8072
-75.8127
-75.818
-75.8234
-75.8287
-75.8339
-75.8391
-75.8443
-75.8494
-75.8545
-75.8595
-75.8645
-75.8695
-75.8744
-75.8793
-75.8841
-75.8889
-75.8937
-75.8984
-75.9031
-75.9077
-75.9123
-75.9169
-75.9214
-75.9259
-75.9304
-75.9348
-75.9392
-75.9436
-75.9479
-75.9522
-75.9565
-75.9607
-75.9649
-75.969
-75.9731
-75.9772
-75.9813
-75.9853
-75.9893
-75.9933
-75.9972
-76.0011
-76.005
-76.0088
-76.0126
-76.0164
-76.0201
-76.0239
-76.0275
-76.0312
-76.0348
-76.0384
-76.042
-76.0456
-76.0491
-76.0526
-76.056
-76.0595
-76.0629
-76.0663
-76.0696
-76.0729
-76.0762
-76.0795
-76.0828
-76.086
-76.0892
-76.0924
-76.0955
-76.0986
-76.1017
-76.1048
-76.1079
-76.1109
-76.1139
-76.1169
-76.1198
-76.1228
-76.1257
-76.1286
-76.1314
-76.1343
-76.1371
-76.1399
-76.1427
-76.1455
-76.1482
-76.1509
-76.1536
-76.1563
-76.1589
-76.1615
-76.1642
-76.1667
-76.1693
-76.1719
-76.1744
-76.1769
-76.1794
-76.1819
-76.1843
-76.1868
-76.1892
-76.1916
-76.1939
-76.1963
-76.1986
-76.201
-76.2033
-76.2056
-76.2078
-76.2101
-76.2123
-76.2145
-76.2167
-76.2189
-76.2211
-76.2232
-76.2254
-76.2275
-76.2296
-76.2317
-76.2337
-76.2358
-76.2378
-76.2398
-76.2418
-76.2438
-76.2458
-76.2478
-76.2497
-76.2516
-76.2536
-76.2554
-76.2573
-76.2592
-76.2611
-76.2629
-76.2647
-76.2665
-76.2683
-76.2701
-76.2719
-76.2737
-76.2754
-76.2771
-76.2788
-76.2806
-76.2822
-76.2839
-76.2856
-76.2872
-76.2889
-76.2905
-76.2921
-76.2937
-76.2953
-76.2969
-76.2985
-76.3
-76.3016
-76.3031
-76.3046
-76.3061
-76.3076
-76.3091
-76.3106
-76.312
-76.3135
-76.3149
-76.3164
-76.3178
-76.3192
-76.3206
-76.322
-76.3233
-76.3247
-76.3261
-76.3274
-76.3287
-76.33
-76.3314
-76.3327
-76.334
-76.3352
-76.3365
-76.3378
-76.339
-76.3403
-76.3415
-76.3427
-76.3439
-76.3452
-76.3464
-76.3475
-76.3487
-76.3499
-76.351
-76.3522
-76.3533
-76.3545
-76.3556
-76.3567
-76.3578
-76.3589
-76.36
-76.3611
-76.3622
-76.3632
-76.3643
-76.3654
-76.3664
-76.3674
-76.3685
-76.3695
-76.3705
-76.3715
-76.3725
-76.3735
-76.3745
-76.3754
-76.3764
-76.3774
-76.3783
-76.3793
-76.3802
-76.3811
-76.382
-76.383
-76.3839
-76.3848
-74.8282
-70.5201
-67.0513
-64.4239
-62.3561
-60.6007
-58.8768
-56.6354
-50.5571
33.4334
-16.2327
-51.469
-79.4443
-79.7444
-79.7174
-79.6815
-79.6415
-79.5976
-79.5496
-79.4977
-79.442
-79.3828
-79.3206
-79.2558
-79.1891
-79.1212
-79.0527
-78.9844
-78.9168
-78.8506
-78.7864
-78.7245
-78.6652
-78.6089
-78.5556
-77.2989
-72.7326
-68.9791
-66.1661
-64.0021
-62.2666
-60.7703
-59.3098
-57.5423
-53.6831
46.1988
-5.01337
-36.2327
-78.0354
-79.3317
-79.2663
-79.1759
-79.076
-78.967
-78.8489
-78.722
-78.5869
-78.4445
-78.296
-78.1428
-77.9864
-77.8286
-77.6127
-77.2248
-76.8069
-76.508
-76.2809
-76.1306
-76.0215
-75.945
-73.8073
-71.0648
-69.6374
-69.23
-69.3276
-69.4022
-69.4493
-69.4832
-69.511
-69.5363
-69.5612
-69.5866
-70.0153
-70.5803
-70.9794
-71.262
-71.4691
-71.6258
-71.7481
-70.9633
-67.8479
-65.4451
-63.7626
-62.5302
-61.577
-60.7898
-60.0883
-59.4033
-58.6524
-57.7049
-56.2172
-52.4807
44.7574
-9.66712
-40.9964
-78.8009
-79.8127
-79.8108
-79.7873
-78.7309
-77.2096
-76.5866
-76.1816
-75.8117
-75.4447
-75.0753
-74.7048
-74.3361
-73.3002
-70.5437
-68.4034
-66.8695
-65.7095
-64.7952
-64.0512
-63.4303
-62.9019
-62.4444
-62.0422
-61.6853
-61.5939
-62.6805
-64.7067
-67.2137
-69.051
-70.2502
-71.4293
-72.6445
-73.3948
-73.8501
-74.2888
-74.7683
-75.1029
-75.2815
-75.381
-75.4397
-75.4763
-75.5004
-75.517
-75.5292
-75.5385
-75.5459
-75.5523
-75.5578
-75.563
-75.5678
-75.5725
-75.5771
-75.5817
-75.5863
-75.5909
-75.5957
-75.6005
-75.6054
-75.6104
-75.6155
-75.6207
-75.626
-75.6313
-75.6367
-75.6422
-75.6478
-75.6534
-75.659
-75.6647
-75.6705
-75.6762
-75.682
-75.6878
-75.6936
-75.6994
-75.7053
-75.7111
-75.7169
-75.7227
-75.7285
-75.7343
-75.74
-75.7458
-75.7515
-75.7571
-75.7628
-75.7684
-75.774
-75.7796
-75.7851
-75.7906
-75.7961
-75.8015
-75.8069
-75.8123
-75.8176
-75.8229
-75.8281
-75.8333
-73.0222
-68.9531
-65.8305
-63.4396
-61.5112
-59.7868
-57.9087
-54.8214
-8.12013
4.91338
-29.8095
-75.8526
-79.5012
-78.7198
-78.4439
-78.2562
-78.0581
-77.8455
-77.6187
-77.3791
-77.1283
-76.188
-73.7291
-72.0255
-70.8777
-70.0079
-69.2966
-68.6884
-68.1555
-67.6831
-65.7769
-63.5647
-61.8521
-60.4458
-59.1454
-58.4715
-58.826
-59.5199
-61.4776
-62.7184
-63.4788
-64.8023
-65.8053
-66.3993
-67.4617
-68.4615
-69.6559
-70.7233
-71.5129
-72.1498
-72.5063
-72.71
-72.8339
-72.914
-72.9688
-73.0088
-73.0397
-73.065
-73.0869
-73.1067
-73.1254
-73.1433
-73.1611
-73.1788
-73.1967
-73.215
-73.2336
-71.8966
-68.2337
-65.3725
-63.2609
-61.6214
-60.2379
-58.9057
-57.3234
-54.5474
-25.2237
5.69213
-29.583
-75.2309
-79.7013
-79.7295
-79.6967
-79.6586
-78.5823
-76.9269
-76.2031
-75.7411
-75.3334
-74.9374
-74.5444
-74.1541
-73.7693
-73.3931
-71.8338
-69.0148
-66.8921
-65.3341
-64.1381
-63.1823
-62.3891
-61.7056
-61.0918
-60.5172
-59.5561
-57.227
-53.4665
37.9385
-4.0718
-35.6362
-77.5984
-79.3798
-79.2808
-79.1873
-79.0431
-78.8479
-78.706
-78.5731
-78.43
-78.1509
-77.9089
-77.6077
-77.3764
-77.1936
-77.0363
-76.8953
-76.7666
-76.6015
-76.4075
-76.2657
-76.1618
-76.0817
-76.0175
-75.9657
-75.9265
-75.8959
-75.8714
-75.8514
-75.835
-75.8214
-75.8102
-75.801
-75.7935
-75.7874
-75.7827
-75.7791
-75.7765
-75.7748
-75.7738
-75.7736
-75.7739
-75.7749
-75.7763
-75.7781
-75.7803
-75.7828
-75.7857
-75.7888
-75.7921
-75.7957
-75.7994
-75.8033
-75.8073
-75.8115
-75.8157
-75.8201
-75.8245
-75.8289
-75.8335
-75.838
-75.8426
-75.8472
-75.8519
-75.8565
-75.8612
-75.8659
-75.8705
-75.8752
-75.8798
-75.8844
-75.8891
-75.8937
-75.8983
-75.9028
-75.9074
-75.9119
-75.9164
-75.9208
-75.9253
-72.6623
-68.653
-65.6032
-63.2605
-61.3588
-59.6361
-57.7116
-54.3461
33.725
0.319339
-32.4948
-77.287
-79.7268
-79.7237
-79.6889
-79.6496
-79.6063
-79.5589
-79.1364
-76.4168
-74.8331
-73.9354
-73.2764
-72.7167
-72.2081
-71.7336
-71.2871
-70.8673
-68.4797
-66.0568
-64.2648
-62.8909
-61.7778
-60.8157
-59.9159
-58.9845
-57.8734
-55.0056
-39.8637
11.193
-26.9122
-72.0481
-79.2813
-79.2967
-79.2124
-79.117
-77.6171
-76.7765
-76.3243
-75.9433
-75.6089
-75.3232
-75.1111
-74.9247
-74.7317
-74.5629
-73.9957
-71.7554
-70.5414
-70.2974
-70.2087
-70.1337
-70.0696
-70.0152
-70.2527
-70.6446
-70.8907
-71.0428
-71.1416
-71.2092
-71.2583
-71.2962
-71.3275
-71.3551
-71.3808
-71.4057
-71.4306
-71.456
-71.4821
-71.5092
-71.5374
-71.5667
-71.597
-71.6285
-71.6609
-71.6943
-71.7286
-71.7637
-71.7995
-71.836
-71.8731
-71.9107
-71.9487
-71.987
-72.0256
-72.0645
-72.1035
-69.2941
-65.8392
-63.2059
-61.1279
-59.2943
-57.2766
-53.6809
42.5432
-3.58447
-35.2734
-77.8951
-79.6737
-79.6618
-79.6198
-78.351
-77.2955
-76.8398
-76.4914
-76.1523
-75.8078
-75.457
-75.1024
-74.7472
-72.7501
-70.2096
-68.4047
-67.0873
-66.0725

