-70
-69.8623
-69.7285
-69.5983
-69.4718
-69.3487
-69.2291
-69.1128
-68.9997
-68.8897
-68.7828
-68.6789
-68.5778
-68.4795
-68.3839
-68.291
-68.2007
-68.1128
-68.0274
-67.9443
-67.8636
-67.7851
-67.7087
-67.6345
-67.5623
-67.4921
-67.4238
-67.3574
-67.2929
-67.2301
-67.1691
-67.1098
-67.0521
-66.996
-66.9414
-66.8884
-66.8368
-66.7866
-66.7378
-66.6904
-66.6443
-66.5994
-66.5558
-66.5133
-66.4721
-66.432
-66.393
-66.355
-66.3181
-66.2823
-66.2474
-66.2134
-66.1805
-66.1484
-66.1172
-66.0868
-66.0573
-66.0286
-66.0007
-65.9736
-65.9472
-65.9215
-65.8966
-65.8723
-65.8487
-65.8257
-65.8034
-65.7817
-65.7606
-65.74
-65.72
-65.7006
-65.6817
-65.6633
-65.6455
-65.6281
-65.6112
-65.5948
-65.5788
-65.5632
-65.5481
-65.5334
-65.5191
-65.5052
-65.4917
-65.4785
-65.4657
-65.4533
-65.4412
-65.4294
-65.418
-65.4068
-65.396
-65.3855
-65.3752
-65.3653
-65.3556
-65.3462
-65.337
-65.3281
-65.3194
-65.311
-65.3028
-65.2948
-65.2871
-65.2795
-65.2722
-65.2651
-65.2581
-65.2514
-65.2448
-65.2385
-65.2322
-65.2262
-65.2203
-65.2146
-65.2091
-65.2037
-65.1984
-65.1933
-65.1884
-65.1835
-65.1788
-65.1743
-65.1698
-65.1655
-65.1613
-65.1572
-65.1532
-65.1493
-65.1456
-65.1419
-65.1384
-65.1349
-65.1315
-65.1283
-65.1251
-65.122
-65.119
-65.1161
-65.1132
-65.1104
-65.1077
-65.1051
-65.1026
-65.1001
-65.0977
-65.0953
-65.0931
-65.0908
-65.0887
-65.0866
-65.0845
-65.0826
-65.0806
-65.0788
-65.0769
-65.0752
-65.0734
-65.0718
-65.0701
-65.0685
-65.067
-65.0655
-65.064
-65.0626
-65.0612
-65.0599
-65.0586
-65.0573
-65.0561
-65.0549
-65.0537
-65.0526
-65.0514
-65.0504
-65.0493
-65.0483
-65.0473
-65.0464
-65.0454
-65.0445
-65.0436
-65.0428
-65.0419
-65.0411
-65.0403
-65.0395
-65.0388
-65.0381
-65.0374
-65.0367
-65.036
-65.0353
-65.0347
-65.0341
-65.0335
-65.0329
-65.0323
-65.0318
-65.0313
-65.0307
-65.0302
-65.0297
-65.0293
-65.0288
-65.0283
-65.0279
-65.0275
-65.027
-65.0266
-65.0262
-65.0259
-65.0255
-65.0251
-65.0248
-65.0244
-65.0241
-65.0238
-65.0234
-65.0231
-65.0228
-65.0225
-65.0223
-65.022
-65.0217
-65.0215
-65.0212
-65.021
-65.0207
-65.0205
-65.0203
-65.02
-65.0198
-65.0196
-65.0194
-65.0192
-65.019
-65.0188
-65.0187
-65.0185
-65.0183
-65.0181
-65.018
-65.0178
-65.0177
-65.0175
-65.0174
-65.0172
-65.0171
-65.017
-65.0168
-65.0167
-65.0166
-65.0165
-65.0163
-65.0162
-65.0161
-65.016
-65.0159
-65.0158
-65.0157
-65.0156
-65.0155
-65.0154
-65.0153
-65.0153
-65.0152
-65.0151
-65.015
-65.0149
-65.0149
-65.0148
-65.0147
-65.0147
-65.0146
-65.0145
-65.0145
-65.0144
-65.0143
-65.0143
-65.0142
-65.0142
-65.0141
-65.0141
-65.014
-65.014
-65.0139
-65.0139
-65.0138
-65.0138
-65.0137
-65.0137
-65.0137
-65.0136
-65.0136
-65.0135
-65.0135
-65.0135
-65.0134
-65.0134
-65.0134
-65.0133
-65.0133
-65.0133
-65.0133
-65.0132
-65.0132
-65.0132
-65.0131
-65.0131
-65.0131
-65.0131
-65.0131
-65.013
-65.013
-65.013
-65.013
-65.0129
-65.0129
-65.0129
-65.0129
-65.0129
-65.0129
-65.0128
-65.0128
-65.0128
-65.0128
-65.0128
-65.0128
-65.0127
-65.0127
-65.0127
-65.0127
-65.0127
-65.0127
-65.0127
-65.0127
-65.0126
-65.0126
-65.0126
-65.0126
-65.0126
-65.0126
-65.0126
-65.0126
-65.0126
-65.0126
-65.0125
-65.0125
-65.0125
-65.0125
-65.0125
-65.0125
-65.0125
-65.0125
-65.0125
-65.0125
-65.0125
-65.0125
-65.0125
-65.0124
-65.0124
-65.0124
-65.0124
-65.0124
-65.0124
-65.0124
-65.0124
-65.0124
-65.0124
-65.0124
-65.0124
-65.0124
-65.0124
-65.0124
-65.0124
-65.0124
-65.0124
-65.0124
-65.0124
-65.0124
-65.0124
-65.0124
-65.0123
-65.0123
-65.0123
-65.0123
-65.0123
-65.0123
-65.0123
-65.0123
-65.0123
-65.0123
-65.0123
-65.0123
-65.0123
-65.0123
-65.0123
-65.0123
-65.0123
-65.0123
-65.0123
-65.0123
-65.0123
-65.0123
-65.0123
-65.0123
-65.0123
-65.0123
-65.0123
-65.0123
-65.0123
-65.0123
-65.0123
-65.0123
-65.0123
-65.0123
-65.0123
-65.0123
-65.0123
-65.0123
-65.0123
-65.0123
-65.0123
-65.0123
-65.0123
-65.0123
-65.0123
-65.0123
-65.0123
-65.0123
-65.0123
-65.0123
-65.0123
-65.0123
-65.0123
-65.0123
-65.0123
-65.0123
-65.0123
-65.0123
-65.0123
-65.0123
-65.0123
-65.0123
-65.0123
-65.0123
-65.0123
-65.0123
-65.0123
-65.0123
-65.0123
-65.0123
-65.0123
-65.0123
-65.0123
-65.0123
-64.8888
-64.7871
-64.7113
-64.6572
-64.6152
-64.5815
-64.5545
-64.5329
-64.5159
-64.5027
-64.4927
-64.4856
-64.4808
-64.478
-64.477
-64.4776
-64.4793
-64.4822
-64.4861
-64.4907
-64.496
-64.5019
-64.5083
-64.5151
-64.5223
-64.5297
-64.5373
-64.5451
-64.553
-64.5611
-64.5691
-64.5773
-64.5854
-64.5935
-64.5495
-64.4315
-64.3542
-64.2976
-64.2584
-64.2288
-64.2064
-64.1898
-64.1781
-64.1704
-64.1661
-64.1647
-64.1657
-64.1688
-64.1736
-64.1799
-64.1874
-64.196
-64.1763
-64.0004
-63.8787
-63.7468
-63.2924
-62.883
-62.4935
-62.0667
-61.669
-61.099
-60.6618
-60.2737
-59.9561
-59.6197
-59.3761
-59.1921
-58.9264
-58.6802
-58.4982
-58.1583
-57.925
-57.5637
-57.2706
-57.0647
-56.897
-56.7755
-56.6961
-56.6416
-56.5857
-56.5499
-56.5158
-56.4912
-56.478
-56.4091
-56.383
-56.3692
-56.3657
-56.3912
-56.4373
-56.5003
-56.5759
-56.6618
-56.7563
-56.858
-56.9656
-57.0781
-57.1945
-57.3142
-57.4233
-57.4807
-57.5279
-57.5979
-57.6828
-57.7342
-57.7986
-57.8767
-57.9374
-57.9685
-58.0002
-58.0552
-58.1255
-58.2063
-58.2796
-58.3198
-58.3815
-58.4482
-58.4876
-58.539
-58.5597
-58.5931
-58.5481
-58.399
-58.3174
-58.2535
-58.2139
-58.1542
-58.0841
-58.0176
-57.9153
-57.8622
-57.739
-57.6757
-57.5769
-57.3901
-57.238
-57.0389
-56.8116
-56.6341
-56.4448
-56.2131
-55.9023
-55.6257
-55.4194
-55.2872
-55.1137
-54.998
-54.8927
-54.8035
-54.7447
-54.7066
-54.6718
-54.6701
-54.6985
-54.7416
-54.7764
-54.8378
-54.9176
-55.0134
-55.121
-55.2383
-55.3637
-55.4958
-55.6336
-55.7759
-55.9217
-56.0705
-56.2213
-56.3738
-56.5273
-56.6815
-56.8358
-56.99
-57.1436
-57.2964
-57.4482
-57.5987
-57.7478
-57.8954
-58.0411
-58.185
-58.3268
-58.4665
-58.6041
-58.7396
-58.8727
-59.0036
-59.132
-59.2581
-59.3818
-59.5031
-59.622
-59.7385
-59.8527
-59.9645
-60.0739
-60.181
-60.2857
-60.3882
-60.4884
-60.5863
-60.6821
-60.7757
-60.8671
-60.9565
-61.0438
-61.1291
-61.2123
-61.2936
-61.373
-61.4505
-61.5261
-61.5999
-61.672
-61.7423
-61.811
-61.878
-61.9433
-62.0071
-62.0693
-62.13
-62.1893
-62.247
-62.2876
-62.2857
-62.3012
-62.3246
-62.3547
-62.3879
-62.3423
-62.2857
-62.2566
-62.2461
-62.1517
-62.0153
-61.8183
-61.6545
-61.4579
-61.1833
-60.5966
-59.9425
-59.4371
-58.9509
-58.5449
-58.2471
-58.0266
-57.8573
-57.4322
-57.0892
-56.8336
-56.6612
-56.544
-56.4683
-56.4254
-56.4099
-56.4175
-56.4322
-56.4136
-56.4208
-56.3811
-56.375
-56.3885
-56.3998
-56.4388
-56.4962
-56.5694
-56.648
-56.7027
-56.6959
-56.6858
-56.7129
-56.7659
-56.8252
-56.8045
-56.7532
-56.748
-56.7416
-56.7212
-56.6825
-56.6463
-56.6526
-56.687
-56.7425
-56.7661
-56.797
-56.7855
-56.8117
-56.8613
-56.9306
-57.0126
-57.1045
-57.2042
-57.3103
-57.4215
-57.5368
-57.6554
-57.7765
-57.8995
-58.0237
-58.1486
-58.274
-58.3993
-58.5245
-58.6381
-58.6745
-58.684
-58.6367
-58.5138
-58.3609
-58.2346
-58.136
-58.0894
-58.0213
-57.8339
-57.6478
-57.4675
-57.3278
-57.2418
-57.1583
-56.9528
-56.8097
-56.6218
-56.3804
-56.1884
-55.9285
-55.7506
-55.5914
-55.5002
-55.4532
-55.4103
-55.4022
-55.3738
-55.3634
-55.3796
-55.3915
-55.4019
-55.3959
-55.4266
-55.4573
-55.4722
-55.5108
-55.5398
-55.5995
-55.678
-55.7722
-55.8492
-55.8998
-55.9756
-56.0684
-56.1751
-56.2908
-56.4132
-56.5412
-56.6734
-56.809
-56.9471
-57.087
-57.2282
-57.3702
-57.5125
-57.6547
-57.7966
-57.9378
-58.078
-58.217
-58.3546
-58.4908
-58.6252
-58.758
-58.8888
-59.0177
-59.1446
-59.2693
-59.3919
-59.5123
-59.6306
-59.7466
-59.8605
-59.9721
-60.0815
-60.1886
-60.2935
-60.3962
-60.4967
-60.5951
-60.6913
-60.7853
-60.8773
-60.9673
-61.0552
-61.141
-61.2249
-61.3069
-61.3869
-61.4651
-61.5414
-61.6159
-61.6886
-61.7596
-61.8289
-61.8966
-61.9626
-62.027
-62.0899
-62.1512
-62.211
-62.2694
-62.3263
-62.3818
-62.436
-62.4888
-62.5404
-62.5906
-62.6397
-62.6875
-62.7341
-62.7796
-62.824
-62.8673
-62.9095
-62.9506
-62.9908
-63.0299
-63.0681
-63.1053
-63.1417
-63.1771
-63.0884
-62.8698
-62.7256
-62.5514
-62.3913
-62.2785
-62.1714
-62.0675
-61.9521
-61.8607
-61.6595
-61.499
-61.386
-61.2273
-60.4669
-59.7649
-59.2681
-58.9173
-58.6555
-58.351
-58.1203
-57.7589
-57.4931
-57.3032
-57.1755
-57.0903
-57.0383
-57.0138
-57.0123
-57.0303
-57.0077
-56.8495
-56.7344
-56.5739
-56.4179
-56.3236
-56.2783
-56.2695
-56.2723
-56.2741
-56.3037
-56.3531
-56.4195
-56.4376
-56.4222
-56.4453
-56.4945
-56.564
-56.6467
-56.7091
-56.7748
-56.857
-56.9201
-56.9873
-57.0707
-57.1662
-57.2378
-57.3103
-57.3602
-57.4219
-57.5006
-57.5917
-57.691
-57.7961
-57.9055
-58.0183
-58.1337
-58.2508
-58.3693
-58.4886
-58.6083
-58.728
-58.8474
-58.9663
-59.0843
-59.2013
-59.2654
-59.3423
-59.3489
-59.3571
-59.3909
-59.4424
-59.5019
-59.5202
-59.5598
-59.6119
-59.6745
-59.7434
-59.8134
-59.8366
-59.8647
-59.8654
-59.893
-59.8549
-59.8296
-59.7694
-59.713
-59.661
-59.4095
-59.1704
-58.8953
-58.5518
-58.1656
-57.7376
-57.3894
-57.0847
-56.7807
-56.5551
-56.3651
-56.2421
-56.1642
-56.1232
-56.0902
-55.986

