-70
-70.0758
-70.1508
-70.225
-70.2983
-70.3706
-70.4419
-70.5122
-70.5814
-70.6496
-70.7168
-70.7829
-70.848
-70.9121
-70.9752
-71.0373
-71.0984
-71.1586
-71.2178
-71.2761
-71.3334
-71.3899
-71.4455
-71.5003
-71.5543
-71.6074
-71.6598
-71.7114
-71.7623
-71.8124
-71.8619
-71.9106
-71.9587
-72.006
-72.0527
-72.0988
-72.1442
-72.1889
-72.2331
-72.2766
-72.3196
-72.362
-72.4038
-72.445
-72.4857
-72.5258
-72.5654
-72.6045
-72.6431
-72.6812
-72.7188
-72.756
-72.7927
-72.8289
-72.8647
-72.9
-72.9349
-72.9694
-73.0035
-73.0371
-73.0704
-73.1032
-73.1357
-73.1678
-73.1994
-73.2307
-73.2617
-73.2922
-73.3224
-73.3523
-73.3817
-73.4109
-73.4397
-73.4682
-73.4963
-73.5241
-73.5516
-73.5788
-73.6057
-73.6323
-73.6585
-73.6845
-73.7102
-73.7356
-73.7608
-73.7857
-73.8103
-73.8346
-73.8587
-73.8825
-73.9061
-73.9294
-73.9524
-73.9753
-73.9979
-74.0202
-74.0423
-74.0642
-74.0859
-74.1073
-74.1285
-74.1495
-74.1703
-74.1909
-74.2112
-74.2313
-74.2513
-74.271
-74.2905
-74.3098
-74.329
-74.3479
-74.3666
-74.3852
-74.4036
-74.4217
-74.4397
-74.4575
-74.4752
-74.4926
-74.5099
-74.527
-74.544
-74.5607
-74.5774
-74.5938
-74.6101
-74.6262
-74.6422
-74.658
-74.6736
-74.6891
-74.7045
-74.7197
-74.7347
-74.7496
-74.7644
-74.779
-74.7935
-74.8079
-74.8221
-74.8362
-74.8501
-74.864
-74.8777
-74.8913
-74.9047
-74.918
-74.9313
-74.9443
-74.9573
-74.9701
-74.9829
-74.9955
-75.008
-75.0204
-75.0327
-75.0448
-75.0569
-75.0688
-75.0806
-75.0924
-75.104
-75.1155
-75.1269
-75.1382
-75.1495
-75.1606
-75.1716
-75.1825
-75.1933
-75.204
-75.2147
-75.2252
-75.2356
-75.246
-75.2562
-75.2664
-75.2764
-75.2864
-75.2963
-75.3061
-75.3158
-75.3255
-75.335
-75.3445
-75.3538
-75.3631
-75.3724
-75.3815
-75.3906
-75.3995
-75.4084
-75.4172
-75.426
-75.4346
-75.4432
-75.4518
-75.4602
-75.4686
-75.4769
-75.4851
-75.4932
-75.5013
-75.5093
-75.5173
-75.5251
-75.533
-75.5407
-75.5484
-75.556
-75.5635
-75.571
-75.5784
-75.5858
-75.593
-75.6003
-75.6074
-75.6145
-75.6216
-75.6285
-75.6355
-75.6423
-75.6491
-75.6559
-75.6626
-75.6692
-75.6758
-75.6823
-75.6888
-75.6952
-75.7015
-75.7078
-75.7141
-75.7203
-75.7264
-75.7325
-75.7386
-75.7446
-75.7505
-75.7564
-75.7622
-75.768
-75.7738
-75.7795
-75.7851
-75.7907
-75.7963
-75.8018
-75.8072
-75.8127
-75.818
-75.8234
-75.8287
-75.8339
-75.8391
-75.8443
-75.8494
-75.8545
-75.8595
-75.8645
-75.8695
-75.8744
-75.8793
-75.8841
-75.8889
-75.8937
-75.8984
-75.9031
-75.9077
-75.9123
-75.9169
-75.9214
-75.9259
-75.9304
-75.9348
-75.9392
-75.9436
-75.9479
-75.9522
-75.9565
-75.9607
-75.9649
-75.969
-75.9731
-75.9772
-75.9813
-75.9853
-75.9893
-75.9933
-75.9972
-76.0011
-76.005
-76.0088
-76.0126
-76.0164
-76.0201
-76.0239
-76.0275
-76.0312
-76.0348
-76.0384
-76.042
-76.0456
-76.0491
-76.0526
-76.056
-76.0595
-76.0629
-76.0663
-76.0696
-76.0729
-76.0762
-76.0795
-76.0828
-76.086
-76.0892
-76.0924
-76.0955
-76.0986
-76.1017
-76.1048
-76.1079
-76.1109
-76.1139
-76.1169
-76.1198
-76.1228
-76.1257
-76.1286
-76.1314
-76.1343
-76.1371
-76.1399
-76.1427
-76.1455
-76.1482
-76.1509
-76.1536
-76.1563
-76.1589
-76.1615
-76.1642
-76.1667
-76.1693
-76.1719
-76.1744
-76.1769
-76.1794
-76.1819
-76.1843
-76.1868
-76.1892
-76.1916
-76.1939
-76.1963
-76.1986
-76.201
-76.2033
-76.2056
-76.2078
-76.2101
-76.2123
-76.2145
-76.2167
-76.2189
-76.2211
-76.2232
-76.2254
-76.2275
-76.2296
-76.2317
-76.2337
-76.2358
-76.2378
-76.2398
-76.2418
-76.2438
-76.2458
-76.2478
-76.2497
-76.2516
-76.2536
-76.2554
-76.2573
-76.2592
-76.2611
-76.2629
-76.2647
-76.2665
-76.2683
-76.2701
-76.2719
-76.2737
-76.2754
-76.2771
-76.2788
-76.2806
-76.2822
-76.2839
-76.2856
-76.2872
-76.2889
-76.2905
-76.2921
-76.2937
-76.2953
-76.2969
-76.2985
-76.3
-76.3016
-76.3031
-76.3046
-76.3061
-76.3076
-76.3091
-76.3106
-76.312
-76.3135
-76.3149
-76.3164
-76.3178
-76.3192
-76.3206
-76.322
-76.3233
-76.3247
-76.3261
-76.3274
-76.3287
-76.33
-76.3314
-76.3327
-76.334
-76.3352
-76.3365
-76.3378
-76.339
-76.3403
-76.3415
-76.3427
-76.3439
-76.3452
-76.3464
-76.3475
-76.3487
-76.3499
-72.6061
-68.6339
-65.6289
-63.3156
-61.4358
-59.7365
-57.8577
-54.6849
8.05685
3.35182
-30.6725
-76.4181
-79.7264
-79.7322
-79.6987
-79.6605
-79.6184
-79.5723
-79.5222
-79.4682
-79.4105
-79.3496
-79.2858
-79.2199
-79.1523
-79.0838
-79.0152
-78.9471
-78.8801
-78.8147
-78.7515
-78.6909
-78.633
-78.5781
-78.5263
-78.4777
-78.4321
-78.3896
-78.35
-78.3132
-78.2789
-78.2471
-78.2175
-78.19
-78.1643
-78.1404
-78.1181
-78.0972
-78.0775
-78.059
-78.0416
-78.0251
-78.0093
-77.9944
-77.9801
-77.9664
-77.9532
-76.3063
-71.7725
-68.1204
-65.3598
-63.2104
-61.4416
-59.8236
-58.0272
-55.064
-18.9936
7.06617
-28.6475
-75.0709
-79.7366
-79.3551
-78.4183
-78.0926
-77.867
-77.634
-77.3868
-77.126
-76.8535
-76.5716
-75.5957
-73.0106
-71.1494
-69.872
-68.9086
-68.134
-67.4856
-66.9298
-66.4471
-64.9807
-62.7578
-60.9588
-59.4079
-57.8664
-58.9689
-61.2304
-63.0552
-64.3675
-65.1174
-63.9966
-62.9148
-62.1718
-62.5318
-63.4002
-64.041
-64.5055
-64.8532
-65.1235
-65.3416
-65.5239
-65.6813
-65.8215
-65.9497
-66.0698
-66.1842
-66.295
-66.4034
-66.5103
-66.6162
-66.7216
-66.8269
-66.9321
-67.0374
-67.1429
-67.2485
-67.3542
-67.4599
-67.5656
-67.6711
-67.7762
-67.8808
-67.9848
-68.0882
-68.1909
-68.2927
-68.3937
-68.4938
-68.5928
-68.6908
-68.7876
-68.8831
-68.9775
-67.8829
-64.6815
-62.0795
-60.0032
-58.0898
-55.7266
-49.4932
29.8001
-19.2628
-57.0006
-79.3119
-78.7214
-78.3736
-78.172
-77.9651
-77.7437
-77.5082
-77.2033
-76.8929
-76.616
-76.3514
-76.0865
-75.842
-75.6386
-75.4602
-75.2988
-75.1516
-75.0171
-74.8946
-74.7834
-74.7244
-74.7506
-74.7661
-74.8235
-74.9292
-75.0014
-75.0906
-75.203
-75.2791
-75.3297
-75.3647
-75.3897
-75.4081
-75.4223
-75.4336
-75.4429
-75.451
-75.4581
-75.4647
-75.4708
-75.4768
-75.4826
-75.4883
-75.494
-75.4998
-75.5056
-75.5114
-75.5174
-75.5234
-75.5294
-75.5356
-75.5418
-75.5481
-75.5544
-75.5608
-75.5672
-75.5736
-75.5801
-75.5866
-75.5932
-75.5997
-75.6063
-75.6128
-75.6194
-75.6259
-75.6325
-75.639
-75.6455
-75.6519
-75.6584
-75.6648
-75.6712
-75.6776
-75.6839
-75.6902
-75.6965
-75.7027
-75.7089
-75.715
-75.7211
-75.7272
-75.7332
-75.7391
-75.7451
-75.751
-75.7568
-75.7626
-75.7684
-75.7741
-75.7797
-72.9738
-68.9119
-65.7948
-63.4074
-61.4803
-59.7533
-57.8639
-54.7187
1.15125
3.85937
-30.3914
-75.8518
-78.9557
-78.8582
-78.7203
-78.5687
-78.4038
-78.226
-78.0357
-77.834
-76.0512
-74.0984
-72.9094
-72.0727
-71.3988
-70.8141
-70.2882
-69.8077
-69.3669
-67.3303
-65.6299
-65.1897
-65.47
-65.6707
-65.7904
-65.8657
-65.9171
-65.9567
-65.9914
-66.0257
-66.0622
-65.7022
-63.507
-61.6235
-60.1593
-58.9213
-59.1647
-59.7436
-60.3006
-60.8135
-61.2795
-61.6966
-62.072
-62.41
-62.716
-62.9964
-63.2558
-63.497
-63.7234
-63.9379
-64.1428
-64.3396
-64.5293
-64.7128
-64.8913
-65.0654
-65.2357
-65.4027
-65.5662
-65.7266
-65.884
-66.0387
-66.1908
-66.3403
-66.4874
-66.9535
-67.9986
-68.8795
-69.5792
-70.1421
-70.6002
-70.9774
-71.2911
-71.5546
-70.8117
-67.4163
-64.6793
-62.6657
-61.1066
-59.7977
-58.5534
-57.1231
-54.8436
-45.23
16.7571
-24.9928
-68.5381
-78.8899
-78.9176
-78.7915
-78.6491
-78.4943
-78.3275
-78.1494
-77.9611
-77.7638
-75.6834
-73.2874
-71.9988
-71.3286
-71.0749
-70.8444
-70.6148
-70.3957
-70.1915
-70.0044
-69.8355
-69.6849
-69.5525
-69.4377
-69.3398
-69.2579
-69.1912
-69.1388
-69.0995
-69.0725
-69.0568
-69.0514
-69.0554
-69.0679
-69.0881
-69.1153
-69.1486
-69.1873
-69.231
-69.2788
-69.3304
-69.4474
-70.267
-71.3721
-72.1975
-72.7957
-73.2398
-73.5766
-73.837
-74.0418
-74.2055
-74.3382
-74.4472
-74.5378
-74.614
-74.6787
-74.7342
-74.7824
-74.8245
-74.8616
-74.8947
-74.9244
-74.9512
-74.9757
-74.9982
-75.0189
-75.0382
-75.0563
-75.0734
-75.0895
-75.1048
-75.1195
-75.1335
-75.1471
-75.1602
-75.1728
-75.1852
-75.1972
-75.2089
-75.2204
-75.2316
-75.2426
-75.2535
-75.2641
-75.2746
-75.2849
-75.2951
-75.3052
-75.3151
-75.325
-75.3347
-75.3443
-75.3538
-75.3632
-75.3725
-75.3817
-75.3908
-75.3998
-75.4087
-75.4176
-75.4263
-75.435
-75.4436
-75.4522
-74.7217
-70.5798
-67.0192
-64.3331
-62.2251
-60.4347
-58.6604
-56.2804
-48.7191
27.1072
-19.4362
-58.6693
-79.0655
-78.7987
-78.624
-78.4597
-78.2818
-78.0897
-77.8839
-77.6653
-77.4354
-76.7218
-74.2173
-72.4477
-71.2844
-70.4128
-69.7022
-69.0937
-68.5586
-68.0822
-67.6561
-65.4904
-63.2498
-62.644
-63.5931
-64.3555
-64.8613
-65.209
-65.4582
-65.6448
-65.7912
-65.912
-66.0166
-66.1111
-66.1997
-66.2853
-66.3696
-66.454
-66.6216
-67.5222
-68.3465
-68.984
-69.4847
-69.8846
-70.2088
-70.4757
-70.6984
-70.8868
-71.0483
-71.1882
-71.311
-71.4199
-71.5175
-71.6058
-71.6865
-71.761
-71.8301
-71.8948
-71.9558
-72.0137
-72.0688
-72.1215
-72.1723
-72.2213
-72.2687
-72.3148
-72.3596
-72.4944
-72.886
-73.2251
-73.4948
-73.7122
-73.8899
-74.0366
-74.1592
-74.2626
-74.3506
-74.4262
-74.4917
-74.5489
-74.5992
-74.6438
-74.6836
-72.8468
-68.8844
-65.799
-63.4771
-61.6416
-60.0532
-58.4393
-56.2408
-49.8029
30.6672
-18.0982
-55.0323
-78.9099
-79.0678
-78.9581
-78.8325
-78.6953
-78.5464

