-70
-70.0758
-70.1508
-70.225
-70.2983
-70.3706
-70.4419
-70.5122
-70.5814
-70.6496
-70.7168
-70.7829
-70.848
-70.9121
-70.9752
-71.0373
-71.0984
-71.1586
-71.2178
-71.2761
-71.3334
-71.3899
-71.4455
-71.5003
-71.5543
-71.6074
-71.6598
-71.7114
-71.7623
-71.8124
-71.8619
-71.9106
-71.9587
-72.006
-72.0527
-72.0988
-72.1442
-72.1889
-72.2331
-72.2766
-72.3196
-72.362
-72.4038
-72.445
-72.4857
-72.5258
-72.5654
-72.6045
-72.6431
-72.6812
-72.7188
-72.756
-72.7927
-72.8289
-72.8647
-72.9
-72.9349
-72.9694
-73.0035
-73.0371
-73.0704
-73.1032
-73.1357
-73.1678
-73.1994
-73.2307
-73.2617
-73.2922
-73.3224
-73.3523
-73.3817
-73.4109
-73.4397
-73.4682
-73.4963
-73.5241
-73.5516
-73.5788
-73.6057
-73.6323
-73.6585
-73.6845
-73.7102
-73.7356
-73.7608
-73.7857
-73.8103
-73.8346
-73.8587
-73.8825
-73.9061
-73.9294
-73.9524
-73.9753
-73.9979
-74.0202
-74.0423
-74.0642
-74.0859
-74.1073
-74.1285
-74.1495
-74.1703
-74.1909
-74.2112
-74.2313
-74.2513
-74.271
-74.2905
-74.3098
-74.329
-74.3479
-74.3666
-74.3852
-74.4036
-74.4217
-74.4397
-74.4575
-74.4752
-74.4926
-74.5099
-74.527
-74.544
-74.5607
-74.5774
-74.5938
-74.6101
-74.6262
-74.6422
-74.658
-74.6736
-74.6891
-74.7045
-74.7197
-74.7347
-74.7496
-74.7644
-74.779
-74.7935
-74.8079
-74.8221
-74.8362
-74.8501
-74.864
-74.8777
-74.8913
-74.9047
-74.918
-74.9313
-74.9443
-74.9573
-74.9701
-74.9829
-74.9955
-75.008
-75.0204
-75.0327
-75.0448
-75.0569
-75.0688
-75.0806
-75.0924
-75.104
-75.1155
-75.1269
-75.1382
-75.1495
-75.1606
-75.1716
-75.1825
-75.1933
-75.204
-75.2147
-75.2252
-75.2356
-75.246
-75.2562
-75.2664
-75.2764
-75.2864
-75.2963
-75.3061
-75.3158
-75.3255
-75.335
-75.3445
-75.3538
-75.3631
-75.3724
-75.3815
-75.3906
-75.3995
-75.4084
-75.4172
-75.426
-75.4346
-75.4432
-75.4518
-75.4602
-75.4686
-75.4769
-75.4851
-75.4932
-75.5013
-75.5093
-75.5173
-75.5251
-75.533
-75.5407
-75.5484
-75.556
-75.5635
-75.571
-75.5784
-75.5858
-75.593
-75.6003
-75.6074
-75.6145
-75.6216
-75.6285
-75.6355
-75.6423
-75.6491
-75.6559
-75.6626
-75.6692
-75.6758
-75.6823
-75.6888
-75.6952
-75.7015
-75.7078
-75.7141
-75.7203
-75.7264
-75.7325
-75.7386
-75.7446
-75.7505
-75.7564
-75.7622
-75.768
-75.7738
-75.7795
-75.7851
-75.7907
-75.7963
-75.8018
-75.8072
-75.8127
-75.818
-75.8234
-75.8287
-75.8339
-75.8391
-75.8443
-75.8494
-75.8545
-75.8595
-75.8645
-75.8695
-75.8744
-75.8793
-75.8841
-75.8889
-75.8937
-75.8984
-75.9031
-75.9077
-75.9123
-75.9169
-75.9214
-75.9259
-75.9304
-75.9348
-75.9392
-75.9436
-75.9479
-75.9522
-75.9565
-75.9607
-75.9649
-75.969
-75.9731
-75.9772
-75.9813
-75.9853
-75.9893
-75.9933
-75.9972
-76.0011
-76.005
-76.0088
-76.0126
-76.0164
-76.0201
-76.0239
-76.0275
-76.0312
-76.0348
-76.0384
-76.042
-76.0456
-76.0491
-76.0526
-76.056
-76.0595
-76.0629
-76.0663
-76.0696
-76.0729
-76.0762
-76.0795
-76.0828
-76.086
-76.0892
-76.0924
-76.0955
-76.0986
-76.1017
-76.1048
-76.1079
-76.1109
-76.1139
-76.1169
-76.1198
-76.1228
-76.1257
-76.1286
-76.1314
-76.1343
-76.1371
-76.1399
-76.1427
-76.1455
-76.1482
-76.1509
-76.1536
-76.1563
-76.1589
-76.1615
-76.1642
-76.1667
-76.1693
-76.1719
-76.1744
-76.1769
-76.1794
-76.1819
-76.1843
-76.1868
-76.1892
-76.1916
-76.1939
-76.1963
-76.1986
-76.201
-76.2033
-76.2056
-76.2078
-76.2101
-76.2123
-76.2145
-76.2167
-76.2189
-76.2211
-76.2232
-76.2254
-76.2275
-76.2296
-76.2317
-76.2337
-76.2358
-76.2378
-76.2398
-76.2418
-76.2438
-76.2458
-76.2478
-76.2497
-76.2516
-76.2536
-76.2554
-76.2573
-76.2592
-76.2611
-76.2629
-76.2647
-76.2665
-76.2683
-76.2701
-76.2719
-76.2737
-76.2754
-76.2771
-76.2788
-76.2806
-76.2822
-76.2839
-76.2856
-76.2872
-76.2889
-76.2905
-76.2921
-76.2937
-76.2953
-76.2969
-76.2985
-76.3
-76.3016
-76.3031
-76.3046
-76.3061
-76.3076
-76.3091
-76.3106
-76.312
-76.3135
-76.3149
-76.3164
-76.3178
-76.3192
-76.3206
-76.322
-76.3233
-76.3247
-76.3261
-76.3274
-76.3287
-76.33
-76.3314
-76.3327
-76.334
-76.3352
-76.3365
-76.3378
-76.339
-76.3403
-76.3415
-76.3427
-76.3439
-76.3452
-76.3464
-76.3475
-76.3487
-76.3499
-76.351
-76.3522
-76.3533
-76.3545
-76.3556
-76.3567
-76.3578
-76.3589
-76.36
-76.3611
-76.3622
-76.3632
-76.3643
-76.3654
-76.3664
-76.3674
-76.3685
-76.3695
-76.3705
-76.3715
-76.3725
-76.3735
-76.3745
-76.3754
-76.3764
-76.3774
-76.3783
-76.3793
-76.3802
-76.3811
-76.382
-76.383
-76.3839
-76.3848
-76.3857
-76.3866
-76.3874
-76.3883
-76.3892
-76.39
-76.3909
-76.3917
-76.3926
-76.3934
-76.3943
-76.3951
-76.3959
-76.3967
-76.3975
-76.3983
-76.3991
-76.3999
-76.4007
-76.4014
-76.4022
-76.403
-76.4037
-76.4045
-76.4052
-76.406
-76.4067
-76.4074
-76.4082
-76.4089
-76.4096
-76.4103
-76.411
-76.4117
-76.4124
-76.4131
-76.4137
-76.4144
-76.4151
-76.4158
-76.4164
-76.4171
-76.4177
-76.4184
-76.419
-76.4196
-76.4203
-76.4209
-76.4215
-76.4221
-76.4227
-76.4234
-76.424
-76.4246
-76.4251
-76.4257
-76.4263
-76.4269
-76.4275
-76.428
-76.4286
-76.4292
-76.4297
-76.3974
-76.356
-76.3232
-76.2974
-76.2769
-76.2433
-76.2066
-76.1793
-76.1591
-76.1439
-76.1324
-76.1237
-76.117
-76.1091
-76.0947
-76.0836
-76.0756
-76.07
-76.066
-76.0633
-76.0615
-76.0605
-76.0601
-76.0602
-76.0606
-76.0615
-76.0626
-76.0639
-76.0654
-76.0672
-76.069
-76.071
-76.0732
-76.0754
-76.0777
-76.0801
-76.0825
-76.085
-76.0876
-76.0902
-76.0929
-76.0955
-76.0982
-76.101
-76.1037
-76.1065
-76.1092
-76.112
-76.1148
-76.1175
-76.1203
-76.1231
-76.1259
-76.1286
-76.1314
-76.1341
-76.1368
-76.1396
-76.1423
-76.145
-76.1476
-76.1503
-76.153
-76.1556
-76.1582
-76.1608
-76.1634
-76.166
-76.1685
-76.1623
-76.1488
-76.138
-76.1297
-76.1134
-76.0886
-76.0712
-76.0598
-76.0521
-76.0444
-76.0372
-76.0311
-76.0256
-76.0193
-76.0149
-76.0129
-76.0121
-76.012
-76.0124
-76.013
-76.0134
-76.0133
-76.0135
-76.0142
-76.015
-76.0161
-76.0173
-76.0186
-76.0201
-76.0217
-76.0234
-76.0252
-76.0271
-76.0291
-76.0311
-76.0333
-76.0355
-76.0378
-76.0402
-76.0426
-76.0452
-76.0477
-76.0503
-76.053
-76.0557
-76.0584
-76.0612
-76.064
-76.0669
-76.0697
-76.0726
-76.0755
-76.0784
-76.0814
-76.0843
-76.0872
-76.0902
-76.0931
-76.0961
-76.099
-76.1019
-76.1049
-76.1078
-76.1107
-76.1136
-76.1165
-76.1194
-76.1222
-76.1251
-76.1279
-76.1307
-76.1335
-76.1363
-76.1391
-76.1418
-76.1445
-76.1473
-76.15
-76.1526
-76.1553
-76.1579
-76.1606
-76.1632
-76.1657
-76.1683
-76.1709
-76.1734
-76.1759
-76.1784
-76.1809
-76.1833
-76.1858
-76.1882
-76.1906
-76.193
-76.1953
-76.1977
-76.2
-76.2023
-76.2046
-76.2069
-76.2091
-76.2114
-76.2136
-76.2158
-76.218
-76.2202
-76.2223
-76.2245
-76.2266
-76.2128
-76.1942
-76.1795
-76.1681
-76.1592
-76.1523
-76.1469
-76.1428
-76.1364
-76.1216
-76.1095
-76.1006
-76.0941
-76.0892
-76.0857
-76.0833
-76.0817
-76.0808
-76.0804
-76.0805
-76.081
-76.0818
-76.0829
-76.0842
-76.0857
-76.0874
-76.0892
-76.0865
-76.0801
-76.0753
-76.0718
-76.0695
-76.068
-76.0671
-76.0669
-76.0671
-76.0676
-76.0685
-76.0697
-76.0711
-76.0726
-76.0744
-76.0763
-76.0783
-76.0804
-76.0827
-76.085
-76.0874
-76.0898
-76.0923
-76.0949
-76.0975
-76.1001
-76.1028
-76.1054
-76.1081
-76.1108
-76.1136
-76.1163
-76.119
-76.1218
-76.1245
-76.1273
-76.13
-76.1327
-76.1354
-76.1381
-76.1408
-76.1435
-76.1462
-76.1489
-76.1515
-76.1542
-76.1568
-76.1594
-76.162
-76.1646
-76.1604
-76.1477
-76.1374
-76.1294
-76.1234
-76.1188
-76.1154
-76.113
-76.1113
-76.1099
-76.0942
-76.0764
-76.0589
-76.0461
-76.0322
-76.0236
-76.0191
-76.0168
-76.0157
-76.0155
-76.0157
-76.0163
-76.0172
-76.0182
-76.0195
-76.0209
-76.0224
-76.0241
-76.0258
-76.0277
-76.0297
-76.0317
-76.0339
-76.0361
-76.0384
-76.0408
-76.0432
-76.0457
-76.0483
-76.0509
-76.0535
-76.0563
-76.059
-76.0618
-76.0646
-76.0674
-76.0703
-76.0732
-76.0761
-76.079
-76.0819
-76.0848
-76.0878
-76.0907
-76.0937
-76.0966
-76.0995
-76.1025
-76.1054
-76.1083
-76.1112
-76.1141
-76.117
-76.1199
-76.1227
-76.1256
-76.1284
-76.1312
-76.134
-76.1368
-76.1395
-76.1423
-76.145
-76.1477
-76.1504
-76.1531
-76.1558
-76.1584
-76.161
-76.1636
-76.1662
-76.1688
-76.1713
-76.1738
-76.1763
-76.1788
-76.1813
-76.1837
-76.1862
-76.1886
-76.191
-76.1934
-76.1957
-76.1981
-76.2004
-76.2027
-76.205
-76.2073
-76.2095
-76.2118
-76.214
-76.2162
-76.2184
-76.2205
-76.2227
-76.2248
-76.2269
-76.229
-76.2311
-76.2332
-76.2353
-76.2373
-76.2393
-76.2413
-76.2433
-76.2453
-76.2473
-76.2492
-76.2511
-76.2531
-76.255
-76.2569
-76.2587
-76.2606
-76.2624
-76.2557
-76.2328
-76.2135
-76.1984
-76.1866
-76.1773
-76.17
-76.1642
-76.15
-76.1203
-76.098
-76.0828
-76.0723
-76.0649
-76.0598
-76.0563
-76.054
-76.0526
-76.0518
-76.0517
-76.052
-76.0527
-76.0536
-76.0549
-76.0563
-76.058
-76.0598
-76.0617
-76.0638
-76.066
-76.0683
-76.0706
-76.0731
-76.0756
-76.0781
-76.0807
-76.0834
-76.0861
-76.0888
-76.0915
-76.0943
-76.0971
-76.0999
-76.1027
-76.1055
-76.1083
-76.1111
-76.1139
-76.1167
-76.1195
-76.1223
-76.1251
-76.1279
-76.1307
-76.1335
-76.1362
-76.139
-76.1417
-76.1444
-76.1471
-76.1498
-76.1524
-76.1551
-76.1577
-76.1603
-76.1629
-76.1655
-76.1681
-76.1706
-76.1731
-76.1756
-76.1781
-76.1806
-76.183
-76.1855

