-70
-70.0758
-70.1508
-70.225
-70.2983
-70.3706
-70.4419
-70.5122
-70.5814
-70.6496
-70.7168
-70.7829
-70.848
-70.9121
-70.9752
-71.0373
-71.0984
-71.1586
-71.2178
-71.2761
-71.3334
-71.3899
-71.4455
-71.5003
-71.5543
-71.6074
-71.6598
-71.7114
-71.7623
-71.8124
-71.8619
-71.9106
-71.9587
-72.006
-72.0527
-72.0988
-72.1442
-72.1889
-72.2331
-72.2766
-72.3196
-72.362
-72.4038
-72.445
-72.4857
-72.5258
-72.5654
-72.6045
-72.6431
-72.6812
-72.7188
-72.756
-72.7927
-72.8289
-72.8647
-72.9
-72.9349
-72.9694
-73.0035
-73.0371
-73.0704
-73.1032
-73.1357
-73.1678
-73.1994
-73.2307
-73.2617
-73.2922
-73.3224
-73.3523
-73.3817
-73.4109
-73.4397
-73.4682
-73.4963
-73.5241
-73.5516
-73.5788
-73.6057
-73.6323
-73.6585
-73.6845
-73.7102
-73.7356
-73.7608
-73.7857
-73.8103
-73.8346
-73.8587
-73.8825
-73.9061
-73.9294
-73.9524
-73.9753
-73.9979
-74.0202
-74.0423
-74.0642
-74.0859
-74.1073
-74.1285
-74.1495
-74.1703
-74.1909
-74.2112
-74.2313
-74.2513
-74.271
-74.2905
-74.3098
-74.329
-74.3479
-74.3666
-74.3852
-74.4036
-74.4217
-74.4397
-74.4575
-74.4752
-74.4926
-74.5099
-74.527
-74.544
-74.5607
-74.5774
-74.5938
-74.6101
-74.6262
-74.6422
-74.658
-74.6736
-74.6891
-74.7045
-74.7197
-74.7347
-74.7496
-74.7644
-74.779
-74.7935
-74.8079
-74.8221
-74.8362
-74.8501
-74.864
-74.8777
-74.8913
-74.9047
-74.918
-74.9313
-74.9443
-74.9573
-74.9701
-74.9829
-74.9955
-75.008
-75.0204
-75.0327
-75.0448
-75.0569
-75.0688
-75.0806
-75.0924
-75.104
-75.1155
-75.1269
-75.1382
-75.1495
-75.1606
-75.1716
-75.1825
-75.1933
-75.204
-75.2147
-75.2252
-75.2356
-75.246
-75.2562
-75.2664
-75.2764
-75.2864
-75.2963
-75.3061
-75.3158
-75.3255
-75.335
-75.3445
-75.3538
-75.3631
-75.3724
-75.3815
-75.3906
-75.3995
-75.4084
-75.4172
-75.426
-75.4346
-75.4432
-75.4518
-75.4602
-75.4686
-75.4769
-75.4851
-75.4932
-75.5013
-75.5093
-75.5173
-75.5251
-75.533
-75.5407
-75.5484
-75.556
-75.5635
-75.571
-75.5784
-75.5858
-75.593
-75.6003
-75.6074
-75.6145
-75.6216
-75.6285
-75.6355
-75.6423
-75.6491
-75.6559
-75.6626
-75.6692
-75.6758
-75.6823
-75.6888
-75.6952
-75.7015
-75.7078
-75.7141
-75.7203
-75.7264
-75.7325
-75.7386
-75.7446
-75.7505
-75.7564
-75.7622
-75.768
-75.7738
-75.7795
-75.7851
-75.7907
-75.7963
-75.8018
-75.8072
-75.8127
-75.818
-75.8234
-75.8287
-75.8339
-75.8391
-75.8443
-75.8494
-75.8545
-75.8595
-75.8645
-75.8695
-75.8744
-75.8793
-75.8841
-75.8889
-75.8937
-75.8984
-75.9031
-75.9077
-75.9123
-75.9169
-75.9214
-75.9259
-75.9304
-75.9348
-75.9392
-75.9436
-75.9479
-75.9522
-75.9565
-75.9607
-75.9649
-75.969
-75.9731
-75.9772
-75.9813
-75.9853
-75.9893
-75.9933
-75.9972
-76.0011
-76.005
-76.0088
-76.0126
-76.0164
-76.0201
-76.0239
-76.0275
-76.0312
-76.0348
-76.0384
-76.042
-76.0456
-76.0491
-76.0526
-76.056
-76.0595
-76.0629
-76.0663
-76.0696
-76.0729
-76.0762
-76.0795
-76.0828
-76.086
-76.0892
-76.0924
-76.0955
-76.0986
-76.1017
-76.1048
-76.1079
-76.1109
-76.1139
-76.1169
-76.1198
-76.1228
-76.1257
-76.1286
-76.1314
-76.1343
-76.1371
-76.1399
-76.1427
-76.1455
-76.1482
-76.1509
-76.1536
-76.1563
-76.1589
-76.1615
-76.1642
-76.1667
-76.1693
-76.1719
-76.1744
-76.1769
-76.1794
-76.1819
-76.1843
-76.1868
-76.1892
-76.1916
-76.1939
-76.1963
-76.1986
-76.201
-76.2033
-76.2056
-76.2078
-76.2101
-76.2123
-76.2145
-76.2167
-76.2189
-76.2211
-76.2232
-76.2254
-76.2275
-76.2296
-76.2317
-76.2337
-76.2358
-76.2378
-76.2398
-76.2418
-76.2438
-76.2458
-76.2478
-76.2497
-76.2516
-76.2536
-76.2554
-76.2573
-76.2592
-76.2611
-76.2629
-76.2647
-76.2665
-76.2683
-76.2701
-76.2719
-76.2737
-76.2754
-76.2771
-76.2788
-76.2806
-76.2822
-76.2839
-76.2856
-76.2872
-76.2889
-76.2905
-76.2921
-76.2937
-76.2953
-76.2969
-76.2985
-76.3
-76.3016
-76.3031
-76.3046
-76.3061
-76.3076
-76.3091
-76.3106
-76.312
-76.3135
-76.3149
-76.3164
-76.3178
-76.3192
-76.3206
-76.322
-76.3233
-76.3247
-76.3261
-76.3274
-76.3287
-76.33
-76.3314
-76.3327
-76.334
-76.3352
-76.3365
-76.3378
-76.339
-76.3403
-76.3415
-76.3427
-76.3439
-76.3452
-76.3464
-76.3475
-76.3487
-76.3499
-76.351
-76.3522
-76.3533
-76.3545
-76.3556
-76.3567
-76.3578
-76.3589
-76.36
-76.3611
-76.3622
-76.3632
-76.3643
-76.3654
-76.3664
-76.3674
-76.3685
-76.3695
-76.3705
-76.3715
-76.3725
-76.3735
-76.3745
-76.3754
-76.3764
-76.3774
-76.3783
-76.3793
-76.3802
-76.3811
-76.382
-76.383
-76.3839
-76.3848
-76.3857
-76.3866
-76.3874
-76.3883
-76.3892
-76.39
-76.3909
-76.3917
-76.3926
-76.3934
-76.3943
-76.3951
-76.3959
-76.3967
-76.3975
-76.3983
-76.3991
-76.3999
-76.4007
-76.4014
-76.4022
-76.403
-76.4037
-76.4045
-76.4052
-76.406
-75.9818
-71.7886
-68.0041
-65.1549
-62.9445
-61.1211
-59.4257
-57.4468
-53.6233
46.3408
-5.00849
-36.5335
-77.8894
-79.0176
-78.9118
-78.78
-78.6355
-78.4783
-78.3089
-78.1277
-76.6415
-74.785
-73.6945
-72.9403
-72.3251
-71.7798
-71.2785
-70.8115
-70.3755
-69.9696
-69.5942
-69.2496
-68.9362
-68.6538
-68.4023
-68.1808
-68.6633
-67.0995
-65.0334
-63.5885
-62.5589
-61.7874
-61.1789
-60.6741
-60.231
-59.8186
-59.4139
-58.9816
-58.4877
-57.8637
-56.9696
-55.3843
-50.5258
35.706
-16.9029
-51.9619
-79.3571
-79.865
-79.8636
-79.8466
-79.8268
-79.805
-79.781
-79.7549
-79.7268
-79.6967
-79.6648
-79.6314
-79.5968
-79.5612
-79.5249
-79.4883
-79.4517
-77.747
-73.2128
-69.6742
-67.0648
-65.0841
-63.5308
-62.2594
-61.1545
-60.1098
-58.9943
-57.5598
-54.9474
-31.8768
8.70305
-27.8376
-73.6126
-79.1735
-79.136
-79.031
-78.9143
-78.7869
-78.6489
-76.7959
-75.5372
-74.8345
-74.2985
-73.9556
-73.6476
-73.3286
-73.0113
-72.7033
-72.4092
-72.1316
-71.9086
-72.0246
-72.1294
-72.1782
-72.1945
-72.1924
-72.1805
-72.1644
-72.1473
-72.1314
-72.1179
-72.1075
-72.1007
-72.0975
-72.0981
-72.1022
-72.1097
-72.1204
-72.134
-72.1504
-72.1692
-72.4411
-72.8344
-73.1492
-73.3984
-73.5986
-73.7616
-73.8962
-74.0085
-74.1033
-74.1842
-74.2538
-74.3144
-74.3676
-74.4146
-74.4566
-74.4944
-74.5286
-74.5599
-74.5886
-74.6152
-74.6401
-74.6633
-74.6852
-74.706
-74.7257
-74.7446
-74.7628
-74.7803
-74.7972
-74.8136
-74.8295
-74.845
-74.8602
-74.875
-74.8896
-74.9039
-74.9179
-74.9317
-74.9452
-74.9586
-74.9718
-74.9848
-74.9977
-75.0104
-75.023
-75.0354
-75.0476
-75.0598
-75.0718
-75.0837
-75.0955
-75.1071
-75.1187
-75.1301
-71.5431
-67.7365
-64.8546
-62.6217
-60.7689
-59.0086
-56.8312
-51.6602
38.433
-13.4844
-46.3359
-78.6407
-78.9196
-78.7932
-78.6484
-78.4902
-78.3188
-78.1345
-77.9382
-77.273
-74.9963
-73.4875
-72.5243
-71.7911
-71.1727
-70.6233
-70.1233
-69.6643
-67.8576
-65.4865
-63.6889
-62.3027
-61.1627
-60.1476
-59.1458
-58.0064
-57.0413
-56.5822
-54.5965
-44.6801
16.1297
-24.8561
-68.7534
-79.2336
-79.2965
-79.2146
-79.1206
-79.018
-78.907
-78.788
-78.6616
-78.4726
-78.172
-77.9381
-77.7442
-77.5699
-77.4074
-77.2541
-77.109
-76.972
-76.8433
-76.7231
-76.6115
-76.5086
-76.4141
-76.328
-76.2499
-76.1794
-76.1162
-76.0598
-76.0097
-75.9653
-75.9264
-75.8922
-75.8626
-75.8369
-75.8148
-73.0032
-68.9608
-65.8716
-63.5158
-61.6264
-59.956
-58.1867
-55.5052
-40.054
13.9515
-25.3864
-71.0926
-79.3511
-78.7469
-78.5135
-78.3354
-78.1452
-77.9404
-77.7217
-77.4901
-77.2473
-76.9954
-76.6279
-73.894
-71.619
-70.0984
-68.9876
-68.1178
-67.4045
-66.8024
-66.2856
-65.8383
-65.45
-65.1139
-64.8241
-64.5765
-64.7298
-65.5938
-66.3308
-66.9087
-67.3687
-67.7411
-68.0474
-68.3035
-68.5213
-68.7094
-68.8742
-69.0207
-69.1527
-69.2731
-69.3843
-69.488
-69.5855
-69.6781
-69.7665
-69.8514
-69.9333
-70.0127
-70.0899
-70.1652
-70.2388
-70.3109
-70.3815
-70.451
-70.5192
-70.5864
-70.6525
-70.7177
-70.7819
-70.8452
-70.9076
-70.9692
-71.0298
-71.0896
-71.1486
-71.2068
-71.2641
-71.3207
-71.3765
-71.4314
-71.4857
-71.5392
-71.5919
-71.644
-71.6953
-71.746
-71.7959
-71.8452
-71.8939
-71.9419
-71.9892
-72.0359
-72.082
-72.1274
-72.1723
-72.2165
-72.2602
-72.3032
-72.3457
-72.3876
-72.429
-72.4698
-72.5101
-72.5499
-72.5891
-72.6279
-72.6661
-72.7039
-72.7412
-72.778
-72.8144
-72.8504
-72.8859
-72.9209
-72.9556
-72.9898
-73.0236
-73.057
-73.09
-73.1226
-70.1907
-66.5776
-63.8197
-61.6594
-59.8004
-57.8699
-54.8955
-27.565
7.24654
-28.6873
-74.6826
-79.6631
-79.1638
-78.3383
-78.038
-77.8095
-77.5721
-77.3206
-77.0558
-76.7795
-76.4943
-74.6008
-72.3196
-70.7947
-69.7032
-68.8524
-68.1515
-67.5544
-67.0364
-66.5828
-64.7214
-62.5401
-60.8033
-59.2839
-57.68
-55.3276
-46.3235
19.911
-23.1835
-66.1916
-78.8442
-78.8653
-78.6931
-78.4844
-78.3071
-78.126
-77.9348
-77.7339
-77.525
-77.3096
-77.0901
-76.8687
-76.6477
-76.4294
-76.2045
-75.9899
-75.8037
-75.6394
-75.4928
-75.3615
-75.2438
-75.1385
-75.0446
-74.9612
-74.8875
-74.8228
-74.7663
-74.7174
-74.6754
-74.6396
-74.6096
-74.5847
-74.5644
-74.5483
-74.536
-74.5269
-74.5209
-74.5174
-74.5163
-74.5173
-74.5201
-74.5246
-74.5304
-74.5374
-74.5456
-74.5546
-74.5645
-74.5751
-74.5862
-74.5979
-74.61
-74.6225
-74.6353
-74.6484
-74.6616
-73.9558
-69.9305
-66.4715
-63.8589
-61.7937
-60.0034
-58.1455
-55.3596
-37.7441
12.1192
-26.4012
-72.1629
-79.0187
-78.9685
-78.8438
-78.7057
-78.5552
-78.3924
-78.218
-77.5722

