-70
-70.0758
-70.1508
-70.225
-70.2983
-70.3706
-70.4419
-70.5122
-70.5814
-70.6496
-70.7168
-70.7829
-70.848
-70.9121
-70.9752
-71.0373
-71.0984
-71.1586
-71.2178
-71.2761
-71.3334
-71.3899
-71.4455
-71.5003
-71.5543
-71.6074
-71.6598
-71.7114
-71.7623
-71.8124
-71.8619
-71.9106
-71.9587
-72.006
-72.0527
-72.0988
-72.1442
-72.1889
-72.2331
-72.2766
-72.3196
-72.362
-72.4038
-72.445
-72.4857
-72.5258
-72.5654
-72.6045
-72.6431
-72.6812
-72.7188
-72.756
-72.7927
-72.8289
-72.8647
-72.9
-72.9349
-72.9694
-73.0035
-73.0371
-73.0704
-73.1032
-73.1357
-73.1678
-73.1994
-73.2307
-73.2617
-73.2922
-73.3224
-73.3523
-73.3817
-73.4109
-73.4397
-73.4682
-73.4963
-73.5241
-73.5516
-73.5788
-73.6057
-73.6323
-73.6585
-73.6845
-73.7102
-73.7356
-73.7608
-73.7857
-73.8103
-73.8346
-73.8587
-73.8825
-73.9061
-73.9294
-73.9524
-73.9753
-73.9979
-74.0202
-74.0423
-74.0642
-74.0859
-74.1073
-74.1285
-74.1495
-74.1703
-74.1909
-74.2112
-74.2313
-74.2513
-74.271
-74.2905
-74.3098
-74.329
-74.3479
-74.3666
-74.3852
-74.4036
-74.4217
-74.4397
-74.4575
-74.4752
-74.4926
-74.5099
-74.527
-74.544
-74.5607
-74.5774
-74.5938
-74.6101
-74.6262
-74.6422
-74.658
-74.6736
-74.6891
-74.7045
-74.7197
-74.7347
-74.7496
-74.7644
-74.779
-74.7935
-74.8079
-74.8221
-74.8362
-74.8501
-74.864
-74.8777
-74.8913
-74.9047
-74.918
-74.9313
-74.9443
-74.9573
-74.9701
-74.9829
-74.9955
-75.008
-75.0204
-75.0327
-75.0448
-75.0569
-75.0688
-75.0806
-75.0924
-75.104
-75.1155
-75.1269
-75.1382
-75.1495
-75.1606
-75.1716
-75.1825
-75.1933
-75.204
-75.2147
-75.2252
-75.2356
-75.246
-75.2562
-75.2664
-75.2764
-75.2864
-75.2963
-75.3061
-75.3158
-75.3255
-75.335
-75.3445
-75.3538
-75.3631
-75.3724
-75.3815
-75.3906
-75.3995
-75.4084
-75.4172
-75.426
-75.4346
-75.4432
-75.4518
-75.4602
-75.4686
-75.4769
-75.4851
-75.4932
-75.5013
-75.5093
-75.5173
-75.5251
-75.533
-75.5407
-75.5484
-75.556
-75.5635
-75.571
-75.5784
-75.5858
-75.593
-75.6003
-75.6074
-75.6145
-75.6216
-75.6285
-75.6355
-75.6423
-75.6491
-75.6559
-75.6626
-75.6692
-75.6758
-75.6823
-75.6888
-75.6952
-75.7015
-75.7078
-75.7141
-75.7203
-75.7264
-75.7325
-75.7386
-75.7446
-75.7505
-75.7564
-75.7622
-75.768
-75.7738
-75.7795
-75.7851
-75.7907
-75.7963
-75.8018
-75.8072
-75.8127
-75.818
-75.8234
-75.8287
-75.8339
-75.8391
-75.8443
-75.8494
-75.8545
-75.8595
-75.8645
-75.8695
-75.8744
-75.8793
-75.8841
-75.8889
-75.8937
-75.8984
-75.9031
-75.9077
-75.9123
-75.9169
-75.9214
-75.9259
-75.9304
-75.9348
-75.9392
-75.9436
-75.9479
-75.9522
-75.9565
-75.9607
-75.9649
-75.969
-75.9731
-75.9772
-75.9813
-75.9853
-75.9893
-75.9933
-75.9972
-76.0011
-76.005
-76.0088
-76.0126
-76.0164
-76.0201
-76.0239
-76.0275
-76.0312
-76.0348
-76.0384
-76.042
-76.0456
-76.0491
-76.0526
-76.056
-76.0595
-76.0629
-76.0663
-76.0696
-76.0729
-76.0762
-76.0795
-76.0828
-76.086
-76.0892
-76.0924
-76.0955
-76.0986
-76.1017
-76.1048
-76.1079
-76.1109
-76.1139
-76.1169
-76.1198
-76.1228
-76.1257
-76.1286
-76.1314
-76.1343
-76.1371
-76.1399
-76.1427
-76.1455
-76.1482
-76.1509
-76.1536
-76.1563
-76.1589
-76.1615
-76.1642
-76.1667
-76.1693
-76.1719
-76.1744
-76.1769
-76.1794
-76.1819
-76.1843
-76.1868
-76.1892
-76.1916
-76.1939
-76.1963
-76.1986
-76.201
-76.2033
-76.2056
-76.2078
-76.2101
-76.2123
-76.2145
-76.2167
-76.2189
-76.2211
-76.2232
-76.2254
-76.2275
-76.2296
-76.2317
-76.2337
-76.2358
-76.2378
-76.2398
-76.2418
-76.2438
-76.2458
-76.2478
-76.2497
-76.2516
-76.2536
-76.2554
-76.2573
-76.2592
-76.2611
-76.2629
-76.2647
-76.2665
-76.2683
-76.2701
-76.2719
-76.2737
-76.2754
-76.2771
-76.2788
-76.2806
-76.2822
-76.2839
-76.2856
-76.2872
-76.2889
-76.2905
-76.2921
-76.2937
-76.2953
-76.2969
-76.2985
-76.3
-76.3016
-76.3031
-76.3046
-76.3061
-76.3076
-76.3091
-76.3106
-76.312
-76.3135
-76.3149
-76.3164
-76.3178
-76.3192
-76.3206
-76.322
-76.3233
-76.3247
-76.3261
-76.3274
-76.3287
-76.33
-76.3314
-76.3327
-76.334
-76.3352
-76.3365
-76.3378
-76.339
-76.3403
-76.3415
-76.3427
-76.3439
-76.3452
-76.3464
-76.3475
-76.3487
-76.3499
-76.351
-76.3522
-76.3533
-76.3545
-76.3556
-76.3567
-76.3578
-76.3589
-76.36
-76.3611
-76.3622
-76.3632
-76.3643
-76.3654
-76.3664
-76.3674
-76.3685
-76.3695
-76.3705
-76.3715
-76.3725
-76.3735
-76.3745
-76.3754
-76.3764
-76.3774
-76.3783
-76.3793
-76.3802
-76.3811
-76.382
-76.383
-76.3839
-76.3848
-76.3857
-76.3866
-76.3874
-76.3883
-76.3892
-76.39
-76.3909
-76.3917
-76.3926
-76.3934
-76.3943
-76.3951
-76.3959
-76.3967
-76.3975
-76.3983
-76.3991
-76.3999
-76.4007
-76.4014
-76.4022
-75.9782
-71.7854
-68.0015
-65.1526
-62.9424
-61.119
-59.4235
-57.4436
-53.6142
46.3418
-5.06449
-36.4119
-78.3973
-79.7416
-79.7278
-79.053
-77.9079
-77.4784
-77.1845
-76.8943
-76.5937
-76.2823
-75.9624
-75.3937
-72.8836
-70.8652
-69.4832
-68.4515
-67.6318
-66.9533
-66.3775
-65.8819
-65.4522
-65.0796
-64.7569
-64.4791
-64.2427
-64.0447
-64.7924
-65.8225
-64.7387
-63.0807
-62.7351
-63.0996
-64.1793
-65.3893
-66.1893
-66.8816
-68.0413
-68.8611
-69.393
-69.7531
-70.007
-70.1931
-70.3346
-70.4463
-70.5377
-70.6149
-70.6822
-70.7426
-70.7981
-70.8501
-70.8997
-70.9477
-70.9945
-71.0406
-71.0863
-71.1317
-71.177
-71.2224
-71.2677
-71.3131
-71.3586
-71.4042
-71.4499
-71.4955
-71.5413
-71.587
-71.6326
-71.6782
-68.9296
-65.5446
-62.961
-60.9146
-59.0948
-57.0623
-53.315
44.9085
-5.76663
-37.0652
-78.2202
-79.1126
-78.544
-78.3194
-78.1231
-77.9139
-77.6901
-77.4526
-77.2028
-76.9429
-76.4048
-73.7785
-71.7502
-70.398
-69.3977
-68.6015
-67.9375
-67.5678
-67.8271
-68.4477
-69.2136
-70.1063
-70.8966
-71.3906
-71.9665
-72.7555
-73.2778
-73.772
-74.0899
-74.384
-74.6169
-74.7545
-74.8382
-74.8918
-74.9278
-74.9532
-74.9719
-74.9864
-74.9982
-75.0083
-75.0173
-75.0255
-75.0334
-75.041
-75.0485
-75.0561
-75.0636
-75.0713
-75.0791
-75.0871
-75.0951
-75.1034
-75.1118
-75.1203
-75.129
-75.1377
-75.1466
-75.2202
-75.3101
-75.382
-75.4394
-75.4859
-75.5243
-75.5564
-75.5835
-75.6067
-75.6268
-75.6444
-75.66
-75.6739
-75.6865
-75.6979
-75.7085
-75.7182
-75.7273
-75.7358
-75.7438
-75.7515
-75.7588
-75.7658
-75.7726
-75.7791
-75.7854
-75.7916
-75.7977
-75.8036
-75.8093
-75.815
-75.8206
-75.8261
-75.8315
-75.8369
-75.8422
-75.8474
-75.8526
-75.8577
-75.8627
-75.8677
-73.4881
-69.3464
-66.1325
-63.6813
-61.72
-59.9937
-58.1705
-55.3856
-36.6493
11.8328
-26.5115
-72.3948
-79.0431
-78.9911
-78.8688
-78.7334
-78.5857
-78.426
-78.2547
-76.9887
-75.0881
-73.9821
-73.2355
-72.63
-72.0923
-71.5958
-71.131
-70.6948
-68.7149
-67.0549
-65.9488
-65.1698
-64.5963
-64.1601
-63.8214
-63.5545
-63.5835
-65.4767
-67.0449
-68.088
-68.6805
-67.3356
-66.3404
-65.7491
-65.3867
-65.1625
-65.0258
-64.9475
-64.91
-64.9025
-64.9175
-64.9503
-64.9974
-65.0564
-65.1253
-65.2027
-65.2876
-65.3787
-65.4752
-65.5763
-65.6815
-65.7901
-65.9018
-66.016
-66.1323
-66.2505
-66.3701
-66.4907
-66.6118
-66.7333
-66.8548
-66.9761
-67.0969
-67.2173
-67.3369
-67.4557
-67.5734
-67.69
-67.8053
-67.9191
-68.0315
-68.1424
-65.8211
-62.918
-60.6427
-58.6884
-56.5791
-52.7957
42.9032
-7.58074
-38.7474
-78.16
-78.9487
-78.428
-78.2008
-77.9935
-77.7732
-77.5383
-77.29
-77.0299
-76.7603
-76.4837
-74.9342
-72.2206
-70.327
-69.0748
-69.1976
-69.8664
-70.3048
-70.5059
-70.5878
-70.61
-70.6025
-70.5814
-70.5551
-70.5288
-70.7672
-71.3777
-72.0404
-72.4891
-72.8658
-73.3217
-73.6398
-73.854
-74.0034
-74.1587
-74.4024
-74.5814
-74.706
-74.7956
-74.8622
-74.9129
-74.9528
-74.9849
-75.0113
-75.0336
-75.0529
-75.0699
-75.0851
-75.099
-75.1119
-75.124
-75.1356
-75.1466
-75.1573
-75.1677
-75.1779
-75.1879
-75.1978
-75.2075
-75.2172
-75.2268
-75.2364
-75.2459
-75.2553
-75.2647
-75.2741
-75.2835
-75.2928
-75.302
-75.3112
-75.3204
-75.3296
-75.3387
-75.3477
-75.3567
-75.3657
-75.3746
-75.3835
-75.3923
-75.401
-75.4097
-75.4184
-75.4269
-75.4355
-75.4439
-75.4523
-75.4606
-75.4689
-75.4771
-75.4853
-75.4934
-75.5014
-75.5093
-75.5172
-75.5251
-75.5328
-75.5406
-75.5482
-75.5558
-75.5633
-75.5708
-75.5782
-75.5855
-75.5928
-75.6
-75.6071
-75.6142
-75.6213
-72.4008
-68.4413
-65.4276
-63.1087
-61.2181
-59.4886
-57.5153
-53.8618
45.4322
-3.33339
-35.0344
-77.7343
-78.9042
-78.7515
-78.6007
-78.4364
-78.2582
-78.0664
-77.8618
-77.6454
-76.5119
-74.241
-72.7803
-71.7997
-71.0414
-70.4035
-69.8423
-69.3377
-68.88
-68.0897
-65.6163
-64.1704
-63.6231
-63.248
-62.9663
-62.7506
-62.5841
-62.4571
-62.3631
-62.4174
-64.1924
-66.1955
-67.5788
-68.5323
-69.6086
-70.5924
-71.2642
-71.7299
-72.0631
-72.3084
-72.4939
-72.6376
-72.7517
-72.8443
-72.9212
-72.9862
-73.0425
-73.092
-73.1363
-73.1765
-73.2137
-73.2484
-73.2812
-73.3125
-73.3425
-73.3715
-73.3998
-73.4274
-73.4545
-73.4811
-73.5074
-73.5333
-73.559
-73.5844
-73.6096
-73.6345
-73.6593
-73.6839
-73.7083
-73.7325
-73.7565
-73.7804
-73.8041
-73.8276
-73.851
-73.8742
-73.8971
-73.5293
-69.6965
-66.2389
-63.6271
-61.5606
-59.7564
-57.8461
-54.8174
-20.366
5.93786
-29.3337
-75.2919
-78.963
-78.7086
-78.5465
-78.3757
-78.1907
-77.9916
-77.7792
-77.5545
-77.2202
-74.855
-73.0186
-71.8466

