-70
-69.8623
-69.7285
-69.5983
-69.4718
-69.3487
-69.2291
-69.1128
-68.9997
-68.8897
-68.7828
-68.6789
-68.5778
-68.4795
-68.3839
-68.291
-68.2007
-68.1128
-68.0274
-67.9443
-67.8636
-67.7851
-67.7087
-67.6345
-67.5623
-67.4921
-67.4238
-67.3574
-67.2929
-67.2301
-67.1691
-67.1098
-67.0521
-66.996
-66.9414
-66.8884
-66.8368
-66.7866
-66.7378
-66.6904
-66.6443
-66.5994
-66.5558
-66.5133
-66.4721
-66.432
-66.393
-66.355
-66.3181
-66.2823
-66.2474
-66.2134
-66.1805
-66.1484
-66.1172
-66.0868
-66.0573
-66.0286
-66.0007
-65.9736
-65.9472
-65.9215
-65.8966
-65.8723
-65.8487
-65.8257
-65.8034
-65.7817
-65.7606
-65.74
-65.72
-65.7006
-65.6817
-65.6633
-65.6455
-65.6281
-65.6112
-65.5948
-65.5788
-65.5632
-65.5481
-65.5334
-65.5191
-65.5052
-65.4917
-65.4785
-65.4657
-65.4533
-65.4412
-65.4294
-65.418
-65.4068
-65.396
-65.3855
-65.3752
-65.3653
-65.3556
-65.3462
-65.337
-65.3281
-65.3194
-65.311
-65.3028
-65.2948
-65.2871
-65.2795
-65.2722
-65.2651
-65.2581
-65.2514
-65.2448
-65.2385
-65.2322
-65.2262
-65.2203
-65.2146
-65.2091
-65.2037
-65.1984
-65.1933
-65.1884
-65.1835
-65.1788
-65.1743
-65.1698
-65.1655
-65.1613
-65.1572
-65.1532
-65.1493
-65.1456
-65.1419
-65.1384
-65.1349
-65.1315
-65.1283
-65.1251
-65.122
-65.119
-65.1161
-65.1132
-65.1104
-65.1077
-65.1051
-65.1026
-65.1001
-65.0977
-65.0953
-65.0931
-65.0908
-65.0887
-65.0866
-65.0845
-65.0826
-65.0806
-65.0788
-65.0769
-65.0752
-65.0734
-65.0718
-65.0701
-65.0685
-65.067
-65.0655
-65.064
-65.0626
-65.0612
-65.0599
-65.0586
-65.0573
-65.0561
-65.0549
-65.0537
-65.0526
-65.0514
-65.0504
-65.0493
-65.0483
-65.0473
-65.0464
-65.0454
-65.0445
-65.0436
-65.0428
-65.0419
-65.0411
-65.0403
-65.0395
-65.0388
-65.0381
-65.0374
-65.0367
-65.036
-65.0353
-65.0347
-65.0341
-65.0335
-65.0329
-65.0323
-65.0318
-65.0313
-65.0307
-65.0302
-65.0297
-65.0293
-65.0288
-65.0283
-65.0279
-65.0275
-65.027
-65.0266
-65.0262
-65.0259
-65.0255
-65.0251
-65.0248
-65.0244
-65.0241
-65.0238
-65.0234
-65.0231
-65.0228
-65.0225
-65.0223
-65.022
-65.0217
-65.0215
-65.0212
-65.021
-65.0207
-65.0205
-65.0203
-65.02
-65.0198
-65.0196
-65.0194
-65.0192
-65.019
-65.0188
-65.0187
-65.0185
-65.0183
-65.0181
-65.018
-65.0178
-65.0177
-65.0175
-65.0174
-65.0172
-65.0171
-65.017
-65.0168
-65.0167
-65.0166
-65.0165
-65.0163
-65.0162
-65.0161
-65.016
-65.0159
-65.0158
-65.0157
-65.0156
-65.0155
-65.0154
-65.0153
-65.0153
-65.0152
-65.0151
-65.015
-65.0149
-65.0149
-65.0148
-65.0147
-65.0147
-65.0146
-65.0145
-65.0145
-65.0144
-65.0143
-65.0143
-65.0142
-65.0142
-65.0141
-65.0141
-65.014
-65.014
-65.0139
-65.0139
-65.0138
-65.0138
-65.0137
-65.0137
-65.0137
-65.0136
-65.0136
-65.0135
-65.0135
-65.0135
-65.0134
-65.0134
-65.0134
-65.0133
-65.0133
-65.0133
-65.0133
-65.0132
-65.0132
-65.0132
-65.0131
-65.0131
-65.0131
-65.0131
-65.0131
-65.013
-65.013
-65.013
-65.013
-65.0129
-65.0129
-65.0129
-65.0129
-65.0129
-65.0129
-65.0128
-65.0128
-65.0128
-65.0128
-65.0128
-65.0128
-65.0127
-65.0127
-65.0127
-65.0127
-65.0127
-65.0127
-65.0127
-65.0127
-65.0126
-65.0126
-65.0126
-65.0126
-65.0126
-65.0126
-65.0126
-65.0126
-65.0126
-65.0126
-65.0125
-65.0125
-65.0125
-65.0125
-65.0125
-65.0125
-65.0125
-65.0125
-65.0125
-65.0125
-65.0125
-65.0125
-65.0125
-65.0124
-65.0124
-65.0124
-65.0124
-65.0124
-65.0124
-65.0124
-65.0124
-65.0124
-65.0124
-65.0124
-65.0124
-65.0124
-65.0124
-65.0124
-65.0124
-65.0124
-65.0124
-65.0124
-65.0124
-65.0124
-65.0124
-65.0124
-65.0123
-65.0123
-65.0123
-65.0123
-65.0123
-65.0123
-65.0123
-65.0123
-65.0123
-65.0123
-65.0123
-65.0123
-65.0123
-65.0123
-65.0123
-65.0123
-65.0123
-65.0123
-65.0123
-65.0123
-65.0123
-65.0123
-65.0123
-65.0123
-65.0123
-65.0123
-65.0123
-65.0123
-65.0123
-65.0123
-65.0123
-65.0123
-65.0123
-65.0123
-65.0123
-65.0123
-65.0123
-65.0123
-65.0123
-65.0123
-65.0123
-65.0123
-65.0123
-65.0123
-65.0123
-65.0123
-65.0123
-65.0123
-65.0123
-65.0123
-65.0123
-65.0123
-65.0123
-65.0123
-65.0123
-65.0123
-65.0123
-65.0123
-65.0123
-65.0123
-65.0123
-65.0123
-65.0123
-65.0123
-65.0123
-65.0123
-65.0123
-65.0123
-65.0123
-65.0123
-65.0123
-65.0123
-65.0123
-65.0123
-65.0123
-65.0123
-65.0123
-65.0123
-65.0123
-65.0123
-65.0123
-65.0123
-65.0122
-65.0122
-65.0122
-65.0122
-65.0122
-65.0122
-65.0122
-65.0122
-65.0122
-65.0122
-65.0122
-65.0122
-65.0122
-65.0122
-65.0122
-65.0122
-65.0122
-65.0122
-65.0122
-65.0122
-65.0122
-65.0122
-65.0122
-65.0122
-65.0122
-65.0122
-65.0122
-65.0122
-65.0122
-65.0122
-65.0122
-65.0122
-65.0122
-65.0122
-65.0122
-65.0122
-65.0122
-65.0122
-65.0122
-65.0122
-65.0122
-65.0122
-65.0122
-65.0122
-65.0122
-65.0122
-65.0122
-64.9753
-64.7756
-64.6385
-64.535
-64.4125
-64.2678
-63.7795
-63.2918
-62.808
-62.4448
-62.1197
-61.8763
-61.6854
-61.4913
-61.2919
-61.1095
-60.9775
-60.881
-60.8125
-60.7652
-60.7358
-60.7212
-60.7194
-60.7285
-60.7467
-60.7729
-60.8058
-60.8445
-60.888
-60.9356
-60.9867
-61.0406
-61.097
-61.1552
-61.2151
-61.2514
-61.2269
-61.2177
-61.1987
-61.182
-61.136
-61.0812
-61.0398
-61.025
-61.0282
-61.0305
-61.0048
-60.9722
-60.9408
-60.9347
-60.9447
-60.9671
-60.998
-61.0357
-61.0789
-61.1266
-61.1779
-61.2323
-61.289
-61.3475
-61.4075
-61.4686
-61.5305
-61.5929
-61.6555
-61.7182
-61.7807
-61.8431
-61.8523
-61.87
-61.8984
-61.9317
-61.9137
-61.9175
-61.9332
-61.9304
-61.9024
-61.7913
-61.7302
-61.6963
-61.6063
-61.5188
-61.384
-61.1896
-60.9858
-60.801
-60.5917
-60.3991
-60.2177
-60.0975
-59.9778
-59.8905
-59.836
-59.808
-59.7999
-59.8077
-59.8286
-59.8605
-59.9015
-59.909
-59.9333
-59.9703
-60.0189
-60.0748
-60.1364
-60.2024
-60.2721
-60.3447
-60.4196
-60.4962
-60.5742
-60.6531
-60.7326
-60.8125
-60.8925
-60.9724
-61.0519
-61.131
-61.2095
-61.2873
-61.3643
-61.4404
-61.5155
-61.5896
-61.6626
-61.7344
-61.8051
-61.8746
-61.9428
-62.0098
-62.0754
-62.1399
-62.203
-62.2648
-62.3254
-62.3847
-62.4427
-62.4995
-62.555
-62.6093
-62.6623
-62.7142
-62.7649
-62.8144
-62.8627
-62.91
-62.9561
-63.0011
-63.045
-63.0879
-63.1298
-63.1706
-63.2104
-63.2493
-63.2872
-63.3242
-63.3603
-63.3954
-63.4298
-63.4632
-63.4958
-63.5277
-63.5587
-63.5889
-63.6184
-63.6472
-63.6752
-63.7026
-63.7292
-63.6944
-63.5553
-63.4692
-63.4098
-63.3728
-63.3479
-63.3321
-63.3234
-63.3206
-63.3226
-63.2961
-63.1936
-63.0826
-62.9951
-62.9375
-62.8997
-62.7023
-62.2087
-61.8537
-61.5012
-61.2456
-61.0548
-60.914
-60.809
-60.7269
-60.6362
-60.5768
-60.5399
-60.5228
-60.4695
-60.4056
-60.3732
-60.3632
-60.3709
-60.3906
-60.4147
-60.414
-60.4319
-60.4615
-60.5017
-60.5489
-60.6015
-60.6585
-60.719
-60.7825
-60.8482
-60.8734
-60.8303
-60.8066
-60.7518
-60.6991
-60.6785
-60.6799
-60.6597
-60.6094
-60.5842
-60.5714
-60.5478
-60.5487
-60.5647
-60.5937
-60.5759
-60.5549
-60.5578
-60.578
-60.6108
-60.652
-60.6997
-60.7528
-60.81
-60.8707
-60.9341
-60.9996
-61.0668
-61.1352
-61.2045
-61.2743
-61.3444
-61.4146
-61.4847
-61.5545
-61.6239
-61.6927
-61.7256
-61.6905
-61.6615
-61.6574
-61.6707
-61.6951
-61.7264
-61.7069
-61.7071
-61.7206
-61.7455
-61.7102
-61.5872
-61.4489
-61.2478
-61.0576
-60.8507
-60.6806
-60.485
-60.2973
-60.1718
-60.0888
-60.0378
-60.0099
-60.0008
-59.9912
-59.9811
-59.9905
-60.014
-60.0493
-60.0935
-60.0931
-60.0825
-60.0959
-60.1262
-60.1688
-60.2069
-60.2321
-60.2721
-60.3213
-60.3785
-60.4408
-60.507
-60.5763
-60.6479
-60.7214
-60.7963
-60.8721
-60.9485
-61.0254
-61.1023
-61.179
-61.2555
-61.3316
-61.407
-61.4817
-61.5556
-61.6286
-61.7007
-61.7717
-61.8416
-61.9103
-61.978
-62.0444
-62.1096
-62.1735
-62.2363
-62.2978
-62.3581
-62.4171
-62.4749
-62.5314
-62.5868
-62.6409
-62.6938
-62.7455
-62.7961
-62.8455
-62.8938
-62.9409
-62.987
-63.0319
-63.0758
-63.1186
-63.1604
-63.2012
-63.241
-63.2798
-63.3177
-63.3546
-63.3906
-63.4258
-63.4601
-63.4935
-63.5261
-63.5578
-63.5888
-63.619
-63.6485
-63.6772
-63.7052
-63.7325
-63.7591
-63.785
-63.8103
-63.8349
-63.859
-63.8824
-63.9052
-63.9275
-63.9492
-63.9703
-63.9909
-64.011
-64.0306
-64.0497
-64.0683
-64.0864
-64.1041
-64.1214
-64.1382
-64.0823
-63.945
-63.8555
-63.7923
-63.7497
-63.7188
-63.6966
-63.648
-63.5921
-63.551
-63.4653
-63.4086
-63.343
-63.0897
-62.5904
-62.1
-61.7458
-61.4895
-61.2986
-61.1519
-61.0399
-60.9562
-60.896
-60.8557
-60.8112
-60.7713
-60.752
-60.7487
-60.7586
-60.7783
-60.779
-60.7318
-60.7166
-60.7196
-60.7388
-60.7679
-60.7983
-60.7999
-60.8197
-60.8288
-60.7946
-60.7836
-60.7505
-60.659
-60.6057
-60.5816
-60.5812
-60.5956
-60.6211
-60.6556
-60.6607
-60.6728
-60.6991
-60.7033
-60.7205
-60.7502
-60.7904
-60.8376
-60.8501
-60.868
-60.8992
-60.941
-60.9894
-61.0426
-61.0993
-61.1587
-61.2204
-61.2837
-61.3482
-61.4136
-61.4795
-61.5457
-61.612
-61.6782
-61.7441
-61.8096
-61.8746
-61.9272
-61.9483
-61.9824
-62.0225
-62.0678
-62.1156
-62.1648
-62.2149
-62.2257
-62.2311
-62.2494
-62.2766
-62.3094
-62.3456
-62.3842
-62.4247
-62.4665
-62.5093
-62.5528
-62.5875
-62.5738
-62.4765
-62.4173
-62.2619
-62.014
-61.7101
-61.3934
-61.1576
-60.9744
-60.7315
-60.5464
-60.4138
-60.3236
-60.2632
-60.2259
-60.2077
-60.2053

