-70
-69.8623
-69.7285
-69.5983
-69.4718
-69.3487
-69.2291
-69.1128
-68.9997
-68.8897
-68.7828
-68.6789
-68.5778
-68.4795
-68.3839
-68.291
-68.2007
-68.1128
-68.0274
-67.9443
-67.8636
-67.7851
-67.7087
-67.6345
-67.5623
-67.4921
-67.4238
-67.3574
-67.2929
-67.2301
-67.1691
-67.1098
-67.0521
-66.996
-66.9414
-66.8884
-66.8368
-66.7866
-66.7378
-66.6904
-66.6443
-66.5994
-66.5558
-66.5133
-66.4721
-66.432
-66.393
-66.355
-66.3181
-66.2823
-66.2474
-66.2134
-66.1805
-66.1484
-66.1172
-66.0868
-66.0573
-66.0286
-66.0007
-65.9736
-65.9472
-65.9215
-65.8966
-65.8723
-65.8487
-65.8257
-65.8034
-65.7817
-65.7606
-65.74
-65.72
-65.7006
-65.6817
-65.6633
-65.6455
-65.6281
-65.6112
-65.5948
-65.5788
-65.5632
-65.5481
-65.5334
-65.5191
-65.5052
-65.4917
-65.4785
-65.4657
-65.4533
-65.4412
-65.4294
-65.418
-65.4068
-65.396
-65.3855
-65.3752
-65.3653
-65.3556
-65.3462
-65.337
-65.3281
-65.3194
-65.311
-65.3028
-65.2948
-65.2871
-65.2795
-65.2722
-65.2651
-65.2581
-65.2514
-65.2448
-65.2385
-65.2322
-65.2262
-65.2203
-65.2146
-65.2091
-65.2037
-65.1984
-65.1933
-65.1884
-65.1835
-65.1788
-65.1743
-65.1698
-65.1655
-65.1613
-65.1572
-65.1532
-65.1493
-65.1456
-65.1419
-65.1384
-65.1349
-65.1315
-65.1283
-65.1251
-65.122
-65.119
-65.1161
-65.1132
-65.1104
-65.1077
-65.1051
-65.1026
-65.1001
-65.0977
-65.0953
-65.0931
-65.0908
-65.0887
-65.0866
-65.0845
-65.0826
-65.0806
-65.0788
-65.0769
-65.0752
-65.0734
-65.0718
-65.0701
-65.0685
-65.067
-65.0655
-65.064
-65.0626
-65.0612
-65.0599
-65.0586
-65.0573
-65.0561
-65.0549
-65.0537
-65.0526
-65.0514
-65.0504
-65.0493
-65.0483
-65.0473
-65.0464
-65.0454
-65.0445
-65.0436
-65.0428
-65.0419
-65.0411
-65.0403
-65.0395
-65.0388
-65.0381
-65.0374
-65.0367
-65.036
-65.0353
-65.0347
-65.0341
-65.0335
-65.0329
-65.0323
-65.0318
-65.0313
-65.0307
-65.0302
-65.0297
-65.0293
-65.0288
-65.0283
-65.0279
-65.0275
-65.027
-65.0266
-65.0262
-65.0259
-65.0255
-65.0251
-65.0248
-65.0244
-65.0241
-65.0238
-65.0234
-65.0231
-65.0228
-65.0225
-65.0223
-65.022
-65.0217
-65.0215
-65.0212
-65.021
-65.0207
-65.0205
-65.0203
-65.02
-65.0198
-65.0196
-65.0194
-65.0192
-65.019
-65.0188
-65.0187
-65.0185
-65.0183
-65.0181
-65.018
-65.0178
-65.0177
-65.0175
-65.0174
-65.0172
-65.0171
-65.017
-65.0168
-65.0167
-65.0166
-65.0165
-65.0163
-65.0162
-65.0161
-65.016
-65.0159
-65.0158
-65.0157
-65.0156
-65.0155
-65.0154
-65.0153
-65.0153
-65.0152
-65.0151
-65.015
-65.0149
-65.0149
-65.0148
-65.0147
-65.0147
-65.0146
-65.0145
-65.0145
-65.0144
-65.0143
-65.0143
-65.0142
-65.0142
-65.0141
-65.0141
-65.014
-65.014
-65.0139
-65.0139
-65.0138
-65.0138
-65.0137
-65.0137
-65.0137
-65.0136
-65.0136
-65.0135
-65.0135
-65.0135
-65.0134
-65.0134
-65.0134
-65.0133
-65.0133
-65.0133
-65.0133
-65.0132
-65.0132
-65.0132
-65.0131
-65.0131
-65.0131
-65.0131
-65.0131
-65.013
-65.013
-65.013
-65.013
-65.0129
-65.0129
-65.0129
-65.0129
-65.0129
-65.0129
-65.0128
-65.0128
-65.0128
-65.0128
-65.0128
-65.0128
-65.0127
-65.0127
-65.0127
-65.0127
-65.0127
-65.0127
-65.0127
-65.0127
-65.0126
-65.0126
-65.0126
-65.0126
-65.0126
-65.0126
-65.0126
-65.0126
-65.0126
-65.0126
-65.0125
-65.0125
-65.0125
-65.0125
-65.0125
-65.0125
-65.0125
-65.0125
-65.0125
-65.0125
-65.0125
-65.0125
-65.0125
-65.0124
-65.0124
-65.0124
-65.0124
-65.0124
-65.0124
-65.0124
-65.0124
-65.0124
-65.0124
-65.0124
-65.0124
-65.0124
-65.0124
-65.0124
-65.0124
-65.0124
-65.0124
-65.0124
-65.0124
-65.0124
-65.0124
-65.0124
-65.0123
-65.0123
-65.0123
-65.0123
-65.0123
-65.0123
-65.0123
-65.0123
-65.0123
-65.0123
-65.0123
-65.0123
-65.0123
-65.0123
-65.0123
-65.0123
-65.0123
-65.0123
-65.0123
-65.0123
-65.0123
-65.0123
-65.0123
-65.0123
-65.0123
-65.0123
-65.0123
-65.0123
-65.0123
-65.0123
-65.0123
-65.0123
-65.0123
-65.0123
-65.0123
-65.0123
-65.0123
-65.0123
-65.0123
-65.0123
-65.0123
-65.0123
-65.0123
-65.0123
-65.0123
-65.0123
-65.0123
-65.0123
-65.0123
-65.0123
-65.0123
-65.0123
-65.0123
-65.0123
-65.0123
-65.0123
-65.0123
-65.0123
-65.0123
-65.0123
-65.0123
-65.0123
-65.0123
-65.0123
-65.0123
-65.0123
-65.0123
-65.0123
-65.0123
-65.0123
-65.0123
-65.0123
-65.0123
-65.0123
-64.9505
-64.8995
-64.8615
-64.8344
-64.8133
-64.7964
-64.7828
-64.772
-64.7634
-64.7568
-64.7518
-64.7482
-64.7458
-64.7444
-64.7439
-64.7441
-64.745
-64.7465
-64.7484
-64.7508
-64.7534
-64.7564
-64.7596
-64.763
-64.7666
-64.7703
-64.7742
-64.7781
-64.7821
-64.7861
-64.7902
-64.7942
-64.7983
-64.8024
-64.7803
-64.7211
-64.6822
-64.6538
-64.634
-64.6191
-64.6078
-64.5995
-64.5936
-64.5897
-64.5876
-64.5868
-64.5873
-64.5889
-64.5913
-64.5945
-64.5983
-64.6026
-64.5848
-64.2659
-64.0003
-63.6534
-63.0535
-62.6355
-62.3198
-62.0405
-61.7295
-60.5167
-59.4262
-58.0949
-57.1315
-56.3353
-55.7464
-55.2863
-54.7643
-54.2721
-53.8654
-53.4105
-53.0769
-52.7794
-52.55
-52.3401
-52.1315
-51.9388
-51.8038
-51.6921
-51.5769
-51.4969
-51.4527
-51.4392
-51.4502
-51.4426
-51.4622
-51.5041
-51.5666
-51.6455
-51.7178
-51.7844
-51.8729
-51.9776
-52.0965
-52.2264
-52.3661
-52.5145
-52.6634
-52.7796
-52.9149
-53.0321
-53.094
-53.1526
-53.2196
-53.2887
-53.3506
-53.3744
-53.3649
-53.3787
-53.3646
-53.3871
-53.4409
-53.5198
-53.6136
-53.6814
-53.733
-53.8012
-53.8422
-53.9108
-53.9206
-53.9571
-54.0229
-54.098
-54.1527
-54.2349
-54.3118
-54.3572
-54.341
-54.2975
-54.2274
-54.0941
-53.9555
-53.7636
-53.6046
-53.392
-53.1563
-52.931
-52.6531
-52.2385
-51.5574
-50.8059
-50.0505
-49.467
-48.9748
-48.5004
-48.0643
-47.6476
-47.198
-46.6474
-45.9678
-45.1374
-43.9916
-42.0818
-37.1993
26.8446
16.5826
-23.7414
-50.2129
-59.0029
-61.3882
-62.1306
-62.377
-62.4319
-62.4111
-62.3641
-62.3121
-62.2641
-62.2231
-62.1901
-62.1649
-62.1468
-62.1351
-62.1291
-62.1281
-62.1315
-62.1388
-62.1494
-62.163
-62.179
-62.1972
-62.2173
-62.239
-62.2621
-62.2865
-62.3118
-62.3379
-62.3647
-62.3921
-62.4199
-62.448
-62.4764
-62.5049
-62.5335
-62.562
-62.5906
-62.619
-62.6473
-62.6753
-62.7032
-62.7308
-62.7581
-62.7851
-62.8118
-62.8381
-62.8641
-62.8898
-62.915
-62.9399
-62.9643
-62.9884
-63.0121
-63.0354
-63.0582
-63.0807
-63.1028
-63.1245
-63.1458
-63.1667
-63.1872
-63.2074
-63.2271
-63.2465
-63.2656
-63.1942
-62.9421
-62.7769
-62.6568
-62.5743
-62.5123
-62.2615
-62.0579
-61.9089
-61.7785
-61.6197
-61.3311
-60.9063
-60.5755
-60.2483
-59.837
-59.2142
-58.1099
-57.3269
-56.4291
-55.6937
-55.1483
-54.6298
-54.2095
-53.746
-53.3696
-53.09
-52.8734
-52.695
-52.5147
-52.3284
-52.1803
-52.0804
-52.0232
-51.9993
-51.9966
-51.9192
-51.8462
-51.8069
-51.7481
-51.6681
-51.5353
-51.4183
-51.3595
-51.3291
-51.3098
-51.3211
-51.3149
-51.307
-51.3338
-51.3559
-51.3653
-51.3727
-51.3454
-51.3366
-51.2466
-51.2072
-51.1677
-51.174
-51.2093
-51.269
-51.3122
-51.3801
-51.4681
-51.5741
-51.6733
-51.7665
-51.8811
-52.0111
-52.1541
-52.276
-52.4106
-52.5584
-52.7179
-52.8853
-53.0592
-53.2381
-53.4137
-53.5525
-53.7043
-53.8251
-53.8998
-53.9984
-54.0119
-53.9567
-53.9211
-53.898
-53.8528
-53.7989
-53.7397
-53.6335
-53.4975
-53.3855
-53.2874
-53.1003
-52.8537
-52.5483
-52.1311
-51.6432
-51.1933
-50.7349
-50.2568
-49.7497
-49.3038
-48.9336
-48.5796
-48.2307
-47.8611
-47.4747
-47.0824
-46.646
-46.1205
-45.4734
-44.5846
-43.1748
-40.3167
-26.2451
38.719
-9.16662
-41.8332
-58.1838
-62.4765
-63.6747
-63.9958
-64.0157
-63.9148
-63.7803
-63.6503
-63.533
-63.4304
-63.3418
-63.266
-63.2018
-63.1479
-63.1029
-63.0659
-63.0358
-63.0117
-62.993
-62.979
-62.9692
-62.9629
-62.9599
-62.9596
-62.9618
-62.9662
-62.9725
-62.9805
-62.9899
-63.0007
-63.0125
-63.0253
-63.0389
-63.0532
-63.0681
-63.0836
-63.0994
-63.1156
-63.1321
-63.1488
-63.1657
-63.1826
-63.1997
-63.2167
-63.2338
-63.2508
-63.2677
-63.2846
-63.3013
-63.3179
-63.3343
-63.3506
-63.3668
-63.3827
-63.3984
-63.414
-63.4293
-63.4445
-63.4594
-63.4741
-63.4886
-63.5029
-63.517
-63.5308
-63.5444
-63.5578
-63.571
-63.584
-63.5968
-63.6094
-63.6217
-63.6339
-63.6458
-63.6576
-63.6691
-63.6805
-63.6917
-63.7026
-63.7135
-63.7241
-63.7345
-63.7448
-63.7549
-63.7649
-63.5826
-63.1095
-62.7919
-62.4045
-62.0538
-61.7937
-61.5967
-61.266
-60.9138
-60.541
-60.0648
-59.6771
-59.3727
-59.0296
-57.9121
-56.7653
-55.9264
-55.3252
-54.8591
-54.4303
-54.0964
-53.7959
-53.5545
-53.3605
-53.1781
-53.0335
-52.9385
-52.8836
-52.8611
-52.8652
-52.8447
-52.6
-52.4058
-52.1376
-51.8824
-51.6937
-51.5469
-51.4071
-51.3177
-51.22
-51.1109
-51.0522
-51.0293
-51.0045
-50.87
-50.7477
-50.6797
-50.6543
-50.6598
-50.6582
-50.6462
-50.6672
-50.7127
-50.7798
-50.864
-50.9636
-51.0434
-51.1045
-51.1934
-51.302
-51.4279
-51.5666
-51.7161
-51.8749
-52.042
-52.1994
-52.338
-52.4944
-52.6619
-52.8058
-52.9498
-53.108
-53.2765
-53.4227
-53.5741
-53.7363
-53.9069
-54.0533
-54.1801
-54.2917
-54.4251
-54.5708
-54.6841
-54.8137
-54.9542
-55.1037
-55.2586
-55.4092
-55.5208
-55.65
-55.7724
-55.8539
-55.9471
-56.0259
-56.0297
-56.0125
-55.9663
-55.8399
-55.6408
-55.4378
-55.0641
-54.6034
-54.1338
-53.5753
-53.0815
-52.5573
-51.8278
-51.2269
-50.7228
-50.3292
-50.0152
-49.7578
-49.5379
-49.2985

