-70
-70.0758
-70.1508
-70.225
-70.2983
-70.3706
-70.4419
-70.5122
-70.5814
-70.6496
-70.7168
-70.7829
-70.848
-70.9121
-70.9752
-71.0373
-71.0984
-71.1586
-71.2178
-71.2761
-71.3334
-71.3899
-71.4455
-71.5003
-71.5543
-71.6074
-71.6598
-71.7114
-71.7623
-71.8124
-71.8619
-71.9106
-71.9587
-72.006
-72.0527
-72.0988
-72.1442
-72.1889
-72.2331
-72.2766
-72.3196
-72.362
-72.4038
-72.445
-72.4857
-72.5258
-72.5654
-72.6045
-72.6431
-72.6812
-72.7188
-72.756
-72.7927
-72.8289
-72.8647
-72.9
-72.9349
-72.9694
-73.0035
-73.0371
-73.0704
-73.1032
-73.1357
-73.1678
-73.1994
-73.2307
-73.2617
-73.2922
-73.3224
-73.3523
-73.3817
-73.4109
-73.4397
-73.4682
-73.4963
-73.5241
-73.5516
-73.5788
-73.6057
-73.6323
-73.6585
-73.6845
-73.7102
-73.7356
-73.7608
-73.7857
-73.8103
-73.8346
-73.8587
-73.8825
-73.9061
-73.9294
-73.9524
-73.9753
-73.9979
-74.0202
-74.0423
-74.0642
-74.0859
-74.1073
-74.1285
-74.1495
-74.1703
-74.1909
-74.2112
-74.2313
-74.2513
-74.271
-74.2905
-74.3098
-74.329
-74.3479
-74.3666
-74.3852
-74.4036
-74.4217
-74.4397
-74.4575
-74.4752
-74.4926
-74.5099
-74.527
-74.544
-74.5607
-74.5774
-74.5938
-74.6101
-74.6262
-74.6422
-74.658
-74.6736
-74.6891
-74.7045
-74.7197
-74.7347
-74.7496
-74.7644
-74.779
-74.7935
-74.8079
-74.8221
-74.8362
-74.8501
-74.864
-74.8777
-74.8913
-74.9047
-74.918
-74.9313
-74.9443
-74.9573
-74.9701
-74.9829
-74.9955
-75.008
-75.0204
-75.0327
-75.0448
-75.0569
-75.0688
-75.0806
-75.0924
-75.104
-75.1155
-75.1269
-75.1382
-75.1495
-75.1606
-75.1716
-75.1825
-75.1933
-75.204
-75.2147
-75.2252
-75.2356
-75.246
-75.2562
-75.2664
-75.2764
-75.2864
-75.2963
-75.3061
-75.3158
-75.3255
-75.335
-75.3445
-75.3538
-75.3631
-75.3724
-75.3815
-75.3906
-75.3995
-75.4084
-75.4172
-75.426
-75.4346
-75.4432
-75.4518
-75.4602
-75.4686
-75.4769
-75.4851
-75.4932
-75.5013
-75.5093
-75.5173
-75.5251
-75.533
-75.5407
-75.5484
-75.556
-75.5635
-75.571
-75.5784
-75.5858
-75.593
-75.6003
-75.6074
-75.6145
-75.6216
-75.6285
-75.6355
-75.6423
-75.6491
-75.6559
-75.6626
-75.6692
-75.6758
-75.6823
-75.6888
-75.6952
-75.7015
-75.7078
-75.7141
-75.7203
-75.7264
-75.7325
-75.7386
-75.7446
-75.7505
-75.7564
-75.7622
-75.768
-75.7738
-75.7795
-75.7851
-75.7907
-75.7963
-75.8018
-75.8072
-75.8127
-75.818
-75.8234
-75.8287
-75.8339
-75.8391
-75.8443
-75.8494
-75.8545
-75.8595
-75.8645
-75.8695
-75.8744
-75.8793
-75.8841
-75.8889
-75.8937
-75.8984
-75.9031
-75.9077
-75.9123
-75.9169
-75.9214
-75.9259
-75.9304
-75.9348
-75.9392
-75.9436
-75.9479
-75.9522
-75.9565
-75.9607
-75.9649
-75.969
-75.9731
-75.9772
-75.9813
-75.9853
-75.9893
-75.9933
-75.9972
-76.0011
-76.005
-76.0088
-76.0126
-76.0164
-76.0201
-76.0239
-76.0275
-76.0312
-76.0348
-76.0384
-76.042
-76.0456
-76.0491
-76.0526
-76.056
-76.0595
-76.0629
-76.0663
-76.0696
-76.0729
-76.0762
-76.0795
-76.0828
-76.086
-76.0892
-76.0924
-76.0955
-76.0986
-76.1017
-76.1048
-76.1079
-76.1109
-76.1139
-76.1169
-76.1198
-76.1228
-76.1257
-76.1286
-76.1314
-76.1343
-76.1371
-76.1399
-76.1427
-76.1455
-76.1482
-76.1509
-76.1536
-76.1563
-76.1589
-76.1615
-76.1642
-76.1667
-76.1693
-76.1719
-76.1744
-76.1769
-76.1794
-76.1819
-76.1843
-76.1868
-76.1892
-76.1916
-76.1939
-76.1963
-76.1986
-76.201
-76.2033
-76.2056
-76.2078
-76.2101
-76.2123
-76.2145
-76.2167
-76.2189
-76.2211
-76.2232
-76.2254
-76.2275
-76.2296
-76.2317
-76.2337
-76.2358
-76.2378
-76.2398
-76.2418
-76.2438
-76.2458
-76.2478
-76.2497
-76.2516
-76.2536
-76.2554
-76.2573
-76.2592
-76.2611
-76.2629
-76.2647
-76.2665
-76.2683
-76.2701
-76.2719
-76.2737
-76.2754
-76.2771
-76.2788
-76.2806
-76.2822
-76.2839
-76.2856
-76.2872
-76.2889
-76.2905
-76.2921
-76.2937
-76.2953
-76.2969
-76.2985
-76.3
-76.3016
-76.3031
-76.3046
-76.3061
-76.3076
-76.3091
-76.3106
-76.312
-76.3135
-76.3149
-76.3164
-76.3178
-76.3192
-76.3206
-76.322
-76.3233
-76.3247
-76.3261
-76.3274
-76.3287
-76.33
-76.3314
-76.3327
-76.334
-76.3352
-76.3365
-76.3378
-76.339
-76.3403
-76.3415
-76.3427
-76.3439
-76.3452
-76.3464
-76.3475
-76.3487
-76.3499
-76.351
-76.3522
-76.3533
-76.3545
-76.3556
-76.3567
-76.3578
-76.3589
-76.36
-76.3611
-76.3622
-76.3632
-76.3643
-76.3654
-76.3664
-76.3674
-76.3685
-76.3695
-76.3705
-76.3715
-76.3725
-76.3735
-76.3745
-76.3754
-76.3764
-76.3774
-76.3783
-76.3793
-76.3802
-76.3811
-76.382
-76.383
-76.3839
-76.3848
-76.3857
-76.3866
-76.3874
-76.3883
-76.3892
-76.39
-76.3909
-76.3917
-76.3926
-76.3934
-76.3943
-76.3951
-76.3959
-76.3967
-76.3975
-76.3983
-76.3991
-76.3999
-76.4007
-76.4014
-76.4022
-76.403
-76.4037
-76.4045
-76.4052
-76.406
-76.4067
-76.4074
-76.4082
-76.4089
-76.4096
-76.4103
-76.411
-76.4117
-76.4124
-76.4131
-76.4137
-76.4144
-76.4151
-76.4158
-76.4164
-76.4171
-76.4177
-76.4184
-76.419
-76.4196
-76.4203
-76.4209
-76.4215
-76.4221
-76.4227
-76.4234
-76.424
-76.4246
-76.4251
-76.4257
-76.4263
-76.4269
-76.4275
-76.428
-76.4212
-76.3789
-76.3409
-76.3112
-76.2878
-76.2691
-76.2542
-76.2423
-76.2326
-76.2249
-76.2187
-76.2138
-76.2099
-76.2069
-76.2046
-76.203
-76.2018
-76.2012
-76.2009
-76.2009
-76.2012
-76.2018
-76.2025
-76.2035
-76.2046
-76.2058
-76.2072
-76.2086
-76.2102
-76.2118
-76.2134
-76.2152
-76.2169
-76.2187
-76.2205
-76.2224
-76.2243
-76.2262
-76.2281
-76.23
-76.2319
-76.2338
-76.2358
-76.2377
-76.2396
-76.2415
-76.2435
-76.2454
-76.2473
-76.2492
-76.2511
-76.2529
-76.2548
-76.2567
-76.2585
-76.2604
-76.2622
-76.264
-76.2658
-76.2676
-76.2694
-76.2711
-76.2729
-76.2746
-76.2764
-76.2781
-76.2798
-76.2815
-76.2831
-76.2821
-76.2559
-76.2311
-76.2029
-76.1702
-76.1459
-76.1282
-76.1152
-76.1055
-76.0984
-76.0931
-76.0892
-76.0865
-76.0774
-76.0656
-76.0523
-76.04
-76.0324
-76.0278
-76.0252
-76.0238
-76.0232
-76.0232
-76.0236
-76.0244
-76.0254
-76.0267
-76.0281
-76.0297
-76.0315
-76.0333
-76.0353
-76.0374
-76.0396
-76.0418
-76.0442
-76.0466
-76.0491
-76.0516
-76.0542
-76.0569
-76.0596
-76.0623
-76.0651
-76.0679
-76.0707
-76.0736
-76.0765
-76.0794
-76.0823
-76.0852
-76.0881
-76.091
-76.0939
-76.0969
-76.0998
-76.1027
-76.1056
-76.1085
-76.1114
-76.1143
-76.1172
-76.1201
-76.1229
-76.1258
-76.1286
-76.1314
-76.1342
-76.137
-76.1397
-76.1425
-76.1452
-76.1479
-76.1506
-76.1533
-76.1559
-76.1585
-76.1612
-76.1638
-76.1663
-76.1689
-76.1714
-76.174
-76.1765
-76.179
-76.1814
-76.1839
-76.1863
-76.1887
-76.1911
-76.1935
-76.1959
-76.1982
-76.2005
-76.2028
-76.2051
-76.2074
-76.2096
-76.2119
-76.2141
-76.2163
-76.2185
-76.2207
-76.2228
-76.2249
-76.2271
-76.2292
-76.2312
-76.2333
-76.2354
-76.2374
-76.2273
-76.2071
-76.1907
-76.178
-76.1681
-76.1603
-76.1543
-76.1496
-76.1461
-76.1434
-76.1416
-76.1403
-76.1396
-76.1394
-76.1395
-76.14
-76.1407
-76.1417
-76.1429
-76.1442
-76.1457
-76.1474
-76.1491
-76.151
-76.1529
-76.1549
-76.157
-76.1591
-76.1612
-76.1634
-76.1657
-76.1679
-76.1702
-76.1725
-76.1748
-76.1771
-76.1794
-76.1817
-76.184
-76.1863
-76.1886
-76.1909
-76.1932
-76.1955
-76.1978
-76.2
-76.2023
-76.2045
-76.2068
-76.209
-76.2112
-76.2134
-76.2156
-76.2178
-76.2199
-76.2221
-76.2242
-76.2263
-76.2284
-76.2305
-76.2325
-76.2346
-76.2366
-76.2387
-76.2407
-76.2427
-76.2446
-76.2466
-76.2485
-76.2505
-76.2524
-76.2543
-76.2562
-76.2581
-76.2599
-76.2618
-76.2636
-76.2458
-76.2224
-76.1937
-76.1631
-76.1406
-76.1242
-76.1121
-76.1031
-76.0965
-76.0915
-76.088
-76.0855
-76.0839
-76.0829
-76.0789
-76.0711
-76.0652
-76.0612
-76.0584
-76.0566
-76.0556
-76.0552
-76.0553
-76.0558
-76.0542
-76.0498
-76.0467
-76.0448
-76.0437
-76.0432
-76.0433
-76.0438
-76.0446
-76.0457
-76.047
-76.0485
-76.0503
-76.0521
-76.0541
-76.0562
-76.0585
-76.0608
-76.0632
-76.0656
-76.0682
-76.0708
-76.0734
-76.0761
-76.0788
-76.0815
-76.0843
-76.0871
-76.0899
-76.0927
-76.0956
-76.0984
-76.1013
-76.1041
-76.107
-76.1098
-76.1127
-76.1155
-76.1184
-76.1212
-76.124
-76.1268
-76.1296
-76.1324
-76.1352
-76.1379
-76.1407
-76.1434
-76.1461
-76.1488
-76.1515
-76.1541
-76.1568
-76.1594
-76.162
-76.1646
-76.1672
-76.1697
-76.1722
-76.1748
-76.1773
-76.1797
-76.1822
-76.1846
-76.1871
-76.1895
-76.1919
-76.1942
-76.1966
-76.1989
-76.2012
-76.2035
-76.2058
-76.2081
-76.2103
-76.2126
-76.2148
-76.217
-76.2191
-76.2213
-76.2235
-76.2256
-76.2277
-76.2298
-76.2319
-76.2339
-76.236
-76.238
-76.24
-76.242
-76.244
-76.246
-76.248
-76.2499
-76.2518
-76.2537
-76.2556
-76.2575
-76.2594
-76.2612
-76.2631
-76.2649
-76.2659
-76.2448
-76.2232
-76.2064
-76.1931
-76.1827
-76.1745
-76.1681
-76.1631
-76.1593
-76.1564
-76.1543
-76.1528
-76.1519
-76.1515
-76.1514
-76.1517
-76.1523
-76.1532
-76.1542
-76.1555
-76.1569
-76.1584
-76.16
-76.1618
-76.1636
-76.1655
-76.1675
-76.1695
-76.1716
-76.1737
-76.1759
-76.178
-76.1802
-76.1824
-76.1847
-76.1869
-76.1891
-76.1914
-76.1936
-76.1958
-76.1981
-76.2003
-76.2025
-76.2047
-76.2069
-76.2091
-76.2113
-76.2135
-76.2157
-76.2178
-76.22
-76.2221
-76.2242
-76.2263
-76.2284
-76.2305
-76.2325
-76.2346
-76.2366
-76.2386
-76.2406
-76.2426
-76.2446
-76.2466
-76.2485
-76.2505
-76.2524
-76.2543
-76.2562
-76.258
-76.2599
-76.2618
-76.2636
-76.2654
-76.2672

