-70
-70.0758
-70.1508
-70.225
-70.2983
-70.3706
-70.4419
-70.5122
-70.5814
-70.6496
-70.7168
-70.7829
-70.848
-70.9121
-70.9752
-71.0373
-71.0984
-71.1586
-71.2178
-71.2761
-71.3334
-71.3899
-71.4455
-71.5003
-71.5543
-71.6074
-71.6598
-71.7114
-71.7623
-71.8124
-71.8619
-71.9106
-71.9587
-72.006
-72.0527
-72.0988
-72.1442
-72.1889
-72.2331
-72.2766
-72.3196
-72.362
-72.4038
-72.445
-72.4857
-72.5258
-72.5654
-72.6045
-72.6431
-72.6812
-72.7188
-72.756
-72.7927
-72.8289
-72.8647
-72.9
-72.9349
-72.9694
-73.0035
-73.0371
-73.0704
-73.1032
-73.1357
-73.1678
-73.1994
-73.2307
-73.2617
-73.2922
-73.3224
-73.3523
-73.3817
-73.4109
-73.4397
-73.4682
-73.4963
-73.5241
-73.5516
-73.5788
-73.6057
-73.6323
-73.6585
-73.6845
-73.7102
-73.7356
-73.7608
-73.7857
-73.8103
-73.8346
-73.8587
-73.8825
-73.9061
-73.9294
-73.9524
-73.9753
-73.9979
-74.0202
-74.0423
-74.0642
-74.0859
-74.1073
-74.1285
-74.1495
-74.1703
-74.1909
-74.2112
-74.2313
-74.2513
-74.271
-74.2905
-74.3098
-74.329
-74.3479
-74.3666
-74.3852
-74.4036
-74.4217
-74.4397
-74.4575
-74.4752
-74.4926
-74.5099
-74.527
-74.544
-74.5607
-74.5774
-74.5938
-74.6101
-74.6262
-74.6422
-74.658
-74.6736
-74.6891
-74.7045
-74.7197
-74.7347
-74.7496
-74.7644
-74.779
-74.7935
-74.8079
-74.8221
-74.8362
-74.8501
-74.864
-74.8777
-74.8913
-74.9047
-74.918
-74.9313
-74.9443
-74.9573
-74.9701
-74.9829
-74.9955
-75.008
-75.0204
-75.0327
-75.0448
-75.0569
-75.0688
-75.0806
-75.0924
-75.104
-75.1155
-75.1269
-75.1382
-75.1495
-75.1606
-75.1716
-75.1825
-75.1933
-75.204
-75.2147
-75.2252
-75.2356
-75.246
-75.2562
-75.2664
-75.2764
-75.2864
-75.2963
-75.3061
-75.3158
-75.3255
-75.335
-75.3445
-75.3538
-75.3631
-75.3724
-75.3815
-75.3906
-75.3995
-75.4084
-75.4172
-75.426
-75.4346
-75.4432
-75.4518
-75.4602
-75.4686
-75.4769
-75.4851
-75.4932
-75.5013
-75.5093
-75.5173
-75.5251
-75.533
-75.5407
-75.5484
-75.556
-75.5635
-75.571
-75.5784
-75.5858
-75.593
-75.6003
-75.6074
-75.6145
-75.6216
-75.6285
-75.6355
-75.6423
-75.6491
-75.6559
-75.6626
-75.6692
-75.6758
-75.6823
-75.6888
-75.6952
-75.7015
-75.7078
-75.7141
-75.7203
-75.7264
-75.7325
-75.7386
-75.7446
-75.7505
-75.7564
-75.7622
-75.768
-75.7738
-75.7795
-75.7851
-75.7907
-75.7963
-75.8018
-75.8072
-75.8127
-75.818
-75.8234
-75.8287
-75.8339
-75.8391
-75.8443
-75.8494
-75.8545
-75.8595
-75.8645
-75.8695
-75.8744
-75.8793
-75.8841
-75.8889
-75.8937
-75.8984
-75.9031
-75.9077
-75.9123
-75.9169
-75.9214
-75.9259
-75.9304
-75.9348
-75.9392
-75.9436
-75.9479
-75.9522
-75.9565
-75.9607
-75.9649
-75.969
-75.9731
-75.9772
-75.9813
-75.9853
-75.9893
-75.9933
-75.9972
-76.0011
-76.005
-76.0088
-76.0126
-76.0164
-76.0201
-76.0239
-76.0275
-76.0312
-76.0348
-76.0384
-76.042
-76.0456
-76.0491
-76.0526
-76.056
-76.0595
-76.0629
-76.0663
-76.0696
-76.0729
-76.0762
-76.0795
-76.0828
-76.086
-76.0892
-76.0924
-76.0955
-76.0986
-76.1017
-76.1048
-76.1079
-76.1109
-76.1139
-76.1169
-76.1198
-76.1228
-76.1257
-76.1286
-76.1314
-76.1343
-76.1371
-76.1399
-76.1427
-76.1455
-76.1482
-76.1509
-76.1536
-76.1563
-76.1589
-76.1615
-76.1642
-76.1667
-76.1693
-76.1719
-76.1744
-76.1769
-76.1794
-76.1819
-76.1843
-76.1868
-76.1892
-76.1916
-76.1939
-76.1963
-76.1986
-76.201
-76.2033
-76.2056
-76.2078
-76.2101
-76.2123
-76.2145
-76.2167
-76.2189
-76.2211
-76.2232
-76.2254
-76.2275
-76.2296
-76.2317
-76.2337
-76.2358
-76.2378
-76.2398
-76.2418
-76.2438
-76.2458
-76.2478
-76.2497
-76.2516
-76.2536
-76.2554
-76.2573
-76.2592
-76.2611
-76.2629
-76.2647
-76.2665
-76.2683
-76.2701
-76.2719
-76.2737
-76.2754
-76.2771
-76.2788
-76.2806
-76.2822
-76.2839
-76.2856
-76.2872
-76.2889
-76.2905
-76.2921
-76.2937
-76.2953
-76.2969
-76.2985
-76.3
-76.3016
-76.3031
-76.3046
-76.3061
-76.3076
-76.3091
-76.3106
-76.312
-76.3135
-76.3149
-76.3164
-76.3178
-76.3192
-76.3206
-76.322
-76.3233
-76.3247
-76.3261
-76.3274
-76.3287
-76.33
-76.3314
-76.3327
-76.334
-76.3352
-76.3365
-76.3378
-76.339
-76.3403
-76.3415
-76.3427
-76.3439
-76.3452
-76.3464
-76.3475
-76.3487
-76.3499
-76.351
-76.3522
-76.3533
-76.3545
-76.3556
-76.3567
-76.3578
-76.3589
-76.36
-76.3611
-76.3622
-76.3632
-76.3643
-76.3654
-76.3664
-76.3674
-76.3685
-76.3695
-76.3705
-76.3715
-76.3725
-76.3735
-76.3745
-76.3754
-76.3764
-76.3774
-76.3783
-76.3793
-76.3802
-76.3811
-76.382
-76.383
-76.3839
-76.3848
-76.3857
-76.3866
-76.3874
-76.3883
-76.3892
-76.39
-76.3909
-76.3917
-76.3926
-76.3934
-76.3943
-76.3951
-76.3959
-76.3967
-76.3975
-76.3983
-76.3991
-76.3999
-76.4007
-76.4014
-76.4022
-76.403
-76.4037
-76.4045
-76.4052
-76.406
-76.4067
-76.4074
-76.4082
-76.4089
-76.4096
-76.4103
-76.411
-76.4117
-73.1002
-69.0304
-65.4189
-60.4824
-56.0353
-37.0847
13.0716
-25.5309
-71.2673
-78.5949
-78.3094
-78.1022
-77.1143
-76.1416
-75.6411
-75.2105
-74.7759
-74.2421
-72.0025
-70.3514
-69.2948
-68.4069
-66.6279
-65.3353
-64.4957
-63.8869
-63.3486
-61.5177
-61.0756
-61.1094
-61.11
-61.1415
-62.3198
-61.8531
-61.199
-61.9355
-62.7337
-63.2399
-63.5701
-63.7986
-63.9677
-64.1017
-64.2576
-65.3784
-66.3661
-67.0535
-67.5446
-67.9069
-68.1827
-68.3993
-68.5745
-68.7203
-68.845
-68.9544
-69.0526
-69.1425
-69.2263
-69.3056
-69.3816
-69.4552
-70.0837
-70.7465
-71.2618
-71.6653
-71.9866
-72.2463
-71.1313
-67.7427
-65.1483
-63.28
-61.8726
-60.7442
-59.7589
-57.8923
-54.0998
-9.49032
1.21641
-32.0239
-75.9948
-79.0937
-78.0291
-77.5082
-77.2103
-76.9128
-76.3259
-74.1931
-72.9572
-72.1934
-71.5667
-70.2206
-68.3365
-67.2009
-66.4372
-65.856
-65.3805
-64.9759
-65.0095
-65.7046
-66.2623
-67.3132
-68.0687
-68.7772
-69.6511
-70.559
-71.3087
-71.7706
-72.0622
-72.2542
-72.3857
-72.4795
-72.549
-72.6026
-72.6457
-72.6818
-72.7133
-72.7416
-72.768
-72.9266
-73.2369
-73.4843
-73.6744
-73.8235
-73.9426
-74.0394
-74.1193
-74.1864
-74.2434
-74.2926
-74.3356
-74.3736
-74.4075
-74.4383
-74.4664
-74.4923
-74.5164
-74.5389
-74.5603
-74.5805
-74.5999
-74.6186
-74.6365
-74.6539
-74.6709
-74.6874
-74.7035
-74.7193
-74.7349
-74.7501
-74.7651
-74.78
-74.7946
-74.809
-74.8233
-74.8374
-74.8513
-74.8651
-74.8788
-74.8923
-74.9057
-74.919
-74.9321
-74.9451
-74.9581
-74.9708
-74.9835
-74.9961
-75.0085
-75.0209
-75.0331
-75.0452
-75.0572
-75.0691
-75.0809
-75.0926
-75.1042
-75.1157
-75.1271
-75.1384
-71.55
-67.7419
-63.8599
-59.1524
-54.2693
44.8019
-2.01258
-33.8539
-77.379
-78.7573
-78.1536
-77.8814
-76.7305
-75.7732
-75.2562
-74.8018
-74.345
-73.8796
-73.3168
-70.8978
-69.2059
-68.4863
-67.0208
-64.8895
-63.4921
-62.5471
-61.8406
-61.2693
-60.2498
-58.2845
-56.1513
-52.9175
14.4937
-2.55989
-35.2298
-76.7101
-78.2988
-78.0969
-77.8596
-77.6338
-77.398
-77.1506
-76.8931
-76.6276
-76.3374
-76.0568
-75.7982
-75.5526
-75.3175
-75.0932
-74.8802
-74.6796
-74.4919
-74.3178
-74.2151
-74.2339
-74.2416
-74.2344
-74.2196
-74.2013
-74.1822
-74.1638
-71.6132
-68.0912
-65.5385
-63.685
-62.2754
-61.1321
-60.1195
-59.1086
-57.9144
-56.0723
-50.6061
34.2047
-16.4376
-51.5972
-79.4192
-79.7864
-79.7675
-79.1605
-77.5177
-75.8891
-73.9943
-73.076
-72.4319
-71.8518
-71.2932
-70.7482
-70.2177
-69.7048
-68.3741
-65.7852
-62.841
-59.8862
-57.4999
-54.5122
-36.5311
8.26083
-28.279
-73.3808
-79.0785
-79.0509
-77.8459
-77.2243
-76.8894
-76.5486
-76.2142
-75.889
-75.5716
-75.2791
-74.9915
-74.7086
-74.4337
-74.2598
-74.1377
-74.0009
-73.86
-73.7227
-73.7421
-73.8003
-73.8226
-73.8233
-73.8126
-73.7965
-73.7785
-73.7608
-73.7444
-73.7302
-73.7185
-73.7093
-73.7029
-73.699
-73.6976
-73.6986
-73.7017
-73.7068
-73.7137
-73.7224
-73.7325
-73.744
-73.7567
-73.7705
-73.7852
-73.8009
-73.8172
-73.8342
-73.8518
-73.8699
-73.8884
-73.9072
-73.9264
-73.9458
-73.9653
-73.9851
-74.0049
-74.0248
-74.0448
-74.0648
-74.0848
-74.1047
-74.1247
-74.1445
-74.1643
-74.184
-74.2036
-74.2231
-74.2424
-74.2617
-74.2808
-74.2998
-74.3186
-74.3373
-74.3558
-74.3742
-74.3924
-74.4105
-74.4284
-74.4462
-74.4638
-74.4812
-74.4985
-74.5156
-74.5326
-74.5494
-74.566
-74.5825
-74.5988
-74.615
-74.631
-74.6469
-74.6626
-74.6782
-74.6936
-74.7089
-74.7241
-74.739
-74.7539
-71.6322
-67.7919
-64.8673
-62.5162
-58.4833
-53.1866
44.8012
-7.8617
-38.7705
-78.27
-79.1302
-79.0352
-77.7665
-77.2062
-75.7089
-74.5747
-73.9394
-73.4011
-72.8781
-72.3577
-71.8408
-70.9154
-68.36
-66.4464
-64.941
-63.1055
-61.9258
-61.1184
-60.4933
-59.9586
-59.4654
-58.4877
-56.3685
-52.6993
41.7562
-7.1513
-38.4418
-77.1702
-78.2619
-78.0428
-77.8043
-77.5727
-77.33
-76.9783
-76.682
-76.422
-76.1704
-75.9229
-75.6941
-75.486
-75.2898
-75.1045
-74.9306
-74.7685
-74.6182
-74.48
-74.3537
-74.2392
-74.136
-74.0438
-73.962
-73.89
-73.8271
-73.7729
-73.7266
-73.6875
-73.6552
-73.629
-73.6083
-73.5927
-73.5816
-73.5745
-73.5711
-73.571
-73.1903
-69.427
-66.0568
-63.5278
-61.5358
-59.8043
-57.9924
-55.2459
-38.1222
11.8533
-26.4451
-72.3172
-79.6569
-79.7025
-79.6665
-79.6245
-79.5781
-77.3831
-75.9724
-75.2963
-74.7969
-73.9974
-70.8225
-68.6519
-67.2902
-66.309
-65.5318
-64.3726
-62.028
-60.147
-58.5464
-56.4658
-51.1075
37.6937
-14.9095
-47.9572

