-70
-70.0758
-70.1508
-70.225
-70.2983
-70.3706
-70.4419
-70.5122
-70.5814
-70.6496
-70.7168
-70.7829
-70.848
-70.9121
-70.9752
-71.0373
-71.0984
-71.1586
-71.2178
-71.2761
-71.3334
-71.3899
-71.4455
-71.5003
-71.5543
-71.6074
-71.6598
-71.7114
-71.7623
-71.8124
-71.8619
-71.9106
-71.9587
-72.006
-72.0527
-72.0988
-72.1442
-72.1889
-72.2331
-72.2766
-72.3196
-72.362
-72.4038
-72.445
-72.4857
-72.5258
-72.5654
-72.6045
-72.6431
-72.6812
-72.7188
-72.756
-72.7927
-72.8289
-72.8647
-72.9
-72.9349
-72.9694
-73.0035
-73.0371
-73.0704
-73.1032
-73.1357
-73.1678
-73.1994
-73.2307
-73.2617
-73.2922
-73.3224
-73.3523
-73.3817
-73.4109
-73.4397
-73.4682
-73.4963
-73.5241
-73.5516
-73.5788
-73.6057
-73.6323
-73.6585
-73.6845
-73.7102
-73.7356
-73.7608
-73.7857
-73.8103
-73.8346
-73.8587
-73.8825
-73.9061
-73.9294
-73.9524
-73.9753
-73.9979
-74.0202
-74.0423
-74.0642
-74.0859
-74.1073
-74.1285
-74.1495
-74.1703
-74.1909
-74.2112
-74.2313
-74.2513
-74.271
-74.2905
-74.3098
-74.329
-74.3479
-74.3666
-74.3852
-74.4036
-74.4217
-74.4397
-74.4575
-74.4752
-74.4926
-74.5099
-74.527
-74.544
-74.5607
-74.5774
-74.5938
-74.6101
-74.6262
-74.6422
-74.658
-74.6736
-74.6891
-74.7045
-74.7197
-74.7347
-74.7496
-74.7644
-74.779
-74.7935
-74.8079
-74.8221
-74.8362
-74.8501
-74.864
-74.8777
-74.8913
-74.9047
-74.918
-74.9313
-74.9443
-74.9573
-74.9701
-74.9829
-74.9955
-75.008
-75.0204
-75.0327
-75.0448
-75.0569
-75.0688
-75.0806
-75.0924
-75.104
-75.1155
-75.1269
-75.1382
-75.1495
-75.1606
-75.1716
-75.1825
-75.1933
-75.204
-75.2147
-75.2252
-75.2356
-75.246
-75.2562
-75.2664
-75.2764
-75.2864
-75.2963
-75.3061
-75.3158
-75.3255
-75.335
-75.3445
-75.3538
-75.3631
-75.3724
-75.3815
-75.3906
-75.3995
-75.4084
-75.4172
-75.426
-75.4346
-75.4432
-75.4518
-75.4602
-75.4686
-75.4769
-75.4851
-75.4932
-75.5013
-75.5093
-75.5173
-75.5251
-75.533
-75.5407
-75.5484
-75.556
-75.5635
-75.571
-75.5784
-75.5858
-75.593
-75.6003
-75.6074
-75.6145
-75.6216
-75.6285
-75.6355
-75.6423
-75.6491
-75.6559
-75.6626
-75.6692
-75.6758
-75.6823
-75.6888
-75.6952
-75.7015
-75.7078
-75.7141
-75.7203
-75.7264
-75.7325
-75.7386
-75.7446
-75.7505
-75.7564
-75.7622
-75.768
-75.7738
-75.7795
-75.7851
-75.7907
-75.7963
-75.8018
-75.8072
-75.8127
-75.818
-75.8234
-75.8287
-75.8339
-75.8391
-75.8443
-75.8494
-75.8545
-75.8595
-75.8645
-75.8695
-75.8744
-75.8793
-75.8841
-75.8889
-75.8937
-75.8984
-75.9031
-75.9077
-75.9123
-75.9169
-75.9214
-75.9259
-75.9304
-75.9348
-75.9392
-75.9436
-75.9479
-75.9522
-75.9565
-75.9607
-75.9649
-75.969
-75.9731
-75.9772
-75.9813
-75.9853
-75.9893
-75.9933
-75.9972
-76.0011
-76.005
-76.0088
-76.0126
-76.0164
-76.0201
-76.0239
-76.0275
-76.0312
-76.0348
-76.0384
-76.042
-76.0456
-76.0491
-76.0526
-76.056
-76.0595
-76.0629
-76.0663
-76.0696
-76.0729
-76.0762
-76.0795
-76.0828
-76.086
-76.0892
-76.0924
-76.0955
-76.0986
-76.1017
-76.1048
-76.1079
-76.1109
-76.1139
-76.1169
-76.1198
-76.1228
-76.1257
-76.1286
-76.1314
-76.1343
-76.1371
-76.1399
-76.1427
-76.1455
-76.1482
-76.1509
-76.1536
-76.1563
-76.1589
-76.1615
-76.1642
-76.1667
-76.1693
-76.1719
-76.1744
-76.1769
-76.1794
-76.1819
-76.1843
-76.1868
-76.1892
-76.1916
-76.1939
-76.1963
-76.1986
-76.201
-76.2033
-76.2056
-76.2078
-76.2101
-76.2123
-76.2145
-76.2167
-76.2189
-76.2211
-76.2232
-76.2254
-76.2275
-76.2296
-76.2317
-76.2337
-76.2358
-76.2378
-76.2398
-76.2418
-76.2438
-76.2458
-76.2478
-76.2497
-76.2516
-76.2536
-76.2554
-76.2573
-76.2592
-76.2611
-76.2629
-76.2647
-76.2665
-76.2683
-76.2701
-76.2719
-76.2737
-76.2754
-76.2771
-76.2788
-76.2806
-76.2822
-76.2839
-76.2856
-76.2872
-76.2889
-76.2905
-76.2921
-76.2937
-76.2953
-76.2969
-76.2985
-76.3
-76.3016
-76.3031
-76.3046
-76.3061
-76.3076
-76.3091
-76.3106
-76.312
-76.3135
-76.3149
-76.3164
-76.3178
-76.3192
-76.3206
-76.322
-76.3233
-76.3247
-76.3261
-76.3274
-76.3287
-76.33
-76.3314
-76.3327
-76.334
-76.3352
-76.3365
-76.3378
-76.339
-76.3403
-76.3415
-76.3427
-76.3439
-76.3452
-76.3464
-76.3475
-76.3487
-76.3499
-76.351
-76.3522
-76.3533
-76.3545
-76.3556
-76.3567
-76.3578
-76.3589
-76.36
-76.3611
-76.3622
-76.3632
-76.3643
-76.3654
-76.3664
-76.3674
-76.3685
-76.3695
-76.3705
-76.3715
-76.3725
-76.3735
-76.3745
-76.3754
-76.3764
-76.3774
-76.3783
-76.3793
-76.3802
-76.3811
-76.382
-76.383
-76.3839
-76.3848
-76.3857
-76.3866
-76.3874
-76.3883
-76.3892
-76.39
-76.3909
-76.3917
-76.3926
-76.3934
-76.3943
-76.3951
-76.3959
-76.3967
-76.3975
-76.3983
-76.3991
-76.3999
-75.9759
-71.7835
-67.9998
-65.1512
-62.9411
-61.1178
-59.4221
-57.4417
-53.4787
45.7806
-6.54174
-37.473
-78.0343
-79.0643
-78.9636
-78.8379
-78.6999
-78.5499
-78.2539
-75.7652
-73.4291
-70.9299
-69.53
-68.606
-67.8684
-67.2233
-66.6368
-66.0963
-65.5966
-64.1531
-62.0734
-60.4371
-59.0359
-57.585
-55.5645
-49.8951
31.8653
-18.3142
-54.8743
-79.2007
-79.4628
-79.3729
-79.2552
-77.7861
-76.3468
-75.8035
-75.4559
-73.1984
-71.5931
-70.7934
-70.5488
-70.6472
-70.7885
-70.7461
-70.6277
-70.4866
-69.4026
-67.6788
-66.7018
-66.1534
-65.8211
-65.6083
-65.4676
-65.3741
-65.3137
-65.2783
-65.2625
-65.2631
-65.2775
-65.3041
-65.3414
-65.3885
-65.4444
-65.5082
-65.5792
-65.6568
-65.7403
-65.8291
-65.9227
-63.8618
-61.2949
-59.2162
-57.2081
-54.3056
-35.2959
6.54826
-29.4064
-74.2311
-79.4822
-79.5177
-78.0711
-77.2393
-76.8633
-74.7286
-73.44
-72.698
-72.0904
-71.7761
-71.4886
-71.1341
-69.0923
-67.0582
-65.561
-63.0097
-61.0987
-59.7297
-58.5554
-57.3078
-55.5258
-50.9676
39.2343
-14.4127
-47.7689
-78.3517
-78.6712
-78.4648
-78.2903
-78.034
-77.8049
-77.4823
-77.2392
-77.0382
-76.8
-76.6023
-76.43
-76.2709
-76.1219
-75.9822
-75.8519
-75.7309
-75.6191
-75.5166
-75.4588
-75.4218
-75.3851
-75.3498
-75.317
-75.2872
-75.2606
-75.2372
-75.2168
-75.1994
-75.1846
-75.1724
-75.1625
-75.1547
-75.1488
-75.1447
-75.1421
-75.1409
-75.141
-75.1423
-75.1445
-75.1477
-75.1517
-75.1564
-75.1617
-75.1676
-75.174
-75.1808
-75.188
-75.1955
-75.2034
-75.2114
-75.2197
-75.2281
-75.2367
-75.2454
-75.2542
-75.2631
-75.2721
-75.2811
-75.2902
-75.2992
-75.3083
-75.3174
-75.3264
-75.3355
-73.4247
-69.3051
-66.0577
-63.5851
-61.6069
-59.8587
-57.989
-55.0181
-23.6958
7.33045
-28.7163
-74.5123
-78.7881
-78.6847
-78.5274
-78.3547
-78.1671
-77.9652
-77.7495
-77.5214
-74.6796
-72.6014
-70.4974
-67.6917
-65.9093
-64.7208
-63.8277
-63.099
-61.6499
-59.6663
-57.8678
-55.1537
-43.7429
15.0018
-25.1883
-69.0559
-78.6275
-77.9563
-77.6074
-77.3353
-75.9615
-74.9362
-74.374
-73.9866
-73.6123
-72.9849
-71.0237
-69.8087
-69.3371
-69.2522
-69.0988
-68.8189
-66.6193
-64.9113
-64.5982
-65.6188
-66.2269
-66.5385
-66.7048
-66.7976
-66.8528
-66.8892
-66.917
-66.9421
-66.9679
-66.9963
-67.0285
-67.0651
-67.1063
-67.1522
-67.2028
-67.2579
-67.3173
-67.3808
-67.4481
-67.5188
-67.5926
-68.175
-68.9958
-69.6517
-70.1699
-70.5853
-70.9231
-71.2013
-68.4059
-66.234
-65.0023
-64.2031
-63.668
-63.3035
-63.056
-62.8915
-62.7876
-61.393
-59.0421
-56.8379
-53.519
6.87677
-1.72612
-33.8004
-76.2538
-78.6401
-78.524
-78.3524
-76.8181
-76.0067
-75.5651
-74.0057
-72.3705
-71.4592
-70.8016
-70.2345
-69.7125
-69.2225
-66.9627
-64.9221
-63.9968
-62.8322
-61.3649
-60.7984
-61.2491
-61.5896
-61.7995
-61.9347
-62.4924
-64.23
-65.9595
-67.0621
-68.8154
-70.1553
-70.8985
-71.3274
-71.5888
-71.7564
-71.8692
-71.949
-72.0425
-72.4074
-72.7079
-72.9185
-73.071
-73.1849
-73.4532
-73.7279
-73.9259
-74.0707
-74.1795
-74.2634
-74.3297
-74.3834
-74.4277
-74.4651
-74.4972
-74.5254
-74.5505
-74.5731
-74.594
-74.6133
-74.6315
-74.6487
-74.6652
-74.6811
-74.6965
-74.7115
-74.7262
-74.7407
-74.7549
-74.7689
-74.7828
-74.7965
-74.8101
-74.8236
-74.837
-74.8503
-74.8635
-74.8766
-74.8896
-74.9026
-74.9155
-74.9282
-74.941
-74.9536
-74.9661
-74.9786
-74.9909
-75.0032
-75.0154
-75.0275
-75.0395
-75.0514
-75.0633
-75.075
-75.0867
-75.0982
-75.1097
-75.121
-75.1323
-75.1435
-74.4231
-70.3258
-66.8037
-63.4369
-58.9011
-53.8716
46.3007
-4.40783
-35.6598
-77.8264
-79.1447
-79.0557
-78.9405
-78.8137
-78.6756
-78.5263
-78.3664
-78.1966
-78.0181
-73.3007
-68.9514
-66.6376
-65.2245
-64.2209
-63.4289
-62.7591
-62.1653
-61.6223
-59.3444
-55.7476
-47.0929
21.8068
-22.2013
-63.4682
-78.7501
-78.8002
-78.66
-76.7308
-75.2103
-74.5622
-74.0481
-73.5429
-73.0326
-72.6749
-72.3561
-71.9859
-69.4028
-65.6771
-64.1011
-63.5623
-63.1824
-63.4751
-64.672
-65.7795
-66.3773
-66.6968
-66.8729
-66.9729
-67.1686
-66.5297
-66.1585
-66.6039
-66.9258
-67.1083
-67.2221
-67.3007
-67.361
-67.412
-67.4587
-67.5039
-67.5493
-67.5959
-67.6444
-67.6951
-67.7482
-67.8039
-67.8621
-67.9228
-67.9858
-68.0512
-68.1187
-68.1882
-68.2595
-68.3326
-68.4071
-68.483
-68.5601
-68.6382
-69.1087
-69.8799
-70.5053
-71.0005
-71.3982
-71.7218
-71.9883
-70.1567
-66.8661
-64.4186
-62.6199
-61.2241
-60.0503
-58.9428
-57.7089
-55.9255
-51.3107
39.232
-14.7061
-47.706
-78.3682
-78.7791
-78.644
-77.9935
-76.4439
-75.7711
-75.319
-74.8874
-72.8406
-71.0727
-69.9962
-69.1993
-68.1699
-65.7995
-64.0217
-62.7838
-61.8324

