-70
-69.8623
-69.7285
-69.5983
-69.4718
-69.3487
-69.2291
-69.1128
-68.9997
-68.8897
-68.7828
-68.6789
-68.5778
-68.4795
-68.3839
-68.291
-68.2007
-68.1128
-68.0274
-67.9443
-67.8636
-67.7851
-67.7087
-67.6345
-67.5623
-67.4921
-67.4238
-67.3574
-67.2929
-67.2301
-67.1691
-67.1098
-67.0521
-66.996
-66.9414
-66.8884
-66.8368
-66.7866
-66.7378
-66.6904
-66.6443
-66.5994
-66.5558
-66.5133
-66.4721
-66.432
-66.393
-66.355
-66.3181
-66.2823
-66.2474
-66.2134
-66.1805
-66.1484
-66.1172
-66.0868
-66.0573
-66.0286
-66.0007
-65.9736
-65.9472
-65.9215
-65.8966
-65.8723
-65.8487
-65.8257
-65.8034
-65.7817
-65.7606
-65.74
-65.72
-65.7006
-65.6817
-65.6633
-65.6455
-65.6281
-65.6112
-65.5948
-65.5788
-65.5632
-65.5481
-65.5334
-65.5191
-65.5052
-65.4917
-65.4785
-65.4657
-65.4533
-65.4412
-65.4294
-65.418
-65.4068
-65.396
-65.3855
-65.3752
-65.3653
-65.3556
-65.3462
-65.337
-65.3281
-65.3194
-65.311
-65.3028
-65.2948
-65.2871
-65.2795
-65.2722
-65.2651
-65.2581
-65.2514
-65.2448
-65.2385
-65.2322
-65.2262
-65.2203
-65.2146
-65.2091
-65.2037
-65.1984
-65.1933
-65.1884
-65.1835
-65.1788
-65.1743
-65.1698
-65.1655
-65.1613
-65.1572
-65.1532
-65.1493
-65.1456
-65.1419
-65.1384
-65.1349
-65.1315
-65.1283
-65.1251
-65.122
-65.119
-65.1161
-65.1132
-65.1104
-65.1077
-65.1051
-65.1026
-65.1001
-65.0977
-65.0953
-65.0931
-65.0908
-65.0887
-65.0866
-65.0845
-65.0826
-65.0806
-65.0788
-65.0769
-65.0752
-65.0734
-65.0718
-65.0701
-65.0685
-65.067
-65.0655
-65.064
-65.0626
-65.0612
-65.0599
-65.0586
-65.0573
-65.0561
-65.0549
-65.0537
-65.0526
-65.0514
-65.0504
-65.0493
-65.0483
-65.0473
-65.0464
-65.0454
-65.0445
-65.0436
-65.0428
-65.0419
-65.0411
-65.0403
-65.0395
-65.0388
-65.0381
-65.0374
-65.0367
-65.036
-65.0353
-65.0347
-65.0341
-65.0335
-65.0329
-65.0323
-65.0318
-65.0313
-65.0307
-65.0302
-65.0297
-65.0293
-65.0288
-65.0283
-65.0279
-65.0275
-65.027
-65.0266
-65.0262
-65.0259
-65.0255
-65.0251
-65.0248
-65.0244
-65.0241
-65.0238
-65.0234
-65.0231
-65.0228
-65.0225
-65.0223
-65.022
-65.0217
-65.0215
-65.0212
-65.021
-65.0207
-65.0205
-65.0203
-65.02
-65.0198
-65.0196
-65.0194
-65.0192
-65.019
-65.0188
-65.0187
-65.0185
-65.0183
-65.0181
-65.018
-65.0178
-65.0177
-65.0175
-65.0174
-65.0172
-65.0171
-65.017
-65.0168
-65.0167
-65.0166
-65.0165
-65.0163
-65.0162
-65.0161
-65.016
-65.0159
-65.0158
-65.0157
-65.0156
-65.0155
-65.0154
-65.0153
-65.0153
-65.0152
-65.0151
-65.015
-65.0149
-65.0149
-65.0148
-65.0147
-65.0147
-65.0146
-65.0145
-65.0145
-65.0144
-65.0143
-65.0143
-65.0142
-65.0142
-65.0141
-65.0141
-65.014
-65.014
-65.0139
-65.0139
-65.0138
-65.0138
-65.0137
-65.0137
-65.0137
-65.0136
-65.0136
-65.0135
-65.0135
-65.0135
-65.0134
-65.0134
-65.0134
-65.0133
-65.0133
-65.0133
-65.0133
-65.0132
-65.0132
-65.0132
-65.0131
-65.0131
-65.0131
-65.0131
-65.0131
-65.013
-65.013
-65.013
-65.013
-65.0129
-65.0129
-65.0129
-65.0129
-65.0129
-65.0129
-65.0128
-65.0128
-65.0128
-65.0128
-65.0128
-65.0128
-65.0127
-65.0127
-65.0127
-65.0127
-65.0127
-65.0127
-65.0127
-65.0127
-65.0126
-65.0126
-65.0126
-65.0126
-65.0126
-65.0126
-65.0126
-65.0126
-65.0126
-65.0126
-65.0125
-65.0125
-65.0125
-65.0125
-65.0125
-65.0125
-65.0125
-65.0125
-65.0125
-65.0125
-65.0125
-65.0125
-65.0125
-65.0124
-65.0124
-65.0124
-65.0124
-65.0124
-65.0124
-65.0124
-65.0124
-65.0124
-65.0124
-65.0124
-65.0124
-65.0124
-65.0124
-65.0124
-65.0124
-65.0124
-65.0124
-65.0124
-65.0124
-65.0124
-65.0124
-65.0124
-65.0123
-65.0123
-65.0123
-65.0123
-65.0123
-65.0123
-65.0123
-65.0123
-65.0123
-65.0123
-65.0123
-65.0123
-65.0123
-65.0123
-65.0123
-65.0123
-65.0123
-65.0123
-65.0123
-65.0123
-65.0123
-65.0123
-65.0123
-65.0123
-65.0123
-65.0123
-65.0123
-65.0123
-65.0123
-65.0123
-65.0123
-65.0123
-65.0123
-65.0123
-65.0123
-65.0123
-65.0123
-65.0123
-65.0123
-65.0123
-65.0123
-65.0123
-65.0123
-65.0123
-65.0123
-65.0123
-65.0123
-65.0123
-65.0123
-65.0123
-65.0123
-65.0123
-65.0123
-65.0123
-65.0123
-65.0123
-65.0123
-65.0123
-65.0123
-65.0123
-65.0123
-65.0123
-65.0123
-65.0123
-65.0123
-65.0123
-65.0123
-65.0123
-65.0123
-65.0123
-65.0123
-65.0123
-65.0123
-65.0123
-64.7043
-64.4515
-64.2637
-64.1299
-64.026
-63.943
-63.8763
-63.8231
-63.7811
-63.7486
-63.7241
-63.7065
-63.6948
-63.688
-63.6856
-63.6868
-63.6912
-63.6983
-63.7077
-63.7191
-63.7322
-63.7467
-63.7624
-63.7792
-63.7967
-63.8149
-63.8337
-63.8529
-63.8724
-63.8922
-63.9121
-63.9321
-63.9522
-63.9722
-63.8374
-63.4847
-63.253
-63.0831
-62.9644
-62.8739
-62.8046
-62.7526
-62.7146
-62.6885
-62.6723
-62.6646
-62.664
-62.6695
-62.6802
-62.6952
-62.714
-62.7359
-62.7101
-62.4366
-62.2138
-61.9596
-61.3973
-60.9857
-60.4523
-59.9019
-59.4328
-58.4435
-57.709
-57.1451
-56.6903
-56.1865
-55.8017
-55.5123
-55.0549
-54.5952
-54.2323
-53.7433
-53.3931
-53.0896
-52.864
-52.7008
-52.5364
-52.4056
-52.2916
-52.2132
-52.1347
-52.0865
-52.037
-51.9804
-51.9338
-51.8608
-51.8351
-51.8428
-51.8791
-51.9367
-51.9703
-51.9828
-51.9953
-52.0315
-52.0962
-52.1574
-52.1932
-52.2459
-52.3249
-52.3931
-52.4708
-52.5698
-52.6857
-52.8148
-52.9542
-53.1024
-53.2233
-53.3444
-53.4549
-53.5721
-53.7056
-53.8504
-53.9749
-54.0925
-54.226
-54.3327
-54.4157
-54.517
-54.6363
-54.6845
-54.7419
-54.7513
-54.7296
-54.7099
-54.6541
-54.5962
-54.5446
-54.5451
-54.5654
-54.5616
-54.5244
-54.4608
-54.4419
-54.3048
-54.0655
-53.8161
-53.5413
-53.1655
-52.824
-52.456
-52.0478
-51.6314
-51.2663
-50.7643
-50.375
-50.0408
-49.74
-49.4933
-49.278
-48.9976
-48.7231
-48.4836
-48.2326
-47.9983
-47.7652
-47.4935
-47.2035
-46.8828
-46.507
-46.0458
-45.4422
-44.5885
-43.2172
-40.3827
-26.1319
38.5731
-9.42559
-41.352
-57.2347
-61.5333
-62.9098
-63.4603
-63.6972
-63.7988
-63.8403
-63.855
-63.8578
-63.8557
-63.8517
-63.8472
-63.8429
-63.8391
-63.8357
-63.833
-63.8309
-63.8292
-63.8282
-63.8275
-63.8274
-63.8276
-63.8282
-63.8292
-63.8305
-63.8321
-63.834
-63.8361
-63.8384
-63.8409
-63.8436
-63.8465
-63.8495
-63.8527
-63.8559
-63.8593
-63.8628
-63.8663
-63.8699
-63.8736
-63.8773
-63.8811
-63.8849
-63.8887
-63.8925
-63.8964
-63.9003
-63.9042
-63.9081
-63.9121
-63.916
-63.9199
-63.9238
-63.9278
-63.9317
-63.9356
-63.9395
-63.8947
-63.8518
-63.8214
-63.8006
-63.7782
-63.5986
-63.4681
-63.3704
-63.2855
-63.0925
-62.6325
-62.1406
-61.7257
-61.371
-60.8667
-60.0375
-58.8702
-57.9278
-57.1348
-56.5589
-56.1119
-55.5635
-55.1485
-54.7507
-54.4474
-54.2223
-54.0592
-53.9443
-53.8683
-53.7586
-53.6906
-53.6326
-53.5838
-53.5233
-53.4554
-53.3412
-53.2585
-53.2172
-53.1893
-53.1695
-53.1798
-53.1838
-53.2159
-53.2726
-53.3213
-53.2848
-53.1895
-53.0821
-53.0237
-52.993
-53.0058
-53.0474
-53.1124
-53.1958
-53.2747
-53.35
-53.4472
-53.5601
-53.6861
-53.7777
-53.8885
-53.98
-54.0919
-54.2174
-54.3544
-54.4994
-54.6504
-54.8062
-54.9657
-55.1281
-55.2925
-55.4203
-55.5502
-55.6899
-55.837
-55.9726
-56.021
-56.0764
-56.1582
-56.2592
-56.3218
-56.2561
-56.2157
-56.1888
-56.1397
-56.0847
-55.9989
-55.8925
-55.786
-55.6793
-55.4897
-55.3077
-55.139
-54.8808
-54.6111
-54.3226
-54.0141
-53.6993
-53.4673
-53.2414
-52.9107
-52.4701
-51.9815
-51.6074
-51.3396
-51.126
-50.9556
-50.8327
-50.7475
-50.6737
-50.6223
-50.5792
-50.5513
-50.4894
-50.4025
-50.3222
-50.2627
-50.1939
-50.1214
-50.0893
-50.0572
-50.0531
-50.0434
-50.062
-50.1014
-50.16
-50.235
-50.325
-50.4291
-50.5464
-50.6759
-50.8165
-50.9675
-51.1283
-51.2979
-51.4759
-51.6617
-51.8542
-52.0522
-52.2547
-52.4612
-52.6711
-52.8838
-53.0982
-53.3136
-53.5296
-53.746
-53.9621
-54.1772
-54.3909
-54.6032
-54.8137
-55.0222
-55.2281
-55.4313
-55.6318
-55.8296
-56.0243
-56.2157
-56.4039
-56.5887
-56.7703
-56.9485
-57.1233
-57.2945
-57.4623
-57.6267
-57.7877
-57.9454
-58.0996
-58.2505
-58.3981
-58.5423
-58.6834
-58.8213
-58.9561
-59.0879
-59.2165
-59.3422
-59.4649
-59.5847
-59.7018
-59.8161
-59.9277
-60.0366
-60.1429
-60.2467
-60.348
-60.4468
-60.5432
-60.6374
-60.7292
-60.8188
-60.9063
-60.9916
-61.0748
-61.156
-61.2352
-61.3125
-61.3358
-61.3717
-61.3647
-61.3728
-61.0565
-60.5719
-60.2152
-59.9059
-59.6712
-59.5024
-59.3816
-59.297
-59.1992
-59.1266
-58.767
-58.4705
-58.2641
-57.895
-56.8901
-55.8801
-55.1546
-54.6207
-54.2156
-53.8596
-53.5915
-53.3408
-53.1475
-52.9798
-52.8312
-52.7137
-52.6436
-52.6104
-52.6076
-52.6297
-52.5673
-52.3284
-52.1381
-51.9334
-51.7114
-51.5586
-51.4641
-51.4157
-51.4003
-51.3884
-51.3507
-51.3024
-51.2759
-51.1698
-51.0593
-50.9624
-50.8845
-50.8545
-50.8573
-50.8871
-50.9384
-51.0085
-51.0955
-51.1977
-51.314
-51.4431
-51.5838
-51.7345
-51.8944
-52.0623
-52.2373
-52.4187
-52.6057
-52.7707
-52.9276
-53.0978
-53.2764
-53.4615
-53.6507
-53.8429
-53.9571
-54.0852
-54.2297
-54.3877
-54.553
-54.7229
-54.8961
-55.0529
-55.184
-55.33
-55.4835
-55.6403
-55.7619
-55.8973
-56.0398
-56.1884
-56.34
-56.4933
-56.6474
-56.7349
-56.812
-56.9095
-57.0129
-57.0461
-56.9728
-56.8546
-56.6424
-56.3077
-55.8275
-55.506
-55.2283
-54.9129
-54.5891
-54.2665
-53.964
-53.5191
-52.8858
-52.3694
-51.9584
-51.6594
-51.4372
-51.2598
-51.1063
-50.9574

