-70
-69.8623
-69.7285
-69.5983
-69.4718
-69.3487
-69.2291
-69.1128
-68.9997
-68.8897
-68.7828
-68.6789
-68.5778
-68.4795
-68.3839
-68.291
-68.2007
-68.1128
-68.0274
-67.9443
-67.8636
-67.7851
-67.7087
-67.6345
-67.5623
-67.4921
-67.4238
-67.3574
-67.2929
-67.2301
-67.1691
-67.1098
-67.0521
-66.996
-66.9414
-66.8884
-66.8368
-66.7866
-66.7378
-66.6904
-66.6443
-66.5994
-66.5558
-66.5133
-66.4721
-66.432
-66.393
-66.355
-66.3181
-66.2823
-66.2474
-66.2134
-66.1805
-66.1484
-66.1172
-66.0868
-66.0573
-66.0286
-66.0007
-65.9736
-65.9472
-65.9215
-65.8966
-65.8723
-65.8487
-65.8257
-65.8034
-65.7817
-65.7606
-65.74
-65.72
-65.7006
-65.6817
-65.6633
-65.6455
-65.6281
-65.6112
-65.5948
-65.5788
-65.5632
-65.5481
-65.5334
-65.5191
-65.5052
-65.4917
-65.4785
-65.4657
-65.4533
-65.4412
-65.4294
-65.418
-65.4068
-65.396
-65.3855
-65.3752
-65.3653
-65.3556
-65.3462
-65.337
-65.3281
-65.3194
-65.311
-65.3028
-65.2948
-65.2871
-65.2795
-65.2722
-65.2651
-65.2581
-65.2514
-65.2448
-65.2385
-65.2322
-65.2262
-65.2203
-65.2146
-65.2091
-65.2037
-65.1984
-65.1933
-65.1884
-65.1835
-65.1788
-65.1743
-65.1698
-65.1655
-65.1613
-65.1572
-65.1532
-65.1493
-65.1456
-65.1419
-65.1384
-65.1349
-65.1315
-65.1283
-65.1251
-65.122
-65.119
-65.1161
-65.1132
-65.1104
-65.1077
-65.1051
-65.1026
-65.1001
-65.0977
-65.0953
-65.0931
-65.0908
-65.0887
-65.0866
-65.0845
-65.0826
-65.0806
-65.0788
-65.0769
-65.0752
-65.0734
-65.0718
-65.0701
-65.0685
-65.067
-65.0655
-65.064
-65.0626
-65.0612
-65.0599
-65.0586
-65.0573
-65.0561
-65.0549
-65.0537
-65.0526
-65.0514
-65.0504
-65.0493
-65.0483
-65.0473
-65.0464
-65.0454
-65.0445
-65.0436
-65.0428
-65.0419
-65.0411
-65.0403
-65.0395
-65.0388
-65.0381
-65.0374
-65.0367
-65.036
-65.0353
-65.0347
-65.0341
-65.0335
-65.0329
-65.0323
-65.0318
-65.0313
-65.0307
-65.0302
-65.0297
-65.0293
-65.0288
-65.0283
-65.0279
-65.0275
-65.027
-65.0266
-65.0262
-65.0259
-65.0255
-65.0251
-65.0248
-65.0244
-65.0241
-65.0238
-65.0234
-65.0231
-65.0228
-65.0225
-65.0223
-65.022
-65.0217
-65.0215
-65.0212
-65.021
-65.0207
-65.0205
-65.0203
-65.02
-65.0198
-65.0196
-65.0194
-65.0192
-65.019
-65.0188
-65.0187
-65.0185
-65.0183
-65.0181
-65.018
-65.0178
-65.0177
-65.0175
-65.0174
-65.0172
-65.0171
-65.017
-65.0168
-65.0167
-65.0166
-65.0165
-65.0163
-65.0162
-65.0161
-65.016
-65.0159
-65.0158
-65.0157
-65.0156
-65.0155
-65.0154
-65.0153
-65.0153
-65.0152
-65.0151
-65.015
-65.0149
-65.0149
-65.0148
-65.0147
-65.0147
-65.0146
-65.0145
-65.0145
-65.0144
-65.0143
-65.0143
-65.0142
-65.0142
-65.0141
-65.0141
-65.014
-65.014
-65.0139
-65.0139
-65.0138
-65.0138
-65.0137
-65.0137
-65.0137
-65.0136
-65.0136
-65.0135
-65.0135
-65.0135
-65.0134
-65.0134
-65.0134
-65.0133
-65.0133
-65.0133
-65.0133
-65.0132
-65.0132
-65.0132
-65.0131
-65.0131
-65.0131
-65.0131
-65.0131
-65.013
-65.013
-65.013
-65.013
-65.0129
-65.0129
-65.0129
-65.0129
-65.0129
-65.0129
-65.0128
-65.0128
-65.0128
-65.0128
-65.0128
-65.0128
-65.0127
-65.0127
-65.0127
-65.0127
-65.0127
-65.0127
-65.0127
-65.0127
-65.0126
-65.0126
-65.0126
-65.0126
-65.0126
-65.0126
-65.0126
-65.0126
-65.0126
-65.0126
-65.0125
-65.0125
-65.0125
-65.0125
-65.0125
-65.0125
-65.0125
-65.0125
-65.0125
-65.0125
-65.0125
-65.0125
-65.0125
-65.0124
-65.0124
-65.0124
-65.0124
-65.0124
-65.0124
-65.0124
-65.0124
-65.0124
-65.0124
-65.0124
-65.0124
-65.0124
-65.0124
-65.0124
-65.0124
-65.0124
-65.0124
-65.0124
-65.0124
-65.0124
-65.0124
-65.0124
-65.0123
-65.0123
-65.0123
-65.0123
-65.0123
-65.0123
-65.0123
-65.0123
-65.0123
-65.0123
-65.0123
-65.0123
-65.0123
-65.0123
-65.0123
-65.0123
-65.0123
-65.0123
-65.0123
-65.0123
-65.0123
-65.0123
-65.0123
-65.0123
-65.0123
-65.0123
-65.0123
-65.0123
-65.0123
-65.0123
-65.0123
-65.0123
-65.0123
-65.0123
-65.0123
-65.0123
-65.0123
-65.0123
-65.0123
-65.0123
-65.0123
-65.0123
-65.0123
-65.0123
-65.0123
-65.0123
-65.0123
-65.0123
-65.0123
-65.0123
-65.0123
-65.0123
-65.0123
-65.0123
-65.0123
-65.0123
-65.0123
-65.0123
-65.0123
-65.0123
-65.0123
-65.0123
-65.0123
-65.0123
-65.0123
-65.0123
-65.0123
-65.0123
-65.0123
-65.0123
-65.0123
-65.0123
-65.0123
-65.0123
-65.0123
-65.0123
-65.0123
-65.0123
-65.0123
-65.0123
-65.0123
-65.0123
-65.0122
-65.0122
-65.0122
-65.0122
-65.0122
-65.0122
-65.0122
-65.0122
-65.0122
-65.0122
-65.0122
-65.0122
-65.0122
-65.0122
-65.0122
-65.0122
-65.0122
-65.0122
-65.0122
-65.0122
-65.0122
-65.0122
-65.0122
-65.0122
-65.0122
-65.0122
-65.0122
-65.0122
-65.0122
-65.0122
-65.0122
-65.0122
-65.0122
-65.0122
-65.0122
-65.0122
-65.0122
-65.0122
-65.0122
-65.0122
-65.0122
-65.0122
-65.0122
-65.0122
-65.0122
-65.0122
-65.0122
-64.986
-64.8548
-64.7629
-64.6937
-64.5956
-64.497
-64.2234
-63.9313
-63.6744
-63.4698
-63.2639
-63.111
-62.9915
-62.8529
-62.6956
-62.5363
-62.2954
-62.1261
-62.0009
-61.9115
-61.8458
-61.7988
-61.7527
-61.6952
-61.6604
-61.6415
-61.6366
-61.6415
-61.6547
-61.6746
-61.7003
-61.7308
-61.7654
-61.8034
-61.8442
-61.8874
-61.9326
-61.9793
-62.0273
-62.0763
-62.126
-62.1763
-62.2269
-62.2777
-62.3285
-62.3792
-62.4297
-62.4799
-62.4816
-62.4907
-62.5093
-62.5361
-62.5672
-62.601
-62.6368
-62.674
-62.7123
-62.7514
-62.791
-62.8309
-62.8709
-62.9032
-62.8931
-62.8991
-62.9128
-62.9336
-62.9579
-62.9845
-63.013
-63.0429
-63.0737
-63.057
-63.0202
-62.9639
-62.9352
-62.9214
-62.8961
-62.7575
-62.6358
-62.5004
-62.4044
-62.2802
-62.1745
-62.0238
-61.8859
-61.7031
-61.5243
-61.3504
-61.2331
-61.1524
-61.0996
-61.067
-61.0507
-61.0479
-61.0564
-61.0744
-61.1004
-61.1332
-61.1716
-61.2148
-61.2354
-61.2474
-61.2731
-61.3081
-61.3502
-61.3968
-61.4468
-61.4996
-61.5545
-61.611
-61.6688
-61.7276
-61.787
-61.8468
-61.9067
-61.9667
-62.0265
-62.086
-62.1452
-62.2038
-62.2619
-62.3193
-62.3759
-62.4319
-62.4869
-62.5412
-62.5945
-62.6469
-62.6984
-62.7489
-62.7985
-62.8471
-62.8947
-62.9414
-62.9871
-63.0318
-63.0756
-63.1184
-63.1602
-63.2012
-63.2412
-63.2802
-63.3184
-63.3557
-63.3921
-63.4277
-63.4624
-63.4963
-63.5294
-63.5617
-63.5932
-63.6239
-63.6539
-63.6832
-63.7117
-63.7395
-63.7667
-63.7931
-63.8189
-63.8441
-63.8687
-63.8926
-63.9159
-63.9387
-63.9608
-63.9825
-64.0035
-64.0241
-64.0441
-64.0502
-63.9482
-63.8852
-63.8416
-63.8152
-63.7979
-63.7871
-63.7814
-63.78
-63.782
-63.7868
-63.785
-63.7384
-63.712
-63.696
-63.6799
-63.5252
-63.2104
-62.9959
-62.7868
-62.6335
-62.5189
-62.3754
-62.2704
-62.1093
-61.96
-61.8551
-61.7826
-61.7337
-61.6743
-61.5727
-61.5094
-61.4697
-61.4196
-61.387
-61.3717
-61.3715
-61.3823
-61.4016
-61.428
-61.4602
-61.4974
-61.5387
-61.5833
-61.6308
-61.6805
-61.7321
-61.7851
-61.8392
-61.8942
-61.9498
-62.0058
-62.0094
-61.9801
-61.9762
-61.9748
-61.9651
-61.9715
-61.988
-62.0131
-62.0437
-62.0785
-62.1085
-62.0973
-62.1053
-62.1233
-62.1503
-62.1822
-62.2178
-62.2563
-62.2969
-62.3393
-62.3831
-62.4278
-62.4733
-62.5192
-62.5655
-62.6118
-62.6581
-62.7042
-62.7501
-62.762
-62.76
-62.7499
-62.7175
-62.6818
-62.6377
-62.6052
-62.5537
-62.5274
-62.5154
-62.5155
-62.5167
-62.4885
-62.424
-62.3824
-62.31
-62.2288
-62.1296
-61.98
-61.8861
-61.8084
-61.6811
-61.576
-61.464
-61.394
-61.35
-61.3267
-61.3183
-61.3219
-61.3353
-61.357
-61.3856
-61.4199
-61.4312
-61.4504
-61.4784
-61.474
-61.442
-61.4345
-61.4438
-61.4658
-61.4958
-61.5317
-61.5725
-61.6171
-61.6648
-61.715
-61.7672
-61.8209
-61.8757
-61.9314
-61.9877
-62.0444
-62.1011
-62.1579
-62.2145
-62.2708
-62.3267
-62.3821
-62.437
-62.4911
-62.5446
-62.5973
-62.6493
-62.7003
-62.7506
-62.7999
-62.8484
-62.8959
-62.9426
-62.9883
-63.0331
-63.077
-63.12
-63.162
-63.2032
-63.2434
-63.2827
-63.3212
-63.3588
-63.3955
-63.4313
-63.4664
-63.5006
-63.534
-63.5666
-63.5984
-63.6294
-63.6597
-63.6893
-63.7181
-63.7463
-63.7737
-63.8005
-63.8266
-63.852
-63.8768
-63.901
-63.9246
-63.9476
-63.9701
-63.9919
-64.0133
-64.034
-64.0543
-64.074
-64.0933
-64.112
-64.1303
-64.1482
-64.1655
-64.1825
-64.199
-64.2151
-64.2307
-64.246
-64.2609
-64.2755
-64.2896
-64.3034
-64.3169
-64.33
-64.3428
-64.3281
-64.2232
-64.1557
-64.1074
-64.0757
-64.0528
-64.0365
-64.0253
-63.9978
-63.9156
-63.8299
-63.7712
-63.7305
-63.6481
-63.3798
-63.0553
-62.8116
-62.6365
-62.4816
-62.2688
-62.1171
-62.0038
-61.9229
-61.8641
-61.8232
-61.797
-61.7833
-61.78
-61.7856
-61.7988
-61.7878
-61.7018
-61.6446
-61.6136
-61.604
-61.6075
-61.6206
-61.6414
-61.6661
-61.6543
-61.6604
-61.6772
-61.7039
-61.7366
-61.7739
-61.8148
-61.8587
-61.9049
-61.953
-62.0025
-62.0533
-62.1048
-62.157
-62.2095
-62.2622
-62.3149
-62.3536
-62.3712
-62.3991
-62.4323
-62.4702
-62.5102
-62.5517
-62.5942
-62.6374
-62.6811
-62.7249
-62.7688
-62.8126
-62.8562
-62.8994
-62.9423
-62.9847
-63.0266
-63.0679
-63.1086
-63.1487
-63.1881
-63.2269
-63.2649
-63.3022
-63.3388
-63.3475
-63.334
-63.3349
-63.3435
-63.3581
-63.3757
-63.3956
-63.4171
-63.4243
-63.3921
-63.3791
-63.3758
-63.3808
-63.3737
-63.3465
-63.3346
-63.3316
-63.2922
-63.2591
-63.2115
-63.0505
-62.8109
-62.6464
-62.5017
-62.2902
-62.0667
-61.8958
-61.7744
-61.6886
-61.6252
-61.5413
-61.4864

