-70
-70.0758
-70.1508
-70.225
-70.2983
-70.3706
-70.4419
-70.5122
-70.5814
-70.6496
-70.7168
-70.7829
-70.848
-70.9121
-70.9752
-71.0373
-71.0984
-71.1586
-71.2178
-71.2761
-71.3334
-71.3899
-71.4455
-71.5003
-71.5543
-71.6074
-71.6598
-71.7114
-71.7623
-71.8124
-71.8619
-71.9106
-71.9587
-72.006
-72.0527
-72.0988
-72.1442
-72.1889
-72.2331
-72.2766
-72.3196
-72.362
-72.4038
-72.445
-72.4857
-72.5258
-72.5654
-72.6045
-72.6431
-72.6812
-72.7188
-72.756
-72.7927
-72.8289
-72.8647
-72.9
-72.9349
-72.9694
-73.0035
-73.0371
-73.0704
-73.1032
-73.1357
-73.1678
-73.1994
-73.2307
-73.2617
-73.2922
-73.3224
-73.3523
-73.3817
-73.4109
-73.4397
-73.4682
-73.4963
-73.5241
-73.5516
-73.5788
-73.6057
-73.6323
-73.6585
-73.6845
-73.7102
-73.7356
-73.7608
-73.7857
-73.8103
-73.8346
-73.8587
-73.8825
-73.9061
-73.9294
-73.9524
-73.9753
-73.9979
-74.0202
-74.0423
-74.0642
-74.0859
-74.1073
-74.1285
-74.1495
-74.1703
-74.1909
-74.2112
-74.2313
-74.2513
-74.271
-74.2905
-74.3098
-74.329
-74.3479
-74.3666
-74.3852
-74.4036
-74.4217
-74.4397
-74.4575
-74.4752
-74.4926
-74.5099
-74.527
-74.544
-74.5607
-74.5774
-74.5938
-74.6101
-74.6262
-74.6422
-74.658
-74.6736
-74.6891
-74.7045
-74.7197
-74.7347
-74.7496
-74.7644
-74.779
-74.7935
-74.8079
-74.8221
-74.8362
-74.8501
-74.864
-74.8777
-74.8913
-74.9047
-74.918
-74.9313
-74.9443
-74.9573
-74.9701
-74.9829
-74.9955
-75.008
-75.0204
-75.0327
-75.0448
-75.0569
-75.0688
-75.0806
-75.0924
-75.104
-75.1155
-75.1269
-75.1382
-75.1495
-75.1606
-75.1716
-75.1825
-75.1933
-75.204
-75.2147
-75.2252
-75.2356
-75.246
-75.2562
-75.2664
-75.2764
-75.2864
-75.2963
-75.3061
-75.3158
-75.3255
-75.335
-75.3445
-75.3538
-75.3631
-75.3724
-75.3815
-75.3906
-75.3995
-75.4084
-75.4172
-75.426
-75.4346
-75.4432
-75.4518
-75.4602
-75.4686
-75.4769
-75.4851
-75.4932
-75.5013
-75.5093
-75.5173
-75.5251
-75.533
-75.5407
-75.5484
-75.556
-75.5635
-75.571
-75.5784
-75.5858
-75.593
-75.6003
-75.6074
-75.6145
-75.6216
-75.6285
-75.6355
-75.6423
-75.6491
-75.6559
-75.6626
-75.6692
-75.6758
-75.6823
-75.6888
-75.6952
-75.7015
-75.7078
-75.7141
-75.7203
-75.7264
-75.7325
-75.7386
-75.7446
-75.7505
-75.7564
-75.7622
-75.768
-75.7738
-75.7795
-75.7851
-75.7907
-75.7963
-75.8018
-75.8072
-75.8127
-75.818
-75.8234
-75.8287
-75.8339
-75.8391
-75.8443
-75.8494
-75.8545
-75.8595
-75.8645
-75.8695
-75.8744
-75.8793
-75.8841
-75.8889
-75.8937
-75.8984
-75.9031
-75.9077
-75.9123
-75.9169
-75.9214
-75.9259
-75.9304
-75.9348
-75.9392
-75.9436
-75.9479
-75.9522
-75.9565
-75.9607
-75.9649
-75.969
-75.9731
-75.9772
-75.9813
-75.9853
-75.9893
-75.9933
-75.9972
-76.0011
-76.005
-76.0088
-76.0126
-76.0164
-76.0201
-76.0239
-76.0275
-76.0312
-76.0348
-76.0384
-76.042
-76.0456
-76.0491
-76.0526
-76.056
-76.0595
-76.0629
-76.0663
-76.0696
-76.0729
-76.0762
-76.0795
-76.0828
-76.086
-76.0892
-76.0924
-76.0955
-76.0986
-76.1017
-76.1048
-76.1079
-76.1109
-76.1139
-76.1169
-76.1198
-76.1228
-76.1257
-76.1286
-76.1314
-76.1343
-76.1371
-76.1399
-76.1427
-76.1455
-76.1482
-76.1509
-76.1536
-76.1563
-76.1589
-76.1615
-76.1642
-76.1667
-76.1693
-76.1719
-76.1744
-76.1769
-76.1794
-76.1819
-76.1843
-76.1868
-76.1892
-76.1916
-76.1939
-76.1963
-76.1986
-76.201
-76.2033
-76.2056
-76.2078
-76.2101
-76.2123
-76.2145
-76.2167
-76.2189
-76.2211
-76.2232
-76.2254
-76.2275
-76.2296
-76.2317
-76.2337
-76.2358
-76.2378
-76.2398
-76.2418
-76.2438
-76.2458
-76.2478
-76.2497
-76.2516
-76.2536
-76.2554
-76.2573
-76.2592
-76.2611
-76.2629
-76.2647
-76.2665
-76.2683
-76.2701
-76.2719
-76.2737
-76.2754
-76.2771
-76.2788
-76.2806
-76.2822
-76.2839
-76.2856
-76.2872
-76.2889
-76.2905
-76.2921
-76.2937
-76.2953
-76.2969
-76.2985
-76.3
-76.3016
-76.3031
-76.3046
-76.3061
-76.3076
-76.3091
-76.3106
-76.312
-76.3135
-76.3149
-76.3164
-76.3178
-76.3192
-76.3206
-76.322
-76.3233
-76.3247
-76.3261
-76.3274
-76.3287
-76.33
-76.3314
-76.3327
-76.334
-76.3352
-76.3365
-76.3378
-76.339
-76.3403
-76.3415
-76.3427
-76.3439
-76.3452
-76.3464
-76.3475
-76.3487
-76.3499
-76.351
-76.3522
-76.3533
-76.3545
-76.3556
-76.3567
-76.3578
-76.3589
-76.36
-76.3611
-76.3622
-76.3632
-76.3643
-76.3654
-76.3664
-76.3674
-76.3685
-76.3695
-76.3705
-76.3715
-76.3725
-76.3735
-76.3745
-76.3754
-76.3764
-76.3774
-76.3783
-76.3793
-76.3802
-76.3811
-76.382
-76.383
-76.3839
-76.3848
-74.8282
-70.5201
-67.0513
-64.4239
-62.3561
-60.6007
-58.8768
-56.6354
-50.5571
33.4334
-16.2327
-51.469
-79.4443
-79.7444
-79.7174
-79.6815
-79.6415
-79.5976
-79.5496
-79.4977
-79.442
-79.3828
-79.3206
-79.2558
-79.1891
-79.1212
-79.0527
-78.9844
-78.9168
-78.8506
-78.7864
-78.7245
-78.6652
-78.6089
-78.5556
-77.2989
-72.7326
-68.9791
-66.1661
-64.0021
-62.2666
-60.7703
-59.3098
-57.5423
-53.6831
46.1988
-5.01337
-36.2327
-78.0354
-79.3317
-79.2663
-79.1759
-79.076
-78.967
-78.8489
-78.722
-78.5869
-78.4445
-78.296
-78.1074
-77.7839
-77.5169
-77.2979
-77.1073
-76.9361
-76.7801
-76.6069
-76.3983
-76.2229
-76.0953
-73.8085
-70.3803
-68.1388
-66.6889
-65.7148
-65.0399
-64.5613
-64.2175
-63.9705
-63.7942
-63.6724
-63.5938
-63.5503
-63.5362
-63.547
-63.5793
-63.6301
-63.6971
-63.7785
-63.2457
-60.9262
-58.7751
-56.4636
-51.788
41.2678
-12.8725
-45.0058
-78.8684
-79.5236
-79.4797
-79.4157
-79.3446
-79.2671
-79.1832
-79.0931
-78.9973
-78.8965
-78.7915
-78.6834
-77.1283
-73.3938
-70.7204
-68.8592
-67.4833
-66.419
-65.5675
-64.869
-64.2851
-63.337
-61.1372
-59.0856
-56.8763
-52.6216
44.3572
-9.56913
-40.7816
-78.6601
-79.5526
-79.5135
-79.3671
-79.2405
-79.1461
-78.8958
-78.7146
-78.5754
-78.4445
-78.2468
-77.9727
-77.7638
-77.557
-77.2952
-77.0937
-76.9359
-76.7689
-76.5951
-76.464
-76.3627
-76.2813
-76.2141
-76.1577
-76.1098
-76.0688
-76.0335
-76.0023
-75.9773
-75.958
-75.9428
-75.9307
-75.9211
-75.9135
-75.9075
-75.9029
-75.8993
-75.8968
-75.895
-75.894
-75.8937
-75.8938
-75.8945
-75.8956
-75.897
-75.8988
-75.9009
-75.9032
-75.9057
-75.9085
-75.9114
-75.9145
-75.9177
-75.921
-75.9245
-75.928
-75.9316
-75.9352
-75.9389
-75.9427
-75.9464
-75.9503
-75.9541
-75.9579
-75.9618
-75.9657
-75.9695
-75.9734
-75.9773
-75.9812
-75.985
-75.9888
-75.9927
-75.9965
-76.0003
-76.0041
-76.0078
-76.0116
-76.0153
-73.186
-69.0917
-65.9501
-63.5464
-61.6126
-59.8941
-58.0486
-55.1214
-26.7835
8.28891
-28.062
-74.4217
-79.4935
-78.7368
-78.466
-78.2808
-78.0851
-77.8747
-77.6503
-77.4129
-77.1644
-76.2264
-73.7759
-72.0829
-70.9439
-70.0803
-69.3732
-68.7676
-68.2362
-67.7645
-65.8535
-63.6365
-62.0439
-61.9142
-62.0111
-62.0822
-62.1387
-62.1889
-62.2385
-61.2416
-59.6381
-58.1426
-56.3847
-52.9744
38.4395
-5.95231
-37.3389
-77.9644
-79.4101
-79.3675
-79.2933
-79.2115
-79.1229
-79.028
-78.927
-78.8208
-78.71
-78.5958
-78.4792
-78.3614
-78.2437
-78.1274
-78.0134
-77.9029
-77.7967
-77.6954
-77.5997
-75.9532
-71.6485
-68.271
-65.7742
-63.8708
-62.3568
-61.072
-59.8703
-58.5666
-56.7622
-52.4392
42.7869
-10.6203
-42.1711
-79.0539
-79.7962
-79.7834
-78.892
-77.7841
-77.3647
-77.0629
-76.7644
-76.4562
-76.1379
-75.8119
-75.4814
-75.1499
-73.5769
-70.7621
-68.708
-67.2292
-66.1052
-65.2153
-64.4889
-63.8825
-63.3672
-62.9242
-62.0852
-59.9402
-57.7702
-54.8412
-38.0309
9.89095
-27.9095
-73.5435
-79.4073
-79.3694
-79.2343
-79.1373
-79.04
-78.9363
-78.826
-78.7099
-78.5887
-78.4635
-78.3356
-78.2062
-77.9717
-77.6779
-77.2361
-76.9171
-76.7037
-76.5489
-76.4291
-76.3324
-76.252
-76.1838
-76.1254
-76.0749
-76.0312
-75.9932
-75.9603
-75.9318
-75.9071
-75.8859
-75.8677
-75.8523
-75.8392
-75.8283
-75.8193
-75.8119
-75.8061
-75.8016
-75.7982
-75.7959
-75.7944
-75.7938
-75.7939
-75.7947
-75.7959
-75.7977
-75.7998
-75.8024
-75.8053
-75.8084
-75.8118
-75.8154
-75.8191
-75.8231
-75.8271
-75.8313
-75.8356
-75.8399
-75.8443
-75.8488
-75.8533
-75.8578
-75.8624
-75.867
-75.8716
-75.8762
-75.8807
-75.8853
-75.8899
-75.8945
-75.899
-75.9036
-75.9081
-75.9126
-75.9171
-75.9215
-75.9259
-72.6635
-68.6544
-65.6045
-63.2615
-61.3595
-59.6364
-57.7114
-54.3446
33.8335
0.304239
-32.5042
-77.2911
-79.7268
-79.7237
-79.689
-79.6497
-79.6064
-79.5589
-79.1365
-76.4174
-74.834
-73.9363
-73.2774
-72.7177
-72.2092
-71.7347
-71.2882
-70.8685
-68.4811
-66.0585
-64.2666
-62.8929
-61.7799
-60.818
-59.9185
-58.9877
-57.878
-55.0141
-40.0031
11.3057
-26.8607
-71.9846
-79.2812
-79.2973
-79.213
-79.1177
-77.5675
-76.7161
-76.2891
-75.9342
-75.5895
-75.2448
-74.9002
-74.558
-74.2215
-73.8937
-73.0853
-70.3776
-68.5486
-67.3838
-66.6125
-66.7836
-67.0343
-67.1842
-67.2748
-67.3321
-67.3713
-67.4014
-67.4281
-67.4547
-67.4834
-67.5154
-67.5514
-67.5918
-67.6367
-67.6861
-67.7399
-67.7977
-67.8593
-67.9244
-67.9928
-68.0639
-68.1377
-68.2136
-68.2916
-68.3712
-68.4522
-68.5344
-68.6175
-68.7013
-68.7854
-68.8698
-68.9543
-69.0387
-69.1229
-69.2067
-69.2901
-66.8172
-63.7457
-61.3625
-59.3715
-57.3494
-54.2339
-19.5939
3.04586
-31.1145
-75.8663
-79.5937
-79.6081
-79.5608
-79.5065
-78.0684
-76.7067
-76.082
-75.639
-75.2342
-74.8374
-74.4427
-74.0513
-73.6657
-71.6762
-69.1077
-67.2452
-65.8719
-64.8111

