-70
-70.0758
-70.1508
-70.225
-70.2983
-70.3706
-70.4419
-70.5122
-70.5814
-70.6496
-70.7168
-70.7829
-70.848
-70.9121
-70.9752
-71.0373
-71.0984
-71.1586
-71.2178
-71.2761
-71.3334
-71.3899
-71.4455
-71.5003
-71.5543
-71.6074
-71.6598
-71.7114
-71.7623
-71.8124
-71.8619
-71.9106
-71.9587
-72.006
-72.0527
-72.0988
-72.1442
-72.1889
-72.2331
-72.2766
-72.3196
-72.362
-72.4038
-72.445
-72.4857
-72.5258
-72.5654
-72.6045
-72.6431
-72.6812
-72.7188
-72.756
-72.7927
-72.8289
-72.8647
-72.9
-72.9349
-72.9694
-73.0035
-73.0371
-73.0704
-73.1032
-73.1357
-73.1678
-73.1994
-73.2307
-73.2617
-73.2922
-73.3224
-73.3523
-73.3817
-73.4109
-73.4397
-73.4682
-73.4963
-73.5241
-73.5516
-73.5788
-73.6057
-73.6323
-73.6585
-73.6845
-73.7102
-73.7356
-73.7608
-73.7857
-73.8103
-73.8346
-73.8587
-73.8825
-73.9061
-73.9294
-73.9524
-73.9753
-73.9979
-74.0202
-74.0423
-74.0642
-74.0859
-74.1073
-74.1285
-74.1495
-74.1703
-74.1909
-74.2112
-74.2313
-74.2513
-74.271
-74.2905
-74.3098
-74.329
-74.3479
-74.3666
-74.3852
-74.4036
-74.4217
-74.4397
-74.4575
-74.4752
-74.4926
-74.5099
-74.527
-74.544
-74.5607
-74.5774
-74.5938
-74.6101
-74.6262
-74.6422
-74.658
-74.6736
-74.6891
-74.7045
-74.7197
-74.7347
-74.7496
-74.7644
-74.779
-74.7935
-74.8079
-74.8221
-74.8362
-74.8501
-74.864
-74.8777
-74.8913
-74.9047
-74.918
-74.9313
-74.9443
-74.9573
-74.9701
-74.9829
-74.9955
-75.008
-75.0204
-75.0327
-75.0448
-75.0569
-75.0688
-75.0806
-75.0924
-75.104
-75.1155
-75.1269
-75.1382
-75.1495
-75.1606
-75.1716
-75.1825
-75.1933
-75.204
-75.2147
-75.2252
-75.2356
-75.246
-75.2562
-75.2664
-75.2764
-75.2864
-75.2963
-75.3061
-75.3158
-75.3255
-75.335
-75.3445
-75.3538
-75.3631
-75.3724
-75.3815
-75.3906
-75.3995
-75.4084
-75.4172
-75.426
-75.4346
-75.4432
-75.4518
-75.4602
-75.4686
-75.4769
-75.4851
-75.4932
-75.5013
-75.5093
-75.5173
-75.5251
-75.533
-75.5407
-75.5484
-75.556
-75.5635
-75.571
-75.5784
-75.5858
-75.593
-75.6003
-75.6074
-75.6145
-75.6216
-75.6285
-75.6355
-75.6423
-75.6491
-75.6559
-75.6626
-75.6692
-75.6758
-75.6823
-75.6888
-75.6952
-75.7015
-75.7078
-75.7141
-75.7203
-75.7264
-75.7325
-75.7386
-75.7446
-75.7505
-75.7564
-75.7622
-75.768
-75.7738
-75.7795
-75.7851
-75.7907
-75.7963
-75.8018
-75.8072
-75.8127
-75.818
-75.8234
-75.8287
-75.8339
-75.8391
-75.8443
-75.8494
-75.8545
-75.8595
-75.8645
-75.8695
-75.8744
-75.8793
-75.8841
-75.8889
-75.8937
-75.8984
-75.9031
-75.9077
-75.9123
-75.9169
-75.9214
-75.9259
-75.9304
-75.9348
-75.9392
-75.9436
-75.9479
-75.9522
-75.9565
-75.9607
-75.9649
-75.969
-75.9731
-75.9772
-75.9813
-75.9853
-75.9893
-75.9933
-75.9972
-76.0011
-76.005
-76.0088
-76.0126
-76.0164
-76.0201
-76.0239
-76.0275
-76.0312
-76.0348
-76.0384
-76.042
-76.0456
-76.0491
-76.0526
-76.056
-76.0595
-76.0629
-76.0663
-76.0696
-76.0729
-76.0762
-76.0795
-76.0828
-76.086
-76.0892
-76.0924
-76.0955
-76.0986
-76.1017
-76.1048
-76.1079
-76.1109
-76.1139
-76.1169
-76.1198
-76.1228
-76.1257
-76.1286
-76.1314
-76.1343
-76.1371
-76.1399
-76.1427
-76.1455
-76.1482
-76.1509
-76.1536
-76.1563
-76.1589
-76.1615
-76.1642
-76.1667
-76.1693
-76.1719
-76.1744
-76.1769
-76.1794
-76.1819
-76.1843
-76.1868
-76.1892
-76.1916
-76.1939
-76.1963
-76.1986
-76.201
-76.2033
-76.2056
-76.2078
-76.2101
-76.2123
-76.2145
-76.2167
-76.2189
-76.2211
-76.2232
-76.2254
-76.2275
-76.2296
-76.2317
-76.2337
-76.2358
-76.2378
-76.2398
-76.2418
-76.2438
-76.2458
-76.2478
-76.2497
-76.2516
-76.2536
-76.2554
-76.2573
-76.2592
-76.2611
-76.2629
-76.2647
-76.2665
-76.2683
-76.2701
-76.2719
-76.2737
-76.2754
-76.2771
-76.2788
-76.2806
-76.2822
-76.2839
-76.2856
-76.2872
-76.2889
-76.2905
-76.2921
-76.2937
-76.2953
-76.2969
-76.2985
-76.3
-76.3016
-76.3031
-76.3046
-76.3061
-76.3076
-76.3091
-76.3106
-76.312
-76.3135
-76.3149
-76.3164
-76.3178
-76.3192
-76.3206
-76.322
-76.3233
-76.3247
-76.3261
-76.3274
-76.3287
-76.33
-76.3314
-76.3327
-76.334
-76.3352
-76.3365
-76.3378
-76.339
-76.3403
-76.3415
-76.3427
-76.3439
-76.3452
-76.3464
-76.3475
-76.3487
-76.3499
-76.351
-76.3522
-76.3533
-76.3545
-76.3556
-76.3567
-76.3578
-76.3589
-76.36
-76.3611
-76.3622
-76.3632
-76.3643
-76.3654
-76.3664
-76.3674
-76.3685
-76.3695
-76.3705
-76.3715
-76.3725
-76.3735
-76.3745
-76.3754
-76.3764
-76.3774
-76.3783
-76.3793
-76.3802
-76.3811
-76.382
-76.383
-76.3839
-76.3848
-76.3857
-76.3866
-76.3874
-76.3883
-76.3892
-76.39
-76.3909
-76.3917
-76.3926
-76.3934
-76.3943
-76.3951
-76.3959
-76.3967
-76.3975
-76.3983
-76.3991
-76.3999
-76.4007
-76.4014
-76.4022
-76.403
-76.4037
-76.4045
-76.4052
-76.406
-76.4067
-76.4074
-76.4082
-76.4089
-74.8509
-70.5394
-67.0677
-64.4383
-62.3694
-60.6139
-58.8923
-56.6604
-50.6804
33.9118
-16.0888
-50.9472
-78.9028
-79.1134
-79.0087
-78.8884
-78.7566
-78.6135
-78.2127
-76.3092
-75.1594
-74.474
-73.9313
-73.4415
-72.978
-72.5331
-72.1058
-71.6976
-71.3104
-70.9643
-71.0879
-71.2368
-71.3133
-71.3453
-71.3515
-71.3433
-71.5365
-70.7988
-68.679
-67.7579
-67.6381
-67.6036
-67.5932
-67.5977
-67.6123
-67.6343
-67.6923
-68.4452
-69.1102
-69.5699
-69.8975
-70.1392
-70.4702
-71.1316
-71.6331
-71.9883
-72.2478
-72.4426
-72.5929
-72.7118
-72.8079
-73.0586
-73.4117
-73.6791
-73.8791
-74.0322
-74.1518
-74.2473
-74.3248
-74.3887
-74.4425
-74.4882
-74.5278
-73.4993
-69.6005
-66.4738
-64.1855
-62.4419
-61.0243
-59.748
-58.7055
-59.1248
-59.7934
-60.4816
-61.1491
-60.2707
-58.9989
-58.9011
-59.6293
-60.3315
-60.9444
-61.4677
-61.9111
-62.1402
-60.9379
-59.713
-58.6546
-58.3336
-59.1137
-60.4988
-62.6995
-64.3299
-65.4527
-66.2403
-66.8081
-67.438
-68.7313
-70.0719
-70.9553
-71.5348
-71.9661
-72.5642
-73.0054
-73.3022
-73.5089
-73.6577
-73.7682
-73.8527
-73.919
-73.9724
-74.0166
-74.1351
-74.3378
-74.4964
-74.6165
-74.7097
-74.7835
-74.843
-74.8918
-74.9326
-74.9672
-74.997
-75.0231
-75.0462
-75.0668
-75.0856
-75.1028
-75.1188
-75.1337
-75.1478
-75.1611
-75.1739
-75.1861
-75.198
-75.2095
-75.2207
-75.2316
-75.2423
-75.2528
-75.2632
-75.2734
-75.2834
-75.2933
-75.3031
-75.3128
-75.3224
-75.3319
-75.3413
-75.3506
-75.3598
-75.369
-75.3781
-75.3871
-75.396
-75.4048
-75.4136
-75.4223
-75.4309
-75.4395
-75.448
-75.4564
-75.4648
-75.4731
-75.4813
-75.4894
-75.4975
-71.8633
-68.007
-65.0886
-62.8325
-60.9735
-59.2367
-57.1678
-52.8417
44.0277
-9.08494
-40.3178
-78.8925
-78.9466
-78.6307
-78.4575
-78.2778
-78.0837
-77.8754
-77.6538
-77.42
-77.1761
-74.867
-72.87
-71.5885
-70.658
-69.9135
-69.2823
-68.7297
-68.2384
-67.4469
-65.0762
-63.5338
-63.1177
-62.8629
-62.6665
-62.5141
-62.3969
-62.3094
-62.2478
-63.3315
-64.1707
-63.1485
-62.9607
-63.3673
-64.1674
-65.3195
-66.0923
-66.6314
-67.6902
-68.5097
-69.0432
-69.4039
-69.7171
-70.4379
-71.2121
-71.9711
-72.5228
-73.1194
-73.5136
-73.7626
-73.9936
-74.2654
-74.4488
-74.5703
-74.6541
-74.7142
-74.7589
-74.7933
-74.8206
-74.8431
-74.8621
-74.8786
-74.8933
-74.9067
-74.9192
-74.931
-74.9424
-74.9533
-74.964
-74.9746
-72.6965
-68.784
-65.8083
-63.5804
-61.8307
-60.3369
-58.8679
-57.0313
-53.199
45.8986
-6.87394
-38.2312
-78.0174
-78.9742
-78.8636
-78.7269
-78.5771
-78.4146
-78.2397
-78.0531
-77.8558
-76.6639
-74.2351
-72.6779
-71.6396
-70.846
-70.1862
-69.9923
-69.9468
-70.2058
-70.5514
-70.74
-70.8321
-70.8701
-70.8781
-70.8702
-70.8548
-70.8371
-70.8201
-70.8059
-70.7955
-70.8339
-71.2727
-71.6769
-71.9998
-72.55
-73.0118
-73.3485
-73.5992
-73.7902
-73.9389
-74.0568
-74.1519
-74.337
-74.5503
-74.7889
-75.0067
-75.1614
-75.2729
-75.3554
-75.4181
-75.4667
-75.5053
-75.5364
-75.5621
-75.5835
-75.6018
-75.6176
-75.6314
-75.6438
-75.6549
-75.665
-75.6743
-75.683
-75.6911
-75.6988
-75.7062
-75.7132
-75.7201
-75.7267
-75.7331
-75.7394
-75.7455
-75.7515
-75.7575
-75.7633
-75.7691
-75.7748
-75.7804
-75.786
-75.7916
-75.797
-75.8025
-75.8079
-75.8132
-75.8185
-75.8238
-75.829
-75.8342
-75.8393
-75.8444
-75.8495
-75.8545
-75.8595
-75.8645
-75.8694
-75.8743
-75.8791
-75.8839
-72.201
-68.2934
-65.337
-63.0564
-61.1903
-59.4749
-57.5058
-53.8262
45.7592
-3.62552
-35.2503
-78.1302
-79.7331
-79.7216
-79.6865
-79.647
-79.6034
-79.5557
-79.504
-76.7938
-74.8892
-73.8376
-73.1024
-72.4994
-71.9637
-71.4707
-71.0112
-70.1898
-67.622
-65.4627
-63.8646
-62.6193
-61.5933
-60.6915
-59.8343
-58.9348
-57.7338
-54.5731
-29.4982
5.84607
-29.4992
-74.6623
-79.3132
-79.3002
-79.182
-78.9064
-77.4094
-76.6707
-76.264
-75.9101
-75.5624
-75.2136
-74.8645
-74.5177
-74.1764
-73.8439
-73.6889
-73.9332
-74.0837
-74.1311
-74.1859
-74.3013
-74.3624
-74.4267
-74.5656
-74.6775
-74.8374
-74.9457
-75.0893
-75.1887
-75.2481
-75.2852
-75.3093
-75.3257
-75.3375
-75.3464
-75.3534
-75.3594
-75.3648
-75.3698
-75.3746
-75.3794
-75.3843
-75.3892
-75.4255
-75.4851
-75.5327
-75.57
-75.5999
-75.6242
-75.6445
-75.6617
-75.6764
-75.6893
-75.7007
-75.7109
-75.7203
-73.7984
-69.7216
-66.5827
-64.2523
-62.4503
-60.9571
-59.5698
-58.0139
-55.5561
-43.1512
16.5472
-24.2478
-69.1562
-79.6814
-78.8036
-78.4652
-78.2745
-78.0775
-77.8661
-77.6405
-77.4018
-77.1518
-76.8925
-74.5249
-72.4293
-71.0616
-70.0687

