-70
-70.0758
-70.1508
-70.225
-70.2983
-70.3706
-70.4419
-70.5122
-70.5814
-70.6496
-70.7168
-70.7829
-70.848
-70.9121
-70.9752
-71.0373
-71.0984
-71.1586
-71.2178
-71.2761
-71.3334
-71.3899
-71.4455
-71.5003
-71.5543
-71.6074
-71.6598
-71.7114
-71.7623
-71.8124
-71.8619
-71.9106
-71.9587
-72.006
-72.0527
-72.0988
-72.1442
-72.1889
-72.2331
-72.2766
-72.3196
-72.362
-72.4038
-72.445
-72.4857
-72.5258
-72.5654
-72.6045
-72.6431
-72.6812
-72.7188
-72.756
-72.7927
-72.8289
-72.8647
-72.9
-72.9349
-72.9694
-73.0035
-73.0371
-73.0704
-73.1032
-73.1357
-73.1678
-73.1994
-73.2307
-73.2617
-73.2922
-73.3224
-73.3523
-73.3817
-73.4109
-73.4397
-73.4682
-73.4963
-73.5241
-73.5516
-73.5788
-73.6057
-73.6323
-73.6585
-73.6845
-73.7102
-73.7356
-73.7608
-73.7857
-73.8103
-73.8346
-73.8587
-73.8825
-73.9061
-73.9294
-73.9524
-73.9753
-73.9979
-74.0202
-74.0423
-74.0642
-74.0859
-74.1073
-74.1285
-74.1495
-74.1703
-74.1909
-74.2112
-74.2313
-74.2513
-74.271
-74.2905
-74.3098
-74.329
-74.3479
-74.3666
-74.3852
-74.4036
-74.4217
-74.4397
-74.4575
-74.4752
-74.4926
-74.5099
-74.527
-74.544
-74.5607
-74.5774
-74.5938
-74.6101
-74.6262
-74.6422
-74.658
-74.6736
-74.6891
-74.7045
-74.7197
-74.7347
-74.7496
-74.7644
-74.779
-74.7935
-74.8079
-74.8221
-74.8362
-74.8501
-74.864
-74.8777
-74.8913
-74.9047
-74.918
-74.9313
-74.9443
-74.9573
-74.9701
-74.9829
-74.9955
-75.008
-75.0204
-75.0327
-75.0448
-75.0569
-75.0688
-75.0806
-75.0924
-75.104
-75.1155
-75.1269
-75.1382
-75.1495
-75.1606
-75.1716
-75.1825
-75.1933
-75.204
-75.2147
-75.2252
-75.2356
-75.246
-75.2562
-75.2664
-75.2764
-75.2864
-75.2963
-75.3061
-75.3158
-75.3255
-75.335
-75.3445
-75.3538
-75.3631
-75.3724
-75.3815
-75.3906
-75.3995
-75.4084
-75.4172
-75.426
-75.4346
-75.4432
-75.4518
-75.4602
-75.4686
-75.4769
-75.4851
-75.4932
-75.5013
-75.5093
-75.5173
-75.5251
-75.533
-75.5407
-75.5484
-75.556
-75.5635
-75.571
-75.5784
-75.5858
-75.593
-75.6003
-75.6074
-75.6145
-75.6216
-75.6285
-75.6355
-75.6423
-75.6491
-75.6559
-75.6626
-75.6692
-75.6758
-75.6823
-75.6888
-75.6952
-75.7015
-75.7078
-75.7141
-75.7203
-75.7264
-75.7325
-75.7386
-75.7446
-75.7505
-75.7564
-75.7622
-75.768
-75.7738
-75.7795
-75.7851
-75.7907
-75.7963
-75.8018
-75.8072
-75.8127
-75.818
-75.8234
-75.8287
-75.8339
-75.8391
-75.8443
-75.8494
-75.8545
-75.8595
-75.8645
-75.8695
-75.8744
-75.8793
-75.8841
-75.8889
-75.8937
-75.8984
-75.9031
-75.9077
-75.9123
-75.9169
-75.9214
-75.9259
-75.9304
-75.9348
-75.9392
-75.9436
-75.9479
-75.9522
-75.9565
-75.9607
-75.9649
-75.969
-75.9731
-75.9772
-75.9813
-75.9853
-75.9893
-75.9933
-75.9972
-76.0011
-76.005
-76.0088
-76.0126
-76.0164
-76.0201
-76.0239
-76.0275
-76.0312
-76.0348
-76.0384
-76.042
-76.0456
-76.0491
-76.0526
-76.056
-76.0595
-76.0629
-76.0663
-76.0696
-76.0729
-76.0762
-76.0795
-76.0828
-76.086
-76.0892
-76.0924
-76.0955
-76.0986
-76.1017
-76.1048
-76.1079
-76.1109
-76.1139
-76.1169
-76.1198
-76.1228
-76.1257
-76.1286
-76.1314
-76.1343
-76.1371
-76.1399
-76.1427
-76.1455
-76.1482
-76.1509
-76.1536
-76.1563
-76.1589
-76.1615
-76.1642
-76.1667
-76.1693
-76.1719
-76.1744
-76.1769
-76.1794
-76.1819
-76.1843
-76.1868
-76.1892
-76.1916
-76.1939
-76.1963
-76.1986
-76.201
-76.2033
-76.2056
-76.2078
-76.2101
-76.2123
-76.2145
-76.2167
-76.2189
-76.2211
-76.2232
-76.2254
-76.2275
-76.2296
-76.2317
-76.2337
-76.2358
-76.2378
-76.2398
-76.2418
-76.2438
-76.2458
-76.2478
-76.2497
-76.2516
-76.2536
-76.2554
-76.2573
-76.2592
-76.2611
-76.2629
-76.2647
-76.2665
-76.2683
-76.2701
-76.2719
-76.2737
-76.2754
-76.2771
-76.2788
-76.2806
-76.2822
-76.2839
-76.2856
-76.2872
-76.2889
-76.2905
-76.2921
-76.2937
-76.2953
-76.2969
-76.2985
-76.3
-76.3016
-76.3031
-76.3046
-76.3061
-76.3076
-76.3091
-76.3106
-76.312
-76.3135
-76.3149
-76.3164
-76.3178
-76.3192
-76.3206
-76.322
-76.3233
-76.3247
-76.3261
-76.3274
-76.3287
-76.33
-76.3314
-76.3327
-76.334
-76.3352
-76.3365
-76.3378
-76.339
-76.3403
-76.3415
-76.3427
-76.3439
-76.3452
-76.3464
-76.3475
-76.3487
-76.3499
-76.351
-76.3522
-76.3533
-76.3545
-76.3556
-76.3567
-76.3578
-76.3589
-76.36
-76.3611
-76.3622
-76.3632
-76.3643
-76.3654
-76.3664
-76.3674
-76.3685
-76.3695
-76.3705
-76.3715
-76.3725
-76.3735
-76.3745
-76.3754
-76.3764
-76.3774
-76.3783
-76.3793
-76.3802
-76.3811
-76.382
-76.383
-76.3839
-76.3848
-76.3857
-76.3866
-76.3874
-76.3883
-76.3892
-76.39
-76.3909
-76.3917
-76.3926
-76.3934
-76.3943
-76.3951
-76.3959
-76.3967
-76.3975
-76.3983
-76.3991
-76.3999
-76.4007
-76.4014
-76.4022
-76.403
-76.4037
-76.4045
-76.4052
-76.406
-75.9818
-71.7886
-68.0041
-65.1549
-62.9445
-61.1211
-59.4257
-57.4468
-53.6233
46.3408
-5.00849
-36.5335
-77.8894
-79.0176
-78.9118
-78.78
-78.6355
-78.4783
-78.3089
-78.1277
-76.6415
-74.785
-73.6945
-72.9403
-72.3251
-71.7798
-71.2785
-70.8115
-70.3755
-69.9696
-69.5942
-69.2496
-68.9362
-68.6538
-68.5978
-69.7086
-70.6786
-69.3818
-67.9403
-67.7575
-67.859
-67.9285
-67.9776
-68.017
-68.0523
-68.0864
-68.1208
-68.1567
-68.1946
-68.2347
-68.2773
-68.3225
-68.3701
-68.4204
-68.473
-68.5281
-68.5854
-68.6447
-68.706
-68.7691
-68.8338
-68.8999
-68.9674
-69.036
-69.1057
-69.1761
-69.2473
-69.319
-69.3912
-69.4637
-69.5364
-69.6093
-69.6821
-68.5401
-65.2506
-62.5883
-60.4858
-58.5939
-56.381
-51.5346
39.7
-13.8801
-46.6371
-79.053
-79.6364
-79.6048
-78.2193
-77.6111
-77.299
-77.0114
-76.7155
-76.4084
-76.0916
-75.7682
-75.4413
-72.9644
-70.6123
-68.9874
-67.7937
-67.2499
-67.3294
-67.3625
-67.3398
-67.2899
-67.8123
-68.4314
-68.8599
-69.181
-70.5846
-71.9416
-72.7261
-73.189
-73.476
-73.6619
-73.7873
-73.8752
-73.939
-73.9871
-74.0758
-74.2895
-74.4556
-74.5752
-74.6639
-74.7315
-74.7843
-74.8266
-74.8613
-74.8903
-74.9151
-74.9367
-74.9559
-74.9732
-74.989
-75.0037
-75.0176
-75.0307
-75.0432
-75.0553
-75.0671
-75.0786
-75.0898
-75.1009
-75.1118
-75.1226
-75.1333
-75.1439
-75.1544
-75.1648
-75.1751
-75.1854
-75.1957
-75.2059
-75.216
-75.2261
-75.2361
-75.246
-75.2559
-75.2658
-75.2755
-75.2853
-75.2949
-75.3045
-75.314
-75.3235
-75.3329
-75.3422
-75.3515
-75.3607
-75.3698
-75.3789
-75.3878
-75.3968
-75.4056
-75.4144
-75.4231
-75.4317
-75.4403
-75.4488
-75.4572
-75.4656
-75.4739
-71.8426
-67.9893
-65.0728
-62.8177
-60.9584
-59.219
-57.1401
-52.7454
43.6089
-9.51753
-40.856
-78.3644
-78.9491
-78.8296
-78.6887
-78.5345
-78.3672
-78.1872
-77.9951
-77.3349
-75.0812
-73.5998
-72.6573
-71.9381
-71.3292
-70.7859
-70.2896
-69.8324
-68.0181
-65.6377
-63.8362
-62.4513
-62.2807
-62.6015
-62.855
-63.0494
-63.2048
-63.3582
-63.5431
-65.0388
-65.9982
-66.5494
-66.8858
-67.1044
-67.2559
-67.3684
-67.4575
-67.5329
-67.6
-67.6626
-67.723
-67.7826
-67.8426
-67.9034
-67.9656
-68.0292
-68.0946
-68.1616
-68.2303
-68.3007
-68.3726
-68.4459
-68.5205
-68.5963
-68.6731
-68.7506
-68.8288
-68.9075
-68.9865
-69.0658
-69.1452
-69.2246
-69.3038
-69.3829
-69.8124
-70.514
-71.0873
-69.2098
-66.3412
-64.2866
-62.8123
-61.7018
-60.814
-60.0513
-59.337
-58.5902
-57.6983
-56.4044
-53.7134
-15.0441
0.923988
-32.3033
-75.9114
-79.0822
-79.0315
-78.9165
-78.7886
-78.6498
-78.5004
-78.2319
-75.916
-74.3157
-73.3641
-72.6625
-72.0723
-71.5431
-71.0552
-70.6013
-70.197
-70.2713
-70.3717
-70.4012
-70.3895
-70.3557
-70.3118
-70.2649
-70.2687
-70.7946
-71.9053
-72.7687
-73.3161
-73.6747
-73.9184
-74.0897
-74.2137
-74.306
-74.3767
-74.4321
-74.4766
-74.5133
-74.5442
-74.5708
-74.5942
-74.6151
-74.6342
-74.6518
-74.6684
-74.6842
-74.6992
-74.7138
-74.7281
-74.742
-74.7556
-74.7691
-74.7825
-74.7957
-74.8088
-74.8219
-74.8348
-74.8478
-74.8606
-74.8734
-74.8861
-74.8988
-74.9115
-74.924
-74.9366
-74.949
-74.9614
-74.9737
-74.986
-74.9982
-75.0103
-75.0223
-75.0343
-75.0461
-75.0579
-75.0696
-75.0813
-75.0928
-75.1043
-75.1156
-75.1269
-75.1381
-75.1492
-75.1603
-75.1712
-75.182
-75.1928
-75.2034
-75.214
-75.2245
-75.2349
-75.2452
-75.2554
-75.2656
-75.2756
-75.2856
-75.2955
-75.3053
-75.315
-75.3246
-75.3341
-75.3436
-75.353
-75.3623
-75.3715
-72.1796
-68.2545
-65.2666
-62.9647
-61.08
-59.3386
-57.3064
-53.2815
45.8299
-6.87903
-38.0418
-78.6162
-79.2621
-78.6111
-78.3756
-78.1838
-77.9797
-77.761
-77.5284
-77.2834
-77.0277
-75.1826
-73.0258
-71.6277
-70.6341
-69.8518
-69.1958
-68.626
-68.1221
-67.6729
-65.7418
-63.4931
-61.7499
-60.3121
-58.9674
-57.4442
-55.026
-46.2808
19.7383
-23.3317
-66.1863
-78.8762
-78.8771
-78.748
-78.5365
-78.2441
-78.0457
-77.8625
-77.6765
-77.4866
-77.2942
-77.1011
-76.9092
-76.7202
-76.5359
-76.358
-76.1877
-76.0261
-75.874
-75.7322
-75.6007
-75.4799
-75.3697
-75.2697
-75.1798
-75.0993
-75.0279
-74.9649
-74.9098
-74.8659
-74.9282
-74.9997
-75.0558
-75.1003
-75.1364
-75.1662
-75.1913
-75.2128
-75.2315
-75.2481
-75.263
-75.2767
-75.2893
-75.3011
-75.3122
-75.3228
-75.3331
-75.3429
-75.3525
-75.3618
-75.371
-75.38
-75.3889
-75.3976
-75.4063
-74.6779
-70.555
-67.0227
-64.3675
-62.2919
-60.5401
-58.8291
-56.6221
-50.8248
34.5766
-15.8561
-50.5995
-78.8408
-79.06
-78.9494
-78.8224
-78.6834
-78.5326
-78.3703
-77.7409

