-70
-70.0758
-70.1508
-70.225
-70.2983
-70.3706
-70.4419
-70.5122
-70.5814
-70.6496
-70.7168
-70.7829
-70.848
-70.9121
-70.9752
-71.0373
-71.0984
-71.1586
-71.2178
-71.2761
-71.3334
-71.3899
-71.4455
-71.5003
-71.5543
-71.6074
-71.6598
-71.7114
-71.7623
-71.8124
-71.8619
-71.9106
-71.9587
-72.006
-72.0527
-72.0988
-72.1442
-72.1889
-72.2331
-72.2766
-72.3196
-72.362
-72.4038
-72.445
-72.4857
-72.5258
-72.5654
-72.6045
-72.6431
-72.6812
-72.7188
-72.756
-72.7927
-72.8289
-72.8647
-72.9
-72.9349
-72.9694
-73.0035
-73.0371
-73.0704
-73.1032
-73.1357
-73.1678
-73.1994
-73.2307
-73.2617
-73.2922
-73.3224
-73.3523
-73.3817
-73.4109
-73.4397
-73.4682
-73.4963
-73.5241
-73.5516
-73.5788
-73.6057
-73.6323
-73.6585
-73.6845
-73.7102
-73.7356
-73.7608
-73.7857
-73.8103
-73.8346
-73.8587
-73.8825
-73.9061
-73.9294
-73.9524
-73.9753
-73.9979
-74.0202
-74.0423
-74.0642
-74.0859
-74.1073
-74.1285
-74.1495
-74.1703
-74.1909
-74.2112
-74.2313
-74.2513
-74.271
-74.2905
-74.3098
-74.329
-74.3479
-74.3666
-74.3852
-74.4036
-74.4217
-74.4397
-74.4575
-74.4752
-74.4926
-74.5099
-74.527
-74.544
-74.5607
-74.5774
-74.5938
-74.6101
-74.6262
-74.6422
-74.658
-74.6736
-74.6891
-74.7045
-74.7197
-74.7347
-74.7496
-74.7644
-74.779
-74.7935
-74.8079
-74.8221
-74.8362
-74.8501
-74.864
-74.8777
-74.8913
-74.9047
-74.918
-74.9313
-74.9443
-74.9573
-74.9701
-74.9829
-74.9955
-75.008
-75.0204
-75.0327
-75.0448
-75.0569
-75.0688
-75.0806
-75.0924
-75.104
-75.1155
-75.1269
-75.1382
-75.1495
-75.1606
-75.1716
-75.1825
-75.1933
-75.204
-75.2147
-75.2252
-75.2356
-75.246
-75.2562
-75.2664
-75.2764
-75.2864
-75.2963
-75.3061
-75.3158
-75.3255
-75.335
-75.3445
-75.3538
-75.3631
-75.3724
-75.3815
-75.3906
-75.3995
-75.4084
-75.4172
-75.426
-75.4346
-75.4432
-75.4518
-75.4602
-75.4686
-75.4769
-75.4851
-75.4932
-75.5013
-75.5093
-75.5173
-75.5251
-75.533
-75.5407
-75.5484
-75.556
-75.5635
-75.571
-75.5784
-75.5858
-75.593
-75.6003
-75.6074
-75.6145
-75.6216
-75.6285
-75.6355
-75.6423
-75.6491
-75.6559
-75.6626
-75.6692
-75.6758
-75.6823
-75.6888
-75.6952
-75.7015
-75.7078
-75.7141
-75.7203
-75.7264
-75.7325
-75.7386
-75.7446
-75.7505
-75.7564
-75.7622
-75.768
-75.7738
-75.7795
-75.7851
-75.7907
-75.7963
-75.8018
-75.8072
-75.8127
-75.818
-75.8234
-75.8287
-75.8339
-75.8391
-75.8443
-75.8494
-75.8545
-75.8595
-75.8645
-75.8695
-75.8744
-75.8793
-75.8841
-75.8889
-75.8937
-75.8984
-75.9031
-75.9077
-75.9123
-75.9169
-75.9214
-75.9259
-75.9304
-75.9348
-75.9392
-75.9436
-75.9479
-75.9522
-75.9565
-75.9607
-75.9649
-75.969
-75.9731
-75.9772
-75.9813
-75.9853
-75.9893
-75.9933
-75.9972
-76.0011
-76.005
-76.0088
-76.0126
-76.0164
-76.0201
-76.0239
-76.0275
-76.0312
-76.0348
-76.0384
-76.042
-76.0456
-76.0491
-76.0526
-76.056
-76.0595
-76.0629
-76.0663
-76.0696
-76.0729
-76.0762
-76.0795
-76.0828
-76.086
-76.0892
-76.0924
-76.0955
-76.0986
-76.1017
-76.1048
-76.1079
-76.1109
-76.1139
-76.1169
-76.1198
-76.1228
-76.1257
-76.1286
-76.1314
-76.1343
-76.1371
-76.1399
-76.1427
-76.1455
-76.1482
-76.1509
-76.1536
-76.1563
-76.1589
-76.1615
-76.1642
-76.1667
-76.1693
-76.1719
-76.1744
-76.1769
-76.1794
-76.1819
-76.1843
-76.1868
-76.1892
-76.1916
-76.1939
-76.1963
-76.1986
-76.201
-76.2033
-76.2056
-76.2078
-76.2101
-76.2123
-76.2145
-76.2167
-76.2189
-76.2211
-76.2232
-76.2254
-76.2275
-76.2296
-76.2317
-76.2337
-76.2358
-76.2378
-76.2398
-76.2418
-76.2438
-76.2458
-76.2478
-76.2497
-76.2516
-76.2536
-76.2554
-76.2573
-76.2592
-76.2611
-76.2629
-76.2647
-76.2665
-76.2683
-76.2701
-76.2719
-76.2737
-76.2754
-76.2771
-76.2788
-76.2806
-76.2822
-76.2839
-76.2856
-76.2872
-76.2889
-76.2905
-76.2921
-76.2937
-76.2953
-76.2969
-76.2985
-76.3
-76.3016
-76.3031
-76.3046
-76.3061
-76.3076
-76.3091
-76.3106
-76.312
-76.3135
-76.3149
-76.3164
-76.3178
-76.3192
-76.3206
-76.322
-76.3233
-76.3247
-76.3261
-76.3274
-76.3287
-76.33
-76.3314
-76.3327
-76.334
-76.3352
-76.3365
-76.3378
-76.339
-76.3403
-76.3415
-76.3427
-76.3439
-76.3452
-76.3464
-76.3475
-76.3487
-76.3499
-76.351
-76.3522
-76.3533
-76.3545
-76.3556
-76.3567
-76.3578
-76.3589
-76.36
-76.3611
-76.3622
-76.3632
-76.3643
-76.3654
-76.3664
-76.3674
-76.3685
-76.3695
-76.3705
-76.3715
-76.3725
-76.3735
-76.3745
-76.3754
-76.3764
-76.3774
-76.3783
-76.3793
-76.3802
-76.3811
-76.382
-76.383
-76.3839
-76.3848
-76.3857
-76.3866
-76.3874
-76.3883
-76.3892
-76.39
-76.3909
-76.3917
-76.3926
-76.3934
-76.3943
-76.3951
-76.3959
-76.3967
-76.3975
-76.3983
-76.3991
-76.3999
-76.4007
-76.4014
-76.4022
-76.403
-76.4037
-76.4045
-76.4052
-76.406
-76.4067
-76.4074
-76.4082
-76.4089
-76.4096
-76.4103
-76.411
-76.4117
-76.4124
-76.4131
-76.4137
-76.4144
-76.4151
-76.4158
-76.4164
-76.4171
-76.4177
-76.4184
-76.419
-76.4196
-76.4203
-76.4209
-76.4215
-76.4221
-76.4227
-76.4234
-76.424
-76.4246
-76.4251
-76.4146
-76.3721
-76.3353
-76.3065
-76.2838
-76.2658
-76.2372
-76.2023
-76.176
-76.1565
-76.1418
-76.1307
-76.1223
-76.1159
-76.1111
-76.1076
-76.1051
-76.1033
-76.1023
-76.1018
-76.1017
-76.1021
-76.1027
-76.1037
-76.1049
-76.1063
-76.1078
-76.1096
-76.1114
-76.1134
-76.1154
-76.1176
-76.1198
-76.1221
-76.1244
-76.1268
-76.1292
-76.1317
-76.1341
-76.1366
-76.1391
-76.1417
-76.1442
-76.1467
-76.1493
-76.1518
-76.1544
-76.1569
-76.1594
-76.1619
-76.1645
-76.167
-76.1695
-76.172
-76.1744
-76.1769
-76.1793
-76.1818
-76.1842
-76.1866
-76.189
-76.1913
-76.1937
-76.196
-76.1984
-76.2007
-76.203
-76.2053
-76.2075
-76.2098
-76.2031
-76.1854
-76.1708
-76.1506
-76.1269
-76.0937
-76.0677
-76.0519
-76.0421
-76.036
-76.0323
-76.0281
-76.0244
-76.0223
-76.0213
-76.021
-76.0194
-76.0183
-76.018
-76.017
-76.0158
-76.0142
-76.0134
-76.0134
-76.0137
-76.0144
-76.0153
-76.0164
-76.0177
-76.019
-76.0205
-76.0222
-76.0239
-76.0257
-76.0276
-76.0296
-76.0317
-76.0339
-76.0361
-76.0385
-76.0409
-76.0433
-76.0458
-76.0484
-76.051
-76.0537
-76.0564
-76.0592
-76.062
-76.0648
-76.0677
-76.0705
-76.0734
-76.0763
-76.0792
-76.0822
-76.0851
-76.088
-76.091
-76.0939
-76.0969
-76.0998
-76.1027
-76.1057
-76.1086
-76.1115
-76.1144
-76.1173
-76.1201
-76.123
-76.1258
-76.1287
-76.1315
-76.1343
-76.137
-76.1398
-76.1425
-76.1453
-76.148
-76.1507
-76.1533
-76.156
-76.1586
-76.1613
-76.1639
-76.1664
-76.169
-76.1715
-76.1741
-76.1766
-76.1791
-76.1815
-76.184
-76.1864
-76.1888
-76.1912
-76.1936
-76.196
-76.1983
-76.2006
-76.2029
-76.2052
-76.2075
-76.2097
-76.212
-76.2142
-76.2164
-76.2186
-76.2207
-76.2074
-76.1894
-76.1752
-76.1641
-76.1555
-76.1399
-76.1222
-76.1089
-76.0992
-76.0921
-76.0868
-76.083
-76.0804
-76.0786
-76.0776
-76.0771
-76.0771
-76.0775
-76.0783
-76.0793
-76.0806
-76.0821
-76.0837
-76.0856
-76.0875
-76.0896
-76.0917
-76.094
-76.0963
-76.0987
-76.1012
-76.1037
-76.1062
-76.1088
-76.1114
-76.114
-76.1166
-76.1193
-76.122
-76.1246
-76.1273
-76.13
-76.1327
-76.1354
-76.138
-76.1407
-76.1434
-76.146
-76.1487
-76.1513
-76.1539
-76.1565
-76.1591
-76.1617
-76.1643
-76.1668
-76.1694
-76.1719
-76.1744
-76.1769
-76.1793
-76.1818
-76.1842
-76.1867
-76.1891
-76.1914
-76.1931
-76.1779
-76.1622
-76.142
-76.1198
-76.1035
-76.0919
-76.0835
-76.0774
-76.0714
-76.0623
-76.0556
-76.051
-76.048
-76.046
-76.045
-76.0428
-76.0391
-76.0366
-76.0352
-76.0345
-76.0344
-76.0348
-76.0355
-76.0365
-76.0378
-76.0393
-76.0405
-76.0383
-76.0333
-76.0296
-76.0274
-76.0263
-76.0259
-76.0247
-76.0229
-76.022
-76.0218
-76.0221
-76.0227
-76.0236
-76.0248
-76.0261
-76.0276
-76.0293
-76.0311
-76.033
-76.035
-76.0371
-76.0393
-76.0416
-76.044
-76.0464
-76.0489
-76.0515
-76.0541
-76.0568
-76.0595
-76.0622
-76.065
-76.0678
-76.0706
-76.0735
-76.0764
-76.0793
-76.0822
-76.0851
-76.088
-76.091
-76.0939
-76.0968
-76.0997
-76.1027
-76.1056
-76.1085
-76.1114
-76.1143
-76.1171
-76.12
-76.1229
-76.1257
-76.1285
-76.1313
-76.1341
-76.1369
-76.1397
-76.1424
-76.1451
-76.1479
-76.1505
-76.1532
-76.1559
-76.1585
-76.1611
-76.1637
-76.1663
-76.1689
-76.1714
-76.1739
-76.1764
-76.1789
-76.1814
-76.1838
-76.1863
-76.1887
-76.1911
-76.1935
-76.1958
-76.1982
-76.2005
-76.2028
-76.2051
-76.2074
-76.2096
-76.2118
-76.2141
-76.2163
-76.2185
-76.2206
-76.2228
-76.2249
-76.227
-76.2291
-76.2312
-76.2333
-76.2353
-76.2374
-76.2394
-76.2414
-76.2434
-76.2454
-76.2473
-76.2493
-76.2512
-76.2531
-76.255
-76.2391
-76.2178
-76.2009
-76.1877
-76.1774
-76.1693
-76.1501
-76.1318
-76.1183
-76.1082
-76.1007
-76.0952
-76.0911
-76.0882
-76.0863
-76.085
-76.0844
-76.0843
-76.0846
-76.0852
-76.0861
-76.0873
-76.0887
-76.0903
-76.092
-76.0939
-76.0959
-76.098
-76.1002
-76.1025
-76.1049
-76.1073
-76.1097
-76.1122
-76.1148
-76.1173
-76.1199
-76.1225
-76.1251
-76.1277
-76.1304
-76.133
-76.1357
-76.1383
-76.1386
-76.1276
-76.1176
-76.1102
-76.1046
-76.1004
-76.0974
-76.0954
-76.094
-76.0933
-76.0931
-76.0933
-76.0938
-76.0947
-76.0958
-76.0971
-76.0986
-76.1003
-76.1022
-76.1041
-76.1062
-76.1083
-76.1105
-76.1128
-76.1152
-76.1176
-76.12
-76.1225
-76.125
-76.1275
-76.1301
-76.1327
-76.1352
-76.1378
-76.1404
-76.143
-76.1456
-76.1482
-76.1508

