-70
-69.8623
-69.7285
-69.5983
-69.4718
-69.3487
-69.2291
-69.1128
-68.9997
-68.8897
-68.7828
-68.6789
-68.5778
-68.4795
-68.3839
-68.291
-68.2007
-68.1128
-68.0274
-67.9443
-67.8636
-67.7851
-67.7087
-67.6345
-67.5623
-67.4921
-67.4238
-67.3574
-67.2929
-67.2301
-67.1691
-67.1098
-67.0521
-66.996
-66.9414
-66.8884
-66.8368
-66.7866
-66.7378
-66.6904
-66.6443
-66.5994
-66.5558
-66.5133
-66.4721
-66.432
-66.393
-66.355
-66.3181
-66.2823
-66.2474
-66.2134
-66.1805
-66.1484
-66.1172
-66.0868
-66.0573
-66.0286
-66.0007
-65.9736
-65.9472
-65.9215
-65.8966
-65.8723
-65.8487
-65.8257
-65.8034
-65.7817
-65.7606
-65.74
-65.72
-65.7006
-65.6817
-65.6633
-65.6455
-65.6281
-65.6112
-65.5948
-65.5788
-65.5632
-65.5481
-65.5334
-65.5191
-65.5052
-65.4917
-65.4785
-65.4657
-65.4533
-65.4412
-65.4294
-65.418
-65.4068
-65.396
-65.3855
-65.3752
-65.3653
-65.3556
-65.3462
-65.337
-65.3281
-65.3194
-65.311
-65.3028
-65.2948
-65.2871
-65.2795
-65.2722
-65.2651
-65.2581
-65.2514
-65.2448
-65.2385
-65.2322
-65.2262
-65.2203
-65.2146
-65.2091
-65.2037
-65.1984
-65.1933
-65.1884
-65.1835
-65.1788
-65.1743
-65.1698
-65.1655
-65.1613
-65.1572
-65.1532
-65.1493
-65.1456
-65.1419
-65.1384
-65.1349
-65.1315
-65.1283
-65.1251
-65.122
-65.119
-65.1161
-65.1132
-65.1104
-65.1077
-65.1051
-65.1026
-65.1001
-65.0977
-65.0953
-65.0931
-65.0908
-65.0887
-65.0866
-65.0845
-65.0826
-65.0806
-65.0788
-65.0769
-65.0752
-65.0734
-65.0718
-65.0701
-65.0685
-65.067
-65.0655
-65.064
-65.0626
-65.0612
-65.0599
-65.0586
-65.0573
-65.0561
-65.0549
-65.0537
-65.0526
-65.0514
-65.0504
-65.0493
-65.0483
-65.0473
-65.0464
-65.0454
-65.0445
-65.0436
-65.0428
-65.0419
-65.0411
-65.0403
-65.0395
-65.0388
-65.0381
-65.0374
-65.0367
-65.036
-65.0353
-65.0347
-65.0341
-65.0335
-65.0329
-65.0323
-65.0318
-65.0313
-65.0307
-65.0302
-65.0297
-65.0293
-65.0288
-65.0283
-65.0279
-65.0275
-65.027
-65.0266
-65.0262
-65.0259
-65.0255
-65.0251
-65.0248
-65.0244
-65.0241
-65.0238
-65.0234
-65.0231
-65.0228
-65.0225
-65.0223
-65.022
-65.0217
-65.0215
-65.0212
-65.021
-65.0207
-65.0205
-65.0203
-65.02
-65.0198
-65.0196
-65.0194
-65.0192
-65.019
-65.0188
-65.0187
-65.0185
-65.0183
-65.0181
-65.018
-65.0178
-65.0177
-65.0175
-65.0174
-65.0172
-65.0171
-65.017
-65.0168
-65.0167
-65.0166
-65.0165
-65.0163
-65.0162
-65.0161
-65.016
-65.0159
-65.0158
-65.0157
-65.0156
-65.0155
-65.0154
-65.0153
-65.0153
-65.0152
-65.0151
-65.015
-65.0149
-65.0149
-65.0148
-65.0147
-65.0147
-65.0146
-65.0145
-65.0145
-65.0144
-65.0143
-65.0143
-65.0142
-65.0142
-65.0141
-65.0141
-65.014
-65.014
-65.0139
-65.0139
-65.0138
-65.0138
-65.0137
-65.0137
-65.0137
-65.0136
-65.0136
-65.0135
-65.0135
-65.0135
-65.0134
-65.0134
-65.0134
-65.0133
-65.0133
-65.0133
-65.0133
-65.0132
-65.0132
-65.0132
-65.0131
-65.0131
-65.0131
-65.0131
-65.0131
-65.013
-65.013
-65.013
-65.013
-65.0129
-65.0129
-65.0129
-65.0129
-65.0129
-65.0129
-65.0128
-65.0128
-65.0128
-65.0128
-65.0128
-65.0128
-65.0127
-65.0127
-65.0127
-65.0127
-65.0127
-65.0127
-65.0127
-65.0127
-65.0126
-65.0126
-65.0126
-65.0126
-65.0126
-65.0126
-65.0126
-65.0126
-65.0126
-65.0126
-65.0125
-65.0125
-65.0125
-65.0125
-65.0125
-65.0125
-65.0125
-65.0125
-65.0125
-65.0125
-65.0125
-65.0125
-65.0125
-65.0124
-65.0124
-65.0124
-65.0124
-65.0124
-65.0124
-65.0124
-65.0124
-65.0124
-65.0124
-65.0124
-65.0124
-65.0124
-65.0124
-65.0124
-65.0124
-65.0124
-65.0124
-65.0124
-65.0124
-65.0124
-65.0124
-65.0124
-65.0123
-65.0123
-65.0123
-65.0123
-65.0123
-65.0123
-65.0123
-65.0123
-65.0123
-65.0123
-65.0123
-65.0123
-65.0123
-65.0123
-65.0123
-65.0123
-65.0123
-65.0123
-65.0123
-65.0123
-65.0123
-65.0123
-65.0123
-65.0123
-65.0123
-65.0123
-65.0123
-65.0123
-65.0123
-65.0123
-65.0123
-65.0123
-65.0123
-65.0123
-65.0123
-65.0123
-65.0123
-65.0123
-65.0123
-65.0123
-65.0123
-65.0123
-65.0123
-65.0123
-65.0123
-65.0123
-65.0123
-65.0123
-65.0123
-65.0123
-65.0123
-65.0123
-65.0123
-65.0123
-65.0123
-65.0123
-65.0123
-65.0123
-65.0123
-65.0123
-65.0123
-65.0123
-65.0123
-65.0123
-65.0123
-65.0123
-65.0123
-65.0123
-65.0123
-65.0123
-65.0123
-65.0123
-65.0123
-65.0123
-64.8888
-64.7871
-64.7113
-64.6572
-64.6152
-64.5815
-64.5545
-64.5329
-64.5159
-64.5027
-64.4927
-64.4856
-64.4808
-64.478
-64.477
-64.4776
-64.4793
-64.4822
-64.4861
-64.4907
-64.496
-64.5019
-64.5083
-64.5151
-64.5223
-64.5297
-64.5373
-64.5451
-64.553
-64.5611
-64.5691
-64.5773
-64.5854
-64.5935
-64.4974
-64.2541
-64.0922
-63.972
-63.8864
-63.82
-63.7681
-63.7279
-63.6973
-63.6749
-63.6593
-63.6495
-63.6447
-63.644
-63.647
-63.653
-63.6616
-63.6724
-63.6851
-63.5665
-63.4532
-63.2234
-62.0568
-61.1779
-60.3888
-59.6799
-59.0518
-58.0704
-57.2584
-56.2221
-55.378
-54.5737
-53.9662
-53.4996
-53.0999
-52.7175
-52.359
-51.9414
-51.631
-51.3495
-51.1272
-50.9567
-50.8277
-50.6938
-50.5406
-50.4191
-50.3176
-50.225
-50.1009
-50.0132
-49.9552
-49.7392
-49.5707
-49.408
-49.2489
-49.1053
-48.9529
-48.8049
-48.6797
-48.5688
-48.4677
-48.3726
-48.2809
-48.1898
-48.0968
-47.9755
-47.8326
-47.6492
-47.4534
-47.2025
-46.8912
-46.5036
-46.0354
-45.4169
-44.5321
-43.0477
-39.809
-18.9638
33.7038
-13.9723
-44.7291
-58.1898
-61.8725
-63.0506
-63.5176
-63.6904
-63.5283
-63.1855
-62.9226
-62.6629
-62.4693
-62.2043
-61.8986
-61.6654
-61.3946
-61.0211
-60.7447
-60.5273
-60.2302
-59.9453
-59.5612
-59.0093
-58.4323
-57.8604
-57.2789
-56.8164
-56.2295
-55.6638
-55.0777
-54.5637
-54.1305
-53.7582
-53.4114
-53.16
-52.9258
-52.6305
-52.3316
-52.1184
-51.9303
-51.7503
-51.6268
-51.5061
-51.4011
-51.3405
-51.314
-51.3159
-51.3407
-51.3856
-51.4482
-51.5268
-51.62
-51.7262
-51.8444
-51.9733
-52.112
-52.2594
-52.4146
-52.5768
-52.7449
-52.9179
-53.0952
-53.2759
-53.4597
-53.646
-53.8342
-54.0234
-54.2133
-54.4033
-54.5933
-54.7828
-54.9716
-55.1591
-55.3451
-55.5295
-55.7121
-55.8928
-56.0712
-56.2472
-56.4207
-56.5917
-56.7602
-56.9259
-57.0889
-57.2489
-57.4061
-57.5605
-57.712
-57.8606
-58.0064
-58.1492
-58.2892
-58.4262
-58.5605
-58.6919
-58.8206
-58.9466
-59.0698
-59.1903
-59.3082
-59.4234
-59.5361
-59.6463
-59.754
-59.8593
-59.9622
-60.0627
-60.1609
-60.2568
-60.3506
-60.4421
-60.4677
-60.4628
-60.483
-60.5181
-60.5633
-60.5954
-60.5385
-60.5202
-60.522
-60.5413
-60.5199
-60.2807
-59.7006
-59.2927
-58.9531
-58.4364
-57.5181
-56.538
-55.7285
-54.7061
-53.8262
-53.1785
-52.6425
-52.2304
-51.7609
-51.3289
-50.9957
-50.7345
-50.5286
-50.3633
-50.2323
-50.1307
-50.0549
-49.96
-49.8773
-49.7429
-49.5584
-49.4269
-49.3039
-49.1954
-49.0894
-48.9996
-48.8483
-48.7163
-48.5915
-48.285
-47.8855
-47.4298
-46.96
-46.4454
-45.7917
-44.976
-43.8103
-41.7312
-35.8576
36.0631
9.35214
-29.0571
-53.935
-61.2355
-63.2425
-63.8473
-63.9832
-63.9593
-63.8771
-63.7802
-63.6847
-63.5969
-63.519
-63.4511
-63.3925
-63.3423
-63.2997
-63.2638
-63.2337
-63.2088
-63.1656
-63.1083
-62.9849
-62.7732
-62.4971
-62.1176
-61.7507
-61.2759
-60.8981
-60.5853
-60.2968
-59.9363
-59.6426
-59.406
-59.2015
-59.0205
-58.8263
-58.5848
-58.3835
-58.1881
-57.9233
-57.6176
-57.2753
-56.77
-56.2551
-55.7129
-55.1762
-54.632
-54.1942
-53.8387
-53.5666
-53.2993
-53.0205
-52.7943
-52.5743
-52.3133
-52.0984
-51.8875
-51.7162
-51.5988
-51.5269
-51.4312
-51.301
-51.2172
-51.1574
-51.1233
-51.1213
-51.1449
-51.1907
-51.2551
-51.3364
-51.4328
-51.5427
-51.6648
-51.798
-51.9412
-52.0935
-52.2537
-52.4212
-52.5951
-52.7744
-52.9581
-53.1454
-53.3355
-53.528
-53.7225
-53.9182
-54.1144
-54.3107
-54.5068
-54.7023
-54.897
-55.0904
-55.282
-55.4719
-55.6598
-55.8457
-56.0292
-56.21
-56.3883
-56.5638
-56.7367
-56.9067
-57.0738
-57.2378
-57.3989
-57.5569
-57.712
-57.864
-58.0131
-58.1591
-58.3021
-58.4421
-58.5792
-58.7133
-58.8446
-58.9731
-59.0987
-59.2215
-59.3416
-59.459
-59.5737
-59.6859
-59.7955
-59.9025
-60.0072
-60.1094
-60.2092
-60.3066
-60.4018
-60.4947
-60.5855
-60.6741
-60.7607
-60.8452
-60.9277
-61.0082
-61.0868
-61.1635
-61.2384
-61.3115
-61.3829
-61.4525
-61.5205
-61.5868
-61.6516
-61.7148
-61.7264
-61.4479
-61.0117
-60.7193
-60.4123
-60.1942
-60.035
-59.922
-59.6979
-59.445
-59.2093
-58.8612
-58.6281
-58.4479
-58.1344
-56.7779
-55.4831
-54.547
-53.882
-53.3816
-52.8958
-52.5225
-52.1822
-51.9214
-51.6567
-51.3536
-51.1093
-50.9276
-50.7963
-50.7019
-50.6374
-50.5499
-50.3298
-50.1477
-49.9382
-49.7764
-49.6569
-49.5649
-49.4648
-49.3222
-49.1714
-49.0372
-48.9332
-48.8491
-48.6436
-48.2271
-47.8356
-47.4771
-47.1241
-46.7434
-46.2986
-45.7503
-45.017
-43.9345
-42.0256
-36.8351
30.6965
12.8099
-27.7917
-54.5676
-62.6567
-64.8981
-65.5325
-65.687
-65.6725
-65.561
-65.4368
-65.3175
-65.209
-65.1102
-65.0205
-64.9392
-64.8655
-64.7985
-64.7375
-64.6818
-64.631
-64.5756
-64.4776
-64.4016
-64.2944
-64.0871
-63.9337
-63.8129
-63.7192
-63.6418
-63.5772
-63.5231
-63.4777
-63.4183
-63.3001
-63.1904
-63.1088
-63.0216
-62.9282
-62.8252
-62.5263
-62.0461
-61.5477
-60.8498
-60.1944
-59.5207
-58.8369
-58.1913
-57.5194
-56.8956
-56.3321
-55.6083
-54.9865
-54.4279
-54.0236
-53.6832
-53.4307
-53.2411
-53.0805

