-70
-70.0758
-70.1508
-70.225
-70.2983
-70.3706
-70.4419
-70.5122
-70.5814
-70.6496
-70.7168
-70.7829
-70.848
-70.9121
-70.9752
-71.0373
-71.0984
-71.1586
-71.2178
-71.2761
-71.3334
-71.3899
-71.4455
-71.5003
-71.5543
-71.6074
-71.6598
-71.7114
-71.7623
-71.8124
-71.8619
-71.9106
-71.9587
-72.006
-72.0527
-72.0988
-72.1442
-72.1889
-72.2331
-72.2766
-72.3196
-72.362
-72.4038
-72.445
-72.4857
-72.5258
-72.5654
-72.6045
-72.6431
-72.6812
-72.7188
-72.756
-72.7927
-72.8289
-72.8647
-72.9
-72.9349
-72.9694
-73.0035
-73.0371
-73.0704
-73.1032
-73.1357
-73.1678
-73.1994
-73.2307
-73.2617
-73.2922
-73.3224
-73.3523
-73.3817
-73.4109
-73.4397
-73.4682
-73.4963
-73.5241
-73.5516
-73.5788
-73.6057
-73.6323
-73.6585
-73.6845
-73.7102
-73.7356
-73.7608
-73.7857
-73.8103
-73.8346
-73.8587
-73.8825
-73.9061
-73.9294
-73.9524
-73.9753
-73.9979
-74.0202
-74.0423
-74.0642
-74.0859
-74.1073
-74.1285
-74.1495
-74.1703
-74.1909
-74.2112
-74.2313
-74.2513
-74.271
-74.2905
-74.3098
-74.329
-74.3479
-74.3666
-74.3852
-74.4036
-74.4217
-74.4397
-74.4575
-74.4752
-74.4926
-74.5099
-74.527
-74.544
-74.5607
-74.5774
-74.5938
-74.6101
-74.6262
-74.6422
-74.658
-74.6736
-74.6891
-74.7045
-74.7197
-74.7347
-74.7496
-74.7644
-74.779
-74.7935
-74.8079
-74.8221
-74.8362
-74.8501
-74.864
-74.8777
-74.8913
-74.9047
-74.918
-74.9313
-74.9443
-74.9573
-74.9701
-74.9829
-74.9955
-75.008
-75.0204
-75.0327
-75.0448
-75.0569
-75.0688
-75.0806
-75.0924
-75.104
-75.1155
-75.1269
-75.1382
-75.1495
-75.1606
-75.1716
-75.1825
-75.1933
-75.204
-75.2147
-75.2252
-75.2356
-75.246
-75.2562
-75.2664
-75.2764
-75.2864
-75.2963
-75.3061
-75.3158
-75.3255
-75.335
-75.3445
-75.3538
-75.3631
-75.3724
-75.3815
-75.3906
-75.3995
-75.4084
-75.4172
-75.426
-75.4346
-75.4432
-75.4518
-75.4602
-75.4686
-75.4769
-75.4851
-75.4932
-75.5013
-75.5093
-75.5173
-75.5251
-75.533
-75.5407
-75.5484
-75.556
-75.5635
-75.571
-75.5784
-75.5858
-75.593
-75.6003
-75.6074
-75.6145
-75.6216
-75.6285
-75.6355
-75.6423
-75.6491
-75.6559
-75.6626
-75.6692
-75.6758
-75.6823
-75.6888
-75.6952
-75.7015
-75.7078
-75.7141
-75.7203
-75.7264
-75.7325
-75.7386
-75.7446
-75.7505
-75.7564
-75.7622
-75.768
-75.7738
-75.7795
-75.7851
-75.7907
-75.7963
-75.8018
-75.8072
-75.8127
-75.818
-75.8234
-75.8287
-75.8339
-75.8391
-75.8443
-75.8494
-75.8545
-75.8595
-75.8645
-75.8695
-75.8744
-75.8793
-75.8841
-75.8889
-75.8937
-75.8984
-75.9031
-75.9077
-75.9123
-75.9169
-75.9214
-75.9259
-75.9304
-75.9348
-75.9392
-75.9436
-75.9479
-75.9522
-75.9565
-75.9607
-75.9649
-75.969
-75.9731
-75.9772
-75.9813
-75.9853
-75.9893
-75.9933
-75.9972
-76.0011
-76.005
-76.0088
-76.0126
-76.0164
-76.0201
-76.0239
-76.0275
-76.0312
-76.0348
-76.0384
-76.042
-76.0456
-76.0491
-76.0526
-76.056
-76.0595
-76.0629
-76.0663
-76.0696
-76.0729
-76.0762
-76.0795
-76.0828
-76.086
-76.0892
-76.0924
-76.0955
-76.0986
-76.1017
-76.1048
-76.1079
-76.1109
-76.1139
-76.1169
-76.1198
-76.1228
-76.1257
-76.1286
-76.1314
-76.1343
-76.1371
-76.1399
-76.1427
-76.1455
-76.1482
-76.1509
-76.1536
-76.1563
-76.1589
-76.1615
-76.1642
-76.1667
-76.1693
-76.1719
-76.1744
-76.1769
-76.1794
-76.1819
-76.1843
-76.1868
-76.1892
-76.1916
-76.1939
-76.1963
-76.1986
-76.201
-76.2033
-76.2056
-76.2078
-76.2101
-76.2123
-76.2145
-76.2167
-76.2189
-76.2211
-76.2232
-76.2254
-76.2275
-76.2296
-76.2317
-76.2337
-76.2358
-76.2378
-76.2398
-76.2418
-76.2438
-76.2458
-76.2478
-76.2497
-76.2516
-76.2536
-76.2554
-76.2573
-76.2592
-76.2611
-76.2629
-76.2647
-76.2665
-76.2683
-76.2701
-76.2719
-76.2737
-76.2754
-76.2771
-76.2788
-76.2806
-76.2822
-76.2839
-76.2856
-76.2872
-76.2889
-76.2905
-76.2921
-76.2937
-76.2953
-76.2969
-76.2985
-76.3
-76.3016
-76.3031
-76.3046
-76.3061
-76.3076
-76.3091
-76.3106
-76.312
-76.3135
-76.3149
-76.3164
-76.3178
-76.3192
-76.3206
-76.322
-76.3233
-76.3247
-76.3261
-76.3274
-76.3287
-76.33
-76.3314
-76.3327
-76.334
-76.3352
-76.3365
-76.3378
-76.339
-76.3403
-76.3415
-76.3427
-76.3439
-76.3452
-76.3464
-76.3475
-76.3487
-76.3499
-76.351
-76.3522
-76.3533
-76.3545
-76.3556
-76.3567
-76.3578
-76.3589
-76.36
-76.3611
-76.3622
-76.3632
-76.3643
-76.3654
-76.3664
-76.3674
-76.3685
-76.3695
-76.3705
-76.3715
-76.3725
-76.3735
-76.3745
-76.3754
-76.3764
-76.3774
-76.3783
-76.3793
-76.3802
-76.3811
-76.382
-76.383
-76.3839
-76.3848
-76.3857
-76.3866
-76.3874
-76.3883
-76.3892
-76.39
-76.3909
-76.3917
-76.3926
-76.3934
-76.3943
-76.3951
-76.3959
-76.3967
-76.3975
-76.3983
-76.3991
-76.3999
-76.4007
-76.4014
-76.4022
-76.403
-76.4037
-76.4045
-76.4052
-76.406
-76.4067
-76.4074
-76.4082
-76.4089
-76.4096
-76.4103
-76.411
-76.4117
-76.4124
-76.4131
-76.4137
-76.4144
-76.4151
-76.4158
-76.4164
-76.4171
-76.4177
-76.4184
-76.419
-76.4196
-76.4203
-76.4209
-76.4215
-76.4221
-76.4227
-76.4234
-76.424
-76.4246
-76.4251
-76.4257
-76.4263
-76.4269
-76.4275
-76.428
-76.4286
-76.4292
-76.4144
-76.3713
-76.3351
-76.3067
-76.2843
-76.2665
-76.2522
-76.2407
-76.2314
-76.224
-76.2014
-76.1765
-76.1576
-76.1433
-76.1325
-76.1243
-76.118
-76.1133
-76.1099
-76.1074
-76.1057
-76.1047
-76.1042
-76.1041
-76.1045
-76.1052
-76.1061
-76.1073
-76.1087
-76.1083
-76.099
-76.0909
-76.0849
-76.0806
-76.0776
-76.0755
-76.0742
-76.0736
-76.0734
-76.0737
-76.0744
-76.0753
-76.0765
-76.0779
-76.0795
-76.0813
-76.0832
-76.0853
-76.0874
-76.0896
-76.092
-76.0943
-76.0968
-76.0993
-76.1018
-76.1044
-76.107
-76.1096
-76.1123
-76.115
-76.1176
-76.1203
-76.123
-76.1257
-76.1284
-76.1307
-76.121
-76.111
-76.0937
-76.0718
-76.0574
-76.0481
-76.0421
-76.0382
-76.0358
-76.0345
-76.0338
-76.0338
-76.0328
-76.0305
-76.0291
-76.0285
-76.0285
-76.0289
-76.0297
-76.0307
-76.032
-76.0335
-76.0351
-76.0369
-76.0388
-76.0408
-76.043
-76.0452
-76.0475
-76.0499
-76.0524
-76.0549
-76.0575
-76.0601
-76.0628
-76.0655
-76.0683
-76.0711
-76.0739
-76.0768
-76.0796
-76.0825
-76.0854
-76.0883
-76.0912
-76.0941
-76.097
-76.0999
-76.1028
-76.1057
-76.1086
-76.1115
-76.1144
-76.1173
-76.1201
-76.123
-76.1258
-76.1286
-76.1314
-76.1342
-76.137
-76.1398
-76.1425
-76.1452
-76.1479
-76.1506
-76.1533
-76.1559
-76.1586
-76.1612
-76.1638
-76.1664
-76.1689
-76.1715
-76.174
-76.1765
-76.179
-76.1815
-76.1839
-76.1863
-76.1888
-76.1911
-76.1935
-76.1959
-76.1982
-76.2005
-76.2029
-76.2051
-76.2074
-76.2097
-76.2119
-76.2141
-76.2163
-76.2185
-76.2207
-76.2228
-76.225
-76.2271
-76.2292
-76.2313
-76.2333
-76.2354
-76.2374
-76.2395
-76.2415
-76.2435
-76.2454
-76.2474
-76.2493
-76.2513
-76.2532
-76.2551
-76.2529
-76.2311
-76.2113
-76.1959
-76.1839
-76.1744
-76.167
-76.1612
-76.1568
-76.1533
-76.1508
-76.149
-76.1478
-76.1472
-76.1359
-76.1106
-76.0921
-76.0793
-76.0703
-76.064
-76.0597
-76.0567
-76.0548
-76.0537
-76.0532
-76.0533
-76.0537
-76.0545
-76.0556
-76.0569
-76.0584
-76.0601
-76.062
-76.064
-76.0661
-76.0683
-76.0706
-76.073
-76.0755
-76.078
-76.0806
-76.0832
-76.0859
-76.0886
-76.0913
-76.094
-76.0968
-76.0996
-76.1024
-76.1052
-76.108
-76.1108
-76.1136
-76.1164
-76.1192
-76.122
-76.1248
-76.1276
-76.1304
-76.1331
-76.1359
-76.1386
-76.1413
-76.1435
-76.1331
-76.1223
-76.1141
-76.1079
-76.1033
-76.0999
-76.0976
-76.0918
-76.0818
-76.0742
-76.0689
-76.0651
-76.0626
-76.0609
-76.0587
-76.0532
-76.049
-76.0463
-76.0446
-76.0437
-76.0434
-76.0437
-76.0442
-76.0451
-76.0463
-76.0477
-76.0493
-76.0511
-76.053
-76.055
-76.0572
-76.0594
-76.0618
-76.0642
-76.0667
-76.0692
-76.0718
-76.0745
-76.0772
-76.0799
-76.0826
-76.0854
-76.0882
-76.091
-76.0939
-76.0967
-76.0996
-76.1024
-76.1053
-76.1081
-76.111
-76.1138
-76.1167
-76.1195
-76.1223
-76.1251
-76.1279
-76.1307
-76.1335
-76.1363
-76.139
-76.1418
-76.1445
-76.1472
-76.1499
-76.1525
-76.1552
-76.1578
-76.1604
-76.163
-76.1656
-76.1682
-76.1707
-76.1732
-76.1757
-76.1782
-76.1807
-76.1832
-76.1856
-76.188
-76.1904
-76.1928
-76.1952
-76.1975
-76.1998
-76.2021
-76.2044
-76.2067
-76.209
-76.2112
-76.2134
-76.2156
-76.2178
-76.22
-76.2222
-76.2243
-76.2264
-76.2285
-76.2306
-76.2327
-76.2348
-76.2368
-76.2388
-76.2408
-76.2428
-76.2448
-76.2468
-76.2487
-76.2507
-76.2526
-76.2545
-76.2564
-76.2583
-76.2601
-76.262
-76.2638
-76.2656
-76.2674
-76.2692
-76.271
-76.2728
-76.2745
-76.2763
-76.278
-76.2797
-76.2814
-76.2831
-76.2848
-76.2864
-76.2881
-76.2897
-76.2913
-76.2929
-76.2945
-76.2961
-76.2977
-76.2992
-76.3008
-76.2842
-76.2581
-76.2222
-76.1859
-76.1594
-76.14
-76.1257
-76.1151
-76.1071
-76.1011
-76.0967
-76.0935
-76.0913
-76.0899
-76.0891
-76.0888
-76.0867
-76.0787
-76.0722
-76.0676
-76.0644
-76.0623
-76.061
-76.0603
-76.0602
-76.0605
-76.0612
-76.0622
-76.0635
-76.0649
-76.0666
-76.0684
-76.0703
-76.0724
-76.0746
-76.0768
-76.0792
-76.0816
-76.0841
-76.0867
-76.0892
-76.0919
-76.0904
-76.0838
-76.0786
-76.0749
-76.0723
-76.0707
-76.0697
-76.0693
-76.0694
-76.0699
-76.0707
-76.0718
-76.0731
-76.0746
-76.0763
-76.0782
-76.0802
-76.0823
-76.0845
-76.0867
-76.0891
-76.0915
-76.094
-76.0966
-76.0991
-76.1017
-76.1044
-76.107
-76.1097
-76.1124
-76.1151
-76.1179
-76.1206
-76.1233
-76.126

