-70
-69.8623
-69.7285
-69.5983
-69.4718
-69.3487
-69.2291
-69.1128
-68.9997
-68.8897
-68.7828
-68.6789
-68.5778
-68.4795
-68.3839
-68.291
-68.2007
-68.1128
-68.0274
-67.9443
-67.8636
-67.7851
-67.7087
-67.6345
-67.5623
-67.4921
-67.4238
-67.3574
-67.2929
-67.2301
-67.1691
-67.1098
-67.0521
-66.996
-66.9414
-66.8884
-66.8368
-66.7866
-66.7378
-66.6904
-66.6443
-66.5994
-66.5558
-66.5133
-66.4721
-66.432
-66.393
-66.355
-66.3181
-66.2823
-66.2474
-66.2134
-66.1805
-66.1484
-66.1172
-66.0868
-66.0573
-66.0286
-66.0007
-65.9736
-65.9472
-65.9215
-65.8966
-65.8723
-65.8487
-65.8257
-65.8034
-65.7817
-65.7606
-65.74
-65.72
-65.7006
-65.6817
-65.6633
-65.6455
-65.6281
-65.6112
-65.5948
-65.5788
-65.5632
-65.5481
-65.5334
-65.5191
-65.5052
-65.4917
-65.4785
-65.4657
-65.4533
-65.4412
-65.4294
-65.418
-65.4068
-65.396
-65.3855
-65.3752
-65.3653
-65.3556
-65.3462
-65.337
-65.3281
-65.3194
-65.311
-65.3028
-65.2948
-65.2871
-65.2795
-65.2722
-65.2651
-65.2581
-65.2514
-65.2448
-65.2385
-65.2322
-65.2262
-65.2203
-65.2146
-65.2091
-65.2037
-65.1984
-65.1933
-65.1884
-65.1835
-65.1788
-65.1743
-65.1698
-65.1655
-65.1613
-65.1572
-65.1532
-65.1493
-65.1456
-65.1419
-65.1384
-65.1349
-65.1315
-65.1283
-65.1251
-65.122
-65.119
-65.1161
-65.1132
-65.1104
-65.1077
-65.1051
-65.1026
-65.1001
-65.0977
-65.0953
-65.0931
-65.0908
-65.0887
-65.0866
-65.0845
-65.0826
-65.0806
-65.0788
-65.0769
-65.0752
-65.0734
-65.0718
-65.0701
-65.0685
-65.067
-65.0655
-65.064
-65.0626
-65.0612
-65.0599
-65.0586
-65.0573
-65.0561
-65.0549
-65.0537
-65.0526
-65.0514
-65.0504
-65.0493
-65.0483
-65.0473
-65.0464
-65.0454
-65.0445
-65.0436
-65.0428
-65.0419
-65.0411
-65.0403
-65.0395
-65.0388
-65.0381
-65.0374
-65.0367
-65.036
-65.0353
-65.0347
-65.0341
-65.0335
-65.0329
-65.0323
-65.0318
-65.0313
-65.0307
-65.0302
-65.0297
-65.0293
-65.0288
-65.0283
-65.0279
-65.0275
-65.027
-65.0266
-65.0262
-65.0259
-65.0255
-65.0251
-65.0248
-65.0244
-65.0241
-65.0238
-65.0234
-65.0231
-65.0228
-65.0225
-65.0223
-65.022
-65.0217
-65.0215
-65.0212
-65.021
-65.0207
-65.0205
-65.0203
-65.02
-65.0198
-65.0196
-65.0194
-65.0192
-65.019
-65.0188
-65.0187
-65.0185
-65.0183
-65.0181
-65.018
-65.0178
-65.0177
-65.0175
-65.0174
-65.0172
-65.0171
-65.017
-65.0168
-65.0167
-65.0166
-65.0165
-65.0163
-65.0162
-65.0161
-65.016
-65.0159
-65.0158
-65.0157
-65.0156
-65.0155
-65.0154
-65.0153
-65.0153
-65.0152
-65.0151
-65.015
-65.0149
-65.0149
-65.0148
-65.0147
-65.0147
-65.0146
-65.0145
-65.0145
-65.0144
-65.0143
-65.0143
-65.0142
-65.0142
-65.0141
-65.0141
-65.014
-65.014
-65.0139
-65.0139
-65.0138
-65.0138
-65.0137
-65.0137
-65.0137
-65.0136
-65.0136
-65.0135
-65.0135
-65.0135
-65.0134
-65.0134
-65.0134
-65.0133
-65.0133
-65.0133
-65.0133
-65.0132
-65.0132
-65.0132
-65.0131
-65.0131
-65.0131
-65.0131
-65.0131
-65.013
-65.013
-65.013
-65.013
-65.0129
-65.0129
-65.0129
-65.0129
-65.0129
-65.0129
-65.0128
-65.0128
-65.0128
-65.0128
-65.0128
-65.0128
-65.0127
-65.0127
-65.0127
-65.0127
-65.0127
-65.0127
-65.0127
-65.0127
-65.0126
-65.0126
-65.0126
-65.0126
-65.0126
-65.0126
-65.0126
-65.0126
-65.0126
-65.0126
-65.0125
-65.0125
-65.0125
-65.0125
-65.0125
-65.0125
-65.0125
-65.0125
-65.0125
-65.0125
-65.0125
-65.0125
-65.0125
-65.0124
-65.0124
-65.0124
-65.0124
-65.0124
-65.0124
-65.0124
-65.0124
-65.0124
-65.0124
-65.0124
-65.0124
-65.0124
-65.0124
-65.0124
-65.0124
-65.0124
-65.0124
-65.0124
-65.0124
-65.0124
-65.0124
-65.0124
-65.0123
-65.0123
-65.0123
-65.0123
-65.0123
-65.0123
-65.0123
-65.0123
-65.0123
-65.0123
-65.0123
-65.0123
-65.0123
-65.0123
-65.0123
-65.0123
-65.0123
-65.0123
-65.0123
-65.0123
-65.0123
-65.0123
-65.0123
-65.0123
-65.0123
-65.0123
-65.0123
-65.0123
-65.0123
-65.0123
-65.0123
-65.0123
-65.0123
-65.0123
-65.0123
-65.0123
-65.0123
-65.0123
-65.0123
-65.0123
-65.0123
-65.0123
-65.0123
-65.0123
-65.0123
-65.0123
-65.0123
-65.0123
-65.0123
-65.0123
-65.0123
-65.0123
-65.0123
-65.0123
-65.0123
-65.0123
-65.0123
-65.0123
-65.0123
-65.0123
-65.0123
-65.0123
-65.0123
-65.0123
-65.0123
-65.0123
-65.0123
-65.0123
-65.0123
-65.0123
-65.0123
-65.0123
-65.0123
-65.0123
-64.8272
-64.6749
-64.5616
-64.4807
-64.4179
-64.3677
-64.3273
-64.2951
-64.2696
-64.2499
-64.2351
-64.2244
-64.2173
-64.2132
-64.2117
-64.2125
-64.2152
-64.2195
-64.2252
-64.2321
-64.2401
-64.2489
-64.2584
-64.2685
-64.2792
-64.2902
-64.3016
-64.3133
-64.3251
-64.3371
-64.3491
-64.3613
-64.3734
-64.3855
-64.3197
-64.1436
-64.0281
-63.9438
-63.8854
-63.8412
-63.8079
-63.7833
-63.7658
-63.7543
-63.7479
-63.7457
-63.7472
-63.7518
-63.7589
-63.7682
-63.7795
-63.7922
-63.802
-63.2385
-62.7841
-62.3471
-61.5314
-60.9042
-60.2874
-59.7203
-59.2313
-58.5201
-57.824
-57.0099
-56.3834
-55.8211
-55.3922
-55.0671
-54.6593
-54.1793
-53.7065
-53.1762
-52.7933
-52.4195
-52.1243
-51.9024
-51.7016
-51.5173
-51.3552
-51.2288
-51.0538
-50.9154
-50.8213
-50.7385
-50.6777
-50.6081
-50.5719
-50.5447
-50.5247
-50.5323
-50.5612
-50.6092
-50.6732
-50.752
-50.8443
-50.9493
-51.0362
-51.1272
-51.2365
-51.3608
-51.4975
-51.6157
-51.7359
-51.8315
-51.9446
-52.0516
-52.1185
-52.201
-52.2942
-52.2701
-52.2594
-52.2509
-52.2898
-52.3575
-52.4473
-52.517
-52.6052
-52.7054
-52.7376
-52.8061
-52.8686
-52.8931
-52.9315
-52.9358
-52.9275
-52.9605
-53.0215
-53.0273
-53.0588
-53.104
-53.0497
-53.0438
-53.0722
-52.9899
-52.74
-52.3306
-52.0268
-51.752
-51.4883
-51.1637
-50.5414
-49.9247
-49.2559
-48.5614
-47.8599
-47.2028
-46.5389
-45.8153
-44.8686
-43.5344
-41.1716
-33.4278
41.6349
2.7971
-31.775
-53.4555
-59.4624
-61.0328
-61.4676
-61.5404
-61.4804
-61.3765
-61.2667
-61.1664
-61.081
-61.0117
-60.9578
-60.9178
-60.8902
-60.8735
-60.8662
-60.8672
-60.8752
-60.8895
-60.9093
-60.9337
-60.9621
-60.9941
-61.0291
-61.0666
-61.1063
-61.1478
-61.1909
-61.2352
-61.2805
-61.3266
-61.3734
-61.4206
-61.4681
-61.5157
-61.5634
-61.6111
-61.6586
-61.7058
-61.7528
-61.7994
-61.8455
-61.8912
-61.9364
-61.981
-62.025
-62.0684
-62.1112
-62.1533
-62.1948
-62.2355
-62.2756
-62.315
-62.3538
-62.3918
-62.4291
-62.4657
-62.5017
-62.5369
-62.5715
-62.6054
-62.6386
-62.6712
-62.7031
-62.7344
-62.765
-62.795
-62.8245
-62.8323
-62.7462
-62.5147
-62.3647
-62.2582
-62.1867
-62.1188
-61.714
-61.4054
-61.1795
-60.992
-60.7449
-60.37
-59.989
-59.712
-59.4547
-59.1087
-58.5553
-57.695
-56.9365
-56.0405
-55.3009
-54.7531
-54.2202
-53.815
-53.3618
-52.9466
-52.6406
-52.413
-52.2463
-52.0681
-51.8582
-51.7109
-51.6119
-51.5061
-51.4248
-51.3301
-51.1401
-50.9913
-50.865
-50.7865
-50.745
-50.6713
-50.5678
-50.4994
-50.4599
-50.4079
-50.3059
-50.2057
-50.152
-50.1211
-50.0869
-50.0835
-50.1023
-50.1415
-50.1977
-50.2262
-50.2441
-50.2909
-50.3595
-50.4465
-50.5483
-50.5897
-50.655
-50.7425
-50.8504
-50.9731
-51.108
-51.2539
-51.4098
-51.575
-51.7485
-51.9289
-52.1153
-52.3067
-52.5026
-52.7026
-52.9057
-53.111
-53.2665
-53.3988
-53.5286
-53.636
-53.7099
-53.6291
-53.4946
-53.355
-53.2527
-53.1049
-52.8562
-52.6135
-52.3349
-52.0308
-51.6767
-51.3646
-51.1184
-50.8684
-50.6106
-50.3278
-50.0714
-49.7399
-49.3618
-48.8163
-48.3468
-47.857
-47.3397
-46.8304
-46.263
-45.581
-44.6375
-43.2382
-40.4988
-28.6414
40.4055
-6.4162
-39.4757
-57.1626
-61.7326
-62.9273
-63.2149
-63.1609
-63.0144
-62.8422
-62.5749
-62.3341
-62.1101
-61.9142
-61.7601
-61.6373
-61.5399
-61.4628
-61.4029
-61.3577
-61.3251
-61.3035
-61.2912
-61.2872
-61.2903
-61.2995
-61.3141
-61.3333
-61.3565
-61.3831
-61.4126
-61.4447
-61.479
-61.5151
-61.5527
-61.5916
-61.6316
-61.6724
-61.7139
-61.7559
-61.7982
-61.8407
-61.8834
-61.926
-61.9686
-62.011
-62.0532
-62.095
-62.1366
-62.1777
-62.2184
-62.2586
-62.2983
-62.3375
-62.3761
-62.4142
-62.4516
-62.4885
-62.5248
-62.5604
-62.5954
-62.6299
-62.6637
-62.6968
-62.7294
-62.7613
-62.7927
-62.8234
-62.8535
-62.883
-62.912
-62.9404
-62.9681
-62.9954
-63.022
-63.0482
-63.0738
-63.0988
-63.1234
-63.1474
-63.171
-63.194
-63.2166
-63.2387
-63.2604
-63.2816
-63.3023
-63.3227
-63.3426
-63.3621
-63.3292
-63.2903
-63.1031
-62.867
-62.674
-62.2725
-61.8765
-61.5911
-61.3814
-61.1009
-60.7959
-60.5599
-60.214
-59.9364
-59.7076
-59.2918
-58.1011
-56.824
-55.8756
-55.1972
-54.6941
-54.2113
-53.8371
-53.4852
-53.1736
-52.9024
-52.6771
-52.4982
-52.3735
-52.291
-52.2435
-52.2251
-52.1914
-52.0649
-51.9348
-51.7257
-51.4913
-51.3138
-51.1662
-51.0344
-50.9031
-50.799
-50.7052
-50.621
-50.5698
-50.4898
-50.4356
-50.3625
-50.3206
-50.3103
-50.3267
-50.3551
-50.3449
-50.3597
-50.3996
-50.4622
-50.5421
-50.637
-50.7167
-50.7776
-50.846
-50.9005
-50.9784
-51.078
-51.1955
-51.3268
-51.47
-51.6239
-51.7869
-51.9579
-52.1358
-52.3197
-52.5089
-52.7028
-52.9005
-53.101
-53.3034
-53.5074
-53.6673
-53.7997
-53.8869
-53.9702
-54.0379
-54.0893
-54.1374
-54.2188
-54.3222
-54.4417
-54.5723
-54.7114
-54.8573
-54.9647
-55.0206
-55.0462
-55.0578
-54.9948
-54.8185
-54.6833
-54.4836
-54.2303
-53.9907
-53.7366
-53.3354
-52.8537
-52.3618
-51.8293
-51.4165
-51.03
-50.532
-50.0798
-49.6502
-49.3112
-48.9824
-48.6607
-48.3381
-47.9559

