-70
-70.0758
-70.1508
-70.225
-70.2983
-70.3706
-70.4419
-70.5122
-70.5814
-70.6496
-70.7168
-70.7829
-70.848
-70.9121
-70.9752
-71.0373
-71.0984
-71.1586
-71.2178
-71.2761
-71.3334
-71.3899
-71.4455
-71.5003
-71.5543
-71.6074
-71.6598
-71.7114
-71.7623
-71.8124
-71.8619
-71.9106
-71.9587
-72.006
-72.0527
-72.0988
-72.1442
-72.1889
-72.2331
-72.2766
-72.3196
-72.362
-72.4038
-72.445
-72.4857
-72.5258
-72.5654
-72.6045
-72.6431
-72.6812
-72.7188
-72.756
-72.7927
-72.8289
-72.8647
-72.9
-72.9349
-72.9694
-73.0035
-73.0371
-73.0704
-73.1032
-73.1357
-73.1678
-73.1994
-73.2307
-73.2617
-73.2922
-73.3224
-73.3523
-73.3817
-73.4109
-73.4397
-73.4682
-73.4963
-73.5241
-73.5516
-73.5788
-73.6057
-73.6323
-73.6585
-73.6845
-73.7102
-73.7356
-73.7608
-73.7857
-73.8103
-73.8346
-73.8587
-73.8825
-73.9061
-73.9294
-73.9524
-73.9753
-73.9979
-74.0202
-74.0423
-74.0642
-74.0859
-74.1073
-74.1285
-74.1495
-74.1703
-74.1909
-74.2112
-74.2313
-74.2513
-74.271
-74.2905
-74.3098
-74.329
-74.3479
-74.3666
-74.3852
-74.4036
-74.4217
-74.4397
-74.4575
-74.4752
-74.4926
-74.5099
-74.527
-74.544
-74.5607
-74.5774
-74.5938
-74.6101
-74.6262
-74.6422
-74.658
-74.6736
-74.6891
-74.7045
-74.7197
-74.7347
-74.7496
-74.7644
-74.779
-74.7935
-74.8079
-74.8221
-74.8362
-74.8501
-74.864
-74.8777
-74.8913
-74.9047
-74.918
-74.9313
-74.9443
-74.9573
-74.9701
-74.9829
-74.9955
-75.008
-75.0204
-75.0327
-75.0448
-75.0569
-75.0688
-75.0806
-75.0924
-75.104
-75.1155
-75.1269
-75.1382
-75.1495
-75.1606
-75.1716
-75.1825
-75.1933
-75.204
-75.2147
-75.2252
-75.2356
-75.246
-75.2562
-75.2664
-75.2764
-75.2864
-75.2963
-75.3061
-75.3158
-75.3255
-75.335
-75.3445
-75.3538
-75.3631
-75.3724
-75.3815
-75.3906
-75.3995
-75.4084
-75.4172
-75.426
-75.4346
-75.4432
-75.4518
-75.4602
-75.4686
-75.4769
-75.4851
-75.4932
-75.5013
-75.5093
-75.5173
-75.5251
-75.533
-75.5407
-75.5484
-75.556
-75.5635
-75.571
-75.5784
-75.5858
-75.593
-75.6003
-75.6074
-75.6145
-75.6216
-75.6285
-75.6355
-75.6423
-75.6491
-75.6559
-75.6626
-75.6692
-75.6758
-75.6823
-75.6888
-75.6952
-75.7015
-75.7078
-75.7141
-75.7203
-75.7264
-75.7325
-75.7386
-75.7446
-75.7505
-75.7564
-75.7622
-75.768
-75.7738
-75.7795
-75.7851
-75.7907
-75.7963
-75.8018
-75.8072
-75.8127
-75.818
-75.8234
-75.8287
-75.8339
-75.8391
-75.8443
-75.8494
-75.8545
-75.8595
-75.8645
-75.8695
-75.8744
-75.8793
-75.8841
-75.8889
-75.8937
-75.8984
-75.9031
-75.9077
-75.9123
-75.9169
-75.9214
-75.9259
-75.9304
-75.9348
-75.9392
-75.9436
-75.9479
-75.9522
-75.9565
-75.9607
-75.9649
-75.969
-75.9731
-75.9772
-75.9813
-75.9853
-75.9893
-75.9933
-75.9972
-76.0011
-76.005
-76.0088
-76.0126
-76.0164
-76.0201
-76.0239
-76.0275
-76.0312
-76.0348
-76.0384
-76.042
-76.0456
-76.0491
-76.0526
-76.056
-76.0595
-76.0629
-76.0663
-76.0696
-76.0729
-76.0762
-76.0795
-76.0828
-76.086
-76.0892
-76.0924
-76.0955
-76.0986
-76.1017
-76.1048
-76.1079
-76.1109
-76.1139
-76.1169
-76.1198
-76.1228
-76.1257
-76.1286
-76.1314
-76.1343
-76.1371
-76.1399
-76.1427
-76.1455
-76.1482
-76.1509
-76.1536
-76.1563
-76.1589
-76.1615
-76.1642
-76.1667
-76.1693
-76.1719
-76.1744
-76.1769
-76.1794
-76.1819
-76.1843
-76.1868
-76.1892
-76.1916
-76.1939
-76.1963
-76.1986
-76.201
-76.2033
-76.2056
-76.2078
-76.2101
-76.2123
-76.2145
-76.2167
-76.2189
-76.2211
-76.2232
-76.2254
-76.2275
-76.2296
-76.2317
-76.2337
-76.2358
-76.2378
-76.2398
-76.2418
-76.2438
-76.2458
-76.2478
-76.2497
-76.2516
-76.2536
-76.2554
-76.2573
-76.2592
-76.2611
-76.2629
-76.2647
-76.2665
-76.2683
-76.2701
-76.2719
-76.2737
-76.2754
-76.2771
-76.2788
-76.2806
-76.2822
-76.2839
-76.2856
-76.2872
-76.2889
-76.2905
-76.2921
-76.2937
-76.2953
-76.2969
-76.2985
-76.3
-76.3016
-76.3031
-76.3046
-76.3061
-76.3076
-76.3091
-76.3106
-76.312
-76.3135
-76.3149
-76.3164
-76.3178
-76.3192
-76.3206
-76.322
-76.3233
-76.3247
-76.3261
-76.3274
-76.3287
-76.33
-76.3314
-76.3327
-76.334
-76.3352
-76.3365
-76.3378
-76.339
-76.3403
-76.3415
-76.3427
-76.3439
-76.3452
-76.3464
-76.3475
-76.3487
-76.3499
-76.351
-76.3522
-76.3533
-76.3545
-76.3556
-76.3567
-76.3578
-76.3589
-76.36
-76.3611
-76.3622
-76.3632
-76.3643
-76.3654
-76.3664
-76.3674
-76.3685
-76.3695
-76.3705
-76.3715
-76.3725
-76.3735
-76.3745
-76.3754
-76.3764
-76.3774
-76.3783
-76.3793
-76.3802
-76.3811
-76.382
-76.383
-76.3839
-76.3848
-76.3857
-76.3866
-76.3874
-76.3883
-76.3892
-76.39
-76.3909
-76.3917
-76.3926
-76.3934
-76.3943
-76.3951
-76.3959
-76.3967
-76.3975
-76.3983
-76.3991
-76.3999
-76.4007
-76.4014
-76.4022
-75.9782
-71.7854
-68.0015
-65.1526
-62.9424
-61.119
-59.4235
-57.4436
-53.6142
46.3418
-5.06449
-36.4119
-78.3973
-79.7416
-79.7278
-79.053
-77.9079
-77.4784
-77.1845
-76.8943
-76.5937
-76.2823
-75.9624
-75.3937
-72.8836
-70.8652
-69.4832
-68.4515
-67.6318
-66.9533
-66.3775
-65.8819
-65.4522
-65.0796
-64.7569
-64.4791
-64.2427
-64.0447
-63.8816
-63.7507
-61.9218
-60.962
-62.046
-62.9282
-63.5421
-63.9806
-64.507
-65.7929
-67.2427
-69.2983
-70.8337
-71.8896
-72.7198
-73.2552
-73.5479
-73.8941
-74.1351
-74.274
-74.3582
-74.4122
-74.4489
-74.4752
-74.4952
-74.5112
-74.5247
-74.5366
-74.5476
-74.5579
-74.568
-74.5779
-74.5878
-74.5978
-74.6079
-74.7363
-74.872
-74.9766
-75.0581
-75.1229
-75.1753
-75.2184
-72.1514
-68.5358
-65.935
-64.0445
-62.6123
-61.4628
-60.4643
-59.4991
-58.4191
-56.9155
-53.6898
41.1209
-3.02182
-34.6923
-77.4059
-79.1928
-79.0458
-78.9068
-78.7789
-78.6428
-78.2398
-76.3475
-75.2734
-74.6546
-74.1657
-73.7228
-73.3024
-72.8985
-72.7392
-72.698
-72.8266
-72.9231
-73.1486
-73.2774
-73.3306
-73.3446
-73.3382
-73.4984
-73.8525
-74.1176
-74.2967
-74.5328
-74.7174
-75.0639
-75.3114
-75.4776
-75.5623
-75.6056
-75.6294
-75.6434
-75.6522
-75.6833
-75.7101
-75.7274
-75.7392
-75.7476
-75.7541
-75.7593
-75.7637
-75.7676
-75.7712
-75.7747
-75.778
-75.7814
-75.7847
-75.7881
-75.7916
-75.7951
-75.8006
-75.8234
-75.8442
-75.8607
-75.8741
-75.8851
-75.8945
-75.9025
-75.9096
-75.916
-75.9218
-75.9272
-75.9322
-75.9369
-75.9415
-75.9458
-75.9501
-75.9542
-75.9582
-75.9622
-75.9661
-75.97
-75.9739
-75.9777
-75.9815
-75.9852
-75.989
-75.9927
-75.9964
-76.0001
-76.0038
-76.0075
-76.0111
-76.0148
-76.0184
-76.022
-76.0256
-76.0291
-76.0327
-76.0362
-73.6422
-69.4775
-66.2464
-63.784
-61.8182
-60.0976
-58.3031
-55.6467
-41.85
15.5871
-24.769
-69.934
-79.041
-79.0092
-78.8892
-78.7559
-78.6105
-78.453
-78.284
-77.0239
-75.1411
-74.0507
-73.3149
-72.7165
-72.1834
-71.6901
-71.2272
-70.7922
-68.4872
-66.15
-64.4234
-63.6069
-64.0732
-65.1472
-65.8986
-66.3935
-66.7308
-66.9692
-67.1446
-67.2794
-67.2546
-65.751
-64.7789
-64.9772
-65.2313
-65.4115
-65.5484
-66.188
-67.7012
-69.4692
-71.0278
-71.9236
-72.6741
-73.1581
-73.6086
-73.8707
-74.0175
-74.1052
-74.1609
-74.1985
-74.2254
-74.2459
-74.2625
-74.2765
-74.2891
-74.3008
-74.3119
-74.3228
-74.3337
-74.3446
-74.3557
-74.3669
-74.3784
-74.3902
-74.4022
-74.4145
-74.427
-74.4398
-74.4528
-74.466
-74.4794
-74.493
-71.4234
-67.6769
-64.8516
-62.6885
-60.9215
-59.2922
-57.4179
-53.9956
39.8438
-1.75342
-34.1045
-77.3033
-78.9544
-78.8485
-78.7127
-78.5645
-78.4042
-78.2324
-78.0498
-77.8574
-76.4412
-74.1955
-72.8278
-71.9178
-71.217
-70.7062
-70.6168
-70.5135
-70.6669
-70.9055
-71.023
-71.0669
-71.0708
-71.0537
-71.0269
-70.9967
-70.9672
-70.9407
-70.9185
-70.9015
-70.8898
-70.8836
-70.8828
-71.0932
-71.8542
-72.5489
-73.0437
-73.4023
-73.6688
-73.8714
-74.0287
-74.1531
-74.2533
-74.3352
-74.4033
-74.4606
-74.5226
-74.6912
-74.8407
-74.9564
-75.0474
-75.1202
-75.1795
-75.2284
-75.2762
-75.3769
-75.4633
-75.5291
-75.5803
-75.6209
-75.6537
-75.6806
-75.7031
-75.722
-75.7383
-75.7525
-75.765
-75.7762
-75.7862
-75.7953
-75.8037
-75.8115
-75.8189
-75.8257
-75.8323
-75.8385
-75.8445
-75.8503
-75.856
-75.8614
-75.8668
-75.872
-75.8771
-75.8821
-75.887
-75.8919
-75.8967
-75.9015
-75.9062
-75.9108
-75.9154
-75.92
-75.9245
-75.9289
-75.9334
-75.9378
-75.9421
-75.9464
-75.9507
-75.955
-75.9592
-75.9634
-75.9675
-75.9716
-75.9757
-75.9798
-75.9838
-72.7223
-68.7134
-65.6629
-63.32
-61.4208
-59.7075
-57.8141
-54.6002
14.0977
2.6291
-31.0968
-76.334
-78.9259
-78.7915
-78.6454
-78.4856
-78.312
-78.1249
-77.925
-77.7133
-76.5868
-74.3411
-72.9075
-71.9473
-71.203
-70.5745
-70.0192
-69.518
-69.0619
-68.269
-65.7812
-63.6565
-62.0379
-60.709
-59.7551
-60.2039
-62.0157
-63.6447
-65.6993
-67.6518
-69.2933
-70.5462
-71.5727
-72.192
-72.572
-72.9979
-73.4834
-73.903
-74.1584
-74.4471
-74.751
-75.0447
-75.2046
-75.2917
-75.3424
-75.3737
-75.3943
-75.4086
-75.4192
-75.4275
-75.4344
-75.4404
-75.4459
-75.451
-75.456
-75.4609
-75.4658
-75.4707
-75.4757
-75.4808
-75.486
-75.4913
-75.4968
-75.5435
-75.5934
-75.6328
-75.6643
-75.6899
-75.711
-75.7289
-75.7441
-75.7573
-75.7689
-75.7793
-75.7887
-75.7972
-75.8051
-75.3964
-71.3348
-67.7289
-65.0606
-63.0226
-61.3729
-59.8939
-58.3177
-56.0152
-47.6171
24.1617
-20.8376
-62.1346
-78.9192
-78.9513
-78.8258
-78.6852
-78.5319
-78.3661
-78.188
-77.8999
-75.7304
-74.189
-73.2543

