-70
-69.8623
-69.7285
-69.5983
-69.4718
-69.3487
-69.2291
-69.1128
-68.9997
-68.8897
-68.7828
-68.6789
-68.5778
-68.4795
-68.3839
-68.291
-68.2007
-68.1128
-68.0274
-67.9443
-67.8636
-67.7851
-67.7087
-67.6345
-67.5623
-67.4921
-67.4238
-67.3574
-67.2929
-67.2301
-67.1691
-67.1098
-67.0521
-66.996
-66.9414
-66.8884
-66.8368
-66.7866
-66.7378
-66.6904
-66.6443
-66.5994
-66.5558
-66.5133
-66.4721
-66.432
-66.393
-66.355
-66.3181
-66.2823
-66.2474
-66.2134
-66.1805
-66.1484
-66.1172
-66.0868
-66.0573
-66.0286
-66.0007
-65.9736
-65.9472
-65.9215
-65.8966
-65.8723
-65.8487
-65.8257
-65.8034
-65.7817
-65.7606
-65.74
-65.72
-65.7006
-65.6817
-65.6633
-65.6455
-65.6281
-65.6112
-65.5948
-65.5788
-65.5632
-65.5481
-65.5334
-65.5191
-65.5052
-65.4917
-65.4785
-65.4657
-65.4533
-65.4412
-65.4294
-65.418
-65.4068
-65.396
-65.3855
-65.3752
-65.3653
-65.3556
-65.3462
-65.337
-65.3281
-65.3194
-65.311
-65.3028
-65.2948
-65.2871
-65.2795
-65.2722
-65.2651
-65.2581
-65.2514
-65.2448
-65.2385
-65.2322
-65.2262
-65.2203
-65.2146
-65.2091
-65.2037
-65.1984
-65.1933
-65.1884
-65.1835
-65.1788
-65.1743
-65.1698
-65.1655
-65.1613
-65.1572
-65.1532
-65.1493
-65.1456
-65.1419
-65.1384
-65.1349
-65.1315
-65.1283
-65.1251
-65.122
-65.119
-65.1161
-65.1132
-65.1104
-65.1077
-65.1051
-65.1026
-65.1001
-65.0977
-65.0953
-65.0931
-65.0908
-65.0887
-65.0866
-65.0845
-65.0826
-65.0806
-65.0788
-65.0769
-65.0752
-65.0734
-65.0718
-65.0701
-65.0685
-65.067
-65.0655
-65.064
-65.0626
-65.0612
-65.0599
-65.0586
-65.0573
-65.0561
-65.0549
-65.0537
-65.0526
-65.0514
-65.0504
-65.0493
-65.0483
-65.0473
-65.0464
-65.0454
-65.0445
-65.0436
-65.0428
-65.0419
-65.0411
-65.0403
-65.0395
-65.0388
-65.0381
-65.0374
-65.0367
-65.036
-65.0353
-65.0347
-65.0341
-65.0335
-65.0329
-65.0323
-65.0318
-65.0313
-65.0307
-65.0302
-65.0297
-65.0293
-65.0288
-65.0283
-65.0279
-65.0275
-65.027
-65.0266
-65.0262
-65.0259
-65.0255
-65.0251
-65.0248
-65.0244
-65.0241
-65.0238
-65.0234
-65.0231
-65.0228
-65.0225
-65.0223
-65.022
-65.0217
-65.0215
-65.0212
-65.021
-65.0207
-65.0205
-65.0203
-65.02
-65.0198
-65.0196
-65.0194
-65.0192
-65.019
-65.0188
-65.0187
-65.0185
-65.0183
-65.0181
-65.018
-65.0178
-65.0177
-65.0175
-65.0174
-65.0172
-65.0171
-65.017
-65.0168
-65.0167
-65.0166
-65.0165
-65.0163
-65.0162
-65.0161
-65.016
-65.0159
-65.0158
-65.0157
-65.0156
-65.0155
-65.0154
-65.0153
-65.0153
-65.0152
-65.0151
-65.015
-65.0149
-65.0149
-65.0148
-65.0147
-65.0147
-65.0146
-65.0145
-65.0145
-65.0144
-65.0143
-65.0143
-65.0142
-65.0142
-65.0141
-65.0141
-65.014
-65.014
-65.0139
-65.0139
-65.0138
-65.0138
-65.0137
-65.0137
-65.0137
-65.0136
-65.0136
-65.0135
-65.0135
-65.0135
-65.0134
-65.0134
-65.0134
-65.0133
-65.0133
-65.0133
-65.0133
-65.0132
-65.0132
-65.0132
-65.0131
-65.0131
-65.0131
-65.0131
-65.0131
-65.013
-65.013
-65.013
-65.013
-65.0129
-65.0129
-65.0129
-65.0129
-65.0129
-65.0129
-65.0128
-65.0128
-65.0128
-65.0128
-65.0128
-65.0128
-65.0127
-65.0127
-65.0127
-65.0127
-65.0127
-65.0127
-65.0127
-65.0127
-65.0126
-65.0126
-65.0126
-65.0126
-65.0126
-65.0126
-65.0126
-65.0126
-65.0126
-65.0126
-65.0125
-65.0125
-65.0125
-65.0125
-65.0125
-65.0125
-65.0125
-65.0125
-65.0125
-65.0125
-65.0125
-65.0125
-65.0125
-65.0124
-65.0124
-65.0124
-65.0124
-65.0124
-65.0124
-65.0124
-65.0124
-65.0124
-65.0124
-65.0124
-65.0124
-65.0124
-65.0124
-65.0124
-65.0124
-65.0124
-65.0124
-65.0124
-65.0124
-65.0124
-65.0124
-65.0124
-65.0123
-65.0123
-65.0123
-65.0123
-65.0123
-65.0123
-65.0123
-65.0123
-65.0123
-65.0123
-65.0123
-65.0123
-65.0123
-65.0123
-65.0123
-65.0123
-65.0123
-65.0123
-65.0123
-65.0123
-65.0123
-65.0123
-65.0123
-65.0123
-65.0123
-65.0123
-65.0123
-65.0123
-65.0123
-65.0123
-65.0123
-65.0123
-65.0123
-65.0123
-65.0123
-65.0123
-65.0123
-65.0123
-65.0123
-65.0123
-65.0123
-65.0123
-65.0123
-65.0123
-65.0123
-65.0123
-65.0123
-65.0123
-65.0123
-65.0123
-65.0123
-65.0123
-65.0123
-65.0123
-65.0123
-65.0123
-65.0123
-65.0123
-65.0123
-65.0123
-65.0123
-65.0123
-65.0123
-65.0123
-65.0123
-65.0123
-65.0123
-65.0123
-65.0123
-65.0123
-65.0123
-65.0123
-65.0123
-65.0123
-62.6019
-60.7149
-59.3557
-58.4073
-57.6796
-57.1014
-56.6385
-56.2681
-55.9739
-55.743
-55.5653
-55.4327
-55.3386
-55.2776
-55.245
-55.2371
-55.2504
-55.2823
-55.3303
-55.3923
-55.4665
-55.5512
-55.6451
-55.7469
-55.8556
-55.97
-56.0893
-56.2126
-56.3394
-56.469
-56.6007
-56.7341
-56.8687
-57.0042
-55.9972
-53.4879
-51.8848
-50.6943
-49.8078
-49.0568
-48.3848
-47.7518
-47.1198
-46.4479
-45.6762
-44.696
-43.2573
-40.4989
-27.9747
40.355
-5.36802
-36.9448
-54.7657
-56.5988
-55.883
-54.1855
-48.101
-44.156
-39.7751
-33.1855
-6.68257
17.2257
-13.6444
-31.0304
-38.1777
-36.6942
-33.383
-28.8898
-19.9896
2.05694
-6.47542
-23.7627
-32.3615
-33.0217
-31.004
-27.6808
-21.784
-4.81814
-4.65011
-20.2429
-32.5127
-37.178
-37.3218
-35.9925
-34.8655
-30.5188
-22.1273
3.81952
-12.1101
-33.9458
-44.7752
-47.7535
-48.2548
-49.5973
-51.3588
-52.7204
-52.3851
-52.6499
-52.4724
-52.5725
-53.9838
-55.0938
-55.0063
-55.1277
-54.6517
-55.256
-55.3653
-54.8334
-54.1035
-52.9449
-51.9773
-51.7249
-52.2504
-51.9597
-52.7649
-53.4993
-52.9966
-52.2576
-51.5375
-50.6179
-50.3021
-51.0753
-50.5627
-49.3021
-47.8493
-46.0609
-43.3328
-38.8696
-21.0046
25.9188
-9.26673
-33.4025
-47.0885
-48.9958
-47.2797
-43.5813
-39.1563
-33.4479
-25.0046
5.85195
-5.35722
-25.4204
-36.5973
-39.0306
-37.3593
-34.0556
-29.4744
-20.6761
-1.04659
-12.1409
-31.2174
-45.0476
-48.424
-50.7293
-52.5147
-55.3882
-56.262
-56.8256
-57.1002
-58.3015
-59.0505
-59.5311
-59.9034
-61.359
-62.6669
-64.2377
-64.7807
-65.3492
-66.2473
-66.3201
-66.2183
-66.6549
-66.7616
-67.0219
-66.8269
-66.7515
-66.8793
-66.9216
-67.0215
-66.87
-66.5653
-66.2036
-65.8045
-65.378
-64.9301
-64.4653
-63.987
-63.4981
-63.0009
-62.4974
-61.9896
-62.2296
-62.2748
-62.6145
-62.5372
-62.3244
-62.0452
-61.7218
-61.3669
-60.9891
-60.5943
-60.1873
-59.7718
-59.3505
-58.9259
-58.4996
-58.0732
-57.6479
-57.2243
-56.8033
-56.3852
-55.9702
-55.5584
-55.1496
-54.7437
-54.3401
-53.9383
-53.5374
-53.1363
-52.7341
-52.329
-51.9194
-51.5028
-50.9891
-49.8631
-47.1957
-44.7749
-41.8701
-35.8633
28.1667
14.8987
-19.8376
-46.9874
-57.031
-58.2448
-55.2977
-50.54
-46.2315
-42.6198
-36.9017
-18.4847
19.173
-4.98247
-24.4229
-36.2024
-38.3054
-35.6729
-31.5468
-24.4891
-8.72305
1.45033
-16.9374
-32.1985
-37.8339
-37.03
-34.5443
-31.0735
-25.1521
-5.10466
-0.350449
-19.8254
-35.0939
-41.2455
-41.8096
-39.9162
-38.3841
-37.5269
-34.4958
-30.6046
-2.8135
-1.6816
-26.7006
-47.2056
-52.8751
-53.4009
-51.9672
-51.5007
-54.3861
-55.2751
-55.6957
-55.437
-55.4651
-55.8164
-56.5641
-57.898
-57.6446
-56.816
-56.077
-55.3707
-54.6808
-53.9801
-53.9568
-53.651
-53.1061
-52.5039
-52.491
-52.6921
-52.3993
-51.9336
-51.2346
-50.2647
-48.6865
-46.7588
-44.6346
-43.6377
-42.9216
-41.3059
-37.3844
22.9965
1.18079
-29.5216
-50.2651
-53.8965
-52.544
-49.6968
-46.3828
-43.329
-39.9291
-35.5036
-23.3256
17.8723
-6.38443
-29.0346
-42.4337
-45.3234
-42.8107
-39.6132
-35.3952
-29.5088
-14.3234
3.94639
-17.6781
-35.4271
-42.9492
-44.077
-42.7807
-40.7164
-37.9722
-40.2331
-43.575
-44.9512
-46.6653
-49.0664
-52.3659
-53.3473
-53.2291
-54.179
-54.6632
-55.4828
-57.3673
-58.2356
-58.4719
-58.8501
-58.6512
-60.1659
-61.0084
-61.5602
-61.8192
-61.9005
-61.6604
-61.3126
-61.4923
-61.9118
-62.3547
-62.8288
-62.7913
-62.5625
-62.2499
-62.0639
-62.2717
-62.0854
-61.7831
-61.4273
-61.0367
-60.6221
-60.1906
-59.7474
-59.2965
-59.2907
-60.5007
-60.9544
-61.6544
-61.8183
-61.7943
-61.6714
-61.4811
-61.7563
-62.0442
-62.0133
-61.8769
-61.6785
-61.4371
-61.1644
-60.8686
-60.5557
-60.2303
-59.8961
-59.5559
-59.2121
-58.8666
-58.5208
-58.1759
-57.8329
-57.4926
-57.1554
-56.8218
-56.492
-56.1661
-55.8443
-55.5264
-55.2123
-54.9019
-54.5947
-54.2903
-53.9887
-53.689
-53.3906
-53.093
-52.7957
-52.4973
-52.197
-51.894
-51.5868
-51.2734
-50.9527
-50.6221
-50.2786
-49.5104
-46.3407
-39.4815
-19.1824
32.9584
-5.11877
-33.0501
-51.676
-53.6968
-51.4544
-48.7524
-44.7355
-40.8424
-36.6641
-27.4258
14.006
1.47295
-21.4464
-36.0091
-40.4417
-39.0941
-35.9062
-30.3377
-21.4166
4.27923
-4.58381
-25.6377
-38.4779
-41.3407
-39.8842
-37.2053
-33.4945
-25.6906
-2.51538
1.49521
-20.1381
-35.794
-42.0094
-43.3
-42.1163
-42.4983
-41.895
-42.2779
-41.073
-40.9101
-39.7369
-41.8049
-42.3677
-42.207
-41.3113
-26.7243
-1.17135
-28.7724
-52.5207
-60.2816
-61.9467
-62.4865
-63.0667
-62.8381
-62.6359
-61.9743
-61.0839
-60.1983
-59.2645
-58.4162
-57.633
-57.7129
-57.3487
-56.7058
-56.0736
-55.441
-54.8121
-55.2699
-55.1807
-54.8598
-55.2334
-55.4849
-55.4054
-55.5864
-54.6349
-53.5938
-52.4585
-51.7306
-50.2291
-48.8164
-47.5252
-46.2203
-44.74
-42.7796
-39.1945
-19.2749
28.4039
-11.3566
-41.9328
-57.7088
-59.3231
-56.648
-52.7636
-48.3153
-42.8919
-36.7665
-23.1508
19.4172
-1.98101
-26.1108
-41.829
-44.4994
-40.5064
-35.0812
-28.825
-17.1825
6.4992
-10.1542
-29.8906
-39.5929

