-70
-70.0758
-70.1508
-70.225
-70.2983
-70.3706
-70.4419
-70.5122
-70.5814
-70.6496
-70.7168
-70.7829
-70.848
-70.9121
-70.9752
-71.0373
-71.0984
-71.1586
-71.2178
-71.2761
-71.3334
-71.3899
-71.4455
-71.5003
-71.5543
-71.6074
-71.6598
-71.7114
-71.7623
-71.8124
-71.8619
-71.9106
-71.9587
-72.006
-72.0527
-72.0988
-72.1442
-72.1889
-72.2331
-72.2766
-72.3196
-72.362
-72.4038
-72.445
-72.4857
-72.5258
-72.5654
-72.6045
-72.6431
-72.6812
-72.7188
-72.756
-72.7927
-72.8289
-72.8647
-72.9
-72.9349
-72.9694
-73.0035
-73.0371
-73.0704
-73.1032
-73.1357
-73.1678
-73.1994
-73.2307
-73.2617
-73.2922
-73.3224
-73.3523
-73.3817
-73.4109
-73.4397
-73.4682
-73.4963
-73.5241
-73.5516
-73.5788
-73.6057
-73.6323
-73.6585
-73.6845
-73.7102
-73.7356
-73.7608
-73.7857
-73.8103
-73.8346
-73.8587
-73.8825
-73.9061
-73.9294
-73.9524
-73.9753
-73.9979
-74.0202
-74.0423
-74.0642
-74.0859
-74.1073
-74.1285
-74.1495
-74.1703
-74.1909
-74.2112
-74.2313
-74.2513
-74.271
-74.2905
-74.3098
-74.329
-74.3479
-74.3666
-74.3852
-74.4036
-74.4217
-74.4397
-74.4575
-74.4752
-74.4926
-74.5099
-74.527
-74.544
-74.5607
-74.5774
-74.5938
-74.6101
-74.6262
-74.6422
-74.658
-74.6736
-74.6891
-74.7045
-74.7197
-74.7347
-74.7496
-74.7644
-74.779
-74.7935
-74.8079
-74.8221
-74.8362
-74.8501
-74.864
-74.8777
-74.8913
-74.9047
-74.918
-74.9313
-74.9443
-74.9573
-74.9701
-74.9829
-74.9955
-75.008
-75.0204
-75.0327
-75.0448
-75.0569
-75.0688
-75.0806
-75.0924
-75.104
-75.1155
-75.1269
-75.1382
-75.1495
-75.1606
-75.1716
-75.1825
-75.1933
-75.204
-75.2147
-75.2252
-75.2356
-75.246
-75.2562
-75.2664
-75.2764
-75.2864
-75.2963
-75.3061
-75.3158
-75.3255
-75.335
-75.3445
-75.3538
-75.3631
-75.3724
-75.3815
-75.3906
-75.3995
-75.4084
-75.4172
-75.426
-75.4346
-75.4432
-75.4518
-75.4602
-75.4686
-75.4769
-75.4851
-75.4932
-75.5013
-75.5093
-75.5173
-75.5251
-75.533
-75.5407
-75.5484
-75.556
-75.5635
-75.571
-75.5784
-75.5858
-75.593
-75.6003
-75.6074
-75.6145
-75.6216
-75.6285
-75.6355
-75.6423
-75.6491
-75.6559
-75.6626
-75.6692
-75.6758
-75.6823
-75.6888
-75.6952
-75.7015
-75.7078
-75.7141
-75.7203
-75.7264
-75.7325
-75.7386
-75.7446
-75.7505
-75.7564
-75.7622
-75.768
-75.7738
-75.7795
-75.7851
-75.7907
-75.7963
-75.8018
-75.8072
-75.8127
-75.818
-75.8234
-75.8287
-75.8339
-75.8391
-75.8443
-75.8494
-75.8545
-75.8595
-75.8645
-75.8695
-75.8744
-75.8793
-75.8841
-75.8889
-75.8937
-75.8984
-75.9031
-75.9077
-75.9123
-75.9169
-75.9214
-75.9259
-75.9304
-75.9348
-75.9392
-75.9436
-75.9479
-75.9522
-75.9565
-75.9607
-75.9649
-75.969
-75.9731
-75.9772
-75.9813
-75.9853
-75.9893
-75.9933
-75.9972
-76.0011
-76.005
-76.0088
-76.0126
-76.0164
-76.0201
-76.0239
-76.0275
-76.0312
-76.0348
-76.0384
-76.042
-76.0456
-76.0491
-76.0526
-76.056
-76.0595
-76.0629
-76.0663
-76.0696
-76.0729
-76.0762
-76.0795
-76.0828
-76.086
-76.0892
-76.0924
-76.0955
-76.0986
-76.1017
-76.1048
-76.1079
-76.1109
-76.1139
-76.1169
-76.1198
-76.1228
-76.1257
-76.1286
-76.1314
-76.1343
-76.1371
-76.1399
-76.1427
-76.1455
-76.1482
-76.1509
-76.1536
-76.1563
-76.1589
-76.1615
-76.1642
-76.1667
-76.1693
-76.1719
-76.1744
-76.1769
-76.1794
-76.1819
-76.1843
-76.1868
-76.1892
-76.1916
-76.1939
-76.1963
-76.1986
-76.201
-76.2033
-76.2056
-76.2078
-76.2101
-76.2123
-76.2145
-76.2167
-76.2189
-76.2211
-76.2232
-76.2254
-76.2275
-76.2296
-76.2317
-76.2337
-76.2358
-76.2378
-76.2398
-76.2418
-76.2438
-76.2458
-76.2478
-76.2497
-76.2516
-76.2536
-76.2554
-76.2573
-76.2592
-76.2611
-76.2629
-76.2647
-76.2665
-76.2683
-76.2701
-76.2719
-76.2737
-76.2754
-76.2771
-76.2788
-76.2806
-76.2822
-76.2839
-76.2856
-76.2872
-76.2889
-76.2905
-76.2921
-76.2937
-76.2953
-76.2969
-76.2985
-76.3
-76.3016
-76.3031
-76.3046
-76.3061
-76.3076
-76.3091
-76.3106
-76.312
-76.3135
-76.3149
-76.3164
-76.3178
-76.3192
-76.3206
-76.322
-76.3233
-76.3247
-76.3261
-76.3274
-76.3287
-76.33
-76.3314
-76.3327
-76.334
-76.3352
-76.3365
-76.3378
-76.339
-76.3403
-76.3415
-76.3427
-76.3439
-76.3452
-76.3464
-76.3475
-76.3487
-76.3499
-76.351
-76.3522
-76.3533
-76.3545
-76.3556
-76.3567
-76.3578
-76.3589
-76.36
-76.3611
-76.3622
-76.3632
-76.3643
-76.3654
-76.3664
-76.3674
-76.3685
-76.3695
-76.3705
-76.3715
-76.3725
-76.3735
-76.3745
-76.3754
-76.3764
-76.3774
-76.3783
-76.3793
-76.3802
-76.3811
-76.382
-76.383
-76.3839
-76.3848
-76.3857
-76.3866
-76.3874
-76.3883
-76.3892
-76.39
-76.3909
-76.3917
-76.3926
-76.3934
-76.3943
-76.3951
-76.3959
-76.3967
-76.3975
-76.3983
-76.3991
-76.3999
-76.4007
-76.4014
-76.4022
-74.8446
-70.5341
-67.0631
-64.4343
-62.3657
-60.6103
-58.888
-56.6535
-50.6465
33.7769
-16.042
-51.0817
-79.4364
-79.7448
-79.718
-78.7039
-77.7425
-77.3594
-77.063
-76.7661
-76.4587
-76.1412
-75.8161
-75.0514
-72.4933
-70.5197
-69.1545
-68.1283
-67.3111
-66.6352
-66.0627
-65.5711
-65.1464
-64.7788
-64.4612
-64.189
-63.9582
-63.7646
-63.6054
-63.6213
-63.5307
-63.672
-63.787
-63.8804
-63.9626
-64.0398
-64.1158
-64.1927
-64.2716
-64.3535
-64.4389
-63.3855
-61.4542
-59.8997
-58.5475
-58.7708
-59.4923
-60.1829
-60.8034
-61.3497
-61.8243
-62.2389
-62.6019
-62.9236
-63.2128
-63.4749
-63.7155
-63.9392
-64.1495
-64.3489
-64.539
-64.7217
-64.8982
-65.0697
-65.237
-65.4006
-65.5608
-65.7178
-65.872
-66.0236
-66.1728
-66.3196
-66.4643
-66.6066
-65.3945
-62.6018
-60.3383
-58.4185
-56.3885
-52.9664
18.3492
-4.9664
-36.5766
-77.4273
-79.5343
-78.4689
-78.008
-77.7574
-77.5121
-77.2539
-76.9822
-76.6988
-76.4061
-75.6528
-73.1591
-71.522
-70.5111
-69.7932
-69.4605
-70.1286
-70.9765
-71.415
-71.6244
-71.7219
-71.7628
-71.7747
-71.7722
-71.7632
-71.7522
-71.8148
-72.2011
-72.5144
-72.7356
-72.8967
-73.0177
-73.111
-73.185
-73.2453
-73.2957
-73.3389
-73.3767
-73.6154
-73.8619
-74.0511
-74.198
-74.3142
-74.4077
-74.4843
-74.5479
-74.6015
-74.6473
-74.6869
-74.7216
-74.7524
-74.78
-74.805
-74.8279
-74.849
-74.8686
-74.887
-74.9044
-74.9209
-74.9367
-74.9519
-74.9666
-74.9808
-74.9945
-75.008
-75.0211
-75.034
-75.0466
-75.059
-75.0713
-75.0833
-75.0952
-75.1069
-75.1185
-75.13
-75.1413
-75.1525
-75.1636
-75.1746
-75.1854
-75.1962
-75.2069
-75.2175
-75.228
-75.2383
-75.2486
-75.2588
-72.0795
-68.1703
-65.195
-62.9019
-61.0215
-59.2772
-57.2232
-53.0486
44.9749
-8.07976
-39.2322
-78.7681
-79.7284
-79.7089
-79.6721
-78.1563
-77.3321
-76.9465
-76.6206
-76.2949
-75.9613
-75.6204
-75.275
-74.4866
-71.8374
-69.7504
-68.2873
-67.188
-66.3195
-65.6092
-65.0147
-64.5094
-64.0764
-63.7037
-63.3822
-63.1063
-62.8715
-62.6727
-64.1987
-66.2432
-67.7144
-66.9477
-65.2302
-64.0558
-63.2642
-62.7128
-62.3185
-62.0335
-61.8284
-61.6824
-61.5827
-61.5212
-61.4922
-61.4916
-61.5164
-61.5643
-61.6332
-61.9477
-63.3578
-64.6472
-65.6706
-66.4865
-67.1433
-67.6784
-68.1194
-68.4873
-68.7979
-69.0631
-69.292
-69.4918
-69.6679
-69.8249
-69.966
-70.0939
-70.211
-70.3189
-70.4192
-70.513
-70.6013
-70.6849
-71.0455
-71.6187
-72.0852
-72.4563
-72.3833
-69.0486
-66.1691
-64.1267
-62.6245
-61.4622
-60.5005
-59.6323
-58.7557
-57.7281
-56.2235
-52.6785
44.652
-8.65291
-39.633
-78.0624
-79.1835
-79.1086
-79.0014
-78.8833
-78.755
-77.5449
-75.8719
-74.9827
-74.384
-73.8777
-73.4082
-72.9592
-72.5268
-72.1115
-71.976
-72.5208
-72.9134
-73.1031
-73.1876
-73.2174
-73.2184
-73.2047
-73.1842
-73.1615
-73.1391
-73.1185
-73.1007
-73.0861
-73.0747
-73.0668
-73.0621
-73.0605
-73.0618
-73.0659
-73.1734
-73.4647
-73.7069
-73.896
-74.0463
-74.1676
-74.267
-74.3496
-74.4191
-74.4783
-74.5293
-74.5738
-74.6129
-74.6478
-74.679
-74.7074
-74.7333
-74.7572
-74.7793
-74.8001
-74.8196
-74.8381
-74.8557
-74.8726
-74.8888
-74.9044
-74.9195
-74.9342
-74.9486
-74.9625
-74.9762
-74.9896
-75.0028
-75.0157
-75.0285
-75.041
-75.0534
-75.0656
-75.0776
-75.0896
-75.1013
-75.113
-75.1245
-75.1359
-75.1472
-75.1584
-75.1694
-75.1804
-75.1912
-75.202
-75.2127
-75.2232
-75.2337
-75.244
-75.2543
-75.2645
-75.2746
-75.2846
-75.2945
-75.3043
-75.314
-75.3237
-75.3332
-75.3427
-75.3521
-75.3614
-75.3706
-75.3798
-75.3888
-75.3978
-75.4067
-75.4156
-75.013
-70.9617
-67.3054
-64.5495
-62.3973
-60.5867
-58.8249
-56.5469
-50.2872
32.4274
-16.8487
-52.7121
-78.9789
-78.8202
-78.6509
-78.4895
-78.3145
-78.1253
-77.9225
-77.7068
-77.4799
-75.8845
-73.7397
-72.3828
-71.4385
-70.6948
-70.0648
-69.5099
-69.0118
-68.5617
-66.7843
-64.4365
-62.6305
-61.198
-60.739
-61.736
-63.3343
-64.5081
-65.3291
-65.9153
-66.3452
-66.6699
-66.2647
-65.1308
-64.3622
-63.8767
-63.5634
-63.3613
-63.2355
-63.164
-63.1332
-63.1337
-63.1591
-63.2049
-63.2677
-63.3449
-63.4347
-63.5353
-63.6454
-63.7637
-63.8894
-64.0216
-64.1593
-64.3017
-64.4474
-64.5959
-64.7857
-65.9372
-67.072
-67.9686
-68.6822
-69.257
-69.7258
-70.1124
-70.4348
-70.7065
-70.9377
-71.1364
-71.3087
-71.4593
-71.5922
-71.7104
-71.8164
-71.9122
-71.9993
-70.3793
-66.814
-64.0244
-61.8954
-60.1474
-58.5025
-56.518
-52.3827
44.2403
-10.3863
-41.7698
-78.751
-79.6819
-78.5612
-78.1222
-77.8863
-77.6528
-77.4058
-77.1451
-76.8722
-76.5894
-76.2008
-73.6646
-71.5418
-70.117
-69.0686
-68.2405

