-70
-70.0758
-70.1508
-70.225
-70.2983
-70.3706
-70.4419
-70.5122
-70.5814
-70.6496
-70.7168
-70.7829
-70.848
-70.9121
-70.9752
-71.0373
-71.0984
-71.1586
-71.2178
-71.2761
-71.3334
-71.3899
-71.4455
-71.5003
-71.5543
-71.6074
-71.6598
-71.7114
-71.7623
-71.8124
-71.8619
-71.9106
-71.9587
-72.006
-72.0527
-72.0988
-72.1442
-72.1889
-72.2331
-72.2766
-72.3196
-72.362
-72.4038
-72.445
-72.4857
-72.5258
-72.5654
-72.6045
-72.6431
-72.6812
-72.7188
-72.756
-72.7927
-72.8289
-72.8647
-72.9
-72.9349
-72.9694
-73.0035
-73.0371
-73.0704
-73.1032
-73.1357
-73.1678
-73.1994
-73.2307
-73.2617
-73.2922
-73.3224
-73.3523
-73.3817
-73.4109
-73.4397
-73.4682
-73.4963
-73.5241
-73.5516
-73.5788
-73.6057
-73.6323
-73.6585
-73.6845
-73.7102
-73.7356
-73.7608
-73.7857
-73.8103
-73.8346
-73.8587
-73.8825
-73.9061
-73.9294
-73.9524
-73.9753
-73.9979
-74.0202
-74.0423
-74.0642
-74.0859
-74.1073
-74.1285
-74.1495
-74.1703
-74.1909
-74.2112
-74.2313
-74.2513
-74.271
-74.2905
-74.3098
-74.329
-74.3479
-74.3666
-74.3852
-74.4036
-74.4217
-74.4397
-74.4575
-74.4752
-74.4926
-74.5099
-74.527
-74.544
-74.5607
-74.5774
-74.5938
-74.6101
-74.6262
-74.6422
-74.658
-74.6736
-74.6891
-74.7045
-74.7197
-74.7347
-74.7496
-74.7644
-74.779
-74.7935
-74.8079
-74.8221
-74.8362
-74.8501
-74.864
-74.8777
-74.8913
-74.9047
-74.918
-74.9313
-74.9443
-74.9573
-74.9701
-74.9829
-74.9955
-75.008
-75.0204
-75.0327
-75.0448
-75.0569
-75.0688
-75.0806
-75.0924
-75.104
-75.1155
-75.1269
-75.1382
-75.1495
-75.1606
-75.1716
-75.1825
-75.1933
-75.204
-75.2147
-75.2252
-75.2356
-75.246
-75.2562
-75.2664
-75.2764
-75.2864
-75.2963
-75.3061
-75.3158
-75.3255
-75.335
-75.3445
-75.3538
-75.3631
-75.3724
-75.3815
-75.3906
-75.3995
-75.4084
-75.4172
-75.426
-75.4346
-75.4432
-75.4518
-75.4602
-75.4686
-75.4769
-75.4851
-75.4932
-75.5013
-75.5093
-75.5173
-75.5251
-75.533
-75.5407
-75.5484
-75.556
-75.5635
-75.571
-75.5784
-75.5858
-75.593
-75.6003
-75.6074
-75.6145
-75.6216
-75.6285
-75.6355
-75.6423
-75.6491
-75.6559
-75.6626
-75.6692
-75.6758
-75.6823
-75.6888
-75.6952
-75.7015
-75.7078
-75.7141
-75.7203
-75.7264
-75.7325
-75.7386
-75.7446
-75.7505
-75.7564
-75.7622
-75.768
-75.7738
-75.7795
-75.7851
-75.7907
-75.7963
-75.8018
-75.8072
-75.8127
-75.818
-75.8234
-75.8287
-75.8339
-75.8391
-75.8443
-75.8494
-75.8545
-75.8595
-75.8645
-75.8695
-75.8744
-75.8793
-75.8841
-75.8889
-75.8937
-75.8984
-75.9031
-75.9077
-75.9123
-75.9169
-75.9214
-75.9259
-75.9304
-75.9348
-75.9392
-75.9436
-75.9479
-75.9522
-75.9565
-75.9607
-75.9649
-75.969
-75.9731
-75.9772
-75.9813
-75.9853
-75.9893
-75.9933
-75.9972
-76.0011
-76.005
-76.0088
-76.0126
-76.0164
-76.0201
-76.0239
-76.0275
-76.0312
-76.0348
-76.0384
-76.042
-76.0456
-76.0491
-76.0526
-76.056
-76.0595
-76.0629
-76.0663
-76.0696
-76.0729
-76.0762
-76.0795
-76.0828
-76.086
-76.0892
-76.0924
-76.0955
-76.0986
-76.1017
-76.1048
-76.1079
-76.1109
-76.1139
-76.1169
-76.1198
-76.1228
-76.1257
-76.1286
-76.1314
-76.1343
-76.1371
-76.1399
-76.1427
-76.1455
-76.1482
-76.1509
-76.1536
-76.1563
-76.1589
-76.1615
-76.1642
-76.1667
-76.1693
-76.1719
-76.1744
-76.1769
-76.1794
-76.1819
-76.1843
-76.1868
-76.1892
-76.1916
-76.1939
-76.1963
-76.1986
-76.201
-76.2033
-76.2056
-76.2078
-76.2101
-76.2123
-76.2145
-76.2167
-76.2189
-76.2211
-76.2232
-76.2254
-76.2275
-76.2296
-76.2317
-76.2337
-76.2358
-76.2378
-76.2398
-76.2418
-76.2438
-76.2458
-76.2478
-76.2497
-76.2516
-76.2536
-76.2554
-76.2573
-76.2592
-76.2611
-76.2629
-76.2647
-76.2665
-76.2683
-76.2701
-76.2719
-76.2737
-76.2754
-76.2771
-76.2788
-76.2806
-76.2822
-76.2839
-76.2856
-76.2872
-76.2889
-76.2905
-76.2921
-76.2937
-76.2953
-76.2969
-76.2985
-76.3
-76.3016
-76.3031
-76.3046
-76.3061
-76.3076
-76.3091
-76.3106
-76.312
-76.3135
-76.3149
-76.3164
-76.3178
-76.3192
-76.3206
-76.322
-76.3233
-76.3247
-76.3261
-76.3274
-76.3287
-76.33
-76.3314
-76.3327
-76.334
-76.3352
-76.3365
-76.3378
-76.339
-76.3403
-76.3415
-76.3427
-76.3439
-76.3452
-76.3464
-76.3475
-76.3487
-76.3499
-76.351
-76.3522
-76.3533
-76.3545
-76.3556
-76.3567
-76.3578
-76.3589
-76.36
-76.3611
-76.3622
-76.3632
-76.3643
-76.3654
-76.3664
-76.3674
-76.3685
-76.3695
-76.3705
-76.3715
-76.3725
-76.3735
-76.3745
-76.3754
-76.3764
-76.3774
-76.3783
-76.3793
-76.3802
-76.3811
-76.382
-76.383
-76.3839
-76.3848
-76.3857
-76.3866
-76.3874
-76.3883
-76.3892
-76.39
-76.3909
-76.3917
-76.3926
-76.3934
-76.3943
-76.3951
-76.3959
-76.3967
-76.3975
-76.3983
-76.3991
-76.3999
-76.4007
-76.4014
-76.4022
-76.403
-76.4037
-76.4045
-76.4052
-76.406
-76.4067
-76.4074
-76.4082
-76.4089
-76.4096
-76.4103
-76.411
-76.4117
-73.1002
-69.0304
-65.9337
-63.559
-61.6448
-59.9422
-58.1173
-55.256
-31.6259
9.70686
-27.2581
-73.2824
-79.1833
-79.1424
-79.0377
-78.9215
-78.7944
-78.5614
-76.7384
-75.6259
-74.9906
-74.4876
-74.0271
-73.5849
-73.155
-72.7911
-72.8705
-71.2442
-69.9379
-69.2004
-68.7449
-68.4388
-68.22
-68.0568
-67.9324
-67.8369
-67.7643
-67.7106
-67.673
-67.6495
-67.6385
-67.6386
-67.6488
-67.6681
-67.6956
-67.7306
-68.1441
-68.9929
-69.6761
-70.2041
-70.6195
-70.9517
-71.2216
-71.4439
-71.6297
-71.7869
-71.9217
-72.0385
-72.141
-72.2318
-72.313
-72.3865
-72.4535
-72.5152
-72.5723
-72.6257
-72.676
-72.7235
-72.7687
-72.812
-72.8535
-72.8936
-72.9324
-71.2066
-67.4572
-64.5075
-62.2452
-60.3779
-58.5955
-56.3387
-50.4443
33.2777
-16.808
-52.349
-79.1759
-78.7943
-78.5486
-78.3733
-78.1864
-77.9849
-77.7694
-77.541
-77.301
-77.0516
-76.795
-76.5144
-76.2078
-75.9421
-75.7377
-75.5687
-75.4546
-75.3686
-75.2889
-75.2155
-75.1488
-75.0887
-75.035
-74.9873
-74.9453
-74.9086
-74.8767
-74.8494
-74.8262
-74.8069
-74.7909
-74.7781
-74.7681
-74.7606
-74.7555
-74.7524
-74.7512
-74.7516
-74.7535
-74.7568
-74.7612
-74.7667
-74.773
-74.7803
-74.7882
-74.7968
-74.8059
-74.8155
-74.8255
-74.8359
-74.8465
-74.8575
-74.8686
-74.88
-74.8915
-74.9031
-74.9148
-74.9266
-74.9385
-74.9504
-74.9623
-74.9742
-74.9861
-74.998
-75.0098
-75.0216
-75.0334
-75.0451
-75.0568
-75.0684
-75.0799
-75.0914
-75.1028
-75.1141
-75.1254
-75.1365
-75.1476
-75.1586
-75.1695
-75.1804
-75.1911
-75.2018
-75.2124
-75.2229
-75.2333
-75.2436
-75.2538
-75.2639
-75.274
-75.284
-75.2939
-75.3037
-75.3134
-75.323
-71.7109
-67.8775
-64.9757
-62.7298
-60.8726
-59.1227
-56.9977
-52.2638
41.3365
-11.6108
-43.4231
-78.5979
-79.0846
-78.9803
-78.8567
-78.7211
-78.5739
-78.4152
-78.1433
-75.9641
-74.463
-73.5682
-72.8996
-72.329
-71.8113
-71.3297
-70.8784
-70.6718
-70.1219
-68.4517
-67.2986
-66.5638
-66.5351
-66.9363
-67.2036
-67.3723
-67.7676
-68.5599
-69.1179
-69.4914
-69.7516
-69.9398
-70.0812
-70.1916
-70.281
-70.3561
-70.4214
-70.48
-70.534
-70.5849
-70.6337
-70.6813
-70.7282
-70.7747
-70.8211
-70.8675
-70.9141
-70.961
-71.008
-71.0554
-71.103
-71.1508
-71.1988
-71.2469
-71.2952
-71.3434
-71.3917
-71.44
-71.4882
-71.5363
-71.5842
-71.6319
-71.6794
-71.7267
-71.7737
-71.8203
-71.8667
-71.9126
-71.9582
-71.3494
-67.7208
-64.5989
-62.216
-60.2563
-58.3779
-55.923
-48.1492
25.0142
-20.7342
-61.2059
-79.0192
-78.7316
-78.5465
-78.3741
-78.188
-77.9875
-77.7733
-77.5464
-77.3083
-77.0613
-76.8075
-76.5496
-74.0093
-71.4771
-70.0229
-69.6007
-69.8429
-69.9525
-69.9666
-69.9372
-69.8894
-69.8881
-70.3204
-70.6697
-70.8971
-71.0501
-71.1571
-71.2349
-71.2941
-71.3413
-71.3808
-71.4156
-71.4475
-71.4779
-71.5076
-71.5372
-71.5671
-71.5975
-71.6287
-71.6607
-71.6934
-71.727
-71.7614
-71.7965
-71.8322
-71.8686
-71.9056
-71.943
-71.9808
-72.0189
-72.0573
-72.0959
-72.1347
-72.1735
-72.2124
-72.2513
-72.2901
-72.3289
-72.3675
-72.406
-72.4442
-72.4823
-72.5201
-72.5577
-72.595
-72.632
-72.6688
-72.7052
-72.7413
-72.7771
-72.8125
-72.8477
-72.8825
-72.9169
-72.951
-72.9848
-73.0182
-73.0512
-73.0839
-73.1163
-73.1483
-73.1799
-73.2112
-73.2422
-73.2728
-73.303
-73.333
-73.3625
-73.3918
-73.4207
-73.4493
-73.4776
-73.5056
-73.5332
-73.5606
-73.5876
-73.6143
-73.6408
-73.6669
-73.6928
-73.7184
-73.7437
-73.7687
-73.7935
-73.818
-73.8422
-73.8662
-70.8472
-67.1301
-64.2964
-62.0914
-60.2298
-58.3793
-55.822
-45.7822
20.1223
-22.6985
-65.9699
-79.6003
-78.8064
-78.4755
-78.2861
-78.09
-77.8795
-77.6546
-77.4167
-77.1672
-76.9084
-76.15
-73.4318
-71.4151
-70.0537
-69.0404
-68.2337
-67.5632
-66.9912
-66.4961
-66.0651
-64.981
-62.8635
-63.0188
-63.6564
-64.0891
-64.9428
-66.0093
-66.722
-67.1958
-67.524
-67.761
-67.9674
-68.7822
-69.4894
-69.986
-70.3442
-70.6104
-70.814
-70.9741
-71.1033
-71.2101
-71.3007
-71.3791
-71.4486
-71.5112
-71.5687
-71.6222
-71.6728
-71.721
-71.7674
-71.8125
-71.8565
-71.8996
-71.9421
-71.984
-72.0254
-72.0665
-72.1072
-72.1477
-72.1878
-72.2277
-72.2673
-72.3067
-72.3459
-72.3847
-72.4233
-72.4616
-72.4997
-72.5374
-72.5749
-72.612
-72.6489
-72.6854
-72.7216
-72.7575
-72.7931
-72.8283
-72.8632
-72.8978
-72.932
-70.0234
-66.4392
-63.7032
-61.5572
-59.7028
-57.7587
-54.6936
-18.6504
5.12916
-29.7963
-75.2731
-78.8879
-78.7636
-78.6149
-78.4521
-78.2753
-78.085
-77.8819
-77.667

