-70
-70.0758
-70.1508
-70.225
-70.2983
-70.3706
-70.4419
-70.5122
-70.5814
-70.6496
-70.7168
-70.7829
-70.848
-70.9121
-70.9752
-71.0373
-71.0984
-71.1586
-71.2178
-71.2761
-71.3334
-71.3899
-71.4455
-71.5003
-71.5543
-71.6074
-71.6598
-71.7114
-71.7623
-71.8124
-71.8619
-71.9106
-71.9587
-72.006
-72.0527
-72.0988
-72.1442
-72.1889
-72.2331
-72.2766
-72.3196
-72.362
-72.4038
-72.445
-72.4857
-72.5258
-72.5654
-72.6045
-72.6431
-72.6812
-72.7188
-72.756
-72.7927
-72.8289
-72.8647
-72.9
-72.9349
-72.9694
-73.0035
-73.0371
-73.0704
-73.1032
-73.1357
-73.1678
-73.1994
-73.2307
-73.2617
-73.2922
-73.3224
-73.3523
-73.3817
-73.4109
-73.4397
-73.4682
-73.4963
-73.5241
-73.5516
-73.5788
-73.6057
-73.6323
-73.6585
-73.6845
-73.7102
-73.7356
-73.7608
-73.7857
-73.8103
-73.8346
-73.8587
-73.8825
-73.9061
-73.9294
-73.9524
-73.9753
-73.9979
-74.0202
-74.0423
-74.0642
-74.0859
-74.1073
-74.1285
-74.1495
-74.1703
-74.1909
-74.2112
-74.2313
-74.2513
-74.271
-74.2905
-74.3098
-74.329
-74.3479
-74.3666
-74.3852
-74.4036
-74.4217
-74.4397
-74.4575
-74.4752
-74.4926
-74.5099
-74.527
-74.544
-74.5607
-74.5774
-74.5938
-74.6101
-74.6262
-74.6422
-74.658
-74.6736
-74.6891
-74.7045
-74.7197
-74.7347
-74.7496
-74.7644
-74.779
-74.7935
-74.8079
-74.8221
-74.8362
-74.8501
-74.864
-74.8777
-74.8913
-74.9047
-74.918
-74.9313
-74.9443
-74.9573
-74.9701
-74.9829
-74.9955
-75.008
-75.0204
-75.0327
-75.0448
-75.0569
-75.0688
-75.0806
-75.0924
-75.104
-75.1155
-75.1269
-75.1382
-75.1495
-75.1606
-75.1716
-75.1825
-75.1933
-75.204
-75.2147
-75.2252
-75.2356
-75.246
-75.2562
-75.2664
-75.2764
-75.2864
-75.2963
-75.3061
-75.3158
-75.3255
-75.335
-75.3445
-75.3538
-75.3631
-75.3724
-75.3815
-75.3906
-75.3995
-75.4084
-75.4172
-75.426
-75.4346
-75.4432
-75.4518
-75.4602
-75.4686
-75.4769
-75.4851
-75.4932
-75.5013
-75.5093
-75.5173
-75.5251
-75.533
-75.5407
-75.5484
-75.556
-75.5635
-75.571
-75.5784
-75.5858
-75.593
-75.6003
-75.6074
-75.6145
-75.6216
-75.6285
-75.6355
-75.6423
-75.6491
-75.6559
-75.6626
-75.6692
-75.6758
-75.6823
-75.6888
-75.6952
-75.7015
-75.7078
-75.7141
-75.7203
-75.7264
-75.7325
-75.7386
-75.7446
-75.7505
-75.7564
-75.7622
-75.768
-75.7738
-75.7795
-75.7851
-75.7907
-75.7963
-75.8018
-75.8072
-75.8127
-75.818
-75.8234
-75.8287
-75.8339
-75.8391
-75.8443
-75.8494
-75.8545
-75.8595
-75.8645
-75.8695
-75.8744
-75.8793
-75.8841
-75.8889
-75.8937
-75.8984
-75.9031
-75.9077
-75.9123
-75.9169
-75.9214
-75.9259
-75.9304
-75.9348
-75.9392
-75.9436
-75.9479
-75.9522
-75.9565
-75.9607
-75.9649
-75.969
-75.9731
-75.9772
-75.9813
-75.9853
-75.9893
-75.9933
-75.9972
-76.0011
-76.005
-76.0088
-76.0126
-76.0164
-76.0201
-76.0239
-76.0275
-76.0312
-76.0348
-76.0384
-76.042
-76.0456
-76.0491
-76.0526
-76.056
-76.0595
-76.0629
-76.0663
-76.0696
-76.0729
-76.0762
-76.0795
-76.0828
-76.086
-76.0892
-76.0924
-76.0955
-76.0986
-76.1017
-76.1048
-76.1079
-76.1109
-76.1139
-76.1169
-76.1198
-76.1228
-76.1257
-76.1286
-76.1314
-76.1343
-76.1371
-76.1399
-76.1427
-76.1455
-76.1482
-76.1509
-76.1536
-76.1563
-76.1589
-76.1615
-76.1642
-76.1667
-76.1693
-76.1719
-76.1744
-76.1769
-76.1794
-76.1819
-76.1843
-76.1868
-76.1892
-76.1916
-76.1939
-76.1963
-76.1986
-76.201
-76.2033
-76.2056
-76.2078
-76.2101
-76.2123
-76.2145
-76.2167
-76.2189
-76.2211
-76.2232
-76.2254
-76.2275
-76.2296
-76.2317
-76.2337
-76.2358
-76.2378
-76.2398
-76.2418
-76.2438
-76.2458
-76.2478
-76.2497
-76.2516
-76.2536
-76.2554
-76.2573
-76.2592
-76.2611
-76.2629
-76.2647
-76.2665
-76.2683
-76.2701
-76.2719
-76.2737
-76.2754
-76.2771
-76.2788
-76.2806
-76.2822
-76.2839
-76.2856
-76.2872
-76.2889
-76.2905
-76.2921
-76.2937
-76.2953
-76.2969
-76.2985
-76.3
-76.3016
-76.3031
-76.3046
-76.3061
-76.3076
-76.3091
-76.3106
-76.312
-76.3135
-76.3149
-76.3164
-76.3178
-76.3192
-76.3206
-76.322
-76.3233
-76.3247
-76.3261
-76.3274
-76.3287
-76.33
-76.3314
-76.3327
-76.334
-76.3352
-76.3365
-76.3378
-76.339
-76.3403
-76.3415
-76.3427
-76.3439
-76.3452
-76.3464
-76.3475
-76.3487
-76.3499
-76.351
-76.3522
-76.3533
-76.3545
-76.3556
-76.3567
-76.3578
-76.3589
-76.36
-76.3611
-76.3622
-76.3632
-76.3643
-76.3654
-76.3664
-76.3674
-76.3685
-76.3695
-76.3705
-76.3715
-76.3725
-76.3735
-76.3745
-76.3754
-76.3764
-76.3774
-76.3783
-76.3793
-76.3802
-76.3811
-76.382
-76.383
-76.3839
-76.3848
-76.3857
-76.3866
-76.3874
-76.3883
-76.3892
-76.39
-76.3909
-76.3917
-76.3926
-76.3934
-76.3943
-76.3951
-76.3959
-76.3967
-76.3975
-76.3983
-76.3991
-76.3999
-76.4007
-76.4014
-76.4022
-76.403
-76.4037
-76.4045
-76.4052
-76.406
-75.2607
-70.9439
-67.3697
-64.6701
-62.5566
-60.7809
-59.0723
-56.9387
-51.9103
39.4016
-12.6824
-45.0732
-78.6373
-78.9118
-78.783
-78.6368
-78.4771
-78.304
-78.1179
-77.9195
-77.6101
-75.321
-73.6179
-72.559
-71.7767
-71.1299
-70.5619
-70.0487
-69.5796
-69.1497
-68.7569
-68.4
-68.0781
-67.7905
-67.5364
-67.3146
-67.1238
-66.9623
-65.0595
-62.3614
-60.1766
-58.1731
-57.5339
-57.2015
-56.5957
-55.3538
-51.3429
40.3778
-13.9166
-46.6352
-79.0396
-79.6823
-79.6595
-79.6177
-79.571
-79.5199
-79.4645
-79.405
-79.3415
-79.2747
-79.205
-79.133
-79.0594
-78.9851
-78.9107
-78.8371
-78.7649
-78.6946
-78.6269
-78.562
-78.5003
-78.4419
-78.387
-78.3356
-78.2876
-74.3178
-70.1375
-66.9934
-64.5996
-62.7115
-61.1252
-59.6356
-57.9383
-55.1083
-27.3676
8.46283
-28.0977
-74.1615
-79.0225
-78.9519
-78.8249
-78.6847
-78.5319
-78.3668
-78.1899
-77.5446
-75.355
-73.9571
-73.0781
-72.4023
-71.8223
-71.2979
-70.8133
-70.3625
-69.9435
-69.556
-69.2001
-68.8759
-68.5835
-68.3225
-68.0921
-67.8914
-67.7193
-68.0011
-68.651
-69.1783
-69.5922
-69.9228
-70.1912
-70.4126
-70.5981
-70.756
-70.8921
-71.0112
-71.1168
-71.2114
-71.2974
-71.6811
-72.1973
-72.6061
-72.9269
-73.1827
-73.3896
-73.5592
-73.6998
-73.8177
-73.9177
-74.0033
-74.0773
-74.1418
-74.1986
-74.249
-74.2941
-74.3509
-74.5471
-74.7253
-74.8648
-74.9758
-75.0654
-75.1386
-75.1994
-75.2503
-75.2934
-75.3303
-75.3623
-75.3901
-75.4147
-75.4365
-75.456
-75.4736
-75.4897
-75.5044
-75.5179
-75.5305
-75.5423
-75.5534
-75.5639
-75.5738
-75.5833
-75.5924
-75.6012
-75.6096
-75.6178
-75.6258
-75.6336
-75.6411
-72.4202
-68.4652
-65.4601
-63.1523
-61.2765
-59.5718
-57.6578
-54.2871
34.5838
-0.00670151
-32.7088
-77.3454
-79.7256
-79.7223
-79.2291
-77.9744
-77.501
-77.2028
-76.9126
-76.6124
-76.3013
-75.9815
-75.656
-74.6475
-71.9662
-69.9558
-68.5448
-67.4808
-66.6367
-65.9433
-65.3605
-64.8642
-63.8085
-61.6424
-59.7427
-57.9173
-55.4542
-46.7167
20.8924
-22.7259
-65.1724
-79.4397
-79.0022
-78.3362
-78.0708
-77.8486
-77.6152
-77.3675
-77.1065
-76.834
-76.5507
-76.236
-75.9462
-75.6763
-75.4203
-75.1767
-74.9456
-74.7276
-74.5234
-74.3336
-74.1586
-73.9985
-73.8531
-73.7221
-73.6052
-73.5015
-73.4106
-73.3316
-73.2636
-73.2059
-73.1577
-73.1181
-73.0864
-73.0618
-73.0436
-73.0312
-73.0239
-73.0212
-73.0226
-71.6498
-67.8514
-64.7971
-62.4598
-60.5383
-58.7132
-56.4045
-50.1983
32.1465
-17.2075
-53.309
-79.4114
-79.6977
-79.6656
-78.426
-77.6637
-77.3238
-77.0324
-76.7358
-76.4282
-76.1109
-75.7863
-75.4579
-75.1291
-73.5356
-70.6689
-68.5705
-67.0576
-65.9081
-64.9992
-64.258
-63.6395
-63.1133
-62.6596
-62.2621
-61.9114
-60.0333
-57.7395
-54.6654
-34.356
7.60837
-28.6649
-73.9934
-79.4332
-79.4475
-79.3809
-79.3051
-79.2221
-79.1318
-79.0347
-78.9311
-78.8216
-78.7071
-78.5887
-78.3741
-78.0764
-77.838
-77.6416
-77.4721
-77.3217
-77.1863
-77.0637
-76.9522
-76.8509
-76.759
-76.6759
-76.6009
-76.5335
-76.4732
-76.4193
-76.3713
-76.3288
-76.2912
-76.2581
-76.2291
-76.2038
-76.1817
-76.1626
-76.1461
-76.1319
-76.1198
-76.1096
-76.101
-76.0938
-76.0879
-76.0832
-76.0794
-76.0766
-76.0744
-76.073
-76.0721
-76.0718
-76.0719
-76.0724
-76.0732
-76.0743
-76.0757
-76.0773
-76.0791
-76.0811
-76.0832
-76.0855
-76.0878
-76.0902
-76.0927
-76.0953
-76.0979
-76.1006
-76.1033
-76.106
-76.1087
-76.1115
-76.1143
-76.117
-76.1198
-76.1226
-76.1254
-76.1282
-76.1309
-76.1337
-76.1364
-76.1392
-76.1419
-76.1446
-76.1473
-76.15
-76.1526
-76.1553
-72.433
-68.484
-65.4967
-63.1951
-61.3189
-59.6093
-57.6841
-54.2682
38.1526
-0.368654
-32.9352
-77.1554
-78.9208
-78.7767
-78.6287
-78.4672
-78.2919
-78.103
-77.9013
-77.6878
-76.9947
-74.5828
-72.9267
-71.8533
-71.0448
-70.3766
-69.7951
-69.2758
-68.8069
-68.3045
-65.957
-63.7304
-62.0336
-60.6467
-59.3825
-58.0308
-56.1602
-51.5123
39.6938
-13.8584
-46.6458
-79.113
-79.703
-79.6796
-79.3448
-77.7524
-77.0452
-76.6673
-76.344
-76.0247
-75.7023
-75.3775
-75.053
-74.7318
-74.417
-74.1117
-73.8183
-73.5391
-73.2761
-73.0304
-72.8032
-72.5949
-72.4056
-72.2353
-72.0835
-71.9496
-71.8327
-71.732
-71.6464
-71.5748
-71.5162
-71.4695
-71.4337
-71.4076
-71.3905
-71.3813
-71.3793
-71.3835
-71.3934
-71.4083
-71.4275
-71.4505
-71.4768
-71.506
-71.5377
-71.5715
-71.607
-71.6441
-71.6825
-71.7219
-71.7621
-71.8031
-69.7756
-66.2163
-63.4416
-61.2647
-59.363
-57.2953
-53.6349
43.5265
-3.9801
-35.5811
-77.4914
-78.9015
-78.7882
-78.643
-78.484
-78.3115
-78.126
-77.9283

