-70
-70.0758
-70.1508
-70.225
-70.2983
-70.3706
-70.4419
-70.5122
-70.5814
-70.6496
-70.7168
-70.7829
-70.848
-70.9121
-70.9752
-71.0373
-71.0984
-71.1586
-71.2178
-71.2761
-71.3334
-71.3899
-71.4455
-71.5003
-71.5543
-71.6074
-71.6598
-71.7114
-71.7623
-71.8124
-71.8619
-71.9106
-71.9587
-72.006
-72.0527
-72.0988
-72.1442
-72.1889
-72.2331
-72.2766
-72.3196
-72.362
-72.4038
-72.445
-72.4857
-72.5258
-72.5654
-72.6045
-72.6431
-72.6812
-72.7188
-72.756
-72.7927
-72.8289
-72.8647
-72.9
-72.9349
-72.9694
-73.0035
-73.0371
-73.0704
-73.1032
-73.1357
-73.1678
-73.1994
-73.2307
-73.2617
-73.2922
-73.3224
-73.3523
-73.3817
-73.4109
-73.4397
-73.4682
-73.4963
-73.5241
-73.5516
-73.5788
-73.6057
-73.6323
-73.6585
-73.6845
-73.7102
-73.7356
-73.7608
-73.7857
-73.8103
-73.8346
-73.8587
-73.8825
-73.9061
-73.9294
-73.9524
-73.9753
-73.9979
-74.0202
-74.0423
-74.0642
-74.0859
-74.1073
-74.1285
-74.1495
-74.1703
-74.1909
-74.2112
-74.2313
-74.2513
-74.271
-74.2905
-74.3098
-74.329
-74.3479
-74.3666
-74.3852
-74.4036
-74.4217
-74.4397
-74.4575
-74.4752
-74.4926
-74.5099
-74.527
-74.544
-74.5607
-74.5774
-74.5938
-74.6101
-74.6262
-74.6422
-74.658
-74.6736
-74.6891
-74.7045
-74.7197
-74.7347
-74.7496
-74.7644
-74.779
-74.7935
-74.8079
-74.8221
-74.8362
-74.8501
-74.864
-74.8777
-74.8913
-74.9047
-74.918
-74.9313
-74.9443
-74.9573
-74.9701
-74.9829
-74.9955
-75.008
-75.0204
-75.0327
-75.0448
-75.0569
-75.0688
-75.0806
-75.0924
-75.104
-75.1155
-75.1269
-75.1382
-75.1495
-75.1606
-75.1716
-75.1825
-75.1933
-75.204
-75.2147
-75.2252
-75.2356
-75.246
-75.2562
-75.2664
-75.2764
-75.2864
-75.2963
-75.3061
-75.3158
-75.3255
-75.335
-75.3445
-75.3538
-75.3631
-75.3724
-75.3815
-75.3906
-75.3995
-75.4084
-75.4172
-75.426
-75.4346
-75.4432
-75.4518
-75.4602
-75.4686
-75.4769
-75.4851
-75.4932
-75.5013
-75.5093
-75.5173
-75.5251
-75.533
-75.5407
-75.5484
-75.556
-75.5635
-75.571
-75.5784
-75.5858
-75.593
-75.6003
-75.6074
-75.6145
-75.6216
-75.6285
-75.6355
-75.6423
-75.6491
-75.6559
-75.6626
-75.6692
-75.6758
-75.6823
-75.6888
-75.6952
-75.7015
-75.7078
-75.7141
-75.7203
-75.7264
-75.7325
-75.7386
-75.7446
-75.7505
-75.7564
-75.7622
-75.768
-75.7738
-75.7795
-75.7851
-75.7907
-75.7963
-75.8018
-75.8072
-75.8127
-75.818
-75.8234
-75.8287
-75.8339
-75.8391
-75.8443
-75.8494
-75.8545
-75.8595
-75.8645
-75.8695
-75.8744
-75.8793
-75.8841
-75.8889
-75.8937
-75.8984
-75.9031
-75.9077
-75.9123
-75.9169
-75.9214
-75.9259
-75.9304
-75.9348
-75.9392
-75.9436
-75.9479
-75.9522
-75.9565
-75.9607
-75.9649
-75.969
-75.9731
-75.9772
-75.9813
-75.9853
-75.9893
-75.9933
-75.9972
-76.0011
-76.005
-76.0088
-76.0126
-76.0164
-76.0201
-76.0239
-76.0275
-76.0312
-76.0348
-76.0384
-76.042
-76.0456
-76.0491
-76.0526
-76.056
-76.0595
-76.0629
-76.0663
-76.0696
-76.0729
-76.0762
-76.0795
-76.0828
-76.086
-76.0892
-76.0924
-76.0955
-76.0986
-76.1017
-76.1048
-76.1079
-76.1109
-76.1139
-76.1169
-76.1198
-76.1228
-76.1257
-76.1286
-76.1314
-76.1343
-76.1371
-76.1399
-76.1427
-76.1455
-76.1482
-76.1509
-76.1536
-76.1563
-76.1589
-76.1615
-76.1642
-76.1667
-76.1693
-76.1719
-76.1744
-76.1769
-76.1794
-76.1819
-76.1843
-76.1868
-76.1892
-76.1916
-76.1939
-76.1963
-76.1986
-76.201
-76.2033
-76.2056
-76.2078
-76.2101
-76.2123
-76.2145
-76.2167
-76.2189
-76.2211
-76.2232
-76.2254
-76.2275
-76.2296
-76.2317
-76.2337
-76.2358
-76.2378
-76.2398
-76.2418
-76.2438
-76.2458
-76.2478
-76.2497
-76.2516
-76.2536
-76.2554
-76.2573
-76.2592
-76.2611
-76.2629
-76.2647
-76.2665
-76.2683
-76.2701
-76.2719
-76.2737
-76.2754
-76.2771
-76.2788
-76.2806
-76.2822
-76.2839
-76.2856
-76.2872
-76.2889
-76.2905
-76.2921
-76.2937
-76.2953
-76.2969
-76.2985
-76.3
-76.3016
-76.3031
-76.3046
-76.3061
-76.3076
-76.3091
-76.3106
-76.312
-76.3135
-76.3149
-76.3164
-76.3178
-76.3192
-76.3206
-76.322
-76.3233
-76.3247
-76.3261
-76.3274
-76.3287
-76.33
-76.3314
-76.3327
-76.334
-76.3352
-76.3365
-76.3378
-76.339
-76.3403
-76.3415
-76.3427
-76.3439
-76.3452
-76.3464
-76.3475
-76.3487
-76.3499
-76.351
-76.3522
-76.3533
-76.3545
-76.3556
-76.3567
-76.3578
-76.3589
-76.36
-76.3611
-76.3622
-76.3632
-76.3643
-76.3654
-76.3664
-76.3674
-76.3685
-76.3695
-76.3705
-76.3715
-76.3725
-76.3735
-76.3745
-76.3754
-76.3764
-76.3774
-76.3783
-76.3793
-76.3802
-76.3811
-76.382
-76.383
-76.3839
-76.3848
-76.3857
-76.3866
-76.3874
-76.3883
-76.3892
-76.39
-76.3909
-76.3917
-76.3926
-76.3934
-76.3943
-76.3951
-76.3959
-76.3967
-76.3975
-76.3983
-76.3991
-76.3999
-76.4007
-76.4014
-76.4022
-76.403
-76.4037
-76.4045
-76.4052
-76.406
-76.4067
-76.4074
-76.4082
-76.4089
-76.4096
-76.4103
-76.411
-76.4117
-76.4124
-76.4131
-76.4137
-76.4144
-76.4151
-76.4158
-76.4164
-76.4171
-76.4177
-76.4184
-76.419
-76.4196
-76.4203
-76.4209
-76.4215
-76.4221
-76.4227
-76.4234
-76.424
-76.4246
-76.4251
-76.4257
-76.4263
-76.4269
-76.4275
-76.428
-76.4286
-76.4292
-76.4297
-76.4303
-76.4308
-76.4314
-76.4319
-76.4325
-76.433
-76.396
-76.3456
-76.2812
-76.2331
-76.1985
-76.1732
-76.1543
-76.1402
-76.1295
-76.1133
-76.0964
-76.0843
-76.0756
-76.0695
-76.0652
-76.0622
-76.0603
-76.0591
-76.0586
-76.0586
-76.059
-76.0598
-76.0609
-76.0622
-76.0637
-76.0654
-76.0672
-76.0692
-76.0713
-76.0735
-76.0758
-76.0782
-76.0806
-76.0831
-76.0857
-76.0883
-76.091
-76.0936
-76.0963
-76.0991
-76.1018
-76.1046
-76.1073
-76.1101
-76.1129
-76.1157
-76.1184
-76.1212
-76.124
-76.1268
-76.1295
-76.1323
-76.135
-76.1378
-76.1405
-76.1432
-76.1459
-76.1486
-76.1512
-76.1539
-76.1565
-76.1591
-76.1617
-76.1643
-76.1669
-76.1694
-76.1719
-76.1745
-76.1663
-76.1391
-76.1158
-76.0914
-76.0731
-76.061
-76.0529
-76.0444
-76.037
-76.0324
-76.0296
-76.028
-76.0267
-76.0221
-76.019
-76.0174
-76.0168
-76.0168
-76.0172
-76.018
-76.0189
-76.0201
-76.0215
-76.023
-76.0246
-76.0263
-76.0282
-76.0301
-76.0322
-76.0343
-76.0365
-76.0388
-76.0412
-76.0436
-76.0461
-76.0487
-76.0513
-76.0539
-76.0566
-76.0594
-76.0622
-76.065
-76.0678
-76.0707
-76.0736
-76.0765
-76.0794
-76.0823
-76.0852
-76.0882
-76.0911
-76.094
-76.097
-76.0999
-76.1028
-76.1058
-76.1087
-76.1116
-76.1145
-76.1173
-76.1202
-76.1231
-76.1259
-76.1287
-76.1315
-76.1343
-76.1371
-76.1399
-76.1426
-76.1453
-76.1481
-76.1507
-76.1534
-76.1561
-76.1587
-76.1613
-76.1639
-76.1665
-76.1691
-76.1716
-76.1741
-76.1766
-76.1791
-76.1816
-76.184
-76.1865
-76.1889
-76.1913
-76.1937
-76.196
-76.1984
-76.2007
-76.203
-76.2053
-76.2075
-76.2098
-76.212
-76.2142
-76.2164
-76.2186
-76.2208
-76.2229
-76.2251
-76.2272
-76.2293
-76.2314
-76.2335
-76.2355
-76.2375
-76.2396
-76.2416
-76.2436
-76.2375
-76.2165
-76.1987
-76.1848
-76.1667
-76.1433
-76.1255
-76.1126
-76.103
-76.0959
-76.0906
-76.0868
-76.0841
-76.0824
-76.0756
-76.0682
-76.0629
-76.0592
-76.0568
-76.0552
-76.0544
-76.0542
-76.0544
-76.055
-76.0559
-76.0571
-76.0585
-76.0601
-76.0619
-76.0638
-76.0659
-76.0681
-76.0703
-76.0727
-76.0751
-76.0776
-76.0801
-76.0827
-76.0853
-76.088
-76.0907
-76.0934
-76.0962
-76.099
-76.1017
-76.1045
-76.1073
-76.1101
-76.1129
-76.1157
-76.1185
-76.1213
-76.1241
-76.1269
-76.1297
-76.1325
-76.1352
-76.1379
-76.1407
-76.1434
-76.1461
-76.1488
-76.1514
-76.1541
-76.1567
-76.1593
-76.1619
-76.1645
-76.1671
-76.1696
-76.1722
-76.1747
-76.1772
-76.1796
-76.1821
-76.1845
-76.1863
-76.1717
-76.1566
-76.145
-76.1362
-76.1206
-76.1051
-76.0938
-76.0856
-76.0754
-76.0642
-76.0564
-76.0512
-76.0476
-76.0454
-76.044
-76.0434
-76.0433
-76.0437
-76.0444
-76.0454
-76.0467
-76.0482
-76.0499
-76.0517
-76.0537
-76.0557
-76.0579
-76.0602
-76.0626
-76.0651
-76.0676
-76.0695
-76.0653
-76.0614
-76.0587
-76.057
-76.0561
-76.0557
-76.0559
-76.0564
-76.0572
-76.0584
-76.0597
-76.0613
-76.063
-76.0649
-76.0669
-76.0691
-76.0713
-76.0736
-76.076
-76.0785
-76.081
-76.0836
-76.0862
-76.0889
-76.0916
-76.0943
-76.097
-76.0998
-76.1025
-76.1053
-76.1081
-76.1109
-76.1137
-76.1165
-76.1193
-76.1221
-76.1249
-76.1276
-76.1304
-76.1332
-76.1359
-76.1387
-76.1414
-76.1441
-76.1468
-76.1494
-76.1521
-76.1548
-76.1574
-76.16
-76.1626
-76.1652
-76.1677
-76.1703
-76.1728
-76.1753
-76.1778
-76.1803
-76.1827
-76.1852
-76.1876
-76.19
-76.1924
-76.1947
-76.1971
-76.1994
-76.2017
-76.204
-76.2063
-76.2086
-76.2108
-76.213
-76.2152
-76.2174
-76.2196
-76.2218
-76.2239
-76.226
-76.2281
-76.2302
-76.2323
-76.2344
-76.2364
-76.2384
-76.2405
-76.2425
-76.2444
-76.2357
-76.2137
-76.1957
-76.1816
-76.1679
-76.144
-76.125
-76.1045
-76.0859
-76.0731
-76.0643
-76.0582
-76.054
-76.0513
-76.0495
-76.0485
-76.0482
-76.0483
-76.0489
-76.0498
-76.0509
-76.0523
-76.0539
-76.0556
-76.0575
-76.0595
-76.0617
-76.0639
-76.0663
-76.0687
-76.0712
-76.0737
-76.0763
-76.0789
-76.0816
-76.0843
-76.0871
-76.0898
-76.0926
-76.0954
-76.0983
-76.1011
-76.1039
-76.1067
-76.1096
-76.1124
-76.1152
-76.1181
-76.1209
-76.1237
-76.1265
-76.1293
-76.132
-76.1348
-76.1376
-76.1403
-76.143
-76.1457
-76.1484
-76.1511
-76.1537
-76.1564
-76.159
-76.1616
-76.1642
-76.1668
-76.1693
-76.1719
-76.1744
-76.1769
-76.1794
-76.1818
-76.1843
-76.1867

