-70
-69.8623
-69.7285
-69.5983
-69.4718
-69.3487
-69.2291
-69.1128
-68.9997
-68.8897
-68.7828
-68.6789
-68.5778
-68.4795
-68.3839
-68.291
-68.2007
-68.1128
-68.0274
-67.9443
-67.8636
-67.7851
-67.7087
-67.6345
-67.5623
-67.4921
-67.4238
-67.3574
-67.2929
-67.2301
-67.1691
-67.1098
-67.0521
-66.996
-66.9414
-66.8884
-66.8368
-66.7866
-66.7378
-66.6904
-66.6443
-66.5994
-66.5558
-66.5133
-66.4721
-66.432
-66.393
-66.355
-66.3181
-66.2823
-66.2474
-66.2134
-66.1805
-66.1484
-66.1172
-66.0868
-66.0573
-66.0286
-66.0007
-65.9736
-65.9472
-65.9215
-65.8966
-65.8723
-65.8487
-65.8257
-65.8034
-65.7817
-65.7606
-65.74
-65.72
-65.7006
-65.6817
-65.6633
-65.6455
-65.6281
-65.6112
-65.5948
-65.5788
-65.5632
-65.5481
-65.5334
-65.5191
-65.5052
-65.4917
-65.4785
-65.4657
-65.4533
-65.4412
-65.4294
-65.418
-65.4068
-65.396
-65.3855
-65.3752
-65.3653
-65.3556
-65.3462
-65.337
-65.3281
-65.3194
-65.311
-65.3028
-65.2948
-65.2871
-65.2795
-65.2722
-65.2651
-65.2581
-65.2514
-65.2448
-65.2385
-65.2322
-65.2262
-65.2203
-65.2146
-65.2091
-65.2037
-65.1984
-65.1933
-65.1884
-65.1835
-65.1788
-65.1743
-65.1698
-65.1655
-65.1613
-65.1572
-65.1532
-65.1493
-65.1456
-65.1419
-65.1384
-65.1349
-65.1315
-65.1283
-65.1251
-65.122
-65.119
-65.1161
-65.1132
-65.1104
-65.1077
-65.1051
-65.1026
-65.1001
-65.0977
-65.0953
-65.0931
-65.0908
-65.0887
-65.0866
-65.0845
-65.0826
-65.0806
-65.0788
-65.0769
-65.0752
-65.0734
-65.0718
-65.0701
-65.0685
-65.067
-65.0655
-65.064
-65.0626
-65.0612
-65.0599
-65.0586
-65.0573
-65.0561
-65.0549
-65.0537
-65.0526
-65.0514
-65.0504
-65.0493
-65.0483
-65.0473
-65.0464
-65.0454
-65.0445
-65.0436
-65.0428
-65.0419
-65.0411
-65.0403
-65.0395
-65.0388
-65.0381
-65.0374
-65.0367
-65.036
-65.0353
-65.0347
-65.0341
-65.0335
-65.0329
-65.0323
-65.0318
-65.0313
-65.0307
-65.0302
-65.0297
-65.0293
-65.0288
-65.0283
-65.0279
-65.0275
-65.027
-65.0266
-65.0262
-65.0259
-65.0255
-65.0251
-65.0248
-65.0244
-65.0241
-65.0238
-65.0234
-65.0231
-65.0228
-65.0225
-65.0223
-65.022
-65.0217
-65.0215
-65.0212
-65.021
-65.0207
-65.0205
-65.0203
-65.02
-65.0198
-65.0196
-65.0194
-65.0192
-65.019
-65.0188
-65.0187
-65.0185
-65.0183
-65.0181
-65.018
-65.0178
-65.0177
-65.0175
-65.0174
-65.0172
-65.0171
-65.017
-65.0168
-65.0167
-65.0166
-65.0165
-65.0163
-65.0162
-65.0161
-65.016
-65.0159
-65.0158
-65.0157
-65.0156
-65.0155
-65.0154
-65.0153
-65.0153
-65.0152
-65.0151
-65.015
-65.0149
-65.0149
-65.0148
-65.0147
-65.0147
-65.0146
-65.0145
-65.0145
-65.0144
-65.0143
-65.0143
-65.0142
-65.0142
-65.0141
-65.0141
-65.014
-65.014
-65.0139
-65.0139
-65.0138
-65.0138
-65.0137
-65.0137
-65.0137
-65.0136
-65.0136
-65.0135
-65.0135
-65.0135
-65.0134
-65.0134
-65.0134
-65.0133
-65.0133
-65.0133
-65.0133
-65.0132
-65.0132
-65.0132
-65.0131
-65.0131
-65.0131
-65.0131
-65.0131
-65.013
-65.013
-65.013
-65.013
-65.0129
-65.0129
-65.0129
-65.0129
-65.0129
-65.0129
-65.0128
-65.0128
-65.0128
-65.0128
-65.0128
-65.0128
-65.0127
-65.0127
-65.0127
-65.0127
-65.0127
-65.0127
-65.0127
-65.0127
-65.0126
-65.0126
-65.0126
-65.0126
-65.0126
-65.0126
-65.0126
-65.0126
-65.0126
-65.0126
-65.0125
-65.0125
-65.0125
-65.0125
-65.0125
-65.0125
-65.0125
-65.0125
-65.0125
-65.0125
-65.0125
-65.0125
-65.0125
-65.0124
-65.0124
-65.0124
-65.0124
-65.0124
-65.0124
-65.0124
-65.0124
-65.0124
-65.0124
-65.0124
-65.0124
-65.0124
-65.0124
-65.0124
-65.0124
-65.0124
-65.0124
-65.0124
-65.0124
-65.0124
-65.0124
-65.0124
-65.0123
-65.0123
-65.0123
-65.0123
-65.0123
-65.0123
-65.0123
-65.0123
-65.0123
-65.0123
-65.0123
-65.0123
-65.0123
-65.0123
-65.0123
-65.0123
-65.0123
-65.0123
-65.0123
-65.0123
-65.0123
-65.0123
-65.0123
-65.0123
-65.0123
-65.0123
-65.0123
-65.0123
-65.0123
-65.0123
-65.0123
-65.0123
-65.0123
-65.0123
-65.0123
-65.0123
-65.0123
-65.0123
-65.0123
-65.0123
-65.0123
-65.0123
-65.0123
-65.0123
-65.0123
-65.0123
-65.0123
-65.0123
-65.0123
-65.0123
-65.0123
-65.0123
-65.0123
-65.0123
-65.0123
-65.0123
-65.0123
-65.0123
-65.0123
-65.0123
-65.0123
-65.0123
-65.0123
-65.0123
-65.0123
-65.0123
-65.0123
-65.0123
-65.0123
-65.0123
-65.0123
-65.0123
-65.0123
-65.0123
-64.7043
-64.4515
-64.2637
-64.1299
-64.026
-63.943
-63.8763
-63.8231
-63.7811
-63.7486
-63.7241
-63.7065
-63.6948
-63.688
-63.6856
-63.6868
-63.6912
-63.6983
-63.7077
-63.7191
-63.7322
-63.7467
-63.7624
-63.7792
-63.7967
-63.8149
-63.8337
-63.8529
-63.8724
-63.8922
-63.9121
-63.9321
-63.9522
-63.9722
-63.9147
-63.7476
-63.6407
-63.5647
-63.5142
-63.4779
-63.4522
-63.435
-63.4248
-63.4205
-63.4211
-63.4259
-63.4341
-63.4452
-63.4588
-63.4745
-63.4919
-63.5108
-63.5308
-63.3531
-63.2315
-62.9946
-62.2915
-61.7503
-61.1417
-60.525
-59.9829
-58.9876
-58.1475
-57.3474
-56.7234
-56.2558
-55.8998
-55.6259
-55.1292
-54.5088
-53.9058
-53.188
-52.6705
-52.1036
-51.6409
-51.2828
-51.0022
-50.7477
-50.5445
-50.3719
-50.1666
-49.9757
-49.8001
-49.6552
-49.5028
-49.3073
-49.15
-49.0199
-48.9114
-48.8158
-48.7108
-48.5944
-48.4857
-48.3478
-48.2244
-48.0849
-47.9257
-47.7646
-47.5928
-47.3749
-47.1147
-46.7515
-46.3202
-45.7874
-45.0623
-43.8401
-41.6497
-35.1416
38.491
6.33845
-30.4883
-53.62
-60.3051
-62.2529
-62.9485
-63.2179
-63.3116
-63.2724
-63.1126
-62.8199
-62.4857
-62.151
-61.8196
-61.5769
-61.39
-61.2172
-61.0274
-60.8588
-60.6417
-60.3862
-60.0734
-59.812
-59.5462
-59.2868
-59.0673
-58.7737
-58.3194
-57.7352
-57.1472
-56.6281
-55.9813
-55.2476
-54.5378
-53.9187
-53.3505
-52.9177
-52.5705
-52.31
-52.0085
-51.6208
-51.2683
-50.942
-50.698
-50.5124
-50.3609
-50.1853
-50.0568
-49.9613
-49.8952
-49.8514
-49.8273
-49.8213
-49.8318
-49.8578
-49.8986
-49.9534
-50.0216
-50.1025
-50.1956
-50.3006
-50.4171
-50.5445
-50.6818
-50.8284
-50.9839
-51.1475
-51.3186
-51.4969
-51.6818
-51.8722
-52.0671
-52.2656
-52.4675
-52.6723
-52.8794
-53.0878
-53.2969
-53.5064
-53.716
-53.9252
-54.1334
-54.3402
-54.5454
-54.749
-54.9505
-55.1496
-55.3461
-55.54
-55.7312
-55.9195
-56.1049
-56.287
-56.4659
-56.6418
-56.8144
-56.9839
-57.1501
-57.3129
-57.4724
-57.6288
-57.782
-57.932
-58.0788
-58.2224
-58.3629
-58.5003
-58.6347
-58.7662
-58.8947
-59.0204
-59.1432
-59.2631
-59.3803
-59.4949
-59.5943
-59.5906
-59.6205
-59.6663
-59.726
-59.7886
-59.6952
-59.6522
-59.6395
-59.6532
-59.6356
-59.4593
-59.1307
-58.7871
-58.5353
-58.106
-57.4836
-56.1077
-55.0438
-54.0398
-53.2838
-52.7134
-52.2731
-51.9077
-51.3192
-50.8461
-50.4741
-50.182
-49.942
-49.7187
-49.4785
-49.2808
-49.1114
-48.9404
-48.7782
-48.5765
-48.2765
-47.9166
-47.5638
-47.2129
-46.809
-46.3515
-45.7951
-45.0607
-43.9852
-42.0735
-36.9326
30.4211
13.7273
-26.3897
-52.8633
-61.0542
-63.2759
-63.8523
-63.8963
-63.6997
-63.4589
-63.2455
-63.0623
-62.856
-62.687
-62.4983
-62.2725
-62.0713
-61.9178
-61.7737
-61.6352
-61.5307
-61.4505
-61.3904
-61.3457
-61.3139
-61.293
-61.2814
-61.2779
-61.2814
-61.2908
-61.231
-61.1136
-61.0415
-60.9793
-60.9067
-60.728
-60.4086
-60.027
-59.7078
-59.4606
-59.1771
-58.9282
-58.6612
-58.3362
-58.0842
-57.899
-57.6682
-57.2895
-56.9014
-56.4451
-55.9628
-55.5193
-55.0183
-54.5813
-54.073
-53.6256
-53.1416
-52.7016
-52.3408
-52.0556
-51.8219
-51.639
-51.5075
-51.4061
-51.2648
-51.1164
-50.9662
-50.747
-50.6006
-50.4684
-50.3432
-50.1741
-50.0554
-49.9443
-49.8686
-49.8209
-49.7972
-49.7932
-49.8068
-49.8366
-49.8817
-49.9413
-50.0148
-50.1014
-50.2006
-50.312
-50.4352
-50.5696
-50.7142
-50.8682
-51.031
-51.2017
-51.38
-51.5653
-51.7571
-51.9539
-52.155
-52.3595
-52.5671
-52.7774
-52.9895
-53.2024
-53.4159
-53.6294
-53.8429
-54.0555
-54.2666
-54.4763
-54.6842
-54.8901
-55.0937
-55.2945
-55.4927
-55.688
-55.8805
-56.0699
-56.256
-56.4388
-56.6184
-56.7947
-56.9678
-57.1374
-57.3036
-57.4664
-57.6259
-57.7821
-57.9351
-58.0847
-58.2311
-58.3743
-58.5143
-58.6512
-58.785
-58.9159
-59.0438
-59.1687
-59.2907
-59.41
-59.5264
-59.6402
-59.7513
-59.8598
-59.9657
-60.0692
-60.1702
-60.2688
-60.365
-60.4589
-60.5506
-60.6401
-60.7275
-60.8128
-60.8961
-60.9773
-61.0566
-61.134
-61.2095
-60.988
-60.5882
-60.3017
-60.0008
-59.7652
-59.5987
-59.448
-59.2159
-59.0129
-58.7725
-58.4692
-58.2283
-58.0631
-57.7949
-56.5847
-55.3546
-54.4478
-53.8041
-53.3235
-52.8177
-52.4206
-51.9316
-51.5533
-51.2612
-50.9464
-50.6683
-50.4516
-50.2839
-50.1544
-50.0549
-49.8895
-49.5557
-49.2575
-48.9483
-48.6093
-48.313
-48.0215
-47.729
-47.4163
-47.0584
-46.638
-46.1513
-45.5442
-44.6762
-43.2786
-40.5289
-28.2708
39.9635
-7.6667
-41.5621
-59.0605
-63.6461
-64.8815
-65.2178
-65.2272
-65.1165
-64.9461
-64.7708
-64.6169
-64.4823
-64.3276
-64.1819
-64.0605
-63.926
-63.7937
-63.6867
-63.5981
-63.5244
-63.4618
-63.4087
-63.3636
-63.3256
-63.2936
-63.267
-63.2452
-63.2274
-63.2133
-63.1724
-63.0236
-62.8988
-62.7537
-62.6062
-62.4697
-62.3397
-62.2184
-62.059
-61.9276
-61.8309
-61.7608
-61.6554
-61.5621
-61.4655
-61.4009
-61.3173
-61.1452
-60.9229
-60.6612
-60.303
-59.8729
-59.2962
-58.6571
-57.9256
-57.139
-56.4101
-55.8772
-55.3727
-54.8299
-54.2316
-53.7589
-53.3653
-53.0288
-52.7439
-52.5053
-52.2135

