-70
-70.0758
-70.1508
-70.225
-70.2983
-70.3706
-70.4419
-70.5122
-70.5814
-70.6496
-70.7168
-70.7829
-70.848
-70.9121
-70.9752
-71.0373
-71.0984
-71.1586
-71.2178
-71.2761
-71.3334
-71.3899
-71.4455
-71.5003
-71.5543
-71.6074
-71.6598
-71.7114
-71.7623
-71.8124
-71.8619
-71.9106
-71.9587
-72.006
-72.0527
-72.0988
-72.1442
-72.1889
-72.2331
-72.2766
-72.3196
-72.362
-72.4038
-72.445
-72.4857
-72.5258
-72.5654
-72.6045
-72.6431
-72.6812
-72.7188
-72.756
-72.7927
-72.8289
-72.8647
-72.9
-72.9349
-72.9694
-73.0035
-73.0371
-73.0704
-73.1032
-73.1357
-73.1678
-73.1994
-73.2307
-73.2617
-73.2922
-73.3224
-73.3523
-73.3817
-73.4109
-73.4397
-73.4682
-73.4963
-73.5241
-73.5516
-73.5788
-73.6057
-73.6323
-73.6585
-73.6845
-73.7102
-73.7356
-73.7608
-73.7857
-73.8103
-73.8346
-73.8587
-73.8825
-73.9061
-73.9294
-73.9524
-73.9753
-73.9979
-74.0202
-74.0423
-74.0642
-74.0859
-74.1073
-74.1285
-74.1495
-74.1703
-74.1909
-74.2112
-74.2313
-74.2513
-74.271
-74.2905
-74.3098
-74.329
-74.3479
-74.3666
-74.3852
-74.4036
-74.4217
-74.4397
-74.4575
-74.4752
-74.4926
-74.5099
-74.527
-74.544
-74.5607
-74.5774
-74.5938
-74.6101
-74.6262
-74.6422
-74.658
-74.6736
-74.6891
-74.7045
-74.7197
-74.7347
-74.7496
-74.7644
-74.779
-74.7935
-74.8079
-74.8221
-74.8362
-74.8501
-74.864
-74.8777
-74.8913
-74.9047
-74.918
-74.9313
-74.9443
-74.9573
-74.9701
-74.9829
-74.9955
-75.008
-75.0204
-75.0327
-75.0448
-75.0569
-75.0688
-75.0806
-75.0924
-75.104
-75.1155
-75.1269
-75.1382
-75.1495
-75.1606
-75.1716
-75.1825
-75.1933
-75.204
-75.2147
-75.2252
-75.2356
-75.246
-75.2562
-75.2664
-75.2764
-75.2864
-75.2963
-75.3061
-75.3158
-75.3255
-75.335
-75.3445
-75.3538
-75.3631
-75.3724
-75.3815
-75.3906
-75.3995
-75.4084
-75.4172
-75.426
-75.4346
-75.4432
-75.4518
-75.4602
-75.4686
-75.4769
-75.4851
-75.4932
-75.5013
-75.5093
-75.5173
-75.5251
-75.533
-75.5407
-75.5484
-75.556
-75.5635
-75.571
-75.5784
-75.5858
-75.593
-75.6003
-75.6074
-75.6145
-75.6216
-75.6285
-75.6355
-75.6423
-75.6491
-75.6559
-75.6626
-75.6692
-75.6758
-75.6823
-75.6888
-75.6952
-75.7015
-75.7078
-75.7141
-75.7203
-75.7264
-75.7325
-75.7386
-75.7446
-75.7505
-75.7564
-75.7622
-75.768
-75.7738
-75.7795
-75.7851
-75.7907
-75.7963
-75.8018
-75.8072
-75.8127
-75.818
-75.8234
-75.8287
-75.8339
-75.8391
-75.8443
-75.8494
-75.8545
-75.8595
-75.8645
-75.8695
-75.8744
-75.8793
-75.8841
-75.8889
-75.8937
-75.8984
-75.9031
-75.9077
-75.9123
-75.9169
-75.9214
-75.9259
-75.9304
-75.9348
-75.9392
-75.9436
-75.9479
-75.9522
-75.9565
-75.9607
-75.9649
-75.969
-75.9731
-75.9772
-75.9813
-75.9853
-75.9893
-75.9933
-75.9972
-76.0011
-76.005
-76.0088
-76.0126
-76.0164
-76.0201
-76.0239
-76.0275
-76.0312
-76.0348
-76.0384
-76.042
-76.0456
-76.0491
-76.0526
-76.056
-76.0595
-76.0629
-76.0663
-76.0696
-76.0729
-76.0762
-76.0795
-76.0828
-76.086
-76.0892
-76.0924
-76.0955
-76.0986
-76.1017
-76.1048
-76.1079
-76.1109
-76.1139
-76.1169
-76.1198
-76.1228
-76.1257
-76.1286
-76.1314
-76.1343
-76.1371
-76.1399
-76.1427
-76.1455
-76.1482
-76.1509
-76.1536
-76.1563
-76.1589
-76.1615
-76.1642
-76.1667
-76.1693
-76.1719
-76.1744
-76.1769
-76.1794
-76.1819
-76.1843
-76.1868
-76.1892
-76.1916
-76.1939
-76.1963
-76.1986
-76.201
-76.2033
-76.2056
-76.2078
-76.2101
-76.2123
-76.2145
-76.2167
-76.2189
-76.2211
-76.2232
-76.2254
-76.2275
-76.2296
-76.2317
-76.2337
-76.2358
-76.2378
-76.2398
-76.2418
-76.2438
-76.2458
-76.2478
-76.2497
-76.2516
-76.2536
-76.2554
-76.2573
-76.2592
-76.2611
-76.2629
-76.2647
-76.2665
-76.2683
-76.2701
-76.2719
-76.2737
-76.2754
-76.2771
-76.2788
-76.2806
-76.2822
-76.2839
-76.2856
-76.2872
-76.2889
-76.2905
-76.2921
-76.2937
-76.2953
-76.2969
-76.2985
-76.3
-76.3016
-76.3031
-76.3046
-76.3061
-76.3076
-76.3091
-76.3106
-76.312
-76.3135
-76.3149
-76.3164
-76.3178
-76.3192
-76.3206
-76.322
-76.3233
-76.3247
-76.3261
-76.3274
-76.3287
-76.33
-76.3314
-76.3327
-76.334
-76.3352
-76.3365
-76.3378
-76.339
-76.3403
-76.3415
-76.3427
-76.3439
-76.3452
-76.3464
-76.3475
-76.3487
-76.3499
-76.351
-76.3522
-76.3533
-76.3545
-76.3556
-76.3567
-76.3578
-76.3589
-76.36
-76.3611
-76.3622
-76.3632
-76.3643
-76.3654
-76.3664
-76.3674
-76.3685
-76.3695
-76.3705
-76.3715
-76.3725
-76.3735
-76.3745
-76.3754
-76.3764
-76.3774
-76.3783
-76.3793
-76.3802
-76.3811
-76.382
-76.383
-76.3839
-76.3848
-76.3857
-76.3866
-76.3874
-76.3883
-76.3892
-76.39
-76.3909
-76.3917
-76.3926
-76.3934
-76.3943
-76.3951
-76.3959
-76.3967
-76.3975
-76.3983
-76.3991
-76.3999
-76.4007
-76.4014
-76.4022
-76.403
-76.4037
-76.4045
-76.4052
-76.406
-76.4067
-76.4074
-76.4082
-76.4089
-74.8509
-70.5394
-67.0677
-64.4383
-62.3694
-60.6139
-58.8923
-56.6604
-50.6804
33.9118
-16.0888
-50.9472
-78.9028
-79.1134
-79.0087
-78.8884
-78.7566
-78.6135
-78.2127
-76.3092
-75.1594
-74.474
-73.9313
-73.4415
-72.978
-72.5331
-72.1058
-71.9534
-71.9417
-71.8751
-71.8822
-72.3587
-72.8381
-73.4947
-74.0117
-74.2852
-74.4334
-72.9266
-70.0521
-68.3926
-68.0169
-67.8988
-67.8391
-67.8131
-67.8079
-67.8165
-67.835
-67.8609
-67.8928
-67.9298
-67.971
-68.0162
-68.2704
-69.0795
-69.7382
-70.2291
-70.6036
-70.8957
-71.1282
-71.3167
-71.4725
-71.6034
-71.7153
-71.8124
-71.8979
-71.9742
-72.0432
-72.1064
-72.1647
-72.2192
-72.2705
-72.3192
-72.3657
-71.4216
-67.7572
-64.7476
-62.4702
-60.6276
-58.9328
-56.954
-53.0651
45.6556
-7.32072
-38.4809
-78.4994
-78.874
-78.5925
-78.4183
-78.2352
-78.0377
-77.8259
-77.601
-77.3642
-76.8571
-74.4148
-72.6049
-71.5256
-71.1428
-71.1507
-71.1432
-71.747
-72.1146
-72.6823
-73.124
-73.4889
-73.7168
-73.8218
-73.8688
-73.8884
-73.8948
-73.895
-73.9111
-74.0793
-74.2145
-74.3041
-74.3657
-74.4099
-74.4429
-74.4684
-74.4891
-74.5065
-74.5217
-74.5353
-74.548
-74.5601
-74.5718
-74.5832
-74.5946
-74.606
-74.6174
-74.6289
-74.6406
-74.6523
-74.6642
-74.6762
-74.6884
-74.7007
-74.7131
-74.7256
-74.7382
-74.7509
-74.7636
-74.7764
-74.7892
-74.8021
-74.815
-74.8279
-74.8408
-74.8536
-74.8665
-74.8793
-74.8921
-74.9049
-74.9176
-74.9302
-74.9428
-74.9554
-74.9678
-74.9802
-74.9925
-75.0047
-75.0169
-75.029
-75.041
-75.0529
-75.0647
-75.0764
-75.088
-75.0996
-75.111
-75.1224
-75.1337
-75.1448
-75.1559
-75.1669
-75.1778
-71.5846
-67.7713
-64.8844
-62.6481
-60.7938
-59.0354
-56.8687
-51.794
39.0361
-13.071
-45.6429
-79.2323
-78.9223
-78.5905
-78.412
-78.2278
-78.0292
-77.8163
-77.5901
-77.3519
-77.1036
-74.7829
-72.7635
-71.4617
-70.5164
-69.7617
-69.1239
-68.5673
-68.074
-67.2844
-65.3384
-64.2896
-63.609
-63.8368
-64.4718
-64.9203
-66.0977
-67.8156
-69.2678
-70.826
-71.3111
-69.5799
-68.3849
-67.742
-67.3801
-67.1712
-67.051
-66.9851
-66.9546
-66.9481
-66.9589
-67.5873
-68.3227
-68.8572
-69.2494
-69.5458
-69.7761
-69.9599
-70.1104
-70.2365
-70.3447
-70.4395
-70.5242
-70.6012
-70.6724
-70.739
-70.8021
-70.8625
-70.9207
-70.9772
-71.0324
-71.0864
-71.1396
-71.1921
-71.2439
-71.2951
-71.3459
-71.3962
-71.4461
-71.4956
-69.5112
-66.027
-63.3198
-61.2039
-59.3697
-57.4188
-54.2311
-1.51234
1.65762
-31.8182
-76.5384
-79.1147
-78.5941
-78.38
-78.19
-77.9869
-77.7692
-77.5378
-77.2939
-77.0396
-76.7772
-75.5044
-72.7759
-70.8613
-69.5351
-68.5349
-68.231
-68.1824
-68.4917
-69.0165
-69.5978
-70.6673
-71.4574
-72.1628
-72.9547
-73.4014
-73.6473
-73.8088
-74.0574
-74.2287
-74.3335
-74.4007
-74.4458
-74.4776
-74.501
-74.5192
-74.5341
-74.5468
-74.5581
-74.5687
-74.5787
-74.5886
-74.5984
-74.6917
-74.8226
-74.9253
-75.0053
-75.0688
-75.1202
-75.1624
-75.1978
-75.2345
-75.3253
-75.405
-75.4665
-75.5148
-75.5535
-75.5851
-75.6112
-75.6332
-75.652
-75.6683
-75.6825
-75.6952
-75.7066
-75.7169
-75.7264
-75.7352
-75.7434
-75.7511
-75.7584
-75.7654
-75.7721
-75.7786
-75.7848
-75.7909
-75.7968
-75.8026
-75.8083
-75.8139
-75.8194
-75.8248
-75.8301
-75.8354
-75.8406
-75.8458
-75.8509
-75.856
-75.861
-75.8659
-75.8709
-75.8758
-75.8806
-75.8854
-75.8902
-75.8949
-75.8996
-75.9042
-75.9089
-72.2228
-68.3123
-65.354
-63.0725
-61.2066
-59.4936
-57.5328
-53.8987
45.3251
-3.1157
-34.8673
-78.0352
-79.7325
-79.7222
-79.6872
-79.6477
-79.6042
-79.5566
-79.5049
-76.7966
-74.8948
-73.8453
-73.1115
-72.5094
-71.9742
-71.4817
-71.0224
-70.2009
-67.6325
-65.4728
-63.8747
-62.6296
-61.6041
-60.7033
-59.8481
-58.952
-57.7581
-54.62
-31.0986
6.38018
-29.2241
-74.4369
-79.2951
-79.2193
-79.1177
-78.9205
-77.4348
-76.6521
-76.2463
-75.9063
-75.6235
-75.3763
-75.1389
-74.9101
-74.6912
-74.4835
-74.2878
-74.1049
-73.9352
-73.779
-73.6361
-73.5065
-73.3897
-73.4165
-73.5526
-73.6489
-73.7134
-73.7576
-73.7888
-73.8115
-73.829
-73.8431
-73.8553
-73.8665
-73.8773
-73.888
-73.899
-73.9105
-73.9224
-73.935
-73.9481
-73.9618
-73.9761
-73.9909
-74.1097
-74.3098
-74.4733
-74.6037
-74.7094
-74.7961
-74.8681
-74.9287
-74.9802
-75.0245
-75.0629
-75.0965
-75.1262
-73.2567
-69.2533
-66.1551
-63.8405
-62.0313
-60.5002
-59.0145
-57.1925
-53.5399
45.8997
-4.96378
-36.3538
-78.3098
-79.7431
-78.6885
-78.3
-78.0879
-77.8732
-77.6443
-77.4014
-77.1457
-76.8793
-76.6045
-74.2029
-72.0365
-70.6017
-69.558

