-70
-70.0758
-70.1508
-70.225
-70.2983
-70.3706
-70.4419
-70.5122
-70.5814
-70.6496
-70.7168
-70.7829
-70.848
-70.9121
-70.9752
-71.0373
-71.0984
-71.1586
-71.2178
-71.2761
-71.3334
-71.3899
-71.4455
-71.5003
-71.5543
-71.6074
-71.6598
-71.7114
-71.7623
-71.8124
-71.8619
-71.9106
-71.9587
-72.006
-72.0527
-72.0988
-72.1442
-72.1889
-72.2331
-72.2766
-72.3196
-72.362
-72.4038
-72.445
-72.4857
-72.5258
-72.5654
-72.6045
-72.6431
-72.6812
-72.7188
-72.756
-72.7927
-72.8289
-72.8647
-72.9
-72.9349
-72.9694
-73.0035
-73.0371
-73.0704
-73.1032
-73.1357
-73.1678
-73.1994
-73.2307
-73.2617
-73.2922
-73.3224
-73.3523
-73.3817
-73.4109
-73.4397
-73.4682
-73.4963
-73.5241
-73.5516
-73.5788
-73.6057
-73.6323
-73.6585
-73.6845
-73.7102
-73.7356
-73.7608
-73.7857
-73.8103
-73.8346
-73.8587
-73.8825
-73.9061
-73.9294
-73.9524
-73.9753
-73.9979
-74.0202
-74.0423
-74.0642
-74.0859
-74.1073
-74.1285
-74.1495
-74.1703
-74.1909
-74.2112
-74.2313
-74.2513
-74.271
-74.2905
-74.3098
-74.329
-74.3479
-74.3666
-74.3852
-74.4036
-74.4217
-74.4397
-74.4575
-74.4752
-74.4926
-74.5099
-74.527
-74.544
-74.5607
-74.5774
-74.5938
-74.6101
-74.6262
-74.6422
-74.658
-74.6736
-74.6891
-74.7045
-74.7197
-74.7347
-74.7496
-74.7644
-74.779
-74.7935
-74.8079
-74.8221
-74.8362
-74.8501
-74.864
-74.8777
-74.8913
-74.9047
-74.918
-74.9313
-74.9443
-74.9573
-74.9701
-74.9829
-74.9955
-75.008
-75.0204
-75.0327
-75.0448
-75.0569
-75.0688
-75.0806
-75.0924
-75.104
-75.1155
-75.1269
-75.1382
-75.1495
-75.1606
-75.1716
-75.1825
-75.1933
-75.204
-75.2147
-75.2252
-75.2356
-75.246
-75.2562
-75.2664
-75.2764
-75.2864
-75.2963
-75.3061
-75.3158
-75.3255
-75.335
-75.3445
-75.3538
-75.3631
-75.3724
-75.3815
-75.3906
-75.3995
-75.4084
-75.4172
-75.426
-75.4346
-75.4432
-75.4518
-75.4602
-75.4686
-75.4769
-75.4851
-75.4932
-75.5013
-75.5093
-75.5173
-75.5251
-75.533
-75.5407
-75.5484
-75.556
-75.5635
-75.571
-75.5784
-75.5858
-75.593
-75.6003
-75.6074
-75.6145
-75.6216
-75.6285
-75.6355
-75.6423
-75.6491
-75.6559
-75.6626
-75.6692
-75.6758
-75.6823
-75.6888
-75.6952
-75.7015
-75.7078
-75.7141
-75.7203
-75.7264
-75.7325
-75.7386
-75.7446
-75.7505
-75.7564
-75.7622
-75.768
-75.7738
-75.7795
-75.7851
-75.7907
-75.7963
-75.8018
-75.8072
-75.8127
-75.818
-75.8234
-75.8287
-75.8339
-75.8391
-75.8443
-75.8494
-75.8545
-75.8595
-75.8645
-75.8695
-75.8744
-75.8793
-75.8841
-75.8889
-75.8937
-75.8984
-75.9031
-75.9077
-75.9123
-75.9169
-75.9214
-75.9259
-75.9304
-75.9348
-75.9392
-75.9436
-75.9479
-75.9522
-75.9565
-75.9607
-75.9649
-75.969
-75.9731
-75.9772
-75.9813
-75.9853
-75.9893
-75.9933
-75.9972
-76.0011
-76.005
-76.0088
-76.0126
-76.0164
-76.0201
-76.0239
-76.0275
-76.0312
-76.0348
-76.0384
-76.042
-76.0456
-76.0491
-76.0526
-76.056
-76.0595
-76.0629
-76.0663
-76.0696
-76.0729
-76.0762
-76.0795
-76.0828
-76.086
-76.0892
-76.0924
-76.0955
-76.0986
-76.1017
-76.1048
-76.1079
-76.1109
-76.1139
-76.1169
-76.1198
-76.1228
-76.1257
-76.1286
-76.1314
-76.1343
-76.1371
-76.1399
-76.1427
-76.1455
-76.1482
-76.1509
-76.1536
-76.1563
-76.1589
-76.1615
-76.1642
-76.1667
-76.1693
-76.1719
-76.1744
-76.1769
-76.1794
-76.1819
-76.1843
-76.1868
-76.1892
-76.1916
-76.1939
-76.1963
-76.1986
-76.201
-76.2033
-76.2056
-76.2078
-76.2101
-76.2123
-76.2145
-76.2167
-76.2189
-76.2211
-76.2232
-76.2254
-76.2275
-76.2296
-76.2317
-76.2337
-76.2358
-76.2378
-76.2398
-76.2418
-76.2438
-76.2458
-76.2478
-76.2497
-76.2516
-76.2536
-76.2554
-76.2573
-76.2592
-76.2611
-76.2629
-76.2647
-76.2665
-76.2683
-76.2701
-76.2719
-76.2737
-76.2754
-76.2771
-76.2788
-76.2806
-76.2822
-76.2839
-76.2856
-76.2872
-76.2889
-76.2905
-76.2921
-76.2937
-76.2953
-76.2969
-76.2985
-76.3
-76.3016
-76.3031
-76.3046
-76.3061
-76.3076
-76.3091
-76.3106
-76.312
-76.3135
-76.3149
-76.3164
-76.3178
-76.3192
-76.3206
-76.322
-76.3233
-76.3247
-76.3261
-76.3274
-76.3287
-76.33
-76.3314
-76.3327
-76.334
-76.3352
-76.3365
-76.3378
-76.339
-76.3403
-76.3415
-76.3427
-76.3439
-76.3452
-76.3464
-76.3475
-76.3487
-76.3499
-76.351
-76.3522
-76.3533
-76.3545
-76.3556
-76.3567
-76.3578
-76.3589
-76.36
-76.3611
-76.3622
-76.3632
-76.3643
-76.3654
-76.3664
-76.3674
-76.3685
-76.3695
-76.3705
-76.3715
-76.3725
-76.3735
-76.3745
-76.3754
-76.3764
-76.3774
-76.3783
-76.3793
-76.3802
-76.3811
-76.382
-76.383
-76.3839
-76.3848
-76.3857
-76.3866
-76.3874
-76.3883
-76.3892
-76.39
-76.3909
-76.3917
-76.3926
-76.3934
-76.3943
-76.3951
-76.3959
-76.3967
-76.3975
-76.3983
-76.3991
-76.3999
-76.4007
-76.4014
-76.4022
-76.403
-76.4037
-76.4045
-76.4052
-76.406
-76.4067
-76.4074
-73.0964
-69.0272
-65.9309
-63.5565
-61.6425
-59.9397
-58.1142
-55.2494
-31.3797
9.73798
-27.4461
-73.5564
-79.0274
-78.9617
-78.8359
-78.6967
-78.5451
-78.3812
-78.2055
-77.1501
-75.153
-73.9654
-73.1817
-72.5563
-72.0065
-71.5018
-71.031
-70.5904
-70.179
-69.7973
-69.7934
-70.0891
-70.291
-70.4167
-70.4948
-70.5433
-69.7794
-67.4605
-65.9
-66.1799
-67.1272
-68.3981
-69.8298
-70.5842
-70.9811
-71.2055
-71.3415
-71.4297
-71.491
-71.5369
-71.5735
-71.6047
-71.785
-72.2092
-72.5282
-72.7553
-72.9223
-73.2952
-73.6268
-73.8594
-74.0263
-74.1497
-74.2435
-74.3166
-74.3749
-74.4226
-74.4624
-74.4962
-74.5256
-74.5516
-74.5749
-74.5962
-74.6158
-74.6342
-74.6516
-71.9948
-68.1996
-65.3436
-63.1924
-61.4824
-59.9873
-58.4522
-56.3568
-50.5433
33.5829
-16.5173
-52.1638
-78.7989
-78.9945
-78.8767
-78.7418
-78.5945
-78.4348
-78.2633
-77.6335
-75.5301
-74.2131
-73.3897
-72.7506
-72.3339
-72.1186
-71.8756
-71.6158
-71.5123
-71.6767
-71.8925
-72.2403
-72.8116
-73.3902
-73.7163
-73.9448
-74.372
-74.7228
-74.9021
-75.0708
-75.1764
-75.232
-75.2627
-75.2807
-75.2919
-75.2993
-75.3048
-75.3091
-75.3128
-75.3163
-75.3198
-75.3234
-75.3271
-75.331
-75.3352
-75.3397
-75.3443
-75.3493
-75.3544
-75.3598
-75.3654
-75.3713
-75.3773
-75.3835
-75.3899
-75.3964
-75.4031
-75.4099
-75.4168
-75.4238
-75.4309
-75.438
-75.4453
-75.4526
-75.4599
-75.4673
-75.4747
-75.4821
-75.4896
-75.497
-75.5045
-75.5119
-75.5194
-75.5268
-75.5342
-75.5416
-75.5489
-75.4019
-71.4918
-67.7236
-64.8829
-62.6791
-60.8504
-59.1198
-57.0094
-52.3023
41.5029
-11.3132
-43.0741
-79.1041
-79.7339
-79.7106
-79.674
-79.633
-79.588
-79.5388
-79.4855
-79.4283
-79.3675
-79.3036
-78.4951
-74.7361
-71.9928
-70.165
-68.8425
-67.8258
-67.0101
-66.3364
-65.7696
-63.9242
-61.7732
-59.9874
-58.2639
-55.9971
-49.3884
29.1486
-18.904
-56.8165
-78.7608
-78.8223
-78.6831
-78.527
-78.357
-78.0931
-77.8448
-77.623
-75.6346
-74.1156
-73.2268
-72.5842
-72.0498
-71.5886
-71.5019
-71.424
-71.2932
-71.7181
-71.2403
-69.769
-69.0205
-69.0734
-69.5474
-70.1529
-70.7986
-71.3867
-71.8716
-72.1266
-72.2643
-72.344
-72.3935
-72.4268
-72.4512
-72.4708
-72.4878
-72.5036
-72.519
-72.5346
-72.5507
-72.5674
-72.5849
-72.6033
-72.6225
-72.0004
-68.4819
-65.557
-63.4236
-61.7878
-60.4298
-59.1542
-57.7051
-55.4208
-45.6725
19.1489
-23.3304
-66.8836
-79.62
-79.7357
-79.7056
-79.6685
-78.4185
-77.0047
-76.3969
-75.9809
-75.5989
-75.2211
-74.8425
-74.4642
-74.0893
-72.8152
-70.0765
-68.0006
-66.4995
-65.3573
-64.4528
-63.7135
-63.0931
-62.5617
-62.0965
-60.935
-58.7686
-57.1204
-56.0109
-53.4413
6.71688
-0.907016
-33.4304
-76.9649
-79.4398
-79.3557
-79.2257
-79.0467
-78.8892
-78.7674
-78.6478
-78.525
-78.3797
-78.1056
-77.8901
-77.7133
-77.3893
-77.0848
-76.8795
-76.729
-76.5694
-76.4359
-76.3359
-76.2573
-76.1775
-76.1137
-76.0652
-76.027
-75.9962
-75.9708
-75.9498
-75.9321
-75.9173
-75.905
-75.8946
-75.8861
-75.879
-75.8734
-75.8689
-75.8655
-75.863
-75.8613
-75.8604
-75.8601
-75.8603
-75.8611
-75.8623
-75.8639
-75.8659
-75.8681
-75.8707
-75.8734
-75.8764
-75.8796
-75.8848
-75.8991
-75.9121
-75.9228
-75.9319
-75.9397
-75.9466
-75.9528
-75.9584
-75.9636
-75.9684
-75.973
-75.9773
-75.9815
-75.9855
-75.9895
-75.9933
-75.9971
-76.0008
-76.0045
-76.0081
-76.0117
-76.0152
-76.0188
-76.0223
-76.0258
-76.0293
-76.0328
-76.0362
-76.0397
-76.0431
-76.0465
-76.0499
-76.0532
-76.0566
-76.0599
-76.0632
-76.0665
-75.6463
-71.4727
-67.7128
-64.8858
-62.6898
-60.8644
-59.1321
-57.0094
-52.2023
40.8458
-11.7019
-43.6133
-78.7707
-78.8567
-78.6824
-78.5238
-78.3518
-78.1656
-77.9657
-77.7528
-77.5283
-76.601
-74.1948
-72.5859
-71.5201
-70.7095
-70.0381
-69.4549
-68.9357
-68.4688
-68.418
-66.7525
-65.1595
-64.0581
-63.2658
-62.6712
-62.2078
-61.8375
-61.5337
-61.6251
-62.7645
-63.4479
-62.3684
-61.3552
-60.9577
-61.7242
-62.4193
-63.5106
-65.8117
-67.411
-68.3895
-69.3528
-70.3052
-71.3144
-71.9652
-72.3584
-72.6078
-72.7736
-72.8886
-72.9719
-73.0347
-73.084
-73.1241
-73.1582
-73.1879
-73.2148
-73.2397
-73.2632
-73.2858
-73.3079
-73.3296
-73.3512
-73.3727
-73.3943
-73.4159
-73.4377
-73.4597
-73.4817
-73.504
-73.5264
-73.5489
-73.5715
-73.5942
-73.617
-73.6399
-73.6628
-73.6858
-73.7088
-73.7317
-73.0531
-69.1434
-65.7932
-63.264
-61.2482
-59.4549
-57.4766
-54.0048
38.6263
-1.68704
-33.87
-77.2446
-78.8767
-78.7407
-78.5893
-78.424
-78.2448
-78.052
-77.8463
-77.6291
-76.7049
-74.3095
-72.7221

