-70
-70.0758
-70.1508
-70.225
-70.2983
-70.3706
-70.4419
-70.5122
-70.5814
-70.6496
-70.7168
-70.7829
-70.848
-70.9121
-70.9752
-71.0373
-71.0984
-71.1586
-71.2178
-71.2761
-71.3334
-71.3899
-71.4455
-71.5003
-71.5543
-71.6074
-71.6598
-71.7114
-71.7623
-71.8124
-71.8619
-71.9106
-71.9587
-72.006
-72.0527
-72.0988
-72.1442
-72.1889
-72.2331
-72.2766
-72.3196
-72.362
-72.4038
-72.445
-72.4857
-72.5258
-72.5654
-72.6045
-72.6431
-72.6812
-72.7188
-72.756
-72.7927
-72.8289
-72.8647
-72.9
-72.9349
-72.9694
-73.0035
-73.0371
-73.0704
-73.1032
-73.1357
-73.1678
-73.1994
-73.2307
-73.2617
-73.2922
-73.3224
-73.3523
-73.3817
-73.4109
-73.4397
-73.4682
-73.4963
-73.5241
-73.5516
-73.5788
-73.6057
-73.6323
-73.6585
-73.6845
-73.7102
-73.7356
-73.7608
-73.7857
-73.8103
-73.8346
-73.8587
-73.8825
-73.9061
-73.9294
-73.9524
-73.9753
-73.9979
-74.0202
-74.0423
-74.0642
-74.0859
-74.1073
-74.1285
-74.1495
-74.1703
-74.1909
-74.2112
-74.2313
-74.2513
-74.271
-74.2905
-74.3098
-74.329
-74.3479
-74.3666
-74.3852
-74.4036
-74.4217
-74.4397
-74.4575
-74.4752
-74.4926
-74.5099
-74.527
-74.544
-74.5607
-74.5774
-74.5938
-74.6101
-74.6262
-74.6422
-74.658
-74.6736
-74.6891
-74.7045
-74.7197
-74.7347
-74.7496
-74.7644
-74.779
-74.7935
-74.8079
-74.8221
-74.8362
-74.8501
-74.864
-74.8777
-74.8913
-74.9047
-74.918
-74.9313
-74.9443
-74.9573
-74.9701
-74.9829
-74.9955
-75.008
-75.0204
-75.0327
-75.0448
-75.0569
-75.0688
-75.0806
-75.0924
-75.104
-75.1155
-75.1269
-75.1382
-75.1495
-75.1606
-75.1716
-75.1825
-75.1933
-75.204
-75.2147
-75.2252
-75.2356
-75.246
-75.2562
-75.2664
-75.2764
-75.2864
-75.2963
-75.3061
-75.3158
-75.3255
-75.335
-75.3445
-75.3538
-75.3631
-75.3724
-75.3815
-75.3906
-75.3995
-75.4084
-75.4172
-75.426
-75.4346
-75.4432
-75.4518
-75.4602
-75.4686
-75.4769
-75.4851
-75.4932
-75.5013
-75.5093
-75.5173
-75.5251
-75.533
-75.5407
-75.5484
-75.556
-75.5635
-75.571
-75.5784
-75.5858
-75.593
-75.6003
-75.6074
-75.6145
-75.6216
-75.6285
-75.6355
-75.6423
-75.6491
-75.6559
-75.6626
-75.6692
-75.6758
-75.6823
-75.6888
-75.6952
-75.7015
-75.7078
-75.7141
-75.7203
-75.7264
-75.7325
-75.7386
-75.7446
-75.7505
-75.7564
-75.7622
-75.768
-75.7738
-75.7795
-75.7851
-75.7907
-75.7963
-75.8018
-75.8072
-75.8127
-75.818
-75.8234
-75.8287
-75.8339
-75.8391
-75.8443
-75.8494
-75.8545
-75.8595
-75.8645
-75.8695
-75.8744
-75.8793
-75.8841
-75.8889
-75.8937
-75.8984
-75.9031
-75.9077
-75.9123
-75.9169
-75.9214
-75.9259
-75.9304
-75.9348
-75.9392
-75.9436
-75.9479
-75.9522
-75.9565
-75.9607
-75.9649
-75.969
-75.9731
-75.9772
-75.9813
-75.9853
-75.9893
-75.9933
-75.9972
-76.0011
-76.005
-76.0088
-76.0126
-76.0164
-76.0201
-76.0239
-76.0275
-76.0312
-76.0348
-76.0384
-76.042
-76.0456
-76.0491
-76.0526
-76.056
-76.0595
-76.0629
-76.0663
-76.0696
-76.0729
-76.0762
-76.0795
-76.0828
-76.086
-76.0892
-76.0924
-76.0955
-76.0986
-76.1017
-76.1048
-76.1079
-76.1109
-76.1139
-76.1169
-76.1198
-76.1228
-76.1257
-76.1286
-76.1314
-76.1343
-76.1371
-76.1399
-76.1427
-76.1455
-76.1482
-76.1509
-76.1536
-76.1563
-76.1589
-76.1615
-76.1642
-76.1667
-76.1693
-76.1719
-76.1744
-76.1769
-76.1794
-76.1819
-76.1843
-76.1868
-76.1892
-76.1916
-76.1939
-76.1963
-76.1986
-76.201
-76.2033
-76.2056
-76.2078
-76.2101
-76.2123
-76.2145
-76.2167
-76.2189
-76.2211
-76.2232
-76.2254
-76.2275
-76.2296
-76.2317
-76.2337
-76.2358
-76.2378
-76.2398
-76.2418
-76.2438
-76.2458
-76.2478
-76.2497
-76.2516
-76.2536
-76.2554
-76.2573
-76.2592
-76.2611
-76.2629
-76.2647
-76.2665
-76.2683
-76.2701
-76.2719
-76.2737
-76.2754
-76.2771
-76.2788
-76.2806
-76.2822
-76.2839
-76.2856
-76.2872
-76.2889
-76.2905
-76.2921
-76.2937
-76.2953
-76.2969
-76.2985
-76.3
-76.3016
-76.3031
-76.3046
-76.3061
-76.3076
-76.3091
-76.3106
-76.312
-76.3135
-76.3149
-76.3164
-76.3178
-76.3192
-76.3206
-76.322
-76.3233
-76.3247
-76.3261
-76.3274
-76.3287
-76.33
-76.3314
-76.3327
-76.334
-76.3352
-76.3365
-76.3378
-76.339
-76.3403
-76.3415
-76.3427
-76.3439
-76.3452
-76.3464
-76.3475
-76.3487
-76.3499
-76.351
-76.3522
-76.3533
-76.3545
-76.3556
-76.3567
-76.3578
-76.3589
-76.36
-76.3611
-76.3622
-76.3632
-76.3643
-76.3654
-76.3664
-76.3674
-76.3685
-76.3695
-76.3705
-76.3715
-76.3725
-76.3735
-76.3745
-76.3754
-76.3764
-76.3774
-76.3783
-76.3793
-76.3802
-76.3811
-76.382
-76.383
-76.3839
-76.3848
-76.3857
-76.3866
-76.3874
-76.3883
-76.3892
-76.39
-76.3909
-76.3917
-76.3926
-76.3934
-76.3943
-76.3951
-76.3959
-76.3967
-76.3975
-76.3983
-76.3991
-76.3999
-75.9759
-71.7835
-67.9998
-65.1512
-62.9411
-61.1178
-59.4221
-57.4417
-53.6086
46.342
-5.09883
-36.4406
-78.4022
-79.7416
-79.7277
-79.6933
-79.6545
-79.6119
-79.4263
-76.9333
-75.5056
-74.7403
-74.1734
-73.6764
-73.2109
-72.7654
-72.3374
-71.9279
-71.5388
-71.1719
-70.8293
-70.5123
-70.2218
-69.9582
-69.7217
-69.5119
-69.3279
-69.1689
-69.0335
-68.9206
-68.8286
-68.7561
-69.3721
-69.1676
-67.2441
-66.6162
-67.3548
-68.0989
-69.5527
-70.4388
-70.8872
-71.1308
-71.2736
-71.5215
-71.9571
-72.2402
-71.1024
-68.7248
-67.2072
-66.2883
-65.7128
-65.3449
-65.1094
-64.9615
-64.8743
-64.8308
-64.8197
-64.8336
-64.8672
-64.9165
-64.9788
-65.052
-65.1343
-65.2244
-65.3212
-65.4235
-65.5304
-65.6413
-65.7554
-65.8723
-65.9915
-66.1125
-66.2351
-66.3588
-66.4832
-66.6078
-66.7325
-66.8568
-66.9807
-67.1039
-65.2296
-62.432
-60.1982
-58.2223
-55.9215
-50.6782
36.1171
-16.5092
-51.0798
-79.1014
-78.752
-78.3688
-78.1618
-77.9533
-77.7307
-77.4937
-77.2437
-76.9824
-76.7123
-74.5477
-72.3159
-70.8424
-70.2126
-70.3468
-71.1145
-71.9741
-72.3505
-72.4976
-72.6792
-72.9895
-73.3274
-73.5105
-73.6031
-73.6509
-73.8248
-73.992
-74.094
-74.1578
-74.1995
-74.2282
-74.249
-74.265
-74.2781
-74.2894
-74.2998
-74.3096
-74.3193
-74.329
-74.3388
-74.349
-74.3594
-74.3702
-74.3813
-74.3928
-74.4046
-74.4168
-74.4293
-74.4421
-74.4551
-74.4684
-74.5978
-74.7567
-74.8831
-74.9837
-75.065
-75.1315
-75.1867
-75.2331
-75.2726
-75.3065
-75.3359
-75.3616
-75.3844
-75.4048
-75.4231
-75.4398
-75.455
-75.4691
-75.4821
-75.4943
-75.5058
-75.5166
-75.5269
-75.5368
-75.5462
-75.5553
-75.5641
-75.5726
-73.6472
-69.503
-66.2436
-63.7696
-61.8021
-60.0875
-58.3101
-55.714
-43.5199
17.2081
-23.9136
-68.5923
-79.6557
-79.7312
-79.699
-79.6608
-79.6186
-79.5723
-79.5219
-79.4674
-76.6078
-74.4886
-73.2798
-72.4414
-71.7709
-71.1909
-70.6693
-70.1924
-68.5798
-66.1572
-64.3078
-62.9
-61.7647
-60.7856
-59.8693
-58.9166
-57.6578
-54.4192
-21.867
4.00896
-30.4584
-75.3726
-79.3173
-79.2229
-79.0316
-78.6487
-77.249
-76.5701
-76.2023
-75.9004
-75.6255
-75.3638
-75.1097
-74.88
-74.7301
-74.5759
-74.4179
-74.2647
-74.1202
-73.9861
-73.863
-73.7511
-73.6502
-73.5601
-73.4804
-73.5387
-73.7012
-73.8221
-73.9088
-73.9727
-74.0212
-74.0591
-74.0896
-74.1151
-74.137
-74.1564
-74.1741
-74.1907
-74.2065
-74.2218
-74.2369
-74.2518
-74.2667
-74.2816
-70.8442
-67.2361
-64.539
-62.4692
-60.766
-59.1749
-57.3082
-53.7815
43.9648
-3.24509
-34.9997
-77.9613
-79.7214
-79.0328
-78.2622
-77.9751
-77.7425
-77.5001
-77.2438
-76.9745
-76.6942
-76.4055
-76.1112
-74.3014
-71.6458
-69.7969
-68.4772
-67.4697
-66.6633
-65.997
-65.435
-64.9555
-64.5434
-62.957
-60.8329
-60.3757
-61.4576
-62.6055
-63.4321
-64.853
-67.2172
-69.0949
-70.164
-70.7836
-71.1624
-71.7319
-72.1768
-72.7108
-73.1044
-73.349
-73.5073
-73.6143
-73.69
-73.7457
-73.7884
-73.8224
-73.8507
-73.8749
-73.8964
-73.916
-73.9344
-73.9519
-73.9688
-73.9854
-74.0018
-74.0181
-74.0344
-74.0508
-74.0673
-74.0839
-74.1006
-74.1174
-74.1343
-74.1514
-74.1685
-74.1858
-74.2032
-74.2206
-74.238
-74.2555
-74.2731
-74.2906
-74.3081
-74.3256
-74.3431
-74.3606
-74.378
-74.3953
-74.4126
-74.4298
-74.4469
-74.4639
-74.4808
-74.4976
-74.5143
-74.5309
-74.5474
-74.5638
-74.58
-74.5961
-74.6121
-74.628
-74.6437
-74.6593
-74.6748
-74.6901
-74.7053
-74.7204
-74.7353
-74.7501
-74.7648
-74.7793
-74.7938
-74.8081
-74.8222
-74.8363
-74.8502
-73.7728
-69.6763
-66.2858
-63.7173
-61.6768
-59.8911
-58.005
-55.0571
-27.2383
8.00696
-28.2338
-74.4792
-79.6893
-79.7123
-79.6768
-79.636
-78.2268
-76.9695
-76.4152
-76.0136
-75.6375
-75.263
-74.8867
-74.5104
-74.1371
-72.3784
-69.7416
-67.8196
-66.4152
-65.3368
-64.4763
-63.7691
-63.1733
-62.6622
-61.3229
-59.2076
-56.9917
-53.2201
43.7082
-5.78607
-37.0474
-77.9996
-79.4973
-78.7189
-78.1432
-77.8346
-77.5534
-77.1833
-76.878
-76.586
-76.3332
-76.0885
-75.8672
-75.6789
-75.524
-75.0908
-72.4636
-70.7551
-69.8405
-69.297
-68.9435
-68.6972
-68.517
-68.3812
-68.2773
-68.1979
-68.1383
-68.0954
-68.0667
-68.0506
-68.0456
-68.0505
-68.0645
-68.0866
-68.116
-68.152
-68.194
-68.2414
-68.2937
-68.3502
-68.4105
-68.4742
-68.5408
-68.61
-68.6813
-68.7544
-68.829
-68.9049
-68.9817
-69.0592
-69.1372
-69.2156
-67.4333
-64.2679
-61.7781
-59.7444
-57.7691
-55.0144
-41.6917
12.7254
-26.3156
-71.4002
-79.5505
-79.6167
-79.5716
-79.5184
-79.4599
-79.396
-78.7086
-76.1308
-74.6759
-73.8222
-73.1799
-72.6277
-72.1235
-71.652
-71.2084
-70.3861
-67.7599
-65.5562
-63.9289
-62.6647

