-70
-69.8623
-69.7285
-69.5983
-69.4718
-69.3487
-69.2291
-69.1128
-68.9997
-68.8897
-68.7828
-68.6789
-68.5778
-68.4795
-68.3839
-68.291
-68.2007
-68.1128
-68.0274
-67.9443
-67.8636
-67.7851
-67.7087
-67.6345
-67.5623
-67.4921
-67.4238
-67.3574
-67.2929
-67.2301
-67.1691
-67.1098
-67.0521
-66.996
-66.9414
-66.8884
-66.8368
-66.7866
-66.7378
-66.6904
-66.6443
-66.5994
-66.5558
-66.5133
-66.4721
-66.432
-66.393
-66.355
-66.3181
-66.2823
-66.2474
-66.2134
-66.1805
-66.1484
-66.1172
-66.0868
-66.0573
-66.0286
-66.0007
-65.9736
-65.9472
-65.9215
-65.8966
-65.8723
-65.8487
-65.8257
-65.8034
-65.7817
-65.7606
-65.74
-65.72
-65.7006
-65.6817
-65.6633
-65.6455
-65.6281
-65.6112
-65.5948
-65.5788
-65.5632
-65.5481
-65.5334
-65.5191
-65.5052
-65.4917
-65.4785
-65.4657
-65.4533
-65.4412
-65.4294
-65.418
-65.4068
-65.396
-65.3855
-65.3752
-65.3653
-65.3556
-65.3462
-65.337
-65.3281
-65.3194
-65.311
-65.3028
-65.2948
-65.2871
-65.2795
-65.2722
-65.2651
-65.2581
-65.2514
-65.2448
-65.2385
-65.2322
-65.2262
-65.2203
-65.2146
-65.2091
-65.2037
-65.1984
-65.1933
-65.1884
-65.1835
-65.1788
-65.1743
-65.1698
-65.1655
-65.1613
-65.1572
-65.1532
-65.1493
-65.1456
-65.1419
-65.1384
-65.1349
-65.1315
-65.1283
-65.1251
-65.122
-65.119
-65.1161
-65.1132
-65.1104
-65.1077
-65.1051
-65.1026
-65.1001
-65.0977
-65.0953
-65.0931
-65.0908
-65.0887
-65.0866
-65.0845
-65.0826
-65.0806
-65.0788
-65.0769
-65.0752
-65.0734
-65.0718
-65.0701
-65.0685
-65.067
-65.0655
-65.064
-65.0626
-65.0612
-65.0599
-65.0586
-65.0573
-65.0561
-65.0549
-65.0537
-65.0526
-65.0514
-65.0504
-65.0493
-65.0483
-65.0473
-65.0464
-65.0454
-65.0445
-65.0436
-65.0428
-65.0419
-65.0411
-65.0403
-65.0395
-65.0388
-65.0381
-65.0374
-65.0367
-65.036
-65.0353
-65.0347
-65.0341
-65.0335
-65.0329
-65.0323
-65.0318
-65.0313
-65.0307
-65.0302
-65.0297
-65.0293
-65.0288
-65.0283
-65.0279
-65.0275
-65.027
-65.0266
-65.0262
-65.0259
-65.0255
-65.0251
-65.0248
-65.0244
-65.0241
-65.0238
-65.0234
-65.0231
-65.0228
-65.0225
-65.0223
-65.022
-65.0217
-65.0215
-65.0212
-65.021
-65.0207
-65.0205
-65.0203
-65.02
-65.0198
-65.0196
-65.0194
-65.0192
-65.019
-65.0188
-65.0187
-65.0185
-65.0183
-65.0181
-65.018
-65.0178
-65.0177
-65.0175
-65.0174
-65.0172
-65.0171
-65.017
-65.0168
-65.0167
-65.0166
-65.0165
-65.0163
-65.0162
-65.0161
-65.016
-65.0159
-65.0158
-65.0157
-65.0156
-65.0155
-65.0154
-65.0153
-65.0153
-65.0152
-65.0151
-65.015
-65.0149
-65.0149
-65.0148
-65.0147
-65.0147
-65.0146
-65.0145
-65.0145
-65.0144
-65.0143
-65.0143
-65.0142
-65.0142
-65.0141
-65.0141
-65.014
-65.014
-65.0139
-65.0139
-65.0138
-65.0138
-65.0137
-65.0137
-65.0137
-65.0136
-65.0136
-65.0135
-65.0135
-65.0135
-65.0134
-65.0134
-65.0134
-65.0133
-65.0133
-65.0133
-65.0133
-65.0132
-65.0132
-65.0132
-65.0131
-65.0131
-65.0131
-65.0131
-65.0131
-65.013
-65.013
-65.013
-65.013
-65.0129
-65.0129
-65.0129
-65.0129
-65.0129
-65.0129
-65.0128
-65.0128
-65.0128
-65.0128
-65.0128
-65.0128
-65.0127
-65.0127
-65.0127
-65.0127
-65.0127
-65.0127
-65.0127
-65.0127
-65.0126
-65.0126
-65.0126
-65.0126
-65.0126
-65.0126
-65.0126
-65.0126
-65.0126
-65.0126
-65.0125
-65.0125
-65.0125
-65.0125
-65.0125
-65.0125
-65.0125
-65.0125
-65.0125
-65.0125
-65.0125
-65.0125
-65.0125
-65.0124
-65.0124
-65.0124
-65.0124
-65.0124
-65.0124
-65.0124
-65.0124
-65.0124
-65.0124
-65.0124
-65.0124
-65.0124
-65.0124
-65.0124
-65.0124
-65.0124
-65.0124
-65.0124
-65.0124
-65.0124
-65.0124
-65.0124
-65.0123
-65.0123
-65.0123
-65.0123
-65.0123
-65.0123
-65.0123
-65.0123
-65.0123
-65.0123
-65.0123
-65.0123
-65.0123
-65.0123
-65.0123
-65.0123
-65.0123
-65.0123
-65.0123
-65.0123
-65.0123
-65.0123
-65.0123
-65.0123
-65.0123
-65.0123
-65.0123
-65.0123
-65.0123
-65.0123
-65.0123
-65.0123
-65.0123
-65.0123
-65.0123
-65.0123
-65.0123
-65.0123
-65.0123
-65.0123
-65.0123
-65.0123
-65.0123
-65.0123
-65.0123
-65.0123
-65.0123
-65.0123
-65.0123
-65.0123
-65.0123
-65.0123
-65.0123
-65.0123
-65.0123
-65.0123
-65.0123
-65.0123
-65.0123
-65.0123
-65.0123
-65.0123
-65.0123
-65.0123
-65.0123
-65.0123
-65.0123
-65.0123
-65.0123
-65.0123
-65.0123
-65.0123
-65.0123
-65.0123
-64.8272
-64.6749
-64.5616
-64.4807
-64.4179
-64.3677
-64.3273
-64.2951
-64.2696
-64.2499
-64.2351
-64.2244
-64.2173
-64.2132
-64.2117
-64.2125
-64.2152
-64.2195
-64.2252
-64.2321
-64.2401
-64.2489
-64.2584
-64.2685
-64.2792
-64.2902
-64.3016
-64.3133
-64.3251
-64.3371
-64.3491
-64.3613
-64.3734
-64.3855
-64.2678
-63.967
-63.7677
-63.6204
-63.516
-63.4354
-63.3729
-63.3248
-63.2887
-63.2626
-63.245
-63.2345
-63.2302
-63.231
-63.2362
-63.2452
-63.2575
-63.2321
-63.1643
-62.5688
-62.1515
-61.7863
-61.1621
-60.6684
-60.1411
-59.6391
-59.1484
-57.945
-56.9758
-56.0071
-55.1361
-54.3787
-53.8165
-53.383
-53.0065
-52.6416
-52.2901
-51.689
-51.2489
-50.7624
-50.3434
-49.9827
-49.6549
-49.3574
-49.0816
-48.8243
-48.4922
-48.1851
-47.87
-47.5441
-47.183
-46.7181
-46.1928
-45.5521
-44.691
-43.3668
-40.7745
-29.9357
41.3387
-4.65207
-37.3595
-55.7182
-60.5913
-61.9831
-62.4585
-62.6165
-62.6376
-62.5627
-62.402
-62.1578
-61.9238
-61.6824
-61.4549
-61.2776
-61.1125
-60.9239
-60.7776
-60.668
-60.588
-60.5294
-60.4552
-60.2886
-60.1729
-60.0436
-59.9531
-59.8921
-59.7717
-59.5972
-59.4263
-59.2885
-59.13
-58.975
-58.8311
-58.6615
-58.3829
-58.0574
-57.6499
-57.3072
-56.9305
-56.4244
-55.8897
-55.3773
-54.8251
-54.3398
-53.8835
-53.3551
-52.8166
-52.2884
-51.7715
-51.2115
-50.739
-50.3701
-50.0112
-49.7226
-49.3946
-49.0466
-48.694
-48.356
-48.0319
-47.6562
-47.2402
-46.7632
-46.2241
-45.5557
-44.6501
-43.2769
-40.5769
-28.71
40.5269
-6.39014
-39.6354
-57.6092
-62.3473
-63.6739
-64.0929
-64.2013
-64.1883
-64.1294
-64.0564
-63.9824
-63.9128
-63.8492
-63.7923
-63.7417
-63.6969
-63.6574
-63.6227
-63.5922
-63.5655
-63.5423
-63.5222
-63.5048
-63.4899
-63.4773
-63.4666
-63.4578
-63.4506
-63.4449
-63.4406
-63.4374
-63.4353
-63.4342
-63.4339
-63.4345
-63.4357
-63.4376
-63.44
-63.4429
-63.4463
-63.4501
-63.4543
-63.4587
-63.4635
-63.4685
-63.4737
-63.4791
-63.4847
-63.4904
-63.4963
-63.5023
-63.5083
-63.5145
-63.5207
-63.5269
-63.5332
-63.5396
-63.5459
-63.5523
-63.5587
-63.5651
-63.5024
-63.2495
-63.0693
-62.9358
-62.8411
-62.6845
-62.225
-61.8747
-61.6145
-61.3904
-61.1077
-60.6897
-60.1293
-59.6756
-59.291
-58.7866
-57.9481
-56.7681
-55.8361
-54.9893
-54.3355
-53.8411
-53.4354
-53.0874
-52.5604
-52.0444
-51.6643
-51.3666
-51.1196
-50.8677
-50.5997
-50.3656
-50.1607
-49.9896
-49.7847
-49.5574
-49.2545
-48.9831
-48.757
-48.5571
-48.2817
-48.0037
-47.6989
-47.391
-47.0354
-46.5923
-45.9895
-45.2397
-44.1808
-42.4692
-38.4454
5.98664
23.5881
-20.9796
-50.8829
-61.3633
-64.0667
-64.7771
-64.916
-64.8124
-64.6575
-64.4565
-64.1005
-63.7982
-63.5539
-63.3586
-63.1966
-63.0602
-62.9451
-62.8481
-62.7667
-62.6987
-62.6423
-62.5961
-62.5586
-62.5289
-62.5059
-62.4811
-62.4214
-62.3669
-62.2679
-62.1485
-61.9295
-61.6228
-61.2419
-60.9326
-60.6281
-60.3341
-59.9798
-59.5899
-59.2834
-58.9912
-58.5887
-58.1345
-57.6685
-57.1961
-56.6389
-56.0854
-55.5388
-55.0648
-54.5257
-54.022
-53.4776
-53.023
-52.6189
-52.3267
-52.0863
-51.9041
-51.7564
-51.6367
-51.5218
-51.3476
-51.202
-51.0374
-50.8896
-50.7487
-50.5832
-50.4495
-50.2915
-50.1302
-49.9995
-49.8768
-49.7923
-49.708
-49.6547
-49.624
-49.6137
-49.6207
-49.6432
-49.6804
-49.7315
-49.796
-49.8734
-49.9633
-50.0654
-50.1791
-50.304
-50.4399
-50.5864
-50.7426
-50.9073
-51.0799
-51.2596
-51.4461
-51.639
-51.8375
-52.0403
-52.2466
-52.4559
-52.6677
-52.8817
-53.0966
-53.312
-53.5274
-53.7427
-53.9573
-54.1705
-54.382
-54.5918
-54.7995
-55.005
-55.2078
-55.4077
-55.6047
-55.7989
-55.9899
-56.1777
-56.3621
-56.5432
-56.721
-56.8954
-57.0665
-57.234
-57.3982
-57.5589
-57.7164
-57.8705
-58.0213
-58.1688
-58.3131
-58.4541
-58.592
-58.7269
-58.8587
-58.9875
-59.1133
-59.2363
-59.3563
-59.4736
-59.5881
-59.7
-59.8093
-59.916
-60.0201
-60.1218
-60.2211
-60.318
-60.4126
-60.5049
-60.595
-60.6315
-60.6801
-60.6825
-60.6477
-60.374
-59.8733
-59.528
-59.0841
-58.6628
-58.3659
-58.1532
-57.9377
-57.669
-57.4626
-56.9937
-56.5797
-56.29
-55.9509
-54.932
-53.9459
-53.2324
-52.7021
-52.2673
-51.7559
-51.3723
-50.9236
-50.5467
-50.226
-49.9292
-49.6411
-49.4036
-49.202
-49.0289
-48.8372
-48.5509
-48.099
-47.6498
-47.0412
-46.2964
-45.4572
-44.4153
-42.8537
-39.6252
-18.6643
33.9321
-13.7166
-46.3621
-60.6309
-64.0808
-64.8108
-64.8407
-64.671
-64.4448
-64.198
-63.9414
-63.7218
-63.5327
-63.3367
-63.1694
-63.011
-62.8257
-62.6638
-62.5349
-62.4321
-62.3489
-62.2811
-62.2262
-62.1403
-62.0658
-62.0104
-61.9708
-61.9426
-61.9233
-61.9115
-61.906
-61.906
-61.9107
-61.9196
-61.9319
-61.9474
-61.957
-61.8615
-61.6585
-61.5028
-61.3064
-61.1769
-61.0833
-61.0191
-60.9481
-60.8717
-60.823
-60.7932
-60.753
-60.7053
-60.5685
-60.4342
-60.2966
-60.0081
-59.7675
-59.4665
-59.1234
-58.838
-58.4374
-57.9099
-57.2913
-56.7072
-56.1406
-55.6037
-55.1167
-54.537
-53.8842
-53.2416
-52.6799
-52.23
-51.8564
-51.5727
-51.3516
-51.071

