-70
-70.0758
-70.1508
-70.225
-70.2983
-70.3706
-70.4419
-70.5122
-70.5814
-70.6496
-70.7168
-70.7829
-70.848
-70.9121
-70.9752
-71.0373
-71.0984
-71.1586
-71.2178
-71.2761
-71.3334
-71.3899
-71.4455
-71.5003
-71.5543
-71.6074
-71.6598
-71.7114
-71.7623
-71.8124
-71.8619
-71.9106
-71.9587
-72.006
-72.0527
-72.0988
-72.1442
-72.1889
-72.2331
-72.2766
-72.3196
-72.362
-72.4038
-72.445
-72.4857
-72.5258
-72.5654
-72.6045
-72.6431
-72.6812
-72.7188
-72.756
-72.7927
-72.8289
-72.8647
-72.9
-72.9349
-72.9694
-73.0035
-73.0371
-73.0704
-73.1032
-73.1357
-73.1678
-73.1994
-73.2307
-73.2617
-73.2922
-73.3224
-73.3523
-73.3817
-73.4109
-73.4397
-73.4682
-73.4963
-73.5241
-73.5516
-73.5788
-73.6057
-73.6323
-73.6585
-73.6845
-73.7102
-73.7356
-73.7608
-73.7857
-73.8103
-73.8346
-73.8587
-73.8825
-73.9061
-73.9294
-73.9524
-73.9753
-73.9979
-74.0202
-74.0423
-74.0642
-74.0859
-74.1073
-74.1285
-74.1495
-74.1703
-74.1909
-74.2112
-74.2313
-74.2513
-74.271
-74.2905
-74.3098
-74.329
-74.3479
-74.3666
-74.3852
-74.4036
-74.4217
-74.4397
-74.4575
-74.4752
-74.4926
-74.5099
-74.527
-74.544
-74.5607
-74.5774
-74.5938
-74.6101
-74.6262
-74.6422
-74.658
-74.6736
-74.6891
-74.7045
-74.7197
-74.7347
-74.7496
-74.7644
-74.779
-74.7935
-74.8079
-74.8221
-74.8362
-74.8501
-74.864
-74.8777
-74.8913
-74.9047
-74.918
-74.9313
-74.9443
-74.9573
-74.9701
-74.9829
-74.9955
-75.008
-75.0204
-75.0327
-75.0448
-75.0569
-75.0688
-75.0806
-75.0924
-75.104
-75.1155
-75.1269
-75.1382
-75.1495
-75.1606
-75.1716
-75.1825
-75.1933
-75.204
-75.2147
-75.2252
-75.2356
-75.246
-75.2562
-75.2664
-75.2764
-75.2864
-75.2963
-75.3061
-75.3158
-75.3255
-75.335
-75.3445
-75.3538
-75.3631
-75.3724
-75.3815
-75.3906
-75.3995
-75.4084
-75.4172
-75.426
-75.4346
-75.4432
-75.4518
-75.4602
-75.4686
-75.4769
-75.4851
-75.4932
-75.5013
-75.5093
-75.5173
-75.5251
-75.533
-75.5407
-75.5484
-75.556
-75.5635
-75.571
-75.5784
-75.5858
-75.593
-75.6003
-75.6074
-75.6145
-75.6216
-75.6285
-75.6355
-75.6423
-75.6491
-75.6559
-75.6626
-75.6692
-75.6758
-75.6823
-75.6888
-75.6952
-75.7015
-75.7078
-75.7141
-75.7203
-75.7264
-75.7325
-75.7386
-75.7446
-75.7505
-75.7564
-75.7622
-75.768
-75.7738
-75.7795
-75.7851
-75.7907
-75.7963
-75.8018
-75.8072
-75.8127
-75.818
-75.8234
-75.8287
-75.8339
-75.8391
-75.8443
-75.8494
-75.8545
-75.8595
-75.8645
-75.8695
-75.8744
-75.8793
-75.8841
-75.8889
-75.8937
-75.8984
-75.9031
-75.9077
-75.9123
-75.9169
-75.9214
-75.9259
-75.9304
-75.9348
-75.9392
-75.9436
-75.9479
-75.9522
-75.9565
-75.9607
-75.9649
-75.969
-75.9731
-75.9772
-75.9813
-75.9853
-75.9893
-75.9933
-75.9972
-76.0011
-76.005
-76.0088
-76.0126
-76.0164
-76.0201
-76.0239
-76.0275
-76.0312
-76.0348
-76.0384
-76.042
-76.0456
-76.0491
-76.0526
-76.056
-76.0595
-76.0629
-76.0663
-76.0696
-76.0729
-76.0762
-76.0795
-76.0828
-76.086
-76.0892
-76.0924
-76.0955
-76.0986
-76.1017
-76.1048
-76.1079
-76.1109
-76.1139
-76.1169
-76.1198
-76.1228
-76.1257
-76.1286
-76.1314
-76.1343
-76.1371
-76.1399
-76.1427
-76.1455
-76.1482
-76.1509
-76.1536
-76.1563
-76.1589
-76.1615
-76.1642
-76.1667
-76.1693
-76.1719
-76.1744
-76.1769
-76.1794
-76.1819
-76.1843
-76.1868
-76.1892
-76.1916
-76.1939
-76.1963
-76.1986
-76.201
-76.2033
-76.2056
-76.2078
-76.2101
-76.2123
-76.2145
-76.2167
-76.2189
-76.2211
-76.2232
-76.2254
-76.2275
-76.2296
-76.2317
-76.2337
-76.2358
-76.2378
-76.2398
-76.2418
-76.2438
-76.2458
-76.2478
-76.2497
-76.2516
-76.2536
-76.2554
-76.2573
-76.2592
-76.2611
-76.2629
-76.2647
-76.2665
-76.2683
-76.2701
-76.2719
-76.2737
-76.2754
-76.2771
-76.2788
-76.2806
-76.2822
-76.2839
-76.2856
-76.2872
-76.2889
-76.2905
-76.2921
-76.2937
-76.2953
-76.2969
-76.2985
-76.3
-76.3016
-76.3031
-76.3046
-76.3061
-76.3076
-76.3091
-76.3106
-76.312
-76.3135
-76.3149
-76.3164
-76.3178
-76.3192
-76.3206
-76.322
-76.3233
-76.3247
-76.3261
-76.3274
-76.3287
-76.33
-76.3314
-76.3327
-76.334
-76.3352
-76.3365
-76.3378
-76.339
-76.3403
-76.3415
-76.3427
-76.3439
-76.3452
-76.3464
-76.3475
-76.3487
-76.3499
-76.351
-76.3522
-76.3533
-76.3545
-76.3556
-76.3567
-76.3578
-76.3589
-76.36
-76.3611
-76.3622
-76.3632
-76.3643
-76.3654
-76.3664
-76.3674
-76.3685
-76.3695
-76.3705
-76.3715
-76.3725
-76.3735
-76.3745
-76.3754
-76.3764
-76.3774
-76.3783
-76.3793
-76.3802
-76.3811
-76.382
-76.383
-76.3839
-76.3848
-76.3857
-76.3866
-76.3874
-76.3883
-76.3892
-76.39
-76.3909
-76.3917
-76.3926
-76.3934
-76.3943
-76.3951
-76.3959
-76.3967
-76.3975
-76.3983
-76.3991
-76.3999
-76.4007
-76.4014
-76.4022
-76.403
-76.4037
-76.4045
-76.4052
-76.406
-75.9818
-71.7886
-68.0041
-65.1549
-62.9445
-61.1211
-59.4257
-57.4468
-53.6233
46.3408
-5.00849
-36.5335
-77.8894
-79.0176
-78.9118
-78.78
-78.6355
-78.4783
-78.3089
-78.1277
-76.6415
-74.785
-73.6945
-72.9403
-72.3251
-71.7798
-71.2785
-70.8115
-70.3755
-69.9696
-69.5942
-69.2496
-68.9362
-68.6538
-68.4023
-68.1808
-68.4995
-67.7682
-67.19
-66.9665
-66.8474
-66.7849
-66.7562
-66.7493
-66.7574
-66.7767
-66.8048
-66.8402
-66.8818
-66.9289
-66.981
-67.0375
-67.0982
-67.1628
-67.2309
-67.3022
-67.3765
-67.4535
-67.533
-67.6146
-67.6981
-67.7831
-67.8696
-67.9573
-68.0459
-68.1352
-68.2252
-68.3155
-68.4062
-68.4969
-68.5877
-68.6782
-68.7684
-67.6877
-64.5325
-61.9658
-60.6048
-60.5072
-60.5224
-60.558
-60.6117
-60.682
-60.7677
-60.8683
-60.9817
-61.1066
-59.6907
-57.905
-55.875
-51.759
43.3962
-12.2124
-43.8937
-78.5313
-79.4428
-78.4105
-77.9467
-77.6902
-77.4398
-77.1768
-76.9008
-76.6135
-76.2873
-75.9848
-75.7021
-75.4314
-75.2091
-75.1618
-75.163
-75.146
-75.1681
-75.2131
-75.2757
-75.3342
-75.3548
-75.3568
-75.351
-75.3424
-75.3332
-75.3243
-75.3163
-75.3093
-75.3035
-75.2989
-75.3468
-75.4044
-75.4458
-75.4759
-75.4985
-75.5161
-75.5301
-75.5418
-75.5517
-75.5604
-75.5681
-75.5753
-75.582
-75.5883
-75.5945
-75.6005
-75.6063
-75.6121
-75.6179
-75.6237
-75.6294
-75.6351
-75.6409
-75.6467
-75.6525
-75.6583
-75.6641
-75.6699
-75.6757
-75.6816
-75.6874
-75.6933
-75.6992
-75.705
-75.7109
-75.7167
-75.7225
-75.7283
-75.7341
-75.7399
-75.7456
-75.7513
-75.757
-75.7627
-75.7683
-75.7739
-75.7795
-75.785
-75.7905
-75.796
-75.8014
-75.8068
-75.8122
-75.8175
-75.8228
-75.828
-75.8332
-72.156
-68.2543
-65.3022
-63.0242
-61.1582
-59.4387
-57.4533
-53.6789
46.2056
-4.59087
-36.0716
-77.7963
-78.9779
-78.868
-78.7313
-78.5814
-78.4185
-78.2429
-78.0554
-77.4008
-75.1724
-73.7212
-72.8011
-72.0973
-71.4985
-70.9618
-70.4695
-70.0145
-68.192
-65.8017
-63.9962
-62.6124
-61.4867
-60.5039
-60.0914
-60.797
-62.9421
-65.0135
-65.0681
-64.9608
-64.9035
-64.8774
-64.8728
-64.884
-64.9078
-64.9421
-64.9855
-65.5049
-66.5312
-67.3122
-67.8847
-68.3155
-68.6481
-68.9113
-69.1244
-69.301
-69.4506
-69.5799
-69.6939
-69.7962
-69.8894
-69.9755
-70.0562
-70.1325
-70.2054
-70.2755
-70.3434
-70.4096
-70.4742
-70.5377
-70.6001
-70.6616
-70.7223
-70.8308
-71.374
-71.8809
-72.2823
-70.1677
-67.0565
-64.8244
-63.2217
-62.0171
-61.0579
-60.2371
-59.4688
-58.6634
-57.6883
-56.2213
-52.7809
44.3177
-7.66899
-38.635
-77.8703
-79.095
-79.0107
-78.8922
-78.7618
-78.6205
-78.4684
-78.1973
-75.8644
-74.2405
-73.2712
-72.5577
-71.9597
-71.4252
-70.934
-70.4781
-70.0546
-69.6627
-69.3025
-68.974
-69.1468
-70.2177
-71.3141
-72.0162
-72.4978
-73.107
-73.7313
-74.126
-74.4493
-74.7133
-74.9519
-75.1206
-75.22
-75.2809
-75.3201
-75.3465
-75.3653
-75.3792
-75.39
-75.3988
-75.4063
-75.4129
-75.461
-75.5166
-75.5584
-75.5901
-75.6149
-75.6346
-75.6508
-75.6644
-75.676
-75.6862
-75.6952
-75.7034
-75.711
-75.718
-75.7246
-75.7309
-75.737
-75.7429
-75.7486
-75.7542
-75.7597
-75.7651
-75.7705
-75.7758
-75.7811
-75.7863
-75.7915
-75.7967
-75.8019
-75.807
-75.8121
-75.8172
-75.8223
-75.8273
-75.8324
-75.8374
-75.8423
-75.8473
-75.8522
-75.8571
-75.862
-75.8669
-75.8717
-75.8765
-75.8813
-75.886
-75.8907
-75.8954
-75.9
-75.9047
-75.9092
-75.9138
-75.9183
-75.9228
-75.9273
-75.9317
-75.9361
-75.9405
-75.9448
-75.9491
-75.9533
-75.9576
-75.9618
-72.7027
-68.6963
-65.6475
-63.3054
-61.4058
-59.6904
-57.7895
-54.54
19.6552
2.05636
-31.4321
-76.7975
-79.273
-78.6784
-78.458
-78.2751
-78.0795
-77.8692
-77.6451
-77.4084
-77.1607
-75.331
-73.2123
-71.8516
-70.886
-70.1231
-69.4799
-68.9178
-68.4179
-67.9701
-66.0202
-63.7526
-62.0046
-60.5804
-59.2805
-57.8763
-55.8733
-50.2223
32.8753
-17.6685
-54.7996
-78.7728
-78.8507
-78.7117
-78.5688
-78.4158
-78.2529
-78.081
-77.9011
-77.7148
-77.5236
-77.3296
-77.1347
-76.892
-76.6415
-76.4313
-76.2485
-76.0852
-75.9375
-75.8035
-75.6818
-75.5715
-75.4719
-75.3825
-75.3025
-75.2314
-75.1685
-75.1132
-75.065
-75.0232
-74.9873
-74.9568
-74.9311
-74.9097
-74.8923
-74.8785
-74.8678
-74.8599
-74.8545
-74.8513
-74.8501
-74.8506
-74.8527
-74.8561
-74.8607
-74.8663
-74.8728
-74.8801
-74.8881
-74.8966
-74.9057
-74.9152
-74.9251
-74.9352
-74.9457
-74.2303
-70.1641
-66.6703
-64.0334
-61.9552
-60.1685
-58.348
-55.7412
-44.0127
17.7618
-23.8258
-68.1954
-79.0108
-78.9948
-78.8735
-78.7384
-78.5911
-78.4317
-78.2606
-77.6192

