-70
-70.0758
-70.1508
-70.225
-70.2983
-70.3706
-70.4419
-70.5122
-70.5814
-70.6496
-70.7168
-70.7829
-70.848
-70.9121
-70.9752
-71.0373
-71.0984
-71.1586
-71.2178
-71.2761
-71.3334
-71.3899
-71.4455
-71.5003
-71.5543
-71.6074
-71.6598
-71.7114
-71.7623
-71.8124
-71.8619
-71.9106
-71.9587
-72.006
-72.0527
-72.0988
-72.1442
-72.1889
-72.2331
-72.2766
-72.3196
-72.362
-72.4038
-72.445
-72.4857
-72.5258
-72.5654
-72.6045
-72.6431
-72.6812
-72.7188
-72.756
-72.7927
-72.8289
-72.8647
-72.9
-72.9349
-72.9694
-73.0035
-73.0371
-73.0704
-73.1032
-73.1357
-73.1678
-73.1994
-73.2307
-73.2617
-73.2922
-73.3224
-73.3523
-73.3817
-73.4109
-73.4397
-73.4682
-73.4963
-73.5241
-73.5516
-73.5788
-73.6057
-73.6323
-73.6585
-73.6845
-73.7102
-73.7356
-73.7608
-73.7857
-73.8103
-73.8346
-73.8587
-73.8825
-73.9061
-73.9294
-73.9524
-73.9753
-73.9979
-74.0202
-74.0423
-74.0642
-74.0859
-74.1073
-74.1285
-74.1495
-74.1703
-74.1909
-74.2112
-74.2313
-74.2513
-74.271
-74.2905
-74.3098
-74.329
-74.3479
-74.3666
-74.3852
-74.4036
-74.4217
-74.4397
-74.4575
-74.4752
-74.4926
-74.5099
-74.527
-74.544
-74.5607
-74.5774
-74.5938
-74.6101
-74.6262
-74.6422
-74.658
-74.6736
-74.6891
-74.7045
-74.7197
-74.7347
-74.7496
-74.7644
-74.779
-74.7935
-74.8079
-74.8221
-74.8362
-74.8501
-74.864
-74.8777
-74.8913
-74.9047
-74.918
-74.9313
-74.9443
-74.9573
-74.9701
-74.9829
-74.9955
-75.008
-75.0204
-75.0327
-75.0448
-75.0569
-75.0688
-75.0806
-75.0924
-75.104
-75.1155
-75.1269
-75.1382
-75.1495
-75.1606
-75.1716
-75.1825
-75.1933
-75.204
-75.2147
-75.2252
-75.2356
-75.246
-75.2562
-75.2664
-75.2764
-75.2864
-75.2963
-75.3061
-75.3158
-75.3255
-75.335
-75.3445
-75.3538
-75.3631
-75.3724
-75.3815
-75.3906
-75.3995
-75.4084
-75.4172
-75.426
-75.4346
-75.4432
-75.4518
-75.4602
-75.4686
-75.4769
-75.4851
-75.4932
-75.5013
-75.5093
-75.5173
-75.5251
-75.533
-75.5407
-75.5484
-75.556
-75.5635
-75.571
-75.5784
-75.5858
-75.593
-75.6003
-75.6074
-75.6145
-75.6216
-75.6285
-75.6355
-75.6423
-75.6491
-75.6559
-75.6626
-75.6692
-75.6758
-75.6823
-75.6888
-75.6952
-75.7015
-75.7078
-75.7141
-75.7203
-75.7264
-75.7325
-75.7386
-75.7446
-75.7505
-75.7564
-75.7622
-75.768
-75.7738
-75.7795
-75.7851
-75.7907
-75.7963
-75.8018
-75.8072
-75.8127
-75.818
-75.8234
-75.8287
-75.8339
-75.8391
-75.8443
-75.8494
-75.8545
-75.8595
-75.8645
-75.8695
-75.8744
-75.8793
-75.8841
-75.8889
-75.8937
-75.8984
-75.9031
-75.9077
-75.9123
-75.9169
-75.9214
-75.9259
-75.9304
-75.9348
-75.9392
-75.9436
-75.9479
-75.9522
-75.9565
-75.9607
-75.9649
-75.969
-75.9731
-75.9772
-75.9813
-75.9853
-75.9893
-75.9933
-75.9972
-76.0011
-76.005
-76.0088
-76.0126
-76.0164
-76.0201
-76.0239
-76.0275
-76.0312
-76.0348
-76.0384
-76.042
-76.0456
-76.0491
-76.0526
-76.056
-76.0595
-76.0629
-76.0663
-76.0696
-76.0729
-76.0762
-76.0795
-76.0828
-76.086
-76.0892
-76.0924
-76.0955
-76.0986
-76.1017
-76.1048
-76.1079
-76.1109
-76.1139
-76.1169
-76.1198
-76.1228
-76.1257
-76.1286
-76.1314
-76.1343
-76.1371
-76.1399
-76.1427
-76.1455
-76.1482
-76.1509
-76.1536
-76.1563
-76.1589
-76.1615
-76.1642
-76.1667
-76.1693
-76.1719
-76.1744
-76.1769
-76.1794
-76.1819
-76.1843
-76.1868
-76.1892
-76.1916
-76.1939
-76.1963
-76.1986
-76.201
-76.2033
-76.2056
-76.2078
-76.2101
-76.2123
-76.2145
-76.2167
-76.2189
-76.2211
-76.2232
-76.2254
-76.2275
-76.2296
-76.2317
-76.2337
-76.2358
-76.2378
-76.2398
-76.2418
-76.2438
-76.2458
-76.2478
-76.2497
-76.2516
-76.2536
-76.2554
-76.2573
-76.2592
-76.2611
-76.2629
-76.2647
-76.2665
-76.2683
-76.2701
-76.2719
-76.2737
-76.2754
-76.2771
-76.2788
-76.2806
-76.2822
-76.2839
-76.2856
-76.2872
-76.2889
-76.2905
-76.2921
-76.2937
-76.2953
-76.2969
-76.2985
-76.3
-76.3016
-76.3031
-76.3046
-76.3061
-76.3076
-76.3091
-76.3106
-76.312
-76.3135
-76.3149
-76.3164
-76.3178
-76.3192
-76.3206
-76.322
-76.3233
-76.3247
-76.3261
-76.3274
-76.3287
-76.33
-76.3314
-76.3327
-76.334
-76.3352
-76.3365
-76.3378
-76.339
-76.3403
-76.3415
-76.3427
-76.3439
-76.3452
-76.3464
-76.3475
-76.3487
-76.3499
-76.351
-76.3522
-76.3533
-76.3545
-76.3556
-76.3567
-76.3578
-76.3589
-76.36
-76.3611
-76.3622
-76.3632
-76.3643
-76.3654
-76.3664
-76.3674
-76.3685
-76.3695
-76.3705
-76.3715
-76.3725
-76.3735
-76.3745
-76.3754
-76.3764
-76.3774
-76.3783
-76.3793
-76.3802
-76.3811
-76.382
-76.383
-76.3839
-76.3848
-74.8282
-70.5201
-67.0513
-64.4239
-62.3561
-60.6007
-58.8768
-56.6354
-50.5571
33.4334
-16.2327
-51.469
-79.4443
-79.7444
-79.7174
-79.6815
-79.6415
-79.5976
-79.5496
-79.4977
-79.442
-79.3828
-79.3206
-79.2558
-79.1891
-79.1212
-79.0527
-78.9844
-78.9168
-78.8506
-78.7864
-78.7245
-78.6652
-78.6089
-78.5556
-77.2989
-72.7326
-68.9791
-66.1661
-64.0021
-62.2666
-60.7703
-59.3098
-57.5423
-53.6831
46.1988
-5.01337
-36.2327
-78.0354
-79.3317
-79.2663
-79.1759
-79.076
-78.967
-78.8489
-78.722
-78.5869
-78.4445
-78.296
-78.1428
-77.9864
-77.8286
-77.671
-77.5155
-77.3635
-77.1353
-76.891
-76.6508
-76.4332
-76.2695
-73.9192
-70.3288
-67.8971
-66.2703
-65.142
-64.3339
-63.7396
-63.2924
-62.9517
-62.6898
-62.4876
-62.3336
-62.2199
-62.1407
-62.0916
-62.0694
-62.0717
-62.0963
-62.1415
-61.633
-59.431
-57.1058
-53.4628
35.2533
-3.85434
-35.5044
-77.5765
-79.4686
-79.439
-79.3705
-79.2939
-79.2103
-79.1196
-79.0222
-78.9185
-78.8093
-78.6954
-78.5779
-78.4581
-76.8868
-73.0634
-70.2672
-68.2943
-66.8289
-65.6956
-64.7907
-64.0491
-63.4281
-62.4646
-60.2787
-58.0969
-55.2236
-40.73
12.9513
-25.9989
-71.3397
-79.4693
-79.5069
-79.4473
-79.3791
-79.3041
-79.2225
-79.1343
-79.0399
-78.9398
-78.6898
-78.4192
-78.2137
-78.0417
-77.8878
-77.6743
-77.4071
-77.1946
-77.0235
-76.8809
-76.7592
-76.6539
-76.5619
-76.4811
-76.41
-76.3473
-76.2921
-76.2435
-76.2008
-76.1634
-76.1308
-76.1023
-76.0776
-76.0562
-76.0379
-76.0222
-76.0088
-75.9975
-75.9881
-75.9803
-75.974
-75.9689
-75.965
-75.9621
-75.96
-75.9587
-75.958
-75.958
-75.9585
-75.9594
-75.9607
-75.9623
-75.9643
-75.9665
-75.9689
-75.9715
-75.9743
-75.9772
-75.9802
-75.9833
-75.9865
-75.9898
-75.9932
-75.9966
-76
-76.0035
-76.007
-76.0105
-76.014
-76.0175
-76.021
-76.0246
-76.0281
-76.0316
-76.0351
-76.0386
-76.042
-76.0455
-76.049
-76.0524
-73.2193
-69.1191
-65.9726
-63.5651
-61.6288
-59.9094
-58.0662
-55.1547
-28.1925
8.6752
-27.8689
-74.2425
-79.493
-78.7397
-78.4698
-78.2851
-78.0898
-77.8798
-77.6558
-77.4188
-77.1707
-76.2331
-73.784
-72.093
-70.9555
-70.0929
-69.3865
-68.7814
-68.2503
-67.7786
-65.8668
-63.6489
-61.9351
-60.5335
-59.2475
-57.8497
-55.8415
-50.0812
32.185
-17.9474
-54.4624
-78.7689
-78.9513
-78.8322
-78.696
-78.5481
-78.3889
-78.163
-77.8918
-77.6703
-77.4648
-77.2633
-77.0635
-76.8662
-76.6727
-76.4846
-76.3034
-76.1304
-75.9667
-75.813
-75.67
-75.5379
-75.4167
-75.3065
-75.2068
-75.1174
-75.0376
-73.5237
-69.5042
-66.3093
-63.9127
-62.033
-60.4352
-58.8694
-56.8939
-52.463
42.7506
-10.5807
-42.0985
-79.0108
-79.7409
-79.7207
-79.6854
-79.6458
-78.5494
-76.8222
-76.0512
-75.5631
-75.1387
-74.7302
-74.3272
-73.9288
-73.5373
-73.1559
-71.6003
-68.7862
-66.6597
-65.0944
-63.8894
-62.9225
-62.1144
-61.4106
-60.7674
-60.1481
-59.1295
-56.6749
-51.9475
41.9503
-12.2543
-44.0705
-78.7162
-79.3959
-79.3364
-79.2551
-79.1652
-79.0673
-78.9615
-78.8482
-78.728
-78.6018
-78.4706
-78.2485
-77.9528
-77.7148
-77.5159
-77.3415
-77.1846
-77.0416
-76.9107
-76.7907
-76.6809
-76.5807
-76.4897
-76.4072
-76.333
-76.2663
-76.1954
-76.1266
-76.0711
-76.0264
-75.9901
-75.9604
-75.9361
-75.916
-75.8996
-75.8861
-75.8752
-75.8664
-75.8593
-75.8539
-75.8498
-75.8468
-75.8449
-75.8438
-75.8434
-75.8437
-75.8446
-75.846
-75.8478
-75.85
-75.8525
-75.8552
-75.8583
-75.8615
-75.8649
-75.8685
-75.8722
-75.876
-75.8799
-75.8839
-75.888
-75.8921
-75.8962
-75.9004
-75.9046
-75.9089
-75.9131
-75.9174
-75.9216
-75.9259
-75.9301
-75.9344
-75.9386
-75.9428
-75.947
-75.9512
-75.9554
-75.9595
-75.9636
-72.6973
-68.6834
-65.63
-63.2848
-61.3822
-59.6611
-57.7453
-54.4266
28.8428
1.00962
-32.0619
-77.0987
-79.7257
-79.7245
-79.69
-79.6508
-79.6076
-79.5603
-79.1382
-76.4228
-74.8432
-73.9483
-73.291
-72.7324
-72.2247
-71.7506
-71.3045
-70.885
-68.4969
-66.0737
-64.2816
-62.9081
-61.7958
-60.8353
-59.9384
-59.0124
-57.9129
-55.0777
-41.0003
12.1824
-26.4603
-71.4637
-79.2782
-79.3002
-79.2164
-79.1214
-77.626
-76.7898
-76.3452
-75.9695
-75.6019
-75.2317
-74.8588
-74.4983
-74.2572
-74.0238
-73.2906
-70.4684
-68.2728
-66.7775
-65.7371
-65.7727
-65.9602
-66.0754
-66.1467
-66.1937
-66.2283
-66.2577
-66.2865
-66.3176
-66.3527
-66.3928
-66.4383
-66.4895
-66.5463
-66.6086
-66.6761
-66.7485
-66.8253
-66.9062
-66.9907
-67.0785
-67.1692
-67.2623
-67.3576
-67.4546
-67.5531
-67.6525
-67.7526
-67.8532
-67.9541
-68.0549
-68.1555
-68.2558
-68.3555
-68.4547
-68.5532
-66.1718
-63.2021
-60.8811
-58.8993
-56.7809
-53.0412
42.6326
-6.49151
-37.7352
-78.0808
-79.5987
-79.5818
-79.5307
-79.473
-77.9939
-76.5498
-75.8749
-75.4033
-74.9796
-74.5686
-74.1629
-73.7626
-73.3703
-71.3864
-68.8178
-66.9468
-65.5637
-64.4937

