-70
-70.0758
-70.1508
-70.225
-70.2983
-70.3706
-70.4419
-70.5122
-70.5814
-70.6496
-70.7168
-70.7829
-70.848
-70.9121
-70.9752
-71.0373
-71.0984
-71.1586
-71.2178
-71.2761
-71.3334
-71.3899
-71.4455
-71.5003
-71.5543
-71.6074
-71.6598
-71.7114
-71.7623
-71.8124
-71.8619
-71.9106
-71.9587
-72.006
-72.0527
-72.0988
-72.1442
-72.1889
-72.2331
-72.2766
-72.3196
-72.362
-72.4038
-72.445
-72.4857
-72.5258
-72.5654
-72.6045
-72.6431
-72.6812
-72.7188
-72.756
-72.7927
-72.8289
-72.8647
-72.9
-72.9349
-72.9694
-73.0035
-73.0371
-73.0704
-73.1032
-73.1357
-73.1678
-73.1994
-73.2307
-73.2617
-73.2922
-73.3224
-73.3523
-73.3817
-73.4109
-73.4397
-73.4682
-73.4963
-73.5241
-73.5516
-73.5788
-73.6057
-73.6323
-73.6585
-73.6845
-73.7102
-73.7356
-73.7608
-73.7857
-73.8103
-73.8346
-73.8587
-73.8825
-73.9061
-73.9294
-73.9524
-73.9753
-73.9979
-74.0202
-74.0423
-74.0642
-74.0859
-74.1073
-74.1285
-74.1495
-74.1703
-74.1909
-74.2112
-74.2313
-74.2513
-74.271
-74.2905
-74.3098
-74.329
-74.3479
-74.3666
-74.3852
-74.4036
-74.4217
-74.4397
-74.4575
-74.4752
-74.4926
-74.5099
-74.527
-74.544
-74.5607
-74.5774
-74.5938
-74.6101
-74.6262
-74.6422
-74.658
-74.6736
-74.6891
-74.7045
-74.7197
-74.7347
-74.7496
-74.7644
-74.779
-74.7935
-74.8079
-74.8221
-74.8362
-74.8501
-74.864
-74.8777
-74.8913
-74.9047
-74.918
-74.9313
-74.9443
-74.9573
-74.9701
-74.9829
-74.9955
-75.008
-75.0204
-75.0327
-75.0448
-75.0569
-75.0688
-75.0806
-75.0924
-75.104
-75.1155
-75.1269
-75.1382
-75.1495
-75.1606
-75.1716
-75.1825
-75.1933
-75.204
-75.2147
-75.2252
-75.2356
-75.246
-75.2562
-75.2664
-75.2764
-75.2864
-75.2963
-75.3061
-75.3158
-75.3255
-75.335
-75.3445
-75.3538
-75.3631
-75.3724
-75.3815
-75.3906
-75.3995
-75.4084
-75.4172
-75.426
-75.4346
-75.4432
-75.4518
-75.4602
-75.4686
-75.4769
-75.4851
-75.4932
-75.5013
-75.5093
-75.5173
-75.5251
-75.533
-75.5407
-75.5484
-75.556
-75.5635
-75.571
-75.5784
-75.5858
-75.593
-75.6003
-75.6074
-75.6145
-75.6216
-75.6285
-75.6355
-75.6423
-75.6491
-75.6559
-75.6626
-75.6692
-75.6758
-75.6823
-75.6888
-75.6952
-75.7015
-75.7078
-75.7141
-75.7203
-75.7264
-75.7325
-75.7386
-75.7446
-75.7505
-75.7564
-75.7622
-75.768
-75.7738
-75.7795
-75.7851
-75.7907
-75.7963
-75.8018
-75.8072
-75.8127
-75.818
-75.8234
-75.8287
-75.8339
-75.8391
-75.8443
-75.8494
-75.8545
-75.8595
-75.8645
-75.8695
-75.8744
-75.8793
-75.8841
-75.8889
-75.8937
-75.8984
-75.9031
-75.9077
-75.9123
-75.9169
-75.9214
-75.9259
-75.9304
-75.9348
-75.9392
-75.9436
-75.9479
-75.9522
-75.9565
-75.9607
-75.9649
-75.969
-75.9731
-75.9772
-75.9813
-75.9853
-75.9893
-75.9933
-75.9972
-76.0011
-76.005
-76.0088
-76.0126
-76.0164
-76.0201
-76.0239
-76.0275
-76.0312
-76.0348
-76.0384
-76.042
-76.0456
-76.0491
-76.0526
-76.056
-76.0595
-76.0629
-76.0663
-76.0696
-76.0729
-76.0762
-76.0795
-76.0828
-76.086
-76.0892
-76.0924
-76.0955
-76.0986
-76.1017
-76.1048
-76.1079
-76.1109
-76.1139
-76.1169
-76.1198
-76.1228
-76.1257
-76.1286
-76.1314
-76.1343
-76.1371
-76.1399
-76.1427
-76.1455
-76.1482
-76.1509
-76.1536
-76.1563
-76.1589
-76.1615
-76.1642
-76.1667
-76.1693
-76.1719
-76.1744
-76.1769
-76.1794
-76.1819
-76.1843
-76.1868
-76.1892
-76.1916
-76.1939
-76.1963
-76.1986
-76.201
-76.2033
-76.2056
-76.2078
-76.2101
-76.2123
-76.2145
-76.2167
-76.2189
-76.2211
-76.2232
-76.2254
-76.2275
-76.2296
-76.2317
-76.2337
-76.2358
-76.2378
-76.2398
-76.2418
-76.2438
-76.2458
-76.2478
-76.2497
-76.2516
-76.2536
-76.2554
-76.2573
-76.2592
-76.2611
-76.2629
-76.2647
-76.2665
-76.2683
-76.2701
-76.2719
-76.2737
-76.2754
-76.2771
-76.2788
-76.2806
-76.2822
-76.2839
-76.2856
-76.2872
-76.2889
-76.2905
-76.2921
-76.2937
-76.2953
-76.2969
-76.2985
-76.3
-76.3016
-76.3031
-76.3046
-76.3061
-76.3076
-76.3091
-76.3106
-76.312
-76.3135
-76.3149
-76.3164
-76.3178
-76.3192
-76.3206
-76.322
-76.3233
-76.3247
-76.3261
-76.3274
-76.3287
-76.33
-76.3314
-76.3327
-76.334
-76.3352
-76.3365
-76.3378
-76.339
-76.3403
-76.3415
-76.3427
-76.3439
-76.3452
-76.3464
-76.3475
-76.3487
-76.3499
-76.351
-76.3522
-76.3533
-76.3545
-76.3556
-76.3567
-76.3578
-76.3589
-76.36
-76.3611
-76.3622
-76.3632
-76.3643
-76.3654
-76.3664
-76.3674
-76.3685
-76.3695
-76.3705
-76.3715
-76.3725
-76.3735
-76.3745
-76.3754
-76.3764
-76.3774
-76.3783
-76.3793
-76.3802
-76.3811
-76.382
-76.383
-76.3839
-76.3848
-76.3857
-76.3866
-76.3874
-76.3883
-76.3892
-76.39
-76.3909
-76.3917
-76.3926
-76.3934
-76.3943
-76.3951
-76.3959
-76.3967
-76.3975
-76.3983
-76.3991
-76.3999
-76.4007
-76.4014
-76.4022
-76.403
-76.4037
-76.4045
-76.4052
-76.406
-76.4067
-76.4074
-75.6458
-71.3644
-67.6835
-64.9104
-62.7495
-60.9512
-59.2514
-57.2021
-52.8667
43.9686
-9.01768
-40.3284
-78.3431
-78.9732
-78.8568
-78.7189
-78.5679
-78.4039
-78.2273
-78.0388
-76.9591
-74.8756
-73.6035
-72.7604
-72.0952
-71.519
-70.9971
-70.5157
-70.0694
-68.229
-65.8106
-63.9841
-62.5843
-61.4451
-60.5965
-62.6684
-65.6833
-67.5438
-68.6616
-69.3618
-68.4685
-66.6037
-65.3547
-64.548
-64.0105
-63.6455
-63.3962
-63.2291
-63.1227
-63.0626
-63.039
-63.0448
-63.0751
-63.1258
-63.194
-63.2773
-63.3737
-63.4814
-63.599
-63.7253
-63.859
-63.9993
-64.1451
-64.2954
-64.4488
-64.6046
-64.7623
-64.9211
-65.0808
-65.2407
-65.4005
-65.5595
-65.7172
-65.8736
-66.0283
-66.1812
-66.3322
-66.4812
-66.3378
-63.607
-61.0895
-59.0387
-57.0298
-54.1245
-36.3022
6.08599
-29.7979
-74.2319
-79.4913
-78.5546
-78.136
-77.9032
-77.6713
-77.4257
-77.1662
-76.8944
-76.6126
-76.3235
-76.03
-75.7361
-75.478
-75.2459
-75.0278
-74.8231
-74.7357
-74.8616
-74.9487
-75.0597
-75.1308
-75.162
-75.173
-75.1738
-75.1697
-75.1636
-75.1568
-75.1503
-75.1444
-75.1395
-75.1357
-75.1329
-75.1312
-75.1305
-75.1307
-75.1319
-75.1339
-75.1367
-75.1402
-75.1444
-75.1491
-75.1544
-75.1602
-75.1664
-75.1731
-75.18
-75.1873
-75.1949
-75.2027
-75.2107
-75.2189
-75.2272
-75.2357
-75.2443
-75.2531
-75.2619
-75.2707
-75.2796
-75.2886
-75.2975
-75.3065
-75.3155
-75.3245
-75.3335
-75.3424
-75.3514
-75.3603
-75.3692
-75.378
-75.3868
-75.3955
-75.4042
-75.4129
-75.4215
-75.43
-75.4385
-75.4469
-75.4553
-75.4636
-75.4719
-75.4801
-75.4882
-75.4962
-75.5042
-75.5122
-75.5201
-75.5279
-75.5356
-75.5433
-75.5509
-75.5585
-75.566
-75.5734
-72.788
-68.7548
-65.6594
-63.2866
-61.3655
-59.6311
-57.7009
-54.3409
32.5488
0.366855
-32.4969
-76.8332
-78.9808
-78.8807
-78.7454
-78.5968
-78.4352
-78.2608
-78.0744
-77.6164
-75.3663
-73.8335
-72.88
-72.1613
-71.5545
-71.0126
-70.5163
-70.0577
-69.2496
-66.7224
-64.5813
-62.9781
-61.7051
-60.8576
-63.3572
-65.7761
-67.2511
-68.1646
-68.7531
-69.1472
-69.4212
-69.6189
-69.767
-69.8822
-69.9751
-70.0529
-70.1205
-70.181
-70.2369
-70.2896
-70.3404
-70.3899
-70.4389
-70.4875
-70.5363
-70.5852
-70.6344
-70.6839
-70.7339
-70.7842
-68.5257
-65.2486
-62.7363
-60.7542
-58.9939
-57.0363
-53.5305
38.8915
-3.81089
-35.4983
-77.8035
-79.6556
-79.6463
-79.6027
-79.5533
-79.4991
-79.4401
-79.3764
-79.3082
-79.2359
-79.16
-78.3501
-74.6206
-71.8864
-70.059
-68.7351
-67.7171
-66.9008
-66.2272
-65.6609
-65.1797
-64.5811
-62.3545
-60.2393
-58.3001
-55.8457
-48.3198
25.4232
-20.6028
-60.7224
-79.3978
-79.5702
-78.6018
-77.9215
-77.6352
-77.3844
-77.1251
-76.8547
-76.5747
-76.2874
-75.9943
-75.7318
-75.5475
-75.3926
-75.2492
-75.1163
-74.9937
-74.8813
-74.7787
-74.6858
-74.6021
-74.5271
-74.4605
-74.4017
-74.3502
-74.3054
-74.2669
-74.2342
-74.2068
-74.1842
-74.166
-74.1518
-74.1412
-74.1339
-74.1296
-74.1278
-74.1285
-74.1312
-74.1358
-74.1422
-74.1499
-74.159
-74.1693
-74.1806
-74.1927
-74.2057
-74.2193
-74.2335
-74.2482
-74.2633
-74.2788
-74.2946
-74.3106
-74.3268
-74.3432
-74.3597
-74.3763
-74.393
-74.4096
-74.4264
-74.443
-74.4597
-74.4764
-74.4929
-74.5094
-74.5259
-74.5422
-74.5585
-74.5746
-74.5907
-74.6066
-74.6225
-74.6382
-74.6538
-74.6692
-74.6846
-74.6998
-74.7149
-74.7298
-74.7447
-74.7594
-74.774
-74.7884
-74.8028
-74.817
-74.8311
-74.845
-74.8588
-74.8726
-74.8862
-74.8996
-74.913
-73.0328
-68.9726
-65.7705
-63.3276
-61.361
-59.5964
-57.6415
-54.2304
35.7224
-0.38664
-32.9659
-77.4094
-79.7147
-79.7098
-78.655
-77.9025
-77.5876
-77.3197
-77.0441
-76.7561
-76.4567
-76.1485
-75.739
-73.2213
-71.074
-69.6128
-68.5333
-67.6824
-66.9826
-66.3913
-65.884
-65.4451
-63.4586
-61.3583
-59.605
-57.871
-55.4835
-47.1929
22.0588
-22.2535
-64.1542
-78.8466
-78.699
-78.469
-78.2431
-77.9153
-77.6808
-77.4647
-77.2455
-77.0221
-76.7957
-76.5687
-76.3432
-76.1213
-75.9052
-75.6965
-75.497
-75.3079
-75.1303
-74.9647
-74.8117
-74.6713
-74.5435
-74.4282
-74.3247
-74.2328
-74.1516
-74.0807
-74.0192
-73.9665
-73.9219
-73.8846
-73.854
-73.8295
-73.8104
-73.7963
-73.7865
-73.7807
-73.7783
-73.779
-73.7825
-73.7883
-73.7963
-73.8061
-73.8175
-73.8303
-73.8443
-73.8594
-73.8754
-73.8921
-73.9094
-73.9274
-73.9457
-73.5733
-69.7316
-66.2654
-63.6461
-61.5721
-59.7581
-57.8279
-54.72
-10.5693
4.55214
-30.053
-75.8698
-79.689
-79.1718
-78.3426
-78.0427
-77.8148
-77.5779
-77.3268
-77.0624
-76.7866
-76.5017
-75.7412
-73.0868
-71.0863

