-70
-70.0758
-70.1508
-70.225
-70.2983
-70.3706
-70.4419
-70.5122
-70.5814
-70.6496
-70.7168
-70.7829
-70.848
-70.9121
-70.9752
-71.0373
-71.0984
-71.1586
-71.2178
-71.2761
-71.3334
-71.3899
-71.4455
-71.5003
-71.5543
-71.6074
-71.6598
-71.7114
-71.7623
-71.8124
-71.8619
-71.9106
-71.9587
-72.006
-72.0527
-72.0988
-72.1442
-72.1889
-72.2331
-72.2766
-72.3196
-72.362
-72.4038
-72.445
-72.4857
-72.5258
-72.5654
-72.6045
-72.6431
-72.6812
-72.7188
-72.756
-72.7927
-72.8289
-72.8647
-72.9
-72.9349
-72.9694
-73.0035
-73.0371
-73.0704
-73.1032
-73.1357
-73.1678
-73.1994
-73.2307
-73.2617
-73.2922
-73.3224
-73.3523
-73.3817
-73.4109
-73.4397
-73.4682
-73.4963
-73.5241
-73.5516
-73.5788
-73.6057
-73.6323
-73.6585
-73.6845
-73.7102
-73.7356
-73.7608
-73.7857
-73.8103
-73.8346
-73.8587
-73.8825
-73.9061
-73.9294
-73.9524
-73.9753
-73.9979
-74.0202
-74.0423
-74.0642
-74.0859
-74.1073
-74.1285
-74.1495
-74.1703
-74.1909
-74.2112
-74.2313
-74.2513
-74.271
-74.2905
-74.3098
-74.329
-74.3479
-74.3666
-74.3852
-74.4036
-74.4217
-74.4397
-74.4575
-74.4752
-74.4926
-74.5099
-74.527
-74.544
-74.5607
-74.5774
-74.5938
-74.6101
-74.6262
-74.6422
-74.658
-74.6736
-74.6891
-74.7045
-74.7197
-74.7347
-74.7496
-74.7644
-74.779
-74.7935
-74.8079
-74.8221
-74.8362
-74.8501
-74.864
-74.8777
-74.8913
-74.9047
-74.918
-74.9313
-74.9443
-74.9573
-74.9701
-74.9829
-74.9955
-75.008
-75.0204
-75.0327
-75.0448
-75.0569
-75.0688
-75.0806
-75.0924
-75.104
-75.1155
-75.1269
-75.1382
-75.1495
-75.1606
-75.1716
-75.1825
-75.1933
-75.204
-75.2147
-75.2252
-75.2356
-75.246
-75.2562
-75.2664
-75.2764
-75.2864
-75.2963
-75.3061
-75.3158
-75.3255
-75.335
-75.3445
-75.3538
-75.3631
-75.3724
-75.3815
-75.3906
-75.3995
-75.4084
-75.4172
-75.426
-75.4346
-75.4432
-75.4518
-75.4602
-75.4686
-75.4769
-75.4851
-75.4932
-75.5013
-75.5093
-75.5173
-75.5251
-75.533
-75.5407
-75.5484
-75.556
-75.5635
-75.571
-75.5784
-75.5858
-75.593
-75.6003
-75.6074
-75.6145
-75.6216
-75.6285
-75.6355
-75.6423
-75.6491
-75.6559
-75.6626
-75.6692
-75.6758
-75.6823
-75.6888
-75.6952
-75.7015
-75.7078
-75.7141
-75.7203
-75.7264
-75.7325
-75.7386
-75.7446
-75.7505
-75.7564
-75.7622
-75.768
-75.7738
-75.7795
-75.7851
-75.7907
-75.7963
-75.8018
-75.8072
-75.8127
-75.818
-75.8234
-75.8287
-75.8339
-75.8391
-75.8443
-75.8494
-75.8545
-75.8595
-75.8645
-75.8695
-75.8744
-75.8793
-75.8841
-75.8889
-75.8937
-75.8984
-75.9031
-75.9077
-75.9123
-75.9169
-75.9214
-75.9259
-75.9304
-75.9348
-75.9392
-75.9436
-75.9479
-75.9522
-75.9565
-75.9607
-75.9649
-75.969
-75.9731
-75.9772
-75.9813
-75.9853
-75.9893
-75.9933
-75.9972
-76.0011
-76.005
-76.0088
-76.0126
-76.0164
-76.0201
-76.0239
-76.0275
-76.0312
-76.0348
-76.0384
-76.042
-76.0456
-76.0491
-76.0526
-76.056
-76.0595
-76.0629
-76.0663
-76.0696
-76.0729
-76.0762
-76.0795
-76.0828
-76.086
-76.0892
-76.0924
-76.0955
-76.0986
-76.1017
-76.1048
-76.1079
-76.1109
-76.1139
-76.1169
-76.1198
-76.1228
-76.1257
-76.1286
-76.1314
-76.1343
-76.1371
-76.1399
-76.1427
-76.1455
-76.1482
-76.1509
-76.1536
-76.1563
-76.1589
-76.1615
-76.1642
-76.1667
-76.1693
-76.1719
-76.1744
-76.1769
-76.1794
-76.1819
-76.1843
-76.1868
-76.1892
-76.1916
-76.1939
-76.1963
-76.1986
-76.201
-76.2033
-76.2056
-76.2078
-76.2101
-76.2123
-76.2145
-76.2167
-76.2189
-76.2211
-76.2232
-76.2254
-76.2275
-76.2296
-76.2317
-76.2337
-76.2358
-76.2378
-76.2398
-76.2418
-76.2438
-76.2458
-76.2478
-76.2497
-76.2516
-76.2536
-76.2554
-76.2573
-76.2592
-76.2611
-76.2629
-76.2647
-76.2665
-76.2683
-76.2701
-76.2719
-76.2737
-76.2754
-76.2771
-76.2788
-76.2806
-76.2822
-76.2839
-76.2856
-76.2872
-76.2889
-76.2905
-76.2921
-76.2937
-76.2953
-76.2969
-76.2985
-76.3
-76.3016
-76.3031
-76.3046
-76.3061
-76.3076
-76.3091
-76.3106
-76.312
-76.3135
-76.3149
-76.3164
-76.3178
-76.3192
-76.3206
-76.322
-76.3233
-76.3247
-76.3261
-76.3274
-76.3287
-76.33
-76.3314
-76.3327
-76.334
-76.3352
-76.3365
-76.3378
-76.339
-76.3403
-76.3415
-76.3427
-76.3439
-76.3452
-76.3464
-76.3475
-76.3487
-76.3499
-76.351
-76.3522
-76.3533
-76.3545
-76.3556
-76.3567
-76.3578
-76.3589
-76.36
-76.3611
-76.3622
-76.3632
-76.3643
-76.3654
-76.3664
-76.3674
-76.3685
-76.3695
-76.3705
-76.3715
-76.3725
-76.3735
-76.3745
-76.3754
-76.3764
-76.3774
-76.3783
-76.3793
-76.3802
-76.3811
-76.382
-76.383
-76.3839
-76.3848
-76.3857
-76.3866
-76.3874
-76.3883
-76.3892
-76.39
-76.3909
-76.3917
-76.3926
-76.3934
-76.3943
-76.3951
-76.3959
-76.3967
-76.3975
-76.3983
-76.3991
-76.3999
-76.4007
-76.4014
-76.4022
-76.403
-76.4037
-76.4045
-76.4052
-76.406
-76.4067
-76.4074
-76.4082
-76.4089
-76.4096
-76.4103
-76.411
-76.4117
-76.4124
-76.4131
-76.4137
-76.4144
-76.4151
-76.4158
-76.4164
-76.4171
-76.4177
-76.4184
-76.419
-76.4196
-76.4203
-76.4209
-76.4215
-76.4221
-76.4227
-76.4234
-76.424
-76.4246
-76.4251
-76.4257
-76.4263
-76.4269
-76.4275
-76.428
-76.4286
-76.4292
-76.4297
-76.4303
-76.4308
-76.4314
-76.4319
-76.4325
-76.433
-76.4335
-76.4341
-76.4346
-76.4351
-76.4356
-76.4361
-76.4366
-76.4371
-76.4376
-76.4381
-76.4386
-76.4391
-76.4396
-76.4401
-76.4405
-76.441
-76.4415
-76.4419
-76.4424
-76.4429
-76.4433
-76.4438
-76.4442
-76.4447
-76.4451
-76.4455
-76.446
-76.4464
-76.4468
-76.4473
-76.4477
-76.4481
-76.4485
-76.4489
-76.4493
-76.4497
-76.4501
-76.4505
-76.4509
-76.4513
-76.4517
-76.4521
-76.4525
-76.4529
-76.4533
-76.4536
-76.454
-76.4544
-76.4548
-76.4551
-76.4555
-76.4558
-76.4562
-76.4566
-76.4569
-76.4573
-76.4576
-76.4579
-76.4566
-76.4142
-76.3714
-76.3379
-76.3114
-76.2904
-76.2736
-76.26
-76.2491
-76.2194
-76.1908
-76.1693
-76.1531
-76.1408
-76.1314
-76.1243
-76.1177
-76.1026
-76.0885
-76.0716
-76.0596
-76.0517
-76.0463
-76.0429
-76.0407
-76.0394
-76.0389
-76.0389
-76.0393
-76.0401
-76.0411
-76.0424
-76.0439
-76.0456
-76.0475
-76.0494
-76.0515
-76.0537
-76.056
-76.0584
-76.0609
-76.0634
-76.0659
-76.0686
-76.0713
-76.074
-76.0767
-76.0795
-76.0823
-76.0851
-76.0879
-76.0908
-76.0937
-76.0965
-76.0994
-76.1023
-76.1051
-76.108
-76.1109
-76.1137
-76.1166
-76.1194
-76.1223
-76.1251
-76.1279
-76.1307
-76.1335
-76.1363
-76.139
-76.1418
-76.1445
-76.1472
-76.1499
-76.1525
-76.1552
-76.1578
-76.1604
-76.163
-76.1656
-76.1682
-76.1707
-76.1733
-76.1758
-76.1783
-76.1807
-76.1832
-76.1856
-76.188
-76.1904
-76.1928
-76.1952
-76.1975
-76.1999
-76.2022
-76.2045
-76.2067
-76.209
-76.2112
-76.2135
-76.2157
-76.2179
-76.22
-76.2222
-76.2243
-76.2265
-76.2286
-76.2307
-76.2327
-76.2348
-76.2368
-76.2389
-76.2409
-76.2429
-76.2448
-76.2468
-76.2488
-76.2507
-76.2526
-76.2545
-76.2564
-76.2583
-76.2602
-76.262
-76.2638
-76.2657
-76.2675
-76.2693
-76.271
-76.2728
-76.2746
-76.2763
-76.278
-76.2797
-76.2814
-76.2831
-76.2848
-76.2864
-76.2881
-76.2897
-76.2913
-76.293
-76.2945
-76.2961
-76.2977
-76.2993
-76.3008
-76.3023
-76.3039
-76.3054
-76.3069
-76.3084
-76.3099
-76.3113
-76.3128
-76.3142
-76.3157
-76.3171
-76.3185
-76.3199
-76.3213
-76.3227
-76.324
-76.3254
-76.3267
-76.3281
-76.3294
-76.3307
-76.332
-76.3333
-76.3346
-76.3359
-76.3372
-76.3384
-76.3397
-76.3409
-76.3421
-76.3434
-76.3446
-76.3458
-76.347
-76.3481
-76.3493
-76.3505
-76.3516
-76.3372
-76.3037
-76.276
-76.2543
-76.2372
-76.2237
-76.2129
-76.2042
-76.1974
-76.192
-76.1877
-76.1845
-76.182
-76.1785
-76.1605
-76.1442
-76.1319
-76.1226
-76.1156
-76.1103
-76.1063
-76.1035
-76.1015
-76.1003
-76.0996
-76.0994
-76.0996
-76.1002
-76.1011
-76.1022
-76.1035
-76.105
-76.1067
-76.1085
-76.1105
-76.1125
-76.1147
-76.1169
-76.1191
-76.1215
-76.1238
-76.1182
-76.1084
-76.1008
-76.0951
-76.091
-76.0881
-76.0861
-76.0848
-76.0841
-76.084
-76.0842
-76.0848
-76.0858
-76.0869
-76.0883
-76.0899
-76.0916
-76.0935
-76.0955
-76.0976
-76.0998
-76.1021
-76.1044
-76.1068
-76.1093
-76.1118
-76.1143
-76.1169
-76.1194
-76.122
-76.1247
-76.1273
-76.1299
-76.1326
-76.1352
-76.1379
-76.1405
-76.1431
-76.1458
-76.1484
-76.151
-76.1536
-76.1562
-76.1588
-76.1614
-76.1639
-76.1665
-76.169
-76.1715
-76.174
-76.1765
-76.179
-76.1814
-76.1838
-76.1863
-76.1887
-76.1911
-76.1934
-76.1958
-76.1981
-76.2004
-76.2027
-76.205
-76.2073
-76.2095
-76.2118
-76.214
-76.2162
-76.2184
-76.2205
-76.2227
-76.2248
-76.2269
-76.229
-76.2311
-76.2332
-76.2352
-76.2373
-76.2393
-76.2413
-76.2433
-76.2453
-76.2473
-76.2492
-76.2511
-76.253
-76.2549
-76.2568
-76.2587
-76.2606
-76.2624
-76.2642
-76.2661
-76.2679
-76.2697
-76.2714
-76.2732
-76.2749
-76.2767
-76.2784
-76.2801
-76.2818
-76.2835
-76.2851
-76.2868
-76.2884
-76.2901
-76.2917
-76.2933
-76.2949
-76.2965
-76.2981
-76.2996
-76.3012
-76.3027
-76.3042
-76.3057
-76.3072
-76.3087
-76.3102
-76.3116
-76.3131
-76.3145
-76.316
-76.3174
-76.3188
-76.3202
-76.3216
-76.323
-76.3243
-76.3257
-76.327
-76.3284
-76.3297
-76.331
-76.3323
-76.3336
-76.3349
-76.3362
-76.3374
-76.3387
-76.3399
-76.3412
-76.3424
-76.3436
-76.3448
-76.346
-76.3472
-76.3484
-76.3496
-76.3507
-76.3519
-76.353
-76.3542
-76.3553
-76.3564
-76.3575
-76.3586
-76.3597
-76.3608
-76.3619
-76.363
-76.364
-76.3651
-76.3661
-76.3672
-76.3682

