-70
-70.0758
-70.1508
-70.225
-70.2983
-70.3706
-70.4419
-70.5122
-70.5814
-70.6496
-70.7168
-70.7829
-70.848
-70.9121
-70.9752
-71.0373
-71.0984
-71.1586
-71.2178
-71.2761
-71.3334
-71.3899
-71.4455
-71.5003
-71.5543
-71.6074
-71.6598
-71.7114
-71.7623
-71.8124
-71.8619
-71.9106
-71.9587
-72.006
-72.0527
-72.0988
-72.1442
-72.1889
-72.2331
-72.2766
-72.3196
-72.362
-72.4038
-72.445
-72.4857
-72.5258
-72.5654
-72.6045
-72.6431
-72.6812
-72.7188
-72.756
-72.7927
-72.8289
-72.8647
-72.9
-72.9349
-72.9694
-73.0035
-73.0371
-73.0704
-73.1032
-73.1357
-73.1678
-73.1994
-73.2307
-73.2617
-73.2922
-73.3224
-73.3523
-73.3817
-73.4109
-73.4397
-73.4682
-73.4963
-73.5241
-73.5516
-73.5788
-73.6057
-73.6323
-73.6585
-73.6845
-73.7102
-73.7356
-73.7608
-73.7857
-73.8103
-73.8346
-73.8587
-73.8825
-73.9061
-73.9294
-73.9524
-73.9753
-73.9979
-74.0202
-74.0423
-74.0642
-74.0859
-74.1073
-74.1285
-74.1495
-74.1703
-74.1909
-74.2112
-74.2313
-74.2513
-74.271
-74.2905
-74.3098
-74.329
-74.3479
-74.3666
-74.3852
-74.4036
-74.4217
-74.4397
-74.4575
-74.4752
-74.4926
-74.5099
-74.527
-74.544
-74.5607
-74.5774
-74.5938
-74.6101
-74.6262
-74.6422
-74.658
-74.6736
-74.6891
-74.7045
-74.7197
-74.7347
-74.7496
-74.7644
-74.779
-74.7935
-74.8079
-74.8221
-74.8362
-74.8501
-74.864
-74.8777
-74.8913
-74.9047
-74.918
-74.9313
-74.9443
-74.9573
-74.9701
-74.9829
-74.9955
-75.008
-75.0204
-75.0327
-75.0448
-75.0569
-75.0688
-75.0806
-75.0924
-75.104
-75.1155
-75.1269
-75.1382
-75.1495
-75.1606
-75.1716
-75.1825
-75.1933
-75.204
-75.2147
-75.2252
-75.2356
-75.246
-75.2562
-75.2664
-75.2764
-75.2864
-75.2963
-75.3061
-75.3158
-75.3255
-75.335
-75.3445
-75.3538
-75.3631
-75.3724
-75.3815
-75.3906
-75.3995
-75.4084
-75.4172
-75.426
-75.4346
-75.4432
-75.4518
-75.4602
-75.4686
-75.4769
-75.4851
-75.4932
-75.5013
-75.5093
-75.5173
-75.5251
-75.533
-75.5407
-75.5484
-75.556
-75.5635
-75.571
-75.5784
-75.5858
-75.593
-75.6003
-75.6074
-75.6145
-75.6216
-75.6285
-75.6355
-75.6423
-75.6491
-75.6559
-75.6626
-75.6692
-75.6758
-75.6823
-75.6888
-75.6952
-75.7015
-75.7078
-75.7141
-75.7203
-75.7264
-75.7325
-75.7386
-75.7446
-75.7505
-75.7564
-75.7622
-75.768
-75.7738
-75.7795
-75.7851
-75.7907
-75.7963
-75.8018
-75.8072
-75.8127
-75.818
-75.8234
-75.8287
-75.8339
-75.8391
-75.8443
-75.8494
-75.8545
-75.8595
-75.8645
-75.8695
-75.8744
-75.8793
-75.8841
-75.8889
-75.8937
-75.8984
-75.9031
-75.9077
-75.9123
-75.9169
-75.9214
-75.9259
-75.9304
-75.9348
-75.9392
-75.9436
-75.9479
-75.9522
-75.9565
-75.9607
-75.9649
-75.969
-75.9731
-75.9772
-75.9813
-75.9853
-75.9893
-75.9933
-75.9972
-76.0011
-76.005
-76.0088
-76.0126
-76.0164
-76.0201
-76.0239
-76.0275
-76.0312
-76.0348
-76.0384
-76.042
-76.0456
-76.0491
-76.0526
-76.056
-76.0595
-76.0629
-76.0663
-76.0696
-76.0729
-76.0762
-76.0795
-76.0828
-76.086
-76.0892
-76.0924
-76.0955
-76.0986
-76.1017
-76.1048
-76.1079
-76.1109
-76.1139
-76.1169
-76.1198
-76.1228
-76.1257
-76.1286
-76.1314
-76.1343
-76.1371
-76.1399
-76.1427
-76.1455
-76.1482
-76.1509
-76.1536
-76.1563
-76.1589
-76.1615
-76.1642
-76.1667
-76.1693
-76.1719
-76.1744
-76.1769
-76.1794
-76.1819
-76.1843
-76.1868
-76.1892
-76.1916
-76.1939
-76.1963
-76.1986
-76.201
-76.2033
-76.2056
-76.2078
-76.2101
-76.2123
-76.2145
-76.2167
-76.2189
-76.2211
-76.2232
-76.2254
-76.2275
-76.2296
-76.2317
-76.2337
-76.2358
-76.2378
-76.2398
-76.2418
-76.2438
-76.2458
-76.2478
-76.2497
-76.2516
-76.2536
-76.2554
-76.2573
-76.2592
-76.2611
-76.2629
-76.2647
-76.2665
-76.2683
-76.2701
-76.2719
-76.2737
-76.2754
-76.2771
-76.2788
-76.2806
-76.2822
-76.2839
-76.2856
-76.2872
-76.2889
-76.2905
-76.2921
-76.2937
-76.2953
-76.2969
-76.2985
-76.3
-76.3016
-76.3031
-76.3046
-76.3061
-76.3076
-76.3091
-76.3106
-76.312
-76.3135
-76.3149
-76.3164
-76.3178
-76.3192
-76.3206
-76.322
-76.3233
-76.3247
-76.3261
-76.3274
-76.3287
-76.33
-76.3314
-76.3327
-76.334
-76.3352
-76.3365
-76.3378
-76.339
-76.3403
-76.3415
-76.3427
-76.3439
-76.3452
-76.3464
-76.3475
-76.3487
-76.3499
-76.351
-76.3522
-76.3533
-76.3545
-76.3556
-76.3567
-76.3578
-76.3589
-76.36
-76.3611
-76.3622
-76.3632
-76.3643
-76.3654
-76.3664
-76.3674
-76.3685
-76.3695
-76.3705
-76.3715
-76.3725
-76.3735
-76.3745
-76.3754
-76.3764
-76.3774
-76.3783
-76.3793
-76.3802
-76.3811
-76.382
-76.383
-76.3839
-76.3848
-74.8282
-70.5201
-67.0513
-64.4239
-62.3561
-60.6007
-58.8768
-56.6354
-50.5571
33.4334
-16.2327
-51.469
-79.4443
-79.7444
-79.7174
-79.6815
-79.6415
-79.5976
-79.5496
-79.4977
-79.442
-79.3828
-79.3206
-79.2558
-79.1891
-79.1212
-78.1525
-70.2737
-64.6313
-61.12
-58.4697
-55.3619
-37.5466
12.189
-26.0967
-71.5791
-78.3304
-77.6232
-76.2571
-75.2125
-74.6634
-74.1649
-73.6545
-73.1305
-71.685
-69.7706
-67.5904
-64.5993
-62.2069
-60.7518
-59.692
-58.7624
-57.8066
-56.6349
-54.748
-48.4284
25.9297
-21.3029
-60.751
-78.9385
-79.0588
-78.9502
-78.8322
-77.0602
-76.0272
-73.698
-72.1426
-71.3139
-70.7088
-70.5427
-68.7921
-67.5158
-67.2139
-66.9779
-66.7614
-66.5651
-66.3892
-66.2332
-66.0963
-65.9781
-65.878
-65.7952
-65.7291
-65.6788
-65.6438
-65.6231
-65.616
-65.6217
-65.6394
-64.9848
-62.4762
-60.3878
-58.6478
-56.8349
-53.9542
-28.4989
3.46962
-31.2828
-74.9539
-77.8319
-77.0807
-76.7104
-76.3619
-75.9943
-75.6074
-75.2035
-74.786
-74.3586
-73.9254
-72.3108
-69.2106
-65.2553
-60.9636
-57.9627
-55.1647
-46.9091
21.1585
-22.5517
-63.8821
-77.9506
-77.6571
-75.7228
-74.923
-74.4142
-73.9081
-73.3872
-72.8535
-72.3117
-71.7668
-71.4684
-71.6509
-72.1237
-72.2809
-72.2419
-72.1333
-72.0028
-71.8698
-71.7424
-71.6243
-71.8199
-72.3557
-72.7257
-72.942
-73.1189
-73.432
-73.6509
-73.7898
-73.8815
-73.9445
-73.9896
-74.0232
-74.0493
-74.0705
-74.0885
-74.1044
-74.119
-74.1328
-74.1462
-74.1594
-74.1725
-74.1857
-74.1991
-74.2126
-74.2264
-74.2405
-74.2548
-74.2693
-74.284
-74.4288
-74.6064
-74.7476
-74.8598
-74.9502
-75.0243
-75.0856
-75.1371
-75.1808
-75.2183
-75.2508
-75.2792
-75.3044
-75.3268
-75.3469
-75.3652
-75.3818
-75.3972
-75.4114
-75.4247
-75.4372
-75.449
-75.4602
-75.4709
-75.4811
-75.491
-75.5005
-75.5097
-75.5187
-75.5274
-75.5359
-75.5443
-75.5524
-75.5604
-75.5683
-75.5761
-75.5837
-72.7984
-68.1825
-60.1471
-53.0164
43.3194
-8.88454
-39.6183
-77.9411
-78.5479
-78.3819
-78.1913
-77.9837
-77.2187
-73.1039
-70.5214
-69.3968
-68.6236
-67.9406
-67.2957
-66.6785
-66.0886
-64.76
-60.645
-57.0364
-53.2531
12.6592
-2.50987
-34.2716
-76.2152
-78.4148
-76.7379
-75.0219
-74.1196
-73.6234
-73.1352
-72.7168
-72.3386
-71.9004
-71.4481
-68.9584
-65.7246
-63.9905
-62.9058
-60.7491
-59.0618
-57.7339
-58.385
-60.254
-61.53
-62.2841
-62.7287
-62.9982
-63.1687
-63.2826
-63.3651
-63.542
-64.6467
-65.5815
-66.2412
-66.7197
-67.0773
-67.3527
-67.5715
-67.7503
-67.9008
-68.031
-68.1465
-67.1405
-64.2363
-61.9731
-60.2569
-58.8038
-57.3371
-55.3563
-50.2229
34.7559
-17.7406
-53.2607
-79.1315
-78.4774
-77.9169
-77.6494
-77.3906
-77.1169
-74.0651
-70.4262
-68.8219
-67.8743
-67.1312
-66.4743
-65.8684
-64.9312
-62.5765
-60.7805
-58.7998
-54.995
-44.0588
14.5808
-25.4505
-68.5985
-78.2442
-78.0973
-76.8877
-76.3211
-75.3516
-72.3993
-70.9337
-70.1106
-69.475
-69.2256
-69.2776
-69.6588
-69.9786
-70.1246
-70.0697
-69.9393
-69.7863
-69.6321
-69.4857
-69.3514
-69.2308
-69.1247
-69.0329
-68.9552
-68.8911
-69.1217
-69.678
-70.1062
-70.6444
-71.3223
-71.8137
-72.1647
-72.4225
-72.617
-72.7673
-72.8862
-72.9823
-73.0618
-73.1287
-73.1862
-73.2365
-73.2813
-73.3218
-73.3589
-73.3934
-73.4257
-73.4564
-73.4858
-73.514
-73.5414
-73.5681
-73.5942
-73.6198
-73.645
-73.6698
-73.6943
-73.7185
-73.7425
-73.7663
-73.7899
-73.8133
-73.8365
-73.8595
-73.8824
-73.905
-73.9275
-73.9498
-73.972
-73.994
-74.0158
-74.0374
-74.0588
-74.0801
-74.1012
-74.1221
-74.1428
-74.1634
-74.1837
-74.2039
-74.2239
-74.2437
-74.2633
-74.2828
-74.302
-74.3211
-74.34
-74.3587
-74.3773
-74.3956
-70.6628
-63.8474
-58.9094
-53.8311
46.2776
-4.62874
-35.8343
-77.8379
-79.1284
-79.0374
-77.5476
-76.8541
-76.48
-76.1207
-75.7474
-75.3596
-74.9598
-74.5517
-73.8004
-68.2189
-64.384
-62.2305
-60.3586
-57.7009
-54.6959
-40.4866
11.4825
-26.6694
-70.9895
-77.4251
-77.2009
-76.1147
-75.3658
-74.8776
-74.4008
-73.9098
-73.4055
-70.2144
-67.4542
-65.9991
-63.8902
-62.1159
-60.9437
-60.0367
-59.2303
-58.425
-57.0349
-55.1138
-53.1743
-39.3737
7.46525
-28.7528
-72.6808
-77.9401
-77.7989
-77.564
-76.8931
-75.3664
-74.6227
-74.1347
-73.7913
-73.5568
-73.2718
-72.9568
-72.6401
-72.3325
-72.0389
-71.762
-71.5034
-71.2641
-71.0447
-70.8453
-70.6659
-70.5059
-70.3649
-70.242
-70.1364
-70.0471
-69.9733
-69.9137
-69.8675
-69.8335
-69.8107
-69.7982
-69.795
-69.8001
-69.8128
-69.8323
-69.8577
-69.8885
-69.9239
-69.9635
-70.0066
-70.0528
-70.1017
-70.1528
-70.2058
-67.6137
-64.4129
-61.9468
-59.9287
-57.9767
-55.3051
-43.9942
16.0463
-24.9483
-69.0722
-77.6832
-77.4997
-77.2197
-76.9161
-75.422
-74.1333
-73.4466
-72.8768
-71.7275
-68.1253
-65.7119
-64.3766
-63.4614
-61.7749
-59.9739
-58.5847
-57.2563
-55.3639

