-70
-69.8623
-69.7285
-69.5983
-69.4718
-69.3487
-69.2291
-69.1128
-68.9997
-68.8897
-68.7828
-68.6789
-68.5778
-68.4795
-68.3839
-68.291
-68.2007
-68.1128
-68.0274
-67.9443
-67.8636
-67.7851
-67.7087
-67.6345
-67.5623
-67.4921
-67.4238
-67.3574
-67.2929
-67.2301
-67.1691
-67.1098
-67.0521
-66.996
-66.9414
-66.8884
-66.8368
-66.7866
-66.7378
-66.6904
-66.6443
-66.5994
-66.5558
-66.5133
-66.4721
-66.432
-66.393
-66.355
-66.3181
-66.2823
-66.2474
-66.2134
-66.1805
-66.1484
-66.1172
-66.0868
-66.0573
-66.0286
-66.0007
-65.9736
-65.9472
-65.9215
-65.8966
-65.8723
-65.8487
-65.8257
-65.8034
-65.7817
-65.7606
-65.74
-65.72
-65.7006
-65.6817
-65.6633
-65.6455
-65.6281
-65.6112
-65.5948
-65.5788
-65.5632
-65.5481
-65.5334
-65.5191
-65.5052
-65.4917
-65.4785
-65.4657
-65.4533
-65.4412
-65.4294
-65.418
-65.4068
-65.396
-65.3855
-65.3752
-65.3653
-65.3556
-65.3462
-65.337
-65.3281
-65.3194
-65.311
-65.3028
-65.2948
-65.2871
-65.2795
-65.2722
-65.2651
-65.2581
-65.2514
-65.2448
-65.2385
-65.2322
-65.2262
-65.2203
-65.2146
-65.2091
-65.2037
-65.1984
-65.1933
-65.1884
-65.1835
-65.1788
-65.1743
-65.1698
-65.1655
-65.1613
-65.1572
-65.1532
-65.1493
-65.1456
-65.1419
-65.1384
-65.1349
-65.1315
-65.1283
-65.1251
-65.122
-65.119
-65.1161
-65.1132
-65.1104
-65.1077
-65.1051
-65.1026
-65.1001
-65.0977
-65.0953
-65.0931
-65.0908
-65.0887
-65.0866
-65.0845
-65.0826
-65.0806
-65.0788
-65.0769
-65.0752
-65.0734
-65.0718
-65.0701
-65.0685
-65.067
-65.0655
-65.064
-65.0626
-65.0612
-65.0599
-65.0586
-65.0573
-65.0561
-65.0549
-65.0537
-65.0526
-65.0514
-65.0504
-65.0493
-65.0483
-65.0473
-65.0464
-65.0454
-65.0445
-65.0436
-65.0428
-65.0419
-65.0411
-65.0403
-65.0395
-65.0388
-65.0381
-65.0374
-65.0367
-65.036
-65.0353
-65.0347
-65.0341
-65.0335
-65.0329
-65.0323
-65.0318
-65.0313
-65.0307
-65.0302
-65.0297
-65.0293
-65.0288
-65.0283
-65.0279
-65.0275
-65.027
-65.0266
-65.0262
-65.0259
-65.0255
-65.0251
-65.0248
-65.0244
-65.0241
-65.0238
-65.0234
-65.0231
-65.0228
-65.0225
-65.0223
-65.022
-65.0217
-65.0215
-65.0212
-65.021
-65.0207
-65.0205
-65.0203
-65.02
-65.0198
-65.0196
-65.0194
-65.0192
-65.019
-65.0188
-65.0187
-65.0185
-65.0183
-65.0181
-65.018
-65.0178
-65.0177
-65.0175
-65.0174
-65.0172
-65.0171
-65.017
-65.0168
-65.0167
-65.0166
-65.0165
-65.0163
-65.0162
-65.0161
-65.016
-65.0159
-65.0158
-65.0157
-65.0156
-65.0155
-65.0154
-65.0153
-65.0153
-65.0152
-65.0151
-65.015
-65.0149
-65.0149
-65.0148
-65.0147
-65.0147
-65.0146
-65.0145
-65.0145
-65.0144
-65.0143
-65.0143
-65.0142
-65.0142
-65.0141
-65.0141
-65.014
-65.014
-65.0139
-65.0139
-65.0138
-65.0138
-65.0137
-65.0137
-65.0137
-65.0136
-65.0136
-65.0135
-65.0135
-65.0135
-65.0134
-65.0134
-65.0134
-65.0133
-65.0133
-65.0133
-65.0133
-65.0132
-65.0132
-65.0132
-65.0131
-65.0131
-65.0131
-65.0131
-65.0131
-65.013
-65.013
-65.013
-65.013
-65.0129
-65.0129
-65.0129
-65.0129
-65.0129
-65.0129
-65.0128
-65.0128
-65.0128
-65.0128
-65.0128
-65.0128
-65.0127
-65.0127
-65.0127
-65.0127
-65.0127
-65.0127
-65.0127
-65.0127
-65.0126
-65.0126
-65.0126
-65.0126
-65.0126
-65.0126
-65.0126
-65.0126
-65.0126
-65.0126
-65.0125
-65.0125
-65.0125
-65.0125
-65.0125
-65.0125
-65.0125
-65.0125
-65.0125
-65.0125
-65.0125
-65.0125
-65.0125
-65.0124
-65.0124
-65.0124
-65.0124
-65.0124
-65.0124
-65.0124
-65.0124
-65.0124
-65.0124
-65.0124
-65.0124
-65.0124
-65.0124
-65.0124
-65.0124
-65.0124
-65.0124
-65.0124
-65.0124
-65.0124
-65.0124
-65.0124
-65.0123
-65.0123
-65.0123
-65.0123
-65.0123
-65.0123
-65.0123
-65.0123
-65.0123
-65.0123
-65.0123
-65.0123
-65.0123
-65.0123
-65.0123
-65.0123
-65.0123
-65.0123
-65.0123
-65.0123
-65.0123
-65.0123
-65.0123
-65.0123
-65.0123
-65.0123
-65.0123
-65.0123
-65.0123
-65.0123
-65.0123
-65.0123
-65.0123
-65.0123
-65.0123
-65.0123
-65.0123
-65.0123
-65.0123
-65.0123
-65.0123
-65.0123
-65.0123
-65.0123
-65.0123
-65.0123
-65.0123
-65.0123
-65.0123
-65.0123
-65.0123
-65.0123
-65.0123
-65.0123
-65.0123
-65.0123
-65.0123
-65.0123
-65.0123
-65.0123
-65.0123
-65.0123
-65.0123
-65.0123
-65.0123
-65.0123
-65.0123
-65.0123
-65.0123
-65.0123
-65.0123
-65.0123
-65.0123
-65.0123
-64.8888
-64.7871
-64.7113
-64.6572
-64.6152
-64.5815
-64.5545
-64.5329
-64.5159
-64.5027
-64.4927
-64.4856
-64.4808
-64.478
-64.477
-64.4776
-64.4793
-64.4822
-64.4861
-64.4907
-64.496
-64.5019
-64.5083
-64.5151
-64.5223
-64.5297
-64.5373
-64.5451
-64.553
-64.5611
-64.5691
-64.5773
-64.5854
-64.5935
-64.4974
-64.2541
-64.0922
-63.972
-63.8864
-63.82
-63.7681
-63.7279
-63.6973
-63.6749
-63.6593
-63.6495
-63.6447
-63.644
-63.647
-63.653
-63.6616
-63.6724
-63.6851
-63.6994
-63.6744
-63.5441
-62.8395
-62.2772
-61.7244
-61.2329
-60.7898
-59.4733
-58.4345
-57.4376
-56.5996
-55.8764
-55.336
-54.9198
-54.4769
-54.0346
-53.6424
-53.2577
-52.9754
-52.6316
-52.3504
-52.1438
-51.9965
-51.8929
-51.7954
-51.7263
-51.6762
-51.6327
-51.5825
-51.514
-51.4578
-51.337
-51.272
-51.2455
-51.2529
-51.2839
-51.3141
-51.3432
-51.3566
-51.3515
-51.3154
-51.3095
-51.3385
-51.3946
-51.4707
-51.5631
-51.6517
-51.621
-51.6199
-51.6564
-51.6972
-51.7463
-51.8216
-51.9167
-52.0208
-52.0534
-52.0718
-52.1292
-52.214
-52.3195
-52.4323
-52.5169
-52.626
-52.7504
-52.8884
-53.036
-53.1504
-53.2313
-53.3373
-53.4622
-53.6014
-53.743
-53.8143
-53.835
-53.7357
-53.5838
-53.4035
-53.3092
-53.2197
-53.0349
-52.7966
-52.4593
-52.1445
-51.7239
-51.2705
-50.7462
-50.1051
-49.4457
-48.8067
-48.2585
-47.7405
-47.1918
-46.6006
-45.9471
-45.1493
-43.9975
-42.099
-37.3007
25.2476
17.3038
-23.3006
-49.8903
-58.793
-61.1162
-61.7872
-61.9693
-61.9403
-61.8396
-61.7301
-61.6294
-61.5433
-61.4723
-61.4159
-61.3728
-61.3417
-61.321
-61.3094
-61.3057
-61.309
-61.3182
-61.3326
-61.3516
-61.3745
-61.4007
-61.4298
-61.4613
-61.495
-61.5304
-61.5673
-61.6055
-61.6446
-61.6846
-61.7252
-61.7662
-61.8076
-61.8492
-61.8909
-61.9325
-61.9741
-62.0156
-62.0567
-62.0976
-62.1382
-62.1784
-62.2181
-62.2573
-62.2961
-62.3344
-62.3721
-62.4092
-62.4458
-62.4818
-62.5172
-62.552
-62.5862
-62.6197
-62.6527
-62.6851
-62.7169
-62.7481
-62.7787
-62.8087
-62.8381
-62.8669
-62.8952
-62.9229
-62.95
-62.9766
-63.0027
-63.0282
-63.0099
-62.811
-62.6849
-62.5948
-62.5362
-62.4943
-62.4648
-62.4451
-62.4335
-62.413
-62.3346
-61.9872
-61.5496
-61.0776
-60.6892
-60.2758
-59.5199
-58.2512
-57.3652
-56.4833
-55.764
-55.2248
-54.6868
-54.2661
-53.7684
-53.3627
-53.0477
-52.8159
-52.6449
-52.4943
-52.3412
-52.2418
-52.1814
-52.1295
-52.1037
-52.0704
-52.0181
-51.9093
-51.8366
-51.7805
-51.7069
-51.6757
-51.6791
-51.7121
-51.7672
-51.8176
-51.7405
-51.5954
-51.4407
-51.3164
-51.2193
-51.1752
-51.1359
-51.0924
-51.0274
-50.9464
-50.8799
-50.8446
-50.8093
-50.806
-50.8156
-50.7876
-50.7943
-50.7939
-50.8265
-50.8828
-50.96
-51.0539
-51.1625
-51.2845
-51.4186
-51.5384
-51.6632
-51.8034
-51.9562
-52.119
-52.2517
-52.4004
-52.561
-52.686
-52.7406
-52.7751
-52.7472
-52.7587
-52.7796
-52.8016
-52.8505
-52.8967
-52.898
-52.8563
-52.8495
-52.8849
-52.8851
-52.8589
-52.7275
-52.4735
-52.1888
-51.8241
-51.4453
-50.9216
-50.4105
-49.8593
-49.3783
-48.9179
-48.4675
-48.0719
-47.6981
-47.3226
-46.869
-46.3456
-45.6463
-44.7627
-43.4566
-40.977
-31.9523
41.9492
-1.62756
-36.1626
-56.3982
-61.8007
-63.2634
-63.6076
-63.609
-63.4714
-63.2945
-63.1292
-62.9825
-62.8563
-62.7491
-62.6589
-62.5841
-62.5227
-62.473
-62.4335
-62.403
-62.3804
-62.3645
-62.3546
-62.3499
-62.3497
-62.3535
-62.3608
-62.3711
-62.3841
-62.3994
-62.4166
-62.4356
-62.4561
-62.4778
-62.5006
-62.5243
-62.5488
-62.5739
-62.5995
-62.6255
-62.6518
-62.6783
-62.705
-62.7317
-62.7584
-62.785
-62.8116
-62.838
-62.8642
-62.8902
-62.916
-62.9415
-62.9667
-62.9916
-63.0162
-63.0404
-63.0643
-63.0879
-63.1111
-63.1339
-63.1564
-63.1784
-63.2002
-63.2215
-63.2425
-63.2631
-63.2833
-63.3031
-63.3226
-63.3418
-63.3606
-63.379
-63.3971
-63.4148
-63.4322
-63.4493
-63.4661
-63.4825
-63.4986
-63.5145
-63.53
-63.5452
-63.5601
-63.5748
-63.5891
-63.5835
-63.5499
-63.5278
-63.3936
-63.0791
-62.3937
-61.9307
-61.5865
-61.3376
-61.1436
-60.9911
-60.7979
-60.5151
-60.2425
-59.7896
-59.4127
-59.141
-58.7909
-57.7431
-56.6872
-55.9286
-55.3845
-54.9817
-54.6335
-54.3593
-53.9707
-53.657
-53.3846
-53.1282
-52.9268
-52.7876
-52.697
-52.6446
-52.6231
-52.5911
-52.3254
-52.0984
-51.8819
-51.6877
-51.5562
-51.4762
-51.4343
-51.375
-51.3258
-51.2816
-51.2768
-51.3007
-51.2493
-51.0959
-50.9456
-50.8174
-50.7501
-50.7223
-50.7163
-50.7082
-50.7303
-50.7355
-50.7508
-50.7718
-50.8227
-50.8949
-50.9582
-50.9575
-50.9889
-51.0498
-51.1359
-51.2397
-51.3584
-51.4902
-51.6337
-51.7872
-51.9496
-52.1198
-52.297
-52.4802
-52.6689
-52.8621
-53.0586
-53.2548
-53.4092
-53.5789
-53.7568
-53.8945
-53.9889
-54.0702
-54.1817
-54.3119
-54.4551
-54.6064
-54.7285
-54.8494
-54.9845
-55.1061
-55.2247
-55.3411
-55.4436
-55.5643
-55.695
-55.8235
-55.8098
-55.711
-55.6395
-55.3723
-55.0373
-54.539
-54.117
-53.6638
-53.1651
-52.6694
-52.189
-51.602
-51.0574
-50.6386
-50.2876
-49.9791
-49.7301
-49.4932
-49.2255

