-70
-70.0758
-70.1508
-70.225
-70.2983
-70.3706
-70.4419
-70.5122
-70.5814
-70.6496
-70.7168
-70.7829
-70.848
-70.9121
-70.9752
-71.0373
-71.0984
-71.1586
-71.2178
-71.2761
-71.3334
-71.3899
-71.4455
-71.5003
-71.5543
-71.6074
-71.6598
-71.7114
-71.7623
-71.8124
-71.8619
-71.9106
-71.9587
-72.006
-72.0527
-72.0988
-72.1442
-72.1889
-72.2331
-72.2766
-72.3196
-72.362
-72.4038
-72.445
-72.4857
-72.5258
-72.5654
-72.6045
-72.6431
-72.6812
-72.7188
-72.756
-72.7927
-72.8289
-72.8647
-72.9
-72.9349
-72.9694
-73.0035
-73.0371
-73.0704
-73.1032
-73.1357
-73.1678
-73.1994
-73.2307
-73.2617
-73.2922
-73.3224
-73.3523
-73.3817
-73.4109
-73.4397
-73.4682
-73.4963
-73.5241
-73.5516
-73.5788
-73.6057
-73.6323
-73.6585
-73.6845
-73.7102
-73.7356
-73.7608
-73.7857
-73.8103
-73.8346
-73.8587
-73.8825
-73.9061
-73.9294
-73.9524
-73.9753
-73.9979
-74.0202
-74.0423
-74.0642
-74.0859
-74.1073
-74.1285
-74.1495
-74.1703
-74.1909
-74.2112
-74.2313
-74.2513
-74.271
-74.2905
-74.3098
-74.329
-74.3479
-74.3666
-74.3852
-74.4036
-74.4217
-74.4397
-74.4575
-74.4752
-74.4926
-74.5099
-74.527
-74.544
-74.5607
-74.5774
-74.5938
-74.6101
-74.6262
-74.6422
-74.658
-74.6736
-74.6891
-74.7045
-74.7197
-74.7347
-74.7496
-74.7644
-74.779
-74.7935
-74.8079
-74.8221
-74.8362
-74.8501
-74.864
-74.8777
-74.8913
-74.9047
-74.918
-74.9313
-74.9443
-74.9573
-74.9701
-74.9829
-74.9955
-75.008
-75.0204
-75.0327
-75.0448
-75.0569
-75.0688
-75.0806
-75.0924
-75.104
-75.1155
-75.1269
-75.1382
-75.1495
-75.1606
-75.1716
-75.1825
-75.1933
-75.204
-75.2147
-75.2252
-75.2356
-75.246
-75.2562
-75.2664
-75.2764
-75.2864
-75.2963
-75.3061
-75.3158
-75.3255
-75.335
-75.3445
-75.3538
-75.3631
-75.3724
-75.3815
-75.3906
-75.3995
-75.4084
-75.4172
-75.426
-75.4346
-75.4432
-75.4518
-75.4602
-75.4686
-75.4769
-75.4851
-75.4932
-75.5013
-75.5093
-75.5173
-75.5251
-75.533
-75.5407
-75.5484
-75.556
-75.5635
-75.571
-75.5784
-75.5858
-75.593
-75.6003
-75.6074
-75.6145
-75.6216
-75.6285
-75.6355
-75.6423
-75.6491
-75.6559
-75.6626
-75.6692
-75.6758
-75.6823
-75.6888
-75.6952
-75.7015
-75.7078
-75.7141
-75.7203
-75.7264
-75.7325
-75.7386
-75.7446
-75.7505
-75.7564
-75.7622
-75.768
-75.7738
-75.7795
-75.7851
-75.7907
-75.7963
-75.8018
-75.8072
-75.8127
-75.818
-75.8234
-75.8287
-75.8339
-75.8391
-75.8443
-75.8494
-75.8545
-75.8595
-75.8645
-75.8695
-75.8744
-75.8793
-75.8841
-75.8889
-75.8937
-75.8984
-75.9031
-75.9077
-75.9123
-75.9169
-75.9214
-75.9259
-75.9304
-75.9348
-75.9392
-75.9436
-75.9479
-75.9522
-75.9565
-75.9607
-75.9649
-75.969
-75.9731
-75.9772
-75.9813
-75.9853
-75.9893
-75.9933
-75.9972
-76.0011
-76.005
-76.0088
-76.0126
-76.0164
-76.0201
-76.0239
-76.0275
-76.0312
-76.0348
-76.0384
-76.042
-76.0456
-76.0491
-76.0526
-76.056
-76.0595
-76.0629
-76.0663
-76.0696
-76.0729
-76.0762
-76.0795
-76.0828
-76.086
-76.0892
-76.0924
-76.0955
-76.0986
-76.1017
-76.1048
-76.1079
-76.1109
-76.1139
-76.1169
-76.1198
-76.1228
-76.1257
-76.1286
-76.1314
-76.1343
-76.1371
-76.1399
-76.1427
-76.1455
-76.1482
-76.1509
-76.1536
-76.1563
-76.1589
-76.1615
-76.1642
-76.1667
-76.1693
-76.1719
-76.1744
-76.1769
-76.1794
-76.1819
-76.1843
-76.1868
-76.1892
-76.1916
-76.1939
-76.1963
-76.1986
-76.201
-76.2033
-76.2056
-76.2078
-76.2101
-76.2123
-76.2145
-76.2167
-76.2189
-76.2211
-76.2232
-76.2254
-76.2275
-76.2296
-76.2317
-76.2337
-76.2358
-76.2378
-76.2398
-76.2418
-76.2438
-76.2458
-76.2478
-76.2497
-76.2516
-76.2536
-76.2554
-76.2573
-76.2592
-76.2611
-76.2629
-76.2647
-76.2665
-76.2683
-76.2701
-76.2719
-76.2737
-76.2754
-76.2771
-76.2788
-76.2806
-76.2822
-76.2839
-76.2856
-76.2872
-76.2889
-76.2905
-76.2921
-76.2937
-76.2953
-76.2969
-76.2985
-76.3
-76.3016
-76.3031
-76.3046
-76.3061
-76.3076
-76.3091
-76.3106
-76.312
-76.3135
-76.3149
-76.3164
-76.3178
-76.3192
-76.3206
-76.322
-76.3233
-76.3247
-76.3261
-76.3274
-76.3287
-76.33
-76.3314
-76.3327
-76.334
-76.3352
-76.3365
-76.3378
-76.339
-76.3403
-76.3415
-76.3427
-76.3439
-76.3452
-76.3464
-76.3475
-76.3487
-76.3499
-76.351
-76.3522
-76.3533
-76.3545
-76.3556
-76.3567
-76.3578
-76.3589
-76.36
-76.3611
-76.3622
-76.3632
-76.3643
-76.3654
-76.3664
-76.3674
-76.3685
-76.3695
-76.3705
-76.3715
-76.3725
-76.3735
-76.3745
-76.3754
-76.3764
-76.3774
-76.3783
-76.3793
-76.3802
-76.3811
-76.382
-76.383
-76.3839
-76.3848
-76.3857
-76.3866
-76.3874
-76.3883
-76.3892
-76.39
-76.3909
-76.3917
-76.3926
-76.3934
-76.3943
-76.3951
-76.3959
-76.3967
-76.3975
-76.3983
-76.3991
-76.3999
-76.4007
-76.4014
-76.4022
-76.403
-76.4037
-76.4045
-76.4052
-76.406
-76.4067
-76.4074
-76.4082
-76.4089
-76.4096
-76.4103
-76.411
-76.4117
-76.4124
-76.4131
-76.4137
-76.4144
-76.4151
-76.4158
-76.4164
-76.4171
-76.4177
-76.4184
-76.419
-76.4196
-76.4203
-76.4209
-76.4215
-76.4221
-76.4227
-76.4234
-76.424
-76.4246
-76.4251
-76.4257
-76.4263
-76.3987
-76.3332
-76.2699
-76.2245
-76.1919
-76.155
-76.124
-76.1028
-76.088
-76.0776
-76.0703
-76.0651
-76.0615
-76.0591
-76.0576
-76.0568
-76.0566
-76.0568
-76.0574
-76.0584
-76.0596
-76.061
-76.0626
-76.0644
-76.0663
-76.0684
-76.0705
-76.0728
-76.0751
-76.0776
-76.0801
-76.0826
-76.0852
-76.0878
-76.0905
-76.0932
-76.0959
-76.0987
-76.1014
-76.1042
-76.107
-76.1098
-76.1126
-76.1154
-76.1181
-76.1209
-76.1237
-76.1265
-76.1293
-76.132
-76.1348
-76.1375
-76.1402
-76.1429
-76.1456
-76.1483
-76.151
-76.1536
-76.1563
-76.1589
-76.1615
-76.1641
-76.1666
-76.1692
-76.1717
-76.1742
-76.1767
-76.1792
-76.1817
-76.1738
-76.144
-76.1208
-76.1045
-76.0928
-76.0843
-76.0774
-76.0665
-76.0581
-76.0524
-76.0485
-76.046
-76.0444
-76.0437
-76.0435
-76.0418
-76.0382
-76.0358
-76.0345
-76.0339
-76.0338
-76.0342
-76.035
-76.036
-76.0373
-76.0387
-76.0404
-76.0422
-76.0441
-76.0462
-76.0484
-76.0506
-76.053
-76.0554
-76.0579
-76.0604
-76.0631
-76.0657
-76.0684
-76.0712
-76.0739
-76.0767
-76.0796
-76.0824
-76.0853
-76.0881
-76.091
-76.0939
-76.0968
-76.0997
-76.1026
-76.1055
-76.1083
-76.1112
-76.1141
-76.117
-76.1198
-76.1227
-76.1255
-76.1283
-76.1311
-76.1339
-76.1367
-76.1394
-76.1422
-76.1449
-76.1476
-76.1503
-76.1529
-76.1556
-76.1582
-76.1608
-76.1634
-76.166
-76.1686
-76.1711
-76.1737
-76.1762
-76.1787
-76.1811
-76.1836
-76.186
-76.1884
-76.1908
-76.1932
-76.1956
-76.1979
-76.2002
-76.2025
-76.2048
-76.2071
-76.2094
-76.2116
-76.2138
-76.216
-76.2182
-76.2204
-76.2225
-76.2247
-76.2268
-76.2289
-76.231
-76.2331
-76.2351
-76.2372
-76.2392
-76.2412
-76.2432
-76.2452
-76.2471
-76.233
-76.1919
-76.1603
-76.1378
-76.1214
-76.1057
-76.0879
-76.0751
-76.0662
-76.0601
-76.0558
-76.053
-76.0512
-76.0502
-76.0498
-76.0499
-76.0504
-76.0513
-76.0524
-76.0538
-76.0553
-76.0571
-76.0589
-76.061
-76.0631
-76.0653
-76.0677
-76.0701
-76.0726
-76.0751
-76.0777
-76.0803
-76.083
-76.0857
-76.0884
-76.0912
-76.094
-76.0968
-76.0996
-76.1024
-76.1052
-76.108
-76.1109
-76.1137
-76.1165
-76.1193
-76.1221
-76.1249
-76.1277
-76.1305
-76.1333
-76.136
-76.1388
-76.1415
-76.1442
-76.1469
-76.1496
-76.1523
-76.1549
-76.1575
-76.1602
-76.1628
-76.1653
-76.1679
-76.1704
-76.173
-76.1755
-76.178
-76.1804
-76.1829
-76.1853
-76.1878
-76.1902
-76.1925
-76.1949
-76.1972
-76.1862
-76.167
-76.141
-76.1213
-76.107
-76.0966
-76.089
-76.0832
-76.0727
-76.064
-76.058
-76.0539
-76.0511
-76.0494
-76.0484
-76.0481
-76.0483
-76.0453
-76.0418
-76.0395
-76.0382
-76.0376
-76.0376
-76.038
-76.0387
-76.0398
-76.0411
-76.0425
-76.0442
-76.046
-76.048
-76.0501
-76.0523
-76.0545
-76.0569
-76.0593
-76.0619
-76.0644
-76.067
-76.0697
-76.0724
-76.0752
-76.0779
-76.0807
-76.0836
-76.0864
-76.0893
-76.0921
-76.095
-76.0979
-76.1007
-76.1036
-76.1065
-76.1094
-76.1122
-76.1151
-76.118
-76.1208
-76.1236
-76.1264
-76.1292
-76.132
-76.1348
-76.1376
-76.1403
-76.1431
-76.1458
-76.1485
-76.1512
-76.1538
-76.1565
-76.1591
-76.1617
-76.1643
-76.1669
-76.1694
-76.172
-76.1745
-76.177
-76.1795
-76.1819
-76.1844
-76.1868
-76.1892
-76.1916
-76.194
-76.1963
-76.1987
-76.201
-76.2033
-76.2056
-76.2078
-76.2101
-76.2123
-76.2145
-76.2167
-76.2189
-76.2211
-76.2232
-76.2254
-76.2275
-76.2296
-76.2317
-76.2337
-76.2358
-76.2378
-76.2398
-76.2418
-76.2438
-76.2458
-76.2478
-76.2497
-76.2516
-76.2535
-76.2554
-76.2573
-76.2592
-76.261
-76.2629
-76.2647
-76.2665
-76.2683
-76.2701
-76.2719
-76.2736
-76.2721
-76.2278
-76.1882
-76.1599
-76.1394
-76.1243
-76.1131
-76.1048
-76.0908
-76.0786
-76.07
-76.0639
-76.0597
-76.0569
-76.055
-76.054
-76.0536
-76.0537
-76.0541
-76.055
-76.0561
-76.0574
-76.059
-76.0607
-76.0626
-76.0646
-76.0667
-76.0689
-76.0712
-76.0736
-76.0761
-76.0786
-76.0812
-76.0838
-76.0865
-76.0892
-76.0919
-76.0947
-76.0974
-76.1002
-76.103
-76.1058
-76.1086
-76.1114
-76.1142
-76.117
-76.1198
-76.1226
-76.1254
-76.1282
-76.131
-76.1337
-76.1365
-76.1392
-76.1419
-76.1446
-76.1473
-76.15
-76.1527
-76.1553
-76.1579
-76.1605
-76.1631
-76.1657
-76.1683
-76.1708
-76.1733
-76.1758
-76.1783
-76.1808
-76.1832
-76.1857
-76.1881
-76.1905
-76.1929
-76.1952
-76.1976
-76.1999
-76.2022
-76.2045
-76.2068
-76.209

