-70
-69.8623
-69.7285
-69.5983
-69.4718
-69.3487
-69.2291
-69.1128
-68.9997
-68.8897
-68.7828
-68.6789
-68.5778
-68.4795
-68.3839
-68.291
-68.2007
-68.1128
-68.0274
-67.9443
-67.8636
-67.7851
-67.7087
-67.6345
-67.5623
-67.4921
-67.4238
-67.3574
-67.2929
-67.2301
-67.1691
-67.1098
-67.0521
-66.996
-66.9414
-66.8884
-66.8368
-66.7866
-66.7378
-66.6904
-66.6443
-66.5994
-66.5558
-66.5133
-66.4721
-66.432
-66.393
-66.355
-66.3181
-66.2823
-66.2474
-66.2134
-66.1805
-66.1484
-66.1172
-66.0868
-66.0573
-66.0286
-66.0007
-65.9736
-65.9472
-65.9215
-65.8966
-65.8723
-65.8487
-65.8257
-65.8034
-65.7817
-65.7606
-65.74
-65.72
-65.7006
-65.6817
-65.6633
-65.6455
-65.6281
-65.6112
-65.5948
-65.5788
-65.5632
-65.5481
-65.5334
-65.5191
-65.5052
-65.4917
-65.4785
-65.4657
-65.4533
-65.4412
-65.4294
-65.418
-65.4068
-65.396
-65.3855
-65.3752
-65.3653
-65.3556
-65.3462
-65.337
-65.3281
-65.3194
-65.311
-65.3028
-65.2948
-65.2871
-65.2795
-65.2722
-65.2651
-65.2581
-65.2514
-65.2448
-65.2385
-65.2322
-65.2262
-65.2203
-65.2146
-65.2091
-65.2037
-65.1984
-65.1933
-65.1884
-65.1835
-65.1788
-65.1743
-65.1698
-65.1655
-65.1613
-65.1572
-65.1532
-65.1493
-65.1456
-65.1419
-65.1384
-65.1349
-65.1315
-65.1283
-65.1251
-65.122
-65.119
-65.1161
-65.1132
-65.1104
-65.1077
-65.1051
-65.1026
-65.1001
-65.0977
-65.0953
-65.0931
-65.0908
-65.0887
-65.0866
-65.0845
-65.0826
-65.0806
-65.0788
-65.0769
-65.0752
-65.0734
-65.0718
-65.0701
-65.0685
-65.067
-65.0655
-65.064
-65.0626
-65.0612
-65.0599
-65.0586
-65.0573
-65.0561
-65.0549
-65.0537
-65.0526
-65.0514
-65.0504
-65.0493
-65.0483
-65.0473
-65.0464
-65.0454
-65.0445
-65.0436
-65.0428
-65.0419
-65.0411
-65.0403
-65.0395
-65.0388
-65.0381
-65.0374
-65.0367
-65.036
-65.0353
-65.0347
-65.0341
-65.0335
-65.0329
-65.0323
-65.0318
-65.0313
-65.0307
-65.0302
-65.0297
-65.0293
-65.0288
-65.0283
-65.0279
-65.0275
-65.027
-65.0266
-65.0262
-65.0259
-65.0255
-65.0251
-65.0248
-65.0244
-65.0241
-65.0238
-65.0234
-65.0231
-65.0228
-65.0225
-65.0223
-65.022
-65.0217
-65.0215
-65.0212
-65.021
-65.0207
-65.0205
-65.0203
-65.02
-65.0198
-65.0196
-65.0194
-65.0192
-65.019
-65.0188
-65.0187
-65.0185
-65.0183
-65.0181
-65.018
-65.0178
-65.0177
-65.0175
-65.0174
-65.0172
-65.0171
-65.017
-65.0168
-65.0167
-65.0166
-65.0165
-65.0163
-65.0162
-65.0161
-65.016
-65.0159
-65.0158
-65.0157
-65.0156
-65.0155
-65.0154
-65.0153
-65.0153
-65.0152
-65.0151
-65.015
-65.0149
-65.0149
-65.0148
-65.0147
-65.0147
-65.0146
-65.0145
-65.0145
-65.0144
-65.0143
-65.0143
-65.0142
-65.0142
-65.0141
-65.0141
-65.014
-65.014
-65.0139
-65.0139
-65.0138
-65.0138
-65.0137
-65.0137
-65.0137
-65.0136
-65.0136
-65.0135
-65.0135
-65.0135
-65.0134
-65.0134
-65.0134
-65.0133
-65.0133
-65.0133
-65.0133
-65.0132
-65.0132
-65.0132
-65.0131
-65.0131
-65.0131
-65.0131
-65.0131
-65.013
-65.013
-65.013
-65.013
-65.0129
-65.0129
-65.0129
-65.0129
-65.0129
-65.0129
-65.0128
-65.0128
-65.0128
-65.0128
-65.0128
-65.0128
-65.0127
-65.0127
-65.0127
-65.0127
-65.0127
-65.0127
-65.0127
-65.0127
-65.0126
-65.0126
-65.0126
-65.0126
-65.0126
-65.0126
-65.0126
-65.0126
-65.0126
-65.0126
-65.0125
-65.0125
-65.0125
-65.0125
-65.0125
-65.0125
-65.0125
-65.0125
-65.0125
-65.0125
-65.0125
-65.0125
-65.0125
-65.0124
-65.0124
-65.0124
-65.0124
-65.0124
-65.0124
-65.0124
-65.0124
-65.0124
-65.0124
-65.0124
-65.0124
-65.0124
-65.0124
-65.0124
-65.0124
-65.0124
-65.0124
-65.0124
-65.0124
-65.0124
-65.0124
-65.0124
-65.0123
-65.0123
-65.0123
-65.0123
-65.0123
-65.0123
-65.0123
-65.0123
-65.0123
-65.0123
-65.0123
-65.0123
-65.0123
-65.0123
-65.0123
-65.0123
-65.0123
-65.0123
-65.0123
-65.0123
-65.0123
-65.0123
-65.0123
-65.0123
-65.0123
-65.0123
-65.0123
-65.0123
-65.0123
-65.0123
-65.0123
-65.0123
-65.0123
-65.0123
-65.0123
-65.0123
-65.0123
-65.0123
-65.0123
-65.0123
-65.0123
-65.0123
-65.0123
-65.0123
-65.0123
-65.0123
-65.0123
-65.0123
-65.0123
-65.0123
-65.0123
-65.0123
-65.0123
-65.0123
-65.0123
-65.0123
-65.0123
-65.0123
-65.0123
-65.0123
-65.0123
-65.0123
-65.0123
-65.0123
-65.0123
-65.0123
-65.0123
-65.0123
-65.0123
-65.0123
-65.0123
-65.0123
-65.0123
-65.0123
-64.3983
-63.8977
-63.5276
-63.2646
-63.061
-62.8984
-62.768
-62.6641
-62.5821
-62.5186
-62.4708
-62.4363
-62.4133
-62.4
-62.3951
-62.3974
-62.4058
-62.4196
-62.4378
-62.4599
-62.4852
-62.5134
-62.5439
-62.5764
-62.6106
-62.646
-62.6826
-62.72
-62.758
-62.7966
-62.8354
-62.8745
-62.9136
-62.9527
-62.8902
-62.6838
-62.5564
-62.4693
-62.4156
-62.3802
-62.3585
-62.3478
-62.3461
-62.3519
-62.364
-62.3812
-62.4028
-62.4281
-62.4564
-62.4872
-62.5201
-62.5547
-62.5469
-62.2169
-61.9957
-61.762
-61.0582
-60.4945
-59.7126
-58.9031
-58.1778
-56.8164
-55.744
-54.8374
-54.0681
-53.2732
-52.6839
-52.221
-51.7049
-51.1574
-50.6365
-49.952
-49.4124
-48.872
-48.3713
-47.8669
-47.3501
-46.8078
-46.2096
-45.4899
-44.4862
-42.9233
-39.663
-17.1519
33.8464
-12.4821
-42.749
-56.9042
-60.4602
-61.3803
-61.5977
-61.5692
-61.4694
-61.3227
-61.1688
-60.9667
-60.728
-60.5515
-60.4159
-60.3143
-60.2365
-60.1452
-60.0645
-60.0085
-59.9145
-59.8016
-59.6585
-59.5323
-59.404
-59.1937
-58.9581
-58.7999
-58.6921
-58.622
-58.5776
-58.5537
-58.475
-58.4126
-58.3806
-58.3049
-58.1779
-58.0648
-57.9341
-57.8528
-57.7553
-57.6612
-57.5329
-57.4103
-57.2969
-57.1199
-56.8461
-56.6564
-56.4821
-56.1551
-55.6804
-55.1862
-54.4916
-53.9043
-53.3652
-52.84
-52.0839
-51.4291
-50.7029
-49.9613
-49.2389
-48.5772
-47.9606
-47.3803
-46.7899
-46.0501
-45.1857
-43.9976
-42.0382
-36.9781
29.6499
15.6414
-24.2563
-51.4176
-60.1707
-62.3669
-62.8884
-62.9514
-62.856
-62.71
-62.5568
-62.4135
-62.2861
-62.1759
-62.0823
-62.0039
-61.9391
-61.8863
-61.844
-61.811
-61.7862
-61.7686
-61.7573
-61.7516
-61.7508
-61.7543
-61.7616
-61.7722
-61.7856
-61.8017
-61.8199
-61.84
-61.8619
-61.8852
-61.9097
-61.9352
-61.9617
-61.9889
-62.0167
-62.045
-62.0736
-62.1026
-62.1317
-62.161
-62.1903
-62.2195
-62.2488
-62.2779
-62.3069
-62.3356
-62.3642
-62.3925
-62.4205
-62.4483
-62.4757
-62.5028
-62.5296
-62.556
-62.582
-62.6077
-62.633
-62.6579
-62.6825
-62.7067
-62.7305
-62.7539
-62.7769
-62.7996
-62.8218
-62.8437
-62.7989
-62.5395
-62.371
-62.2484
-62.1653
-62.0962
-61.8331
-61.6374
-61.493
-61.3922
-61.2425
-60.9665
-60.4343
-59.9663
-59.6294
-59.1282
-58.1604
-56.8209
-55.5673
-54.3998
-53.4969
-52.8179
-52.1924
-51.7008
-51.1071
-50.5346
-50.081
-49.6972
-49.3533
-49.0064
-48.6348
-48.3035
-47.9888
-47.6789
-47.307
-46.8704
-46.3062
-45.6264
-44.7502
-43.4465
-40.9718
-31.3929
42.0176
-2.88923
-37.6607
-57.886
-63.0414
-64.2055
-64.3935
-64.2795
-64.0615
-63.7885
-63.4278
-63.025
-62.6493
-62.2638
-61.9603
-61.7181
-61.4512
-61.1749
-60.9602
-60.7037
-60.5016
-60.3009
-60.1543
-60.0425
-59.9598
-59.8991
-59.8567
-59.83
-59.8165
-59.8144
-59.8222
-59.8383
-59.8618
-59.8915
-59.9101
-59.9095
-59.8828
-59.8776
-59.8309
-59.772
-59.7032
-59.5222
-59.1456
-58.7599
-58.4498
-58.1806
-57.9044
-57.6136
-57.3147
-56.8487
-56.4254
-56.0413
-55.7151
-55.304
-54.7845
-54.2362
-53.7963
-53.4687
-53.0789
-52.5403
-51.9125
-51.2437
-50.609
-50.1317
-49.7275
-49.3778
-49.057
-48.7727
-48.4528
-48.1523
-47.8499
-47.4604
-47.0205
-46.4162
-45.7358
-44.8829
-43.6222
-41.3329
-33.8777
41.57
2.33996
-34.4974
-57.6645
-63.8441
-65.3796
-65.7294
-65.7282
-65.6085
-65.4539
-65.2959
-65.1461
-65.0083
-64.8832
-64.7702
-64.6683
-64.5765
-64.4937
-64.4188
-64.3512
-64.2899
-64.2343
-64.1839
-64.1381
-64.0965
-64.0586
-64.0242
-63.9929
-63.9644
-63.9385
-63.9149
-63.8935
-63.874
-63.8563
-63.8403
-63.8257
-63.8125
-63.8006
-63.7898
-63.78
-63.7712
-63.7634
-63.7563
-63.75
-63.7444
-63.7394
-63.735
-63.7311
-63.7278
-63.7249
-63.7224
-63.7204
-63.7187
-63.7173
-63.7163
-63.7156
-63.7151
-63.7149
-63.7149
-63.7152
-63.7157
-63.7163
-63.7172
-63.7182
-63.7194
-63.7207
-63.7222
-63.7238
-63.7255
-63.7273
-63.7293
-63.7314
-63.7335
-63.7358
-63.7381
-63.7406
-63.7431
-63.7456
-63.7483
-63.751
-63.7538
-63.7567
-63.7072
-63.3719
-62.7365
-62.2935
-61.7877
-61.3785
-61.0675
-60.83
-60.5568
-60.2764
-60.0611
-59.5972
-59.2467
-58.9662
-58.6074
-57.0876
-55.488
-54.339
-53.5134
-52.8933
-52.2714
-51.7743
-51.3267
-50.9286
-50.5683
-50.2321
-49.9549
-49.7244
-49.5309
-49.3645
-49.2206
-49.0139
-48.5457
-48.0513
-47.4937
-46.9492
-46.3839
-45.7304
-44.867
-43.6224
-41.3268
-33.7778
41.6216
2.07936
-34.9469
-58.1157
-64.0935
-65.3752
-65.5294
-65.3761
-65.1307
-64.8352
-64.5449
-64.2747
-64.0447
-63.8471
-63.6772
-63.4941
-63.2942
-63.1105
-62.9632
-62.8063
-62.6652
-62.5486
-62.3626
-62.2123
-62.0951
-62.0056
-61.935
-61.8794
-61.8361
-61.8033
-61.7797
-61.7638
-61.7204
-61.6839
-61.6611
-61.5981
-61.5238
-61.4601
-61.4203
-61.3931
-61.3223
-61.233
-61.1244
-61.0541
-60.9695
-60.8982
-60.8523
-60.8167
-60.7119
-60.5787
-60.4459
-60.3058
-60.1152
-59.9716
-59.7467
-59.4855
-59.1086
-58.6403
-58.1639
-57.6585
-57.1584
-56.6331
-56.0788
-55.583
-54.9977
-54.1379
-53.1831
-52.3162
-51.6751
-51.1747
-50.7394
-50.3359
-49.9694

