-70
-70.0758
-70.1508
-70.225
-70.2983
-70.3706
-70.4419
-70.5122
-70.5814
-70.6496
-70.7168
-70.7829
-70.848
-70.9121
-70.9752
-71.0373
-71.0984
-71.1586
-71.2178
-71.2761
-71.3334
-71.3899
-71.4455
-71.5003
-71.5543
-71.6074
-71.6598
-71.7114
-71.7623
-71.8124
-71.8619
-71.9106
-71.9587
-72.006
-72.0527
-72.0988
-72.1442
-72.1889
-72.2331
-72.2766
-72.3196
-72.362
-72.4038
-72.445
-72.4857
-72.5258
-72.5654
-72.6045
-72.6431
-72.6812
-72.7188
-72.756
-72.7927
-72.8289
-72.8647
-72.9
-72.9349
-72.9694
-73.0035
-73.0371
-73.0704
-73.1032
-73.1357
-73.1678
-73.1994
-73.2307
-73.2617
-73.2922
-73.3224
-73.3523
-73.3817
-73.4109
-73.4397
-73.4682
-73.4963
-73.5241
-73.5516
-73.5788
-73.6057
-73.6323
-73.6585
-73.6845
-73.7102
-73.7356
-73.7608
-73.7857
-73.8103
-73.8346
-73.8587
-73.8825
-73.9061
-73.9294
-73.9524
-73.9753
-73.9979
-74.0202
-74.0423
-74.0642
-74.0859
-74.1073
-74.1285
-74.1495
-74.1703
-74.1909
-74.2112
-74.2313
-74.2513
-74.271
-74.2905
-74.3098
-74.329
-74.3479
-74.3666
-74.3852
-74.4036
-74.4217
-74.4397
-74.4575
-74.4752
-74.4926
-74.5099
-74.527
-74.544
-74.5607
-74.5774
-74.5938
-74.6101
-74.6262
-74.6422
-74.658
-74.6736
-74.6891
-74.7045
-74.7197
-74.7347
-74.7496
-74.7644
-74.779
-74.7935
-74.8079
-74.8221
-74.8362
-74.8501
-74.864
-74.8777
-74.8913
-74.9047
-74.918
-74.9313
-74.9443
-74.9573
-74.9701
-74.9829
-74.9955
-75.008
-75.0204
-75.0327
-75.0448
-75.0569
-75.0688
-75.0806
-75.0924
-75.104
-75.1155
-75.1269
-75.1382
-75.1495
-75.1606
-75.1716
-75.1825
-75.1933
-75.204
-75.2147
-75.2252
-75.2356
-75.246
-75.2562
-75.2664
-75.2764
-75.2864
-75.2963
-75.3061
-75.3158
-75.3255
-75.335
-75.3445
-75.3538
-75.3631
-75.3724
-75.3815
-75.3906
-75.3995
-75.4084
-75.4172
-75.426
-75.4346
-75.4432
-75.4518
-75.4602
-75.4686
-75.4769
-75.4851
-75.4932
-75.5013
-75.5093
-75.5173
-75.5251
-75.533
-75.5407
-75.5484
-75.556
-75.5635
-75.571
-75.5784
-75.5858
-75.593
-75.6003
-75.6074
-75.6145
-75.6216
-75.6285
-75.6355
-75.6423
-75.6491
-75.6559
-75.6626
-75.6692
-75.6758
-75.6823
-75.6888
-75.6952
-75.7015
-75.7078
-75.7141
-75.7203
-75.7264
-75.7325
-75.7386
-75.7446
-75.7505
-75.7564
-75.7622
-75.768
-75.7738
-75.7795
-75.7851
-75.7907
-75.7963
-75.8018
-75.8072
-75.8127
-75.818
-75.8234
-75.8287
-75.8339
-75.8391
-75.8443
-75.8494
-75.8545
-75.8595
-75.8645
-75.8695
-75.8744
-75.8793
-75.8841
-75.8889
-75.8937
-75.8984
-75.9031
-75.9077
-75.9123
-75.9169
-75.9214
-75.9259
-75.9304
-75.9348
-75.9392
-75.9436
-75.9479
-75.9522
-75.9565
-75.9607
-75.9649
-75.969
-75.9731
-75.9772
-75.9813
-75.9853
-75.9893
-75.9933
-75.9972
-76.0011
-76.005
-76.0088
-76.0126
-76.0164
-76.0201
-76.0239
-76.0275
-76.0312
-76.0348
-76.0384
-76.042
-76.0456
-76.0491
-76.0526
-76.056
-76.0595
-76.0629
-76.0663
-76.0696
-76.0729
-76.0762
-76.0795
-76.0828
-76.086
-76.0892
-76.0924
-76.0955
-76.0986
-76.1017
-76.1048
-76.1079
-76.1109
-76.1139
-76.1169
-76.1198
-76.1228
-76.1257
-76.1286
-76.1314
-76.1343
-76.1371
-76.1399
-76.1427
-76.1455
-76.1482
-76.1509
-76.1536
-76.1563
-76.1589
-76.1615
-76.1642
-76.1667
-76.1693
-76.1719
-76.1744
-76.1769
-76.1794
-76.1819
-76.1843
-76.1868
-76.1892
-76.1916
-76.1939
-76.1963
-76.1986
-76.201
-76.2033
-76.2056
-76.2078
-76.2101
-76.2123
-76.2145
-76.2167
-76.2189
-76.2211
-76.2232
-76.2254
-76.2275
-76.2296
-76.2317
-76.2337
-76.2358
-76.2378
-76.2398
-76.2418
-76.2438
-76.2458
-76.2478
-76.2497
-76.2516
-76.2536
-76.2554
-76.2573
-76.2592
-76.2611
-76.2629
-76.2647
-76.2665
-76.2683
-76.2701
-76.2719
-76.2737
-76.2754
-76.2771
-76.2788
-76.2806
-76.2822
-76.2839
-76.2856
-76.2872
-76.2889
-76.2905
-76.2921
-76.2937
-76.2953
-76.2969
-76.2985
-76.3
-76.3016
-76.3031
-76.3046
-76.3061
-76.3076
-76.3091
-76.3106
-76.312
-76.3135
-76.3149
-76.3164
-76.3178
-76.3192
-76.3206
-76.322
-76.3233
-76.3247
-76.3261
-76.3274
-76.3287
-76.33
-76.3314
-76.3327
-76.334
-76.3352
-76.3365
-76.3378
-76.339
-76.3403
-76.3415
-76.3427
-76.3439
-76.3452
-76.3464
-76.3475
-76.3487
-76.3499
-72.6061
-68.6339
-65.6289
-63.3156
-61.4358
-59.7365
-57.8577
-54.6849
8.05685
3.35182
-30.6725
-76.4181
-79.7264
-79.7322
-79.6987
-79.6605
-79.6184
-79.5723
-79.5222
-79.4682
-79.4105
-79.3496
-79.2858
-79.2199
-79.1523
-79.0838
-79.0152
-78.9471
-78.8801
-78.8147
-78.7515
-78.6909
-78.633
-78.5781
-78.5263
-78.4777
-78.4321
-78.3896
-78.35
-78.3132
-78.2789
-78.2471
-78.2175
-78.19
-78.1643
-78.1404
-78.1181
-78.0972
-78.0775
-78.059
-78.0416
-78.0251
-78.0093
-77.9944
-77.9801
-77.9664
-77.9532
-76.3063
-71.7725
-68.1204
-65.3598
-63.2104
-61.4416
-59.8236
-58.0272
-55.064
-18.9936
7.06617
-28.6475
-75.0709
-79.7366
-79.3551
-78.4183
-78.0926
-77.867
-77.634
-77.3868
-77.126
-76.8535
-76.5716
-75.5957
-73.0106
-71.1494
-69.872
-68.9086
-68.134
-67.4856
-66.9298
-66.4471
-64.9807
-62.7578
-60.9588
-59.4079
-57.8017
-55.5108
-47.6069
23.1865
-21.7675
-63.6867
-78.7444
-78.6975
-78.5461
-78.3796
-78.1997
-78.0069
-77.8021
-77.5864
-77.3616
-77.1297
-76.8928
-76.6536
-76.4145
-76.1781
-75.9469
-75.7229
-75.5081
-75.3042
-75.1123
-74.9333
-74.7678
-74.616
-74.478
-74.3534
-74.2419
-74.1428
-74.0557
-73.9796
-73.9138
-74.0403
-74.1981
-74.3232
-74.4226
-74.503
-74.5691
-74.6243
-74.6709
-74.711
-74.7458
-74.7765
-74.8039
-74.8286
-74.851
-73.3995
-69.3855
-66.2031
-63.8236
-61.9612
-60.3779
-58.8201
-56.837
-52.2791
41.8519
-11.2972
-43.3218
-78.5192
-79.0222
-78.9114
-78.7801
-78.6364
-78.4805
-78.3126
-78.1335
-77.9442
-77.7461
-77.541
-77.3309
-77.1182
-76.902
-76.6287
-76.3837
-76.1718
-75.9842
-75.8247
-75.6964
-75.589
-75.4972
-75.4181
-75.3495
-75.29
-75.2383
-75.1937
-75.1552
-75.1223
-75.0942
-75.0707
-75.051
-75.0349
-75.022
-75.0119
-75.0043
-74.999
-74.9957
-74.9941
-74.9941
-74.9955
-74.9981
-75.0018
-75.0065
-75.012
-75.0182
-75.0251
-75.0325
-75.0404
-75.0487
-75.0574
-75.0663
-75.0756
-75.085
-75.0947
-75.1045
-75.1144
-75.1244
-75.1345
-75.1446
-75.1548
-75.165
-75.1752
-75.1854
-75.1956
-75.2057
-75.2159
-75.226
-75.2361
-75.2461
-75.2561
-75.266
-75.2758
-75.2856
-75.2953
-75.305
-75.3146
-75.3241
-75.3336
-75.343
-75.3523
-75.3615
-75.3707
-75.3798
-75.3888
-75.3978
-75.4066
-75.4154
-72.6459
-68.635
-65.5566
-63.1951
-61.2786
-59.5381
-57.5756
-54.0298
43.3745
-2.09147
-34.1231
-77.3548
-78.9329
-78.8184
-78.676
-78.5199
-78.3504
-78.1677
-77.9727
-77.7662
-75.9702
-73.9868
-72.7704
-71.9144
-71.2273
-70.6341
-70.1028
-69.6193
-69.1771
-67.1517
-64.8083
-63.0343
-61.6414
-60.459
-59.345
-58.1306
-56.5319
-55.5632
-53.1409
25.0547
-2.81002
-34.9306
-77.0206
-78.8413
-78.7348
-78.5864
-78.424
-78.2486
-77.9841
-77.7167
-77.4876
-77.2665
-77.0459
-76.8252
-76.6059
-76.3897
-76.1788
-75.9748
-75.7795
-75.5941
-75.4197
-75.257
-75.1065
-74.9684
-74.8426
-74.7288
-74.6267
-74.5358
-74.4555
-74.3851
-74.3239
-74.2713
-74.2265
-74.1889
-74.1577
-74.1324
-74.1125
-74.0972
-74.0862
-74.079
-74.0751
-74.0741
-74.0758
-74.0798
-73.0293
-69.0592
-65.7754
-63.2832
-61.2855
-59.4962
-57.5045
-53.9421
43.0329
-2.46282
-34.4073
-77.3626
-78.9302
-78.8181
-78.6759
-78.52
-78.3507
-78.1684
-77.9738
-77.7679
-77.5522
-77.3287
-75.1882
-72.6109
-70.9105
-69.7109
-68.7902
-68.0429
-67.4143
-66.8746
-66.4867
-66.8839
-67.2754
-67.5734
-68.4735
-69.242
-69.7778
-70.1601
-70.4407
-70.652
-70.8155
-70.9453
-71.0511
-71.1396
-71.2156
-71.2823
-71.3422
-71.3973
-71.4486
-71.4973
-71.544
-71.5893
-71.6336
-71.6771
-71.72
-71.7626
-71.8049
-71.847
-71.8889
-71.9306
-71.9722
-72.0137
-72.055
-72.0962
-72.1372
-72.178
-72.2186
-72.2589
-72.299
-72.3389
-72.3785
-72.4178
-72.4567
-72.4954
-72.5337
-72.5717
-72.6094
-72.6467
-72.6837
-72.7203
-72.7565
-72.7924
-72.828
-72.8632
-72.898
-72.9324
-72.9665
-73.0002
-73.0335
-73.0665
-73.0991
-73.1314
-73.1633
-73.1948
-73.226
-73.2568
-73.2873
-73.3174
-73.3472
-73.3767
-73.4058
-73.4346
-73.4631
-73.4912
-73.519
-73.5465
-73.5737
-73.6006
-73.6272
-73.6535
-73.6796
-73.7053
-73.7307
-73.7559
-73.7808
-73.8055
-73.1307
-69.2274
-65.871
-63.3286
-61.2974
-59.4873
-57.4862
-53.9409
41.9382
-2.33306
-34.3228
-77.7683
-79.1553
-78.6216
-78.4114
-78.2247
-78.0247
-77.8101
-77.5817
-77.3409
-77.0895
-76.3549
-73.7723
-71.8938
-70.6394
-69.702
-68.9468
-68.3099
-67.7582
-67.274
-66.8468
-64.7422
-62.5512
-60.8189
-59.301
-57.6978
-55.3475
-46.3847
19.8746
-23.1951
-66.3076
-79.4696
-79.5798
-79.5318
-79.4747
-79.4121
-79.3441
-79.2707
-79.1924
-78.9137
-78.6848
-78.518
-78.3771
-78.2483
-78.1269
-78.0113
-77.9009
-77.7959
-77.6965
-77.603
-77.5156
-77.4342
-77.3589
-77.2896
-77.2262
-77.1682
-77.1156
-77.0679
-77.0248
-76.986
-76.9511
-76.9198
-76.8918
-76.8667
-76.8443
-76.8242
-76.8064
-76.7904
-76.7762
-76.7635
-76.7522
-76.742
-76.7329
-76.7248
-76.7175
-76.711
-76.7051
-76.6998
-76.695
-76.6906
-76.6866
-76.683
-76.6797
-74.6732
-70.3612
-66.9614
-64.3814
-62.3461
-60.6141
-58.9108
-56.7026
-50.8692
34.662
-15.656
-50.0938
-78.8893
-79.1183
-79.0144
-78.8947
-78.7636
-78.6211

