-70
-70.0758
-70.1508
-70.225
-70.2983
-70.3706
-70.4419
-70.5122
-70.5814
-70.6496
-70.7168
-70.7829
-70.848
-70.9121
-70.9752
-71.0373
-71.0984
-71.1586
-71.2178
-71.2761
-71.3334
-71.3899
-71.4455
-71.5003
-71.5543
-71.6074
-71.6598
-71.7114
-71.7623
-71.8124
-71.8619
-71.9106
-71.9587
-72.006
-72.0527
-72.0988
-72.1442
-72.1889
-72.2331
-72.2766
-72.3196
-72.362
-72.4038
-72.445
-72.4857
-72.5258
-72.5654
-72.6045
-72.6431
-72.6812
-72.7188
-72.756
-72.7927
-72.8289
-72.8647
-72.9
-72.9349
-72.9694
-73.0035
-73.0371
-73.0704
-73.1032
-73.1357
-73.1678
-73.1994
-73.2307
-73.2617
-73.2922
-73.3224
-73.3523
-73.3817
-73.4109
-73.4397
-73.4682
-73.4963
-73.5241
-73.5516
-73.5788
-73.6057
-73.6323
-73.6585
-73.6845
-73.7102
-73.7356
-73.7608
-73.7857
-73.8103
-73.8346
-73.8587
-73.8825
-73.9061
-73.9294
-73.9524
-73.9753
-73.9979
-74.0202
-74.0423
-74.0642
-74.0859
-74.1073
-74.1285
-74.1495
-74.1703
-74.1909
-74.2112
-74.2313
-74.2513
-74.271
-74.2905
-74.3098
-74.329
-74.3479
-74.3666
-74.3852
-74.4036
-74.4217
-74.4397
-74.4575
-74.4752
-74.4926
-74.5099
-74.527
-74.544
-74.5607
-74.5774
-74.5938
-74.6101
-74.6262
-74.6422
-74.658
-74.6736
-74.6891
-74.7045
-74.7197
-74.7347
-74.7496
-74.7644
-74.779
-74.7935
-74.8079
-74.8221
-74.8362
-74.8501
-74.864
-74.8777
-74.8913
-74.9047
-74.918
-74.9313
-74.9443
-74.9573
-74.9701
-74.9829
-74.9955
-75.008
-75.0204
-75.0327
-75.0448
-75.0569
-75.0688
-75.0806
-75.0924
-75.104
-75.1155
-75.1269
-75.1382
-75.1495
-75.1606
-75.1716
-75.1825
-75.1933
-75.204
-75.2147
-75.2252
-75.2356
-75.246
-75.2562
-75.2664
-75.2764
-75.2864
-75.2963
-75.3061
-75.3158
-75.3255
-75.335
-75.3445
-75.3538
-75.3631
-75.3724
-75.3815
-75.3906
-75.3995
-75.4084
-75.4172
-75.426
-75.4346
-75.4432
-75.4518
-75.4602
-75.4686
-75.4769
-75.4851
-75.4932
-75.5013
-75.5093
-75.5173
-75.5251
-75.533
-75.5407
-75.5484
-75.556
-75.5635
-75.571
-75.5784
-75.5858
-75.593
-75.6003
-75.6074
-75.6145
-75.6216
-75.6285
-75.6355
-75.6423
-75.6491
-75.6559
-75.6626
-75.6692
-75.6758
-75.6823
-75.6888
-75.6952
-75.7015
-75.7078
-75.7141
-75.7203
-75.7264
-75.7325
-75.7386
-75.7446
-75.7505
-75.7564
-75.7622
-75.768
-75.7738
-75.7795
-75.7851
-75.7907
-75.7963
-75.8018
-75.8072
-75.8127
-75.818
-75.8234
-75.8287
-75.8339
-75.8391
-75.8443
-75.8494
-75.8545
-75.8595
-75.8645
-75.8695
-75.8744
-75.8793
-75.8841
-75.8889
-75.8937
-75.8984
-75.9031
-75.9077
-75.9123
-75.9169
-75.9214
-75.9259
-75.9304
-75.9348
-75.9392
-75.9436
-75.9479
-75.9522
-75.9565
-75.9607
-75.9649
-75.969
-75.9731
-75.9772
-75.9813
-75.9853
-75.9893
-75.9933
-75.9972
-76.0011
-76.005
-76.0088
-76.0126
-76.0164
-76.0201
-76.0239
-76.0275
-76.0312
-76.0348
-76.0384
-76.042
-76.0456
-76.0491
-76.0526
-76.056
-76.0595
-76.0629
-76.0663
-76.0696
-76.0729
-76.0762
-76.0795
-76.0828
-76.086
-76.0892
-76.0924
-76.0955
-76.0986
-76.1017
-76.1048
-76.1079
-76.1109
-76.1139
-76.1169
-76.1198
-76.1228
-76.1257
-76.1286
-76.1314
-76.1343
-76.1371
-76.1399
-76.1427
-76.1455
-76.1482
-76.1509
-76.1536
-76.1563
-76.1589
-76.1615
-76.1642
-76.1667
-76.1693
-76.1719
-76.1744
-76.1769
-76.1794
-76.1819
-76.1843
-76.1868
-76.1892
-76.1916
-76.1939
-76.1963
-76.1986
-76.201
-76.2033
-76.2056
-76.2078
-76.2101
-76.2123
-76.2145
-76.2167
-76.2189
-76.2211
-76.2232
-76.2254
-76.2275
-76.2296
-76.2317
-76.2337
-76.2358
-76.2378
-76.2398
-76.2418
-76.2438
-76.2458
-76.2478
-76.2497
-76.2516
-76.2536
-76.2554
-76.2573
-76.2592
-76.2611
-76.2629
-76.2647
-76.2665
-76.2683
-76.2701
-76.2719
-76.2737
-76.2754
-76.2771
-76.2788
-76.2806
-76.2822
-76.2839
-76.2856
-76.2872
-76.2889
-76.2905
-76.2921
-76.2937
-76.2953
-76.2969
-76.2985
-76.3
-76.3016
-76.3031
-76.3046
-76.3061
-76.3076
-76.3091
-76.3106
-76.312
-76.3135
-76.3149
-76.3164
-76.3178
-76.3192
-76.3206
-76.322
-76.3233
-76.3247
-76.3261
-76.3274
-76.3287
-76.33
-76.3314
-76.3327
-76.334
-76.3352
-76.3365
-76.3378
-76.339
-76.3403
-76.3415
-76.3427
-76.3439
-76.3452
-76.3464
-76.3475
-76.3487
-76.3499
-76.351
-76.3522
-76.3533
-76.3545
-76.3556
-76.3567
-76.3578
-76.3589
-76.36
-76.3611
-76.3622
-76.3632
-76.3643
-76.3654
-76.3664
-76.3674
-76.3685
-76.3695
-76.3705
-76.3715
-76.3725
-76.3735
-76.3745
-76.3754
-76.3764
-76.3774
-76.3783
-76.3793
-76.3802
-76.3811
-76.382
-76.383
-76.3839
-76.3848
-76.3857
-76.3866
-76.3874
-76.3883
-76.3892
-76.39
-76.3909
-76.3917
-76.3926
-76.3934
-76.3943
-76.3951
-76.3959
-76.3967
-76.3975
-76.3983
-76.3991
-76.3999
-76.4007
-76.4014
-76.4022
-76.403
-76.4037
-76.4045
-76.4052
-76.406
-76.4067
-76.4074
-75.6458
-71.3644
-67.6835
-64.9104
-62.7495
-60.9512
-59.2514
-57.2021
-52.8667
43.9686
-9.01768
-40.4998
-78.3979
-79.0597
-78.9539
-78.8271
-78.688
-78.5369
-78.3739
-77.9444
-75.8546
-74.5108
-73.6947
-73.0675
-72.5215
-72.0196
-71.5488
-71.1048
-70.7763
-70.8883
-70.9661
-70.9744
-71.0739
-71.4918
-71.7995
-72.2933
-72.7733
-70.7
-68.8474
-67.798
-67.186
-66.8156
-66.5871
-66.4467
-67.0503
-67.7746
-68.274
-68.6237
-69.0618
-69.8862
-70.491
-70.9068
-71.2028
-71.4206
-71.5859
-71.7151
-71.8189
-71.9046
-71.9772
-72.0401
-72.0959
-72.1463
-72.1927
-72.2361
-72.2771
-72.3164
-72.3543
-72.3912
-72.4274
-72.4629
-72.4979
-72.5325
-72.5669
-72.601
-72.635
-72.6687
-72.7023
-72.7358
-72.0987
-68.3736
-65.1811
-62.7642
-60.8166
-59.039
-56.972
-52.8096
44.815
-8.88986
-40.0829
-78.1851
-78.8835
-78.7587
-78.6103
-78.4481
-78.2723
-78.0835
-77.8824
-77.6554
-75.4029
-73.8177
-72.9866
-72.4311
-71.9932
-71.6174
-71.4984
-71.543
-72.0748
-72.8079
-73.1952
-73.5273
-73.9395
-74.1731
-74.3486
-74.5101
-74.5941
-74.6368
-74.6591
-74.671
-74.6777
-74.6816
-74.6844
-74.6868
-74.6892
-74.6919
-74.7489
-74.8647
-74.9534
-75.0189
-75.0688
-75.1077
-75.139
-75.1646
-75.1861
-75.2045
-75.2207
-75.2351
-75.2482
-75.2602
-75.2714
-75.2821
-75.2922
-75.302
-75.3114
-75.3206
-75.3297
-75.3385
-75.3473
-75.356
-75.3646
-75.3731
-75.3815
-75.39
-75.3983
-75.4067
-75.4149
-75.4232
-75.4314
-75.4396
-75.4477
-75.4558
-75.4639
-75.4719
-75.4799
-75.4878
-75.4957
-75.5036
-75.5113
-75.5191
-75.5268
-75.5344
-75.542
-75.5496
-75.5571
-75.5645
-75.5719
-75.5792
-75.5865
-75.5937
-75.6008
-75.608
-75.615
-74.1029
-69.9072
-66.5294
-63.967
-61.9359
-60.1777
-58.3734
-55.7723
-43.9231
17.7954
-23.7578
-68.1979
-79.0069
-78.9877
-78.8654
-78.7294
-78.581
-78.4204
-78.248
-77.4042
-75.3281
-74.0684
-73.2589
-72.6225
-72.0669
-71.7575
-71.6265
-71.4514
-69.9976
-67.7262
-66.101
-64.951
-64.0995
-64.2619
-64.754
-65.6428
-66.7315
-67.4782
-68.0576
-68.9589
-67.5259
-66.1547
-65.3059
-64.7682
-64.4197
-64.5656
-65.4012
-66.0418
-66.4969
-66.8322
-67.0883
-67.2911
-67.4574
-67.5982
-67.721
-67.831
-67.9319
-68.0262
-68.116
-68.2024
-68.6791
-69.4454
-70.0558
-70.5315
-70.9086
-71.2124
-71.4606
-71.6664
-71.8393
-71.9863
-72.1127
-72.2228
-72.3195
-72.4055
-72.4827
-72.5526
-72.6164
-72.6753
-72.7299
-71.7756
-68.0544
-64.9993
-62.6942
-60.8468
-59.1863
-57.3433
-54.2066
1.2819
1.48763
-31.9176
-76.2329
-78.8667
-78.7589
-78.6107
-78.448
-78.2717
-78.082
-77.8798
-77.6662
-77.3986
-76.0923
-73.6531
-72.3262
-71.5532
-71.0071
-70.5777
-70.2183
-69.9077
-69.6352
-69.395
-69.446
-69.8711
-70.6455
-71.2093
-71.61
-72.4207
-73.097
-73.7952
-74.3047
-74.5792
-74.7322
-74.8226
-74.8787
-74.9153
-74.9405
-74.9586
-74.9724
-74.9835
-74.9928
-75.0011
-75.0087
-75.016
-75.0231
-75.0302
-75.0374
-75.0446
-75.052
-75.0595
-75.0673
-75.0752
-75.0833
-75.0915
-75.1
-75.1085
-75.1173
-75.1261
-75.1351
-75.1442
-75.1534
-75.1627
-75.1721
-75.1815
-75.1909
-75.2004
-75.21
-75.2195
-75.2291
-75.2386
-75.2482
-75.2577
-75.2673
-75.2768
-75.2863
-75.2957
-75.3051
-75.3145
-75.3238
-75.333
-75.3423
-75.3514
-75.3605
-75.3696
-75.3786
-75.3875
-75.3964
-75.4052
-75.4139
-75.4226
-75.4312
-75.4398
-75.4482
-75.4567
-75.465
-75.4733
-75.4815
-75.4896
-75.4977
-75.5057
-75.5137
-75.5216
-75.5294
-75.5371
-75.5448
-75.5524
-75.56
-75.5675
-75.5749
-75.5823
-75.5896
-72.8032
-68.7685
-65.6719
-63.2981
-61.3768
-59.6435
-57.7181
-54.3831
29.9489
0.730281
-32.2417
-77.1565
-79.0113
-78.6909
-78.5218
-78.3481
-78.1603
-77.9583
-77.7428
-77.515
-77.2766
-75.6204
-73.3435
-71.8711
-70.8434
-70.043
-69.3758
-69.1332
-69.205
-69.2037
-68.1636
-66.0241
-64.4312
-63.2885
-62.4272
-61.7459
-62.5247
-65.0673
-67.1957
-68.4874
-69.2873
-69.8043
-70.2441
-70.9505
-69.6466
-68.2675
-67.5084
-67.0827
-66.8374
-66.6959
-66.618
-66.5808
-66.5712
-66.5811
-66.6054
-66.6409
-66.6853
-66.7369
-66.7946
-66.8577
-66.9253
-66.997
-67.0723
-67.1508
-67.2321
-67.316
-67.4022
-67.4903
-67.58
-67.6711
-67.7632
-67.8563
-67.9499
-68.0441
-68.1385
-68.233
-68.3276
-68.422
-68.5161
-68.6098
-68.703
-68.7956
-68.8873
-68.9783
-69.0684
-69.1575
-69.2456
-69.3326
-69.4187
-69.5036
-67.0107
-63.9129
-61.5138
-59.5268
-57.5561
-54.7081
-37.8981
9.20652
-27.9978
-73.2867
-78.9822
-78.5904
-78.3928
-78.2051
-78.0037
-77.7877
-77.558
-77.316
-77.0637
-75.6359
-73.242

