-70
-69.8623
-69.7285
-69.5983
-69.4718
-69.3487
-69.2291
-69.1128
-68.9997
-68.8897
-68.7828
-68.6789
-68.5778
-68.4795
-68.3839
-68.291
-68.2007
-68.1128
-68.0274
-67.9443
-67.8636
-67.7851
-67.7087
-67.6345
-67.5623
-67.4921
-67.4238
-67.3574
-67.2929
-67.2301
-67.1691
-67.1098
-67.0521
-66.996
-66.9414
-66.8884
-66.8368
-66.7866
-66.7378
-66.6904
-66.6443
-66.5994
-66.5558
-66.5133
-66.4721
-66.432
-66.393
-66.355
-66.3181
-66.2823
-66.2474
-66.2134
-66.1805
-66.1484
-66.1172
-66.0868
-66.0573
-66.0286
-66.0007
-65.9736
-65.9472
-65.9215
-65.8966
-65.8723
-65.8487
-65.8257
-65.8034
-65.7817
-65.7606
-65.74
-65.72
-65.7006
-65.6817
-65.6633
-65.6455
-65.6281
-65.6112
-65.5948
-65.5788
-65.5632
-65.5481
-65.5334
-65.5191
-65.5052
-65.4917
-65.4785
-65.4657
-65.4533
-65.4412
-65.4294
-65.418
-65.4068
-65.396
-65.3855
-65.3752
-65.3653
-65.3556
-65.3462
-65.337
-65.3281
-65.3194
-65.311
-65.3028
-65.2948
-65.2871
-65.2795
-65.2722
-65.2651
-65.2581
-65.2514
-65.2448
-65.2385
-65.2322
-65.2262
-65.2203
-65.2146
-65.2091
-65.2037
-65.1984
-65.1933
-65.1884
-65.1835
-65.1788
-65.1743
-65.1698
-65.1655
-65.1613
-65.1572
-65.1532
-65.1493
-65.1456
-65.1419
-65.1384
-65.1349
-65.1315
-65.1283
-65.1251
-65.122
-65.119
-65.1161
-65.1132
-65.1104
-65.1077
-65.1051
-65.1026
-65.1001
-65.0977
-65.0953
-65.0931
-65.0908
-65.0887
-65.0866
-65.0845
-65.0826
-65.0806
-65.0788
-65.0769
-65.0752
-65.0734
-65.0718
-65.0701
-65.0685
-65.067
-65.0655
-65.064
-65.0626
-65.0612
-65.0599
-65.0586
-65.0573
-65.0561
-65.0549
-65.0537
-65.0526
-65.0514
-65.0504
-65.0493
-65.0483
-65.0473
-65.0464
-65.0454
-65.0445
-65.0436
-65.0428
-65.0419
-65.0411
-65.0403
-65.0395
-65.0388
-65.0381
-65.0374
-65.0367
-65.036
-65.0353
-65.0347
-65.0341
-65.0335
-65.0329
-65.0323
-65.0318
-65.0313
-65.0307
-65.0302
-65.0297
-65.0293
-65.0288
-65.0283
-65.0279
-65.0275
-65.027
-65.0266
-65.0262
-65.0259
-65.0255
-65.0251
-65.0248
-65.0244
-65.0241
-65.0238
-65.0234
-65.0231
-65.0228
-65.0225
-65.0223
-65.022
-65.0217
-65.0215
-65.0212
-65.021
-65.0207
-65.0205
-65.0203
-65.02
-65.0198
-65.0196
-65.0194
-65.0192
-65.019
-65.0188
-65.0187
-65.0185
-65.0183
-65.0181
-65.018
-65.0178
-65.0177
-65.0175
-65.0174
-65.0172
-65.0171
-65.017
-65.0168
-65.0167
-65.0166
-65.0165
-65.0163
-65.0162
-65.0161
-65.016
-65.0159
-65.0158
-65.0157
-65.0156
-65.0155
-65.0154
-65.0153
-65.0153
-65.0152
-65.0151
-65.015
-65.0149
-65.0149
-65.0148
-65.0147
-65.0147
-65.0146
-65.0145
-65.0145
-65.0144
-65.0143
-65.0143
-65.0142
-65.0142
-65.0141
-65.0141
-65.014
-65.014
-65.0139
-65.0139
-65.0138
-65.0138
-65.0137
-65.0137
-65.0137
-65.0136
-65.0136
-65.0135
-65.0135
-65.0135
-65.0134
-65.0134
-65.0134
-65.0133
-65.0133
-65.0133
-65.0133
-65.0132
-65.0132
-65.0132
-65.0131
-65.0131
-65.0131
-65.0131
-65.0131
-65.013
-65.013
-65.013
-65.013
-65.0129
-65.0129
-65.0129
-65.0129
-65.0129
-65.0129
-65.0128
-65.0128
-65.0128
-65.0128
-65.0128
-65.0128
-65.0127
-65.0127
-65.0127
-65.0127
-65.0127
-65.0127
-65.0127
-65.0127
-65.0126
-65.0126
-65.0126
-65.0126
-65.0126
-65.0126
-65.0126
-65.0126
-65.0126
-65.0126
-65.0125
-65.0125
-65.0125
-65.0125
-65.0125
-65.0125
-65.0125
-65.0125
-65.0125
-65.0125
-65.0125
-65.0125
-65.0125
-65.0124
-65.0124
-65.0124
-65.0124
-65.0124
-65.0124
-65.0124
-65.0124
-65.0124
-65.0124
-65.0124
-65.0124
-65.0124
-65.0124
-65.0124
-65.0124
-65.0124
-65.0124
-65.0124
-65.0124
-65.0124
-65.0124
-65.0124
-65.0123
-65.0123
-65.0123
-65.0123
-65.0123
-65.0123
-65.0123
-65.0123
-65.0123
-65.0123
-65.0123
-65.0123
-65.0123
-65.0123
-65.0123
-65.0123
-65.0123
-65.0123
-65.0123
-65.0123
-65.0123
-65.0123
-65.0123
-65.0123
-65.0123
-65.0123
-65.0123
-65.0123
-65.0123
-65.0123
-65.0123
-65.0123
-65.0123
-65.0123
-65.0123
-65.0123
-65.0123
-65.0123
-65.0123
-65.0123
-65.0123
-65.0123
-65.0123
-65.0123
-65.0123
-65.0123
-65.0123
-65.0123
-65.0123
-65.0123
-65.0123
-65.0123
-65.0123
-65.0123
-65.0123
-65.0123
-65.0123
-65.0123
-65.0123
-65.0123
-65.0123
-65.0123
-65.0123
-65.0123
-65.0123
-65.0123
-65.0123
-65.0123
-65.0123
-65.0123
-65.0123
-65.0123
-65.0123
-65.0123
-64.5816
-64.2291
-63.9678
-63.7817
-63.6375
-63.5222
-63.4298
-63.356
-63.2977
-63.2527
-63.2187
-63.1943
-63.178
-63.1686
-63.1652
-63.1668
-63.1729
-63.1827
-63.1957
-63.2115
-63.2296
-63.2497
-63.2714
-63.2946
-63.3189
-63.3441
-63.3701
-63.3967
-63.4238
-63.4511
-63.4788
-63.5065
-63.5343
-63.562
-63.5128
-63.3545
-63.256
-63.1881
-63.1455
-63.1168
-63.0987
-63.0888
-63.0859
-63.0887
-63.0962
-63.1077
-63.1226
-63.1402
-63.1602
-63.1492
-63.1137
-63.0978
-63.093
-62.8999
-62.7672
-62.5483
-61.8967
-61.3683
-60.6688
-60.0511
-59.5713
-58.857
-58.2317
-57.3846
-56.7463
-56.1843
-55.7266
-55.3835
-54.8801
-54.384
-53.9797
-53.3844
-52.9271
-52.4497
-52.0699
-51.7836
-51.5661
-51.3539
-51.1754
-51.0415
-50.9114
-50.8055
-50.679
-50.5981
-50.548
-50.4251
-50.3295
-50.253
-50.1929
-50.1643
-50.1388
-50.0814
-50.0491
-50.0085
-49.99
-49.972
-49.9628
-49.9768
-49.9773
-50.0031
-50.0472
-50.0931
-50.1283
-50.1871
-50.263
-50.3323
-50.3617
-50.4043
-50.4333
-50.4932
-50.5735
-50.6713
-50.7828
-50.9066
-51.0287
-51.1259
-51.2079
-51.3042
-51.4221
-51.5564
-51.7032
-51.8281
-51.9611
-52.1083
-52.2263
-52.3247
-52.3974
-52.4164
-52.4348
-52.4623
-52.4586
-52.4811
-52.4332
-52.3578
-52.1542
-51.9683
-51.6882
-51.4123
-51.1453
-50.8734
-50.3788
-49.6635
-48.916
-48.0827
-47.2871
-46.5217
-45.6793
-44.6733
-43.2083
-40.509
-29.4643
41.0455
-4.13931
-36.4969
-54.954
-59.7692
-61.0253
-61.3551
-61.3803
-61.2941
-61.1747
-61.055
-60.9483
-60.8586
-60.7865
-60.7309
-60.6902
-60.6625
-60.6463
-60.64
-60.6424
-60.6523
-60.6687
-60.6907
-60.7176
-60.7488
-60.7836
-60.8217
-60.8624
-60.9054
-60.9503
-60.9968
-61.0446
-61.0934
-61.1431
-61.1933
-61.2441
-61.2951
-61.3462
-61.3974
-61.4485
-61.4995
-61.5502
-61.6005
-61.6504
-61.6998
-61.7487
-61.7971
-61.8448
-61.8919
-61.9384
-61.9842
-62.0292
-62.0735
-62.1171
-62.16
-62.2021
-62.2435
-62.2841
-62.324
-62.3631
-62.4015
-62.4391
-62.476
-62.5122
-62.5476
-62.5824
-62.6164
-62.6498
-62.6825
-62.7145
-62.7458
-62.7765
-62.8066
-62.7458
-62.5782
-62.4586
-62.3769
-62.3236
-62.2799
-62.0564
-61.8815
-61.7556
-61.67
-61.5931
-61.3232
-61.0855
-60.9155
-60.7941
-60.4533
-59.8716
-58.9459
-58.0246
-57.0224
-56.2339
-55.6559
-55.0691
-54.5926
-53.9108
-53.3438
-52.922
-52.6014
-52.3355
-52.0987
-51.8814
-51.7254
-51.589
-51.4671
-51.383
-51.3149
-51.1919
-51.1205
-51.0852
-51.0758
-51.0181
-50.9801
-50.9763
-51.0015
-51.0086
-50.9963
-50.993
-50.9823
-50.9821
-50.9855
-50.9786
-50.9485
-50.9062
-50.874
-50.8363
-50.7853
-50.7099
-50.6824
-50.6492
-50.6549
-50.6863
-50.7406
-50.8131
-50.9018
-51.0052
-51.1218
-51.2506
-51.3907
-51.5412
-51.701
-51.8687
-52.0434
-52.2242
-52.4103
-52.6014
-52.7966
-52.9948
-53.1952
-53.3974
-53.5289
-53.6347
-53.671
-53.6504
-53.4867
-53.2135
-52.9878
-52.8049
-52.7039
-52.4704
-52.2439
-52.0545
-51.8784
-51.7446
-51.5681
-51.4359
-51.2707
-51.075
-50.8659
-50.6882
-50.4874
-50.2533
-49.7958
-49.2238
-48.6693
-48.1657
-47.7207
-47.2648
-46.7805
-46.1911
-45.466
-44.4674
-42.8185
-39.4741
-16.8922
33.0781
-14.0108
-44.9947
-58.5972
-62.1221
-63.075
-63.3073
-63.285
-63.1428
-62.972
-62.8135
-62.6745
-62.5558
-62.4556
-62.3721
-62.3035
-62.2479
-62.2037
-62.1694
-62.1438
-62.1258
-62.1145
-62.109
-62.1085
-62.1125
-62.1204
-62.1317
-62.1459
-62.1627
-62.1817
-62.2026
-62.2252
-62.2492
-62.2745
-62.3008
-62.3279
-62.3558
-62.3842
-62.4131
-62.4423
-62.4717
-62.5012
-62.5309
-62.5605
-62.5901
-62.6196
-62.6489
-62.678
-62.7069
-62.7355
-62.7638
-62.7917
-62.8194
-62.8467
-62.8736
-62.9001
-62.9263
-62.952
-62.9774
-63.0023
-63.0268
-63.0509
-63.0746
-63.0978
-63.1207
-63.1431
-63.1651
-63.1867
-63.208
-63.2288
-63.2492
-63.2693
-63.2889
-63.3082
-63.3271
-63.3457
-63.3639
-63.3818
-63.3993
-63.4164
-63.4333
-63.4498
-63.466
-63.4819
-63.4975
-63.5128
-63.4739
-63.4498
-63.4349
-63.4282
-63.2604
-63.0739
-62.9144
-62.6776
-62.4314
-62.2545
-62.1086
-61.8031
-61.5182
-61.1875
-60.7911
-60.4566
-60.2055
-59.8377
-58.6441
-57.3549
-56.4361
-55.7568
-55.2197
-54.6259
-54.1716
-53.6906
-53.3287
-53.0545
-52.8287
-52.6554
-52.5301
-52.4458
-52.3956
-52.354
-52.2429
-52.0574
-51.9262
-51.765
-51.6233
-51.5172
-51.4516
-51.3771
-51.3299
-51.2824
-51.2739
-51.2764
-51.2657
-51.2228
-51.0932
-51.0114
-50.9541
-50.9424
-50.96
-51.0019
-51.0636
-51.1427
-51.2376
-51.3467
-51.4689
-51.5728
-51.6907
-51.8231
-51.9687
-52.0847
-52.2143
-52.3585
-52.5153
-52.681
-52.8227
-52.974
-53.1355
-53.306
-53.4824
-53.6632
-53.8474
-54.0339
-54.222
-54.4111
-54.5668
-54.7172
-54.8296
-54.961
-55.0604
-55.1467
-55.2389
-55.303
-55.35
-55.3796
-55.444
-55.5305
-55.6332
-55.7464
-55.8002
-55.7938
-55.8326
-55.8956
-55.9434
-55.9492
-55.8758
-55.78
-55.5738
-55.3708
-55.0592
-54.8198
-54.4619
-54.0899
-53.6687
-53.1767
-52.7779
-52.3755
-51.8635
-51.2433
-50.7133
-50.3164
-49.9978
-49.7116
-49.4562
-49.1822

