-70
-69.8623
-69.7285
-69.5983
-69.4718
-69.3487
-69.2291
-69.1128
-68.9997
-68.8897
-68.7828
-68.6789
-68.5778
-68.4795
-68.3839
-68.291
-68.2007
-68.1128
-68.0274
-67.9443
-67.8636
-67.7851
-67.7087
-67.6345
-67.5623
-67.4921
-67.4238
-67.3574
-67.2929
-67.2301
-67.1691
-67.1098
-67.0521
-66.996
-66.9414
-66.8884
-66.8368
-66.7866
-66.7378
-66.6904
-66.6443
-66.5994
-66.5558
-66.5133
-66.4721
-66.432
-66.393
-66.355
-66.3181
-66.2823
-66.2474
-66.2134
-66.1805
-66.1484
-66.1172
-66.0868
-66.0573
-66.0286
-66.0007
-65.9736
-65.9472
-65.9215
-65.8966
-65.8723
-65.8487
-65.8257
-65.8034
-65.7817
-65.7606
-65.74
-65.72
-65.7006
-65.6817
-65.6633
-65.6455
-65.6281
-65.6112
-65.5948
-65.5788
-65.5632
-65.5481
-65.5334
-65.5191
-65.5052
-65.4917
-65.4785
-65.4657
-65.4533
-65.4412
-65.4294
-65.418
-65.4068
-65.396
-65.3855
-65.3752
-65.3653
-65.3556
-65.3462
-65.337
-65.3281
-65.3194
-65.311
-65.3028
-65.2948
-65.2871
-65.2795
-65.2722
-65.2651
-65.2581
-65.2514
-65.2448
-65.2385
-65.2322
-65.2262
-65.2203
-65.2146
-65.2091
-65.2037
-65.1984
-65.1933
-65.1884
-65.1835
-65.1788
-65.1743
-65.1698
-65.1655
-65.1613
-65.1572
-65.1532
-65.1493
-65.1456
-65.1419
-65.1384
-65.1349
-65.1315
-65.1283
-65.1251
-65.122
-65.119
-65.1161
-65.1132
-65.1104
-65.1077
-65.1051
-65.1026
-65.1001
-65.0977
-65.0953
-65.0931
-65.0908
-65.0887
-65.0866
-65.0845
-65.0826
-65.0806
-65.0788
-65.0769
-65.0752
-65.0734
-65.0718
-65.0701
-65.0685
-65.067
-65.0655
-65.064
-65.0626
-65.0612
-65.0599
-65.0586
-65.0573
-65.0561
-65.0549
-65.0537
-65.0526
-65.0514
-65.0504
-65.0493
-65.0483
-65.0473
-65.0464
-65.0454
-65.0445
-65.0436
-65.0428
-65.0419
-65.0411
-65.0403
-65.0395
-65.0388
-65.0381
-65.0374
-65.0367
-65.036
-65.0353
-65.0347
-65.0341
-65.0335
-65.0329
-65.0323
-65.0318
-65.0313
-65.0307
-65.0302
-65.0297
-65.0293
-65.0288
-65.0283
-65.0279
-65.0275
-65.027
-65.0266
-65.0262
-65.0259
-65.0255
-65.0251
-65.0248
-65.0244
-65.0241
-65.0238
-65.0234
-65.0231
-65.0228
-65.0225
-65.0223
-65.022
-65.0217
-65.0215
-65.0212
-65.021
-65.0207
-65.0205
-65.0203
-65.02
-65.0198
-65.0196
-65.0194
-65.0192
-65.019
-65.0188
-65.0187
-65.0185
-65.0183
-65.0181
-65.018
-65.0178
-65.0177
-65.0175
-65.0174
-65.0172
-65.0171
-65.017
-65.0168
-65.0167
-65.0166
-65.0165
-65.0163
-65.0162
-65.0161
-65.016
-65.0159
-65.0158
-65.0157
-65.0156
-65.0155
-65.0154
-65.0153
-65.0153
-65.0152
-65.0151
-65.015
-65.0149
-65.0149
-65.0148
-65.0147
-65.0147
-65.0146
-65.0145
-65.0145
-65.0144
-65.0143
-65.0143
-65.0142
-65.0142
-65.0141
-65.0141
-65.014
-65.014
-65.0139
-65.0139
-65.0138
-65.0138
-65.0137
-65.0137
-65.0137
-65.0136
-65.0136
-65.0135
-65.0135
-65.0135
-65.0134
-65.0134
-65.0134
-65.0133
-65.0133
-65.0133
-65.0133
-65.0132
-65.0132
-65.0132
-65.0131
-65.0131
-65.0131
-65.0131
-65.0131
-65.013
-65.013
-65.013
-65.013
-65.0129
-65.0129
-65.0129
-65.0129
-65.0129
-65.0129
-65.0128
-65.0128
-65.0128
-65.0128
-65.0128
-65.0128
-65.0127
-65.0127
-65.0127
-65.0127
-65.0127
-65.0127
-65.0127
-65.0127
-65.0126
-65.0126
-65.0126
-65.0126
-65.0126
-65.0126
-65.0126
-65.0126
-65.0126
-65.0126
-65.0125
-65.0125
-65.0125
-65.0125
-65.0125
-65.0125
-65.0125
-65.0125
-65.0125
-65.0125
-65.0125
-65.0125
-65.0125
-65.0124
-65.0124
-65.0124
-65.0124
-65.0124
-65.0124
-65.0124
-65.0124
-65.0124
-65.0124
-65.0124
-65.0124
-65.0124
-65.0124
-65.0124
-65.0124
-65.0124
-65.0124
-65.0124
-65.0124
-65.0124
-65.0124
-65.0124
-65.0123
-65.0123
-65.0123
-65.0123
-65.0123
-65.0123
-65.0123
-65.0123
-65.0123
-65.0123
-65.0123
-65.0123
-65.0123
-65.0123
-65.0123
-65.0123
-65.0123
-65.0123
-65.0123
-65.0123
-65.0123
-65.0123
-65.0123
-65.0123
-65.0123
-65.0123
-65.0123
-65.0123
-65.0123
-65.0123
-65.0123
-65.0123
-65.0123
-65.0123
-65.0123
-65.0123
-65.0123
-65.0123
-65.0123
-65.0123
-65.0123
-65.0123
-65.0123
-65.0123
-65.0123
-65.0123
-65.0123
-65.0123
-65.0123
-65.0123
-65.0123
-65.0123
-65.0123
-65.0123
-65.0123
-65.0123
-65.0123
-65.0123
-65.0123
-65.0123
-65.0123
-65.0123
-65.0123
-65.0123
-65.0123
-65.0123
-65.0123
-65.0123
-65.0123
-65.0123
-65.0123
-65.0123
-65.0123
-65.0123
-64.6429
-64.3402
-64.1155
-63.9555
-63.8313
-63.7321
-63.6525
-63.5889
-63.5388
-63.5
-63.4707
-63.4497
-63.4356
-63.4276
-63.4246
-63.4261
-63.4313
-63.4398
-63.451
-63.4646
-63.4802
-63.4976
-63.5163
-63.5362
-63.5572
-63.5789
-63.6013
-63.6243
-63.6476
-63.6712
-63.695
-63.7189
-63.7428
-63.7667
-63.7391
-63.6384
-63.5776
-63.5373
-63.5138
-63.4997
-63.4925
-63.4908
-63.4937
-63.5004
-63.5102
-63.5225
-63.5371
-63.5534
-63.5712
-63.5903
-63.5562
-63.525
-63.4572
-63.2796
-63.1609
-63.0123
-62.6344
-62.3777
-61.9483
-61.4507
-60.9888
-60.1884
-59.4729
-58.5967
-57.9171
-57.2272
-56.734
-56.3562
-55.8642
-55.3284
-54.8369
-54.2318
-53.7739
-53.2861
-52.8995
-52.6102
-52.3442
-52.0948
-51.9109
-51.7782
-51.6791
-51.5868
-51.5324
-51.5074
-51.5088
-51.4929
-51.5051
-51.5224
-51.5446
-51.5928
-51.6608
-51.7462
-51.8444
-51.8851
-51.9502
-52.037
-52.1185
-52.2016
-52.3056
-52.388
-52.4469
-52.524
-52.5844
-52.6681
-52.772
-52.8927
-53.0184
-53.1147
-53.2065
-53.3068
-53.4269
-53.5607
-53.7046
-53.8558
-53.9789
-54.1008
-54.1996
-54.3012
-54.3823
-54.446
-54.4889
-54.5662
-54.6501
-54.6579
-54.6565
-54.697
-54.6955
-54.561
-54.3541
-54.1919
-54.089
-54.0098
-53.9482
-53.7413
-53.5812
-53.4098
-53.1871
-52.8768
-52.5804
-52.2131
-51.5881
-50.9465
-50.3876
-49.9017
-49.4559
-49.0677
-48.7169
-48.3939
-48.0526
-47.6314
-47.1967
-46.7429
-46.1835
-45.46
-44.4736
-42.9626
-39.8318
-20.7203
35.3995
-11.9413
-42.6752
-57.1472
-60.9847
-62.1343
-62.5369
-62.6645
-62.6805
-62.6535
-62.613
-62.5719
-62.5353
-62.5048
-62.4808
-62.463
-62.4509
-62.4439
-62.4413
-62.4426
-62.4473
-62.455
-62.4653
-62.4778
-62.4923
-62.5085
-62.5261
-62.545
-62.5651
-62.586
-62.6077
-62.63
-62.6529
-62.6762
-62.6998
-62.7236
-62.7477
-62.7718
-62.7959
-62.8201
-62.8441
-62.8681
-62.8919
-62.9156
-62.9391
-62.9623
-62.9853
-63.008
-63.0305
-63.0527
-63.0745
-63.0961
-63.1173
-63.1383
-63.1589
-63.1791
-63.1991
-63.2187
-63.2379
-63.2569
-63.2755
-63.2938
-63.3118
-63.3294
-63.3468
-63.3638
-63.325
-63.0699
-62.9016
-62.7782
-62.6937
-62.5818
-62.436
-62.3334
-62.2578
-62.2041
-62.1231
-61.8786
-61.6653
-61.4408
-61.2881
-61.0058
-60.2448
-59.1466
-58.2065
-57.278
-56.5546
-56.0167
-55.4983
-55.0482
-54.4635
-53.9386
-53.555
-53.2645
-53.0264
-52.8157
-52.6233
-52.4911
-52.4036
-52.3538
-52.2963
-52.2418
-52.221
-52.1697
-52.16
-52.1777
-52.1888
-52.2292
-52.2913
-52.3732
-52.4608
-52.4742
-52.4444
-52.4507
-52.4687
-52.5097
-52.552
-52.5889
-52.6061
-52.6175
-52.6311
-52.6446
-52.6453
-52.6035
-52.6079
-52.6098
-52.6524
-52.7201
-52.7495
-52.7909
-52.8613
-52.9324
-53.0025
-53.0969
-53.2083
-53.334
-53.4704
-53.6157
-53.7683
-53.9269
-54.0904
-54.2579
-54.4022
-54.4974
-54.6087
-54.7065
-54.827
-54.9591
-55.052
-55.0677
-55.0547
-54.8743
-54.6924
-54.5262
-54.359
-54.2625
-54.1799
-54.1245
-54.093
-54.0344
-53.9495
-53.7309
-53.352
-52.8463
-52.3834
-51.8965
-51.4872
-51.1117
-50.7351
-50.3503
-49.987
-49.6898
-49.4388
-49.2067
-48.9685
-48.745
-48.5474
-48.3667
-48.1722
-47.9457
-47.6797
-47.3838
-47.066
-46.6587
-46.089
-45.3622
-44.3796
-42.8114
-39.423
-14.4658
31.5988
-15.6854
-46.7176
-59.6367
-63.1227
-64.1963
-64.565
-64.6688
-64.6664
-64.623
-64.566
-64.4644
-64.3725
-64.2939
-64.2277
-64.1703
-64.1202
-64.0762
-64.0377
-64.0038
-63.9742
-63.9483
-63.9256
-63.9059
-63.8887
-63.8739
-63.8611
-63.8502
-63.841
-63.8333
-63.827
-63.8218
-63.8178
-63.8147
-63.8125
-63.8111
-63.8104
-63.8104
-63.8109
-63.8119
-63.8133
-63.8152
-63.8174
-63.82
-63.8228
-63.8259
-63.8292
-63.8327
-63.8364
-63.8403
-63.8443
-63.8484
-63.8526
-63.8569
-63.8613
-63.8657
-63.8703
-63.8748
-63.8794
-63.884
-63.8887
-63.8933
-63.898
-63.9027
-63.9074
-63.9121
-63.9168
-63.9215
-63.9262
-63.9309
-63.9355
-63.9402
-63.9448
-63.9494
-63.954
-63.9586
-63.9632
-63.9677
-63.9723
-63.9606
-63.7544
-63.2911
-62.9713
-62.6829
-62.4481
-62.2398
-62.0671
-61.8526
-61.6128
-61.3887
-61.0134
-60.7364
-60.5309
-60.2863
-59.161
-57.9221
-57.0183
-56.3727
-55.8789
-55.3588
-54.9622
-54.5243
-54.1823
-53.9106
-53.7128
-53.541
-53.4225
-53.345
-53.3032
-53.2541
-53.1544
-52.9119
-52.7182
-52.5458
-52.3588
-52.2356
-52.1641
-52.1351
-52.1367
-52.1633
-52.1817
-52.2227
-52.2858
-52.3032
-52.2694
-52.2849
-52.3224
-52.3591
-52.4254
-52.4901
-52.5683
-52.6582
-52.7416
-52.8472
-52.9678
-53.1015
-53.245
-53.3967
-53.5553
-53.7197
-53.8887
-54.0613
-54.2368
-54.4146
-54.5942
-54.775
-54.9564
-55.1378
-55.3189
-55.4995
-55.6791
-55.8575
-56.0344
-56.2094
-56.3795
-56.4903
-56.5353
-56.5884
-56.5992
-56.6123
-56.6477
-56.71
-56.6996
-56.6807
-56.7013
-56.7491
-56.8163
-56.8962
-56.986
-57.0479
-57.0646
-57.1056
-57.1679
-57.2465
-57.3277
-57.3324
-57.233
-57.1153
-56.867
-56.5023
-56.1135
-55.729
-55.2216
-54.7055
-54.2359
-53.7484
-53.1899
-52.6339
-52.1857
-51.8147
-51.5136
-51.2859
-50.9969
-50.7153

