-70
-69.8623
-69.7285
-69.5983
-69.4718
-69.3487
-69.2291
-69.1128
-68.9997
-68.8897
-68.7828
-68.6789
-68.5778
-68.4795
-68.3839
-68.291
-68.2007
-68.1128
-68.0274
-67.9443
-67.8636
-67.7851
-67.7087
-67.6345
-67.5623
-67.4921
-67.4238
-67.3574
-67.2929
-67.2301
-67.1691
-67.1098
-67.0521
-66.996
-66.9414
-66.8884
-66.8368
-66.7866
-66.7378
-66.6904
-66.6443
-66.5994
-66.5558
-66.5133
-66.4721
-66.432
-66.393
-66.355
-66.3181
-66.2823
-66.2474
-66.2134
-66.1805
-66.1484
-66.1172
-66.0868
-66.0573
-66.0286
-66.0007
-65.9736
-65.9472
-65.9215
-65.8966
-65.8723
-65.8487
-65.8257
-65.8034
-65.7817
-65.7606
-65.74
-65.72
-65.7006
-65.6817
-65.6633
-65.6455
-65.6281
-65.6112
-65.5948
-65.5788
-65.5632
-65.5481
-65.5334
-65.5191
-65.5052
-65.4917
-65.4785
-65.4657
-65.4533
-65.4412
-65.4294
-65.418
-65.4068
-65.396
-65.3855
-65.3752
-65.3653
-65.3556
-65.3462
-65.337
-65.3281
-65.3194
-65.311
-65.3028
-65.2948
-65.2871
-65.2795
-65.2722
-65.2651
-65.2581
-65.2514
-65.2448
-65.2385
-65.2322
-65.2262
-65.2203
-65.2146
-65.2091
-65.2037
-65.1984
-65.1933
-65.1884
-65.1835
-65.1788
-65.1743
-65.1698
-65.1655
-65.1613
-65.1572
-65.1532
-65.1493
-65.1456
-65.1419
-65.1384
-65.1349
-65.1315
-65.1283
-65.1251
-65.122
-65.119
-65.1161
-65.1132
-65.1104
-65.1077
-65.1051
-65.1026
-65.1001
-65.0977
-65.0953
-65.0931
-65.0908
-65.0887
-65.0866
-65.0845
-65.0826
-65.0806
-65.0788
-65.0769
-65.0752
-65.0734
-65.0718
-65.0701
-65.0685
-65.067
-65.0655
-65.064
-65.0626
-65.0612
-65.0599
-65.0586
-65.0573
-65.0561
-65.0549
-65.0537
-65.0526
-65.0514
-65.0504
-65.0493
-65.0483
-65.0473
-65.0464
-65.0454
-65.0445
-65.0436
-65.0428
-65.0419
-65.0411
-65.0403
-65.0395
-65.0388
-65.0381
-65.0374
-65.0367
-65.036
-65.0353
-65.0347
-65.0341
-65.0335
-65.0329
-65.0323
-65.0318
-65.0313
-65.0307
-65.0302
-65.0297
-65.0293
-65.0288
-65.0283
-65.0279
-65.0275
-65.027
-65.0266
-65.0262
-65.0259
-65.0255
-65.0251
-65.0248
-65.0244
-65.0241
-65.0238
-65.0234
-65.0231
-65.0228
-65.0225
-65.0223
-65.022
-65.0217
-65.0215
-65.0212
-65.021
-65.0207
-65.0205
-65.0203
-65.02
-65.0198
-65.0196
-65.0194
-65.0192
-65.019
-65.0188
-65.0187
-65.0185
-65.0183
-65.0181
-65.018
-65.0178
-65.0177
-65.0175
-65.0174
-65.0172
-65.0171
-65.017
-65.0168
-65.0167
-65.0166
-65.0165
-65.0163
-65.0162
-65.0161
-65.016
-65.0159
-65.0158
-65.0157
-65.0156
-65.0155
-65.0154
-65.0153
-65.0153
-65.0152
-65.0151
-65.015
-65.0149
-65.0149
-65.0148
-65.0147
-65.0147
-65.0146
-65.0145
-65.0145
-65.0144
-65.0143
-65.0143
-65.0142
-65.0142
-65.0141
-65.0141
-65.014
-65.014
-65.0139
-65.0139
-65.0138
-65.0138
-65.0137
-65.0137
-65.0137
-65.0136
-65.0136
-65.0135
-65.0135
-65.0135
-65.0134
-65.0134
-65.0134
-65.0133
-65.0133
-65.0133
-65.0133
-65.0132
-65.0132
-65.0132
-65.0131
-65.0131
-65.0131
-65.0131
-65.0131
-65.013
-65.013
-65.013
-65.013
-65.0129
-65.0129
-65.0129
-65.0129
-65.0129
-65.0129
-65.0128
-65.0128
-65.0128
-65.0128
-65.0128
-65.0128
-65.0127
-65.0127
-65.0127
-65.0127
-65.0127
-65.0127
-65.0127
-65.0127
-65.0126
-65.0126
-65.0126
-65.0126
-65.0126
-65.0126
-65.0126
-65.0126
-65.0126
-65.0126
-65.0125
-65.0125
-65.0125
-65.0125
-65.0125
-65.0125
-65.0125
-65.0125
-65.0125
-65.0125
-65.0125
-65.0125
-65.0125
-65.0124
-65.0124
-65.0124
-65.0124
-65.0124
-65.0124
-65.0124
-65.0124
-65.0124
-65.0124
-65.0124
-65.0124
-65.0124
-65.0124
-65.0124
-65.0124
-65.0124
-65.0124
-65.0124
-65.0124
-65.0124
-65.0124
-65.0124
-65.0123
-65.0123
-65.0123
-65.0123
-65.0123
-65.0123
-65.0123
-65.0123
-65.0123
-65.0123
-65.0123
-65.0123
-65.0123
-65.0123
-65.0123
-65.0123
-65.0123
-65.0123
-65.0123
-65.0123
-65.0123
-65.0123
-65.0123
-65.0123
-65.0123
-65.0123
-65.0123
-65.0123
-65.0123
-65.0123
-65.0123
-65.0123
-65.0123
-65.0123
-65.0123
-65.0123
-65.0123
-65.0123
-65.0123
-65.0123
-65.0123
-65.0123
-65.0123
-65.0123
-65.0123
-65.0123
-65.0123
-65.0123
-65.0123
-65.0123
-65.0123
-65.0123
-65.0123
-65.0123
-65.0123
-65.0123
-65.0123
-65.0123
-65.0123
-65.0123
-65.0123
-65.0123
-65.0123
-65.0123
-65.0123
-65.0123
-65.0123
-65.0123
-65.0123
-65.0123
-65.0123
-65.0123
-65.0123
-65.0123
-64.8272
-64.6749
-64.5616
-64.4807
-64.4179
-64.3677
-64.3273
-64.2951
-64.2696
-64.2499
-64.2351
-64.2244
-64.2173
-64.2132
-64.2117
-64.2125
-64.2152
-64.2195
-64.2252
-64.2321
-64.2401
-64.2489
-64.2584
-64.2685
-64.2792
-64.2902
-64.3016
-64.3133
-64.3251
-64.3371
-64.3491
-64.3613
-64.3734
-64.3855
-64.2678
-63.967
-63.7677
-63.6204
-63.516
-63.4354
-63.3729
-63.3248
-63.2887
-63.2626
-63.245
-63.2345
-63.2302
-63.231
-63.2362
-63.2452
-63.2575
-63.2724
-63.2896
-63.0451
-62.8434
-62.5542
-61.7436
-61.1809
-60.6038
-60.0319
-59.5224
-58.5578
-57.7285
-56.7984
-56.069
-55.408
-54.9043
-54.5193
-54.0647
-53.6305
-53.2688
-52.7131
-52.3122
-51.7886
-51.3534
-51.0203
-50.7628
-50.5263
-50.3133
-50.1106
-49.9352
-49.7964
-49.6617
-49.5432
-49.4492
-49.2615
-49.112
-48.9545
-48.7856
-48.6429
-48.4949
-48.3378
-48.1924
-48.0497
-47.9041
-47.7297
-47.5189
-47.2535
-46.965
-46.5973
-46.1317
-45.4694
-44.5684
-43.1455
-40.2069
-24.6712
37.3065
-10.6079
-42.1972
-57.3917
-61.4916
-62.7942
-63.2984
-63.4623
-63.4926
-63.3857
-63.2961
-63.218
-63.1549
-63.102
-62.996
-62.8728
-62.6871
-62.468
-62.2586
-62.0427
-61.8391
-61.6047
-61.2069
-60.7956
-60.4049
-60.0891
-59.8054
-59.5172
-59.0346
-58.5283
-57.9574
-57.3828
-56.765
-56.1304
-55.4022
-54.7194
-54.0354
-53.4788
-53.0567
-52.6988
-52.3637
-52.1074
-51.8646
-51.6179
-51.3715
-51.1911
-50.968
-50.7936
-50.6394
-50.5106
-50.4105
-50.3453
-50.3081
-50.2944
-50.2754
-50.2692
-50.2863
-50.3233
-50.3777
-50.4471
-50.5305
-50.6269
-50.7355
-50.8556
-50.9866
-51.1275
-51.2776
-51.4364
-51.6033
-51.7772
-51.9569
-52.1418
-52.3311
-52.5244
-52.7213
-52.9207
-53.1219
-53.3244
-53.5277
-53.7315
-53.9353
-54.1385
-54.3407
-54.5417
-54.7414
-54.9393
-55.1351
-55.3286
-55.5198
-55.7085
-55.8945
-56.0778
-56.2581
-56.4354
-56.6097
-56.781
-56.9493
-57.1144
-57.2763
-57.435
-57.5907
-57.7432
-57.8927
-58.0391
-58.1823
-58.3225
-58.4597
-58.594
-58.7253
-58.8538
-58.9794
-59.1022
-59.2222
-59.3396
-59.4542
-59.5662
-59.6757
-59.7827
-59.7993
-59.7074
-59.6737
-59.6705
-59.6916
-59.7218
-59.5846
-59.4629
-59.393
-59.362
-59.325
-59.0615
-58.601
-58.2031
-57.8864
-57.511
-56.9003
-56.0956
-55.4101
-54.5161
-53.7904
-53.2547
-52.7521
-52.3366
-51.6709
-51.1094
-50.6793
-50.3447
-50.0733
-49.8019
-49.5495
-49.3375
-49.1432
-48.9592
-48.7865
-48.5856
-48.2549
-47.9293
-47.5758
-47.1725
-46.7545
-46.2608
-45.6434
-44.8259
-43.5783
-41.152
-32.6118
42.0337
-0.513203
-35.3598
-56.1528
-61.7164
-63.2299
-63.6278
-63.629
-63.3404
-63.0327
-62.7723
-62.5586
-62.381
-62.2325
-62.0443
-61.819
-61.5393
-61.3339
-61.1775
-61.0602
-60.9695
-60.9001
-60.8485
-60.812
-60.7884
-60.7758
-60.7726
-60.7777
-60.7897
-60.7858
-60.729
-60.6425
-60.574
-60.4274
-60.2942
-60.2066
-59.9481
-59.6368
-59.3681
-59.1735
-58.9773
-58.7769
-58.6104
-58.4239
-58.1541
-57.8374
-57.4867
-57.1926
-56.8907
-56.5716
-56.2526
-55.8353
-55.3563
-54.889
-54.457
-53.9537
-53.4034
-52.9267
-52.5007
-52.1683
-51.8924
-51.6655
-51.4734
-51.2429
-51.0204
-50.8334
-50.6408
-50.4584
-50.2941
-50.1793
-50.1005
-50.0164
-49.9628
-49.9335
-49.9267
-49.885
-49.8577
-49.8561
-49.877
-49.9161
-49.971
-50.0404
-50.1234
-50.2194
-50.328
-50.4485
-50.5805
-50.7227
-50.8745
-51.0353
-51.2042
-51.3809
-51.5647
-51.7551
-51.9508
-52.1508
-52.3544
-52.5613
-52.7708
-52.9823
-53.1948
-53.4077
-53.621
-53.834
-54.0464
-54.2573
-54.4668
-54.6745
-54.8803
-55.0838
-55.2846
-55.4828
-55.6781
-55.8707
-56.0601
-56.2463
-56.4293
-56.609
-56.7854
-56.9586
-57.1284
-57.2947
-57.4577
-57.6174
-57.7738
-57.927
-58.0768
-58.2234
-58.3668
-58.507
-58.6441
-58.7781
-58.9092
-59.0373
-59.1624
-59.2846
-59.404
-59.5207
-59.6346
-59.7459
-59.8546
-59.9608
-60.0644
-60.1656
-60.2643
-60.3607
-60.4548
-60.5467
-60.6364
-60.7239
-60.8093
-60.8927
-60.9741
-61.0536
-61.1311
-61.2067
-61.2377
-60.948
-60.5373
-60.2637
-59.9397
-59.6329
-59.4176
-59.2645
-59.0605
-58.8875
-58.7055
-58.3977
-58.1884
-58.0402
-57.6806
-56.4265
-55.276
-54.4558
-53.8726
-53.4254
-52.9389
-52.5737
-52.0643
-51.6424
-51.246
-50.8996
-50.6329
-50.4233
-50.2585
-50.1283
-50.0273
-49.8794
-49.6154
-49.3921
-49.0668
-48.7596
-48.4975
-48.2489
-47.9981
-47.7436
-47.4226
-47.049
-46.6143
-46.1132
-45.4128
-44.3582
-42.6849
-39.0739
-8.72259
29.0036
-17.5413
-48.656
-60.8514
-64.0299
-64.8875
-65.0751
-65.0093
-64.8734
-64.7249
-64.5411
-64.3337
-64.1452
-63.9575
-63.7905
-63.6215
-63.4627
-63.3355
-63.231
-63.1449
-63.0729
-63.0127
-62.9627
-62.9214
-62.8878
-62.8609
-62.8398
-62.8237
-62.8121
-62.7746
-62.5771
-62.4276
-62.3184
-62.243
-62.1837
-62.0884
-62.0217
-61.9734
-61.9411
-61.9198
-61.8801
-61.7925
-61.7213
-61.6346
-61.5527
-61.3221
-61.0467
-60.5559
-60.0509
-59.6006
-59.2203
-58.7948
-58.3819
-57.8953
-57.2747
-56.6679
-56.2217
-55.6909
-55.075
-54.4122
-53.84
-53.4219
-53.0883
-52.8147
-52.6097
-52.3398

