-70
-70.0758
-70.1508
-70.225
-70.2983
-70.3706
-70.4419
-70.5122
-70.5814
-70.6496
-70.7168
-70.7829
-70.848
-70.9121
-70.9752
-71.0373
-71.0984
-71.1586
-71.2178
-71.2761
-71.3334
-71.3899
-71.4455
-71.5003
-71.5543
-71.6074
-71.6598
-71.7114
-71.7623
-71.8124
-71.8619
-71.9106
-71.9587
-72.006
-72.0527
-72.0988
-72.1442
-72.1889
-72.2331
-72.2766
-72.3196
-72.362
-72.4038
-72.445
-72.4857
-72.5258
-72.5654
-72.6045
-72.6431
-72.6812
-72.7188
-72.756
-72.7927
-72.8289
-72.8647
-72.9
-72.9349
-72.9694
-73.0035
-73.0371
-73.0704
-73.1032
-73.1357
-73.1678
-73.1994
-73.2307
-73.2617
-73.2922
-73.3224
-73.3523
-73.3817
-73.4109
-73.4397
-73.4682
-73.4963
-73.5241
-73.5516
-73.5788
-73.6057
-73.6323
-73.6585
-73.6845
-73.7102
-73.7356
-73.7608
-73.7857
-73.8103
-73.8346
-73.8587
-73.8825
-73.9061
-73.9294
-73.9524
-73.9753
-73.9979
-74.0202
-74.0423
-74.0642
-74.0859
-74.1073
-74.1285
-74.1495
-74.1703
-74.1909
-74.2112
-74.2313
-74.2513
-74.271
-74.2905
-74.3098
-74.329
-74.3479
-74.3666
-74.3852
-74.4036
-74.4217
-74.4397
-74.4575
-74.4752
-74.4926
-74.5099
-74.527
-74.544
-74.5607
-74.5774
-74.5938
-74.6101
-74.6262
-74.6422
-74.658
-74.6736
-74.6891
-74.7045
-74.7197
-74.7347
-74.7496
-74.7644
-74.779
-74.7935
-74.8079
-74.8221
-74.8362
-74.8501
-74.864
-74.8777
-74.8913
-74.9047
-74.918
-74.9313
-74.9443
-74.9573
-74.9701
-74.9829
-74.9955
-75.008
-75.0204
-75.0327
-75.0448
-75.0569
-75.0688
-75.0806
-75.0924
-75.104
-75.1155
-75.1269
-75.1382
-75.1495
-75.1606
-75.1716
-75.1825
-75.1933
-75.204
-75.2147
-75.2252
-75.2356
-75.246
-75.2562
-75.2664
-75.2764
-75.2864
-75.2963
-75.3061
-75.3158
-75.3255
-75.335
-75.3445
-75.3538
-75.3631
-75.3724
-75.3815
-75.3906
-75.3995
-75.4084
-75.4172
-75.426
-75.4346
-75.4432
-75.4518
-75.4602
-75.4686
-75.4769
-75.4851
-75.4932
-75.5013
-75.5093
-75.5173
-75.5251
-75.533
-75.5407
-75.5484
-75.556
-75.5635
-75.571
-75.5784
-75.5858
-75.593
-75.6003
-75.6074
-75.6145
-75.6216
-75.6285
-75.6355
-75.6423
-75.6491
-75.6559
-75.6626
-75.6692
-75.6758
-75.6823
-75.6888
-75.6952
-75.7015
-75.7078
-75.7141
-75.7203
-75.7264
-75.7325
-75.7386
-75.7446
-75.7505
-75.7564
-75.7622
-75.768
-75.7738
-75.7795
-75.7851
-75.7907
-75.7963
-75.8018
-75.8072
-75.8127
-75.818
-75.8234
-75.8287
-75.8339
-75.8391
-75.8443
-75.8494
-75.8545
-75.8595
-75.8645
-75.8695
-75.8744
-75.8793
-75.8841
-75.8889
-75.8937
-75.8984
-75.9031
-75.9077
-75.9123
-75.9169
-75.9214
-75.9259
-75.9304
-75.9348
-75.9392
-75.9436
-75.9479
-75.9522
-75.9565
-75.9607
-75.9649
-75.969
-75.9731
-75.9772
-75.9813
-75.9853
-75.9893
-75.9933
-75.9972
-76.0011
-76.005
-76.0088
-76.0126
-76.0164
-76.0201
-76.0239
-76.0275
-76.0312
-76.0348
-76.0384
-76.042
-76.0456
-76.0491
-76.0526
-76.056
-76.0595
-76.0629
-76.0663
-76.0696
-76.0729
-76.0762
-76.0795
-76.0828
-76.086
-76.0892
-76.0924
-76.0955
-76.0986
-76.1017
-76.1048
-76.1079
-76.1109
-76.1139
-76.1169
-76.1198
-76.1228
-76.1257
-76.1286
-76.1314
-76.1343
-76.1371
-76.1399
-76.1427
-76.1455
-76.1482
-76.1509
-76.1536
-76.1563
-76.1589
-76.1615
-76.1642
-76.1667
-76.1693
-76.1719
-76.1744
-76.1769
-76.1794
-76.1819
-76.1843
-76.1868
-76.1892
-76.1916
-76.1939
-76.1963
-76.1986
-76.201
-76.2033
-76.2056
-76.2078
-76.2101
-76.2123
-76.2145
-76.2167
-76.2189
-76.2211
-76.2232
-76.2254
-76.2275
-76.2296
-76.2317
-76.2337
-76.2358
-76.2378
-76.2398
-76.2418
-76.2438
-76.2458
-76.2478
-76.2497
-76.2516
-76.2536
-76.2554
-76.2573
-76.2592
-76.2611
-76.2629
-76.2647
-76.2665
-76.2683
-76.2701
-76.2719
-76.2737
-76.2754
-76.2771
-76.2788
-76.2806
-76.2822
-76.2839
-76.2856
-76.2872
-76.2889
-76.2905
-76.2921
-76.2937
-76.2953
-76.2969
-76.2985
-76.3
-76.3016
-76.3031
-76.3046
-76.3061
-76.3076
-76.3091
-76.3106
-76.312
-76.3135
-76.3149
-76.3164
-76.3178
-76.3192
-76.3206
-76.322
-76.3233
-76.3247
-76.3261
-76.3274
-76.3287
-76.33
-76.3314
-76.3327
-76.334
-76.3352
-76.3365
-76.3378
-76.339
-76.3403
-76.3415
-76.3427
-76.3439
-76.3452
-76.3464
-76.3475
-76.3487
-76.3499
-76.351
-76.3522
-76.3533
-76.3545
-76.3556
-76.3567
-76.3578
-76.3589
-76.36
-76.3611
-76.3622
-76.3632
-76.3643
-76.3654
-76.3664
-76.3674
-76.3685
-76.3695
-76.3705
-76.3715
-76.3725
-76.3735
-76.3745
-76.3754
-76.3764
-76.3774
-76.3783
-76.3793
-76.3802
-76.3811
-76.382
-76.383
-76.3839
-76.3848
-76.3857
-76.3866
-76.3874
-76.3883
-76.3892
-76.39
-76.3909
-76.3917
-76.3926
-76.3934
-76.3943
-76.3951
-76.3959
-76.3967
-76.3975
-76.3983
-76.3991
-76.3999
-76.4007
-76.4014
-76.4022
-76.403
-76.4037
-76.4045
-76.4052
-76.406
-76.4067
-76.4074
-76.4082
-76.4089
-76.4096
-76.4103
-76.411
-76.4117
-73.1002
-69.0304
-65.9337
-63.559
-61.6448
-59.9422
-58.1173
-55.256
-31.589
9.72996
-27.2264
-73.2679
-79.2295
-79.1955
-79.0971
-78.9876
-78.8679
-78.7381
-78.5985
-78.4497
-78.2926
-78.1284
-77.9587
-77.7852
-77.6098
-77.4343
-77.2608
-77.0909
-76.9264
-76.7154
-76.5025
-76.3266
-76.1793
-76.0543
-75.9469
-75.8543
-72.2857
-68.6778
-66.0793
-64.1706
-62.71
-61.5263
-60.4873
-59.4695
-58.3059
-56.6116
-52.4013
42.9066
-10.6578
-42.2135
-79.0443
-79.8017
-79.7903
-79.7637
-79.7337
-79.7006
-79.6644
-79.6131
-79.3393
-79.1449
-79.0136
-78.9054
-78.8069
-78.7134
-78.6233
-78.5364
-78.4526
-78.3724
-78.2959
-78.2235
-78.1552
-78.0913
-78.0317
-77.9764
-75.4155
-71.0688
-67.7553
-65.28
-63.3721
-61.8262
-60.4664
-59.0998
-57.3884
-53.9964
44.4468
-2.79288
-34.4954
-77.5721
-79.2843
-79.2185
-79.1226
-78.9043
-78.747
-78.6069
-78.462
-78.2899
-77.9874
-77.7485
-77.4463
-77.1956
-76.9951
-76.8211
-76.6639
-76.4846
-76.3176
-76.183
-76.0711
-75.9755
-75.8928
-75.8206
-75.7574
-75.702
-75.6535
-75.6111
-75.5742
-75.5422
-75.5147
-75.4911
-75.4711
-75.4543
-75.4404
-75.429
-75.4199
-75.4128
-75.4076
-75.4039
-75.4017
-75.4008
-75.401
-75.4021
-75.4041
-75.4069
-75.4104
-75.4144
-75.419
-75.424
-75.4294
-75.4351
-75.4411
-75.4474
-75.4538
-75.4605
-75.4673
-75.4742
-75.4812
-75.4883
-75.4955
-75.5027
-75.51
-75.5172
-75.5245
-75.5318
-75.5391
-75.5464
-75.5537
-75.561
-75.5682
-75.5754
-75.5826
-75.5897
-75.5968
-75.6038
-75.6108
-75.6178
-75.6247
-75.6316
-75.6384
-75.6452
-75.6519
-75.6586
-75.6652
-75.6717
-75.2633
-71.1737
-67.4832
-64.7026
-62.5353
-60.7218
-58.9788
-56.7872
-51.3758
37.0364
-14.2891
-47.6987
-78.8082
-78.8473
-78.6947
-78.5383
-78.3682
-78.1842
-77.9866
-77.7764
-77.5547
-75.7509
-73.723
-72.4579
-71.5649
-70.8523
-70.2421
-69.7003
-69.2111
-68.4064
-65.9877
-63.9249
-62.3624
-61.0953
-59.9731
-58.8541
-57.8203
-58.0475
-58.4883
-58.9812
-59.5036
-60.0403
-59.2744
-57.8633
-56.1842
-52.9932
26.3409
-4.69227
-36.2495
-77.4801
-79.3805
-79.32
-79.1871
-79.0105
-78.8876
-78.7711
-78.6506
-78.5255
-78.3964
-78.2646
-78.1314
-77.9981
-77.866
-77.7365
-77.6107
-77.4897
-77.3742
-77.2649
-77.1622
-77.0665
-76.9779
-76.8962
-76.8215
-76.7535
-76.6919
-76.6362
-76.5863
-76.5416
-76.5017
-76.4663
-76.4349
-76.4072
-75.9606
-71.7808
-68.0243
-65.2071
-63.0304
-61.2467
-59.612
-57.7717
-54.6002
12.4298
2.76486
-31.2038
-76.2514
-79.0473
-78.9618
-78.8358
-78.6971
-78.5461
-78.3831
-78.2084
-77.3424
-75.1773
-73.8454
-72.9884
-72.3214
-71.7459
-71.2245
-70.7426
-70.2946
-70.2938
-70.4257
-70.5984
-71.0357
-71.3404
-71.5304
-71.6508
-71.7282
-71.7789
-71.813
-71.8371
-71.9595
-72.3611
-72.6876
-72.9303
-73.1151
-73.2589
-73.3732
-73.4658
-73.5423
-73.6066
-73.6617
-73.7096
-73.7519
-73.7899
-73.8244
-73.8562
-73.8857
-73.9135
-73.9399
-73.9651
-73.9893
-74.0127
-74.0355
-74.0577
-74.0794
-74.1007
-74.1216
-74.1423
-74.1627
-74.1828
-74.2027
-74.2224
-74.2419
-74.2612
-74.2803
-74.2992
-74.318
-74.3366
-74.3551
-74.3734
-74.3915
-74.4095
-74.4273
-74.445
-74.4625
-74.4798
-74.497
-74.5141
-74.531
-74.5477
-74.5643
-74.5808
-74.5971
-74.6132
-74.6292
-74.6451
-74.6608
-74.6763
-74.6917
-74.707
-74.7221
-74.7371
-74.752
-74.7667
-74.7812
-74.7957
-74.81
-74.8242
-74.8382
-74.8522
-74.866
-74.8796
-74.8932
-74.9066
-74.9199
-74.9331
-74.9461
-74.9591
-74.9719
-74.9846
-72.2589
-68.3095
-65.2775
-62.9467
-61.042
-59.2834
-57.2239
-53.0698
45.1199
-7.94825
-39.0901
-78.4642
-78.8824
-78.6948
-78.5371
-78.3663
-78.1814
-77.9826
-77.7709
-77.5475
-76.6323
-74.2644
-72.6822
-71.6333
-70.8338
-70.1697
-69.5913
-69.0754
-68.6105
-67.6407
-65.1919
-63.1663
-61.6011
-60.2847
-59.0368
-57.6249
-57.0473
-56.8167
-56.2931
-55.0304
-50.1553
33.5649
-17.6083
-53.522
-78.7888
-78.6467
-78.454
-78.2736
-78.0798
-77.8717
-77.5953
-77.2988
-77.0394
-76.7902
-76.5434
-76.2985
-76.0486
-75.8201
-75.6149
-75.4271
-75.2542
-75.0951
-74.9491
-74.8158
-74.6947
-74.5854
-74.4875
-74.4002
-74.3231
-74.2554
-74.1966
-74.1459
-74.1028
-74.0665
-74.0364
-74.0121
-73.9928
-73.9782
-73.9677
-73.961
-73.9575
-73.957
-73.959
-73.9634
-73.9698
-73.978
-73.9878
-73.9989
-71.7808
-67.9198
-64.9263
-62.6279
-60.7393
-58.9633
-56.7906
-51.7344
38.9677
-13.2722
-45.9331
-79.0259
-78.8501
-78.6208
-78.4536
-78.2745
-78.0809
-77.8734
-77.6528
-77.4206
-76.5011
-74.1184
-72.509

