-70
-69.8623
-69.7285
-69.5983
-69.4718
-69.3487
-69.2291
-69.1128
-68.9997
-68.8897
-68.7828
-68.6789
-68.5778
-68.4795
-68.3839
-68.291
-68.2007
-68.1128
-68.0274
-67.9443
-67.8636
-67.7851
-67.7087
-67.6345
-67.5623
-67.4921
-67.4238
-67.3574
-67.2929
-67.2301
-67.1691
-67.1098
-67.0521
-66.996
-66.9414
-66.8884
-66.8368
-66.7866
-66.7378
-66.6904
-66.6443
-66.5994
-66.5558
-66.5133
-66.4721
-66.432
-66.393
-66.355
-66.3181
-66.2823
-66.2474
-66.2134
-66.1805
-66.1484
-66.1172
-66.0868
-66.0573
-66.0286
-66.0007
-65.9736
-65.9472
-65.9215
-65.8966
-65.8723
-65.8487
-65.8257
-65.8034
-65.7817
-65.7606
-65.74
-65.72
-65.7006
-65.6817
-65.6633
-65.6455
-65.6281
-65.6112
-65.5948
-65.5788
-65.5632
-65.5481
-65.5334
-65.5191
-65.5052
-65.4917
-65.4785
-65.4657
-65.4533
-65.4412
-65.4294
-65.418
-65.4068
-65.396
-65.3855
-65.3752
-65.3653
-65.3556
-65.3462
-65.337
-65.3281
-65.3194
-65.311
-65.3028
-65.2948
-65.2871
-65.2795
-65.2722
-65.2651
-65.2581
-65.2514
-65.2448
-65.2385
-65.2322
-65.2262
-65.2203
-65.2146
-65.2091
-65.2037
-65.1984
-65.1933
-65.1884
-65.1835
-65.1788
-65.1743
-65.1698
-65.1655
-65.1613
-65.1572
-65.1532
-65.1493
-65.1456
-65.1419
-65.1384
-65.1349
-65.1315
-65.1283
-65.1251
-65.122
-65.119
-65.1161
-65.1132
-65.1104
-65.1077
-65.1051
-65.1026
-65.1001
-65.0977
-65.0953
-65.0931
-65.0908
-65.0887
-65.0866
-65.0845
-65.0826
-65.0806
-65.0788
-65.0769
-65.0752
-65.0734
-65.0718
-65.0701
-65.0685
-65.067
-65.0655
-65.064
-65.0626
-65.0612
-65.0599
-65.0586
-65.0573
-65.0561
-65.0549
-65.0537
-65.0526
-65.0514
-65.0504
-65.0493
-65.0483
-65.0473
-65.0464
-65.0454
-65.0445
-65.0436
-65.0428
-65.0419
-65.0411
-65.0403
-65.0395
-65.0388
-65.0381
-65.0374
-65.0367
-65.036
-65.0353
-65.0347
-65.0341
-65.0335
-65.0329
-65.0323
-65.0318
-65.0313
-65.0307
-65.0302
-65.0297
-65.0293
-65.0288
-65.0283
-65.0279
-65.0275
-65.027
-65.0266
-65.0262
-65.0259
-65.0255
-65.0251
-65.0248
-65.0244
-65.0241
-65.0238
-65.0234
-65.0231
-65.0228
-65.0225
-65.0223
-65.022
-65.0217
-65.0215
-65.0212
-65.021
-65.0207
-65.0205
-65.0203
-65.02
-65.0198
-65.0196
-65.0194
-65.0192
-65.019
-65.0188
-65.0187
-65.0185
-65.0183
-65.0181
-65.018
-65.0178
-65.0177
-65.0175
-65.0174
-65.0172
-65.0171
-65.017
-65.0168
-65.0167
-65.0166
-65.0165
-65.0163
-65.0162
-65.0161
-65.016
-65.0159
-65.0158
-65.0157
-65.0156
-65.0155
-65.0154
-65.0153
-65.0153
-65.0152
-65.0151
-65.015
-65.0149
-65.0149
-65.0148
-65.0147
-65.0147
-65.0146
-65.0145
-65.0145
-65.0144
-65.0143
-65.0143
-65.0142
-65.0142
-65.0141
-65.0141
-65.014
-65.014
-65.0139
-65.0139
-65.0138
-65.0138
-65.0137
-65.0137
-65.0137
-65.0136
-65.0136
-65.0135
-65.0135
-65.0135
-65.0134
-65.0134
-65.0134
-65.0133
-65.0133
-65.0133
-65.0133
-65.0132
-65.0132
-65.0132
-65.0131
-65.0131
-65.0131
-65.0131
-65.0131
-65.013
-65.013
-65.013
-65.013
-65.0129
-65.0129
-65.0129
-65.0129
-65.0129
-65.0129
-65.0128
-65.0128
-65.0128
-65.0128
-65.0128
-65.0128
-65.0127
-65.0127
-65.0127
-65.0127
-65.0127
-65.0127
-65.0127
-65.0127
-65.0126
-65.0126
-65.0126
-65.0126
-65.0126
-65.0126
-65.0126
-65.0126
-65.0126
-65.0126
-65.0125
-65.0125
-65.0125
-65.0125
-65.0125
-65.0125
-65.0125
-65.0125
-65.0125
-65.0125
-65.0125
-65.0125
-65.0125
-65.0124
-65.0124
-65.0124
-65.0124
-65.0124
-65.0124
-65.0124
-65.0124
-65.0124
-65.0124
-65.0124
-65.0124
-65.0124
-65.0124
-65.0124
-65.0124
-65.0124
-65.0124
-65.0124
-65.0124
-65.0124
-65.0124
-65.0124
-65.0123
-65.0123
-65.0123
-65.0123
-65.0123
-65.0123
-65.0123
-65.0123
-65.0123
-65.0123
-65.0123
-65.0123
-65.0123
-65.0123
-65.0123
-65.0123
-65.0123
-65.0123
-65.0123
-65.0123
-65.0123
-65.0123
-65.0123
-65.0123
-65.0123
-65.0123
-65.0123
-65.0123
-65.0123
-65.0123
-65.0123
-65.0123
-65.0123
-65.0123
-65.0123
-65.0123
-65.0123
-65.0123
-65.0123
-65.0123
-65.0123
-65.0123
-65.0123
-65.0123
-65.0123
-65.0123
-65.0123
-65.0123
-65.0123
-65.0123
-65.0123
-65.0123
-65.0123
-65.0123
-65.0123
-65.0123
-65.0123
-65.0123
-65.0123
-65.0123
-65.0123
-65.0123
-65.0123
-65.0123
-65.0123
-65.0123
-65.0123
-65.0123
-65.0123
-65.0123
-65.0123
-65.0123
-65.0123
-65.0123
-62.309
-60.2068
-58.6988
-57.6494
-56.8447
-56.2052
-55.6924
-55.2808
-54.9522
-54.6924
-54.4903
-54.337
-54.2255
-54.1498
-54.1052
-54.0875
-54.0932
-54.1194
-54.1635
-54.2234
-54.2972
-54.3832
-54.4798
-54.5856
-54.6995
-54.8204
-54.9472
-55.0792
-55.2155
-55.3553
-55.4981
-55.6433
-55.7903
-55.9387
-54.7437
-51.8028
-49.9102
-48.4561
-47.285
-46.162
-44.9395
-43.3694
-40.7138
-31.1658
41.972
0.425406
-32.0966
-53.0393
-58.5947
-59.833
-60.0013
-59.8835
-59.5212
-56.1883
-53.8477
-51.1833
-43.0394
-35.8626
-6.64966
24.7007
-9.65608
-29.3736
-39.4278
-38.8385
-35.3792
-28.9751
-16.2243
3.2964
-13.7682
-30.7611
-36.5897
-34.3827
-31.142
-25.7289
-15.2928
0.807333
-11.9866
-27.7149
-36.3846
-37.0427
-34.8086
-31.1948
-24.6909
-5.4189
-3.34134
-25.6273
-41.1731
-44.6594
-44.3919
-44.8537
-44.8189
-45.3146
-44.3057
-43.7247
-43.3177
-42.1868
-40.4588
-40.8375
-40.3529
-38.1527
-24.0203
10.5955
-20.9853
-44.5056
-53.3279
-53.2197
-51.1158
-48.8077
-47.9011
-46.8496
-45.8524
-45.6515
-44.707
-43.4259
-41.7989
-41.2581
-38.8107
-34.8334
14.598
1.80529
-29.7392
-50.9359
-55.7893
-54.8546
-52.5435
-50.3764
-48.2382
-45.9528
-43.4351
-40.3422
-35.5371
-18.5321
20.1567
-11.0713
-33.6472
-45.5277
-46.0389
-42.2508
-38.7432
-33.5218
-22.9961
6.07614
-3.92282
-24.0337
-34.7423
-36.9378
-35.3885
-32.4073
-29.5903
-23.3414
-2.3806
-12.1669
-33.8375
-49.5491
-55.1299
-57.1208
-57.4577
-58.3065
-59.6595
-60.6254
-61.5458
-63.0284
-63.4749
-64.5223
-65.6261
-66.0345
-66.4189
-66.7039
-66.9241
-66.8355
-66.5254
-66.6558
-66.6264
-66.8451
-66.6229
-66.5395
-66.347
-65.9971
-65.9339
-65.7273
-65.3699
-64.9633
-64.5257
-64.0659
-63.5894
-63.1002
-62.6013
-62.0953
-61.5845
-61.0708
-60.5558
-60.0409
-59.732
-60.0321
-59.899
-59.6383
-59.3234
-58.9742
-58.6016
-58.2126
-57.8122
-57.4038
-56.9904
-56.5739
-56.1559
-55.7375
-55.3193
-54.902
-54.4855
-54.0696
-53.654
-53.2378
-52.8201
-52.3996
-51.9744
-51.5424
-51.1007
-50.6457
-50.1728
-49.6757
-49.1458
-48.5708
-47.9328
-47.1206
-45.7792
-43.22
-39.2239
-18.0727
31.8725
-9.60377
-39.5582
-56.4521
-59.9599
-59.9125
-57.9594
-52.8035
-46.93
-41.9823
-36.1457
-18.91
22.2315
-5.61755
-25.9838
-37.5606
-38.8711
-36.5263
-32.2109
-26.2627
-11.1729
3.06453
-15.1212
-31.1936
-37.8222
-37.4652
-34.8114
-31.2928
-25.5763
-7.54394
0.745792
-18.5979
-34.8895
-41.6822
-42.4234
-42.095
-40.3061
-42.0021
-42.8131
-41.8021
-40.0598
-37.9378
-32.8608
2.78208
-2.65456
-31.1047
-49.1921
-53.076
-53.9495
-53.8699
-52.5703
-53.2536
-52.6491
-51.511
-50.4819
-49.4951
-48.2137
-46.7586
-45.0843
-43.395
-41.3604
-38.008
-25.126
23.3507
-11.2172
-39.0068
-55.4542
-58.327
-57.824
-56.4539
-55.2634
-54.3216
-53.4919
-52.2948
-50.8888
-49.5048
-51.4274
-51.5737
-50.3071
-47.6611
-44.5148
-41.1113
-35.7118
-0.665928
17.2911
-16.8078
-41.2613
-50.7605
-49.0133
-44.7435
-40.1811
-35.075
-25.8585
6.95794
0.600244
-23.4034
-38.376
-43.3186
-43.1107
-40.3242
-36.5976
-33.6466
-27.9948
1.03955
-1.60507
-25.447
-42.1148
-46.9834
-46.8132
-45.8105
-46.9442
-48.2765
-48.8668
-49.4314
-50.321
-52.8803
-55.0776
-55.2794
-55.4524
-56.004
-56.828
-59.0284
-60.8852
-61.6541
-62.5084
-62.4994
-63.0889
-63.0469
-62.7458
-63.4584
-64.0344
-64.0544
-63.8065
-63.464
-63.0644
-62.6257
-62.6351
-62.4949
-62.1511
-62.3671
-62.381
-62.6484
-62.503
-62.2308
-62.0799
-62.3502
-62.2156
-62.5993
-62.6376
-62.4717
-62.4058
-62.7632
-62.8813
-63.3144
-63.3208
-63.1853
-62.9778
-62.7216
-62.4305
-62.1136
-61.7777
-61.428
-61.0685
-60.7025
-60.3324
-59.9603
-59.5881
-59.217
-58.8481
-58.4823
-58.1203
-57.7626
-57.4096
-57.0615
-56.7185
-56.3805
-56.0476
-55.7197
-55.3964
-55.0775
-54.7629
-54.4518
-54.144
-53.839
-53.5361
-53.2344
-52.9337
-52.6328
-52.3306
-52.0263
-51.7187
-51.4058
-51.0863
-50.7583
-50.4187
-50.0645
-49.3675
-48.578
-47.6026
-46.4729
-42.6559
-34.374
29.34
12.1236
-21.8543
-48.2166
-56.5292
-56.5137
-53.8628
-50.854
-47.1203
-43.9043
-40.8248
-35.1116
-6.17247
16.3337
-12.1067
-30.9033
-40.828
-40.5824
-37.6788
-32.6145
-25.8798
-7.87242
3.39046
-17.8615
-34.7355
-41.2458
-40.872
-38.5757
-35.0529
-29.3938
-16.6594
6.89261
-11.5403
-31.2387
-42.1769
-45.1843
-45.0773
-44.3236
-45.6079
-45.796
-44.7595
-43.777
-41.9072
-40.9062
-38.5057
-35.7209
-9.48703
-1.09499
-32.511
-51.8016
-58.4889
-59.1905
-58.4154
-57.4742
-56.2953
-55.1623
-54.1339
-54.0137
-53.5381
-52.6394
-51.3811
-50.1345
-48.9904
-49.1704
-48.6629
-47.7964
-48.4874
-49.5076
-49.3
-48.8749
-48.3382
-47.7076
-46.8223
-46.2166
-47.8318
-48.7365
-48.3258
-47.4975
-46.3313
-44.9781
-43.135
-40.0783
-31.1033
31.7764
-3.76285
-35.2917
-55.8647
-59.798
-58.9996
-57.3217
-55.3257
-52.7861
-49.9429
-46.4342
-42.5465
-37.1624
-20.1806
24.9544
-6.00994
-29.7117
-44.2057
-45.5227
-42.4412
-37.6072
-30.7675
-18.3191
8.30589
-8.12366
-29.0507
-40.4052
-41.7988
-39.3139

