-70
-69.8623
-69.7285
-69.5983
-69.4718
-69.3487
-69.2291
-69.1128
-68.9997
-68.8897
-68.7828
-68.6789
-68.5778
-68.4795
-68.3839
-68.291
-68.2007
-68.1128
-68.0274
-67.9443
-67.8636
-67.7851
-67.7087
-67.6345
-67.5623
-67.4921
-67.4238
-67.3574
-67.2929
-67.2301
-67.1691
-67.1098
-67.0521
-66.996
-66.9414
-66.8884
-66.8368
-66.7866
-66.7378
-66.6904
-66.6443
-66.5994
-66.5558
-66.5133
-66.4721
-66.432
-66.393
-66.355
-66.3181
-66.2823
-66.2474
-66.2134
-66.1805
-66.1484
-66.1172
-66.0868
-66.0573
-66.0286
-66.0007
-65.9736
-65.9472
-65.9215
-65.8966
-65.8723
-65.8487
-65.8257
-65.8034
-65.7817
-65.7606
-65.74
-65.72
-65.7006
-65.6817
-65.6633
-65.6455
-65.6281
-65.6112
-65.5948
-65.5788
-65.5632
-65.5481
-65.5334
-65.5191
-65.5052
-65.4917
-65.4785
-65.4657
-65.4533
-65.4412
-65.4294
-65.418
-65.4068
-65.396
-65.3855
-65.3752
-65.3653
-65.3556
-65.3462
-65.337
-65.3281
-65.3194
-65.311
-65.3028
-65.2948
-65.2871
-65.2795
-65.2722
-65.2651
-65.2581
-65.2514
-65.2448
-65.2385
-65.2322
-65.2262
-65.2203
-65.2146
-65.2091
-65.2037
-65.1984
-65.1933
-65.1884
-65.1835
-65.1788
-65.1743
-65.1698
-65.1655
-65.1613
-65.1572
-65.1532
-65.1493
-65.1456
-65.1419
-65.1384
-65.1349
-65.1315
-65.1283
-65.1251
-65.122
-65.119
-65.1161
-65.1132
-65.1104
-65.1077
-65.1051
-65.1026
-65.1001
-65.0977
-65.0953
-65.0931
-65.0908
-65.0887
-65.0866
-65.0845
-65.0826
-65.0806
-65.0788
-65.0769
-65.0752
-65.0734
-65.0718
-65.0701
-65.0685
-65.067
-65.0655
-65.064
-65.0626
-65.0612
-65.0599
-65.0586
-65.0573
-65.0561
-65.0549
-65.0537
-65.0526
-65.0514
-65.0504
-65.0493
-65.0483
-65.0473
-65.0464
-65.0454
-65.0445
-65.0436
-65.0428
-65.0419
-65.0411
-65.0403
-65.0395
-65.0388
-65.0381
-65.0374
-65.0367
-65.036
-65.0353
-65.0347
-65.0341
-65.0335
-65.0329
-65.0323
-65.0318
-65.0313
-65.0307
-65.0302
-65.0297
-65.0293
-65.0288
-65.0283
-65.0279
-65.0275
-65.027
-65.0266
-65.0262
-65.0259
-65.0255
-65.0251
-65.0248
-65.0244
-65.0241
-65.0238
-65.0234
-65.0231
-65.0228
-65.0225
-65.0223
-65.022
-65.0217
-65.0215
-65.0212
-65.021
-65.0207
-65.0205
-65.0203
-65.02
-65.0198
-65.0196
-65.0194
-65.0192
-65.019
-65.0188
-65.0187
-65.0185
-65.0183
-65.0181
-65.018
-65.0178
-65.0177
-65.0175
-65.0174
-65.0172
-65.0171
-65.017
-65.0168
-65.0167
-65.0166
-65.0165
-65.0163
-65.0162
-65.0161
-65.016
-65.0159
-65.0158
-65.0157
-65.0156
-65.0155
-65.0154
-65.0153
-65.0153
-65.0152
-65.0151
-65.015
-65.0149
-65.0149
-65.0148
-65.0147
-65.0147
-65.0146
-65.0145
-65.0145
-65.0144
-65.0143
-65.0143
-65.0142
-65.0142
-65.0141
-65.0141
-65.014
-65.014
-65.0139
-65.0139
-65.0138
-65.0138
-65.0137
-65.0137
-65.0137
-65.0136
-65.0136
-65.0135
-65.0135
-65.0135
-65.0134
-65.0134
-65.0134
-65.0133
-65.0133
-65.0133
-65.0133
-65.0132
-65.0132
-65.0132
-65.0131
-65.0131
-65.0131
-65.0131
-65.0131
-65.013
-65.013
-65.013
-65.013
-65.0129
-65.0129
-65.0129
-65.0129
-65.0129
-65.0129
-65.0128
-65.0128
-65.0128
-65.0128
-65.0128
-65.0128
-65.0127
-65.0127
-65.0127
-65.0127
-65.0127
-65.0127
-65.0127
-65.0127
-65.0126
-65.0126
-65.0126
-65.0126
-65.0126
-65.0126
-65.0126
-65.0126
-65.0126
-65.0126
-65.0125
-65.0125
-65.0125
-65.0125
-65.0125
-65.0125
-65.0125
-65.0125
-65.0125
-65.0125
-65.0125
-65.0125
-65.0125
-65.0124
-65.0124
-65.0124
-65.0124
-65.0124
-65.0124
-65.0124
-65.0124
-65.0124
-65.0124
-65.0124
-65.0124
-65.0124
-65.0124
-65.0124
-65.0124
-65.0124
-65.0124
-65.0124
-65.0124
-65.0124
-65.0124
-65.0124
-65.0123
-65.0123
-65.0123
-65.0123
-65.0123
-65.0123
-65.0123
-65.0123
-65.0123
-65.0123
-65.0123
-65.0123
-65.0123
-65.0123
-65.0123
-65.0123
-65.0123
-65.0123
-65.0123
-65.0123
-65.0123
-65.0123
-65.0123
-65.0123
-65.0123
-65.0123
-65.0123
-65.0123
-65.0123
-65.0123
-65.0123
-65.0123
-65.0123
-65.0123
-65.0123
-65.0123
-65.0123
-65.0123
-65.0123
-65.0123
-65.0123
-65.0123
-65.0123
-65.0123
-65.0123
-65.0123
-65.0123
-65.0123
-65.0123
-65.0123
-65.0123
-65.0123
-65.0123
-65.0123
-65.0123
-65.0123
-65.0123
-65.0123
-65.0123
-65.0123
-65.0123
-65.0123
-65.0123
-65.0123
-65.0123
-65.0123
-65.0123
-65.0123
-65.0123
-65.0123
-65.0123
-65.0123
-65.0123
-65.0123
-64.8888
-64.7871
-64.7113
-64.6572
-64.6152
-64.5815
-64.5545
-64.5329
-64.5159
-64.5027
-64.4927
-64.4856
-64.4808
-64.478
-64.477
-64.4776
-64.4793
-64.4822
-64.4861
-64.4907
-64.496
-64.5019
-64.5083
-64.5151
-64.5223
-64.5297
-64.5373
-64.5451
-64.553
-64.5611
-64.5691
-64.5773
-64.5854
-64.5935
-64.5495
-64.4315
-64.3542
-64.2976
-64.2584
-64.2288
-64.2064
-64.1898
-64.1781
-64.1704
-64.1661
-64.1647
-64.1657
-64.1688
-64.1736
-64.1799
-64.1874
-64.196
-64.183
-64.0714
-63.9561
-63.708
-62.8985
-62.2522
-61.7194
-61.2802
-60.872
-59.8511
-59.0236
-57.9491
-57.1249
-56.3739
-55.8277
-55.4064
-55.001
-54.6296
-54.3175
-53.989
-53.7512
-53.3968
-53.1033
-52.8933
-52.7253
-52.5863
-52.4406
-52.3107
-52.1418
-52.0005
-51.8737
-51.8006
-51.7653
-51.7607
-51.7805
-51.8211
-51.8802
-51.9557
-52.0461
-52.1496
-52.2648
-52.3907
-52.4993
-52.6107
-52.7372
-52.8759
-53.0241
-53.1794
-53.3407
-53.507
-53.6451
-53.7804
-53.9046
-54.018
-54.15
-54.287
-54.4
-54.5301
-54.6313
-54.7413
-54.8656
-55.001
-55.141
-55.2451
-55.3588
-55.4446
-55.5527
-55.6248
-55.7142
-55.8188
-55.9181
-55.9962
-56.0422
-56.1157
-56.2066
-56.2795
-56.1567
-56.0478
-55.9616
-55.8482
-55.6687
-55.5161
-55.1439
-54.7652
-54.3785
-54.0285
-53.4941
-52.9134
-52.2806
-51.714
-51.096
-50.634
-50.2524
-49.9294
-49.6529
-49.375
-49.1064
-48.8241
-48.5754
-48.3472
-48.1324
-47.9077
-47.6534
-47.3905
-47.1047
-46.7796
-46.389
-45.9003
-45.2445
-44.2889
-42.6729
-38.8699
-0.316848
26.079
-18.9932
-47.9745
-58.9879
-62.0555
-63.103
-63.5371
-63.7252
-63.8056
-63.8379
-63.8485
-63.8496
-63.8466
-63.842
-63.837
-63.8322
-63.8277
-63.8238
-63.8204
-63.8174
-63.815
-63.813
-63.8115
-63.8104
-63.8098
-63.8094
-63.8094
-63.8098
-63.8104
-63.8113
-63.8125
-63.8138
-63.8154
-63.8172
-63.8192
-63.8213
-63.8236
-63.826
-63.8285
-63.8312
-63.8339
-63.8367
-63.8396
-63.8426
-63.8456
-63.8487
-63.8519
-63.8551
-63.8583
-63.8616
-63.8649
-63.8682
-63.8716
-63.875
-63.8784
-63.8818
-63.8852
-63.8887
-63.8921
-63.7622
-63.5111
-63.339
-63.2119
-63.1193
-63.0468
-62.9321
-62.8459
-62.7801
-62.7162
-62.6148
-62.3295
-61.8145
-61.4047
-61.071
-60.7058
-60.1537
-59.1972
-58.4455
-57.4399
-56.5964
-55.9771
-55.4907
-55.1021
-54.5216
-54.0649
-53.724
-53.4754
-53.2918
-53.106
-52.9166
-52.79
-52.7091
-52.6144
-52.5517
-52.517
-52.491
-52.4721
-52.4774
-52.4788
-52.5107
-52.566
-52.6419
-52.7337
-52.8392
-52.9544
-53.0236
-53.1082
-53.2122
-53.3331
-53.4386
-53.502
-53.5597
-53.5768
-53.6149
-53.5979
-53.5579
-53.5314
-53.5527
-53.6062
-53.6833
-53.7041
-53.7418
-53.7677
-53.8231
-53.8623
-53.9337
-54.0248
-54.1324
-54.252
-54.3489
-54.4585
-54.581
-54.7146
-54.8556
-55.0022
-55.1531
-55.2785
-55.3944
-55.4838
-55.5393
-55.5549
-55.53
-55.4771
-55.4002
-55.3313
-55.2567
-55.2004
-55.0555
-54.9095
-54.7748
-54.6506
-54.5512
-54.3711
-54.255
-53.9814
-53.5788
-53.1425
-52.6879
-52.2628
-51.8498
-51.4951
-51.19
-50.9045
-50.6156
-50.3809
-50.184
-49.9985
-49.8293
-49.689
-49.5644
-49.377
-49.2141
-49.0701
-48.8719
-48.6663
-48.4897
-48.2716
-48.0326
-47.8075
-47.5817
-47.3439
-47.0815
-46.777
-46.4081
-45.9446
-45.3214
-44.4183
-42.9166
-39.5758
-14.9802
31.5867
-16.1151
-47.3739
-60.1699
-63.7011
-64.8653
-65.3183
-65.4952
-65.5549
-65.5634
-65.549
-65.5241
-65.4944
-65.4624
-65.4294
-65.3961
-65.3629
-65.33
-65.2975
-65.2655
-65.2341
-65.2033
-65.1732
-65.1437
-65.1149
-65.0868
-65.0594
-65.0327
-65.0067
-64.9814
-64.9568
-64.9328
-64.9096
-64.8869
-64.865
-64.8436
-64.8229
-64.8028
-64.7832
-64.7643
-64.7459
-64.7281
-64.7108
-64.694
-64.6777
-64.662
-64.6467
-64.6319
-64.6176
-64.6037
-64.5902
-64.5772
-64.5646
-64.5525
-64.5407
-64.5293
-64.5183
-64.5076
-64.4973
-64.4874
-64.4778
-64.4685
-64.4596
-64.451
-64.4427
-64.4347
-64.427
-64.4195
-64.4124
-64.4055
-64.3989
-64.389
-64.3282
-64.1511
-63.7956
-63.5464
-63.3147
-63.1337
-62.9924
-62.8815
-62.6853
-62.4138
-62.0987
-61.5666
-61.1694
-60.8523
-60.4989
-59.2301
-58.004
-57.1241
-56.4908
-55.996
-55.5791
-55.2588
-54.7979
-54.4358
-54.1655
-53.9419
-53.7824
-53.6589
-53.5576
-53.4983
-53.4717
-53.4155
-53.248
-53.1268
-52.976
-52.8234
-52.7373
-52.6925
-52.6176
-52.5875
-52.541
-52.5132
-52.5231
-52.5621
-52.6166
-52.6228
-52.6486
-52.6901
-52.7603
-52.8507
-52.898
-52.9529
-53.0343
-53.1369
-53.2551
-53.3849
-53.5244
-53.6296
-53.7178
-53.8296
-53.9571
-54.0968
-54.2444
-54.3616
-54.4845
-54.5884
-54.7071
-54.8384
-54.9604
-55.0728
-55.2
-55.3364
-55.48
-55.6282
-55.7796
-55.9334
-56.0886
-56.2447
-56.3666
-56.358
-56.3684
-56.397
-56.4254
-56.4845
-56.5613
-56.6522
-56.7525
-56.8601
-56.9733
-57.0669
-57.154
-57.2157
-57.2868
-57.3733
-57.4706
-57.532
-57.5091
-57.3778
-57.2552
-56.9655
-56.7247
-56.3958
-55.9543
-55.2853
-54.5839
-54.0238
-53.4878
-52.9049
-52.4365
-52.0517
-51.7448
-51.4952
-51.2881
-51.1341
-50.8794

