-70
-69.8623
-69.7285
-69.5983
-69.4718
-69.3487
-69.2291
-69.1128
-68.9997
-68.8897
-68.7828
-68.6789
-68.5778
-68.4795
-68.3839
-68.291
-68.2007
-68.1128
-68.0274
-67.9443
-67.8636
-67.7851
-67.7087
-67.6345
-67.5623
-67.4921
-67.4238
-67.3574
-67.2929
-67.2301
-67.1691
-67.1098
-67.0521
-66.996
-66.9414
-66.8884
-66.8368
-66.7866
-66.7378
-66.6904
-66.6443
-66.5994
-66.5558
-66.5133
-66.4721
-66.432
-66.393
-66.355
-66.3181
-66.2823
-66.2474
-66.2134
-66.1805
-66.1484
-66.1172
-66.0868
-66.0573
-66.0286
-66.0007
-65.9736
-65.9472
-65.9215
-65.8966
-65.8723
-65.8487
-65.8257
-65.8034
-65.7817
-65.7606
-65.74
-65.72
-65.7006
-65.6817
-65.6633
-65.6455
-65.6281
-65.6112
-65.5948
-65.5788
-65.5632
-65.5481
-65.5334
-65.5191
-65.5052
-65.4917
-65.4785
-65.4657
-65.4533
-65.4412
-65.4294
-65.418
-65.4068
-65.396
-65.3855
-65.3752
-65.3653
-65.3556
-65.3462
-65.337
-65.3281
-65.3194
-65.311
-65.3028
-65.2948
-65.2871
-65.2795
-65.2722
-65.2651
-65.2581
-65.2514
-65.2448
-65.2385
-65.2322
-65.2262
-65.2203
-65.2146
-65.2091
-65.2037
-65.1984
-65.1933
-65.1884
-65.1835
-65.1788
-65.1743
-65.1698
-65.1655
-65.1613
-65.1572
-65.1532
-65.1493
-65.1456
-65.1419
-65.1384
-65.1349
-65.1315
-65.1283
-65.1251
-65.122
-65.119
-65.1161
-65.1132
-65.1104
-65.1077
-65.1051
-65.1026
-65.1001
-65.0977
-65.0953
-65.0931
-65.0908
-65.0887
-65.0866
-65.0845
-65.0826
-65.0806
-65.0788
-65.0769
-65.0752
-65.0734
-65.0718
-65.0701
-65.0685
-65.067
-65.0655
-65.064
-65.0626
-65.0612
-65.0599
-65.0586
-65.0573
-65.0561
-65.0549
-65.0537
-65.0526
-65.0514
-65.0504
-65.0493
-65.0483
-65.0473
-65.0464
-65.0454
-65.0445
-65.0436
-65.0428
-65.0419
-65.0411
-65.0403
-65.0395
-65.0388
-65.0381
-65.0374
-65.0367
-65.036
-65.0353
-65.0347
-65.0341
-65.0335
-65.0329
-65.0323
-65.0318
-65.0313
-65.0307
-65.0302
-65.0297
-65.0293
-65.0288
-65.0283
-65.0279
-65.0275
-65.027
-65.0266
-65.0262
-65.0259
-65.0255
-65.0251
-65.0248
-65.0244
-65.0241
-65.0238
-65.0234
-65.0231
-65.0228
-65.0225
-65.0223
-65.022
-65.0217
-65.0215
-65.0212
-65.021
-65.0207
-65.0205
-65.0203
-65.02
-65.0198
-65.0196
-65.0194
-65.0192
-65.019
-65.0188
-65.0187
-65.0185
-65.0183
-65.0181
-65.018
-65.0178
-65.0177
-65.0175
-65.0174
-65.0172
-65.0171
-65.017
-65.0168
-65.0167
-65.0166
-65.0165
-65.0163
-65.0162
-65.0161
-65.016
-65.0159
-65.0158
-65.0157
-65.0156
-65.0155
-65.0154
-65.0153
-65.0153
-65.0152
-65.0151
-65.015
-65.0149
-65.0149
-65.0148
-65.0147
-65.0147
-65.0146
-65.0145
-65.0145
-65.0144
-65.0143
-65.0143
-65.0142
-65.0142
-65.0141
-65.0141
-65.014
-65.014
-65.0139
-65.0139
-65.0138
-65.0138
-65.0137
-65.0137
-65.0137
-65.0136
-65.0136
-65.0135
-65.0135
-65.0135
-65.0134
-65.0134
-65.0134
-65.0133
-65.0133
-65.0133
-65.0133
-65.0132
-65.0132
-65.0132
-65.0131
-65.0131
-65.0131
-65.0131
-65.0131
-65.013
-65.013
-65.013
-65.013
-65.0129
-65.0129
-65.0129
-65.0129
-65.0129
-65.0129
-65.0128
-65.0128
-65.0128
-65.0128
-65.0128
-65.0128
-65.0127
-65.0127
-65.0127
-65.0127
-65.0127
-65.0127
-65.0127
-65.0127
-65.0126
-65.0126
-65.0126
-65.0126
-65.0126
-65.0126
-65.0126
-65.0126
-65.0126
-65.0126
-65.0125
-65.0125
-65.0125
-65.0125
-65.0125
-65.0125
-65.0125
-65.0125
-65.0125
-65.0125
-65.0125
-65.0125
-65.0125
-65.0124
-65.0124
-65.0124
-65.0124
-65.0124
-65.0124
-65.0124
-65.0124
-65.0124
-65.0124
-65.0124
-65.0124
-65.0124
-65.0124
-65.0124
-65.0124
-65.0124
-65.0124
-65.0124
-65.0124
-65.0124
-65.0124
-65.0124
-65.0123
-65.0123
-65.0123
-65.0123
-65.0123
-65.0123
-65.0123
-65.0123
-65.0123
-65.0123
-65.0123
-65.0123
-65.0123
-65.0123
-65.0123
-65.0123
-65.0123
-65.0123
-65.0123
-65.0123
-65.0123
-65.0123
-65.0123
-65.0123
-65.0123
-65.0123
-65.0123
-65.0123
-65.0123
-65.0123
-65.0123
-65.0123
-65.0123
-65.0123
-65.0123
-65.0123
-65.0123
-65.0123
-65.0123
-65.0123
-65.0123
-65.0123
-65.0123
-65.0123
-65.0123
-65.0123
-65.0123
-65.0123
-65.0123
-65.0123
-65.0123
-65.0123
-65.0123
-65.0123
-65.0123
-65.0123
-65.0123
-65.0123
-65.0123
-65.0123
-65.0123
-65.0123
-65.0123
-65.0123
-65.0123
-65.0123
-65.0123
-65.0123
-65.0123
-65.0123
-65.0123
-65.0123
-65.0123
-65.0123
-64.4593
-64.0079
-63.6738
-63.4363
-63.2523
-63.1054
-62.9875
-62.8935
-62.8194
-62.762
-62.7188
-62.6876
-62.6668
-62.6548
-62.6504
-62.6525
-62.6602
-62.6726
-62.6891
-62.7092
-62.7322
-62.7577
-62.7853
-62.8147
-62.8456
-62.8777
-62.9108
-62.9446
-62.9791
-63.0139
-63.0491
-63.0844
-63.1198
-63.1551
-63.114
-62.9644
-62.8741
-62.8142
-62.7793
-62.7582
-62.7474
-62.7449
-62.749
-62.7587
-62.7731
-62.7913
-62.8127
-62.8368
-62.8631
-62.8912
-62.9207
-62.9515
-62.9831
-62.3617
-61.8881
-61.4619
-60.7067
-60.1304
-59.2698
-58.4058
-57.6746
-56.637
-55.8269
-54.8784
-54.1427
-53.428
-52.9031
-52.4919
-52.0943
-51.7514
-51.4774
-51.075
-50.7719
-50.4894
-50.2613
-50.0527
-49.8783
-49.7364
-49.5939
-49.466
-49.3023
-49.1648
-49.0233
-48.8641
-48.7288
-48.571
-48.4184
-48.2355
-48.0471
-47.8634
-47.6739
-47.4703
-47.2247
-46.9236
-46.5716
-46.1162
-45.4841
-44.6005
-43.2054
-40.3434
-25.9433
38.178
-9.64193
-41.3937
-57.0033
-61.1507
-62.3071
-62.6435
-62.6674
-62.5547
-62.4247
-62.3051
-62.2023
-62.1155
-62.044
-61.9862
-61.9406
-61.9058
-61.8803
-61.8545
-61.7916
-61.7521
-61.6364
-61.4534
-61.295
-61.1294
-60.9559
-60.7899
-60.6222
-60.4417
-60.3133
-60.2226
-60.1266
-59.9554
-59.6783
-59.1689
-58.6243
-58.0793
-57.6639
-57.2779
-56.721
-55.8676
-54.8971
-54.0072
-53.2372
-52.6383
-52.1338
-51.7202
-51.3909
-51.0998
-50.8545
-50.6477
-50.4543
-50.2718
-50.1073
-49.9632
-49.8568
-49.7776
-49.7218
-49.6856
-49.6669
-49.6644
-49.677
-49.704
-49.7447
-49.7986
-49.8651
-49.9439
-50.0347
-50.1368
-50.2501
-50.3742
-50.5088
-50.6531
-50.8062
-50.9676
-51.1367
-51.3129
-51.4959
-51.6852
-51.8797
-52.0784
-52.2804
-52.4855
-52.6932
-52.9028
-53.1135
-53.3247
-53.536
-53.7472
-53.9578
-54.1671
-54.3749
-54.581
-54.7852
-54.9872
-55.1867
-55.3835
-55.5775
-55.7688
-55.9571
-56.1423
-56.3242
-56.5029
-56.6785
-56.8508
-57.0198
-57.1855
-57.3479
-57.5069
-57.6627
-57.8153
-57.9648
-58.111
-58.254
-58.3938
-58.5306
-58.6644
-58.7952
-58.9231
-59.0481
-59.1702
-59.2896
-59.4062
-59.5201
-59.6313
-59.74
-59.8462
-59.9499
-59.9876
-59.5907
-59.2975
-59.1022
-58.9704
-58.841
-58.6071
-58.3193
-58.0345
-57.7955
-57.4772
-56.8184
-55.9209
-54.8934
-53.7868
-52.9095
-52.2607
-51.7196
-51.2961
-50.8518
-50.453
-50.1331
-49.86
-49.6123
-49.4025
-49.2209
-49.0633
-48.924
-48.7733
-48.596
-48.3112
-47.8113
-47.2946
-46.7924
-46.2533
-45.5938
-44.7115
-43.3647
-40.7876
-30.4398
41.5161
-4.27677
-38.041
-57.0384
-62.0716
-63.4761
-63.8762
-63.871
-63.6677
-63.4053
-63.1089
-62.8478
-62.6389
-62.4696
-62.331
-62.2167
-62.1228
-62.0147
-61.9089
-61.8291
-61.7687
-61.7238
-61.6908
-61.6678
-61.6534
-61.6464
-61.6457
-61.6506
-61.6602
-61.6739
-61.6912
-61.7116
-61.6933
-61.6842
-61.589
-61.4337
-61.2721
-61.1419
-60.9345
-60.7313
-60.5577
-60.3523
-60.1687
-59.929
-59.5196
-59.0741
-58.7038
-58.3883
-58.1503
-57.7685
-57.3962
-57.0679
-56.6997
-56.2848
-55.9252
-55.5776
-54.9735
-54.4229
-53.8278
-53.2779
-52.8376
-52.4858
-52.1717
-51.9232
-51.7057
-51.4693
-51.2803
-51.1463
-51.0467
-50.8937
-50.751
-50.5986
-50.4964
-50.4306
-50.3641
-50.331
-50.3232
-50.3383
-50.3725
-50.4239
-50.491
-50.5729
-50.6684
-50.7768
-50.8973
-51.029
-51.171
-51.3226
-51.4831
-51.6519
-51.8276
-52.0092
-52.1962
-52.3877
-52.5834
-52.7826
-52.9842
-53.1876
-53.3922
-53.5976
-53.8035
-54.0092
-54.2141
-54.418
-54.6206
-54.8218
-55.0212
-55.2183
-55.4131
-55.6055
-55.7953
-55.9825
-56.1666
-56.3478
-56.5259
-56.701
-56.8731
-57.042
-57.2076
-57.37
-57.5292
-57.6853
-57.8382
-57.9881
-58.1347
-58.2782
-58.4186
-58.556
-58.6903
-58.8218
-58.9504
-59.076
-59.1988
-59.3188
-59.4361
-59.5507
-59.6627
-59.7721
-59.8789
-59.9833
-60.0853
-60.1848
-60.282
-60.3769
-60.4695
-60.56
-60.6483
-60.7346
-60.8188
-60.901
-60.9812
-61.0595
-61.136
-61.2106
-61.2834
-61.3545
-61.4239
-61.4916
-61.5542
-61.3268
-60.8565
-60.5175
-59.905
-59.3205
-58.871
-58.5498
-58.1183
-57.6513
-57.2995
-56.8505
-56.5161
-56.2717
-56.0171
-54.9755
-53.9513
-53.2299
-52.7108
-52.3189
-51.9177
-51.61
-51.3211
-51.1011
-50.9224
-50.6684
-50.451
-50.2858
-50.1653
-50.0534
-49.966
-49.8307
-49.5708
-49.2993
-48.7585
-48.2752
-47.8536
-47.4463
-46.9794
-46.483
-45.8869
-45.08
-43.9617
-42.0617
-37.0297
28.5747
14.7322
-26.061
-53.4392
-61.9354
-64.1703
-64.7816
-64.9012
-64.8045
-64.6639
-64.5158
-64.3772
-64.2513
-64.1388
-63.9974
-63.8697
-63.7632
-63.6747
-63.5996
-63.5351
-63.4798
-63.4323
-63.3919
-63.3575
-63.3285
-63.3043
-63.2292
-63.173
-63.13
-63.0985
-63.0744
-63.0559
-63.0421
-62.9978
-62.9521
-62.9204
-62.8989
-62.8847
-62.8756
-62.8707
-62.8693
-62.8708
-62.8749
-62.8811
-62.8891
-62.8898
-62.845
-62.7695
-62.5877
-62.2216
-61.796
-61.4528
-61.1036
-60.6939
-60.1694
-59.6466
-59.0477
-58.2947
-57.5801
-56.9508
-56.3794
-55.7906
-55.1876
-54.4777
-53.8376
-53.3736
-53.0036
-52.7003
-52.4717
-52.2999

