-70
-69.8623
-69.7285
-69.5983
-69.4718
-69.3487
-69.2291
-69.1128
-68.9997
-68.8897
-68.7828
-68.6789
-68.5778
-68.4795
-68.3839
-68.291
-68.2007
-68.1128
-68.0274
-67.9443
-67.8636
-67.7851
-67.7087
-67.6345
-67.5623
-67.4921
-67.4238
-67.3574
-67.2929
-67.2301
-67.1691
-67.1098
-67.0521
-66.996
-66.9414
-66.8884
-66.8368
-66.7866
-66.7378
-66.6904
-66.6443
-66.5994
-66.5558
-66.5133
-66.4721
-66.432
-66.393
-66.355
-66.3181
-66.2823
-66.2474
-66.2134
-66.1805
-66.1484
-66.1172
-66.0868
-66.0573
-66.0286
-66.0007
-65.9736
-65.9472
-65.9215
-65.8966
-65.8723
-65.8487
-65.8257
-65.8034
-65.7817
-65.7606
-65.74
-65.72
-65.7006
-65.6817
-65.6633
-65.6455
-65.6281
-65.6112
-65.5948
-65.5788
-65.5632
-65.5481
-65.5334
-65.5191
-65.5052
-65.4917
-65.4785
-65.4657
-65.4533
-65.4412
-65.4294
-65.418
-65.4068
-65.396
-65.3855
-65.3752
-65.3653
-65.3556
-65.3462
-65.337
-65.3281
-65.3194
-65.311
-65.3028
-65.2948
-65.2871
-65.2795
-65.2722
-65.2651
-65.2581
-65.2514
-65.2448
-65.2385
-65.2322
-65.2262
-65.2203
-65.2146
-65.2091
-65.2037
-65.1984
-65.1933
-65.1884
-65.1835
-65.1788
-65.1743
-65.1698
-65.1655
-65.1613
-65.1572
-65.1532
-65.1493
-65.1456
-65.1419
-65.1384
-65.1349
-65.1315
-65.1283
-65.1251
-65.122
-65.119
-65.1161
-65.1132
-65.1104
-65.1077
-65.1051
-65.1026
-65.1001
-65.0977
-65.0953
-65.0931
-65.0908
-65.0887
-65.0866
-65.0845
-65.0826
-65.0806
-65.0788
-65.0769
-65.0752
-65.0734
-65.0718
-65.0701
-65.0685
-65.067
-65.0655
-65.064
-65.0626
-65.0612
-65.0599
-65.0586
-65.0573
-65.0561
-65.0549
-65.0537
-65.0526
-65.0514
-65.0504
-65.0493
-65.0483
-65.0473
-65.0464
-65.0454
-65.0445
-65.0436
-65.0428
-65.0419
-65.0411
-65.0403
-65.0395
-65.0388
-65.0381
-65.0374
-65.0367
-65.036
-65.0353
-65.0347
-65.0341
-65.0335
-65.0329
-65.0323
-65.0318
-65.0313
-65.0307
-65.0302
-65.0297
-65.0293
-65.0288
-65.0283
-65.0279
-65.0275
-65.027
-65.0266
-65.0262
-65.0259
-65.0255
-65.0251
-65.0248
-65.0244
-65.0241
-65.0238
-65.0234
-65.0231
-65.0228
-65.0225
-65.0223
-65.022
-65.0217
-65.0215
-65.0212
-65.021
-65.0207
-65.0205
-65.0203
-65.02
-65.0198
-65.0196
-65.0194
-65.0192
-65.019
-65.0188
-65.0187
-65.0185
-65.0183
-65.0181
-65.018
-65.0178
-65.0177
-65.0175
-65.0174
-65.0172
-65.0171
-65.017
-65.0168
-65.0167
-65.0166
-65.0165
-65.0163
-65.0162
-65.0161
-65.016
-65.0159
-65.0158
-65.0157
-65.0156
-65.0155
-65.0154
-65.0153
-65.0153
-65.0152
-65.0151
-65.015
-65.0149
-65.0149
-65.0148
-65.0147
-65.0147
-65.0146
-65.0145
-65.0145
-65.0144
-65.0143
-65.0143
-65.0142
-65.0142
-65.0141
-65.0141
-65.014
-65.014
-65.0139
-65.0139
-65.0138
-65.0138
-65.0137
-65.0137
-65.0137
-65.0136
-65.0136
-65.0135
-65.0135
-65.0135
-65.0134
-65.0134
-65.0134
-65.0133
-65.0133
-65.0133
-65.0133
-65.0132
-65.0132
-65.0132
-65.0131
-65.0131
-65.0131
-65.0131
-65.0131
-65.013
-65.013
-65.013
-65.013
-65.0129
-65.0129
-65.0129
-65.0129
-65.0129
-65.0129
-65.0128
-65.0128
-65.0128
-65.0128
-65.0128
-65.0128
-65.0127
-65.0127
-65.0127
-65.0127
-65.0127
-65.0127
-65.0127
-65.0127
-65.0126
-65.0126
-65.0126
-65.0126
-65.0126
-65.0126
-65.0126
-65.0126
-65.0126
-65.0126
-65.0125
-65.0125
-65.0125
-65.0125
-65.0125
-65.0125
-65.0125
-65.0125
-65.0125
-65.0125
-65.0125
-65.0125
-65.0125
-65.0124
-65.0124
-65.0124
-65.0124
-65.0124
-65.0124
-65.0124
-65.0124
-65.0124
-65.0124
-65.0124
-65.0124
-65.0124
-65.0124
-65.0124
-65.0124
-65.0124
-65.0124
-65.0124
-65.0124
-65.0124
-65.0124
-65.0124
-65.0123
-65.0123
-65.0123
-65.0123
-65.0123
-65.0123
-65.0123
-65.0123
-65.0123
-65.0123
-65.0123
-65.0123
-65.0123
-65.0123
-65.0123
-65.0123
-65.0123
-65.0123
-65.0123
-65.0123
-65.0123
-65.0123
-65.0123
-65.0123
-65.0123
-65.0123
-65.0123
-65.0123
-65.0123
-65.0123
-65.0123
-65.0123
-65.0123
-65.0123
-65.0123
-65.0123
-65.0123
-65.0123
-65.0123
-65.0123
-65.0123
-65.0123
-65.0123
-65.0123
-65.0123
-65.0123
-65.0123
-65.0123
-65.0123
-65.0123
-65.0123
-65.0123
-65.0123
-65.0123
-65.0123
-65.0123
-65.0123
-65.0123
-65.0123
-65.0123
-65.0123
-65.0123
-65.0123
-65.0123
-65.0123
-65.0123
-65.0123
-65.0123
-65.0123
-65.0123
-65.0123
-65.0123
-65.0123
-65.0123
-64.7043
-64.4515
-64.2637
-64.1299
-64.026
-63.943
-63.8763
-63.8231
-63.7811
-63.7486
-63.7241
-63.7065
-63.6948
-63.688
-63.6856
-63.6868
-63.6912
-63.6983
-63.7077
-63.7191
-63.7322
-63.7467
-63.7624
-63.7792
-63.7967
-63.8149
-63.8337
-63.8529
-63.8724
-63.8922
-63.9121
-63.9321
-63.9522
-63.9722
-63.9147
-63.7476
-63.6407
-63.5647
-63.5142
-63.4779
-63.4522
-63.435
-63.4248
-63.4205
-63.4211
-63.4259
-63.4341
-63.4452
-63.4588
-63.4745
-63.4919
-63.5108
-63.5
-63.0867
-62.7851
-62.414
-61.3177
-60.4964
-59.7061
-59.0268
-58.3967
-57.3954
-56.4233
-55.3123
-54.3938
-53.5841
-52.9841
-52.5147
-51.9513
-51.3536
-50.7869
-49.9571
-49.3157
-48.6054
-47.9409
-47.3015
-46.6253
-45.8485
-44.9077
-43.5773
-41.1306
-32.704
42.5641
1.72009
-31.9438
-53.4748
-59.3096
-60.7107
-60.9756
-60.9487
-60.798
-60.6036
-60.402
-60.162
-59.9634
-59.7584
-59.5496
-59.3952
-59.2785
-59.1155
-58.931
-58.7891
-58.6905
-58.6243
-58.5815
-58.5573
-58.5486
-58.553
-58.562
-58.467
-58.3307
-58.2512
-58.2087
-58.1937
-58.1964
-58.213
-58.2094
-58.2105
-58.2297
-58.2229
-58.1743
-58.1095
-58.0666
-58.0086
-57.9451
-57.8919
-57.7977
-57.7231
-57.4653
-57.0737
-56.6859
-56.429
-56.1976
-55.8231
-55.292
-54.6659
-53.8781
-53.0293
-52.1918
-51.3615
-50.4614
-49.6264
-48.8042
-48.0403
-47.223
-46.4076
-45.4709
-44.301
-42.5126
-38.5848
2.4659
26.6185
-17.2494
-46.9004
-58.6962
-61.489
-62.0266
-62.0098
-61.8249
-61.5941
-61.366
-61.159
-60.9788
-60.8258
-60.6982
-60.5935
-60.509
-60.4422
-60.391
-60.3534
-60.3276
-60.3122
-60.3058
-60.3075
-60.316
-60.3307
-60.3507
-60.3753
-60.4039
-60.4361
-60.4713
-60.5091
-60.5491
-60.591
-60.6346
-60.6794
-60.7254
-60.7723
-60.8199
-60.868
-60.9166
-60.9653
-61.0142
-61.0631
-61.1119
-61.1606
-61.209
-61.257
-61.3048
-61.3521
-61.3989
-61.4452
-61.491
-61.5363
-61.5809
-61.625
-61.6684
-61.7112
-61.7533
-61.7947
-61.8355
-61.8757
-61.9151
-61.9539
-61.992
-62.0295
-62.0662
-62.1024
-62.1378
-62.1726
-62.2068
-62.2403
-62.2732
-62.2848
-62.1645
-61.7766
-61.5238
-61.3404
-61.2143
-61.12
-60.8818
-60.6553
-60.4931
-60.3639
-60.1682
-59.5964
-58.7637
-58.0572
-57.557
-57.0096
-56.241
-55.3239
-54.4971
-53.4861
-52.6533
-52.0215
-51.4155
-50.9243
-50.1449
-49.3503
-48.7073
-48.1467
-47.6259
-47.0364
-46.3188
-45.504
-44.4682
-42.8858
-39.5669
-16.0515
33.1496
-13.4268
-45.2595
-59.5558
-63.0214
-63.6678
-63.5661
-63.3079
-63.0189
-62.6813
-62.3121
-61.9311
-61.593
-61.2772
-60.9799
-60.6889
-60.4164
-60.1916
-60.0185
-59.8843
-59.7802
-59.7005
-59.5984
-59.5213
-59.4199
-59.3524
-59.3089
-59.2859
-59.2776
-59.2573
-59.2276
-59.22
-59.2272
-59.2468
-59.2752
-59.3108
-59.3525
-59.3992
-59.4503
-59.5019
-59.5115
-59.5387
-59.5615
-59.5275
-59.4723
-59.4018
-59.2763
-59.0143
-58.5834
-58.1693
-57.7827
-57.4501
-57.0983
-56.8042
-56.4574
-56.0134
-55.6496
-55.3587
-55.07
-54.5829
-53.865
-53.1422
-52.5304
-51.947
-51.3832
-50.7631
-50.1195
-49.4383
-48.806
-48.1964
-47.6363
-47.0676
-46.4341
-45.7132
-44.8069
-43.4686
-40.9826
-31.5967
42.0962
-1.94059
-37.0567
-58.0252
-63.2369
-64.2619
-64.2978
-64.0719
-63.7805
-63.4889
-63.2206
-62.9828
-62.7756
-62.597
-62.4439
-62.3135
-62.203
-62.1099
-62.0319
-61.9673
-61.9143
-61.8716
-61.838
-61.8123
-61.7936
-61.7812
-61.7742
-61.772
-61.774
-61.7798
-61.7888
-61.8008
-61.8153
-61.832
-61.8508
-61.8712
-61.8931
-61.9163
-61.9406
-61.9658
-61.9919
-62.0185
-62.0457
-62.0733
-62.1013
-62.1294
-62.1577
-62.1861
-62.2146
-62.243
-62.2713
-62.2995
-62.3275
-62.3554
-62.383
-62.4104
-62.4375
-62.4644
-62.4909
-62.5172
-62.543
-62.5686
-62.5938
-62.6187
-62.6432
-62.6674
-62.6912
-62.7146
-62.7377
-62.7604
-62.7827
-62.8047
-62.8263
-62.8476
-62.8685
-62.8891
-62.9093
-62.9292
-62.9488
-62.968
-62.9869
-63.0055
-63.0237
-63.0417
-63.0593
-63.0767
-63.0937
-63.1105
-63.0703
-63.0245
-62.7551
-62.252
-61.9052
-61.535
-61.1569
-60.881
-60.6708
-60.4753
-60.2034
-59.9498
-59.6113
-59.3585
-59.1732
-58.7728
-56.9892
-55.2939
-54.0593
-53.1769
-52.464
-51.6487
-51.0199
-50.3411
-49.7612
-49.2328
-48.6877
-48.1611
-47.6692
-47.1799
-46.6604
-46.0674
-45.2871
-44.0775
-42.0845
-36.9868
29.5226
15.137
-25.6374
-54.2817
-63.0227
-64.9795
-65.2504
-65.1148
-64.8686
-64.5549
-64.1578
-63.7209
-63.3558
-63.0588
-62.8149
-62.5764
-62.327
-62.1166
-61.9463
-61.8085
-61.6953
-61.5632
-61.4498
-61.3306
-61.2197
-61.1372
-61.0402
-60.9549
-60.8935
-60.8198
-60.7482
-60.6807
-60.6023
-60.553
-60.522
-60.5061
-60.5011
-60.5049
-60.5163
-60.5339
-60.5192
-60.5037
-60.4958
-60.4157
-60.3041
-60.2378
-60.1321
-60.0248
-59.9161
-59.848
-59.8072
-59.787
-59.7816
-59.7796
-59.7054
-59.6103
-59.4516
-59.3409
-59.2328
-59.1501
-59.0129
-58.8398
-58.5966
-58.1038
-57.4986
-56.8493
-56.1783
-55.5045
-54.6829
-53.8238
-53.1874
-52.5146
-51.7093
-50.9871
-50.2705
-49.6606
-49.0757
-48.5172
-47.9772
-47.3617

