-70
-70.0758
-70.1508
-70.225
-70.2983
-70.3706
-70.4419
-70.5122
-70.5814
-70.6496
-70.7168
-70.7829
-70.848
-70.9121
-70.9752
-71.0373
-71.0984
-71.1586
-71.2178
-71.2761
-71.3334
-71.3899
-71.4455
-71.5003
-71.5543
-71.6074
-71.6598
-71.7114
-71.7623
-71.8124
-71.8619
-71.9106
-71.9587
-72.006
-72.0527
-72.0988
-72.1442
-72.1889
-72.2331
-72.2766
-72.3196
-72.362
-72.4038
-72.445
-72.4857
-72.5258
-72.5654
-72.6045
-72.6431
-72.6812
-72.7188
-72.756
-72.7927
-72.8289
-72.8647
-72.9
-72.9349
-72.9694
-73.0035
-73.0371
-73.0704
-73.1032
-73.1357
-73.1678
-73.1994
-73.2307
-73.2617
-73.2922
-73.3224
-73.3523
-73.3817
-73.4109
-73.4397
-73.4682
-73.4963
-73.5241
-73.5516
-73.5788
-73.6057
-73.6323
-73.6585
-73.6845
-73.7102
-73.7356
-73.7608
-73.7857
-73.8103
-73.8346
-73.8587
-73.8825
-73.9061
-73.9294
-73.9524
-73.9753
-73.9979
-74.0202
-74.0423
-74.0642
-74.0859
-74.1073
-74.1285
-74.1495
-74.1703
-74.1909
-74.2112
-74.2313
-74.2513
-74.271
-74.2905
-74.3098
-74.329
-74.3479
-74.3666
-74.3852
-74.4036
-74.4217
-74.4397
-74.4575
-74.4752
-74.4926
-74.5099
-74.527
-74.544
-74.5607
-74.5774
-74.5938
-74.6101
-74.6262
-74.6422
-74.658
-74.6736
-74.6891
-74.7045
-74.7197
-74.7347
-74.7496
-74.7644
-74.779
-74.7935
-74.8079
-74.8221
-74.8362
-74.8501
-74.864
-74.8777
-74.8913
-74.9047
-74.918
-74.9313
-74.9443
-74.9573
-74.9701
-74.9829
-74.9955
-75.008
-75.0204
-75.0327
-75.0448
-75.0569
-75.0688
-75.0806
-75.0924
-75.104
-75.1155
-75.1269
-75.1382
-75.1495
-75.1606
-75.1716
-75.1825
-75.1933
-75.204
-75.2147
-75.2252
-75.2356
-75.246
-75.2562
-75.2664
-75.2764
-75.2864
-75.2963
-75.3061
-75.3158
-75.3255
-75.335
-75.3445
-75.3538
-75.3631
-75.3724
-75.3815
-75.3906
-75.3995
-75.4084
-75.4172
-75.426
-75.4346
-75.4432
-75.4518
-75.4602
-75.4686
-75.4769
-75.4851
-75.4932
-75.5013
-75.5093
-75.5173
-75.5251
-75.533
-75.5407
-75.5484
-75.556
-75.5635
-75.571
-75.5784
-75.5858
-75.593
-75.6003
-75.6074
-75.6145
-75.6216
-75.6285
-75.6355
-75.6423
-75.6491
-75.6559
-75.6626
-75.6692
-75.6758
-75.6823
-75.6888
-75.6952
-75.7015
-75.7078
-75.7141
-75.7203
-75.7264
-75.7325
-75.7386
-75.7446
-75.7505
-75.7564
-75.7622
-75.768
-75.7738
-75.7795
-75.7851
-75.7907
-75.7963
-75.8018
-75.8072
-75.8127
-75.818
-75.8234
-75.8287
-75.8339
-75.8391
-75.8443
-75.8494
-75.8545
-75.8595
-75.8645
-75.8695
-75.8744
-75.8793
-75.8841
-75.8889
-75.8937
-75.8984
-75.9031
-75.9077
-75.9123
-75.9169
-75.9214
-75.9259
-75.9304
-75.9348
-75.9392
-75.9436
-75.9479
-75.9522
-75.9565
-75.9607
-75.9649
-75.969
-75.9731
-75.9772
-75.9813
-75.9853
-75.9893
-75.9933
-75.9972
-76.0011
-76.005
-76.0088
-76.0126
-76.0164
-76.0201
-76.0239
-76.0275
-76.0312
-76.0348
-76.0384
-76.042
-76.0456
-76.0491
-76.0526
-76.056
-76.0595
-76.0629
-76.0663
-76.0696
-76.0729
-76.0762
-76.0795
-76.0828
-76.086
-76.0892
-76.0924
-76.0955
-76.0986
-76.1017
-76.1048
-76.1079
-76.1109
-76.1139
-76.1169
-76.1198
-76.1228
-76.1257
-76.1286
-76.1314
-76.1343
-76.1371
-76.1399
-76.1427
-76.1455
-76.1482
-76.1509
-76.1536
-76.1563
-76.1589
-76.1615
-76.1642
-76.1667
-76.1693
-76.1719
-76.1744
-76.1769
-76.1794
-76.1819
-76.1843
-76.1868
-76.1892
-76.1916
-76.1939
-76.1963
-76.1986
-76.201
-76.2033
-76.2056
-76.2078
-76.2101
-76.2123
-76.2145
-76.2167
-76.2189
-76.2211
-76.2232
-76.2254
-76.2275
-76.2296
-76.2317
-76.2337
-76.2358
-76.2378
-76.2398
-76.2418
-76.2438
-76.2458
-76.2478
-76.2497
-76.2516
-76.2536
-76.2554
-76.2573
-76.2592
-76.2611
-76.2629
-76.2647
-76.2665
-76.2683
-76.2701
-76.2719
-76.2737
-76.2754
-76.2771
-76.2788
-76.2806
-76.2822
-76.2839
-76.2856
-76.2872
-76.2889
-76.2905
-76.2921
-76.2937
-76.2953
-76.2969
-76.2985
-76.3
-76.3016
-76.3031
-76.3046
-76.3061
-76.3076
-76.3091
-76.3106
-76.312
-76.3135
-76.3149
-76.3164
-76.3178
-76.3192
-76.3206
-76.322
-76.3233
-76.3247
-76.3261
-76.3274
-76.3287
-76.33
-76.3314
-76.3327
-76.334
-76.3352
-76.3365
-76.3378
-76.339
-76.3403
-76.3415
-76.3427
-76.3439
-76.3452
-76.3464
-76.3475
-76.3487
-76.3499
-76.351
-76.3522
-76.3533
-76.3545
-76.3556
-76.3567
-76.3578
-76.3589
-76.36
-76.3611
-76.3622
-76.3632
-76.3643
-76.3654
-76.3664
-76.3674
-76.3685
-76.3695
-76.3705
-76.3715
-76.3725
-76.3735
-76.3745
-76.3754
-76.3764
-76.3774
-76.3783
-76.3793
-76.3802
-76.3811
-76.382
-76.383
-76.3839
-76.3848
-76.3857
-76.3866
-76.3874
-76.3883
-76.3892
-76.39
-76.3909
-76.3917
-76.3926
-76.3934
-76.3943
-76.3951
-76.3959
-76.3967
-76.3975
-76.3983
-76.3991
-76.3999
-76.4007
-76.4014
-76.4022
-76.403
-76.4037
-76.4045
-76.4052
-76.406
-75.9818
-71.7886
-68.0041
-65.1549
-62.9445
-61.1211
-59.4257
-57.4468
-53.6233
46.3408
-5.00849
-36.3651
-77.9876
-78.9065
-78.7642
-78.6151
-78.4524
-78.2759
-78.086
-77.8832
-77.6689
-76.0992
-74.0252
-72.7372
-71.8436
-71.1346
-70.5273
-69.9866
-69.4965
-69.1152
-69.3568
-69.5785
-70.1513
-70.7135
-71.0777
-71.3155
-71.4749
-71.5847
-71.6626
-69.2766
-66.4727
-64.492
-63.0691
-62.2341
-62.7621
-64.0186
-65.5123
-66.5386
-67.2381
-67.7313
-68.0909
-68.3619
-68.573
-68.7427
-69.2018
-69.9759
-70.5617
-70.992
-71.3163
-71.5665
-71.7639
-71.9228
-72.0533
-72.1625
-72.2554
-72.3359
-72.4066
-72.4698
-72.5269
-72.5792
-72.6277
-69.8258
-66.4157
-63.8632
-61.9085
-60.2912
-58.7576
-56.918
-53.319
44.5532
-5.5016
-36.8516
-78.1981
-79.7024
-79.6922
-78.3331
-77.7717
-77.4842
-77.2137
-76.933
-76.64
-76.3366
-76.0253
-75.7094
-75.1183
-72.2912
-69.9661
-68.4128
-67.8724
-67.5562
-67.2829
-67.3256
-67.8601
-68.2383
-68.4792
-68.6371
-68.744
-68.8194
-68.8758
-68.9207
-68.9595
-68.9953
-69.0304
-69.0661
-69.2134
-69.8707
-70.4456
-70.9706
-71.746
-72.3495
-72.7882
-73.1152
-73.3643
-73.5579
-73.7113
-73.8349
-73.9361
-74.0202
-74.091
-74.1516
-74.2039
-74.2498
-74.2904
-74.3268
-74.3597
-74.3898
-74.4175
-74.4433
-74.4674
-74.4902
-74.5118
-74.5324
-74.5522
-74.5713
-74.5897
-74.6076
-74.6251
-74.6421
-74.6587
-74.675
-74.6911
-74.7068
-74.7223
-74.7376
-74.7527
-74.7676
-74.7823
-74.7969
-74.8113
-74.8255
-74.8396
-74.8535
-74.8673
-74.881
-74.8945
-74.9079
-74.9212
-74.9343
-74.9474
-74.9603
-74.9731
-74.9858
-74.9983
-75.0108
-75.0231
-75.0353
-75.0475
-75.0595
-75.0714
-75.0832
-74.3646
-70.2747
-66.7589
-64.1049
-62.015
-60.2231
-58.4082
-55.8436
-45.114
19.3737
-22.968
-66.6846
-79.1276
-78.758
-78.5748
-78.4052
-78.2221
-78.0247
-77.8134
-77.5895
-77.3544
-75.9611
-73.669
-72.1814
-71.1586
-70.5735
-70.355
-70.1279
-69.8881
-69.6514
-68.4657
-66.9197
-65.8898
-65.2027
-64.7246
-64.3817
-64.1322
-63.9501
-63.8187
-63.7272
-63.6687
-63.5665
-62.1886
-61.6959
-61.4397
-61.2652
-61.1483
-61.0742
-61.1653
-62.4481
-63.6304
-64.5167
-65.1868
-65.7031
-66.1972
-67.348
-68.3018
-68.9935
-69.5071
-69.8978
-70.2017
-70.4432
-70.6391
-70.8011
-70.9376
-71.0547
-71.1567
-71.247
-71.3282
-71.4021
-71.4703
-71.5338
-71.5936
-71.6503
-71.7046
-71.7568
-71.8074
-71.8565
-71.9043
-71.9512
-71.9971
-72.0422
-72.0866
-70.0491
-66.4783
-63.7088
-61.5608
-59.7371
-57.8899
-55.2222
-42.2594
14.0964
-25.5807
-70.6825
-78.8845
-78.7175
-78.5606
-78.3916
-78.2084
-78.0112
-77.8007
-77.5734
-77.2563
-76.9741
-74.5196
-72.4595
-71.1867
-70.3195
-70.0759
-69.9246
-69.7484
-69.5666
-69.3904
-69.2256
-69.0754
-68.9413
-68.8239
-68.7232
-68.6388
-68.5701
-68.5163
-68.4764
-68.4496
-68.4348
-68.4312
-68.4378
-68.4536
-68.4779
-68.5097
-68.5482
-68.5928
-68.6427
-68.6972
-68.7557
-68.9855
-69.6961
-70.3166
-70.8126
-71.2143
-71.5436
-71.8165
-72.0452
-72.2386
-72.4038
-72.5462
-72.6699
-72.7783
-72.874
-72.9592
-73.0356
-73.1046
-73.1674
-73.2248
-73.2778
-73.3268
-73.3726
-73.4155
-73.4559
-73.4941
-73.5305
-73.5653
-73.5986
-73.6306
-73.6615
-73.6914
-73.7204
-73.7487
-73.7762
-73.803
-73.8293
-73.855
-73.8802
-73.905
-73.9293
-73.9533
-73.9768
-74
-74.0229
-74.0455
-74.0678
-74.0897
-74.1114
-74.1328
-74.154
-74.1749
-74.1956
-74.216
-74.2363
-73.5466
-69.5807
-66.1712
-63.5922
-61.5435
-59.7444
-57.8219
-54.7125
-9.63098
4.44985
-30.1076
-75.9132
-79.693
-79.7028
-79.6659
-79.6238
-79.5774
-79.5266
-79.4715
-76.8088
-74.9527
-73.9321
-73.216
-72.6251
-72.0973
-71.6095
-71.1532
-70.7258
-68.8122
-66.2918
-64.3974
-62.9553
-61.7943
-60.7955
-59.8629
-58.8941
-57.7239
-55.2339
-43.2094
14.5833
-25.3653
-69.9288
-79.1956
-79.2211
-79.1215
-78.9198
-77.8808
-76.7138
-76.1735
-75.7874
-75.429
-75.076
-74.7989
-74.5365
-74.2696
-74.007
-73.7539
-73.5218
-73.5089
-73.5024
-73.463
-73.4077
-73.3465
-73.285
-73.3139
-73.4985
-73.6384
-73.7354
-73.8046
-73.8554
-73.8939
-73.924
-73.9485
-73.9692
-73.9874
-74.004
-74.0195
-74.0344
-74.049
-74.0635
-74.0781
-74.0927
-74.1076
-74.1227
-74.1381
-74.1536
-74.1694
-74.1855
-74.2017
-74.2181
-74.2347
-74.2514
-74.2682
-74.2851
-74.3021
-74.3191
-74.3362
-74.3533
-74.3704
-74.3875
-74.4045
-74.4215
-74.4385
-74.4553
-74.4722
-74.4889
-72.2293
-68.2878
-65.2282
-62.8819
-60.9671
-59.1973
-57.1118
-52.7956
44.0588
-9.22664
-40.7298
-78.3544
-79.0299
-78.9217
-78.7914
-78.6486
-78.4935
-78.3264
-78.1065

