-70
-69.8623
-69.7285
-69.5983
-69.4718
-69.3487
-69.2291
-69.1128
-68.9997
-68.8897
-68.7828
-68.6789
-68.5778
-68.4795
-68.3839
-68.291
-68.2007
-68.1128
-68.0274
-67.9443
-67.8636
-67.7851
-67.7087
-67.6345
-67.5623
-67.4921
-67.4238
-67.3574
-67.2929
-67.2301
-67.1691
-67.1098
-67.0521
-66.996
-66.9414
-66.8884
-66.8368
-66.7866
-66.7378
-66.6904
-66.6443
-66.5994
-66.5558
-66.5133
-66.4721
-66.432
-66.393
-66.355
-66.3181
-66.2823
-66.2474
-66.2134
-66.1805
-66.1484
-66.1172
-66.0868
-66.0573
-66.0286
-66.0007
-65.9736
-65.9472
-65.9215
-65.8966
-65.8723
-65.8487
-65.8257
-65.8034
-65.7817
-65.7606
-65.74
-65.72
-65.7006
-65.6817
-65.6633
-65.6455
-65.6281
-65.6112
-65.5948
-65.5788
-65.5632
-65.5481
-65.5334
-65.5191
-65.5052
-65.4917
-65.4785
-65.4657
-65.4533
-65.4412
-65.4294
-65.418
-65.4068
-65.396
-65.3855
-65.3752
-65.3653
-65.3556
-65.3462
-65.337
-65.3281
-65.3194
-65.311
-65.3028
-65.2948
-65.2871
-65.2795
-65.2722
-65.2651
-65.2581
-65.2514
-65.2448
-65.2385
-65.2322
-65.2262
-65.2203
-65.2146
-65.2091
-65.2037
-65.1984
-65.1933
-65.1884
-65.1835
-65.1788
-65.1743
-65.1698
-65.1655
-65.1613
-65.1572
-65.1532
-65.1493
-65.1456
-65.1419
-65.1384
-65.1349
-65.1315
-65.1283
-65.1251
-65.122
-65.119
-65.1161
-65.1132
-65.1104
-65.1077
-65.1051
-65.1026
-65.1001
-65.0977
-65.0953
-65.0931
-65.0908
-65.0887
-65.0866
-65.0845
-65.0826
-65.0806
-65.0788
-65.0769
-65.0752
-65.0734
-65.0718
-65.0701
-65.0685
-65.067
-65.0655
-65.064
-65.0626
-65.0612
-65.0599
-65.0586
-65.0573
-65.0561
-65.0549
-65.0537
-65.0526
-65.0514
-65.0504
-65.0493
-65.0483
-65.0473
-65.0464
-65.0454
-65.0445
-65.0436
-65.0428
-65.0419
-65.0411
-65.0403
-65.0395
-65.0388
-65.0381
-65.0374
-65.0367
-65.036
-65.0353
-65.0347
-65.0341
-65.0335
-65.0329
-65.0323
-65.0318
-65.0313
-65.0307
-65.0302
-65.0297
-65.0293
-65.0288
-65.0283
-65.0279
-65.0275
-65.027
-65.0266
-65.0262
-65.0259
-65.0255
-65.0251
-65.0248
-65.0244
-65.0241
-65.0238
-65.0234
-65.0231
-65.0228
-65.0225
-65.0223
-65.022
-65.0217
-65.0215
-65.0212
-65.021
-65.0207
-65.0205
-65.0203
-65.02
-65.0198
-65.0196
-65.0194
-65.0192
-65.019
-65.0188
-65.0187
-65.0185
-65.0183
-65.0181
-65.018
-65.0178
-65.0177
-65.0175
-65.0174
-65.0172
-65.0171
-65.017
-65.0168
-65.0167
-65.0166
-65.0165
-65.0163
-65.0162
-65.0161
-65.016
-65.0159
-65.0158
-65.0157
-65.0156
-65.0155
-65.0154
-65.0153
-65.0153
-65.0152
-65.0151
-65.015
-65.0149
-65.0149
-65.0148
-65.0147
-65.0147
-65.0146
-65.0145
-65.0145
-65.0144
-65.0143
-65.0143
-65.0142
-65.0142
-65.0141
-65.0141
-65.014
-65.014
-65.0139
-65.0139
-65.0138
-65.0138
-65.0137
-65.0137
-65.0137
-65.0136
-65.0136
-65.0135
-65.0135
-65.0135
-65.0134
-65.0134
-65.0134
-65.0133
-65.0133
-65.0133
-65.0133
-65.0132
-65.0132
-65.0132
-65.0131
-65.0131
-65.0131
-65.0131
-65.0131
-65.013
-65.013
-65.013
-65.013
-65.0129
-65.0129
-65.0129
-65.0129
-65.0129
-65.0129
-65.0128
-65.0128
-65.0128
-65.0128
-65.0128
-65.0128
-65.0127
-65.0127
-65.0127
-65.0127
-65.0127
-65.0127
-65.0127
-65.0127
-65.0126
-65.0126
-65.0126
-65.0126
-65.0126
-65.0126
-65.0126
-65.0126
-65.0126
-65.0126
-65.0125
-65.0125
-65.0125
-65.0125
-65.0125
-65.0125
-65.0125
-65.0125
-65.0125
-65.0125
-65.0125
-65.0125
-65.0125
-65.0124
-65.0124
-65.0124
-65.0124
-65.0124
-65.0124
-65.0124
-65.0124
-65.0124
-65.0124
-65.0124
-65.0124
-65.0124
-65.0124
-65.0124
-65.0124
-65.0124
-65.0124
-65.0124
-65.0124
-65.0124
-65.0124
-65.0124
-65.0123
-65.0123
-65.0123
-65.0123
-65.0123
-65.0123
-65.0123
-65.0123
-65.0123
-65.0123
-65.0123
-65.0123
-65.0123
-65.0123
-65.0123
-65.0123
-65.0123
-65.0123
-65.0123
-65.0123
-65.0123
-65.0123
-65.0123
-65.0123
-65.0123
-65.0123
-65.0123
-65.0123
-65.0123
-65.0123
-65.0123
-65.0123
-65.0123
-65.0123
-65.0123
-65.0123
-65.0123
-65.0123
-65.0123
-65.0123
-65.0123
-65.0123
-65.0123
-65.0123
-65.0123
-65.0123
-65.0123
-65.0123
-65.0123
-65.0123
-65.0123
-65.0123
-65.0123
-65.0123
-65.0123
-65.0123
-65.0123
-65.0123
-65.0123
-65.0123
-65.0123
-65.0123
-65.0123
-65.0123
-65.0123
-65.0123
-65.0123
-65.0123
-65.0123
-65.0123
-65.0123
-65.0123
-65.0123
-65.0123
-64.8888
-64.7871
-64.7113
-64.6572
-64.6152
-64.5815
-64.5545
-64.5329
-64.5159
-64.5027
-64.4927
-64.4856
-64.4808
-64.478
-64.477
-64.4776
-64.4793
-64.4822
-64.4861
-64.4907
-64.496
-64.5019
-64.5083
-64.5151
-64.5223
-64.5297
-64.5373
-64.5451
-64.553
-64.5611
-64.5691
-64.5773
-64.5854
-64.5935
-64.5495
-64.4315
-64.3542
-64.2976
-64.2584
-64.2288
-64.2064
-64.1898
-64.1781
-64.1704
-64.1661
-64.1647
-64.1657
-64.1688
-64.1736
-64.1464
-64.094
-64.0613
-64.0397
-63.7605
-63.5614
-63.3167
-62.2166
-61.3421
-60.5552
-59.8431
-59.1651
-58.0048
-57.153
-55.9268
-54.9795
-54.2241
-53.6604
-53.2194
-52.636
-52.0399
-51.5229
-50.9825
-50.5318
-50.0807
-49.6936
-49.3673
-49.0833
-48.8158
-48.545
-48.2783
-47.9009
-47.4887
-47.0338
-46.5174
-45.9255
-45.1038
-43.9646
-42.0002
-36.7252
32.0635
13.8086
-25.1923
-50.969
-59.1608
-61.3324
-61.8928
-62.0015
-61.9619
-61.8342
-61.7086
-61.5865
-61.438
-61.2857
-61.1513
-61.0504
-60.9741
-60.9169
-60.83
-60.7575
-60.7072
-60.6752
-60.6565
-60.6482
-60.6485
-60.6387
-60.5632
-60.5116
-60.4393
-60.4004
-60.3765
-60.2563
-60.1123
-59.9845
-59.8492
-59.7221
-59.6128
-59.4558
-59.2776
-59.0123
-58.7809
-58.4743
-58.1552
-57.8089
-57.4462
-56.9898
-56.3744
-55.8447
-55.4171
-54.8225
-54.0513
-53.1675
-52.3906
-51.5638
-50.8811
-50.3498
-49.9062
-49.4711
-49.0949
-48.7608
-48.3628
-47.9293
-47.5005
-47.0534
-46.5691
-45.9734
-45.2359
-44.1979
-42.4704
-38.3819
9.60295
23.2337
-20.3421
-49.5846
-60.2149
-63.0317
-63.8423
-64.0891
-64.1282
-64.0867
-64.0164
-63.9391
-63.8639
-63.7942
-63.7311
-63.6748
-63.6247
-63.5806
-63.5416
-63.5074
-63.4774
-63.4511
-63.4283
-63.4085
-63.3915
-63.3769
-63.3645
-63.3542
-63.3457
-63.3387
-63.3333
-63.3292
-63.3263
-63.3244
-63.3235
-63.3235
-63.3243
-63.3258
-63.3279
-63.3306
-63.3338
-63.3374
-63.3415
-63.3459
-63.3506
-63.3556
-63.3609
-63.3664
-63.3721
-63.3779
-63.3839
-63.3901
-63.3963
-63.4027
-63.4091
-63.4156
-63.4222
-63.4288
-63.4355
-63.4422
-63.4489
-63.4556
-63.4623
-63.469
-63.4758
-63.422
-63.3337
-63.2735
-63.2309
-63.2008
-63.141
-62.8482
-62.6473
-62.4967
-62.3898
-62.2769
-61.9583
-61.2879
-60.7041
-60.2305
-59.733
-58.9921
-57.9901
-57.138
-55.8662
-54.7639
-53.9525
-53.1755
-52.5753
-51.9159
-51.3756
-50.9482
-50.598
-50.2885
-49.9956
-49.6922
-49.4432
-49.2293
-49.0198
-48.8314
-48.6555
-48.4295
-48.1684
-47.9127
-47.626
-47.2872
-46.8276
-46.2431
-45.5741
-44.6895
-43.2829
-40.4419
-27.8701
39.723
-7.60146
-41.2111
-58.6794
-63.1314
-64.1872
-64.3301
-64.1215
-63.7961
-63.4817
-63.2094
-62.9772
-62.7793
-62.504
-62.2495
-62.0485
-61.8897
-61.7623
-61.6588
-61.5751
-61.5082
-61.4558
-61.4159
-61.3867
-61.3669
-61.3553
-61.3508
-61.3525
-61.3596
-61.3552
-61.2158
-61.0684
-60.873
-60.6615
-60.4752
-60.3027
-60.1151
-59.9509
-59.8065
-59.6034
-59.3873
-59.2397
-59.0519
-58.6808
-58.3201
-58.0085
-57.7514
-57.4367
-57.0549
-56.4893
-55.9067
-55.3139
-54.6033
-53.8321
-53.0092
-52.3226
-51.8092
-51.3872
-51.0312
-50.708
-50.3927
-50.1078
-49.8563
-49.6409
-49.4519
-49.252
-49.0549
-48.8477
-48.6453
-48.43
-48.1958
-47.9371
-47.6579
-47.3549
-46.9947
-46.5499
-46.027
-45.3723
-44.4656
-43.0142
-39.944
-21.6685
35.2215
-13.3422
-46.7681
-61.5041
-65.3742
-66.4536
-66.7714
-66.8271
-66.7843
-66.7049
-66.6132
-66.519
-66.4262
-66.3364
-66.2501
-66.1675
-66.0885
-66.0128
-65.9403
-65.8709
-65.8043
-65.7405
-65.6791
-65.6202
-65.5636
-65.5092
-65.4568
-65.4064
-65.3579
-65.3112
-65.2661
-65.2227
-65.1809
-65.1405
-65.1015
-65.064
-65.0277
-64.9927
-64.9588
-64.9262
-64.8947
-64.8642
-64.8347
-64.8063
-64.7788
-64.7523
-64.7266
-64.7018
-64.6778
-64.6546
-64.6322
-64.6106
-64.5897
-64.5695
-64.5499
-64.5311
-64.5128
-64.4952
-64.4782
-64.4618
-64.446
-64.4307
-64.4159
-64.4017
-64.3879
-64.3747
-64.3619
-64.3496
-64.3377
-64.3262
-64.3152
-64.3046
-64.2909
-64.2264
-64.0539
-63.6571
-63.3496
-62.9533
-62.6028
-62.3033
-62.0692
-61.73
-61.3695
-61.0293
-60.6522
-60.3492
-60.122
-59.8472
-58.2519
-56.5335
-55.2892
-54.4019
-53.712
-53.0976
-52.6189
-52.1244
-51.7258
-51.4099
-51.1202
-50.8427
-50.5958
-50.3675
-50.1674
-50.004
-49.8277
-49.5386
-49.2843
-49.0164
-48.7254
-48.4696
-48.2009
-47.9183
-47.6204
-47.2694
-46.9054
-46.4924
-45.9975
-45.279
-44.0602
-41.9984
-36.8305
28.605
14.1376
-27.104
-55.1503
-63.5748
-65.6558
-66.0783
-66.0539
-65.8191
-65.5426
-65.2615
-65.0189
-64.7694
-64.5422
-64.35
-64.1858
-64.0445
-63.8844
-63.7464
-63.6297
-63.5097
-63.3859
-63.2471
-63.12
-63.02
-62.9396
-62.8741
-62.8167
-62.718
-62.6448
-62.5607
-62.447
-62.3405
-62.2628
-62.2026
-62.1154
-62.0533
-62.0075
-61.9763
-61.9551
-61.9421
-61.9095
-61.8723
-61.76
-61.6666
-61.5553
-61.4377
-61.3146
-61.0632
-60.7794
-60.5292
-60.1552
-59.736
-59.042
-58.2137
-57.2845
-56.4325
-55.6619
-54.9518
-54.0402
-53.2711
-52.6362
-52.1382
-51.7504
-51.4315
-51.124
-50.8392

