-70
-70.0758
-70.1508
-70.225
-70.2983
-70.3706
-70.4419
-70.5122
-70.5814
-70.6496
-70.7168
-70.7829
-70.848
-70.9121
-70.9752
-71.0373
-71.0984
-71.1586
-71.2178
-71.2761
-71.3334
-71.3899
-71.4455
-71.5003
-71.5543
-71.6074
-71.6598
-71.7114
-71.7623
-71.8124
-71.8619
-71.9106
-71.9587
-72.006
-72.0527
-72.0988
-72.1442
-72.1889
-72.2331
-72.2766
-72.3196
-72.362
-72.4038
-72.445
-72.4857
-72.5258
-72.5654
-72.6045
-72.6431
-72.6812
-72.7188
-72.756
-72.7927
-72.8289
-72.8647
-72.9
-72.9349
-72.9694
-73.0035
-73.0371
-73.0704
-73.1032
-73.1357
-73.1678
-73.1994
-73.2307
-73.2617
-73.2922
-73.3224
-73.3523
-73.3817
-73.4109
-73.4397
-73.4682
-73.4963
-73.5241
-73.5516
-73.5788
-73.6057
-73.6323
-73.6585
-73.6845
-73.7102
-73.7356
-73.7608
-73.7857
-73.8103
-73.8346
-73.8587
-73.8825
-73.9061
-73.9294
-73.9524
-73.9753
-73.9979
-74.0202
-74.0423
-74.0642
-74.0859
-74.1073
-74.1285
-74.1495
-74.1703
-74.1909
-74.2112
-74.2313
-74.2513
-74.271
-74.2905
-74.3098
-74.329
-74.3479
-74.3666
-74.3852
-74.4036
-74.4217
-74.4397
-74.4575
-74.4752
-74.4926
-74.5099
-74.527
-74.544
-74.5607
-74.5774
-74.5938
-74.6101
-74.6262
-74.6422
-74.658
-74.6736
-74.6891
-74.7045
-74.7197
-74.7347
-74.7496
-74.7644
-74.779
-74.7935
-74.8079
-74.8221
-74.8362
-74.8501
-74.864
-74.8777
-74.8913
-74.9047
-74.918
-74.9313
-74.9443
-74.9573
-74.9701
-74.9829
-74.9955
-75.008
-75.0204
-75.0327
-75.0448
-75.0569
-75.0688
-75.0806
-75.0924
-75.104
-75.1155
-75.1269
-75.1382
-75.1495
-75.1606
-75.1716
-75.1825
-75.1933
-75.204
-75.2147
-75.2252
-75.2356
-75.246
-75.2562
-75.2664
-75.2764
-75.2864
-75.2963
-75.3061
-75.3158
-75.3255
-75.335
-75.3445
-75.3538
-75.3631
-75.3724
-75.3815
-75.3906
-75.3995
-75.4084
-75.4172
-75.426
-75.4346
-75.4432
-75.4518
-75.4602
-75.4686
-75.4769
-75.4851
-75.4932
-75.5013
-75.5093
-75.5173
-75.5251
-75.533
-75.5407
-75.5484
-75.556
-75.5635
-75.571
-75.5784
-75.5858
-75.593
-75.6003
-75.6074
-75.6145
-75.6216
-75.6285
-75.6355
-75.6423
-75.6491
-75.6559
-75.6626
-75.6692
-75.6758
-75.6823
-75.6888
-75.6952
-75.7015
-75.7078
-75.7141
-75.7203
-75.7264
-75.7325
-75.7386
-75.7446
-75.7505
-75.7564
-75.7622
-75.768
-75.7738
-75.7795
-75.7851
-75.7907
-75.7963
-75.8018
-75.8072
-75.8127
-75.818
-75.8234
-75.8287
-75.8339
-75.8391
-75.8443
-75.8494
-75.8545
-75.8595
-75.8645
-75.8695
-75.8744
-75.8793
-75.8841
-75.8889
-75.8937
-75.8984
-75.9031
-75.9077
-75.9123
-75.9169
-75.9214
-75.9259
-75.9304
-75.9348
-75.9392
-75.9436
-75.9479
-75.9522
-75.9565
-75.9607
-75.9649
-75.969
-75.9731
-75.9772
-75.9813
-75.9853
-75.9893
-75.9933
-75.9972
-76.0011
-76.005
-76.0088
-76.0126
-76.0164
-76.0201
-76.0239
-76.0275
-76.0312
-76.0348
-76.0384
-76.042
-76.0456
-76.0491
-76.0526
-76.056
-76.0595
-76.0629
-76.0663
-76.0696
-76.0729
-76.0762
-76.0795
-76.0828
-76.086
-76.0892
-76.0924
-76.0955
-76.0986
-76.1017
-76.1048
-76.1079
-76.1109
-76.1139
-76.1169
-76.1198
-76.1228
-76.1257
-76.1286
-76.1314
-76.1343
-76.1371
-76.1399
-76.1427
-76.1455
-76.1482
-76.1509
-76.1536
-76.1563
-76.1589
-76.1615
-76.1642
-76.1667
-76.1693
-76.1719
-76.1744
-76.1769
-76.1794
-76.1819
-76.1843
-76.1868
-76.1892
-76.1916
-76.1939
-76.1963
-76.1986
-76.201
-76.2033
-76.2056
-76.2078
-76.2101
-76.2123
-76.2145
-76.2167
-76.2189
-76.2211
-76.2232
-76.2254
-76.2275
-76.2296
-76.2317
-76.2337
-76.2358
-76.2378
-76.2398
-76.2418
-76.2438
-76.2458
-76.2478
-76.2497
-76.2516
-76.2536
-76.2554
-76.2573
-76.2592
-76.2611
-76.2629
-76.2647
-76.2665
-76.2683
-76.2701
-76.2719
-76.2737
-76.2754
-76.2771
-76.2788
-76.2806
-76.2822
-76.2839
-76.2856
-76.2872
-76.2889
-76.2905
-76.2921
-76.2937
-76.2953
-76.2969
-76.2985
-76.3
-76.3016
-76.3031
-76.3046
-76.3061
-76.3076
-76.3091
-76.3106
-76.312
-76.3135
-76.3149
-76.3164
-76.3178
-76.3192
-76.3206
-76.322
-76.3233
-76.3247
-76.3261
-76.3274
-76.3287
-76.33
-76.3314
-76.3327
-76.334
-76.3352
-76.3365
-76.3378
-76.339
-76.3403
-76.3415
-76.3427
-76.3439
-76.3452
-76.3464
-76.3475
-76.3487
-76.3499
-76.351
-76.3522
-76.3533
-76.3545
-76.3556
-76.3567
-76.3578
-76.3589
-76.36
-76.3611
-76.3622
-76.3632
-76.3643
-76.3654
-76.3664
-76.3674
-76.3685
-76.3695
-76.3705
-76.3715
-76.3725
-76.3735
-76.3745
-76.3754
-76.3764
-76.3774
-76.3783
-76.3793
-76.3802
-76.3811
-76.382
-76.383
-76.3839
-76.3848
-76.3857
-76.3866
-76.3874
-76.3883
-76.3892
-76.39
-76.3909
-76.3917
-76.3926
-76.3934
-76.3943
-76.3951
-76.3959
-76.3967
-76.3975
-76.3983
-76.3991
-76.3999
-76.4007
-76.4014
-76.4022
-76.403
-76.4037
-76.4045
-76.4052
-76.406
-76.4067
-76.4074
-76.4082
-76.4089
-76.4096
-76.4103
-76.411
-76.4117
-76.4124
-76.4131
-76.4137
-76.4144
-76.4151
-76.4158
-76.4164
-76.4171
-76.4177
-76.4184
-76.419
-76.4196
-76.4203
-76.4209
-76.4215
-76.4221
-76.4227
-76.4234
-76.424
-76.4246
-76.4251
-76.4257
-76.4263
-76.3987
-76.357
-76.3236
-76.2974
-76.2767
-76.2508
-76.213
-76.179
-76.1415
-76.115
-76.0967
-76.0839
-76.0749
-76.0685
-76.064
-76.0609
-76.0589
-76.0577
-76.0572
-76.0571
-76.0575
-76.0582
-76.0593
-76.0606
-76.0621
-76.0638
-76.0656
-76.0676
-76.0697
-76.0719
-76.0742
-76.0765
-76.079
-76.0815
-76.0841
-76.0867
-76.0893
-76.092
-76.0947
-76.0974
-76.1002
-76.1029
-76.1057
-76.1085
-76.1113
-76.1141
-76.1169
-76.1197
-76.1224
-76.1252
-76.128
-76.1308
-76.1335
-76.1362
-76.139
-76.1417
-76.1444
-76.1471
-76.1498
-76.1524
-76.1551
-76.1577
-76.1603
-76.1629
-76.1655
-76.168
-76.1706
-76.1731
-76.1756
-76.1781
-76.1805
-76.183
-76.1742
-76.1512
-76.1136
-76.0877
-76.0709
-76.0598
-76.0482
-76.0397
-76.0344
-76.0311
-76.0292
-76.0282
-76.0279
-76.0281
-76.0287
-76.0296
-76.0308
-76.0322
-76.0337
-76.0354
-76.0373
-76.0392
-76.0413
-76.0435
-76.0458
-76.0481
-76.0506
-76.0531
-76.0556
-76.0582
-76.0609
-76.0636
-76.0664
-76.0691
-76.0719
-76.0748
-76.0776
-76.0805
-76.0834
-76.0863
-76.0892
-76.0921
-76.095
-76.0979
-76.1008
-76.1037
-76.1066
-76.1095
-76.1124
-76.1153
-76.1182
-76.121
-76.1239
-76.1267
-76.1295
-76.1323
-76.1351
-76.1379
-76.1406
-76.1434
-76.1461
-76.1488
-76.1515
-76.1541
-76.1568
-76.1594
-76.162
-76.1646
-76.1672
-76.1697
-76.1723
-76.1748
-76.1773
-76.1798
-76.1822
-76.1847
-76.1871
-76.1895
-76.1919
-76.1943
-76.1966
-76.199
-76.2013
-76.2036
-76.2059
-76.2081
-76.2104
-76.2126
-76.2148
-76.217
-76.2192
-76.2214
-76.2235
-76.2256
-76.2277
-76.2298
-76.2319
-76.234
-76.236
-76.2381
-76.2401
-76.2421
-76.2441
-76.246
-76.248
-76.2491
-76.2296
-76.2096
-76.194
-76.1818
-76.1722
-76.1578
-76.1376
-76.1221
-76.1106
-76.1022
-76.0955
-76.0832
-76.0728
-76.0656
-76.0605
-76.057
-76.0547
-76.0533
-76.0526
-76.0524
-76.0527
-76.0534
-76.0544
-76.0556
-76.0571
-76.0587
-76.0605
-76.0625
-76.0645
-76.0667
-76.069
-76.0714
-76.0738
-76.0763
-76.0789
-76.0815
-76.0841
-76.0868
-76.0895
-76.0922
-76.095
-76.0978
-76.1006
-76.1034
-76.1062
-76.109
-76.1118
-76.1146
-76.1174
-76.1202
-76.123
-76.1258
-76.1286
-76.1314
-76.1341
-76.1369
-76.1396
-76.1423
-76.145
-76.1477
-76.1504
-76.1531
-76.1557
-76.1583
-76.1609
-76.1635
-76.1661
-76.1687
-76.1712
-76.1737
-76.1762
-76.1787
-76.1812
-76.1836
-76.1861
-76.1885
-76.1909
-76.1932
-76.1806
-76.1661
-76.1547
-76.1437
-76.1179
-76.093
-76.0763
-76.065
-76.0573
-76.0521
-76.0486
-76.0456
-76.0405
-76.0367
-76.0344
-76.0332
-76.0326
-76.0326
-76.0331
-76.0338
-76.0349
-76.0362
-76.0377
-76.0394
-76.0412
-76.0431
-76.0452
-76.0474
-76.0496
-76.052
-76.0544
-76.0569
-76.0595
-76.0621
-76.0648
-76.0675
-76.0702
-76.073
-76.0758
-76.0786
-76.0814
-76.0843
-76.0872
-76.0901
-76.093
-76.0959
-76.0988
-76.1017
-76.1046
-76.1074
-76.1103
-76.1132
-76.1161
-76.1189
-76.1218
-76.1246
-76.1274
-76.1302
-76.133
-76.1358
-76.1386
-76.1413
-76.144
-76.1468
-76.1494
-76.1521
-76.1548
-76.1574
-76.16
-76.1627
-76.1652
-76.1678
-76.1704
-76.1729
-76.1754
-76.1779
-76.1804
-76.1828
-76.1853
-76.1877
-76.1901
-76.1925
-76.1948
-76.1972
-76.1995
-76.2018
-76.2041
-76.2064
-76.2087
-76.2109
-76.2131
-76.2153
-76.2175
-76.2197
-76.2219
-76.224
-76.2261
-76.2283
-76.2303
-76.2324
-76.2345
-76.2365
-76.2386
-76.2406
-76.2426
-76.2446
-76.2465
-76.2485
-76.2504
-76.2523
-76.2542
-76.2561
-76.258
-76.2599
-76.2617
-76.2636
-76.2654
-76.2672
-76.269
-76.2708
-76.2725
-76.2743
-76.276
-76.2778
-76.2704
-76.246
-76.2254
-76.2093
-76.1966
-76.1836
-76.1596
-76.14
-76.1255
-76.1148
-76.1067
-76.1007
-76.0887
-76.0778
-76.0701
-76.0647
-76.0609
-76.0583
-76.0567
-76.0558
-76.0556
-76.0557
-76.0563
-76.0572
-76.0584
-76.0597
-76.0613
-76.0631
-76.065
-76.067
-76.0692
-76.0714
-76.0738
-76.0762
-76.0787
-76.0812
-76.0838
-76.0864
-76.0891
-76.0918
-76.0945
-76.0973
-76.1
-76.1028
-76.1056
-76.1084
-76.1112
-76.114
-76.1168
-76.1196
-76.1223
-76.1251
-76.1279
-76.1307
-76.1334
-76.1362
-76.1389
-76.1416
-76.1443
-76.147
-76.1497
-76.1524
-76.155
-76.1576
-76.1602
-76.1628
-76.1654
-76.168
-76.1705
-76.173
-76.1755
-76.178
-76.1805
-76.1829
-76.1854
-76.1878
-76.1902
-76.1926
-76.1949
-76.1973
-76.1996
-76.2019

