-70
-69.8623
-69.7285
-69.5983
-69.4718
-69.3487
-69.2291
-69.1128
-68.9997
-68.8897
-68.7828
-68.6789
-68.5778
-68.4795
-68.3839
-68.291
-68.2007
-68.1128
-68.0274
-67.9443
-67.8636
-67.7851
-67.7087
-67.6345
-67.5623
-67.4921
-67.4238
-67.3574
-67.2929
-67.2301
-67.1691
-67.1098
-67.0521
-66.996
-66.9414
-66.8884
-66.8368
-66.7866
-66.7378
-66.6904
-66.6443
-66.5994
-66.5558
-66.5133
-66.4721
-66.432
-66.393
-66.355
-66.3181
-66.2823
-66.2474
-66.2134
-66.1805
-66.1484
-66.1172
-66.0868
-66.0573
-66.0286
-66.0007
-65.9736
-65.9472
-65.9215
-65.8966
-65.8723
-65.8487
-65.8257
-65.8034
-65.7817
-65.7606
-65.74
-65.72
-65.7006
-65.6817
-65.6633
-65.6455
-65.6281
-65.6112
-65.5948
-65.5788
-65.5632
-65.5481
-65.5334
-65.5191
-65.5052
-65.4917
-65.4785
-65.4657
-65.4533
-65.4412
-65.4294
-65.418
-65.4068
-65.396
-65.3855
-65.3752
-65.3653
-65.3556
-65.3462
-65.337
-65.3281
-65.3194
-65.311
-65.3028
-65.2948
-65.2871
-65.2795
-65.2722
-65.2651
-65.2581
-65.2514
-65.2448
-65.2385
-65.2322
-65.2262
-65.2203
-65.2146
-65.2091
-65.2037
-65.1984
-65.1933
-65.1884
-65.1835
-65.1788
-65.1743
-65.1698
-65.1655
-65.1613
-65.1572
-65.1532
-65.1493
-65.1456
-65.1419
-65.1384
-65.1349
-65.1315
-65.1283
-65.1251
-65.122
-65.119
-65.1161
-65.1132
-65.1104
-65.1077
-65.1051
-65.1026
-65.1001
-65.0977
-65.0953
-65.0931
-65.0908
-65.0887
-65.0866
-65.0845
-65.0826
-65.0806
-65.0788
-65.0769
-65.0752
-65.0734
-65.0718
-65.0701
-65.0685
-65.067
-65.0655
-65.064
-65.0626
-65.0612
-65.0599
-65.0586
-65.0573
-65.0561
-65.0549
-65.0537
-65.0526
-65.0514
-65.0504
-65.0493
-65.0483
-65.0473
-65.0464
-65.0454
-65.0445
-65.0436
-65.0428
-65.0419
-65.0411
-65.0403
-65.0395
-65.0388
-65.0381
-65.0374
-65.0367
-65.036
-65.0353
-65.0347
-65.0341
-65.0335
-65.0329
-65.0323
-65.0318
-65.0313
-65.0307
-65.0302
-65.0297
-65.0293
-65.0288
-65.0283
-65.0279
-65.0275
-65.027
-65.0266
-65.0262
-65.0259
-65.0255
-65.0251
-65.0248
-65.0244
-65.0241
-65.0238
-65.0234
-65.0231
-65.0228
-65.0225
-65.0223
-65.022
-65.0217
-65.0215
-65.0212
-65.021
-65.0207
-65.0205
-65.0203
-65.02
-65.0198
-65.0196
-65.0194
-65.0192
-65.019
-65.0188
-65.0187
-65.0185
-65.0183
-65.0181
-65.018
-65.0178
-65.0177
-65.0175
-65.0174
-65.0172
-65.0171
-65.017
-65.0168
-65.0167
-65.0166
-65.0165
-65.0163
-65.0162
-65.0161
-65.016
-65.0159
-65.0158
-65.0157
-65.0156
-65.0155
-65.0154
-65.0153
-65.0153
-65.0152
-65.0151
-65.015
-65.0149
-65.0149
-65.0148
-65.0147
-65.0147
-65.0146
-65.0145
-65.0145
-65.0144
-65.0143
-65.0143
-65.0142
-65.0142
-65.0141
-65.0141
-65.014
-65.014
-65.0139
-65.0139
-65.0138
-65.0138
-65.0137
-65.0137
-65.0137
-65.0136
-65.0136
-65.0135
-65.0135
-65.0135
-65.0134
-65.0134
-65.0134
-65.0133
-65.0133
-65.0133
-65.0133
-65.0132
-65.0132
-65.0132
-65.0131
-65.0131
-65.0131
-65.0131
-65.0131
-65.013
-65.013
-65.013
-65.013
-65.0129
-65.0129
-65.0129
-65.0129
-65.0129
-65.0129
-65.0128
-65.0128
-65.0128
-65.0128
-65.0128
-65.0128
-65.0127
-65.0127
-65.0127
-65.0127
-65.0127
-65.0127
-65.0127
-65.0127
-65.0126
-65.0126
-65.0126
-65.0126
-65.0126
-65.0126
-65.0126
-65.0126
-65.0126
-65.0126
-65.0125
-65.0125
-65.0125
-65.0125
-65.0125
-65.0125
-65.0125
-65.0125
-65.0125
-65.0125
-65.0125
-65.0125
-65.0125
-65.0124
-65.0124
-65.0124
-65.0124
-65.0124
-65.0124
-65.0124
-65.0124
-65.0124
-65.0124
-65.0124
-65.0124
-65.0124
-65.0124
-65.0124
-65.0124
-65.0124
-65.0124
-65.0124
-65.0124
-65.0124
-65.0124
-65.0124
-65.0123
-65.0123
-65.0123
-65.0123
-65.0123
-65.0123
-65.0123
-65.0123
-65.0123
-65.0123
-65.0123
-65.0123
-65.0123
-65.0123
-65.0123
-65.0123
-65.0123
-65.0123
-65.0123
-65.0123
-65.0123
-65.0123
-65.0123
-65.0123
-65.0123
-65.0123
-65.0123
-65.0123
-65.0123
-65.0123
-65.0123
-65.0123
-65.0123
-65.0123
-65.0123
-65.0123
-65.0123
-65.0123
-65.0123
-65.0123
-65.0123
-65.0123
-65.0123
-65.0123
-65.0123
-65.0123
-65.0123
-65.0123
-65.0123
-65.0123
-65.0123
-65.0123
-65.0123
-65.0123
-65.0123
-65.0123
-65.0123
-65.0123
-65.0123
-65.0123
-65.0123
-65.0123
-65.0123
-65.0123
-65.0123
-65.0123
-65.0123
-65.0123
-65.0123
-65.0123
-65.0123
-65.0123
-65.0123
-65.0123
-65.0123
-65.0123
-65.0123
-65.0123
-65.0123
-65.0123
-65.0123
-65.0123
-65.0122
-65.0122
-65.0122
-65.0122
-65.0122
-65.0122
-65.0122
-65.0122
-65.0122
-65.0122
-65.0122
-65.0122
-65.0122
-65.0122
-65.0122
-65.0122
-65.0122
-65.0122
-65.0122
-65.0122
-65.0122
-65.0122
-65.0122
-65.0122
-65.0122
-65.0122
-64.9598
-64.833
-64.7471
-64.6823
-64.635
-64.5974
-64.5673
-64.5431
-64.5239
-64.5088
-64.4973
-64.4888
-64.4829
-64.4792
-64.4773
-64.4771
-64.4783
-64.4807
-64.484
-64.4883
-64.4522
-64.4004
-64.2319
-64.1117
-63.9692
-63.7598
-63.5621
-63.3539
-63.1992
-63.0185
-62.8694
-62.7057
-62.5889
-62.5008
-62.4366
-62.3897
-62.3526
-62.162
-62.0305
-61.832
-61.6723
-61.5455
-61.4308
-61.3522
-61.2983
-61.2653
-61.2377
-61.1923
-61.1701
-61.1635
-61.1708
-61.1414
-61.1317
-61.1368
-61.1551
-61.1821
-61.2157
-61.2549
-61.2985
-61.3458
-61.3961
-61.4489
-61.5036
-61.56
-61.6175
-61.676
-61.7351
-61.7946
-61.8543
-61.9139
-61.9735
-62.0328
-62.0917
-62.1329
-62.1479
-62.1609
-62.1412
-62.1447
-62.1595
-62.1838
-62.2134
-62.247
-62.2836
-62.3227
-62.3635
-62.3582
-62.3621
-62.3768
-62.4005
-62.4256
-62.3287
-62.187
-62.0411
-61.9356
-61.8121
-61.6994
-61.605
-61.5031
-61.4398
-61.4004
-61.345
-61.2894
-61.2191
-61.1616
-61.1318
-61.086
-60.9934
-60.9257
-60.8445
-60.8009
-60.7803
-60.7785
-60.79
-60.812
-60.8176
-60.8194
-60.8121
-60.8161
-60.811
-60.7849
-60.693
-60.5985
-60.5328
-60.502
-60.4593
-60.4338
-60.4296
-60.4427
-60.4685
-60.5037
-60.5468
-60.5962
-60.6508
-60.7097
-60.7721
-60.8374
-60.9048
-60.974
-61.0445
-61.116
-61.188
-61.2605
-61.3331
-61.4056
-61.4778
-61.5496
-61.6209
-61.6915
-61.7614
-61.8305
-61.8986
-61.9658
-62.0319
-62.097
-62.1611
-62.224
-62.2858
-62.3465
-62.406
-62.4643
-62.5215
-62.5775
-62.6323
-62.686
-62.7385
-62.7899
-62.8401
-62.8892
-62.9372
-62.9841
-63.0299
-63.0747
-63.1184
-63.161
-63.2027
-63.2433
-63.283
-63.3217
-63.3594
-63.3962
-63.4322
-63.4672
-63.5014
-63.5347
-63.5672
-63.5989
-63.6298
-63.6599
-63.6893
-63.7179
-63.7459
-63.7199
-63.7081
-63.7051
-63.7098
-63.7184
-63.7296
-63.7428
-63.7574
-63.7471
-63.7172
-63.7026
-63.6967
-63.6975
-63.7022
-63.588
-63.3119
-63.0478
-62.8542
-62.6326
-62.4366
-62.2931
-62.1877
-62.0762
-61.8622
-61.6653
-61.5273
-61.4316
-61.3657
-61.3211
-61.2937
-61.2504
-61.2232
-61.2123
-61.2158
-61.2298
-61.2522
-61.2814
-61.3164
-61.3562
-61.4
-61.4471
-61.497
-61.5492
-61.5811
-61.5222
-61.4447
-61.404
-61.39
-61.3943
-61.41
-61.4343
-61.4655
-61.5023
-61.5349
-61.5468
-61.5391
-61.5336
-61.5012
-61.4882
-61.4926
-61.5107
-61.5375
-61.5707
-61.6091
-61.6516
-61.6975
-61.746
-61.7966
-61.8489
-61.9025
-61.957
-62.0121
-62.0676
-62.1233
-62.1791
-62.2216
-62.2303
-62.254
-62.2794
-62.2469
-62.2292
-62.2206
-62.1881
-62.1783
-62.1813
-62.1827
-62.1498
-62.0918
-62.0632
-62.0496
-61.9742
-61.9071
-61.8693
-61.8373
-61.7807
-61.7524
-61.6819
-61.6217
-61.5478
-61.4889
-61.395
-61.2847
-61.1418
-61.0466
-60.9871
-60.9551
-60.9414
-60.9421
-60.9544
-60.9382
-60.9402
-60.9557
-60.9768
-60.9723
-60.9868
-61.0128
-61.0464
-61.0224
-61.005
-61.0064
-60.9833
-60.9485
-60.934
-60.9395
-60.9383
-60.9433
-60.9626
-60.9929
-61.0315
-61.0762
-61.1257
-61.179
-61.2355
-61.2945
-61.3554
-61.4178
-61.4814
-61.5457
-61.6106
-61.6757
-61.7408
-61.8058
-61.8706
-61.9349
-61.9987
-62.0618
-62.1242
-62.1859
-62.2467
-62.3065
-62.3655
-62.4235
-62.4805
-62.5365
-62.5914
-62.6453
-62.6982
-62.75
-62.8008
-62.8505
-62.8992
-62.9468
-62.9934
-63.0389
-63.0835
-63.127
-63.1695
-63.211
-63.2516
-63.2912
-63.3299
-63.3677
-63.4045
-63.4405
-63.4756
-63.5098
-63.5432
-63.5758
-63.6075
-63.6385
-63.6688
-63.6982
-63.727
-63.755
-63.7823
-63.809
-63.8349
-63.8602
-63.8849
-63.909
-63.9324
-63.9553
-63.9775
-63.9993
-64.0204
-64.041
-64.0611
-64.0807
-64.0998
-64.1184
-64.1365
-64.1542
-64.1714
-64.0849
-63.9616
-63.8791
-63.8224
-63.7836
-63.7556
-63.7206
-63.6535
-63.6097
-63.5383
-63.4803
-63.4401
-63.4138
-63.3934
-63.1173
-62.8424
-62.6482
-62.5125
-62.4046
-62.2721
-62.179
-62.0094
-61.8801
-61.7883
-61.7269
-61.6863
-61.6614
-61.6495
-61.6485
-61.6209
-61.5504
-61.4031
-61.3135
-61.2569
-61.2285
-61.2169
-61.2185
-61.2306
-61.2516
-61.2798
-61.3142
-61.3536
-61.3972
-61.4142
-61.3405
-61.3062
-61.2947
-61.3036
-61.3236
-61.352
-61.3869
-61.427
-61.4715
-61.5194
-61.5702
-61.6232
-61.6725
-61.6931
-61.726
-61.7651
-61.8102
-61.8584
-61.9087
-61.9606
-62.0136
-62.0674
-62.1218
-62.1764
-62.2311
-62.2857
-62.3401
-62.3941
-62.4476
-62.5007
-62.5497
-62.5471
-62.5609
-62.5626
-62.5427
-62.5422
-62.5522
-62.5708
-62.5944
-62.6218
-62.6521
-62.6848
-62.7192
-62.755
-62.7919
-62.8297
-62.8679
-62.8781
-62.8843
-62.8995
-62.921
-62.8292
-62.7006
-62.6021
-62.493
-62.4169
-62.3666
-62.2661
-62.152
-62.014
-61.8766
-61.7441
-61.6157
-61.499
-61.4226
-61.373
-61.3442
-61.3307
-61.2852
-61.1827

