-70
-70.0758
-70.1508
-70.225
-70.2983
-70.3706
-70.4419
-70.5122
-70.5814
-70.6496
-70.7168
-70.7829
-70.848
-70.9121
-70.9752
-71.0373
-71.0984
-71.1586
-71.2178
-71.2761
-71.3334
-71.3899
-71.4455
-71.5003
-71.5543
-71.6074
-71.6598
-71.7114
-71.7623
-71.8124
-71.8619
-71.9106
-71.9587
-72.006
-72.0527
-72.0988
-72.1442
-72.1889
-72.2331
-72.2766
-72.3196
-72.362
-72.4038
-72.445
-72.4857
-72.5258
-72.5654
-72.6045
-72.6431
-72.6812
-72.7188
-72.756
-72.7927
-72.8289
-72.8647
-72.9
-72.9349
-72.9694
-73.0035
-73.0371
-73.0704
-73.1032
-73.1357
-73.1678
-73.1994
-73.2307
-73.2617
-73.2922
-73.3224
-73.3523
-73.3817
-73.4109
-73.4397
-73.4682
-73.4963
-73.5241
-73.5516
-73.5788
-73.6057
-73.6323
-73.6585
-73.6845
-73.7102
-73.7356
-73.7608
-73.7857
-73.8103
-73.8346
-73.8587
-73.8825
-73.9061
-73.9294
-73.9524
-73.9753
-73.9979
-74.0202
-74.0423
-74.0642
-74.0859
-74.1073
-74.1285
-74.1495
-74.1703
-74.1909
-74.2112
-74.2313
-74.2513
-74.271
-74.2905
-74.3098
-74.329
-74.3479
-74.3666
-74.3852
-74.4036
-74.4217
-74.4397
-74.4575
-74.4752
-74.4926
-74.5099
-74.527
-74.544
-74.5607
-74.5774
-74.5938
-74.6101
-74.6262
-74.6422
-74.658
-74.6736
-74.6891
-74.7045
-74.7197
-74.7347
-74.7496
-74.7644
-74.779
-74.7935
-74.8079
-74.8221
-74.8362
-74.8501
-74.864
-74.8777
-74.8913
-74.9047
-74.918
-74.9313
-74.9443
-74.9573
-74.9701
-74.9829
-74.9955
-75.008
-75.0204
-75.0327
-75.0448
-75.0569
-75.0688
-75.0806
-75.0924
-75.104
-75.1155
-75.1269
-75.1382
-75.1495
-75.1606
-75.1716
-75.1825
-75.1933
-75.204
-75.2147
-75.2252
-75.2356
-75.246
-75.2562
-75.2664
-75.2764
-75.2864
-75.2963
-75.3061
-75.3158
-75.3255
-75.335
-75.3445
-75.3538
-75.3631
-75.3724
-75.3815
-75.3906
-75.3995
-75.4084
-75.4172
-75.426
-75.4346
-75.4432
-75.4518
-75.4602
-75.4686
-75.4769
-75.4851
-75.4932
-75.5013
-75.5093
-75.5173
-75.5251
-75.533
-75.5407
-75.5484
-75.556
-75.5635
-75.571
-75.5784
-75.5858
-75.593
-75.6003
-75.6074
-75.6145
-75.6216
-75.6285
-75.6355
-75.6423
-75.6491
-75.6559
-75.6626
-75.6692
-75.6758
-75.6823
-75.6888
-75.6952
-75.7015
-75.7078
-75.7141
-75.7203
-75.7264
-75.7325
-75.7386
-75.7446
-75.7505
-75.7564
-75.7622
-75.768
-75.7738
-75.7795
-75.7851
-75.7907
-75.7963
-75.8018
-75.8072
-75.8127
-75.818
-75.8234
-75.8287
-75.8339
-75.8391
-75.8443
-75.8494
-75.8545
-75.8595
-75.8645
-75.8695
-75.8744
-75.8793
-75.8841
-75.8889
-75.8937
-75.8984
-75.9031
-75.9077
-75.9123
-75.9169
-75.9214
-75.9259
-75.9304
-75.9348
-75.9392
-75.9436
-75.9479
-75.9522
-75.9565
-75.9607
-75.9649
-75.969
-75.9731
-75.9772
-75.9813
-75.9853
-75.9893
-75.9933
-75.9972
-76.0011
-76.005
-76.0088
-76.0126
-76.0164
-76.0201
-76.0239
-76.0275
-76.0312
-76.0348
-76.0384
-76.042
-76.0456
-76.0491
-76.0526
-76.056
-76.0595
-76.0629
-76.0663
-76.0696
-76.0729
-76.0762
-76.0795
-76.0828
-76.086
-76.0892
-76.0924
-76.0955
-76.0986
-76.1017
-76.1048
-76.1079
-76.1109
-76.1139
-76.1169
-76.1198
-76.1228
-76.1257
-76.1286
-76.1314
-76.1343
-76.1371
-76.1399
-76.1427
-76.1455
-76.1482
-76.1509
-76.1536
-76.1563
-76.1589
-76.1615
-76.1642
-76.1667
-76.1693
-76.1719
-76.1744
-76.1769
-76.1794
-76.1819
-76.1843
-76.1868
-76.1892
-76.1916
-76.1939
-76.1963
-76.1986
-76.201
-76.2033
-76.2056
-76.2078
-76.2101
-76.2123
-76.2145
-76.2167
-76.2189
-76.2211
-76.2232
-76.2254
-76.2275
-76.2296
-76.2317
-76.2337
-76.2358
-76.2378
-76.2398
-76.2418
-76.2438
-76.2458
-76.2478
-76.2497
-76.2516
-76.2536
-76.2554
-76.2573
-76.2592
-76.2611
-76.2629
-76.2647
-76.2665
-76.2683
-76.2701
-76.2719
-76.2737
-76.2754
-76.2771
-76.2788
-76.2806
-76.2822
-76.2839
-76.2856
-76.2872
-76.2889
-76.2905
-76.2921
-76.2937
-76.2953
-76.2969
-76.2985
-76.3
-76.3016
-76.3031
-76.3046
-76.3061
-76.3076
-76.3091
-76.3106
-76.312
-76.3135
-76.3149
-76.3164
-76.3178
-76.3192
-76.3206
-76.322
-76.3233
-76.3247
-76.3261
-76.3274
-76.3287
-76.33
-76.3314
-76.3327
-76.334
-76.3352
-76.3365
-76.3378
-76.339
-76.3403
-76.3415
-76.3427
-76.3439
-76.3452
-76.3464
-76.3475
-76.3487
-76.3499
-76.351
-76.3522
-76.3533
-76.3545
-76.3556
-76.3567
-76.3578
-76.3589
-76.36
-76.3611
-76.3622
-76.3632
-76.3643
-76.3654
-76.3664
-76.3674
-76.3685
-76.3695
-76.3705
-76.3715
-76.3725
-76.3735
-76.3745
-76.3754
-76.3764
-76.3774
-76.3783
-76.3793
-76.3802
-76.3811
-76.382
-76.383
-76.3839
-76.3848
-76.3857
-76.3866
-76.3874
-76.3883
-76.3892
-76.39
-76.3909
-76.3917
-76.3926
-76.3934
-76.3943
-76.3951
-76.3959
-76.3967
-76.3975
-76.3983
-76.3991
-76.3999
-76.4007
-76.4014
-76.4022
-76.403
-76.4037
-76.4045
-76.4052
-76.406
-75.6444
-71.3632
-67.6824
-64.9095
-62.7487
-60.9504
-59.2505
-57.2008
-52.8624
43.9501
-9.03746
-40.2725
-78.4855
-78.8854
-78.7339
-78.5814
-78.4154
-78.2354
-78.042
-77.8357
-77.6179
-75.8395
-73.8578
-72.6306
-71.764
-71.0691
-70.4704
-69.9358
-69.4506
-69.074
-69.3241
-69.5541
-69.6799
-69.7432
-69.7698
-69.7756
-69.7928
-70.3428
-70.8599
-69.1526
-67.4365
-66.4197
-66.4042
-66.8045
-67.079
-67.2654
-67.401
-67.9565
-68.7447
-69.2856
-69.6545
-69.9164
-70.1096
-70.2574
-70.3746
-70.4708
-70.5523
-70.6234
-70.6871
-70.7456
-70.8002
-70.8522
-70.9023
-70.951
-70.9989
-71.0461
-71.0929
-71.1395
-71.186
-71.2324
-71.2788
-71.3252
-71.3716
-71.418
-71.4644
-71.5108
-71.5572
-71.6034
-71.6496
-71.6956
-70.7714
-67.1661
-64.1832
-61.8961
-59.9918
-58.1203
-55.5488
-45.4978
18.8314
-23.4653
-67.0822
-78.9182
-78.7212
-78.5591
-78.3893
-78.2054
-78.0074
-77.7817
-77.4686
-77.1987
-76.9494
-76.7055
-76.4642
-76.2261
-75.9881
-75.774
-75.5847
-75.4514
-75.3712
-75.3241
-75.2758
-75.2278
-75.2079
-75.2342
-75.2483
-75.2822
-75.3748
-75.461
-75.5122
-75.5429
-75.562
-75.5743
-75.5826
-75.5886
-75.6228
-75.6604
-75.6871
-75.7063
-75.7208
-75.732
-75.7411
-75.7487
-75.7552
-75.761
-75.7662
-75.7712
-75.7758
-75.7803
-75.7847
-75.7891
-75.7934
-75.7977
-75.8019
-75.8062
-75.8106
-75.8149
-75.8193
-75.8237
-75.8281
-75.8326
-75.837
-75.8415
-75.846
-75.8506
-75.8551
-75.8597
-75.8642
-75.8688
-75.8733
-75.8779
-75.8824
-75.887
-75.8915
-75.896
-75.9005
-75.905
-75.9095
-75.9139
-75.9184
-75.9228
-75.9271
-75.9315
-75.9358
-75.9401
-75.9444
-75.9487
-75.9529
-75.9571
-75.9613
-75.9654
-75.9695
-72.7085
-68.7003
-65.6505
-63.3078
-61.4082
-59.693
-57.7932
-54.5485
18.9458
2.13417
-31.3868
-76.5429
-78.9296
-78.7729
-78.6242
-78.462
-78.286
-78.0964
-77.8938
-77.6794
-76.9895
-74.5985
-72.9576
-71.894
-71.2696
-70.9844
-70.7038
-70.4206
-70.1464
-69.1053
-66.7586
-64.9642
-63.6734
-62.6981
-61.9243
-61.8754
-62.6724
-64.2013
-65.6534
-66.6592
-66.3623
-64.7875
-63.645
-62.871
-62.6435
-63.4272
-64.1338
-65.5336
-66.6469
-67.3921
-67.9068
-68.2753
-68.5486
-68.7584
-68.9247
-69.061
-69.176
-69.2758
-69.3649
-69.4461
-69.5216
-69.5931
-69.6616
-69.7281
-69.793
-69.8568
-69.9199
-69.9825
-70.0447
-70.1067
-70.1685
-70.2301
-70.2916
-70.3529
-70.4141
-70.4751
-70.5359
-70.5965
-70.6568
-68.0322
-64.791
-62.306
-60.3066
-58.4569
-56.2001
-50.7154
35.1794
-16.3114
-51.0458
-79.2464
-79.4272
-78.4562
-78.1021
-77.8746
-77.6416
-77.3946
-77.0855
-76.7726
-76.4877
-76.2122
-75.4496
-72.8731
-71.1549
-70.1071
-69.3899
-68.8556
-68.4342
-68.0897
-67.8022
-67.5599
-67.4285
-67.9672
-68.4561
-68.8039
-69.058
-69.2491
-69.4983
-70.1664
-70.7148
-71.1182
-71.4225
-71.6573
-71.8425
-71.9917
-72.1507
-72.6032
-72.9937
-73.286
-73.5094
-73.6837
-73.8221
-74.0554
-74.3133
-74.5082
-74.7554
-74.9745
-75.1302
-75.2429
-75.3267
-75.405
-75.5041
-75.5788
-75.6333
-75.6741
-75.7054
-75.7301
-75.75
-75.7663
-75.78
-75.7917
-75.8019
-75.8109
-75.819
-75.8263
-75.8331
-75.8394
-75.8454
-75.8511
-75.8565
-75.8618
-75.8669
-75.8719
-75.8767
-75.8815
-75.8862
-75.8909
-75.8954
-75.9
-75.9045
-75.909
-75.9134
-75.9178
-75.9222
-75.9265
-75.9308
-75.9351
-75.9394
-75.9436
-75.9479
-75.9521
-75.9562
-75.9604
-75.9645
-75.9686
-75.9726
-75.9767
-75.9807
-75.9846
-75.9886
-75.9925
-75.9964
-76.0003
-76.0041
-76.008
-76.0118
-76.0155
-76.0193
-76.023
-76.0266
-76.0303
-76.0339
-74.9055
-70.6441
-67.1161
-64.4498
-62.3564
-60.5836
-58.8459
-56.5847
-50.3605
32.6936
-16.66
-52.3577
-78.8329
-78.8646
-78.7257
-78.5734
-78.4073
-78.2275
-78.0346
-77.8292
-77.6128
-75.7747
-73.7056
-72.4153
-71.5209
-71.1536
-70.8772
-70.5915
-70.3103
-70.042
-68.7691
-66.3993
-64.6231
-63.3333
-62.3479
-62.0094
-62.6589
-63.2366
-63.7897
-65.1454
-66.2514
-67.0321
-67.5968
-68.0165
-68.3369
-68.5881
-68.7902
-68.6708
-66.1213
-64.7166
-64.5277
-64.958
-65.2831
-65.5161
-65.693
-65.8351
-65.9554
-66.0619
-66.1597
-66.2522
-66.3418
-66.4299
-66.5174
-66.605
-66.6932
-66.7824
-66.8726
-66.964
-67.0566
-67.1504
-67.2452
-67.3411
-67.5805
-68.4849
-69.2867
-69.9159
-70.4169
-70.8213
-71.1522
-71.426
-71.6552
-71.8492
-72.015
-72.1581
-72.2828
-72.3924
-72.4895
-71.2225
-67.587
-64.7017
-62.5317
-60.7983
-59.2552
-57.5962
-55.0651
-42.7075
14.1113
-25.6767
-70.5699
-78.8434
-78.7063
-78.5502
-78.3806
-78.1967
-77.9989
-77.7879
-77.565
-77.2312
-74.8288
-72.9604
-71.854

