-70
-70.0758
-70.1508
-70.225
-70.2983
-70.3706
-70.4419
-70.5122
-70.5814
-70.6496
-70.7168
-70.7829
-70.848
-70.9121
-70.9752
-71.0373
-71.0984
-71.1586
-71.2178
-71.2761
-71.3334
-71.3899
-71.4455
-71.5003
-71.5543
-71.6074
-71.6598
-71.7114
-71.7623
-71.8124
-71.8619
-71.9106
-71.9587
-72.006
-72.0527
-72.0988
-72.1442
-72.1889
-72.2331
-72.2766
-72.3196
-72.362
-72.4038
-72.445
-72.4857
-72.5258
-72.5654
-72.6045
-72.6431
-72.6812
-72.7188
-72.756
-72.7927
-72.8289
-72.8647
-72.9
-72.9349
-72.9694
-73.0035
-73.0371
-73.0704
-73.1032
-73.1357
-73.1678
-73.1994
-73.2307
-73.2617
-73.2922
-73.3224
-73.3523
-73.3817
-73.4109
-73.4397
-73.4682
-73.4963
-73.5241
-73.5516
-73.5788
-73.6057
-73.6323
-73.6585
-73.6845
-73.7102
-73.7356
-73.7608
-73.7857
-73.8103
-73.8346
-73.8587
-73.8825
-73.9061
-73.9294
-73.9524
-73.9753
-73.9979
-74.0202
-74.0423
-74.0642
-74.0859
-74.1073
-74.1285
-74.1495
-74.1703
-74.1909
-74.2112
-74.2313
-74.2513
-74.271
-74.2905
-74.3098
-74.329
-74.3479
-74.3666
-74.3852
-74.4036
-74.4217
-74.4397
-74.4575
-74.4752
-74.4926
-74.5099
-74.527
-74.544
-74.5607
-74.5774
-74.5938
-74.6101
-74.6262
-74.6422
-74.658
-74.6736
-74.6891
-74.7045
-74.7197
-74.7347
-74.7496
-74.7644
-74.779
-74.7935
-74.8079
-74.8221
-74.8362
-74.8501
-74.864
-74.8777
-74.8913
-74.9047
-74.918
-74.9313
-74.9443
-74.9573
-74.9701
-74.9829
-74.9955
-75.008
-75.0204
-75.0327
-75.0448
-75.0569
-75.0688
-75.0806
-75.0924
-75.104
-75.1155
-75.1269
-75.1382
-75.1495
-75.1606
-75.1716
-75.1825
-75.1933
-75.204
-75.2147
-75.2252
-75.2356
-75.246
-75.2562
-75.2664
-75.2764
-75.2864
-75.2963
-75.3061
-75.3158
-75.3255
-75.335
-75.3445
-75.3538
-75.3631
-75.3724
-75.3815
-75.3906
-75.3995
-75.4084
-75.4172
-75.426
-75.4346
-75.4432
-75.4518
-75.4602
-75.4686
-75.4769
-75.4851
-75.4932
-75.5013
-75.5093
-75.5173
-75.5251
-75.533
-75.5407
-75.5484
-75.556
-75.5635
-75.571
-75.5784
-75.5858
-75.593
-75.6003
-75.6074
-75.6145
-75.6216
-75.6285
-75.6355
-75.6423
-75.6491
-75.6559
-75.6626
-75.6692
-75.6758
-75.6823
-75.6888
-75.6952
-75.7015
-75.7078
-75.7141
-75.7203
-75.7264
-75.7325
-75.7386
-75.7446
-75.7505
-75.7564
-75.7622
-75.768
-75.7738
-75.7795
-75.7851
-75.7907
-75.7963
-75.8018
-75.8072
-75.8127
-75.818
-75.8234
-75.8287
-75.8339
-75.8391
-75.8443
-75.8494
-75.8545
-75.8595
-75.8645
-75.8695
-75.8744
-75.8793
-75.8841
-75.8889
-75.8937
-75.8984
-75.9031
-75.9077
-75.9123
-75.9169
-75.9214
-75.9259
-75.9304
-75.9348
-75.9392
-75.9436
-75.9479
-75.9522
-75.9565
-75.9607
-75.9649
-75.969
-75.9731
-75.9772
-75.9813
-75.9853
-75.9893
-75.9933
-75.9972
-76.0011
-76.005
-76.0088
-76.0126
-76.0164
-76.0201
-76.0239
-76.0275
-76.0312
-76.0348
-76.0384
-76.042
-76.0456
-76.0491
-76.0526
-76.056
-76.0595
-76.0629
-76.0663
-76.0696
-76.0729
-76.0762
-76.0795
-76.0828
-76.086
-76.0892
-76.0924
-76.0955
-76.0986
-76.1017
-76.1048
-76.1079
-76.1109
-76.1139
-76.1169
-76.1198
-76.1228
-76.1257
-76.1286
-76.1314
-76.1343
-76.1371
-76.1399
-76.1427
-76.1455
-76.1482
-76.1509
-76.1536
-76.1563
-76.1589
-76.1615
-76.1642
-76.1667
-76.1693
-76.1719
-76.1744
-76.1769
-76.1794
-76.1819
-76.1843
-76.1868
-76.1892
-76.1916
-76.1939
-76.1963
-76.1986
-76.201
-76.2033
-76.2056
-76.2078
-76.2101
-76.2123
-76.2145
-76.2167
-76.2189
-76.2211
-76.2232
-76.2254
-76.2275
-76.2296
-76.2317
-76.2337
-76.2358
-76.2378
-76.2398
-76.2418
-76.2438
-76.2458
-76.2478
-76.2497
-76.2516
-76.2536
-76.2554
-76.2573
-76.2592
-76.2611
-76.2629
-76.2647
-76.2665
-76.2683
-76.2701
-76.2719
-76.2737
-76.2754
-76.2771
-76.2788
-76.2806
-76.2822
-76.2839
-76.2856
-76.2872
-76.2889
-76.2905
-76.2921
-76.2937
-76.2953
-76.2969
-76.2985
-76.3
-76.3016
-76.3031
-76.3046
-76.3061
-76.3076
-76.3091
-76.3106
-76.312
-76.3135
-76.3149
-76.3164
-76.3178
-76.3192
-76.3206
-76.322
-76.3233
-76.3247
-76.3261
-76.3274
-76.3287
-76.33
-76.3314
-76.3327
-76.334
-76.3352
-76.3365
-76.3378
-76.339
-76.3403
-76.3415
-76.3427
-76.3439
-76.3452
-76.3464
-76.3475
-76.3487
-76.3499
-76.351
-76.3522
-76.3533
-76.3545
-76.3556
-76.3567
-76.3578
-76.3589
-76.36
-76.3611
-76.3622
-76.3632
-76.3643
-76.3654
-76.3664
-76.3674
-76.3685
-76.3695
-76.3705
-76.3715
-76.3725
-76.3735
-76.3745
-76.3754
-76.3764
-76.3774
-76.3783
-76.3793
-76.3802
-76.3811
-76.382
-76.383
-76.3839
-76.3848
-76.3857
-76.3866
-76.3874
-76.3883
-76.3892
-76.39
-76.3909
-76.3917
-76.3926
-76.3934
-76.3943
-76.3951
-76.3959
-76.3967
-76.3975
-76.3983
-76.3991
-76.3999
-76.4007
-76.4014
-76.4022
-76.403
-76.4037
-76.4045
-76.4052
-76.406
-76.4067
-76.4074
-76.4082
-76.4089
-76.4096
-76.4103
-76.411
-76.4117
-76.4124
-76.4131
-76.4137
-76.4144
-76.4151
-76.4158
-76.4164
-76.4171
-76.4177
-76.4184
-76.419
-76.4196
-76.4203
-76.4209
-76.4215
-76.4221
-76.4227
-76.4234
-76.424
-76.4246
-76.4251
-76.4257
-76.4263
-76.4269
-76.4275
-76.428
-76.4003
-76.3584
-76.3249
-76.2986
-76.2777
-76.2611
-76.2478
-76.237
-76.2284
-76.2215
-76.216
-76.2041
-76.1798
-76.148
-76.1204
-76.1012
-76.0877
-76.0782
-76.0714
-76.0666
-76.0633
-76.0611
-76.0597
-76.059
-76.0589
-76.0592
-76.0598
-76.0608
-76.062
-76.0635
-76.0651
-76.0669
-76.0689
-76.0709
-76.0731
-76.0754
-76.0777
-76.0802
-76.0826
-76.0852
-76.0878
-76.0904
-76.0889
-76.0821
-76.0767
-76.0729
-76.0703
-76.0686
-76.0676
-76.0672
-76.0672
-76.0677
-76.0685
-76.0696
-76.0709
-76.0724
-76.0741
-76.076
-76.078
-76.0801
-76.0823
-76.0846
-76.0869
-76.0894
-76.0919
-76.0944
-76.097
-76.0996
-76.1022
-76.1049
-76.1076
-76.1103
-76.1112
-76.1034
-76.0963
-76.0911
-76.0873
-76.0846
-76.0799
-76.0676
-76.0547
-76.0447
-76.0357
-76.0301
-76.0252
-76.0215
-76.0194
-76.0185
-76.0183
-76.0185
-76.0192
-76.0201
-76.0212
-76.0225
-76.024
-76.0256
-76.0273
-76.0291
-76.0311
-76.0331
-76.0353
-76.0375
-76.0398
-76.0422
-76.0446
-76.0471
-76.0497
-76.0523
-76.055
-76.0577
-76.0604
-76.0632
-76.066
-76.0689
-76.0717
-76.0746
-76.0775
-76.0804
-76.0833
-76.0863
-76.0892
-76.0921
-76.0951
-76.098
-76.1009
-76.1039
-76.1068
-76.1097
-76.1126
-76.1155
-76.1184
-76.1212
-76.1241
-76.1269
-76.1297
-76.1325
-76.1353
-76.1381
-76.1409
-76.1436
-76.1463
-76.149
-76.1517
-76.1544
-76.157
-76.1596
-76.1622
-76.1648
-76.1674
-76.17
-76.1725
-76.175
-76.1775
-76.18
-76.1825
-76.1849
-76.1873
-76.1897
-76.1921
-76.1945
-76.1968
-76.1992
-76.2015
-76.2038
-76.2061
-76.2083
-76.2106
-76.2128
-76.215
-76.2172
-76.2194
-76.2216
-76.2237
-76.2258
-76.2279
-76.23
-76.2321
-76.2342
-76.2362
-76.2383
-76.2382
-76.2186
-76.1999
-76.1853
-76.174
-76.1651
-76.1581
-76.1528
-76.1486
-76.1455
-76.1433
-76.1417
-76.1407
-76.1402
-76.134
-76.1124
-76.0929
-76.0795
-76.0652
-76.0536
-76.046
-76.0411
-76.0379
-76.036
-76.0349
-76.0346
-76.0347
-76.0353
-76.0361
-76.0373
-76.0387
-76.0402
-76.0419
-76.0438
-76.0458
-76.0479
-76.0501
-76.0524
-76.0548
-76.0573
-76.0598
-76.0624
-76.065
-76.0677
-76.0704
-76.0732
-76.076
-76.0788
-76.0816
-76.0845
-76.0873
-76.0902
-76.0931
-76.096
-76.0989
-76.1018
-76.1047
-76.1075
-76.1104
-76.1133
-76.1162
-76.119
-76.1219
-76.1247
-76.1275
-76.1303
-76.1331
-76.1359
-76.1386
-76.1414
-76.1441
-76.1468
-76.1495
-76.1522
-76.1548
-76.1575
-76.1601
-76.1627
-76.1653
-76.1673
-76.1558
-76.1438
-76.1346
-76.1276
-76.1222
-76.1182
-76.1152
-76.1131
-76.1117
-76.1028
-76.0923
-76.0846
-76.079
-76.075
-76.0722
-76.0703
-76.0692
-76.0687
-76.0687
-76.0691
-76.0699
-76.0709
-76.0722
-76.0737
-76.0754
-76.0772
-76.0792
-76.0812
-76.0834
-76.0849
-76.079
-76.0735
-76.0696
-76.0669
-76.0651
-76.0641
-76.0637
-76.0637
-76.0642
-76.065
-76.0661
-76.0674
-76.0689
-76.0706
-76.0725
-76.0745
-76.0766
-76.0788
-76.0811
-76.0835
-76.0859
-76.0884
-76.0909
-76.0935
-76.0962
-76.0988
-76.1015
-76.1042
-76.1069
-76.1097
-76.1124
-76.1152
-76.1179
-76.1207
-76.1234
-76.1262
-76.1289
-76.1317
-76.1344
-76.1371
-76.1398
-76.1425
-76.1452
-76.1479
-76.1506
-76.1532
-76.1558
-76.1585
-76.1611
-76.1636
-76.1662
-76.1688
-76.1713
-76.1738
-76.1763
-76.1788
-76.1812
-76.1837
-76.1861
-76.1885
-76.1909
-76.1933
-76.1957
-76.198
-76.2003
-76.2026
-76.2049
-76.2072
-76.2094
-76.2117
-76.2139
-76.2161
-76.2183
-76.2204
-76.2226
-76.2247
-76.2269
-76.229
-76.231
-76.2331
-76.2352
-76.2372
-76.2392
-76.2412
-76.2432
-76.2452
-76.2472
-76.2491
-76.2511
-76.253
-76.2549
-76.2568
-76.2586
-76.2473
-76.2251
-76.2071
-76.193
-76.1647
-76.1268
-76.1009
-76.0835
-76.0717
-76.0635
-76.0578
-76.0539
-76.0514
-76.0498
-76.0464
-76.0417
-76.0386
-76.0367
-76.0357
-76.0353
-76.0355
-76.036
-76.0369
-76.038
-76.0394
-76.0409
-76.0427
-76.0445
-76.0465
-76.0487
-76.0509
-76.0532
-76.0556
-76.058
-76.0606
-76.0632
-76.0658
-76.0685
-76.0712
-76.074
-76.0767
-76.0795
-76.0824
-76.0852
-76.0881
-76.091
-76.0938
-76.0967
-76.0996
-76.1025
-76.1054
-76.1083
-76.1111
-76.114
-76.1169
-76.1197
-76.1226
-76.1254
-76.1282
-76.131
-76.1338
-76.1366
-76.1393
-76.1421
-76.1448
-76.1475
-76.1502
-76.1528
-76.1555
-76.1581
-76.1607
-76.1633
-76.1659
-76.1685
-76.171
-76.1736

