-70
-69.8623
-69.7285
-69.5983
-69.4718
-69.3487
-69.2291
-69.1128
-68.9997
-68.8897
-68.7828
-68.6789
-68.5778
-68.4795
-68.3839
-68.291
-68.2007
-68.1128
-68.0274
-67.9443
-67.8636
-67.7851
-67.7087
-67.6345
-67.5623
-67.4921
-67.4238
-67.3574
-67.2929
-67.2301
-67.1691
-67.1098
-67.0521
-66.996
-66.9414
-66.8884
-66.8368
-66.7866
-66.7378
-66.6904
-66.6443
-66.5994
-66.5558
-66.5133
-66.4721
-66.432
-66.393
-66.355
-66.3181
-66.2823
-66.2474
-66.2134
-66.1805
-66.1484
-66.1172
-66.0868
-66.0573
-66.0286
-66.0007
-65.9736
-65.9472
-65.9215
-65.8966
-65.8723
-65.8487
-65.8257
-65.8034
-65.7817
-65.7606
-65.74
-65.72
-65.7006
-65.6817
-65.6633
-65.6455
-65.6281
-65.6112
-65.5948
-65.5788
-65.5632
-65.5481
-65.5334
-65.5191
-65.5052
-65.4917
-65.4785
-65.4657
-65.4533
-65.4412
-65.4294
-65.418
-65.4068
-65.396
-65.3855
-65.3752
-65.3653
-65.3556
-65.3462
-65.337
-65.3281
-65.3194
-65.311
-65.3028
-65.2948
-65.2871
-65.2795
-65.2722
-65.2651
-65.2581
-65.2514
-65.2448
-65.2385
-65.2322
-65.2262
-65.2203
-65.2146
-65.2091
-65.2037
-65.1984
-65.1933
-65.1884
-65.1835
-65.1788
-65.1743
-65.1698
-65.1655
-65.1613
-65.1572
-65.1532
-65.1493
-65.1456
-65.1419
-65.1384
-65.1349
-65.1315
-65.1283
-65.1251
-65.122
-65.119
-65.1161
-65.1132
-65.1104
-65.1077
-65.1051
-65.1026
-65.1001
-65.0977
-65.0953
-65.0931
-65.0908
-65.0887
-65.0866
-65.0845
-65.0826
-65.0806
-65.0788
-65.0769
-65.0752
-65.0734
-65.0718
-65.0701
-65.0685
-65.067
-65.0655
-65.064
-65.0626
-65.0612
-65.0599
-65.0586
-65.0573
-65.0561
-65.0549
-65.0537
-65.0526
-65.0514
-65.0504
-65.0493
-65.0483
-65.0473
-65.0464
-65.0454
-65.0445
-65.0436
-65.0428
-65.0419
-65.0411
-65.0403
-65.0395
-65.0388
-65.0381
-65.0374
-65.0367
-65.036
-65.0353
-65.0347
-65.0341
-65.0335
-65.0329
-65.0323
-65.0318
-65.0313
-65.0307
-65.0302
-65.0297
-65.0293
-65.0288
-65.0283
-65.0279
-65.0275
-65.027
-65.0266
-65.0262
-65.0259
-65.0255
-65.0251
-65.0248
-65.0244
-65.0241
-65.0238
-65.0234
-65.0231
-65.0228
-65.0225
-65.0223
-65.022
-65.0217
-65.0215
-65.0212
-65.021
-65.0207
-65.0205
-65.0203
-65.02
-65.0198
-65.0196
-65.0194
-65.0192
-65.019
-65.0188
-65.0187
-65.0185
-65.0183
-65.0181
-65.018
-65.0178
-65.0177
-65.0175
-65.0174
-65.0172
-65.0171
-65.017
-65.0168
-65.0167
-65.0166
-65.0165
-65.0163
-65.0162
-65.0161
-65.016
-65.0159
-65.0158
-65.0157
-65.0156
-65.0155
-65.0154
-65.0153
-65.0153
-65.0152
-65.0151
-65.015
-65.0149
-65.0149
-65.0148
-65.0147
-65.0147
-65.0146
-65.0145
-65.0145
-65.0144
-65.0143
-65.0143
-65.0142
-65.0142
-65.0141
-65.0141
-65.014
-65.014
-65.0139
-65.0139
-65.0138
-65.0138
-65.0137
-65.0137
-65.0137
-65.0136
-65.0136
-65.0135
-65.0135
-65.0135
-65.0134
-65.0134
-65.0134
-65.0133
-65.0133
-65.0133
-65.0133
-65.0132
-65.0132
-65.0132
-65.0131
-65.0131
-65.0131
-65.0131
-65.0131
-65.013
-65.013
-65.013
-65.013
-65.0129
-65.0129
-65.0129
-65.0129
-65.0129
-65.0129
-65.0128
-65.0128
-65.0128
-65.0128
-65.0128
-65.0128
-65.0127
-65.0127
-65.0127
-65.0127
-65.0127
-65.0127
-65.0127
-65.0127
-65.0126
-65.0126
-65.0126
-65.0126
-65.0126
-65.0126
-65.0126
-65.0126
-65.0126
-65.0126
-65.0125
-65.0125
-65.0125
-65.0125
-65.0125
-65.0125
-65.0125
-65.0125
-65.0125
-65.0125
-65.0125
-65.0125
-65.0125
-65.0124
-65.0124
-65.0124
-65.0124
-65.0124
-65.0124
-65.0124
-65.0124
-65.0124
-65.0124
-65.0124
-65.0124
-65.0124
-65.0124
-65.0124
-65.0124
-65.0124
-65.0124
-65.0124
-65.0124
-65.0124
-65.0124
-65.0124
-65.0123
-65.0123
-65.0123
-65.0123
-65.0123
-65.0123
-65.0123
-65.0123
-65.0123
-65.0123
-65.0123
-65.0123
-65.0123
-65.0123
-65.0123
-65.0123
-65.0123
-65.0123
-65.0123
-65.0123
-65.0123
-65.0123
-65.0123
-65.0123
-65.0123
-65.0123
-65.0123
-65.0123
-65.0123
-65.0123
-65.0123
-65.0123
-65.0123
-65.0123
-65.0123
-65.0123
-65.0123
-65.0123
-65.0123
-65.0123
-65.0123
-65.0123
-65.0123
-65.0123
-65.0123
-65.0123
-65.0123
-65.0123
-65.0123
-65.0123
-65.0123
-65.0123
-65.0123
-65.0123
-65.0123
-65.0123
-65.0123
-65.0123
-65.0123
-65.0123
-65.0123
-65.0123
-65.0123
-65.0123
-65.0123
-65.0123
-65.0123
-65.0123
-65.0123
-65.0123
-65.0123
-65.0123
-65.0123
-65.0123
-64.7043
-64.4515
-64.2637
-64.1299
-64.026
-63.943
-63.8763
-63.8231
-63.7811
-63.7486
-63.7241
-63.7065
-63.6948
-63.688
-63.6856
-63.6868
-63.6912
-63.6983
-63.7077
-63.7191
-63.7322
-63.7467
-63.7624
-63.7792
-63.7967
-63.8149
-63.8337
-63.8529
-63.8724
-63.8922
-63.9121
-63.9321
-63.9522
-63.9722
-63.8116
-63.3974
-63.1245
-62.9238
-62.7827
-62.6743
-62.5908
-62.5273
-62.4803
-62.447
-62.4254
-62.4136
-62.4101
-62.4137
-62.4234
-62.4382
-62.4574
-62.4803
-62.4845
-62.3296
-62.1585
-61.8869
-61.472
-61.1843
-60.7947
-60.386
-59.9923
-59.1358
-58.401
-57.5774
-56.8822
-56.1601
-55.6256
-55.222
-54.7973
-54.3165
-53.8418
-53.1856
-52.7072
-52.26
-51.8958
-51.5881
-51.331
-51.0755
-50.8476
-50.662
-50.5233
-50.4208
-50.3356
-50.255
-50.2045
-50.1394
-50.1036
-50.0367
-49.9815
-49.9559
-49.9544
-49.9728
-50.0075
-50.0571
-50.1208
-50.1979
-50.2879
-50.3902
-50.5041
-50.5939
-50.6738
-50.688
-50.7265
-50.7563
-50.8097
-50.8875
-50.985
-51.0835
-51.1726
-51.2829
-51.4084
-51.5476
-51.67
-51.7884
-51.9176
-52.0199
-52.1181
-52.2254
-52.3537
-52.465
-52.55
-52.5919
-52.6159
-52.6485
-52.6347
-52.5879
-52.5641
-52.4411
-52.2378
-51.9981
-51.8059
-51.6155
-51.441
-51.1852
-50.8937
-50.6462
-50.3619
-50.0294
-49.7345
-49.4324
-48.9916
-48.409
-47.7335
-47.0771
-46.4005
-45.6235
-44.6498
-43.2457
-40.5923
-29.6838
41.0783
-4.31499
-36.765
-55.0628
-59.7894
-61.0069
-61.2773
-61.2249
-61.0695
-60.8985
-60.7089
-60.5365
-60.3974
-60.288
-60.204
-60.1412
-60.0966
-60.0678
-60.0526
-60.049
-60.0554
-60.0706
-60.0933
-60.1224
-60.1571
-60.1966
-60.2402
-60.2874
-60.3375
-60.3902
-60.4449
-60.5013
-60.5592
-60.6181
-60.6779
-60.7384
-60.7993
-60.8604
-60.9217
-60.9829
-61.0439
-61.1046
-61.165
-61.2249
-61.2843
-61.3431
-61.4012
-61.4586
-61.5152
-61.5711
-61.6261
-61.6804
-61.7337
-61.7862
-61.8378
-61.8884
-61.9382
-61.9871
-62.035
-62.0821
-62.1282
-62.1734
-62.2177
-62.2612
-62.3037
-62.3454
-62.3863
-62.4263
-62.4654
-62.5038
-62.5413
-62.578
-62.614
-62.6491
-62.6459
-62.4721
-62.3524
-62.2701
-62.2192
-62.1703
-62.0365
-61.9466
-61.8837
-61.8185
-61.7481
-61.625
-61.207
-60.8778
-60.6425
-60.1411
-59.1651
-57.9064
-56.8922
-55.9085
-55.1679
-54.6054
-54.1109
-53.7051
-53.2449
-52.8785
-52.6023
-52.3972
-52.2458
-52.1235
-51.9799
-51.8608
-51.782
-51.7241
-51.6644
-51.5657
-51.4427
-51.3781
-51.353
-51.3587
-51.3261
-51.2935
-51.2681
-51.2721
-51.2873
-51.2277
-51.1028
-51.0289
-51.002
-51.0125
-51.0485
-51.1053
-51.1803
-51.2715
-51.2908
-51.2039
-51.1146
-51.0574
-51.0511
-51.078
-51.1144
-51.135
-51.165
-51.2237
-51.3047
-51.3833
-51.4588
-51.5575
-51.673
-51.8032
-51.945
-52.0968
-52.2211
-52.3534
-52.4935
-52.6076
-52.7251
-52.8397
-52.9752
-53.1191
-53.1899
-53.1744
-53.1033
-52.9066
-52.6341
-52.3959
-52.1637
-51.9951
-51.8284
-51.7064
-51.6091
-51.4871
-51.3613
-51.2207
-51.0736
-50.8511
-50.554
-50.1309
-49.7435
-49.4072
-49.0044
-48.5728
-48.1528
-47.6763
-47.1929
-46.6481
-46.0513
-45.3172
-44.3
-42.6318
-38.9065
-5.91744
28.2177
-17.5391
-47.4809
-59.218
-62.2513
-63.0428
-63.0959
-62.962
-62.7517
-62.4904
-62.2648
-62.0737
-61.9166
-61.7652
-61.634
-61.53
-61.4488
-61.3864
-61.3393
-61.3053
-61.2826
-61.2697
-61.2651
-61.2679
-61.277
-61.2916
-61.311
-61.3344
-61.3615
-61.3915
-61.4242
-61.4591
-61.4959
-61.5342
-61.5739
-61.6147
-61.6564
-61.6988
-61.7417
-61.7849
-61.8284
-61.872
-61.9156
-61.9591
-62.0025
-62.0456
-62.0884
-62.1308
-62.1729
-62.2145
-62.2556
-62.2961
-62.3362
-62.3756
-62.4145
-62.4528
-62.4904
-62.5275
-62.5639
-62.5997
-62.6348
-62.6693
-62.7032
-62.7364
-62.769
-62.8009
-62.8323
-62.863
-62.8931
-62.9226
-62.9515
-62.9798
-63.0075
-63.0347
-63.0613
-63.0874
-63.1129
-63.1379
-63.1623
-63.1863
-63.2097
-63.2327
-63.2551
-63.2771
-63.2987
-63.3198
-63.3404
-63.3606
-63.3804
-63.3998
-63.4188
-63.3892
-62.9417
-62.3136
-61.8726
-61.4647
-61.1451
-60.9018
-60.7152
-60.4597
-60.1642
-59.8503
-59.4908
-59.1563
-58.9078
-58.5143
-57.5254
-56.4094
-55.6078
-55.0307
-54.5867
-54.2146
-53.9239
-53.6074
-53.3764
-53.1682
-52.9978
-52.8818
-52.8084
-52.7702
-52.7606
-52.7651
-52.6181
-52.2259
-51.8942
-51.5807
-51.3224
-51.1133
-50.9692
-50.8559
-50.7647
-50.71
-50.6553
-50.5957
-50.5698
-50.5126
-50.4823
-50.4823
-50.509
-50.5565
-50.6218
-50.7033
-50.7996
-50.9096
-51.0322
-51.1664
-51.2937
-51.4221
-51.5612
-51.6864
-51.83
-51.9853
-52.1493
-52.2556
-52.3357
-52.4115
-52.5086
-52.6297
-52.7673
-52.9167
-53.0751
-53.2408
-53.4126
-53.5895
-53.7705
-53.9547
-54.1411
-54.329
-54.4704
-54.6067
-54.6828
-54.7785
-54.7523
-54.7307
-54.7257
-54.7672
-54.8363
-54.9253
-55.0216
-55.0852
-55.1301
-55.1744
-55.2021
-55.2244
-55.2688
-55.3029
-55.2911
-55.1664
-54.9501
-54.7586
-54.5521
-54.215
-53.8389
-53.4085
-52.9402
-52.4988
-52.1405
-51.8328
-51.4166
-50.9897
-50.5672
-50.236
-49.8729
-49.5389
-49.2202
-48.8601

