-70
-70.0758
-70.1508
-70.225
-70.2983
-70.3706
-70.4419
-70.5122
-70.5814
-70.6496
-70.7168
-70.7829
-70.848
-70.9121
-70.9752
-71.0373
-71.0984
-71.1586
-71.2178
-71.2761
-71.3334
-71.3899
-71.4455
-71.5003
-71.5543
-71.6074
-71.6598
-71.7114
-71.7623
-71.8124
-71.8619
-71.9106
-71.9587
-72.006
-72.0527
-72.0988
-72.1442
-72.1889
-72.2331
-72.2766
-72.3196
-72.362
-72.4038
-72.445
-72.4857
-72.5258
-72.5654
-72.6045
-72.6431
-72.6812
-72.7188
-72.756
-72.7927
-72.8289
-72.8647
-72.9
-72.9349
-72.9694
-73.0035
-73.0371
-73.0704
-73.1032
-73.1357
-73.1678
-73.1994
-73.2307
-73.2617
-73.2922
-73.3224
-73.3523
-73.3817
-73.4109
-73.4397
-73.4682
-73.4963
-73.5241
-73.5516
-73.5788
-73.6057
-73.6323
-73.6585
-73.6845
-73.7102
-73.7356
-73.7608
-73.7857
-73.8103
-73.8346
-73.8587
-73.8825
-73.9061
-73.9294
-73.9524
-73.9753
-73.9979
-74.0202
-74.0423
-74.0642
-74.0859
-74.1073
-74.1285
-74.1495
-74.1703
-74.1909
-74.2112
-74.2313
-74.2513
-74.271
-74.2905
-74.3098
-74.329
-74.3479
-74.3666
-74.3852
-74.4036
-74.4217
-74.4397
-74.4575
-74.4752
-74.4926
-74.5099
-74.527
-74.544
-74.5607
-74.5774
-74.5938
-74.6101
-74.6262
-74.6422
-74.658
-74.6736
-74.6891
-74.7045
-74.7197
-74.7347
-74.7496
-74.7644
-74.779
-74.7935
-74.8079
-74.8221
-74.8362
-74.8501
-74.864
-74.8777
-74.8913
-74.9047
-74.918
-74.9313
-74.9443
-74.9573
-74.9701
-74.9829
-74.9955
-75.008
-75.0204
-75.0327
-75.0448
-75.0569
-75.0688
-75.0806
-75.0924
-75.104
-75.1155
-75.1269
-75.1382
-75.1495
-75.1606
-75.1716
-75.1825
-75.1933
-75.204
-75.2147
-75.2252
-75.2356
-75.246
-75.2562
-75.2664
-75.2764
-75.2864
-75.2963
-75.3061
-75.3158
-75.3255
-75.335
-75.3445
-75.3538
-75.3631
-75.3724
-75.3815
-75.3906
-75.3995
-75.4084
-75.4172
-75.426
-75.4346
-75.4432
-75.4518
-75.4602
-75.4686
-75.4769
-75.4851
-75.4932
-75.5013
-75.5093
-75.5173
-75.5251
-75.533
-75.5407
-75.5484
-75.556
-75.5635
-75.571
-75.5784
-75.5858
-75.593
-75.6003
-75.6074
-75.6145
-75.6216
-75.6285
-75.6355
-75.6423
-75.6491
-75.6559
-75.6626
-75.6692
-75.6758
-75.6823
-75.6888
-75.6952
-75.7015
-75.7078
-75.7141
-75.7203
-75.7264
-75.7325
-75.7386
-75.7446
-75.7505
-75.7564
-75.7622
-75.768
-75.7738
-75.7795
-75.7851
-75.7907
-75.7963
-75.8018
-75.8072
-75.8127
-75.818
-75.8234
-75.8287
-75.8339
-75.8391
-75.8443
-75.8494
-75.8545
-75.8595
-75.8645
-75.8695
-75.8744
-75.8793
-75.8841
-75.8889
-75.8937
-75.8984
-75.9031
-75.9077
-75.9123
-75.9169
-75.9214
-75.9259
-75.9304
-75.9348
-75.9392
-75.9436
-75.9479
-75.9522
-75.9565
-75.9607
-75.9649
-75.969
-75.9731
-75.9772
-75.9813
-75.9853
-75.9893
-75.9933
-75.9972
-76.0011
-76.005
-76.0088
-76.0126
-76.0164
-76.0201
-76.0239
-76.0275
-76.0312
-76.0348
-76.0384
-76.042
-76.0456
-76.0491
-76.0526
-76.056
-76.0595
-76.0629
-76.0663
-76.0696
-76.0729
-76.0762
-76.0795
-76.0828
-76.086
-76.0892
-76.0924
-76.0955
-76.0986
-76.1017
-76.1048
-76.1079
-76.1109
-76.1139
-76.1169
-76.1198
-76.1228
-76.1257
-76.1286
-76.1314
-76.1343
-76.1371
-76.1399
-76.1427
-76.1455
-76.1482
-76.1509
-76.1536
-76.1563
-76.1589
-76.1615
-76.1642
-76.1667
-76.1693
-76.1719
-76.1744
-76.1769
-76.1794
-76.1819
-76.1843
-76.1868
-76.1892
-76.1916
-76.1939
-76.1963
-76.1986
-76.201
-76.2033
-76.2056
-76.2078
-76.2101
-76.2123
-76.2145
-76.2167
-76.2189
-76.2211
-76.2232
-76.2254
-76.2275
-76.2296
-76.2317
-76.2337
-76.2358
-76.2378
-76.2398
-76.2418
-76.2438
-76.2458
-76.2478
-76.2497
-76.2516
-76.2536
-76.2554
-76.2573
-76.2592
-76.2611
-76.2629
-76.2647
-76.2665
-76.2683
-76.2701
-76.2719
-76.2737
-76.2754
-76.2771
-76.2788
-76.2806
-76.2822
-76.2839
-76.2856
-76.2872
-76.2889
-76.2905
-76.2921
-76.2937
-76.2953
-76.2969
-76.2985
-76.3
-76.3016
-76.3031
-76.3046
-76.3061
-76.3076
-76.3091
-76.3106
-76.312
-76.3135
-76.3149
-76.3164
-76.3178
-76.3192
-76.3206
-76.322
-76.3233
-76.3247
-76.3261
-76.3274
-76.3287
-76.33
-76.3314
-76.3327
-76.334
-76.3352
-76.3365
-76.3378
-76.339
-76.3403
-76.3415
-76.3427
-76.3439
-76.3452
-76.3464
-76.3475
-76.3487
-76.3499
-76.351
-76.3522
-76.3533
-76.3545
-76.3556
-76.3567
-76.3578
-76.3589
-76.36
-76.3611
-76.3622
-76.3632
-76.3643
-76.3654
-76.3664
-76.3674
-76.3685
-76.3695
-76.3705
-76.3715
-76.3725
-76.3735
-76.3745
-76.3754
-76.3764
-76.3774
-76.3783
-76.3793
-76.3802
-76.3811
-76.382
-76.383
-76.3839
-76.3848
-76.3857
-76.3866
-76.3874
-76.3883
-76.3892
-76.39
-76.3909
-76.3917
-76.3926
-76.3934
-76.3943
-76.3951
-76.3959
-76.3967
-76.3975
-76.3983
-76.3991
-76.3999
-76.4007
-76.4014
-76.4022
-75.9782
-71.7854
-68.0015
-65.1526
-62.9424
-61.119
-59.4235
-57.4436
-53.6142
46.3418
-5.06449
-36.4119
-78.3973
-79.7416
-79.7278
-79.053
-77.9079
-77.4784
-77.1845
-76.8943
-76.5937
-76.2823
-75.9624
-75.3937
-72.8836
-70.8652
-69.4832
-68.4515
-67.6318
-66.9533
-66.3775
-65.8819
-65.4522
-65.0796
-64.7569
-64.4791
-64.2427
-64.0447
-63.8816
-63.7507
-62.9972
-62.0404
-63.007
-64.7366
-66.6581
-67.8769
-68.5699
-69.1056
-69.9443
-70.5025
-70.844
-71.0644
-71.2139
-71.3206
-71.4003
-71.463
-71.5145
-71.5587
-71.5982
-71.6345
-71.6689
-71.702
-71.7346
-71.7669
-71.7992
-71.8317
-71.8644
-71.8976
-71.9311
-71.9651
-71.9995
-72.0342
-72.0694
-72.1048
-72.1406
-72.1766
-72.2129
-72.2493
-72.2858
-72.3224
-69.4985
-66.0272
-63.3847
-61.3101
-59.5054
-57.5879
-54.5011
-13.4096
3.7488
-30.5828
-75.9603
-79.1296
-78.626
-78.4178
-78.2318
-78.0325
-77.8186
-77.591
-77.3509
-77.1002
-76.5704
-73.9699
-71.9836
-70.6688
-69.6963
-68.9193
-68.2677
-67.7058
-67.2142
-67.3902
-67.7694
-68.0766
-69.6717
-71.1819
-72.0748
-73.1397
-73.8043
-74.2902
-74.5626
-74.7072
-74.7884
-74.8365
-74.9158
-75.0272
-75.0997
-75.1462
-75.1775
-75.1996
-75.216
-75.2287
-75.2391
-75.2479
-75.2558
-75.263
-75.2698
-75.2763
-75.2828
-75.2892
-75.2956
-75.3021
-75.3087
-75.3154
-75.3221
-75.329
-75.336
-75.3431
-75.3503
-75.4067
-75.4753
-75.5301
-75.5738
-75.6094
-75.6387
-75.6632
-75.6841
-75.702
-75.7176
-75.7313
-75.7436
-75.7546
-75.7646
-75.7738
-75.7824
-75.7903
-75.7978
-75.8049
-75.8116
-75.8181
-75.8243
-75.8303
-75.8362
-75.8418
-75.8474
-75.8528
-75.8581
-75.8633
-75.8685
-75.8735
-75.8785
-75.8834
-75.8883
-75.8931
-75.8979
-75.9026
-75.9073
-75.9119
-75.9165
-75.921
-73.5368
-69.3876
-66.1678
-63.7127
-61.7495
-60.0243
-58.2092
-55.4615
-38.3475
12.8711
-26.0284
-71.7727
-79.0414
-78.9948
-78.873
-78.738
-78.5908
-78.4316
-78.2607
-76.9959
-75.0989
-73.9961
-73.2517
-72.6476
-72.1109
-71.615
-71.1506
-70.7146
-68.4139
-66.0798
-65.0708
-64.6967
-64.4234
-64.6774
-66.2502
-67.506
-68.8781
-69.8072
-70.3719
-70.7297
-70.6125
-68.66
-67.3227
-66.5385
-66.0614
-65.7648
-65.5804
-65.4693
-65.4083
-65.383
-65.3839
-65.4049
-65.4416
-65.491
-65.5508
-65.6194
-65.6955
-65.778
-65.866
-65.9588
-66.0557
-66.1564
-66.2602
-66.3667
-66.4754
-66.5858
-66.6975
-66.8102
-66.9237
-67.0376
-67.1518
-67.266
-67.38
-67.4937
-67.688
-68.6094
-69.4653
-70.1409
-70.6805
-71.1171
-71.4745
-71.7704
-69.2422
-66.1318
-63.8589
-62.1672
-60.8305
-59.6766
-58.5452
-57.2087
-55.0516
-46.5431
19.7642
-23.4194
-65.7668
-78.9572
-79.0305
-78.9179
-78.7894
-78.6493
-78.4981
-78.3363
-76.9773
-74.8937
-73.6711
-72.8546
-72.2179
-71.9414
-71.7385
-71.8005
-71.8016
-71.732
-71.9316
-72.2882
-72.638
-72.8673
-73.2325
-73.4792
-73.7246
-73.9947
-74.2044
-74.4403
-74.5908
-74.6832
-74.7426
-74.7824
-74.8103
-74.8308
-74.8465
-74.8591
-74.8698
-74.8793
-74.9365
-75.0468
-75.1327
-75.1973
-75.2472
-75.2865
-75.3183
-75.3445
-75.3665
-75.3853
-75.4017
-75.4162
-75.4293
-75.4412
-75.4522
-75.4624
-75.4721
-75.4813
-75.4901
-75.4986
-75.5068
-75.5149
-75.5227
-75.5304
-75.538
-75.5455
-75.5529
-75.5602
-75.5675
-75.5746
-75.5818
-75.5888
-75.5958
-75.6028
-75.6097
-75.6166
-75.6234
-75.6302
-75.637
-75.6437
-75.6503
-75.6569
-75.6635
-75.67
-75.6765
-75.6829
-75.6893
-75.6956
-75.7019
-75.7081
-75.7143
-75.7204
-75.7265
-75.7326
-75.7386
-75.7446
-75.7505
-75.7563
-75.7621
-75.7679
-75.7736
-75.7793
-75.785
-75.7905
-75.7961
-75.8016
-75.807
-72.5656
-68.5806
-65.5478
-63.2162
-61.3209
-59.5994
-57.6668
-54.246
38.0365
-0.471271
-33.0087
-77.1642
-78.9185
-78.7742
-78.626
-78.4643
-78.2887
-78.0996
-77.8976
-77.6839
-76.5543
-74.2975
-72.8521
-71.8829
-71.1325
-70.4999
-69.942
-69.4393
-68.9825
-68.1907
-65.7093
-63.5885
-61.9705
-61.3809
-61.642
-62.3381
-63.7239
-64.9488
-66.7872
-68.5989
-69.7336
-70.4361
-70.8903
-71.1962
-71.675
-72.1678
-72.5039
-72.736
-72.9019
-73.0245
-73.118
-73.1913
-73.2506
-73.2999
-73.342
-73.3787
-73.4116
-73.4416
-73.4695
-73.4958
-73.5209
-73.5452
-73.5688
-73.5919
-73.6147
-73.6373
-73.6597
-73.6819
-73.7041
-73.7261
-73.7482
-73.7702
-73.7921
-73.814
-73.8359
-73.8577
-73.8795
-73.9012
-73.9229
-73.9444
-73.9659
-73.9873
-74.0085
-74.0297
-74.0507
-74.0716
-74.0924
-73.7198
-69.8593
-66.377
-63.7477
-61.6715
-59.8686
-57.9827
-55.0831
-31.5071
8.90097
-27.821
-73.9987
-78.9695
-78.7319
-78.5729
-78.4048
-78.2226
-78.0263
-77.8166
-77.5947
-77.263
-74.9073
-73.086
-71.9269

