-70
-70.0758
-70.1508
-70.225
-70.2983
-70.3706
-70.4419
-70.5122
-70.5814
-70.6496
-70.7168
-70.7829
-70.848
-70.9121
-70.9752
-71.0373
-71.0984
-71.1586
-71.2178
-71.2761
-71.3334
-71.3899
-71.4455
-71.5003
-71.5543
-71.6074
-71.6598
-71.7114
-71.7623
-71.8124
-71.8619
-71.9106
-71.9587
-72.006
-72.0527
-72.0988
-72.1442
-72.1889
-72.2331
-72.2766
-72.3196
-72.362
-72.4038
-72.445
-72.4857
-72.5258
-72.5654
-72.6045
-72.6431
-72.6812
-72.7188
-72.756
-72.7927
-72.8289
-72.8647
-72.9
-72.9349
-72.9694
-73.0035
-73.0371
-73.0704
-73.1032
-73.1357
-73.1678
-73.1994
-73.2307
-73.2617
-73.2922
-73.3224
-73.3523
-73.3817
-73.4109
-73.4397
-73.4682
-73.4963
-73.5241
-73.5516
-73.5788
-73.6057
-73.6323
-73.6585
-73.6845
-73.7102
-73.7356
-73.7608
-73.7857
-73.8103
-73.8346
-73.8587
-73.8825
-73.9061
-73.9294
-73.9524
-73.9753
-73.9979
-74.0202
-74.0423
-74.0642
-74.0859
-74.1073
-74.1285
-74.1495
-74.1703
-74.1909
-74.2112
-74.2313
-74.2513
-74.271
-74.2905
-74.3098
-74.329
-74.3479
-74.3666
-74.3852
-74.4036
-74.4217
-74.4397
-74.4575
-74.4752
-74.4926
-74.5099
-74.527
-74.544
-74.5607
-74.5774
-74.5938
-74.6101
-74.6262
-74.6422
-74.658
-74.6736
-74.6891
-74.7045
-74.7197
-74.7347
-74.7496
-74.7644
-74.779
-74.7935
-74.8079
-74.8221
-74.8362
-74.8501
-74.864
-74.8777
-74.8913
-74.9047
-74.918
-74.9313
-74.9443
-74.9573
-74.9701
-74.9829
-74.9955
-75.008
-75.0204
-75.0327
-75.0448
-75.0569
-75.0688
-75.0806
-75.0924
-75.104
-75.1155
-75.1269
-75.1382
-75.1495
-75.1606
-75.1716
-75.1825
-75.1933
-75.204
-75.2147
-75.2252
-75.2356
-75.246
-75.2562
-75.2664
-75.2764
-75.2864
-75.2963
-75.3061
-75.3158
-75.3255
-75.335
-75.3445
-75.3538
-75.3631
-75.3724
-75.3815
-75.3906
-75.3995
-75.4084
-75.4172
-75.426
-75.4346
-75.4432
-75.4518
-75.4602
-75.4686
-75.4769
-75.4851
-75.4932
-75.5013
-75.5093
-75.5173
-75.5251
-75.533
-75.5407
-75.5484
-75.556
-75.5635
-75.571
-75.5784
-75.5858
-75.593
-75.6003
-75.6074
-75.6145
-75.6216
-75.6285
-75.6355
-75.6423
-75.6491
-75.6559
-75.6626
-75.6692
-75.6758
-75.6823
-75.6888
-75.6952
-75.7015
-75.7078
-75.7141
-75.7203
-75.7264
-75.7325
-75.7386
-75.7446
-75.7505
-75.7564
-75.7622
-75.768
-75.7738
-75.7795
-75.7851
-75.7907
-75.7963
-75.8018
-75.8072
-75.8127
-75.818
-75.8234
-75.8287
-75.8339
-75.8391
-75.8443
-75.8494
-75.8545
-75.8595
-75.8645
-75.8695
-75.8744
-75.8793
-75.8841
-75.8889
-75.8937
-75.8984
-75.9031
-75.9077
-75.9123
-75.9169
-75.9214
-75.9259
-75.9304
-75.9348
-75.9392
-75.9436
-75.9479
-75.9522
-75.9565
-75.9607
-75.9649
-75.969
-75.9731
-75.9772
-75.9813
-75.9853
-75.9893
-75.9933
-75.9972
-76.0011
-76.005
-76.0088
-76.0126
-76.0164
-76.0201
-76.0239
-76.0275
-76.0312
-76.0348
-76.0384
-76.042
-76.0456
-76.0491
-76.0526
-76.056
-76.0595
-76.0629
-76.0663
-76.0696
-76.0729
-76.0762
-76.0795
-76.0828
-76.086
-76.0892
-76.0924
-76.0955
-76.0986
-76.1017
-76.1048
-76.1079
-76.1109
-76.1139
-76.1169
-76.1198
-76.1228
-76.1257
-76.1286
-76.1314
-76.1343
-76.1371
-76.1399
-76.1427
-76.1455
-76.1482
-76.1509
-76.1536
-76.1563
-76.1589
-76.1615
-76.1642
-76.1667
-76.1693
-76.1719
-76.1744
-76.1769
-76.1794
-76.1819
-76.1843
-76.1868
-76.1892
-76.1916
-76.1939
-76.1963
-76.1986
-76.201
-76.2033
-76.2056
-76.2078
-76.2101
-76.2123
-76.2145
-76.2167
-76.2189
-76.2211
-76.2232
-76.2254
-76.2275
-76.2296
-76.2317
-76.2337
-76.2358
-76.2378
-76.2398
-76.2418
-76.2438
-76.2458
-76.2478
-76.2497
-76.2516
-76.2536
-76.2554
-76.2573
-76.2592
-76.2611
-76.2629
-76.2647
-76.2665
-76.2683
-76.2701
-76.2719
-76.2737
-76.2754
-76.2771
-76.2788
-76.2806
-76.2822
-76.2839
-76.2856
-76.2872
-76.2889
-76.2905
-76.2921
-76.2937
-76.2953
-76.2969
-76.2985
-76.3
-76.3016
-76.3031
-76.3046
-76.3061
-76.3076
-76.3091
-76.3106
-76.312
-76.3135
-76.3149
-76.3164
-76.3178
-76.3192
-76.3206
-76.322
-76.3233
-76.3247
-76.3261
-76.3274
-76.3287
-76.33
-76.3314
-76.3327
-76.334
-76.3352
-76.3365
-76.3378
-76.339
-76.3403
-76.3415
-76.3427
-76.3439
-76.3452
-76.3464
-76.3475
-76.3487
-76.3499
-76.351
-76.3522
-76.3533
-76.3545
-76.3556
-76.3567
-76.3578
-76.3589
-76.36
-76.3611
-76.3622
-76.3632
-76.3643
-76.3654
-76.3664
-76.3674
-76.3685
-76.3695
-76.3705
-76.3715
-76.3725
-76.3735
-76.3745
-76.3754
-76.3764
-76.3774
-76.3783
-76.3793
-76.3802
-76.3811
-76.382
-76.383
-76.3839
-76.3848
-76.3857
-76.3866
-76.3874
-76.3883
-76.3892
-76.39
-76.3909
-76.3917
-76.3926
-76.3934
-76.3943
-76.3951
-76.3959
-76.3967
-76.3975
-76.3983
-76.3991
-76.3999
-76.4007
-76.4014
-76.4022
-76.403
-76.4037
-76.4045
-76.4052
-76.406
-76.4067
-76.4074
-76.4082
-76.4089
-76.4096
-76.4103
-76.411
-76.4117
-73.1002
-69.0304
-65.9337
-63.559
-61.6448
-59.9422
-58.1173
-55.256
-31.589
9.72996
-27.2264
-73.2679
-79.2295
-79.1955
-79.0971
-78.9876
-78.8679
-78.7381
-78.5985
-78.4497
-78.2926
-78.1284
-77.9587
-77.7852
-77.6098
-77.4343
-77.2608
-77.0909
-76.9264
-76.7239
-76.5095
-76.332
-76.1838
-76.0581
-75.9504
-75.867
-72.4622
-69.6852
-68.1181
-67.1684
-66.57
-66.1834
-65.9305
-65.7663
-65.6633
-65.6043
-65.5781
-65.5768
-65.5952
-65.6294
-65.6766
-66.6065
-67.5879
-68.3363
-68.9114
-69.3616
-69.7204
-70.1155
-70.9145
-71.5633
-72.0439
-72.408
-72.6895
-72.9113
-73.0891
-73.2339
-73.3536
-73.454
-73.5392
-73.6125
-73.6764
-73.7326
-73.7827
-73.8277
-71.6667
-67.9204
-65.0625
-62.9088
-61.1899
-59.6702
-58.0692
-55.7471
-47.2956
22.7773
-21.7377
-63.2588
-79.0028
-79.0606
-78.9489
-78.8227
-78.6849
-78.3368
-77.9308
-77.6887
-77.4906
-77.2709
-77.0095
-76.7987
-76.6161
-76.4478
-76.266
-76.1122
-75.982
-75.8684
-75.7676
-75.6941
-75.6938
-75.7065
-75.7204
-75.7224
-75.7184
-75.7122
-75.7054
-75.6989
-75.6929
-75.6877
-75.6832
-75.6796
-75.6768
-75.6748
-75.6734
-75.6727
-75.6726
-75.6731
-75.674
-75.6755
-75.6773
-75.6796
-75.6822
-75.6851
-75.6883
-75.6917
-75.6954
-75.6994
-75.7035
-75.7078
-75.7122
-75.7168
-75.7214
-75.7262
-75.7311
-75.7361
-75.7411
-75.7461
-75.7513
-75.7564
-75.7616
-75.7668
-75.7721
-75.7773
-75.7825
-75.7878
-75.793
-75.7983
-75.8035
-75.8087
-75.8139
-75.8191
-75.8242
-75.8293
-75.8344
-75.8395
-75.8446
-75.8496
-75.8546
-75.8595
-75.8645
-75.8694
-75.8742
-75.8791
-75.8839
-75.8886
-75.4755
-71.3554
-67.6375
-64.8372
-62.6579
-60.8427
-59.1166
-56.998
-52.2
40.879
-11.7084
-43.6202
-78.6528
-78.8697
-78.7225
-78.5692
-78.4021
-78.2212
-78.0268
-77.8197
-77.6012
-75.805
-73.7953
-72.5468
-71.6659
-70.9614
-70.3566
-69.8182
-69.3308
-68.525
-66.0981
-64.0302
-62.4671
-61.2043
-60.0941
-59.0012
-57.7385
-55.8453
-50.4432
33.8959
-17.1039
-52.7218
-78.6308
-78.7019
-78.5491
-78.305
-78.095
-77.8151
-77.5313
-77.2595
-76.9839
-76.7276
-76.5086
-76.3062
-76.1142
-75.9312
-75.7576
-75.5938
-75.4403
-75.2975
-75.173
-75.1295
-75.0951
-75.0574
-75.0196
-74.9836
-74.9503
-74.9203
-74.8937
-74.8705
-74.8506
-74.8338
-74.82
-74.809
-74.8004
-74.7942
-74.79
-74.8291
-74.945
-75.0423
-75.1188
-75.18
-74.8243
-70.9855
-67.7058
-65.3817
-63.6812
-62.3797
-61.3211
-60.3872
-59.4701
-58.4296
-56.9693
-53.2857
45.7382
-6.44146
-37.494
-78.0986
-79.2934
-79.2253
-79.1306
-79.0261
-78.2448
-76.7026
-75.9925
-75.5509
-75.1652
-74.794
-74.4289
-74.0699
-73.7192
-73.3794
-73.0533
-72.7432
-72.6605
-72.6988
-72.6946
-72.6621
-72.667
-72.8968
-73.0801
-73.2029
-73.2872
-73.5363
-73.8848
-74.2291
-74.4605
-74.6162
-74.7247
-74.8504
-75.001
-75.1083
-75.1839
-75.239
-75.2804
-75.3123
-75.3376
-75.3581
-75.3753
-75.3899
-75.4027
-75.4141
-75.4245
-75.434
-75.443
-75.4515
-75.4596
-75.4675
-75.4752
-75.4827
-75.4901
-75.4974
-75.5046
-75.5118
-75.519
-75.5261
-75.5332
-75.5402
-75.5473
-75.5543
-75.5613
-75.5683
-75.5752
-75.5822
-75.5891
-75.596
-75.6028
-75.6096
-75.6164
-75.6232
-75.6299
-75.6366
-75.6433
-75.6499
-75.6565
-75.663
-75.6695
-75.676
-75.6824
-75.6888
-75.6951
-75.7014
-75.7076
-75.7138
-75.72
-75.7261
-75.7321
-75.7381
-75.7441
-75.75
-75.7559
-75.7617
-75.7675
-75.7732
-75.7789
-75.7845
-75.7901
-75.7957
-75.8012
-75.8066
-75.812
-75.8174
-73.0085
-68.942
-65.8212
-63.4311
-61.5029
-59.7774
-57.8956
-54.7902
-5.42137
4.58791
-29.989
-75.7577
-78.9368
-78.7893
-78.6425
-78.4822
-78.3081
-78.1204
-77.9198
-77.7073
-76.8057
-74.491
-72.9713
-71.9707
-71.2048
-70.5632
-69.999
-69.4914
-69.0304
-68.0518
-65.571
-63.5272
-61.9619
-60.669
-59.4849
-58.2298
-56.558
-53.0047
44.5836
-6.79885
-38.3113
-78.4141
-79.6415
-79.6201
-78.7425
-77.6363
-77.1648
-76.8165
-76.516
-76.2317
-75.9491
-75.6847
-75.4646
-75.2602
-75.0644
-74.8785
-74.7038
-74.5407
-74.3897
-74.2508
-74.1241
-74.0417
-74.1198
-74.1824
-74.2165
-74.2341
-74.2419
-74.2443
-74.2439
-74.2423
-74.2406
-74.2393
-74.2389
-74.2396
-74.2416
-74.2447
-74.2491
-74.2986
-74.4726
-74.6214
-74.7375
-74.8299
-74.9045
-74.9657
-75.0167
-75.0597
-75.0965
-75.1283
-72.8564
-68.9656
-66.0344
-63.8618
-62.1779
-60.7733
-59.4565
-57.9694
-55.6368
-45.3728
19.3831
-23.1404
-66.8703
-78.9604
-78.9561
-78.831
-78.6915
-78.5394
-78.3749
-78.1986
-77.3555
-75.2813
-74.017

