-70
-69.8623
-69.7285
-69.5983
-69.4718
-69.3487
-69.2291
-69.1128
-68.9997
-68.8897
-68.7828
-68.6789
-68.5778
-68.4795
-68.3839
-68.291
-68.2007
-68.1128
-68.0274
-67.9443
-67.8636
-67.7851
-67.7087
-67.6345
-67.5623
-67.4921
-67.4238
-67.3574
-67.2929
-67.2301
-67.1691
-67.1098
-67.0521
-66.996
-66.9414
-66.8884
-66.8368
-66.7866
-66.7378
-66.6904
-66.6443
-66.5994
-66.5558
-66.5133
-66.4721
-66.432
-66.393
-66.355
-66.3181
-66.2823
-66.2474
-66.2134
-66.1805
-66.1484
-66.1172
-66.0868
-66.0573
-66.0286
-66.0007
-65.9736
-65.9472
-65.9215
-65.8966
-65.8723
-65.8487
-65.8257
-65.8034
-65.7817
-65.7606
-65.74
-65.72
-65.7006
-65.6817
-65.6633
-65.6455
-65.6281
-65.6112
-65.5948
-65.5788
-65.5632
-65.5481
-65.5334
-65.5191
-65.5052
-65.4917
-65.4785
-65.4657
-65.4533
-65.4412
-65.4294
-65.418
-65.4068
-65.396
-65.3855
-65.3752
-65.3653
-65.3556
-65.3462
-65.337
-65.3281
-65.3194
-65.311
-65.3028
-65.2948
-65.2871
-65.2795
-65.2722
-65.2651
-65.2581
-65.2514
-65.2448
-65.2385
-65.2322
-65.2262
-65.2203
-65.2146
-65.2091
-65.2037
-65.1984
-65.1933
-65.1884
-65.1835
-65.1788
-65.1743
-65.1698
-65.1655
-65.1613
-65.1572
-65.1532
-65.1493
-65.1456
-65.1419
-65.1384
-65.1349
-65.1315
-65.1283
-65.1251
-65.122
-65.119
-65.1161
-65.1132
-65.1104
-65.1077
-65.1051
-65.1026
-65.1001
-65.0977
-65.0953
-65.0931
-65.0908
-65.0887
-65.0866
-65.0845
-65.0826
-65.0806
-65.0788
-65.0769
-65.0752
-65.0734
-65.0718
-65.0701
-65.0685
-65.067
-65.0655
-65.064
-65.0626
-65.0612
-65.0599
-65.0586
-65.0573
-65.0561
-65.0549
-65.0537
-65.0526
-65.0514
-65.0504
-65.0493
-65.0483
-65.0473
-65.0464
-65.0454
-65.0445
-65.0436
-65.0428
-65.0419
-65.0411
-65.0403
-65.0395
-65.0388
-65.0381
-65.0374
-65.0367
-65.036
-65.0353
-65.0347
-65.0341
-65.0335
-65.0329
-65.0323
-65.0318
-65.0313
-65.0307
-65.0302
-65.0297
-65.0293
-65.0288
-65.0283
-65.0279
-65.0275
-65.027
-65.0266
-65.0262
-65.0259
-65.0255
-65.0251
-65.0248
-65.0244
-65.0241
-65.0238
-65.0234
-65.0231
-65.0228
-65.0225
-65.0223
-65.022
-65.0217
-65.0215
-65.0212
-65.021
-65.0207
-65.0205
-65.0203
-65.02
-65.0198
-65.0196
-65.0194
-65.0192
-65.019
-65.0188
-65.0187
-65.0185
-65.0183
-65.0181
-65.018
-65.0178
-65.0177
-65.0175
-65.0174
-65.0172
-65.0171
-65.017
-65.0168
-65.0167
-65.0166
-65.0165
-65.0163
-65.0162
-65.0161
-65.016
-65.0159
-65.0158
-65.0157
-65.0156
-65.0155
-65.0154
-65.0153
-65.0153
-65.0152
-65.0151
-65.015
-65.0149
-65.0149
-65.0148
-65.0147
-65.0147
-65.0146
-65.0145
-65.0145
-65.0144
-65.0143
-65.0143
-65.0142
-65.0142
-65.0141
-65.0141
-65.014
-65.014
-65.0139
-65.0139
-65.0138
-65.0138
-65.0137
-65.0137
-65.0137
-65.0136
-65.0136
-65.0135
-65.0135
-65.0135
-65.0134
-65.0134
-65.0134
-65.0133
-65.0133
-65.0133
-65.0133
-65.0132
-65.0132
-65.0132
-65.0131
-65.0131
-65.0131
-65.0131
-65.0131
-65.013
-65.013
-65.013
-65.013
-65.0129
-65.0129
-65.0129
-65.0129
-65.0129
-65.0129
-65.0128
-65.0128
-65.0128
-65.0128
-65.0128
-65.0128
-65.0127
-65.0127
-65.0127
-65.0127
-65.0127
-65.0127
-65.0127
-65.0127
-65.0126
-65.0126
-65.0126
-65.0126
-65.0126
-65.0126
-65.0126
-65.0126
-65.0126
-65.0126
-65.0125
-65.0125
-65.0125
-65.0125
-65.0125
-65.0125
-65.0125
-65.0125
-65.0125
-65.0125
-65.0125
-65.0125
-65.0125
-65.0124
-65.0124
-65.0124
-65.0124
-65.0124
-65.0124
-65.0124
-65.0124
-65.0124
-65.0124
-65.0124
-65.0124
-65.0124
-65.0124
-65.0124
-65.0124
-65.0124
-65.0124
-65.0124
-65.0124
-65.0124
-65.0124
-65.0124
-65.0123
-65.0123
-65.0123
-65.0123
-65.0123
-65.0123
-65.0123
-65.0123
-65.0123
-65.0123
-65.0123
-65.0123
-65.0123
-65.0123
-65.0123
-65.0123
-65.0123
-65.0123
-65.0123
-65.0123
-65.0123
-65.0123
-65.0123
-65.0123
-65.0123
-65.0123
-65.0123
-65.0123
-65.0123
-65.0123
-65.0123
-65.0123
-65.0123
-65.0123
-65.0123
-65.0123
-65.0123
-65.0123
-65.0123
-65.0123
-65.0123
-65.0123
-65.0123
-65.0123
-65.0123
-65.0123
-65.0123
-65.0123
-65.0123
-65.0123
-65.0123
-65.0123
-65.0123
-65.0123
-65.0123
-65.0123
-65.0123
-65.0123
-65.0123
-65.0123
-65.0123
-65.0123
-65.0123
-65.0123
-65.0123
-65.0123
-65.0123
-65.0123
-65.0123
-65.0123
-65.0123
-65.0123
-65.0123
-65.0123
-64.7043
-64.4515
-64.2637
-64.1299
-64.026
-63.943
-63.8763
-63.8231
-63.7811
-63.7486
-63.7241
-63.7065
-63.6948
-63.688
-63.6856
-63.6868
-63.6912
-63.6983
-63.7077
-63.7191
-63.7322
-63.7467
-63.7624
-63.7792
-63.7967
-63.8149
-63.8337
-63.8529
-63.8724
-63.8922
-63.9121
-63.9321
-63.9522
-63.9722
-63.9405
-63.8356
-63.7707
-63.7264
-63.699
-63.681
-63.6701
-63.6648
-63.6641
-63.6672
-63.6735
-63.6824
-63.6936
-63.7067
-63.7213
-63.7372
-63.6999
-63.6656
-63.6414
-63.4988
-63.4029
-63.2194
-62.1137
-61.3192
-60.4912
-59.7184
-59.0567
-57.9674
-57.0258
-55.9795
-55.1641
-54.4682
-53.8998
-53.4631
-53.0045
-52.5775
-52.213
-51.737
-51.3613
-50.928
-50.5674
-50.2562
-50.0002
-49.7889
-49.612
-49.4502
-49.219
-48.9844
-48.7851
-48.6083
-48.444
-48.1076
-47.7928
-47.4353
-47.0116
-46.5618
-46.0352
-45.3711
-44.4111
-42.8397
-39.4215
-13.8246
31.5256
-14.9647
-44.9018
-57.7637
-61.1791
-62.1216
-62.3597
-62.34
-62.257
-62.1068
-61.9292
-61.7792
-61.6593
-61.5368
-61.4116
-61.3184
-61.2479
-61.1961
-61.1501
-61.0698
-60.9725
-60.8943
-60.8429
-60.7474
-60.6419
-60.5727
-60.5289
-60.5041
-60.4773
-60.4136
-60.3026
-60.0672
-59.6772
-59.3158
-58.9717
-58.6796
-58.4317
-58.1405
-57.7096
-57.1984
-56.7485
-56.3362
-55.8532
-55.3097
-54.5869
-53.8033
-52.9571
-52.24
-51.6835
-51.2382
-50.8718
-50.5777
-50.3186
-50.0084
-49.7516
-49.5213
-49.2949
-49.0895
-48.7993
-48.5063
-48.2333
-47.9585
-47.6932
-47.4181
-47.1219
-46.7879
-46.3898
-45.8955
-45.2371
-44.2834
-42.6807
-38.945
-2.3753
26.6032
-18.9807
-49.075
-60.4528
-63.575
-64.5751
-64.9484
-65.08
-65.1103
-65.0974
-65.0662
-65.0278
-64.987
-64.946
-64.9058
-64.8668
-64.8293
-64.7931
-64.7585
-64.7253
-64.6934
-64.6628
-64.6336
-64.6055
-64.5786
-64.5528
-64.528
-64.5042
-64.4815
-64.4596
-64.4386
-64.4185
-64.3992
-64.3806
-64.3628
-64.3457
-64.3293
-64.3135
-64.2983
-64.2838
-64.2698
-64.2564
-64.2435
-64.2312
-64.2193
-64.2079
-64.1969
-64.1864
-64.1763
-64.1667
-64.1574
-64.1485
-64.14
-64.1318
-64.124
-64.0578
-63.7686
-63.5736
-63.4247
-63.3163
-63.2156
-62.9968
-62.8256
-62.6945
-62.5968
-62.4491
-62.1222
-61.679
-61.2825
-60.9946
-60.4871
-59.7107
-58.6379
-57.6186
-56.5213
-55.6251
-54.9642
-54.3371
-53.8499
-53.2221
-52.6511
-52.2101
-51.8566
-51.5415
-51.2721
-50.9966
-50.7762
-50.6068
-50.4791
-50.3841
-50.3076
-50.1812
-50.0501
-49.9608
-49.8968
-49.7872
-49.6905
-49.5977
-49.5385
-49.5026
-49.41
-49.2993
-49.208
-49.0863
-48.9878
-48.9121
-48.8281
-48.7298
-48.6502
-48.549
-48.3983
-48.2478
-48.0484
-47.8618
-47.6742
-47.4635
-47.1608
-46.8096
-46.4053
-45.9111
-45.2528
-44.259
-42.5955
-38.6799
1.99026
24.3724
-21.1857
-51.4666
-62.1777
-65.1469
-66.1017
-66.4369
-66.5011
-66.4274
-66.183
-65.9057
-65.6823
-65.4547
-65.1474
-64.7722
-64.2259
-63.7628
-63.3788
-63.0025
-62.653
-62.2673
-61.8349
-61.4466
-61.0415
-60.5753
-60.0471
-59.4778
-58.8972
-58.382
-57.9018
-57.482
-56.84
-56.1779
-55.5915
-55.0783
-54.708
-54.3869
-54.087
-53.7133
-53.4145
-53.1633
-52.9417
-52.7742
-52.5989
-52.4179
-52.2547
-52.0921
-51.9551
-51.8379
-51.7225
-51.6366
-51.559
-51.5004
-51.4473
-51.4182
-51.4232
-51.4545
-51.5076
-51.5789
-51.6662
-51.7678
-51.8824
-52.0085
-52.1449
-52.2906
-52.4446
-52.6059
-52.7734
-52.946
-53.123
-53.3037
-53.4875
-53.674
-53.8623
-54.0517
-54.2417
-54.432
-54.6221
-54.8119
-55.0008
-55.1885
-55.3746
-55.5592
-55.7419
-55.9226
-56.1011
-56.2771
-56.4507
-56.6217
-56.7902
-56.9559
-57.1188
-57.2788
-57.436
-57.5903
-57.7417
-57.8903
-58.0359
-58.1786
-58.3184
-58.4553
-58.5894
-58.7207
-58.8493
-58.9751
-59.0981
-59.2184
-59.3361
-59.4512
-59.5637
-59.6736
-59.7811
-59.8862
-59.9889
-60.0892
-60.1872
-60.283
-60.3765
-60.4678
-60.557
-60.6442
-60.7293
-60.8124
-60.8935
-60.9728
-61.0502
-61.1257
-61.1995
-61.2715
-61.3418
-61.3829
-61.4007
-61.3736
-61.3199
-61.1891
-60.939
-60.7815
-60.5832
-60.4412
-60.3427
-60.2642
-60.1017
-59.9143
-59.778
-59.4847
-59.2126
-59.0212
-58.6632
-57.0701
-55.5961
-54.5569
-53.8154
-53.2574
-52.6866
-52.2268
-51.6918
-51.244
-50.8744
-50.5216
-50.1864
-49.9167
-49.6952
-49.5109
-49.354
-49.1886
-48.9402
-48.723
-48.5101
-48.3114
-48.1035
-47.8938
-47.6014
-47.2714
-46.885
-46.4319
-45.8929
-45.1974
-44.1271
-42.2677
-37.6739
20.0265
18.1761
-24.5801
-53.5201
-62.7843
-65.1837
-65.7853
-65.8235
-65.6736
-65.4894
-65.3067
-65.1375
-64.9414
-64.7629
-64.61
-64.4791
-64.3651
-64.2649
-64.1767
-64.0988
-63.9916
-63.887
-63.8017
-63.7313
-63.6721
-63.6213
-63.5777
-63.5402
-63.5081
-63.4808
-63.4575
-63.3824
-63.1544
-62.9224
-62.6893
-62.523
-62.3226
-62.1052
-61.9437
-61.8211
-61.7287
-61.6575
-61.5773
-61.4537
-61.2849
-61.139
-61.0375
-60.9668
-60.8585
-60.6661
-60.3715
-59.877
-59.3684
-58.8949
-58.3238
-57.7013
-57.0818
-56.3846
-55.8444
-55.3004
-54.5199
-53.7845
-53.1542
-52.6671
-52.2665
-51.9616
-51.7257
-51.4689

