-70
-69.8623
-69.7285
-69.5983
-69.4718
-69.3487
-69.2291
-69.1128
-68.9997
-68.8897
-68.7828
-68.6789
-68.5778
-68.4795
-68.3839
-68.291
-68.2007
-68.1128
-68.0274
-67.9443
-67.8636
-67.7851
-67.7087
-67.6345
-67.5623
-67.4921
-67.4238
-67.3574
-67.2929
-67.2301
-67.1691
-67.1098
-67.0521
-66.996
-66.9414
-66.8884
-66.8368
-66.7866
-66.7378
-66.6904
-66.6443
-66.5994
-66.5558
-66.5133
-66.4721
-66.432
-66.393
-66.355
-66.3181
-66.2823
-66.2474
-66.2134
-66.1805
-66.1484
-66.1172
-66.0868
-66.0573
-66.0286
-66.0007
-65.9736
-65.9472
-65.9215
-65.8966
-65.8723
-65.8487
-65.8257
-65.8034
-65.7817
-65.7606
-65.74
-65.72
-65.7006
-65.6817
-65.6633
-65.6455
-65.6281
-65.6112
-65.5948
-65.5788
-65.5632
-65.5481
-65.5334
-65.5191
-65.5052
-65.4917
-65.4785
-65.4657
-65.4533
-65.4412
-65.4294
-65.418
-65.4068
-65.396
-65.3855
-65.3752
-65.3653
-65.3556
-65.3462
-65.337
-65.3281
-65.3194
-65.311
-65.3028
-65.2948
-65.2871
-65.2795
-65.2722
-65.2651
-65.2581
-65.2514
-65.2448
-65.2385
-65.2322
-65.2262
-65.2203
-65.2146
-65.2091
-65.2037
-65.1984
-65.1933
-65.1884
-65.1835
-65.1788
-65.1743
-65.1698
-65.1655
-65.1613
-65.1572
-65.1532
-65.1493
-65.1456
-65.1419
-65.1384
-65.1349
-65.1315
-65.1283
-65.1251
-65.122
-65.119
-65.1161
-65.1132
-65.1104
-65.1077
-65.1051
-65.1026
-65.1001
-65.0977
-65.0953
-65.0931
-65.0908
-65.0887
-65.0866
-65.0845
-65.0826
-65.0806
-65.0788
-65.0769
-65.0752
-65.0734
-65.0718
-65.0701
-65.0685
-65.067
-65.0655
-65.064
-65.0626
-65.0612
-65.0599
-65.0586
-65.0573
-65.0561
-65.0549
-65.0537
-65.0526
-65.0514
-65.0504
-65.0493
-65.0483
-65.0473
-65.0464
-65.0454
-65.0445
-65.0436
-65.0428
-65.0419
-65.0411
-65.0403
-65.0395
-65.0388
-65.0381
-65.0374
-65.0367
-65.036
-65.0353
-65.0347
-65.0341
-65.0335
-65.0329
-65.0323
-65.0318
-65.0313
-65.0307
-65.0302
-65.0297
-65.0293
-65.0288
-65.0283
-65.0279
-65.0275
-65.027
-65.0266
-65.0262
-65.0259
-65.0255
-65.0251
-65.0248
-65.0244
-65.0241
-65.0238
-65.0234
-65.0231
-65.0228
-65.0225
-65.0223
-65.022
-65.0217
-65.0215
-65.0212
-65.021
-65.0207
-65.0205
-65.0203
-65.02
-65.0198
-65.0196
-65.0194
-65.0192
-65.019
-65.0188
-65.0187
-65.0185
-65.0183
-65.0181
-65.018
-65.0178
-65.0177
-65.0175
-65.0174
-65.0172
-65.0171
-65.017
-65.0168
-65.0167
-65.0166
-65.0165
-65.0163
-65.0162
-65.0161
-65.016
-65.0159
-65.0158
-65.0157
-65.0156
-65.0155
-65.0154
-65.0153
-65.0153
-65.0152
-65.0151
-65.015
-65.0149
-65.0149
-65.0148
-65.0147
-65.0147
-65.0146
-65.0145
-65.0145
-65.0144
-65.0143
-65.0143
-65.0142
-65.0142
-65.0141
-65.0141
-65.014
-65.014
-65.0139
-65.0139
-65.0138
-65.0138
-65.0137
-65.0137
-65.0137
-65.0136
-65.0136
-65.0135
-65.0135
-65.0135
-65.0134
-65.0134
-65.0134
-65.0133
-65.0133
-65.0133
-65.0133
-65.0132
-65.0132
-65.0132
-65.0131
-65.0131
-65.0131
-65.0131
-65.0131
-65.013
-65.013
-65.013
-65.013
-65.0129
-65.0129
-65.0129
-65.0129
-65.0129
-65.0129
-65.0128
-65.0128
-65.0128
-65.0128
-65.0128
-65.0128
-65.0127
-65.0127
-65.0127
-65.0127
-65.0127
-65.0127
-65.0127
-65.0127
-65.0126
-65.0126
-65.0126
-65.0126
-65.0126
-65.0126
-65.0126
-65.0126
-65.0126
-65.0126
-65.0125
-65.0125
-65.0125
-65.0125
-65.0125
-65.0125
-65.0125
-65.0125
-65.0125
-65.0125
-65.0125
-65.0125
-65.0125
-65.0124
-65.0124
-65.0124
-65.0124
-65.0124
-65.0124
-65.0124
-65.0124
-65.0124
-65.0124
-65.0124
-65.0124
-65.0124
-65.0124
-65.0124
-65.0124
-65.0124
-65.0124
-65.0124
-65.0124
-65.0124
-65.0124
-65.0124
-65.0123
-65.0123
-65.0123
-65.0123
-65.0123
-65.0123
-65.0123
-65.0123
-65.0123
-65.0123
-65.0123
-65.0123
-65.0123
-65.0123
-65.0123
-65.0123
-65.0123
-65.0123
-65.0123
-65.0123
-65.0123
-65.0123
-65.0123
-65.0123
-65.0123
-65.0123
-65.0123
-65.0123
-65.0123
-65.0123
-65.0123
-65.0123
-65.0123
-65.0123
-65.0123
-65.0123
-65.0123
-65.0123
-65.0123
-65.0123
-65.0123
-65.0123
-65.0123
-65.0123
-65.0123
-65.0123
-65.0123
-65.0123
-65.0123
-65.0123
-65.0123
-65.0123
-65.0123
-65.0123
-65.0123
-65.0123
-65.0123
-65.0123
-65.0123
-65.0123
-65.0123
-65.0123
-65.0123
-65.0123
-65.0123
-65.0123
-65.0123
-65.0123
-65.0123
-65.0123
-65.0123
-65.0123
-65.0123
-65.0123
-64.9505
-64.8995
-64.8615
-64.8344
-64.8133
-64.7964
-64.7828
-64.772
-64.7634
-64.7568
-64.7518
-64.7482
-64.7458
-64.7444
-64.7439
-64.7441
-64.745
-64.7465
-64.7484
-64.7508
-64.7534
-64.7564
-64.7596
-64.763
-64.7666
-64.7703
-64.7742
-64.7781
-64.7821
-64.7861
-64.7902
-64.7942
-64.7983
-64.8024
-64.7803
-64.7211
-64.6822
-64.6538
-64.634
-64.6191
-64.6078
-64.5995
-64.5936
-64.5897
-64.5876
-64.5868
-64.5873
-64.5889
-64.5913
-64.5945
-64.5983
-64.6026
-64.6074
-64.6126
-64.618
-64.587
-64.3944
-64.2642
-64.1191
-63.9574
-63.7958
-63.493
-63.1617
-62.6181
-62.1638
-61.7964
-61.5268
-61.3198
-61.1596
-61.0354
-60.9366
-60.8021
-60.7092
-60.5421
-60.4043
-60.3105
-60.2514
-60.2165
-60.1998
-60.198
-60.2088
-60.2302
-60.2605
-60.2983
-60.3426
-60.3923
-60.4314
-60.4494
-60.4827
-60.5252
-60.5759
-60.6315
-60.6909
-60.7532
-60.8178
-60.8842
-60.952
-61.0209
-61.0905
-61.1606
-61.2308
-61.2673
-61.2974
-61.338
-61.386
-61.4387
-61.494
-61.5511
-61.6094
-61.6347
-61.6466
-61.6727
-61.7077
-61.7489
-61.7936
-61.8408
-61.8899
-61.9404
-61.9919
-62.044
-62.0965
-62.1492
-62.1529
-62.165
-62.1871
-62.2174
-62.2521
-62.2861
-62.2672
-62.2682
-62.2279
-62.1966
-62.1317
-62.0159
-61.8502
-61.7459
-61.6038
-61.3646
-61.0741
-60.8592
-60.6489
-60.4221
-60.1474
-59.9526
-59.8157
-59.7242
-59.6307
-59.5573
-59.4628
-59.4109
-59.3859
-59.3834
-59.3972
-59.4242
-59.4623
-59.5095
-59.5645
-59.6259
-59.6495
-59.6888
-59.7394
-59.8001
-59.867
-59.9384
-60.0135
-60.0913
-60.1713
-60.253
-60.3358
-60.4195
-60.5038
-60.5882
-60.6727
-60.7569
-60.8408
-60.9241
-61.0067
-61.0885
-61.1694
-61.2492
-61.328
-61.4057
-61.4821
-61.5574
-61.6314
-61.7041
-61.7754
-61.8455
-61.9142
-61.9815
-62.0475
-62.1121
-62.1754
-62.2374
-62.298
-62.3573
-62.4153
-62.472
-62.5274
-62.5816
-62.6345
-62.6862
-62.7367
-62.786
-62.8342
-62.8812
-62.9271
-62.9719
-63.0156
-63.0583
-63.0999
-63.1405
-63.1801
-63.2188
-63.2565
-63.2933
-63.3291
-63.3641
-63.3982
-63.4315
-63.4639
-63.4956
-63.5264
-63.5565
-63.5763
-63.486
-63.4313
-63.3962
-63.3783
-63.3694
-63.3668
-63.3692
-63.3755
-63.3852
-63.3936
-63.2248
-62.9962
-62.839
-62.7302
-62.6252
-62.4387
-62.2685
-62.0448
-61.7033
-61.3958
-61.1776
-61.0213
-60.904
-60.6678
-60.487
-60.3584
-60.2729
-60.2164
-60.1597
-60.0607
-60.0032
-59.9721
-59.9641
-59.9585
-59.9444
-59.9511
-59.9723
-60.006
-60.0463
-60.0557
-60.0829
-60.0907
-60.109
-60.1415
-60.1652
-60.163
-60.1531
-60.1673
-60.1975
-60.2396
-60.2896
-60.3456
-60.4066
-60.4689
-60.4767
-60.4188
-60.4012
-60.4078
-60.4336
-60.4703
-60.5152
-60.5665
-60.6228
-60.6833
-60.747
-60.8133
-60.8816
-60.9514
-61.0223
-61.094
-61.1661
-61.2384
-61.3106
-61.3826
-61.4543
-61.5254
-61.5547
-61.5902
-61.6335
-61.6833
-61.7038
-61.6741
-61.608
-61.5383
-61.4925
-61.461
-61.3892
-61.2807
-61.2141
-61.1137
-61.0045
-60.9313
-60.8484
-60.8025
-60.771
-60.7163
-60.6365
-60.5696
-60.3649
-60.2154
-60.0971
-59.9341
-59.7961
-59.7072
-59.6555
-59.6217
-59.5822
-59.5698
-59.5761
-59.5988
-59.6333
-59.6712
-59.6809
-59.7048
-59.7065
-59.7324
-59.7556
-59.7465
-59.7406
-59.7223
-59.7269
-59.7511
-59.7902
-59.8395
-59.8965
-59.9597
-60.0279
-60.1
-60.1753
-60.2531
-60.3329
-60.4141
-60.4964
-60.5793
-60.6627
-60.7461
-60.8294
-60.9124
-60.9949
-61.0768
-61.1578
-61.238
-61.3172
-61.3953
-61.4723
-61.5482
-61.6228
-61.6962
-61.7683
-61.8391
-61.9085
-61.9767
-62.0435
-62.109
-62.1731
-62.2359
-62.2974
-62.3576
-62.4164
-62.4739
-62.5302
-62.5852
-62.6389
-62.6914
-62.7427
-62.7928
-62.8417
-62.8894
-62.936
-62.9815
-63.0259
-63.0693
-63.1116
-63.1528
-63.193
-63.2323
-63.2706
-63.3079
-63.3443
-63.3798
-63.4144
-63.4482
-63.4811
-63.5132
-63.5445
-63.575
-63.6048
-63.6338
-63.6621
-63.6897
-63.7165
-63.7427
-63.7683
-63.7932
-63.8175
-63.8411
-63.8642
-63.8867
-63.9087
-63.93
-63.9509
-63.9712
-63.991
-63.9141
-63.8464
-63.8013
-63.7735
-63.7558
-63.7449
-63.7392
-63.6467
-63.5612
-63.5022
-63.4217
-63.3484
-63.2972
-63.1461
-62.6353
-62.148
-61.8021
-61.554
-61.3695
-61.1845
-61.0316
-60.8181
-60.6575
-60.533
-60.4192
-60.3426
-60.2923
-60.2643
-60.2534
-60.2567
-60.2558
-60.241
-60.2415
-60.223
-60.1982
-60.1875
-60.1971
-60.2218
-60.2572
-60.3007
-60.3507
-60.4061
-60.4658
-60.454
-60.4114
-60.4022
-60.4151
-60.4443
-60.4833
-60.5234
-60.5336
-60.562
-60.601
-60.6494
-60.7035
-60.762
-60.8238
-60.8883
-60.9549
-61.023
-61.0922
-61.1622
-61.2327
-61.3034
-61.374
-61.4446
-61.5147
-61.5844
-61.6535
-61.7218
-61.7894
-61.8561
-61.9219
-61.9867
-62.0505
-62.1132
-62.1749
-62.2212
-62.1961
-62.1733
-62.1715
-62.1844
-62.2063
-62.2338
-62.2654
-62.3002
-62.3375
-62.3768
-62.4175
-62.4594
-62.4844
-62.4348
-62.4049
-62.3481
-62.3224
-62.3124
-62.3152
-62.3223
-62.2809
-62.2548
-62.1487
-61.9613
-61.7249
-61.4722
-61.2356
-61.0141
-60.762
-60.5175
-60.3468
-60.2272
-60.1456
-60.0915
-60.0568
-59.9585

