-70
-70.0758
-70.1508
-70.225
-70.2983
-70.3706
-70.4419
-70.5122
-70.5814
-70.6496
-70.7168
-70.7829
-70.848
-70.9121
-70.9752
-71.0373
-71.0984
-71.1586
-71.2178
-71.2761
-71.3334
-71.3899
-71.4455
-71.5003
-71.5543
-71.6074
-71.6598
-71.7114
-71.7623
-71.8124
-71.8619
-71.9106
-71.9587
-72.006
-72.0527
-72.0988
-72.1442
-72.1889
-72.2331
-72.2766
-72.3196
-72.362
-72.4038
-72.445
-72.4857
-72.5258
-72.5654
-72.6045
-72.6431
-72.6812
-72.7188
-72.756
-72.7927
-72.8289
-72.8647
-72.9
-72.9349
-72.9694
-73.0035
-73.0371
-73.0704
-73.1032
-73.1357
-73.1678
-73.1994
-73.2307
-73.2617
-73.2922
-73.3224
-73.3523
-73.3817
-73.4109
-73.4397
-73.4682
-73.4963
-73.5241
-73.5516
-73.5788
-73.6057
-73.6323
-73.6585
-73.6845
-73.7102
-73.7356
-73.7608
-73.7857
-73.8103
-73.8346
-73.8587
-73.8825
-73.9061
-73.9294
-73.9524
-73.9753
-73.9979
-74.0202
-74.0423
-74.0642
-74.0859
-74.1073
-74.1285
-74.1495
-74.1703
-74.1909
-74.2112
-74.2313
-74.2513
-74.271
-74.2905
-74.3098
-74.329
-74.3479
-74.3666
-74.3852
-74.4036
-74.4217
-74.4397
-74.4575
-74.4752
-74.4926
-74.5099
-74.527
-74.544
-74.5607
-74.5774
-74.5938
-74.6101
-74.6262
-74.6422
-74.658
-74.6736
-74.6891
-74.7045
-74.7197
-74.7347
-74.7496
-74.7644
-74.779
-74.7935
-74.8079
-74.8221
-74.8362
-74.8501
-74.864
-74.8777
-74.8913
-74.9047
-74.918
-74.9313
-74.9443
-74.9573
-74.9701
-74.9829
-74.9955
-75.008
-75.0204
-75.0327
-75.0448
-75.0569
-75.0688
-75.0806
-75.0924
-75.104
-75.1155
-75.1269
-75.1382
-75.1495
-75.1606
-75.1716
-75.1825
-75.1933
-75.204
-75.2147
-75.2252
-75.2356
-75.246
-75.2562
-75.2664
-75.2764
-75.2864
-75.2963
-75.3061
-75.3158
-75.3255
-75.335
-75.3445
-75.3538
-75.3631
-75.3724
-75.3815
-75.3906
-75.3995
-75.4084
-75.4172
-75.426
-75.4346
-75.4432
-75.4518
-75.4602
-75.4686
-75.4769
-75.4851
-75.4932
-75.5013
-75.5093
-75.5173
-75.5251
-75.533
-75.5407
-75.5484
-75.556
-75.5635
-75.571
-75.5784
-75.5858
-75.593
-75.6003
-75.6074
-75.6145
-75.6216
-75.6285
-75.6355
-75.6423
-75.6491
-75.6559
-75.6626
-75.6692
-75.6758
-75.6823
-75.6888
-75.6952
-75.7015
-75.7078
-75.7141
-75.7203
-75.7264
-75.7325
-75.7386
-75.7446
-75.7505
-75.7564
-75.7622
-75.768
-75.7738
-75.7795
-75.7851
-75.7907
-75.7963
-75.8018
-75.8072
-75.8127
-75.818
-75.8234
-75.8287
-75.8339
-75.8391
-75.8443
-75.8494
-75.8545
-75.8595
-75.8645
-75.8695
-75.8744
-75.8793
-75.8841
-75.8889
-75.8937
-75.8984
-75.9031
-75.9077
-75.9123
-75.9169
-75.9214
-75.9259
-75.9304
-75.9348
-75.9392
-75.9436
-75.9479
-75.9522
-75.9565
-75.9607
-75.9649
-75.969
-75.9731
-75.9772
-75.9813
-75.9853
-75.9893
-75.9933
-75.9972
-76.0011
-76.005
-76.0088
-76.0126
-76.0164
-76.0201
-76.0239
-76.0275
-76.0312
-76.0348
-76.0384
-76.042
-76.0456
-76.0491
-76.0526
-76.056
-76.0595
-76.0629
-76.0663
-76.0696
-76.0729
-76.0762
-76.0795
-76.0828
-76.086
-76.0892
-76.0924
-76.0955
-76.0986
-76.1017
-76.1048
-76.1079
-76.1109
-76.1139
-76.1169
-76.1198
-76.1228
-76.1257
-76.1286
-76.1314
-76.1343
-76.1371
-76.1399
-76.1427
-76.1455
-76.1482
-76.1509
-76.1536
-76.1563
-76.1589
-76.1615
-76.1642
-76.1667
-76.1693
-76.1719
-76.1744
-76.1769
-76.1794
-76.1819
-76.1843
-76.1868
-76.1892
-76.1916
-76.1939
-76.1963
-76.1986
-76.201
-76.2033
-76.2056
-76.2078
-76.2101
-76.2123
-76.2145
-76.2167
-76.2189
-76.2211
-76.2232
-76.2254
-76.2275
-76.2296
-76.2317
-76.2337
-76.2358
-76.2378
-76.2398
-76.2418
-76.2438
-76.2458
-76.2478
-76.2497
-76.2516
-76.2536
-76.2554
-76.2573
-76.2592
-76.2611
-76.2629
-76.2647
-76.2665
-76.2683
-76.2701
-76.2719
-76.2737
-76.2754
-76.2771
-76.2788
-76.2806
-76.2822
-76.2839
-76.2856
-76.2872
-76.2889
-76.2905
-76.2921
-76.2937
-76.2953
-76.2969
-76.2985
-76.3
-76.3016
-76.3031
-76.3046
-76.3061
-76.3076
-76.3091
-76.3106
-76.312
-76.3135
-76.3149
-76.3164
-76.3178
-76.3192
-76.3206
-76.322
-76.3233
-76.3247
-76.3261
-76.3274
-76.3287
-76.33
-76.3314
-76.3327
-76.334
-76.3352
-76.3365
-76.3378
-76.339
-76.3403
-76.3415
-76.3427
-76.3439
-76.3452
-76.3464
-76.3475
-76.3487
-76.3499
-76.351
-76.3522
-76.3533
-76.3545
-76.3556
-76.3567
-76.3578
-76.3589
-76.36
-76.3611
-76.3622
-76.3632
-76.3643
-76.3654
-76.3664
-76.3674
-76.3685
-76.3695
-76.3705
-76.3715
-76.3725
-76.3735
-76.3745
-76.3754
-76.3764
-76.3774
-76.3783
-76.3793
-76.3802
-76.3811
-76.382
-76.383
-76.3839
-76.3848
-76.3857
-76.3866
-76.3874
-76.3883
-76.3892
-76.39
-76.3909
-76.3917
-76.3926
-76.3934
-76.3943
-76.3951
-76.3959
-76.3967
-76.3975
-76.3983
-76.3991
-76.3999
-76.4007
-76.4014
-76.4022
-76.403
-76.4037
-76.4045
-76.4052
-73.0945
-69.0255
-65.9295
-63.5553
-61.6413
-59.9385
-58.1125
-55.246
-31.2515
9.69463
-27.3558
-73.7447
-79.0249
-78.7511
-78.5907
-78.4241
-78.2434
-78.0487
-77.8404
-77.6198
-77.3884
-75.137
-73.2319
-72.0281
-71.1533
-70.4465
-69.8396
-69.3018
-68.8181
-68.3811
-67.9865
-67.6319
-67.3156
-67.0358
-66.7911
-66.58
-66.4009
-66.6912
-65.1348
-63.5835
-62.5027
-61.7152
-61.1089
-60.6175
-60.195
-59.8114
-59.445
-59.0654
-58.6471
-58.15
-57.4885
-56.4854
-54.5184
-45.3189
16.4804
-25.1816
-68.9475
-79.6937
-79.8646
-79.8543
-79.8359
-79.815
-79.7919
-79.7666
-79.7392
-78.613
-75.2398
-73.1134
-71.7706
-70.7999
-70.0306
-69.3854
-68.8261
-68.3332
-67.8956
-67.5068
-67.1625
-66.8593
-66.5948
-66.3668
-66.1732
-66.0115
-64.2061
-61.6287
-59.4768
-57.336
-53.986
8.30251
-0.029031
-32.8693
-76.8347
-78.9986
-78.5606
-78.3573
-78.1659
-77.9609
-77.7413
-77.508
-77.2626
-77.0068
-74.9365
-73.0167
-71.8844
-71.1161
-70.5263
-70.0382
-69.6175
-69.3517
-69.5963
-69.7822
-69.8963
-70.4596
-70.9253
-71.227
-71.4272
-71.5643
-71.6611
-71.7319
-71.7857
-72.097
-72.5067
-72.8104
-73.0349
-73.205
-73.3371
-73.4418
-73.5267
-73.5968
-73.6558
-73.7064
-73.7506
-73.7897
-73.825
-73.8572
-73.8869
-73.9148
-73.941
-73.966
-73.99
-74.0132
-74.0357
-74.0576
-74.079
-74.1001
-74.1208
-74.1412
-74.1613
-74.1812
-74.2009
-74.2204
-74.2397
-74.2588
-74.2778
-74.2966
-74.3153
-74.3338
-74.3522
-74.3704
-74.3885
-74.4064
-74.4242
-74.4418
-74.4593
-74.4766
-74.4938
-74.5108
-74.5277
-74.5444
-74.561
-74.5775
-74.5938
-74.6099
-74.6259
-74.6418
-74.6575
-74.6731
-74.6885
-74.7038
-74.7189
-74.7339
-74.7488
-72.0465
-68.13
-65.123
-62.8088
-60.9099
-59.1393
-57.0192
-52.4269
42.3122
-10.8173
-42.3992
-79.0322
-78.9626
-78.59
-78.4064
-78.2212
-78.0218
-77.8079
-77.5806
-77.3412
-77.0917
-74.9862
-72.8725
-71.5086
-70.5297
-69.7549
-69.1039
-68.5381
-68.0379
-67.3982
-65.0843
-63.0005
-61.387
-60.0189
-58.6911
-57.7202
-57.8005
-57.9432
-58.0667
-58.1747
-57.3443
-55.3568
-49.8648
32.1294
-18.3545
-54.7057
-79.0187
-79.3504
-79.2819
-79.1953
-79.1003
-78.9971
-78.8863
-78.7682
-78.6436
-78.5135
-78.3791
-78.2419
-78.1032
-77.9646
-77.8108
-77.5236
-77.2718
-77.0676
-76.897
-76.7515
-76.6256
-76.5157
-76.4194
-76.3348
-75.149
-70.9861
-67.6519
-65.2141
-63.3708
-61.9055
-60.6471
-59.4323
-58.0299
-55.8246
-47.1539
22.8664
-21.4868
-63.3908
-79.6423
-79.7833
-79.759
-79.7283
-78.4871
-77.1196
-76.5443
-76.1469
-75.7778
-75.4101
-75.0398
-74.6685
-74.2993
-72.5528
-69.9418
-68.0458
-66.6632
-65.602
-64.7555
-64.0601
-63.4758
-62.9762
-62.5432
-62.1001
-60.1258
-57.9096
-55.0558
-42.1694
13.2783
-26.3788
-71.7029
-79.3733
-79.3998
-79.3288
-79.2483
-79.1604
-79.0654
-78.8647
-78.6222
-78.4478
-78.2972
-78.1538
-78.0135
-77.8756
-77.651
-77.3879
-77.1801
-77.0109
-76.8679
-76.7441
-76.6356
-76.5396
-76.4544
-76.3788
-76.3115
-76.2519
-76.1991
-76.1524
-76.1114
-76.0754
-76.0439
-76.0164
-75.9927
-75.9722
-75.9546
-75.9396
-75.927
-75.9164
-75.9077
-75.9005
-75.8949
-75.8904
-75.8871
-75.8848
-75.8833
-75.8826
-75.8826
-75.8831
-75.8842
-75.8857
-75.8875
-75.8898
-75.8923
-75.895
-75.898
-75.9012
-75.9045
-75.908
-75.9115
-75.9152
-75.919
-75.9228
-75.9267
-75.9306
-75.9346
-75.9385
-75.9425
-75.9466
-75.9506
-75.9546
-75.9586
-75.9626
-75.9666
-75.9706
-75.9746
-75.9786
-75.9825
-75.9865
-75.9904
-75.9943
-75.9981
-76.002
-76.0058
-76.0096
-76.0133
-76.0171
-76.0208
-76.0245
-73.1876
-69.0829
-65.934
-63.5247
-61.5856
-59.8592
-57.9958
-54.9965
-19.82
6.77221
-28.8303
-75.1104
-78.9895
-78.7398
-78.5814
-78.4141
-78.2327
-78.0372
-77.8283
-77.6072
-77.3753
-75.0985
-73.1672
-71.9451
-71.0581
-70.3432
-69.7311
-69.19
-68.7044
-68.2665
-66.4841
-64.1207
-62.2941
-60.8281
-59.5206
-58.2155
-58.2232
-58.5514
-58.9062
-59.2727
-59.6486
-59.4733
-58.0777
-56.3774
-53.3424
3.66354
-1.94702
-34.2435
-76.8942
-79.4219
-79.4061
-79.3351
-79.2551
-79.1677
-79.0734
-78.9723
-78.8649
-78.7522
-78.635
-78.5145
-78.392
-78.2316
-77.9183
-77.6542
-77.4425
-77.2654
-77.1133
-76.9805
-76.8632
-76.7592
-76.6666
-76.5842
-76.5108
-76.4456
-76.3878
-76.3366
-76.2914
-76.2516
-76.2167
-76.1862
-76.1596
-76.1364
-76.1165
-76.0993
-76.0845
-76.072
-76.0614
-76.0526
-76.0453
-76.0393
-74.0702
-69.8491
-66.5293
-64.0121
-62.0185
-60.2991
-58.555
-56.1322
-47.5133
24.0489
-20.9051
-62.2828
-78.9668
-78.9995
-78.8793
-78.7446
-78.5975
-78.4382
-78.2671
-77.8233
-75.6332

