-70
-69.8623
-69.7285
-69.5983
-69.4718
-69.3487
-69.2291
-69.1128
-68.9997
-68.8897
-68.7828
-68.6789
-68.5778
-68.4795
-68.3839
-68.291
-68.2007
-68.1128
-68.0274
-67.9443
-67.8636
-67.7851
-67.7087
-67.6345
-67.5623
-67.4921
-67.4238
-67.3574
-67.2929
-67.2301
-67.1691
-67.1098
-67.0521
-66.996
-66.9414
-66.8884
-66.8368
-66.7866
-66.7378
-66.6904
-66.6443
-66.5994
-66.5558
-66.5133
-66.4721
-66.432
-66.393
-66.355
-66.3181
-66.2823
-66.2474
-66.2134
-66.1805
-66.1484
-66.1172
-66.0868
-66.0573
-66.0286
-66.0007
-65.9736
-65.9472
-65.9215
-65.8966
-65.8723
-65.8487
-65.8257
-65.8034
-65.7817
-65.7606
-65.74
-65.72
-65.7006
-65.6817
-65.6633
-65.6455
-65.6281
-65.6112
-65.5948
-65.5788
-65.5632
-65.5481
-65.5334
-65.5191
-65.5052
-65.4917
-65.4785
-65.4657
-65.4533
-65.4412
-65.4294
-65.418
-65.4068
-65.396
-65.3855
-65.3752
-65.3653
-65.3556
-65.3462
-65.337
-65.3281
-65.3194
-65.311
-65.3028
-65.2948
-65.2871
-65.2795
-65.2722
-65.2651
-65.2581
-65.2514
-65.2448
-65.2385
-65.2322
-65.2262
-65.2203
-65.2146
-65.2091
-65.2037
-65.1984
-65.1933
-65.1884
-65.1835
-65.1788
-65.1743
-65.1698
-65.1655
-65.1613
-65.1572
-65.1532
-65.1493
-65.1456
-65.1419
-65.1384
-65.1349
-65.1315
-65.1283
-65.1251
-65.122
-65.119
-65.1161
-65.1132
-65.1104
-65.1077
-65.1051
-65.1026
-65.1001
-65.0977
-65.0953
-65.0931
-65.0908
-65.0887
-65.0866
-65.0845
-65.0826
-65.0806
-65.0788
-65.0769
-65.0752
-65.0734
-65.0718
-65.0701
-65.0685
-65.067
-65.0655
-65.064
-65.0626
-65.0612
-65.0599
-65.0586
-65.0573
-65.0561
-65.0549
-65.0537
-65.0526
-65.0514
-65.0504
-65.0493
-65.0483
-65.0473
-65.0464
-65.0454
-65.0445
-65.0436
-65.0428
-65.0419
-65.0411
-65.0403
-65.0395
-65.0388
-65.0381
-65.0374
-65.0367
-65.036
-65.0353
-65.0347
-65.0341
-65.0335
-65.0329
-65.0323
-65.0318
-65.0313
-65.0307
-65.0302
-65.0297
-65.0293
-65.0288
-65.0283
-65.0279
-65.0275
-65.027
-65.0266
-65.0262
-65.0259
-65.0255
-65.0251
-65.0248
-65.0244
-65.0241
-65.0238
-65.0234
-65.0231
-65.0228
-65.0225
-65.0223
-65.022
-65.0217
-65.0215
-65.0212
-65.021
-65.0207
-65.0205
-65.0203
-65.02
-65.0198
-65.0196
-65.0194
-65.0192
-65.019
-65.0188
-65.0187
-65.0185
-65.0183
-65.0181
-65.018
-65.0178
-65.0177
-65.0175
-65.0174
-65.0172
-65.0171
-65.017
-65.0168
-65.0167
-65.0166
-65.0165
-65.0163
-65.0162
-65.0161
-65.016
-65.0159
-65.0158
-65.0157
-65.0156
-65.0155
-65.0154
-65.0153
-65.0153
-65.0152
-65.0151
-65.015
-65.0149
-65.0149
-65.0148
-65.0147
-65.0147
-65.0146
-65.0145
-65.0145
-65.0144
-65.0143
-65.0143
-65.0142
-65.0142
-65.0141
-65.0141
-65.014
-65.014
-65.0139
-65.0139
-65.0138
-65.0138
-65.0137
-65.0137
-65.0137
-65.0136
-65.0136
-65.0135
-65.0135
-65.0135
-65.0134
-65.0134
-65.0134
-65.0133
-65.0133
-65.0133
-65.0133
-65.0132
-65.0132
-65.0132
-65.0131
-65.0131
-65.0131
-65.0131
-65.0131
-65.013
-65.013
-65.013
-65.013
-65.0129
-65.0129
-65.0129
-65.0129
-65.0129
-65.0129
-65.0128
-65.0128
-65.0128
-65.0128
-65.0128
-65.0128
-65.0127
-65.0127
-65.0127
-65.0127
-65.0127
-65.0127
-65.0127
-65.0127
-65.0126
-65.0126
-65.0126
-65.0126
-65.0126
-65.0126
-65.0126
-65.0126
-65.0126
-65.0126
-65.0125
-65.0125
-65.0125
-65.0125
-65.0125
-65.0125
-65.0125
-65.0125
-65.0125
-65.0125
-65.0125
-65.0125
-65.0125
-65.0124
-65.0124
-65.0124
-65.0124
-65.0124
-65.0124
-65.0124
-65.0124
-65.0124
-65.0124
-65.0124
-65.0124
-65.0124
-65.0124
-65.0124
-65.0124
-65.0124
-65.0124
-65.0124
-65.0124
-65.0124
-65.0124
-65.0124
-65.0123
-65.0123
-65.0123
-65.0123
-65.0123
-65.0123
-65.0123
-65.0123
-65.0123
-65.0123
-65.0123
-65.0123
-65.0123
-65.0123
-65.0123
-65.0123
-65.0123
-65.0123
-65.0123
-65.0123
-65.0123
-65.0123
-65.0123
-65.0123
-65.0123
-65.0123
-65.0123
-65.0123
-65.0123
-65.0123
-65.0123
-65.0123
-65.0123
-65.0123
-65.0123
-65.0123
-65.0123
-65.0123
-65.0123
-65.0123
-65.0123
-65.0123
-65.0123
-65.0123
-65.0123
-65.0123
-65.0123
-65.0123
-65.0123
-65.0123
-65.0123
-65.0123
-65.0123
-65.0123
-65.0123
-65.0123
-65.0123
-65.0123
-65.0123
-65.0123
-65.0123
-65.0123
-65.0123
-65.0123
-65.0123
-65.0123
-65.0123
-65.0123
-65.0123
-65.0123
-65.0123
-65.0123
-65.0123
-65.0123
-64.8272
-64.6749
-64.5616
-64.4807
-64.4179
-64.3677
-64.3273
-64.2951
-64.2696
-64.2499
-64.2351
-64.2244
-64.2173
-64.2132
-64.2117
-64.2125
-64.2152
-64.2195
-64.2252
-64.2321
-64.2401
-64.2489
-64.2584
-64.2685
-64.2792
-64.2902
-64.3016
-64.3133
-64.3251
-64.3371
-64.3491
-64.3613
-64.3734
-64.3855
-64.3716
-64.3208
-64.2901
-64.2697
-64.2579
-64.2507
-64.2471
-64.2463
-64.2479
-64.2513
-64.2563
-64.2626
-64.27
-64.2783
-64.2873
-64.297
-64.3072
-64.3177
-64.3243
-64.1327
-64.0007
-63.9041
-63.6391
-63.4471
-63.1348
-62.7409
-62.4167
-62.1798
-61.9072
-61.5961
-61.2917
-60.9709
-60.7429
-60.5729
-60.4486
-60.3255
-60.1922
-59.9198
-59.7373
-59.5591
-59.4287
-59.3405
-59.285
-59.2541
-59.2429
-59.2369
-59.2127
-59.2137
-59.2031
-59.2014
-59.219
-59.2072
-59.2184
-59.2095
-59.173
-59.1704
-59.1889
-59.2248
-59.272
-59.328
-59.3912
-59.4601
-59.4998
-59.5374
-59.5891
-59.651
-59.7201
-59.7749
-59.8049
-59.8526
-59.9101
-59.976
-60.0466
-60.1208
-60.1887
-60.2116
-60.2543
-60.307
-60.3618
-60.3838
-60.4232
-60.4719
-60.5289
-60.5907
-60.6558
-60.7235
-60.7931
-60.8212
-60.8483
-60.8323
-60.8399
-60.7999
-60.7489
-60.7306
-60.6671
-60.5344
-60.4602
-60.4199
-60.3106
-60.228
-60.1661
-60.0553
-59.8883
-59.7029
-59.4799
-59.3369
-59.2415
-59.136
-58.9423
-58.7575
-58.555
-58.362
-58.2397
-58.1649
-58.1266
-58.1142
-58.1228
-58.1488
-58.1892
-58.2362
-58.2409
-58.2483
-58.2649
-58.2773
-58.3149
-58.3679
-58.4336
-58.5083
-58.5899
-58.6772
-58.7691
-58.8647
-58.9631
-59.0637
-59.166
-59.2695
-59.3737
-59.4784
-59.5832
-59.6878
-59.7921
-59.8957
-59.9985
-60.1004
-60.2012
-60.3009
-60.3993
-60.4963
-60.5918
-60.6859
-60.7785
-60.8695
-60.9589
-61.0466
-61.1327
-61.2171
-61.2999
-61.381
-61.4604
-61.5382
-61.6144
-61.6889
-61.7618
-61.8331
-61.9028
-61.971
-62.0376
-62.1027
-62.1662
-62.2283
-62.289
-62.3482
-62.406
-62.4624
-62.5175
-62.5713
-62.6237
-62.6749
-62.7249
-62.7736
-62.8212
-62.8676
-62.9129
-62.957
-63.0001
-63.0421
-63.083
-63.1229
-63.1619
-63.1999
-63.1862
-63.0714
-62.9901
-62.9381
-62.9087
-62.8794
-62.7123
-62.5925
-62.5087
-62.4552
-62.4196
-62.3479
-62.2957
-62.2626
-62.2454
-62.1594
-61.8269
-61.5517
-61.2133
-60.8662
-60.5957
-60.4026
-60.2639
-60.1543
-59.8948
-59.6376
-59.4608
-59.3413
-59.2634
-59.1809
-59.0598
-58.9676
-58.8986
-58.8455
-58.8233
-58.8027
-58.783
-58.7888
-58.7745
-58.7815
-58.8074
-58.8493
-58.9026
-58.9647
-59.0339
-59.0676
-59.0294
-59.0318
-59.057
-59.0956
-59.1092
-59.145
-59.1943
-59.2554
-59.3197
-59.3162
-59.3407
-59.3814
-59.4091
-59.4411
-59.4883
-59.5469
-59.6137
-59.6861
-59.763
-59.8432
-59.9262
-60.0111
-60.0975
-60.185
-60.273
-60.3614
-60.4499
-60.5381
-60.626
-60.7133
-60.7998
-60.8855
-60.9701
-61.0538
-61.1363
-61.2148
-61.2125
-61.1708
-61.0932
-60.9681
-60.8607
-60.7648
-60.6288
-60.5032
-60.3888
-60.2235
-60.0713
-59.9751
-59.9171
-59.8191
-59.6143
-59.4846
-59.4032
-59.3606
-59.2885
-59.1746
-59.029
-58.8794
-58.7928
-58.7461
-58.7296
-58.7225
-58.7147
-58.7298
-58.7613
-58.8068
-58.8077
-58.7542
-58.7211
-58.683
-58.6817
-58.7033
-58.7428
-58.7948
-58.8567
-58.9266
-59.003
-59.0848
-59.1709
-59.2604
-59.3528
-59.4472
-59.5433
-59.6405
-59.7384
-59.8367
-59.9352
-60.0334
-60.1313
-60.2285
-60.3251
-60.4207
-60.5153
-60.6088
-60.7011
-60.7921
-60.8818
-60.97
-61.0568
-61.142
-61.2258
-61.308
-61.3887
-61.4678
-61.5453
-61.6213
-61.6958
-61.7687
-61.84
-61.9098
-61.9781
-62.0449
-62.1102
-62.174
-62.2363
-62.2972
-62.3567
-62.4148
-62.4716
-62.527
-62.581
-62.6338
-62.6854
-62.7357
-62.7848
-62.8327
-62.8794
-62.925
-62.9695
-63.0128
-63.0552
-63.0964
-63.1367
-63.1759
-63.2142
-63.2515
-63.2879
-63.3234
-63.358
-63.3917
-63.4246
-63.4567
-63.4879
-63.5184
-63.5482
-63.5772
-63.6054
-63.633
-63.6598
-63.686
-63.7116
-63.7365
-63.7608
-63.7844
-63.8075
-63.83
-63.7948
-63.7485
-63.6753
-63.4722
-63.3323
-63.1214
-62.9678
-62.8541
-62.7722
-62.6729
-62.5845
-62.5216
-62.478
-62.4492
-62.4316
-62.3177
-61.8301
-61.3782
-61.0525
-60.8238
-60.6355
-60.3476
-60.1417
-59.9347
-59.7533
-59.5612
-59.4213
-59.3252
-59.2649
-59.2305
-59.2167
-59.2202
-59.2316
-59.1887
-59.1623
-59.1208
-59.1133
-59.127
-59.1125
-59.0824
-59.0829
-59.1046
-59.1428
-59.1922
-59.2504
-59.2467
-59.1667
-59.1342
-59.1329
-59.1567
-59.1955
-59.2111
-59.2362
-59.2553
-59.2781
-59.3188
-59.3718
-59.3995
-59.4396
-59.4922
-59.5552
-59.6251
-59.7
-59.7788
-59.8606
-59.9447
-60.0305
-60.1177
-60.2056
-60.2941
-60.3828
-60.4714
-60.5597
-60.6475
-60.7348
-60.8212
-60.9067
-60.9912
-61.0746
-61.1363
-61.1672
-61.2129
-61.2656
-61.324
-61.3848
-61.4472
-61.5106
-61.5349
-61.5538
-61.5853
-61.6045
-61.5844
-61.5445
-61.5333
-61.5142
-61.4878
-61.4432
-61.3289
-61.1811
-61.0057
-60.8184
-60.6351
-60.4488
-60.2896
-60.098
-59.8978
-59.6795
-59.5368
-59.4417
-59.2752
-59.1122
-59.008
-58.9462
-58.9154
-58.9043
-58.8692

