-70
-70.0758
-70.1508
-70.225
-70.2983
-70.3706
-70.4419
-70.5122
-70.5814
-70.6496
-70.7168
-70.7829
-70.848
-70.9121
-70.9752
-71.0373
-71.0984
-71.1586
-71.2178
-71.2761
-71.3334
-71.3899
-71.4455
-71.5003
-71.5543
-71.6074
-71.6598
-71.7114
-71.7623
-71.8124
-71.8619
-71.9106
-71.9587
-72.006
-72.0527
-72.0988
-72.1442
-72.1889
-72.2331
-72.2766
-72.3196
-72.362
-72.4038
-72.445
-72.4857
-72.5258
-72.5654
-72.6045
-72.6431
-72.6812
-72.7188
-72.756
-72.7927
-72.8289
-72.8647
-72.9
-72.9349
-72.9694
-73.0035
-73.0371
-73.0704
-73.1032
-73.1357
-73.1678
-73.1994
-73.2307
-73.2617
-73.2922
-73.3224
-73.3523
-73.3817
-73.4109
-73.4397
-73.4682
-73.4963
-73.5241
-73.5516
-73.5788
-73.6057
-73.6323
-73.6585
-73.6845
-73.7102
-73.7356
-73.7608
-73.7857
-73.8103
-73.8346
-73.8587
-73.8825
-73.9061
-73.9294
-73.9524
-73.9753
-73.9979
-74.0202
-74.0423
-74.0642
-74.0859
-74.1073
-74.1285
-74.1495
-74.1703
-74.1909
-74.2112
-74.2313
-74.2513
-74.271
-74.2905
-74.3098
-74.329
-74.3479
-74.3666
-74.3852
-74.4036
-74.4217
-74.4397
-74.4575
-74.4752
-74.4926
-74.5099
-74.527
-74.544
-74.5607
-74.5774
-74.5938
-74.6101
-74.6262
-74.6422
-74.658
-74.6736
-74.6891
-74.7045
-74.7197
-74.7347
-74.7496
-74.7644
-74.779
-74.7935
-74.8079
-74.8221
-74.8362
-74.8501
-74.864
-74.8777
-74.8913
-74.9047
-74.918
-74.9313
-74.9443
-74.9573
-74.9701
-74.9829
-74.9955
-75.008
-75.0204
-75.0327
-75.0448
-75.0569
-75.0688
-75.0806
-75.0924
-75.104
-75.1155
-75.1269
-75.1382
-75.1495
-75.1606
-75.1716
-75.1825
-75.1933
-75.204
-75.2147
-75.2252
-75.2356
-75.246
-75.2562
-75.2664
-75.2764
-75.2864
-75.2963
-75.3061
-75.3158
-75.3255
-75.335
-75.3445
-75.3538
-75.3631
-75.3724
-75.3815
-75.3906
-75.3995
-75.4084
-75.4172
-75.426
-75.4346
-75.4432
-75.4518
-75.4602
-75.4686
-75.4769
-75.4851
-75.4932
-75.5013
-75.5093
-75.5173
-75.5251
-75.533
-75.5407
-75.5484
-75.556
-75.5635
-75.571
-75.5784
-75.5858
-75.593
-75.6003
-75.6074
-75.6145
-75.6216
-75.6285
-75.6355
-75.6423
-75.6491
-75.6559
-75.6626
-75.6692
-75.6758
-75.6823
-75.6888
-75.6952
-75.7015
-75.7078
-75.7141
-75.7203
-75.7264
-75.7325
-75.7386
-75.7446
-75.7505
-75.7564
-75.7622
-75.768
-75.7738
-75.7795
-75.7851
-75.7907
-75.7963
-75.8018
-75.8072
-75.8127
-75.818
-75.8234
-75.8287
-75.8339
-75.8391
-75.8443
-75.8494
-75.8545
-75.8595
-75.8645
-75.8695
-75.8744
-75.8793
-75.8841
-75.8889
-75.8937
-75.8984
-75.9031
-75.9077
-75.9123
-75.9169
-75.9214
-75.9259
-75.9304
-75.9348
-75.9392
-75.9436
-75.9479
-75.9522
-75.9565
-75.9607
-75.9649
-75.969
-75.9731
-75.9772
-75.9813
-75.9853
-75.9893
-75.9933
-75.9972
-76.0011
-76.005
-76.0088
-76.0126
-76.0164
-76.0201
-76.0239
-76.0275
-76.0312
-76.0348
-76.0384
-76.042
-76.0456
-76.0491
-76.0526
-76.056
-76.0595
-76.0629
-76.0663
-76.0696
-76.0729
-76.0762
-76.0795
-76.0828
-76.086
-76.0892
-76.0924
-76.0955
-76.0986
-76.1017
-76.1048
-76.1079
-76.1109
-76.1139
-76.1169
-76.1198
-76.1228
-76.1257
-76.1286
-76.1314
-76.1343
-76.1371
-76.1399
-76.1427
-76.1455
-76.1482
-76.1509
-76.1536
-76.1563
-76.1589
-76.1615
-76.1642
-76.1667
-76.1693
-76.1719
-76.1744
-76.1769
-76.1794
-76.1819
-76.1843
-76.1868
-76.1892
-76.1916
-76.1939
-76.1963
-76.1986
-76.201
-76.2033
-76.2056
-76.2078
-76.2101
-76.2123
-76.2145
-76.2167
-76.2189
-76.2211
-76.2232
-76.2254
-76.2275
-76.2296
-76.2317
-76.2337
-76.2358
-76.2378
-76.2398
-76.2418
-76.2438
-76.2458
-76.2478
-76.2497
-76.2516
-76.2536
-76.2554
-76.2573
-76.2592
-76.2611
-76.2629
-76.2647
-76.2665
-76.2683
-76.2701
-76.2719
-76.2737
-76.2754
-76.2771
-76.2788
-76.2806
-76.2822
-76.2839
-76.2856
-76.2872
-76.2889
-76.2905
-76.2921
-76.2937
-76.2953
-76.2969
-76.2985
-76.3
-76.3016
-76.3031
-76.3046
-76.3061
-76.3076
-76.3091
-76.3106
-76.312
-76.3135
-76.3149
-76.3164
-76.3178
-76.3192
-76.3206
-76.322
-76.3233
-76.3247
-76.3261
-76.3274
-76.3287
-76.33
-76.3314
-76.3327
-76.334
-76.3352
-76.3365
-76.3378
-76.339
-76.3403
-76.3415
-76.3427
-76.3439
-76.3452
-76.3464
-76.3475
-76.3487
-76.3499
-76.351
-76.3522
-76.3533
-76.3545
-76.3556
-76.3567
-76.3578
-76.3589
-76.36
-76.3611
-76.3622
-76.3632
-76.3643
-76.3654
-76.3664
-76.3674
-76.3685
-76.3695
-76.3705
-76.3715
-76.3725
-76.3735
-76.3745
-76.3754
-76.3764
-76.3774
-76.3783
-76.3793
-76.3802
-76.3811
-76.382
-76.383
-76.3839
-76.3848
-76.3857
-76.3866
-76.3874
-76.3883
-76.3892
-76.39
-76.3909
-76.3917
-76.3926
-76.3934
-76.3943
-76.3951
-76.3959
-76.3967
-76.3975
-76.3983
-76.3991
-76.3999
-76.4007
-76.4014
-76.4022
-76.403
-76.4037
-76.4045
-76.4052
-76.406
-76.4067
-76.4074
-76.4082
-76.4089
-76.4096
-76.4103
-76.411
-76.4117
-76.4124
-76.4131
-76.4137
-76.4144
-76.4151
-76.4158
-76.4164
-76.4171
-76.4177
-76.4184
-76.419
-76.4196
-76.4203
-76.4209
-76.4215
-76.4221
-76.4227
-76.4234
-76.424
-76.4246
-76.4251
-76.4257
-76.4263
-76.4269
-76.4163
-76.3736
-76.3366
-76.3077
-76.2849
-76.2401
-76.1814
-76.1414
-76.1147
-76.0963
-76.0835
-76.0745
-76.0681
-76.0636
-76.0559
-76.0487
-76.0438
-76.0407
-76.0388
-76.0357
-76.0319
-76.0295
-76.0282
-76.0277
-76.0277
-76.0282
-76.029
-76.03
-76.0313
-76.0328
-76.0344
-76.0362
-76.0382
-76.0402
-76.0423
-76.0446
-76.0469
-76.0493
-76.0518
-76.0543
-76.0569
-76.0595
-76.0622
-76.0649
-76.0677
-76.0705
-76.0733
-76.0762
-76.079
-76.0819
-76.0848
-76.0877
-76.0906
-76.0935
-76.0964
-76.0993
-76.1023
-76.1052
-76.1081
-76.111
-76.1138
-76.1167
-76.1196
-76.1224
-76.1253
-76.1281
-76.1309
-76.1222
-76.1116
-76.0903
-76.0694
-76.0558
-76.0471
-76.0415
-76.0377
-76.0325
-76.0287
-76.0265
-76.0233
-76.0211
-76.02
-76.0197
-76.0188
-76.0161
-76.0134
-76.0115
-76.0094
-76.0085
-76.0084
-76.0087
-76.0093
-76.0101
-76.0111
-76.0121
-76.0133
-76.0145
-76.0159
-76.0173
-76.0188
-76.0205
-76.0222
-76.024
-76.0259
-76.0279
-76.03
-76.0321
-76.0344
-76.0367
-76.039
-76.0415
-76.044
-76.0465
-76.0491
-76.0518
-76.0545
-76.0548
-76.0521
-76.0501
-76.049
-76.0485
-76.0485
-76.0489
-76.0497
-76.0508
-76.0521
-76.0536
-76.0553
-76.0571
-76.0591
-76.0612
-76.0635
-76.0658
-76.0682
-76.0706
-76.0731
-76.0757
-76.0783
-76.081
-76.0837
-76.0864
-76.0892
-76.092
-76.0948
-76.0976
-76.1004
-76.1032
-76.1061
-76.1089
-76.1117
-76.1145
-76.1174
-76.1202
-76.123
-76.1258
-76.1286
-76.1314
-76.1341
-76.1369
-76.1396
-76.1423
-76.1451
-76.1478
-76.1504
-76.1531
-76.1557
-76.1584
-76.161
-76.1636
-76.1661
-76.1687
-76.1712
-76.1738
-76.1763
-76.1787
-76.1812
-76.1837
-76.1861
-76.1885
-76.1758
-76.1612
-76.1499
-76.1411
-76.1344
-76.1292
-76.1254
-76.1128
-76.1006
-76.0913
-76.0775
-76.0665
-76.059
-76.0538
-76.0503
-76.0481
-76.0467
-76.0461
-76.0445
-76.0408
-76.0381
-76.0366
-76.035
-76.0316
-76.0293
-76.0281
-76.0276
-76.0277
-76.0282
-76.029
-76.0301
-76.0311
-76.0298
-76.0288
-76.0285
-76.0287
-76.0293
-76.0302
-76.0313
-76.0327
-76.0342
-76.0359
-76.0378
-76.0398
-76.0418
-76.044
-76.0463
-76.0486
-76.0511
-76.0536
-76.0561
-76.0587
-76.0614
-76.0641
-76.0668
-76.0696
-76.0724
-76.0753
-76.0781
-76.081
-76.0839
-76.0867
-76.0897
-76.0926
-76.0955
-76.0984
-76.1013
-76.1042
-76.1071
-76.11
-76.1129
-76.1157
-76.1186
-76.115
-76.1058
-76.0947
-76.0814
-76.0718
-76.065
-76.0603
-76.057
-76.0549
-76.0536
-76.053
-76.053
-76.0493
-76.0457
-76.0434
-76.042
-76.0393
-76.0358
-76.0336
-76.0323
-76.0301
-76.0274
-76.0249
-76.022
-76.0203
-76.0196
-76.0188
-76.0175
-76.0169
-76.0169
-76.0174
-76.0181
-76.0191
-76.0203
-76.0217
-76.0232
-76.0248
-76.0265
-76.0284
-76.0303
-76.0324
-76.0345
-76.0367
-76.039
-76.0414
-76.0439
-76.0459
-76.044
-76.0422
-76.0412
-76.0409
-76.041
-76.0415
-76.0424
-76.0436
-76.0449
-76.0465
-76.0482
-76.0501
-76.0521
-76.0542
-76.0565
-76.0588
-76.0612
-76.0637
-76.0662
-76.0688
-76.0714
-76.0741
-76.0769
-76.0796
-76.0824
-76.0852
-76.088
-76.0908
-76.0937
-76.0965
-76.0994
-76.1023
-76.1051
-76.108
-76.1109
-76.1137
-76.1166
-76.1194
-76.1222
-76.1251
-76.1279
-76.1307
-76.1334
-76.1362
-76.139
-76.1417
-76.1444
-76.1471
-76.1498
-76.1525
-76.1551
-76.1578
-76.1604
-76.163
-76.1656
-76.1681
-76.1707
-76.1732
-76.1757
-76.1782
-76.1807
-76.1831
-76.1856
-76.188
-76.1904
-76.1928
-76.1951
-76.1975
-76.1998
-76.2021
-76.2044
-76.2067
-76.2089
-76.2112
-76.2134
-76.2156
-76.2178
-76.22
-76.2221
-76.2243
-76.2264
-76.2285
-76.2269
-76.2078
-76.1905
-76.177
-76.1665
-76.1583
-76.1424
-76.1221
-76.0986
-76.0816
-76.0665
-76.0534
-76.0447
-76.0359
-76.0298
-76.0263
-76.0243
-76.0233
-76.023
-76.0232
-76.0228
-76.0216
-76.021
-76.021
-76.0215
-76.0222
-76.0233
-76.0245
-76.0259
-76.0275
-76.0292
-76.031
-76.033
-76.035
-76.0372
-76.0394
-76.0417
-76.0441
-76.0465
-76.0491
-76.0516
-76.0543
-76.0569
-76.0597
-76.0624
-76.0652
-76.068
-76.0709
-76.0737
-76.0766
-76.0795
-76.0824
-76.0853
-76.0883
-76.0912
-76.0941
-76.0971
-76.1
-76.1029
-76.1058
-76.1087
-76.1116
-76.1145
-76.1174
-76.1203
-76.1231
-76.126
-76.1288
-76.1316
-76.1344
-76.1372
-76.1399
-76.1427
-76.1454
-76.1481
-76.1508
-76.1535
-76.1561
-76.1587
-76.1614
-76.164

