-70
-69.8623
-69.7285
-69.5983
-69.4718
-69.3487
-69.2291
-69.1128
-68.9997
-68.8897
-68.7828
-68.6789
-68.5778
-68.4795
-68.3839
-68.291
-68.2007
-68.1128
-68.0274
-67.9443
-67.8636
-67.7851
-67.7087
-67.6345
-67.5623
-67.4921
-67.4238
-67.3574
-67.2929
-67.2301
-67.1691
-67.1098
-67.0521
-66.996
-66.9414
-66.8884
-66.8368
-66.7866
-66.7378
-66.6904
-66.6443
-66.5994
-66.5558
-66.5133
-66.4721
-66.432
-66.393
-66.355
-66.3181
-66.2823
-66.2474
-66.2134
-66.1805
-66.1484
-66.1172
-66.0868
-66.0573
-66.0286
-66.0007
-65.9736
-65.9472
-65.9215
-65.8966
-65.8723
-65.8487
-65.8257
-65.8034
-65.7817
-65.7606
-65.74
-65.72
-65.7006
-65.6817
-65.6633
-65.6455
-65.6281
-65.6112
-65.5948
-65.5788
-65.5632
-65.5481
-65.5334
-65.5191
-65.5052
-65.4917
-65.4785
-65.4657
-65.4533
-65.4412
-65.4294
-65.418
-65.4068
-65.396
-65.3855
-65.3752
-65.3653
-65.3556
-65.3462
-65.337
-65.3281
-65.3194
-65.311
-65.3028
-65.2948
-65.2871
-65.2795
-65.2722
-65.2651
-65.2581
-65.2514
-65.2448
-65.2385
-65.2322
-65.2262
-65.2203
-65.2146
-65.2091
-65.2037
-65.1984
-65.1933
-65.1884
-65.1835
-65.1788
-65.1743
-65.1698
-65.1655
-65.1613
-65.1572
-65.1532
-65.1493
-65.1456
-65.1419
-65.1384
-65.1349
-65.1315
-65.1283
-65.1251
-65.122
-65.119
-65.1161
-65.1132
-65.1104
-65.1077
-65.1051
-65.1026
-65.1001
-65.0977
-65.0953
-65.0931
-65.0908
-65.0887
-65.0866
-65.0845
-65.0826
-65.0806
-65.0788
-65.0769
-65.0752
-65.0734
-65.0718
-65.0701
-65.0685
-65.067
-65.0655
-65.064
-65.0626
-65.0612
-65.0599
-65.0586
-65.0573
-65.0561
-65.0549
-65.0537
-65.0526
-65.0514
-65.0504
-65.0493
-65.0483
-65.0473
-65.0464
-65.0454
-65.0445
-65.0436
-65.0428
-65.0419
-65.0411
-65.0403
-65.0395
-65.0388
-65.0381
-65.0374
-65.0367
-65.036
-65.0353
-65.0347
-65.0341
-65.0335
-65.0329
-65.0323
-65.0318
-65.0313
-65.0307
-65.0302
-65.0297
-65.0293
-65.0288
-65.0283
-65.0279
-65.0275
-65.027
-65.0266
-65.0262
-65.0259
-65.0255
-65.0251
-65.0248
-65.0244
-65.0241
-65.0238
-65.0234
-65.0231
-65.0228
-65.0225
-65.0223
-65.022
-65.0217
-65.0215
-65.0212
-65.021
-65.0207
-65.0205
-65.0203
-65.02
-65.0198
-65.0196
-65.0194
-65.0192
-65.019
-65.0188
-65.0187
-65.0185
-65.0183
-65.0181
-65.018
-65.0178
-65.0177
-65.0175
-65.0174
-65.0172
-65.0171
-65.017
-65.0168
-65.0167
-65.0166
-65.0165
-65.0163
-65.0162
-65.0161
-65.016
-65.0159
-65.0158
-65.0157
-65.0156
-65.0155
-65.0154
-65.0153
-65.0153
-65.0152
-65.0151
-65.015
-65.0149
-65.0149
-65.0148
-65.0147
-65.0147
-65.0146
-65.0145
-65.0145
-65.0144
-65.0143
-65.0143
-65.0142
-65.0142
-65.0141
-65.0141
-65.014
-65.014
-65.0139
-65.0139
-65.0138
-65.0138
-65.0137
-65.0137
-65.0137
-65.0136
-65.0136
-65.0135
-65.0135
-65.0135
-65.0134
-65.0134
-65.0134
-65.0133
-65.0133
-65.0133
-65.0133
-65.0132
-65.0132
-65.0132
-65.0131
-65.0131
-65.0131
-65.0131
-65.0131
-65.013
-65.013
-65.013
-65.013
-65.0129
-65.0129
-65.0129
-65.0129
-65.0129
-65.0129
-65.0128
-65.0128
-65.0128
-65.0128
-65.0128
-65.0128
-65.0127
-65.0127
-65.0127
-65.0127
-65.0127
-65.0127
-65.0127
-65.0127
-65.0126
-65.0126
-65.0126
-65.0126
-65.0126
-65.0126
-65.0126
-65.0126
-65.0126
-65.0126
-65.0125
-65.0125
-65.0125
-65.0125
-65.0125
-65.0125
-65.0125
-65.0125
-65.0125
-65.0125
-65.0125
-65.0125
-65.0125
-65.0124
-65.0124
-65.0124
-65.0124
-65.0124
-65.0124
-65.0124
-65.0124
-65.0124
-65.0124
-65.0124
-65.0124
-65.0124
-65.0124
-65.0124
-65.0124
-65.0124
-65.0124
-65.0124
-65.0124
-65.0124
-65.0124
-65.0124
-65.0123
-65.0123
-65.0123
-65.0123
-65.0123
-65.0123
-65.0123
-65.0123
-65.0123
-65.0123
-65.0123
-65.0123
-65.0123
-65.0123
-65.0123
-65.0123
-65.0123
-65.0123
-65.0123
-65.0123
-65.0123
-65.0123
-65.0123
-65.0123
-65.0123
-65.0123
-65.0123
-65.0123
-65.0123
-65.0123
-65.0123
-65.0123
-65.0123
-65.0123
-65.0123
-65.0123
-65.0123
-65.0123
-65.0123
-65.0123
-65.0123
-65.0123
-65.0123
-65.0123
-65.0123
-65.0123
-65.0123
-65.0123
-65.0123
-65.0123
-65.0123
-65.0123
-65.0123
-65.0123
-65.0123
-65.0123
-65.0123
-65.0123
-65.0123
-65.0123
-65.0123
-65.0123
-65.0123
-65.0123
-65.0123
-65.0123
-65.0123
-65.0123
-65.0123
-65.0123
-65.0123
-65.0123
-65.0123
-65.0123
-64.8272
-64.6749
-64.5616
-64.4807
-64.4179
-64.3677
-64.3273
-64.2951
-64.2696
-64.2499
-64.2351
-64.2244
-64.2173
-64.2132
-64.2117
-64.2125
-64.2152
-64.2195
-64.2252
-64.2321
-64.2401
-64.2489
-64.2584
-64.2685
-64.2792
-64.2902
-64.3016
-64.3133
-64.3251
-64.3371
-64.3491
-64.3613
-64.3734
-64.3855
-64.3197
-64.1436
-64.0281
-63.9438
-63.8854
-63.8412
-63.8079
-63.7833
-63.7658
-63.7543
-63.7479
-63.7457
-63.7472
-63.7518
-63.7589
-63.7682
-63.7795
-63.7922
-63.8063
-63.4894
-63.2668
-63.0222
-61.9467
-61.1031
-60.3011
-59.6716
-59.1402
-58.1033
-57.2761
-56.5655
-56.0035
-55.4597
-55.0575
-54.748
-54.3134
-53.9106
-53.6101
-53.1973
-52.9034
-52.5519
-52.2699
-52.0368
-51.8623
-51.7374
-51.6522
-51.5938
-51.4665
-51.3403
-51.2049
-51.0852
-51.0014
-50.926
-50.8797
-50.8463
-50.8226
-50.8286
-50.8166
-50.7879
-50.7894
-50.7791
-50.8035
-50.8505
-50.9154
-50.9107
-50.9422
-50.9987
-51.0784
-51.1463
-51.2218
-51.2796
-51.3266
-51.3827
-51.4328
-51.5065
-51.5943
-51.6598
-51.7526
-51.8631
-51.9616
-52.059
-52.1766
-52.2692
-52.3836
-52.5135
-52.6571
-52.7651
-52.8872
-53.0244
-53.132
-53.2544
-53.3456
-53.4203
-53.4443
-53.4103
-53.3151
-53.1628
-52.9803
-52.8794
-52.8288
-52.6638
-52.4988
-52.24
-51.9212
-51.5523
-51.1887
-50.8122
-50.2218
-49.5619
-48.8626
-48.1737
-47.5807
-47.0109
-46.3882
-45.6744
-44.7633
-43.3605
-40.7662
-30.8007
41.7363
-2.56798
-35.4816
-54.7137
-59.8277
-61.2062
-61.6036
-61.6733
-61.6197
-61.5257
-61.4262
-61.3355
-61.2585
-61.1962
-61.148
-61.1126
-61.0886
-61.0745
-61.0691
-61.0713
-61.0801
-61.0946
-61.114
-61.1378
-61.1653
-61.1961
-61.2296
-61.2654
-61.3032
-61.3426
-61.3834
-61.4254
-61.4683
-61.5119
-61.556
-61.6006
-61.6455
-61.6904
-61.7355
-61.7804
-61.8252
-61.8697
-61.9139
-61.9578
-62.0012
-62.0442
-62.0867
-62.1287
-62.1701
-62.2109
-62.2511
-62.2907
-62.3297
-62.3681
-62.4057
-62.4428
-62.4792
-62.5149
-62.55
-62.5844
-62.6182
-62.6513
-62.6838
-62.7156
-62.7469
-62.7775
-62.8075
-62.8369
-62.8657
-62.8939
-62.9215
-62.9486
-62.9281
-62.7876
-62.7013
-62.6416
-62.6048
-62.5315
-62.2506
-62.0493
-61.9031
-61.8022
-61.6925
-61.3519
-60.9922
-60.6336
-60.3386
-59.8841
-59.2662
-58.2957
-57.4377
-56.5503
-55.8487
-55.3177
-54.7734
-54.3586
-53.8309
-53.379
-53.0447
-52.7871
-52.5765
-52.3754
-52.1711
-52.0319
-51.9389
-51.8851
-51.8247
-51.7468
-51.6264
-51.5187
-51.4085
-51.3431
-51.2681
-51.2146
-51.139
-51.1081
-51.1092
-51.1384
-51.1888
-51.2148
-51.2035
-51.2194
-51.2659
-51.3356
-51.3286
-51.349
-51.3935
-51.3972
-51.3638
-51.3352
-51.3381
-51.377
-51.4417
-51.4958
-51.5603
-51.6119
-51.6904
-51.7893
-51.9057
-52.0354
-52.1763
-52.3271
-52.4866
-52.6537
-52.7907
-52.9334
-53.0889
-53.2547
-53.4274
-53.5409
-53.6204
-53.7212
-53.8205
-53.8978
-53.9309
-53.9095
-53.9016
-53.94
-53.9934
-53.9538
-53.8626
-53.7436
-53.5592
-53.3365
-53.1681
-53.0761
-52.852
-52.4884
-52.1293
-51.8455
-51.5513
-51.3048
-50.8657
-50.4005
-49.9877
-49.4741
-48.9926
-48.5942
-48.1902
-47.7831
-47.3862
-46.9745
-46.4789
-45.879
-45.1241
-43.967
-41.9823
-36.8
30.2703
13.9717
-26.1044
-52.5786
-60.8048
-62.9937
-63.6255
-63.7498
-63.6856
-63.5682
-63.4409
-63.3208
-63.2132
-63.1196
-63.0394
-62.9717
-62.915
-62.868
-62.8298
-62.799
-62.775
-62.7568
-62.7437
-62.7351
-62.7305
-62.7294
-62.7313
-62.7359
-62.7428
-62.7518
-62.7626
-62.775
-62.7888
-62.8037
-62.8197
-62.8365
-62.8541
-62.8723
-62.8911
-62.9103
-62.9298
-62.9495
-62.9695
-62.9896
-63.0098
-63.03
-63.0503
-63.0704
-63.0905
-63.1105
-63.1303
-63.15
-63.1695
-63.1888
-63.2079
-63.2268
-63.2454
-63.2638
-63.2819
-63.2998
-63.3175
-63.3348
-63.352
-63.3688
-63.3854
-63.4017
-63.4177
-63.4335
-63.449
-63.4643
-63.4793
-63.494
-63.5085
-63.5227
-63.5367
-63.5505
-63.564
-63.5772
-63.5903
-63.6031
-63.6157
-63.628
-63.6402
-63.6521
-63.6639
-63.6754
-63.6867
-63.694
-63.4361
-63.0641
-62.7886
-62.425
-62.0616
-61.7958
-61.5958
-61.407
-61.106
-60.8079
-60.3833
-60.0616
-59.8246
-59.4839
-58.1402
-56.9593
-56.1171
-55.5154
-55.0602
-54.6183
-54.2709
-53.8609
-53.5576
-53.3238
-53.0549
-52.82
-52.6258
-52.48
-52.3851
-52.3292
-52.2401
-52.1122
-51.9916
-51.7674
-51.5889
-51.4762
-51.415
-51.3879
-51.3231
-51.234
-51.0681
-50.9759
-50.928
-50.8586
-50.7508
-50.6834
-50.6533
-50.6194
-50.6198
-50.636
-50.6257
-50.6321
-50.6672
-50.7066
-50.7481
-50.7882
-50.8467
-50.9275
-51.0271
-51.1417
-51.2694
-51.4088
-51.5591
-51.7188
-51.8865
-52.0615
-52.2428
-52.4296
-52.6215
-52.8175
-53.0165
-53.2178
-53.4208
-53.6252
-53.8276
-53.9857
-54.1158
-54.2336
-54.2485
-54.2413
-54.2862
-54.3641
-54.4652
-54.5806
-54.707
-54.8422
-54.9842
-55.1318
-55.2838
-55.4088
-55.508
-55.5986
-55.6902
-55.7165
-55.6172
-55.5024
-55.4086
-55.25
-55.0207
-54.7059
-54.3141
-53.7615
-53.1515
-52.6466
-52.2612
-51.7424
-51.1101
-50.5818
-50.1455
-49.8062
-49.5262
-49.2881
-49.0512
-48.7701

