-70
-70.0758
-70.1508
-70.225
-70.2983
-70.3706
-70.4419
-70.5122
-70.5814
-70.6496
-70.7168
-70.7829
-70.848
-70.9121
-70.9752
-71.0373
-71.0984
-71.1586
-71.2178
-71.2761
-71.3334
-71.3899
-71.4455
-71.5003
-71.5543
-71.6074
-71.6598
-71.7114
-71.7623
-71.8124
-71.8619
-71.9106
-71.9587
-72.006
-72.0527
-72.0988
-72.1442
-72.1889
-72.2331
-72.2766
-72.3196
-72.362
-72.4038
-72.445
-72.4857
-72.5258
-72.5654
-72.6045
-72.6431
-72.6812
-72.7188
-72.756
-72.7927
-72.8289
-72.8647
-72.9
-72.9349
-72.9694
-73.0035
-73.0371
-73.0704
-73.1032
-73.1357
-73.1678
-73.1994
-73.2307
-73.2617
-73.2922
-73.3224
-73.3523
-73.3817
-73.4109
-73.4397
-73.4682
-73.4963
-73.5241
-73.5516
-73.5788
-73.6057
-73.6323
-73.6585
-73.6845
-73.7102
-73.7356
-73.7608
-73.7857
-73.8103
-73.8346
-73.8587
-73.8825
-73.9061
-73.9294
-73.9524
-73.9753
-73.9979
-74.0202
-74.0423
-74.0642
-74.0859
-74.1073
-74.1285
-74.1495
-74.1703
-74.1909
-74.2112
-74.2313
-74.2513
-74.271
-74.2905
-74.3098
-74.329
-74.3479
-74.3666
-74.3852
-74.4036
-74.4217
-74.4397
-74.4575
-74.4752
-74.4926
-74.5099
-74.527
-74.544
-74.5607
-74.5774
-74.5938
-74.6101
-74.6262
-74.6422
-74.658
-74.6736
-74.6891
-74.7045
-74.7197
-74.7347
-74.7496
-74.7644
-74.779
-74.7935
-74.8079
-74.8221
-74.8362
-74.8501
-74.864
-74.8777
-74.8913
-74.9047
-74.918
-74.9313
-74.9443
-74.9573
-74.9701
-74.9829
-74.9955
-75.008
-75.0204
-75.0327
-75.0448
-75.0569
-75.0688
-75.0806
-75.0924
-75.104
-75.1155
-75.1269
-75.1382
-75.1495
-75.1606
-75.1716
-75.1825
-75.1933
-75.204
-75.2147
-75.2252
-75.2356
-75.246
-75.2562
-75.2664
-75.2764
-75.2864
-75.2963
-75.3061
-75.3158
-75.3255
-75.335
-75.3445
-75.3538
-75.3631
-75.3724
-75.3815
-75.3906
-75.3995
-75.4084
-75.4172
-75.426
-75.4346
-75.4432
-75.4518
-75.4602
-75.4686
-75.4769
-75.4851
-75.4932
-75.5013
-75.5093
-75.5173
-75.5251
-75.533
-75.5407
-75.5484
-75.556
-75.5635
-75.571
-75.5784
-75.5858
-75.593
-75.6003
-75.6074
-75.6145
-75.6216
-75.6285
-75.6355
-75.6423
-75.6491
-75.6559
-75.6626
-75.6692
-75.6758
-75.6823
-75.6888
-75.6952
-75.7015
-75.7078
-75.7141
-75.7203
-75.7264
-75.7325
-75.7386
-75.7446
-75.7505
-75.7564
-75.7622
-75.768
-75.7738
-75.7795
-75.7851
-75.7907
-75.7963
-75.8018
-75.8072
-75.8127
-75.818
-75.8234
-75.8287
-75.8339
-75.8391
-75.8443
-75.8494
-75.8545
-75.8595
-75.8645
-75.8695
-75.8744
-75.8793
-75.8841
-75.8889
-75.8937
-75.8984
-75.9031
-75.9077
-75.9123
-75.9169
-75.9214
-75.9259
-75.9304
-75.9348
-75.9392
-75.9436
-75.9479
-75.9522
-75.9565
-75.9607
-75.9649
-75.969
-75.9731
-75.9772
-75.9813
-75.9853
-75.9893
-75.9933
-75.9972
-76.0011
-76.005
-76.0088
-76.0126
-76.0164
-76.0201
-76.0239
-76.0275
-76.0312
-76.0348
-76.0384
-76.042
-76.0456
-76.0491
-76.0526
-76.056
-76.0595
-76.0629
-76.0663
-76.0696
-76.0729
-76.0762
-76.0795
-76.0828
-76.086
-76.0892
-76.0924
-76.0955
-76.0986
-76.1017
-76.1048
-76.1079
-76.1109
-76.1139
-76.1169
-76.1198
-76.1228
-76.1257
-76.1286
-76.1314
-76.1343
-76.1371
-76.1399
-76.1427
-76.1455
-76.1482
-76.1509
-76.1536
-76.1563
-76.1589
-76.1615
-76.1642
-76.1667
-76.1693
-76.1719
-76.1744
-76.1769
-76.1794
-76.1819
-76.1843
-76.1868
-76.1892
-76.1916
-76.1939
-76.1963
-76.1986
-76.201
-76.2033
-76.2056
-76.2078
-76.2101
-76.2123
-76.2145
-76.2167
-76.2189
-76.2211
-76.2232
-76.2254
-76.2275
-76.2296
-76.2317
-76.2337
-76.2358
-76.2378
-76.2398
-76.2418
-76.2438
-76.2458
-76.2478
-76.2497
-76.2516
-76.2536
-76.2554
-76.2573
-76.2592
-76.2611
-76.2629
-76.2647
-76.2665
-76.2683
-76.2701
-76.2719
-76.2737
-76.2754
-76.2771
-76.2788
-76.2806
-76.2822
-76.2839
-76.2856
-76.2872
-76.2889
-76.2905
-76.2921
-76.2937
-76.2953
-76.2969
-76.2985
-76.3
-76.3016
-76.3031
-76.3046
-76.3061
-76.3076
-76.3091
-76.3106
-76.312
-76.3135
-76.3149
-76.3164
-76.3178
-76.3192
-76.3206
-76.322
-76.3233
-76.3247
-76.3261
-76.3274
-76.3287
-76.33
-76.3314
-76.3327
-76.334
-76.3352
-76.3365
-76.3378
-76.339
-76.3403
-76.3415
-76.3427
-76.3439
-76.3452
-76.3464
-76.3475
-76.3487
-76.3499
-76.351
-76.3522
-76.3533
-76.3545
-76.3556
-76.3567
-76.3578
-76.3589
-76.36
-76.3611
-76.3622
-76.3632
-76.3643
-76.3654
-76.3664
-76.3674
-76.3685
-76.3695
-76.3705
-76.3715
-76.3725
-76.3735
-76.3745
-76.3754
-76.3764
-76.3774
-76.3783
-76.3793
-76.3802
-76.3811
-76.382
-76.383
-76.3839
-76.3848
-76.3857
-76.3866
-76.3874
-76.3883
-76.3892
-76.39
-76.3909
-76.3917
-76.3926
-76.3934
-76.3943
-76.3951
-76.3959
-76.3967
-76.3975
-76.3983
-76.3991
-76.3999
-76.4007
-76.4014
-76.4022
-76.403
-76.4037
-76.4045
-76.4052
-76.406
-75.2607
-70.9439
-67.3697
-64.6701
-62.5566
-60.7809
-59.0723
-56.9387
-51.9103
39.4016
-12.6824
-45.0732
-78.6373
-78.9118
-78.783
-78.6368
-78.4771
-78.304
-78.1179
-77.9195
-77.6101
-75.321
-73.6179
-72.559
-71.7767
-71.1299
-70.5619
-70.0487
-69.5796
-69.3222
-69.5817
-69.7714
-69.8699
-69.9147
-69.9284
-69.9249
-69.9129
-69.898
-67.9233
-65.9187
-64.7594
-63.9995
-63.4824
-63.1231
-62.9982
-64.0405
-64.9884
-65.6777
-66.19
-66.5813
-66.8883
-67.1358
-67.3408
-67.5151
-67.6667
-67.8014
-67.9235
-68.0362
-68.1417
-68.2418
-68.3378
-68.4307
-68.5212
-68.6098
-68.6969
-68.7828
-68.8677
-68.9517
-69.0349
-69.1174
-69.1992
-69.2804
-69.361
-69.441
-69.5203
-66.697
-63.6851
-61.3643
-59.4264
-57.4753
-54.5832
-34.9179
7.51581
-28.8003
-74.108
-79.5813
-79.2352
-78.2543
-77.8876
-77.6388
-77.386
-77.1199
-76.8409
-76.551
-76.2528
-75.4849
-72.8231
-70.795
-69.4033
-68.6523
-68.4559
-68.2751
-68.0866
-67.903
-67.7315
-67.5757
-67.4377
-67.5967
-68.2598
-68.7842
-69.1686
-69.4577
-69.6809
-70.1535
-71.2966
-72.1541
-72.7249
-73.1176
-73.5654
-73.9742
-74.2518
-74.4436
-74.5804
-74.6808
-74.7567
-74.8154
-74.8619
-74.8997
-74.931
-74.9574
-74.9803
-75.0003
-75.0182
-75.0345
-75.0495
-75.0635
-75.0767
-75.0892
-75.1012
-75.1129
-75.1242
-75.1352
-75.1461
-75.1567
-75.1673
-75.1777
-75.1879
-75.1981
-75.2083
-75.2183
-75.2283
-75.2382
-75.248
-75.2578
-75.2676
-75.2772
-75.2868
-75.2964
-75.3059
-75.3153
-75.3247
-75.334
-75.3433
-75.3525
-75.3616
-75.3707
-75.3797
-75.3887
-75.3975
-75.4063
-75.4151
-75.4237
-75.4324
-75.4409
-75.4494
-75.4578
-72.2552
-68.3178
-65.3211
-63.0137
-61.1276
-59.3915
-57.3823
-53.5039
46.2442
-5.61476
-36.8903
-78.4446
-79.7292
-79.7138
-79.2139
-77.9229
-77.4302
-77.1226
-76.8255
-76.5193
-76.2027
-75.8779
-75.5478
-74.5365
-71.848
-69.8246
-68.4013
-67.3279
-66.4769
-65.7789
-65.1932
-64.6948
-64.4191
-63.2924
-62.3768
-61.7046
-61.1809
-60.7519
-60.3821
-60.0454
-59.7268
-59.41
-58.6284
-58.1915
-57.9457
-57.6364
-57.2188
-56.5782
-55.4456
-54.9957
-54.2464
-50.976
41.6786
-14.1593
-46.7466
-78.8323
-79.639
-79.6219
-79.5771
-79.5266
-79.4715
-79.4121
-79.3487
-79.2815
-79.2111
-79.1381
-79.0632
-78.9872
-78.9108
-78.8349
-78.76
-78.687
-78.6163
-78.5484
-78.4837
-78.4224
-78.3646
-78.3104
-78.2598
-76.5823
-72.0537
-68.4328
-65.7138
-63.6143
-61.9155
-60.4225
-58.9085
-56.9316
-52.2644
41.2663
-11.4437
-43.2735
-79.1587
-78.9782
-78.6001
-78.4177
-78.2335
-78.0352
-77.8226
-77.5965
-77.3582
-77.1098
-76.8534
-75.306
-72.6165
-70.7704
-69.481
-68.6644
-68.4934
-68.3544
-68.1941
-68.0305
-67.8734
-67.7283
-67.5982
-65.4744
-63.268
-61.6099
-60.2708
-59.0461
-58.6153
-59.078
-59.6004
-60.1235
-60.624
-61.0952
-61.5292
-61.9271
-62.8429
-64.354
-65.5623
-66.4872
-67.6773
-68.9837
-69.9328
-70.6206
-71.1313
-71.5192
-71.8198
-72.0573
-72.2483
-72.4045
-72.5342
-72.6436
-72.7372
-72.8184
-72.8897
-72.9819
-73.3216
-73.6286
-73.8667
-74.0544
-74.2047
-74.3268
-74.4273
-74.5112
-74.5819
-74.6422
-74.6941
-74.7393
-74.779
-74.8142
-74.8457
-74.8741
-74.9
-74.9236
-74.9454
-74.9657
-74.9847
-75.0026
-75.0194
-75.0355
-75.0508
-75.0656
-75.0797
-75.0934
-75.1067
-75.1196
-75.1322
-75.1445
-75.1565
-75.1683
-75.1799
-75.1912
-75.2024
-75.2135
-75.2243
-75.235
-75.2456
-75.2561
-75.2664
-75.2766
-75.2867
-75.2967
-75.3066
-75.3164
-75.326
-75.3356
-75.3451
-75.3545
-75.3639
-75.3731
-75.3822
-75.3913
-75.4003
-75.4092
-75.418
-71.7895
-67.9398
-65.0264
-62.773
-60.9126
-59.1659
-57.0604
-52.4759
42.3861
-10.6483
-42.1944
-78.6669
-78.8618
-78.69
-78.5323
-78.3612
-78.176
-77.9771
-77.7653
-77.5419
-76.8381
-74.382
-72.6688
-71.5499
-70.7093
-70.0196
-69.4243
-69.3436
-69.4202
-69.335
-67.2795
-65.3722
-64.0334
-63.0544
-62.3045
-61.7044
-61.2022
-61.123
-62.1578
-63.111
-63.8651
-64.4635
-64.9436
-65.3354
-65.5175
-64.4171
-63.4893
-62.8843
-62.4783
-62.2014
-62.014
-61.8917
-61.818
-61.7824
-61.7782
-61.8008
-61.8466
-61.9132
-61.9982
-62.0991
-62.2139
-62.3412
-62.4797
-62.6281
-62.7853
-62.9503
-63.122
-63.2985
-63.4784
-63.661
-63.8456
-64.0314
-64.218
-64.4043
-64.5895
-64.7732
-64.9552
-65.1352
-65.313
-65.4882
-65.6604
-65.8296
-65.9956
-66.1585
-66.3184
-66.4751
-66.6285
-66.7786
-66.9254
-67.069
-67.2095
-67.347
-65.7526
-62.855
-60.5467
-58.5959
-56.5554
-53.1897
9.86575
-3.60523
-35.5301
-77.2159
-78.729
-78.4464
-78.2561
-78.0573
-77.844
-77.6163
-77.3754
-77.1232

