-70
-70.0758
-70.1508
-70.225
-70.2983
-70.3706
-70.4419
-70.5122
-70.5814
-70.6496
-70.7168
-70.7829
-70.848
-70.9121
-70.9752
-71.0373
-71.0984
-71.1586
-71.2178
-71.2761
-71.3334
-71.3899
-71.4455
-71.5003
-71.5543
-71.6074
-71.6598
-71.7114
-71.7623
-71.8124
-71.8619
-71.9106
-71.9587
-72.006
-72.0527
-72.0988
-72.1442
-72.1889
-72.2331
-72.2766
-72.3196
-72.362
-72.4038
-72.445
-72.4857
-72.5258
-72.5654
-72.6045
-72.6431
-72.6812
-72.7188
-72.756
-72.7927
-72.8289
-72.8647
-72.9
-72.9349
-72.9694
-73.0035
-73.0371
-73.0704
-73.1032
-73.1357
-73.1678
-73.1994
-73.2307
-73.2617
-73.2922
-73.3224
-73.3523
-73.3817
-73.4109
-73.4397
-73.4682
-73.4963
-73.5241
-73.5516
-73.5788
-73.6057
-73.6323
-73.6585
-73.6845
-73.7102
-73.7356
-73.7608
-73.7857
-73.8103
-73.8346
-73.8587
-73.8825
-73.9061
-73.9294
-73.9524
-73.9753
-73.9979
-74.0202
-74.0423
-74.0642
-74.0859
-74.1073
-74.1285
-74.1495
-74.1703
-74.1909
-74.2112
-74.2313
-74.2513
-74.271
-74.2905
-74.3098
-74.329
-74.3479
-74.3666
-74.3852
-74.4036
-74.4217
-74.4397
-74.4575
-74.4752
-74.4926
-74.5099
-74.527
-74.544
-74.5607
-74.5774
-74.5938
-74.6101
-74.6262
-74.6422
-74.658
-74.6736
-74.6891
-74.7045
-74.7197
-74.7347
-74.7496
-74.7644
-74.779
-74.7935
-74.8079
-74.8221
-74.8362
-74.8501
-74.864
-74.8777
-74.8913
-74.9047
-74.918
-74.9313
-74.9443
-74.9573
-74.9701
-74.9829
-74.9955
-75.008
-75.0204
-75.0327
-75.0448
-75.0569
-75.0688
-75.0806
-75.0924
-75.104
-75.1155
-75.1269
-75.1382
-75.1495
-75.1606
-75.1716
-75.1825
-75.1933
-75.204
-75.2147
-75.2252
-75.2356
-75.246
-75.2562
-75.2664
-75.2764
-75.2864
-75.2963
-75.3061
-75.3158
-75.3255
-75.335
-75.3445
-75.3538
-75.3631
-75.3724
-75.3815
-75.3906
-75.3995
-75.4084
-75.4172
-75.426
-75.4346
-75.4432
-75.4518
-75.4602
-75.4686
-75.4769
-75.4851
-75.4932
-75.5013
-75.5093
-75.5173
-75.5251
-75.533
-75.5407
-75.5484
-75.556
-75.5635
-75.571
-75.5784
-75.5858
-75.593
-75.6003
-75.6074
-75.6145
-75.6216
-75.6285
-75.6355
-75.6423
-75.6491
-75.6559
-75.6626
-75.6692
-75.6758
-75.6823
-75.6888
-75.6952
-75.7015
-75.7078
-75.7141
-75.7203
-75.7264
-75.7325
-75.7386
-75.7446
-75.7505
-75.7564
-75.7622
-75.768
-75.7738
-75.7795
-75.7851
-75.7907
-75.7963
-75.8018
-75.8072
-75.8127
-75.818
-75.8234
-75.8287
-75.8339
-75.8391
-75.8443
-75.8494
-75.8545
-75.8595
-75.8645
-75.8695
-75.8744
-75.8793
-75.8841
-75.8889
-75.8937
-75.8984
-75.9031
-75.9077
-75.9123
-75.9169
-75.9214
-75.9259
-75.9304
-75.9348
-75.9392
-75.9436
-75.9479
-75.9522
-75.9565
-75.9607
-75.9649
-75.969
-75.9731
-75.9772
-75.9813
-75.9853
-75.9893
-75.9933
-75.9972
-76.0011
-76.005
-76.0088
-76.0126
-76.0164
-76.0201
-76.0239
-76.0275
-76.0312
-76.0348
-76.0384
-76.042
-76.0456
-76.0491
-76.0526
-76.056
-76.0595
-76.0629
-76.0663
-76.0696
-76.0729
-76.0762
-76.0795
-76.0828
-76.086
-76.0892
-76.0924
-76.0955
-76.0986
-76.1017
-76.1048
-76.1079
-76.1109
-76.1139
-76.1169
-76.1198
-76.1228
-76.1257
-76.1286
-76.1314
-76.1343
-76.1371
-76.1399
-76.1427
-76.1455
-76.1482
-76.1509
-76.1536
-76.1563
-76.1589
-76.1615
-76.1642
-76.1667
-76.1693
-76.1719
-76.1744
-76.1769
-76.1794
-76.1819
-76.1843
-76.1868
-76.1892
-76.1916
-76.1939
-76.1963
-76.1986
-76.201
-76.2033
-76.2056
-76.2078
-76.2101
-76.2123
-76.2145
-76.2167
-76.2189
-76.2211
-76.2232
-76.2254
-76.2275
-76.2296
-76.2317
-76.2337
-76.2358
-76.2378
-76.2398
-76.2418
-76.2438
-76.2458
-76.2478
-76.2497
-76.2516
-76.2536
-76.2554
-76.2573
-76.2592
-76.2611
-76.2629
-76.2647
-76.2665
-76.2683
-76.2701
-76.2719
-76.2737
-76.2754
-76.2771
-76.2788
-76.2806
-76.2822
-76.2839
-76.2856
-76.2872
-76.2889
-76.2905
-76.2921
-76.2937
-76.2953
-76.2969
-76.2985
-76.3
-76.3016
-76.3031
-76.3046
-76.3061
-76.3076
-76.3091
-76.3106
-76.312
-76.3135
-76.3149
-76.3164
-76.3178
-76.3192
-76.3206
-76.322
-76.3233
-76.3247
-76.3261
-76.3274
-76.3287
-76.33
-76.3314
-76.3327
-76.334
-76.3352
-76.3365
-76.3378
-76.339
-76.3403
-76.3415
-76.3427
-76.3439
-76.3452
-76.3464
-76.3475
-76.3487
-76.3499
-76.351
-76.3522
-76.3533
-76.3545
-76.3556
-76.3567
-76.3578
-76.3589
-76.36
-76.3611
-76.3622
-76.3632
-76.3643
-76.3654
-76.3664
-76.3674
-76.3685
-76.3695
-76.3705
-76.3715
-76.3725
-76.3735
-76.3745
-76.3754
-76.3764
-76.3774
-76.3783
-76.3793
-76.3802
-76.3811
-76.382
-76.383
-76.3839
-76.3848
-76.3857
-76.3866
-76.3874
-76.3883
-76.3892
-76.39
-76.3909
-76.3917
-76.3926
-76.3934
-76.3943
-76.3951
-76.3959
-76.3967
-76.3975
-76.3983
-76.3991
-76.3999
-76.4007
-76.4014
-76.4022
-76.403
-76.4037
-76.4045
-76.4052
-76.406
-76.4067
-76.4074
-76.4082
-76.4089
-76.4096
-76.4103
-76.411
-76.4117
-76.4124
-76.4131
-75.6512
-71.369
-67.6874
-64.9138
-62.7527
-60.9543
-59.2548
-57.2071
-52.8833
44.04
-9.08953
-40.214
-78.4238
-79.1288
-79.0318
-78.9139
-78.7844
-78.6436
-78.4917
-78.062
-75.9035
-74.5298
-73.7015
-73.0686
-72.7329
-72.4857
-72.212
-71.9692
-72.0529
-72.161
-72.3663
-70.215
-68.4177
-67.3276
-66.6351
-66.1753
-65.8603
-65.6407
-65.4875
-65.3828
-65.3151
-65.2763
-65.2611
-65.2655
-65.2864
-65.3214
-65.3689
-65.4271
-65.4947
-65.5707
-65.654
-65.7437
-65.839
-65.9391
-66.0435
-66.1514
-66.2625
-66.3761
-66.4916
-66.6085
-66.7265
-66.845
-66.964
-67.0829
-66.1176
-63.2187
-60.8241
-58.8057
-56.6737
-52.9517
41.4141
-6.68745
-37.9198
-78.023
-79.5697
-79.5521
-79.4976
-79.4362
-77.6482
-76.4647
-75.8834
-75.4416
-75.0314
-74.629
-74.2302
-73.836
-73.4493
-72.1637
-69.3833
-67.2491
-65.6925
-64.5031
-63.5575
-63.729
-64.5678
-65.9338
-67.2062
-68.549
-69.6446
-71.1306
-72.094
-72.6431
-72.9714
-73.1775
-73.3128
-73.4053
-73.4713
-73.6303
-73.8872
-74.0725
-74.2029
-74.2976
-74.3686
-74.4235
-74.581
-74.747
-74.8675
-74.9561
-75.023
-75.0749
-75.1161
-75.1495
-75.1772
-75.2005
-75.2207
-75.2383
-75.2541
-75.2683
-75.2814
-75.2935
-75.3049
-75.3157
-75.326
-75.3359
-75.3455
-75.3549
-75.3641
-75.3731
-75.3819
-75.3906
-75.3992
-75.4078
-75.4162
-75.4246
-75.4329
-75.4411
-75.4493
-75.4575
-75.4656
-75.4736
-75.4816
-75.4895
-75.4974
-75.5052
-75.513
-75.5207
-75.5284
-75.5361
-75.5436
-75.5512
-75.5586
-75.566
-75.5734
-75.5807
-75.588
-75.5952
-75.6023
-75.6094
-75.6164
-75.6234
-75.6303
-75.6372
-75.644
-75.6508
-75.6575
-75.6641
-75.6707
-75.6773
-74.1615
-69.9567
-66.5712
-64.0034
-61.969
-60.2109
-58.4132
-55.844
-44.7325
18.9396
-23.2807
-67.1284
-79.0451
-79.042
-78.9262
-78.797
-78.6559
-78.5031
-78.339
-78.1642
-76.7608
-74.5429
-73.1978
-72.2948
-71.5879
-71.245
-71.0788
-70.8749
-70.6527
-70.6023
-70.8497
-71.0053
-70.4805
-68.4725
-67.0901
-66.2383
-65.6896
-65.3249
-65.0788
-64.9125
-64.8029
-64.7353
-64.7001
-64.6905
-64.7019
-64.7308
-64.7746
-64.8312
-64.899
-64.9765
-65.0626
-65.1563
-65.2565
-65.3625
-65.4731
-65.5876
-65.7056
-65.8263
-65.9493
-66.074
-64.3275
-61.7007
-59.5582
-57.5492
-54.8651
-43.9872
14.5459
-25.7705
-69.9778
-79.4514
-79.5494
-79.4982
-79.4367
-79.3689
-79.2952
-79.2157
-79.1308
-79.041
-78.9469
-77.4394
-73.9439
-71.5581
-69.9422
-68.7541
-67.8275
-67.0748
-66.4468
-65.9144
-65.4587
-65.0677
-63.6129
-61.3111
-60.479
-60.3522
-60.2603
-60.1777
-60.1032
-60.0359
-59.9755
-59.9216
-59.8745
-59.8342
-61.0625
-62.5289
-63.7342
-64.6957
-66.1482
-68.4095
-69.9612
-70.9877
-71.6904
-72.3402
-72.9825
-73.4279
-73.7369
-74.0672
-74.3924
-74.6169
-74.7731
-74.8853
-74.9682
-75.0312
-75.0801
-75.119
-75.1507
-75.1771
-75.1994
-75.276
-75.3617
-75.4274
-75.4781
-75.5181
-75.5502
-75.5766
-75.5985
-75.6171
-75.6332
-75.6472
-75.6596
-75.6708
-75.6809
-75.6902
-75.6988
-75.7069
-75.7146
-75.7219
-75.7288
-75.7356
-75.7421
-75.7484
-75.7546
-75.7606
-75.7665
-75.7723
-75.7781
-75.7837
-75.7893
-75.7949
-75.8003
-75.8057
-75.8111
-75.8164
-75.8217
-75.8269
-75.8321
-75.8373
-75.8424
-75.8475
-75.8525
-75.8575
-75.8625
-75.8674
-75.8723
-75.8772
-75.882
-75.8868
-75.8915
-75.8962
-75.9009
-75.9055
-75.9101
-75.9147
-75.9193
-75.9238
-75.9282
-75.9327
-75.9371
-75.9414
-75.9458
-75.9501
-75.9543
-75.9586
-75.9628
-75.9669
-75.9711
-75.9752
-75.9792
-75.9833
-75.8308
-71.8613
-68.0335
-65.1467
-62.9114
-61.0696
-59.3557
-57.3424
-53.3422
45.9394
-6.61005
-38.0261
-78.1076
-79.0419
-78.9373
-78.8086
-78.6674
-78.5138
-78.3483
-78.1714
-77.9839
-77.4918
-74.8468
-72.947
-71.7367
-70.8475
-70.1289
-69.5149
-68.9742
-68.4914
-68.3724
-68.669
-68.8733
-67.7562
-66.2895
-65.3838
-64.7973
-64.504
-65.1808
-65.785
-66.1991
-66.4944
-66.714
-66.8845
-67.0228
-67.1396
-67.2422
-67.3355
-67.4227
-67.506
-67.587
-67.6667
-67.746
-67.8252
-67.9048
-67.9849
-68.0657
-68.1472
-68.2294
-68.3122
-68.3956
-68.4796
-68.564
-69.1131
-69.8826
-70.5022
-70.995
-71.3924
-71.7169
-71.985
-72.2089
-72.031
-68.6256
-65.6293
-63.4441
-61.7796
-60.4174
-59.1711
-57.8203
-55.8904
-50.5972
34.8967
-16.6238
-51.6569
-79.3122
-79.7306
-79.7076
-79.6711
-79.6303
-79.5855
-79.5368
-79.4842
-79.03
-75.7834
-73.6015
-72.2751
-71.3326
-70.5866
-69.9568
-69.4055
-68.9144
-68.4738
-67.5008
-64.9734
-62.8781
-61.2426
-59.833

