-70
-70.0758
-70.1508
-70.225
-70.2983
-70.3706
-70.4419
-70.5122
-70.5814
-70.6496
-70.7168
-70.7829
-70.848
-70.9121
-70.9752
-71.0373
-71.0984
-71.1586
-71.2178
-71.2761
-71.3334
-71.3899
-71.4455
-71.5003
-71.5543
-71.6074
-71.6598
-71.7114
-71.7623
-71.8124
-71.8619
-71.9106
-71.9587
-72.006
-72.0527
-72.0988
-72.1442
-72.1889
-72.2331
-72.2766
-72.3196
-72.362
-72.4038
-72.445
-72.4857
-72.5258
-72.5654
-72.6045
-72.6431
-72.6812
-72.7188
-72.756
-72.7927
-72.8289
-72.8647
-72.9
-72.9349
-72.9694
-73.0035
-73.0371
-73.0704
-73.1032
-73.1357
-73.1678
-73.1994
-73.2307
-73.2617
-73.2922
-73.3224
-73.3523
-73.3817
-73.4109
-73.4397
-73.4682
-73.4963
-73.5241
-73.5516
-73.5788
-73.6057
-73.6323
-73.6585
-73.6845
-73.7102
-73.7356
-73.7608
-73.7857
-73.8103
-73.8346
-73.8587
-73.8825
-73.9061
-73.9294
-73.9524
-73.9753
-73.9979
-74.0202
-74.0423
-74.0642
-74.0859
-74.1073
-74.1285
-74.1495
-74.1703
-74.1909
-74.2112
-74.2313
-74.2513
-74.271
-74.2905
-74.3098
-74.329
-74.3479
-74.3666
-74.3852
-74.4036
-74.4217
-74.4397
-74.4575
-74.4752
-74.4926
-74.5099
-74.527
-74.544
-74.5607
-74.5774
-74.5938
-74.6101
-74.6262
-74.6422
-74.658
-74.6736
-74.6891
-74.7045
-74.7197
-74.7347
-74.7496
-74.7644
-74.779
-74.7935
-74.8079
-74.8221
-74.8362
-74.8501
-74.864
-74.8777
-74.8913
-74.9047
-74.918
-74.9313
-74.9443
-74.9573
-74.9701
-74.9829
-74.9955
-75.008
-75.0204
-75.0327
-75.0448
-75.0569
-75.0688
-75.0806
-75.0924
-75.104
-75.1155
-75.1269
-75.1382
-75.1495
-75.1606
-75.1716
-75.1825
-75.1933
-75.204
-75.2147
-75.2252
-75.2356
-75.246
-75.2562
-75.2664
-75.2764
-75.2864
-75.2963
-75.3061
-75.3158
-75.3255
-75.335
-75.3445
-75.3538
-75.3631
-75.3724
-75.3815
-75.3906
-75.3995
-75.4084
-75.4172
-75.426
-75.4346
-75.4432
-75.4518
-75.4602
-75.4686
-75.4769
-75.4851
-75.4932
-75.5013
-75.5093
-75.5173
-75.5251
-75.533
-75.5407
-75.5484
-75.556
-75.5635
-75.571
-75.5784
-75.5858
-75.593
-75.6003
-75.6074
-75.6145
-75.6216
-75.6285
-75.6355
-75.6423
-75.6491
-75.6559
-75.6626
-75.6692
-75.6758
-75.6823
-75.6888
-75.6952
-75.7015
-75.7078
-75.7141
-75.7203
-75.7264
-75.7325
-75.7386
-75.7446
-75.7505
-75.7564
-75.7622
-75.768
-75.7738
-75.7795
-75.7851
-75.7907
-75.7963
-75.8018
-75.8072
-75.8127
-75.818
-75.8234
-75.8287
-75.8339
-75.8391
-75.8443
-75.8494
-75.8545
-75.8595
-75.8645
-75.8695
-75.8744
-75.8793
-75.8841
-75.8889
-75.8937
-75.8984
-75.9031
-75.9077
-75.9123
-75.9169
-75.9214
-75.9259
-75.9304
-75.9348
-75.9392
-75.9436
-75.9479
-75.9522
-75.9565
-75.9607
-75.9649
-75.969
-75.9731
-75.9772
-75.9813
-75.9853
-75.9893
-75.9933
-75.9972
-76.0011
-76.005
-76.0088
-76.0126
-76.0164
-76.0201
-76.0239
-76.0275
-76.0312
-76.0348
-76.0384
-76.042
-76.0456
-76.0491
-76.0526
-76.056
-76.0595
-76.0629
-76.0663
-76.0696
-76.0729
-76.0762
-76.0795
-76.0828
-76.086
-76.0892
-76.0924
-76.0955
-76.0986
-76.1017
-76.1048
-76.1079
-76.1109
-76.1139
-76.1169
-76.1198
-76.1228
-76.1257
-76.1286
-76.1314
-76.1343
-76.1371
-76.1399
-76.1427
-76.1455
-76.1482
-76.1509
-76.1536
-76.1563
-76.1589
-76.1615
-76.1642
-76.1667
-76.1693
-76.1719
-76.1744
-76.1769
-76.1794
-76.1819
-76.1843
-76.1868
-76.1892
-76.1916
-76.1939
-76.1963
-76.1986
-76.201
-76.2033
-76.2056
-76.2078
-76.2101
-76.2123
-76.2145
-76.2167
-76.2189
-76.2211
-76.2232
-76.2254
-76.2275
-76.2296
-76.2317
-76.2337
-76.2358
-76.2378
-76.2398
-76.2418
-76.2438
-76.2458
-76.2478
-76.2497
-76.2516
-76.2536
-76.2554
-76.2573
-76.2592
-76.2611
-76.2629
-76.2647
-76.2665
-76.2683
-76.2701
-76.2719
-76.2737
-76.2754
-76.2771
-76.2788
-76.2806
-76.2822
-76.2839
-76.2856
-76.2872
-76.2889
-76.2905
-76.2921
-76.2937
-76.2953
-76.2969
-76.2985
-76.3
-76.3016
-76.3031
-76.3046
-76.3061
-76.3076
-76.3091
-76.3106
-76.312
-76.3135
-76.3149
-76.3164
-76.3178
-76.3192
-76.3206
-76.322
-76.3233
-76.3247
-76.3261
-76.3274
-76.3287
-76.33
-76.3314
-76.3327
-76.334
-76.3352
-76.3365
-76.3378
-76.339
-76.3403
-76.3415
-76.3427
-76.3439
-76.3452
-76.3464
-76.3475
-76.3487
-76.3499
-76.351
-76.3522
-76.3533
-76.3545
-76.3556
-76.3567
-76.3578
-76.3589
-76.36
-76.3611
-76.3622
-76.3632
-76.3643
-76.3654
-76.3664
-76.3674
-76.3685
-76.3695
-76.3705
-76.3715
-76.3725
-76.3735
-76.3745
-76.3754
-76.3764
-76.3774
-76.3783
-76.3793
-76.3802
-76.3811
-76.382
-76.383
-76.3839
-76.3848
-76.3857
-76.3866
-76.3874
-76.3883
-76.3892
-76.39
-76.3909
-76.3917
-76.3926
-76.3934
-76.3943
-76.3951
-76.3959
-76.3967
-76.3975
-76.3983
-76.3991
-76.3999
-76.4007
-76.4014
-76.4022
-76.403
-76.4037
-76.4045
-76.4052
-76.406
-76.4067
-76.4074
-76.4082
-76.4089
-76.4096
-76.4103
-76.411
-76.4117
-76.4124
-76.4131
-76.4137
-76.4144
-76.4151
-72.663
-68.6821
-65.6705
-63.3528
-61.4712
-59.7744
-57.908
-54.8005
-3.08847
4.51303
-30.173
-75.7291
-79.0914
-79.0157
-78.8959
-78.7637
-78.6197
-78.464
-78.2482
-77.9545
-76.2232
-74.3004
-73.2949
-72.8124
-72.5629
-72.3164
-72.0739
-71.8429
-71.6268
-71.6618
-71.8581
-71.9611
-72.0031
-72.0124
-72.0429
-72.3862
-72.6664
-72.8539
-73.146
-73.4916
-73.7289
-73.8914
-74.0066
-74.0909
-74.1544
-74.2037
-74.2432
-74.2757
-74.3032
-74.327
-74.3482
-74.3676
-74.3855
-74.4024
-74.4185
-72.9959
-69.0907
-66.0192
-63.7402
-61.9692
-60.4793
-59.0476
-57.3309
-54.1382
27.2218
-0.0402403
-32.7907
-77.238
-79.7296
-79.7317
-79.6983
-79.6603
-79.6184
-78.6951
-76.5153
-75.4499
-74.8174
-74.309
-73.8443
-73.4002
-72.9709
-72.5563
-72.1582
-71.3296
-68.5053
-66.1498
-64.5292
-64.5837
-65.5286
-66.4244
-67.5952
-68.3645
-68.8451
-69.2661
-70.0242
-70.5702
-70.9289
-71.174
-71.348
-71.5836
-72.0601
-72.4205
-72.6747
-72.8599
-72.9988
-73.106
-73.1909
-73.2599
-73.3173
-73.3662
-73.4935
-73.7629
-73.9801
-74.1461
-74.2756
-74.3786
-74.4619
-74.5304
-74.5877
-74.6362
-74.6778
-74.7141
-74.746
-74.7744
-74.8001
-74.8234
-74.8449
-74.8648
-74.8835
-74.901
-74.9177
-74.9335
-74.9488
-74.9635
-75.0214
-75.1312
-75.2225
-75.2957
-75.3552
-75.4043
-75.4453
-75.4799
-75.5095
-75.535
-75.5573
-75.5769
-75.5944
-75.61
-75.6241
-75.637
-75.6489
-75.6598
-75.67
-75.6796
-75.6886
-75.6972
-75.7053
-75.7131
-75.7207
-75.7279
-75.7349
-75.7417
-75.7484
-75.7549
-75.7612
-75.7674
-75.7735
-75.7795
-75.7854
-75.7912
-75.7969
-75.8026
-75.8082
-75.8137
-75.8191
-72.1442
-68.2463
-65.298
-63.0238
-61.1616
-59.4471
-57.4714
-53.7441
46.0415
-4.15951
-35.865
-77.7824
-79.0757
-78.9789
-78.8549
-78.7187
-78.5705
-78.4105
-78.2393
-78.0578
-77.0799
-74.5647
-73.0669
-72.3113
-71.9139
-71.5752
-71.266
-71.1342
-71.2659
-71.316
-71.3041
-71.262
-71.2068
-69.3293
-66.7982
-65.0305
-63.7929
-62.8888
-62.1999
-61.7802
-62.6067
-63.4592
-64.1217
-64.6416
-65.0561
-65.3941
-65.6752
-65.9141
-66.1215
-66.3053
-66.4712
-66.6232
-67.066
-68.102
-69.5209
-70.6077
-71.379
-71.9404
-72.3592
-72.6783
-72.9265
-73.123
-73.2812
-73.4107
-73.5181
-72.2238
-68.564
-65.7348
-63.6759
-62.1122
-60.8465
-59.7218
-58.5785
-57.1596
-54.6476
-36.9139
9.15924
-27.9669
-73.5436
-79.699
-79.7568
-79.7284
-79.6942
-78.386
-76.8591
-76.192
-75.745
-75.3432
-74.9506
-74.5602
-74.1723
-73.7899
-73.4161
-73.0543
-72.8146
-72.7932
-70.554
-68.2844
-67.2013
-66.5416
-66.1826
-66.6514
-67.0718
-67.3473
-67.5361
-68.1348
-68.8465
-69.3402
-69.6846
-69.9337
-70.1201
-70.2643
-70.3795
-70.4747
-70.5557
-70.6267
-70.6904
-70.749
-70.804
-70.8563
-70.9067
-70.9559
-71.0041
-71.0518
-71.0991
-71.1462
-71.1932
-71.2401
-71.287
-71.4065
-71.8685
-72.2836
-72.6139
-72.8804
-73.0983
-73.2785
-73.4292
-73.5565
-73.6651
-73.7587
-73.8399
-73.9111
-73.9739
-74.0299
-74.08
-74.1254
-74.1666
-74.2044
-74.2392
-74.2715
-74.3016
-74.3299
-74.3566
-74.3819
-74.406
-74.429
-74.4511
-74.4724
-74.4929
-74.5128
-74.5322
-74.551
-74.5693
-74.5873
-74.6049
-74.6221
-74.639
-74.6556
-74.6719
-74.688
-74.7039
-74.7195
-74.7349
-74.7501
-74.7652
-74.78
-74.7947
-74.8092
-74.8236
-74.8378
-74.8518
-74.8657
-74.8795
-74.8931
-74.9066
-74.92
-74.9332
-74.9463
-74.9593
-74.9721
-74.9849
-74.9975
-75.01
-75.0224
-75.0346
-75.0468
-75.0588
-75.0708
-75.0826
-75.0943
-75.1059
-71.9443
-68.0558
-65.0952
-62.8111
-60.9321
-59.1766
-57.0753
-52.5683
42.8955
-10.2573
-41.9353
-78.4388
-79.0042
-78.8914
-78.7576
-78.6111
-78.4521
-78.2808
-78.098
-77.9046
-77.7022
-77.2846
-74.465
-72.3584
-71.3106
-70.774
-70.3681
-70.0307
-69.7607
-69.996
-70.2079
-70.3139
-70.3603
-70.3742
-70.4628
-70.9614
-71.7317
-72.2965
-72.6617
-73.0574
-73.4521
-73.7153
-73.8921
-74.0153
-74.1041
-74.1703
-74.2211
-74.2614
-74.2943
-74.3219
-74.3457
-74.3668
-74.386
-74.4037
-74.4203
-74.4362
-71.8193
-68.1033
-65.3286
-63.2545
-61.6208
-60.2159
-58.8235
-57.0813
-53.5695
44.8925
-4.34987
-35.8737
-78.1474
-79.7415
-79.7343
-79.7011
-79.6635
-79.622
-79.5767
-79.5275
-79.4747
-79.4185
-79.3593
-79.2975
-79.2337
-79.1686
-79.1028
-79.037
-78.9718
-78.9078
-78.8456
-78.7854
-78.7277
-78.6728
-75.6082
-71.2475
-67.9368
-65.4394
-63.4986
-61.9169
-60.5217
-59.1191
-57.3603
-53.8602
44.9695
-3.15377
-34.7506
-77.5818

