-70
-70.0758
-70.1508
-70.225
-70.2983
-70.3706
-70.4419
-70.5122
-70.5814
-70.6496
-70.7168
-70.7829
-70.848
-70.9121
-70.9752
-71.0373
-71.0984
-71.1586
-71.2178
-71.2761
-71.3334
-71.3899
-71.4455
-71.5003
-71.5543
-71.6074
-71.6598
-71.7114
-71.7623
-71.8124
-71.8619
-71.9106
-71.9587
-72.006
-72.0527
-72.0988
-72.1442
-72.1889
-72.2331
-72.2766
-72.3196
-72.362
-72.4038
-72.445
-72.4857
-72.5258
-72.5654
-72.6045
-72.6431
-72.6812
-72.7188
-72.756
-72.7927
-72.8289
-72.8647
-72.9
-72.9349
-72.9694
-73.0035
-73.0371
-73.0704
-73.1032
-73.1357
-73.1678
-73.1994
-73.2307
-73.2617
-73.2922
-73.3224
-73.3523
-73.3817
-73.4109
-73.4397
-73.4682
-73.4963
-73.5241
-73.5516
-73.5788
-73.6057
-73.6323
-73.6585
-73.6845
-73.7102
-73.7356
-73.7608
-73.7857
-73.8103
-73.8346
-73.8587
-73.8825
-73.9061
-73.9294
-73.9524
-73.9753
-73.9979
-74.0202
-74.0423
-74.0642
-74.0859
-74.1073
-74.1285
-74.1495
-74.1703
-74.1909
-74.2112
-74.2313
-74.2513
-74.271
-74.2905
-74.3098
-74.329
-74.3479
-74.3666
-74.3852
-74.4036
-74.4217
-74.4397
-74.4575
-74.4752
-74.4926
-74.5099
-74.527
-74.544
-74.5607
-74.5774
-74.5938
-74.6101
-74.6262
-74.6422
-74.658
-74.6736
-74.6891
-74.7045
-74.7197
-74.7347
-74.7496
-74.7644
-74.779
-74.7935
-74.8079
-74.8221
-74.8362
-74.8501
-74.864
-74.8777
-74.8913
-74.9047
-74.918
-74.9313
-74.9443
-74.9573
-74.9701
-74.9829
-74.9955
-75.008
-75.0204
-75.0327
-75.0448
-75.0569
-75.0688
-75.0806
-75.0924
-75.104
-75.1155
-75.1269
-75.1382
-75.1495
-75.1606
-75.1716
-75.1825
-75.1933
-75.204
-75.2147
-75.2252
-75.2356
-75.246
-75.2562
-75.2664
-75.2764
-75.2864
-75.2963
-75.3061
-75.3158
-75.3255
-75.335
-75.3445
-75.3538
-75.3631
-75.3724
-75.3815
-75.3906
-75.3995
-75.4084
-75.4172
-75.426
-75.4346
-75.4432
-75.4518
-75.4602
-75.4686
-75.4769
-75.4851
-75.4932
-75.5013
-75.5093
-75.5173
-75.5251
-75.533
-75.5407
-75.5484
-75.556
-75.5635
-75.571
-75.5784
-75.5858
-75.593
-75.6003
-75.6074
-75.6145
-75.6216
-75.6285
-75.6355
-75.6423
-75.6491
-75.6559
-75.6626
-75.6692
-75.6758
-75.6823
-75.6888
-75.6952
-75.7015
-75.7078
-75.7141
-75.7203
-75.7264
-75.7325
-75.7386
-75.7446
-75.7505
-75.7564
-75.7622
-75.768
-75.7738
-75.7795
-75.7851
-75.7907
-75.7963
-75.8018
-75.8072
-75.8127
-75.818
-75.8234
-75.8287
-75.8339
-75.8391
-75.8443
-75.8494
-75.8545
-75.8595
-75.8645
-75.8695
-75.8744
-75.8793
-75.8841
-75.8889
-75.8937
-75.8984
-75.9031
-75.9077
-75.9123
-75.9169
-75.9214
-75.9259
-75.9304
-75.9348
-75.9392
-75.9436
-75.9479
-75.9522
-75.9565
-75.9607
-75.9649
-75.969
-75.9731
-75.9772
-75.9813
-75.9853
-75.9893
-75.9933
-75.9972
-76.0011
-76.005
-76.0088
-76.0126
-76.0164
-76.0201
-76.0239
-76.0275
-76.0312
-76.0348
-76.0384
-76.042
-76.0456
-76.0491
-76.0526
-76.056
-76.0595
-76.0629
-76.0663
-76.0696
-76.0729
-76.0762
-76.0795
-76.0828
-76.086
-76.0892
-76.0924
-76.0955
-76.0986
-76.1017
-76.1048
-76.1079
-76.1109
-76.1139
-76.1169
-76.1198
-76.1228
-76.1257
-76.1286
-76.1314
-76.1343
-76.1371
-76.1399
-76.1427
-76.1455
-76.1482
-76.1509
-76.1536
-76.1563
-76.1589
-76.1615
-76.1642
-76.1667
-76.1693
-76.1719
-76.1744
-76.1769
-76.1794
-76.1819
-76.1843
-76.1868
-76.1892
-76.1916
-76.1939
-76.1963
-76.1986
-76.201
-76.2033
-76.2056
-76.2078
-76.2101
-76.2123
-76.2145
-76.2167
-76.2189
-76.2211
-76.2232
-76.2254
-76.2275
-76.2296
-76.2317
-76.2337
-76.2358
-76.2378
-76.2398
-76.2418
-76.2438
-76.2458
-76.2478
-76.2497
-76.2516
-76.2536
-76.2554
-76.2573
-76.2592
-76.2611
-76.2629
-76.2647
-76.2665
-76.2683
-76.2701
-76.2719
-76.2737
-76.2754
-76.2771
-76.2788
-76.2806
-76.2822
-76.2839
-76.2856
-76.2872
-76.2889
-76.2905
-76.2921
-76.2937
-76.2953
-76.2969
-76.2985
-76.3
-76.3016
-76.3031
-76.3046
-76.3061
-76.3076
-76.3091
-76.3106
-76.312
-76.3135
-76.3149
-76.3164
-76.3178
-76.3192
-76.3206
-76.322
-76.3233
-76.3247
-76.3261
-76.3274
-76.3287
-76.33
-76.3314
-76.3327
-76.334
-76.3352
-76.3365
-76.3378
-76.339
-76.3403
-76.3415
-76.3427
-76.3439
-76.3452
-76.3464
-76.3475
-76.3487
-76.3499
-76.351
-76.3522
-76.3533
-76.3545
-76.3556
-76.3567
-76.3578
-76.3589
-76.36
-76.3611
-76.3622
-76.3632
-76.3643
-76.3654
-76.3664
-76.3674
-76.3685
-76.3695
-76.3705
-76.3715
-76.3725
-76.3735
-76.3745
-76.3754
-76.3764
-76.3774
-76.3783
-76.3793
-76.3802
-76.3811
-76.382
-76.383
-76.3839
-76.3848
-76.3857
-76.3866
-76.3874
-76.3883
-76.3892
-76.39
-76.3909
-76.3917
-76.3926
-76.3934
-76.3943
-76.3951
-76.3959
-76.3967
-76.3975
-76.3983
-76.3991
-76.3999
-76.4007
-76.4014
-76.4022
-76.403
-76.4037
-76.4045
-76.4052
-76.406
-76.4067
-76.4074
-76.4082
-76.4089
-76.4096
-76.4103
-76.411
-76.4117
-76.4124
-76.4131
-76.4137
-76.4144
-76.4151
-76.4158
-76.4164
-76.4171
-76.4177
-76.4184
-76.419
-76.4196
-76.4203
-76.4209
-76.4215
-76.4221
-76.4227
-76.4234
-76.424
-76.4246
-76.4251
-76.4257
-76.4263
-76.4269
-76.3993
-76.3575
-76.3241
-76.2871
-76.2389
-76.2025
-76.176
-76.1563
-76.1415
-76.1303
-76.1218
-76.1154
-76.1106
-76.1011
-76.0885
-76.0792
-76.0725
-76.0678
-76.0628
-76.0546
-76.0486
-76.0446
-76.042
-76.0404
-76.0397
-76.0395
-76.0398
-76.0404
-76.0414
-76.0426
-76.0441
-76.0457
-76.0475
-76.0494
-76.0515
-76.0536
-76.0559
-76.0583
-76.0607
-76.0632
-76.0657
-76.0684
-76.071
-76.0737
-76.0764
-76.0792
-76.082
-76.0848
-76.0876
-76.0905
-76.0934
-76.0962
-76.0991
-76.102
-76.1048
-76.1077
-76.1106
-76.1134
-76.1163
-76.1191
-76.1219
-76.1248
-76.1276
-76.1304
-76.1332
-76.1359
-76.1387
-76.1414
-76.1395
-76.1285
-76.1194
-76.1125
-76.1028
-76.0896
-76.0799
-76.0729
-76.0679
-76.0645
-76.0621
-76.0567
-76.0486
-76.04
-76.0344
-76.0309
-76.0265
-76.0228
-76.0193
-76.0173
-76.0164
-76.0162
-76.0165
-76.0172
-76.0181
-76.0192
-76.0197
-76.0193
-76.0193
-76.0198
-76.0206
-76.0216
-76.0228
-76.0242
-76.0258
-76.0275
-76.0293
-76.0312
-76.0332
-76.0353
-76.0375
-76.0398
-76.0422
-76.0446
-76.0471
-76.0496
-76.0522
-76.0549
-76.0576
-76.0603
-76.0631
-76.0659
-76.0688
-76.0716
-76.0745
-76.0774
-76.0803
-76.0832
-76.0861
-76.0891
-76.092
-76.0949
-76.0979
-76.1008
-76.1037
-76.1066
-76.1096
-76.1125
-76.1153
-76.1182
-76.1211
-76.1239
-76.1268
-76.1296
-76.1324
-76.1352
-76.138
-76.1407
-76.1434
-76.1462
-76.1489
-76.1516
-76.1542
-76.1569
-76.1595
-76.1621
-76.1647
-76.1673
-76.1698
-76.1724
-76.1749
-76.1774
-76.1799
-76.1823
-76.1848
-76.1872
-76.1896
-76.192
-76.1944
-76.1967
-76.1991
-76.2014
-76.2037
-76.2059
-76.2082
-76.2105
-76.2127
-76.2149
-76.2171
-76.2193
-76.2162
-76.1976
-76.1815
-76.1675
-76.1436
-76.1242
-76.1101
-76.0997
-76.0921
-76.0865
-76.0825
-76.0797
-76.0778
-76.0766
-76.076
-76.076
-76.0763
-76.077
-76.078
-76.0793
-76.0807
-76.0823
-76.0841
-76.0861
-76.0873
-76.0815
-76.076
-76.0721
-76.0694
-76.0677
-76.0666
-76.0662
-76.0662
-76.0633
-76.0581
-76.0543
-76.0518
-76.0503
-76.0495
-76.0493
-76.0495
-76.0501
-76.0511
-76.0523
-76.0537
-76.0553
-76.0571
-76.059
-76.0611
-76.0632
-76.0655
-76.0678
-76.0703
-76.0728
-76.0753
-76.0779
-76.0806
-76.0832
-76.086
-76.0887
-76.0915
-76.0943
-76.0971
-76.0999
-76.1027
-76.1055
-76.1083
-76.1112
-76.114
-76.1168
-76.1196
-76.1224
-76.1252
-76.128
-76.1308
-76.1336
-76.1363
-76.1359
-76.126
-76.1174
-76.1024
-76.0891
-76.0796
-76.0728
-76.0679
-76.0646
-76.0623
-76.0609
-76.0602
-76.06
-76.0603
-76.0609
-76.0603
-76.0515
-76.0434
-76.0365
-76.0302
-76.0263
-76.0241
-76.023
-76.0226
-76.0228
-76.0233
-76.0242
-76.0253
-76.0266
-76.0281
-76.0297
-76.0315
-76.0334
-76.0354
-76.0375
-76.0397
-76.042
-76.0443
-76.0468
-76.0493
-76.0518
-76.0544
-76.0571
-76.0598
-76.0625
-76.0653
-76.0681
-76.071
-76.0738
-76.0767
-76.0796
-76.0825
-76.0854
-76.0883
-76.0913
-76.0942
-76.0971
-76.1
-76.103
-76.1059
-76.1088
-76.1117
-76.1146
-76.1174
-76.1203
-76.1232
-76.126
-76.1288
-76.1316
-76.1344
-76.1372
-76.14
-76.1427
-76.1454
-76.1481
-76.1508
-76.1535
-76.1561
-76.1588
-76.1614
-76.164
-76.1666
-76.1691
-76.1717
-76.1742
-76.1767
-76.1792
-76.1816
-76.1841
-76.1865
-76.1889
-76.1913
-76.1937
-76.1961
-76.1984
-76.2007
-76.203
-76.2053
-76.2076
-76.2098
-76.2121
-76.2143
-76.2165
-76.2187
-76.2208
-76.223
-76.2251
-76.2272
-76.2293
-76.2314
-76.2335
-76.2356
-76.2376
-76.2396
-76.2416
-76.2436
-76.2456
-76.2475
-76.2495
-76.2514
-76.2533
-76.2552
-76.2571
-76.259
-76.26
-76.2395
-76.2185
-76.2021
-76.1875
-76.1616
-76.1401
-76.1244
-76.1128
-76.0955
-76.081
-76.0708
-76.0637
-76.0588
-76.0554
-76.0504
-76.0445
-76.0405
-76.038
-76.0365
-76.0358
-76.0356
-76.036
-76.0367
-76.0377
-76.0389
-76.0404
-76.042
-76.0438
-76.0457
-76.0478
-76.05
-76.0522
-76.0546
-76.057
-76.0595
-76.062
-76.0646
-76.0673
-76.07
-76.0727
-76.0755
-76.0783
-76.0811
-76.084
-76.0868
-76.0897
-76.0926
-76.0955
-76.0983
-76.1012
-76.1041
-76.107
-76.1099
-76.1127
-76.1156
-76.1185
-76.1213
-76.1241
-76.127
-76.1298
-76.1326
-76.1353
-76.1381
-76.1408
-76.1436
-76.1463
-76.149
-76.1517
-76.1543
-76.157
-76.1596
-76.1622
-76.1648
-76.1673
-76.1699
-76.1724
-76.1749
-76.1774
-76.1799
-76.1824
-76.1848

