-70
-70.0758
-70.1508
-70.225
-70.2983
-70.3706
-70.4419
-70.5122
-70.5814
-70.6496
-70.7168
-70.7829
-70.848
-70.9121
-70.9752
-71.0373
-71.0984
-71.1586
-71.2178
-71.2761
-71.3334
-71.3899
-71.4455
-71.5003
-71.5543
-71.6074
-71.6598
-71.7114
-71.7623
-71.8124
-71.8619
-71.9106
-71.9587
-72.006
-72.0527
-72.0988
-72.1442
-72.1889
-72.2331
-72.2766
-72.3196
-72.362
-72.4038
-72.445
-72.4857
-72.5258
-72.5654
-72.6045
-72.6431
-72.6812
-72.7188
-72.756
-72.7927
-72.8289
-72.8647
-72.9
-72.9349
-72.9694
-73.0035
-73.0371
-73.0704
-73.1032
-73.1357
-73.1678
-73.1994
-73.2307
-73.2617
-73.2922
-73.3224
-73.3523
-73.3817
-73.4109
-73.4397
-73.4682
-73.4963
-73.5241
-73.5516
-73.5788
-73.6057
-73.6323
-73.6585
-73.6845
-73.7102
-73.7356
-73.7608
-73.7857
-73.8103
-73.8346
-73.8587
-73.8825
-73.9061
-73.9294
-73.9524
-73.9753
-73.9979
-74.0202
-74.0423
-74.0642
-74.0859
-74.1073
-74.1285
-74.1495
-74.1703
-74.1909
-74.2112
-74.2313
-74.2513
-74.271
-74.2905
-74.3098
-74.329
-74.3479
-74.3666
-74.3852
-74.4036
-74.4217
-74.4397
-74.4575
-74.4752
-74.4926
-74.5099
-74.527
-74.544
-74.5607
-74.5774
-74.5938
-74.6101
-74.6262
-74.6422
-74.658
-74.6736
-74.6891
-74.7045
-74.7197
-74.7347
-74.7496
-74.7644
-74.779
-74.7935
-74.8079
-74.8221
-74.8362
-74.8501
-74.864
-74.8777
-74.8913
-74.9047
-74.918
-74.9313
-74.9443
-74.9573
-74.9701
-74.9829
-74.9955
-75.008
-75.0204
-75.0327
-75.0448
-75.0569
-75.0688
-75.0806
-75.0924
-75.104
-75.1155
-75.1269
-75.1382
-75.1495
-75.1606
-75.1716
-75.1825
-75.1933
-75.204
-75.2147
-75.2252
-75.2356
-75.246
-75.2562
-75.2664
-75.2764
-75.2864
-75.2963
-75.3061
-75.3158
-75.3255
-75.335
-75.3445
-75.3538
-75.3631
-75.3724
-75.3815
-75.3906
-75.3995
-75.4084
-75.4172
-75.426
-75.4346
-75.4432
-75.4518
-75.4602
-75.4686
-75.4769
-75.4851
-75.4932
-75.5013
-75.5093
-75.5173
-75.5251
-75.533
-75.5407
-75.5484
-75.556
-75.5635
-75.571
-75.5784
-75.5858
-75.593
-75.6003
-75.6074
-75.6145
-75.6216
-75.6285
-75.6355
-75.6423
-75.6491
-75.6559
-75.6626
-75.6692
-75.6758
-75.6823
-75.6888
-75.6952
-75.7015
-75.7078
-75.7141
-75.7203
-75.7264
-75.7325
-75.7386
-75.7446
-75.7505
-75.7564
-75.7622
-75.768
-75.7738
-75.7795
-75.7851
-75.7907
-75.7963
-75.8018
-75.8072
-75.8127
-75.818
-75.8234
-75.8287
-75.8339
-75.8391
-75.8443
-75.8494
-75.8545
-75.8595
-75.8645
-75.8695
-75.8744
-75.8793
-75.8841
-75.8889
-75.8937
-75.8984
-75.9031
-75.9077
-75.9123
-75.9169
-75.9214
-75.9259
-75.9304
-75.9348
-75.9392
-75.9436
-75.9479
-75.9522
-75.9565
-75.9607
-75.9649
-75.969
-75.9731
-75.9772
-75.9813
-75.9853
-75.9893
-75.9933
-75.9972
-76.0011
-76.005
-76.0088
-76.0126
-76.0164
-76.0201
-76.0239
-76.0275
-76.0312
-76.0348
-76.0384
-76.042
-76.0456
-76.0491
-76.0526
-76.056
-76.0595
-76.0629
-76.0663
-76.0696
-76.0729
-76.0762
-76.0795
-76.0828
-76.086
-76.0892
-76.0924
-76.0955
-76.0986
-76.1017
-76.1048
-76.1079
-76.1109
-76.1139
-76.1169
-76.1198
-76.1228
-76.1257
-76.1286
-76.1314
-76.1343
-76.1371
-76.1399
-76.1427
-76.1455
-76.1482
-76.1509
-76.1536
-76.1563
-76.1589
-76.1615
-76.1642
-76.1667
-76.1693
-76.1719
-76.1744
-76.1769
-76.1794
-76.1819
-76.1843
-76.1868
-76.1892
-76.1916
-76.1939
-76.1963
-76.1986
-76.201
-76.2033
-76.2056
-76.2078
-76.2101
-76.2123
-76.2145
-76.2167
-76.2189
-76.2211
-76.2232
-76.2254
-76.2275
-76.2296
-76.2317
-76.2337
-76.2358
-76.2378
-76.2398
-76.2418
-76.2438
-76.2458
-76.2478
-76.2497
-76.2516
-76.2536
-76.2554
-76.2573
-76.2592
-76.2611
-76.2629
-76.2647
-76.2665
-76.2683
-76.2701
-76.2719
-76.2737
-76.2754
-76.2771
-76.2788
-76.2806
-76.2822
-76.2839
-76.2856
-76.2872
-76.2889
-76.2905
-76.2921
-76.2937
-76.2953
-76.2969
-76.2985
-76.3
-76.3016
-76.3031
-76.3046
-76.3061
-76.3076
-76.3091
-76.3106
-76.312
-76.3135
-76.3149
-76.3164
-76.3178
-76.3192
-76.3206
-76.322
-76.3233
-76.3247
-76.3261
-76.3274
-76.3287
-76.33
-76.3314
-76.3327
-76.334
-76.3352
-76.3365
-76.3378
-76.339
-76.3403
-76.3415
-76.3427
-76.3439
-76.3452
-76.3464
-76.3475
-76.3487
-76.3499
-76.351
-76.3522
-76.3533
-76.3545
-76.3556
-76.3567
-76.3578
-76.3589
-76.36
-76.3611
-76.3622
-76.3632
-76.3643
-76.3654
-76.3664
-76.3674
-76.3685
-76.3695
-76.3705
-76.3715
-76.3725
-76.3735
-76.3745
-76.3754
-76.3764
-76.3774
-76.3783
-76.3793
-76.3802
-76.3811
-76.382
-76.383
-76.3839
-76.3848
-76.3857
-76.3866
-76.3874
-76.3883
-76.3892
-76.39
-76.3909
-76.3917
-76.3926
-76.3934
-76.3943
-76.3951
-76.3959
-76.3967
-76.3975
-76.3983
-76.3991
-76.3999
-76.4007
-76.4014
-76.4022
-76.403
-76.4037
-76.4045
-76.4052
-76.406
-76.4067
-76.4074
-76.4082
-76.4089
-76.4096
-76.4103
-76.411
-76.4117
-76.4124
-76.4131
-76.4137
-76.4144
-76.4151
-76.4158
-76.4164
-76.4171
-76.4177
-76.4184
-76.419
-76.4196
-76.4203
-76.4209
-76.4215
-76.4221
-76.4227
-76.4234
-76.424
-76.4246
-76.4251
-76.4257
-76.4263
-76.4269
-76.4122
-76.3596
-76.2877
-76.2132
-76.162
-76.1282
-76.1055
-76.0897
-76.0787
-76.0709
-76.0654
-76.0575
-76.0496
-76.0427
-76.0354
-76.0307
-76.0279
-76.0264
-76.0257
-76.0256
-76.0259
-76.0267
-76.0277
-76.0289
-76.0303
-76.0319
-76.0336
-76.0355
-76.0375
-76.0396
-76.0418
-76.0441
-76.0464
-76.0489
-76.0514
-76.0539
-76.0518
-76.049
-76.0472
-76.0462
-76.0458
-76.046
-76.0465
-76.0473
-76.0485
-76.0498
-76.0514
-76.0531
-76.055
-76.057
-76.0592
-76.0614
-76.0637
-76.0661
-76.0686
-76.0711
-76.0737
-76.0764
-76.079
-76.0818
-76.0845
-76.0873
-76.0901
-76.0929
-76.0957
-76.0985
-76.1014
-76.1042
-76.107
-76.1099
-76.106
-76.0895
-76.0764
-76.0667
-76.055
-76.0466
-76.0411
-76.0376
-76.0355
-76.0343
-76.0338
-76.0339
-76.0343
-76.0328
-76.0272
-76.0218
-76.0188
-76.0173
-76.0168
-76.0168
-76.0173
-76.018
-76.019
-76.0202
-76.0216
-76.0231
-76.0247
-76.0264
-76.0283
-76.0302
-76.0323
-76.0344
-76.0367
-76.039
-76.0413
-76.0438
-76.0463
-76.0488
-76.0514
-76.0541
-76.0568
-76.0596
-76.0623
-76.0652
-76.068
-76.0709
-76.0737
-76.0766
-76.0796
-76.0825
-76.0854
-76.0883
-76.0913
-76.0942
-76.0972
-76.1001
-76.103
-76.1059
-76.1089
-76.1118
-76.1146
-76.1175
-76.1204
-76.1233
-76.1261
-76.1289
-76.1317
-76.1345
-76.1373
-76.1401
-76.1428
-76.1455
-76.1482
-76.1509
-76.1536
-76.1562
-76.1589
-76.1615
-76.1641
-76.1667
-76.1692
-76.1718
-76.1743
-76.1768
-76.1793
-76.1817
-76.1842
-76.1866
-76.189
-76.1914
-76.1938
-76.1962
-76.1985
-76.2008
-76.2031
-76.2054
-76.2077
-76.2099
-76.2122
-76.2144
-76.2166
-76.2188
-76.2209
-76.2231
-76.2252
-76.2273
-76.2294
-76.2315
-76.226
-76.2062
-76.1864
-76.1575
-76.1348
-76.1185
-76.1039
-76.0863
-76.0735
-76.0647
-76.0586
-76.0544
-76.0517
-76.0499
-76.0489
-76.0486
-76.0487
-76.0493
-76.0501
-76.0513
-76.0499
-76.0464
-76.0441
-76.0427
-76.042
-76.0398
-76.0365
-76.0344
-76.0307
-76.0277
-76.026
-76.0252
-76.0251
-76.0254
-76.026
-76.027
-76.0282
-76.0296
-76.0312
-76.0329
-76.0347
-76.0367
-76.0388
-76.0409
-76.0432
-76.0455
-76.048
-76.0504
-76.053
-76.0556
-76.0582
-76.0609
-76.0637
-76.0664
-76.0692
-76.0721
-76.0749
-76.0778
-76.0807
-76.0836
-76.0865
-76.0894
-76.0923
-76.0953
-76.0982
-76.1011
-76.104
-76.1069
-76.1098
-76.1127
-76.1156
-76.1185
-76.1213
-76.1242
-76.127
-76.1298
-76.1322
-76.1239
-76.1151
-76.1085
-76.0975
-76.0855
-76.0767
-76.0705
-76.0645
-76.0561
-76.0499
-76.0458
-76.0431
-76.0415
-76.0407
-76.0404
-76.0407
-76.0413
-76.0423
-76.0431
-76.0404
-76.0381
-76.0369
-76.0363
-76.0363
-76.0367
-76.0375
-76.0385
-76.0398
-76.0413
-76.043
-76.0448
-76.0467
-76.0488
-76.051
-76.0533
-76.0557
-76.0581
-76.0606
-76.0632
-76.0658
-76.0685
-76.0712
-76.0739
-76.0767
-76.0795
-76.0823
-76.0851
-76.088
-76.0909
-76.0937
-76.0966
-76.0995
-76.1024
-76.1053
-76.1081
-76.111
-76.1139
-76.1167
-76.1196
-76.1224
-76.1253
-76.1281
-76.1309
-76.1337
-76.1364
-76.1392
-76.1419
-76.1446
-76.1474
-76.15
-76.1527
-76.1554
-76.158
-76.1606
-76.1632
-76.1658
-76.1684
-76.1709
-76.1734
-76.1759
-76.1784
-76.1809
-76.1834
-76.1858
-76.1882
-76.1906
-76.193
-76.1953
-76.1977
-76.2
-76.2023
-76.2046
-76.2069
-76.2092
-76.2114
-76.2136
-76.2158
-76.218
-76.2202
-76.2223
-76.2245
-76.2266
-76.2287
-76.2308
-76.2329
-76.2349
-76.237
-76.239
-76.241
-76.243
-76.245
-76.2469
-76.2489
-76.2508
-76.2528
-76.2547
-76.2565
-76.2584
-76.2603
-76.2621
-76.264
-76.2658
-76.2676
-76.2694
-76.2669
-76.2438
-76.2228
-76.2064
-76.1837
-76.1574
-76.1376
-76.1231
-76.1086
-76.0913
-76.0787
-76.0645
-76.0479
-76.0375
-76.0313
-76.0275
-76.0254
-76.0243
-76.024
-76.0241
-76.0227
-76.0216
-76.0212
-76.0213
-76.0218
-76.0226
-76.0237
-76.025
-76.0265
-76.0281
-76.0298
-76.0317
-76.0336
-76.0357
-76.0379
-76.0401
-76.0424
-76.0449
-76.0473
-76.0499
-76.0525
-76.0551
-76.0578
-76.0605
-76.0633
-76.0661
-76.0689
-76.0717
-76.0746
-76.0775
-76.0804
-76.0833
-76.0862
-76.0892
-76.0921
-76.095
-76.098
-76.1009
-76.1038
-76.1067
-76.1096
-76.1125
-76.1154
-76.1183
-76.1211
-76.124
-76.1268
-76.1296
-76.1325
-76.1352
-76.138
-76.1408
-76.1435
-76.1462
-76.1489
-76.1516
-76.1543
-76.1569
-76.1595
-76.1622
-76.1648
-76.1673

