-70
-69.8623
-69.7285
-69.5983
-69.4718
-69.3487
-69.2291
-69.1128
-68.9997
-68.8897
-68.7828
-68.6789
-68.5778
-68.4795
-68.3839
-68.291
-68.2007
-68.1128
-68.0274
-67.9443
-67.8636
-67.7851
-67.7087
-67.6345
-67.5623
-67.4921
-67.4238
-67.3574
-67.2929
-67.2301
-67.1691
-67.1098
-67.0521
-66.996
-66.9414
-66.8884
-66.8368
-66.7866
-66.7378
-66.6904
-66.6443
-66.5994
-66.5558
-66.5133
-66.4721
-66.432
-66.393
-66.355
-66.3181
-66.2823
-66.2474
-66.2134
-66.1805
-66.1484
-66.1172
-66.0868
-66.0573
-66.0286
-66.0007
-65.9736
-65.9472
-65.9215
-65.8966
-65.8723
-65.8487
-65.8257
-65.8034
-65.7817
-65.7606
-65.74
-65.72
-65.7006
-65.6817
-65.6633
-65.6455
-65.6281
-65.6112
-65.5948
-65.5788
-65.5632
-65.5481
-65.5334
-65.5191
-65.5052
-65.4917
-65.4785
-65.4657
-65.4533
-65.4412
-65.4294
-65.418
-65.4068
-65.396
-65.3855
-65.3752
-65.3653
-65.3556
-65.3462
-65.337
-65.3281
-65.3194
-65.311
-65.3028
-65.2948
-65.2871
-65.2795
-65.2722
-65.2651
-65.2581
-65.2514
-65.2448
-65.2385
-65.2322
-65.2262
-65.2203
-65.2146
-65.2091
-65.2037
-65.1984
-65.1933
-65.1884
-65.1835
-65.1788
-65.1743
-65.1698
-65.1655
-65.1613
-65.1572
-65.1532
-65.1493
-65.1456
-65.1419
-65.1384
-65.1349
-65.1315
-65.1283
-65.1251
-65.122
-65.119
-65.1161
-65.1132
-65.1104
-65.1077
-65.1051
-65.1026
-65.1001
-65.0977
-65.0953
-65.0931
-65.0908
-65.0887
-65.0866
-65.0845
-65.0826
-65.0806
-65.0788
-65.0769
-65.0752
-65.0734
-65.0718
-65.0701
-65.0685
-65.067
-65.0655
-65.064
-65.0626
-65.0612
-65.0599
-65.0586
-65.0573
-65.0561
-65.0549
-65.0537
-65.0526
-65.0514
-65.0504
-65.0493
-65.0483
-65.0473
-65.0464
-65.0454
-65.0445
-65.0436
-65.0428
-65.0419
-65.0411
-65.0403
-65.0395
-65.0388
-65.0381
-65.0374
-65.0367
-65.036
-65.0353
-65.0347
-65.0341
-65.0335
-65.0329
-65.0323
-65.0318
-65.0313
-65.0307
-65.0302
-65.0297
-65.0293
-65.0288
-65.0283
-65.0279
-65.0275
-65.027
-65.0266
-65.0262
-65.0259
-65.0255
-65.0251
-65.0248
-65.0244
-65.0241
-65.0238
-65.0234
-65.0231
-65.0228
-65.0225
-65.0223
-65.022
-65.0217
-65.0215
-65.0212
-65.021
-65.0207
-65.0205
-65.0203
-65.02
-65.0198
-65.0196
-65.0194
-65.0192
-65.019
-65.0188
-65.0187
-65.0185
-65.0183
-65.0181
-65.018
-65.0178
-65.0177
-65.0175
-65.0174
-65.0172
-65.0171
-65.017
-65.0168
-65.0167
-65.0166
-65.0165
-65.0163
-65.0162
-65.0161
-65.016
-65.0159
-65.0158
-65.0157
-65.0156
-65.0155
-65.0154
-65.0153
-65.0153
-65.0152
-65.0151
-65.015
-65.0149
-65.0149
-65.0148
-65.0147
-65.0147
-65.0146
-65.0145
-65.0145
-65.0144
-65.0143
-65.0143
-65.0142
-65.0142
-65.0141
-65.0141
-65.014
-65.014
-65.0139
-65.0139
-65.0138
-65.0138
-65.0137
-65.0137
-65.0137
-65.0136
-65.0136
-65.0135
-65.0135
-65.0135
-65.0134
-65.0134
-65.0134
-65.0133
-65.0133
-65.0133
-65.0133
-65.0132
-65.0132
-65.0132
-65.0131
-65.0131
-65.0131
-65.0131
-65.0131
-65.013
-65.013
-65.013
-65.013
-65.0129
-65.0129
-65.0129
-65.0129
-65.0129
-65.0129
-65.0128
-65.0128
-65.0128
-65.0128
-65.0128
-65.0128
-65.0127
-65.0127
-65.0127
-65.0127
-65.0127
-65.0127
-65.0127
-65.0127
-65.0126
-65.0126
-65.0126
-65.0126
-65.0126
-65.0126
-65.0126
-65.0126
-65.0126
-65.0126
-65.0125
-65.0125
-65.0125
-65.0125
-65.0125
-65.0125
-65.0125
-65.0125
-65.0125
-65.0125
-65.0125
-65.0125
-65.0125
-65.0124
-65.0124
-65.0124
-65.0124
-65.0124
-65.0124
-65.0124
-65.0124
-65.0124
-65.0124
-65.0124
-65.0124
-65.0124
-65.0124
-65.0124
-65.0124
-65.0124
-65.0124
-65.0124
-65.0124
-65.0124
-65.0124
-65.0124
-65.0123
-65.0123
-65.0123
-65.0123
-65.0123
-65.0123
-65.0123
-65.0123
-65.0123
-65.0123
-65.0123
-65.0123
-65.0123
-65.0123
-65.0123
-65.0123
-65.0123
-65.0123
-65.0123
-65.0123
-65.0123
-65.0123
-65.0123
-65.0123
-65.0123
-65.0123
-65.0123
-65.0123
-65.0123
-65.0123
-65.0123
-65.0123
-65.0123
-65.0123
-65.0123
-65.0123
-65.0123
-65.0123
-65.0123
-65.0123
-65.0123
-65.0123
-65.0123
-65.0123
-65.0123
-65.0123
-65.0123
-65.0123
-65.0123
-65.0123
-65.0123
-65.0123
-65.0123
-65.0123
-65.0123
-65.0123
-65.0123
-65.0123
-65.0123
-65.0123
-65.0123
-65.0123
-65.0123
-65.0123
-65.0123
-65.0123
-65.0123
-65.0123
-65.0123
-65.0123
-65.0123
-65.0123
-65.0123
-65.0123
-64.6429
-64.3402
-64.1155
-63.9555
-63.8313
-63.7321
-63.6525
-63.5889
-63.5388
-63.5
-63.4707
-63.4497
-63.4356
-63.4276
-63.4246
-63.4261
-63.4313
-63.4398
-63.451
-63.4646
-63.4802
-63.4976
-63.5163
-63.5362
-63.5572
-63.5789
-63.6013
-63.6243
-63.6476
-63.6712
-63.695
-63.7189
-63.7428
-63.7667
-63.7648
-63.7263
-63.7076
-63.6991
-63.6989
-63.7032
-63.7108
-63.7212
-63.7336
-63.7477
-63.7633
-63.7799
-63.7975
-63.8158
-63.8346
-63.8538
-63.8734
-63.8932
-63.8863
-63.5368
-63.2436
-62.6997
-61.5902
-60.7514
-59.8754
-59.1667
-58.5434
-57.2934
-56.2637
-55.0075
-54.0285
-53.1742
-52.5366
-52.0317
-51.4359
-50.8606
-50.3722
-49.9262
-49.5561
-49.1502
-48.7761
-48.4369
-48.0921
-47.6347
-47.1418
-46.5813
-45.7679
-44.8107
-43.453
-40.9228
-31.4696
42.271
-1.23766
-34.366
-54.4426
-59.7832
-61.15
-61.4929
-61.535
-61.419
-61.2771
-61.1169
-60.9243
-60.7515
-60.609
-60.4537
-60.3173
-60.156
-60.0291
-59.937
-59.8728
-59.7801
-59.7118
-59.6673
-59.6429
-59.619
-59.5692
-59.5461
-59.5079
-59.4709
-59.457
-59.4594
-59.3899
-59.338
-59.3133
-59.2575
-59.2052
-59.1528
-59.0842
-58.9817
-58.8818
-58.7854
-58.6577
-58.5315
-58.3659
-58.2448
-58.1201
-57.9807
-57.8096
-57.4915
-57.0369
-56.4806
-55.8745
-55.3006
-54.6017
-53.8764
-52.9246
-52.0215
-51.2069
-50.5399
-49.977
-49.4463
-48.8559
-48.3212
-47.8326
-47.2935
-46.7007
-46.0532
-45.2729
-44.2117
-42.4686
-38.3653
9.8468
23.578
-19.7574
-48.9954
-59.7891
-62.559
-63.2773
-63.4419
-63.4124
-63.3137
-63.1961
-63.0802
-62.9739
-62.8797
-62.7978
-62.7276
-62.6679
-62.6177
-62.5759
-62.5416
-62.5139
-62.4919
-62.4751
-62.4629
-62.4546
-62.4499
-62.4484
-62.4496
-62.4533
-62.4592
-62.467
-62.4765
-62.4875
-62.4997
-62.5131
-62.5275
-62.5428
-62.5588
-62.5754
-62.5926
-62.6101
-62.6281
-62.6463
-62.6648
-62.6834
-62.7022
-62.721
-62.7399
-62.7588
-62.7776
-62.7964
-62.8151
-62.8337
-62.8522
-62.8706
-62.8887
-62.9068
-62.9246
-62.9423
-62.9597
-62.977
-62.994
-63.0109
-63.0275
-63.0439
-63.0601
-63.076
-63.0918
-63.0391
-62.7963
-62.6256
-62.501
-62.4148
-62.3158
-62.0665
-61.8712
-61.7273
-61.6095
-61.3954
-60.9219
-60.0447
-59.3648
-58.7641
-58.1866
-57.4943
-56.4996
-55.6069
-54.4666
-53.5456
-52.8577
-52.1746
-51.6118
-51.0535
-50.5771
-50.1936
-49.8756
-49.6053
-49.3047
-48.9522
-48.6376
-48.353
-48.0291
-47.6668
-47.2182
-46.6596
-46.03
-45.276
-44.2473
-42.4747
-38.3481
8.26663
23.3869
-20.5625
-50.4302
-61.0708
-63.749
-64.2863
-64.2651
-64.0465
-63.8056
-63.575
-63.2938
-63.0155
-62.7558
-62.5489
-62.3793
-62.195
-62.0422
-61.9187
-61.7745
-61.6573
-61.5655
-61.4954
-61.4415
-61.4006
-61.3709
-61.3508
-61.339
-61.3343
-61.3359
-61.3008
-61.272
-61.2579
-61.2559
-61.2228
-61.1451
-61.0193
-60.887
-60.6721
-60.4743
-60.2541
-59.9743
-59.588
-59.2685
-59.0128
-58.7515
-58.5165
-58.3285
-58.0533
-57.7149
-57.3821
-57.0267
-56.6012
-56.0929
-55.6521
-55.2392
-54.8
-54.2905
-53.8134
-53.2306
-52.5999
-51.9661
-51.3882
-50.9235
-50.5427
-50.1743
-49.7486
-49.3384
-48.9206
-48.5379
-48.162
-47.8026
-47.3608
-46.8766
-46.3094
-45.6216
-44.7171
-43.3542
-40.7773
-30.3828
41.5051
-4.66933
-39.6912
-59.2527
-64.2782
-65.5203
-65.7984
-65.7808
-65.6633
-65.5166
-65.3678
-65.2267
-65.0966
-64.9351
-64.792
-64.6681
-64.5612
-64.4667
-64.3826
-64.3074
-64.2401
-64.1797
-64.1254
-64.0765
-64.0326
-63.993
-63.9573
-63.9252
-63.8962
-63.8702
-63.8467
-63.8256
-63.8067
-63.7897
-63.7745
-63.7609
-63.7487
-63.7379
-63.7283
-63.7198
-63.7123
-63.7058
-63.7001
-63.6951
-63.6909
-63.6873
-63.6843
-63.6819
-63.68
-63.6785
-63.6774
-63.6768
-63.6765
-63.6765
-63.6768
-63.6774
-63.6782
-63.6793
-63.6806
-63.6821
-63.6838
-63.6857
-63.6877
-63.6899
-63.6922
-63.6946
-63.6972
-63.6998
-63.7026
-63.7055
-63.7084
-63.7114
-63.7145
-63.7177
-63.7209
-63.7243
-63.7276
-63.731
-63.7345
-63.738
-63.6844
-63.5986
-63.3615
-62.9501
-62.6669
-62.3765
-62.0842
-61.8025
-61.5498
-61.0405
-60.518
-60.0365
-59.446
-58.9607
-58.6006
-58.1809
-56.7185
-55.175
-54.0721
-53.2728
-52.667
-52.1375
-51.7161
-51.3183
-50.9444
-50.584
-50.2514
-49.9842
-49.7537
-49.5417
-49.3398
-49.1323
-48.898
-48.4583
-48.0719
-47.6344
-47.1117
-46.5598
-45.9219
-45.096
-43.9313
-41.9794
-36.8013
30.8634
13.4679
-27.364
-55.3321
-63.5843
-65.5504
-65.9324
-65.8939
-65.7243
-65.4817
-65.2423
-65.0269
-64.8368
-64.6467
-64.4662
-64.3118
-64.1784
-64.0628
-63.9242
-63.7926
-63.6836
-63.5924
-63.5149
-63.4482
-63.3907
-63.3411
-63.2985
-63.262
-63.2309
-63.1496
-63.0877
-63.0394
-63.0032
-62.9746
-62.9396
-62.8247
-62.7159
-62.6059
-62.529
-62.4223
-62.3009
-62.1536
-62.0468
-61.9683
-61.9113
-61.8693
-61.8391
-61.8187
-61.7726
-61.6791
-61.6075
-61.56
-61.5231
-61.3871
-61.1446
-60.871
-60.4122
-59.8288
-59.2518
-58.5027
-57.6512
-56.9438
-56.2347
-55.6333
-55.0126
-54.1716
-53.2327
-52.4662
-51.8739
-51.4082
-51.006
-50.6665
-50.3287

