-70
-70.0758
-70.1508
-70.225
-70.2983
-70.3706
-70.4419
-70.5122
-70.5814
-70.6496
-70.7168
-70.7829
-70.848
-70.9121
-70.9752
-71.0373
-71.0984
-71.1586
-71.2178
-71.2761
-71.3334
-71.3899
-71.4455
-71.5003
-71.5543
-71.6074
-71.6598
-71.7114
-71.7623
-71.8124
-71.8619
-71.9106
-71.9587
-72.006
-72.0527
-72.0988
-72.1442
-72.1889
-72.2331
-72.2766
-72.3196
-72.362
-72.4038
-72.445
-72.4857
-72.5258
-72.5654
-72.6045
-72.6431
-72.6812
-72.7188
-72.756
-72.7927
-72.8289
-72.8647
-72.9
-72.9349
-72.9694
-73.0035
-73.0371
-73.0704
-73.1032
-73.1357
-73.1678
-73.1994
-73.2307
-73.2617
-73.2922
-73.3224
-73.3523
-73.3817
-73.4109
-73.4397
-73.4682
-73.4963
-73.5241
-73.5516
-73.5788
-73.6057
-73.6323
-73.6585
-73.6845
-73.7102
-73.7356
-73.7608
-73.7857
-73.8103
-73.8346
-73.8587
-73.8825
-73.9061
-73.9294
-73.9524
-73.9753
-73.9979
-74.0202
-74.0423
-74.0642
-74.0859
-74.1073
-74.1285
-74.1495
-74.1703
-74.1909
-74.2112
-74.2313
-74.2513
-74.271
-74.2905
-74.3098
-74.329
-74.3479
-74.3666
-74.3852
-74.4036
-74.4217
-74.4397
-74.4575
-74.4752
-74.4926
-74.5099
-74.527
-74.544
-74.5607
-74.5774
-74.5938
-74.6101
-74.6262
-74.6422
-74.658
-74.6736
-74.6891
-74.7045
-74.7197
-74.7347
-74.7496
-74.7644
-74.779
-74.7935
-74.8079
-74.8221
-74.8362
-74.8501
-74.864
-74.8777
-74.8913
-74.9047
-74.918
-74.9313
-74.9443
-74.9573
-74.9701
-74.9829
-74.9955
-75.008
-75.0204
-75.0327
-75.0448
-75.0569
-75.0688
-75.0806
-75.0924
-75.104
-75.1155
-75.1269
-75.1382
-75.1495
-75.1606
-75.1716
-75.1825
-75.1933
-75.204
-75.2147
-75.2252
-75.2356
-75.246
-75.2562
-75.2664
-75.2764
-75.2864
-75.2963
-75.3061
-75.3158
-75.3255
-75.335
-75.3445
-75.3538
-75.3631
-75.3724
-75.3815
-75.3906
-75.3995
-75.4084
-75.4172
-75.426
-75.4346
-75.4432
-75.4518
-75.4602
-75.4686
-75.4769
-75.4851
-75.4932
-75.5013
-75.5093
-75.5173
-75.5251
-75.533
-75.5407
-75.5484
-75.556
-75.5635
-75.571
-75.5784
-75.5858
-75.593
-75.6003
-75.6074
-75.6145
-75.6216
-75.6285
-75.6355
-75.6423
-75.6491
-75.6559
-75.6626
-75.6692
-75.6758
-75.6823
-75.6888
-75.6952
-75.7015
-75.7078
-75.7141
-75.7203
-75.7264
-75.7325
-75.7386
-75.7446
-75.7505
-75.7564
-75.7622
-75.768
-75.7738
-75.7795
-75.7851
-75.7907
-75.7963
-75.8018
-75.8072
-75.8127
-75.818
-75.8234
-75.8287
-75.8339
-75.8391
-75.8443
-75.8494
-75.8545
-75.8595
-75.8645
-75.8695
-75.8744
-75.8793
-75.8841
-75.8889
-75.8937
-75.8984
-75.9031
-75.9077
-75.9123
-75.9169
-75.9214
-75.9259
-75.9304
-75.9348
-75.9392
-75.9436
-75.9479
-75.9522
-75.9565
-75.9607
-75.9649
-75.969
-75.9731
-75.9772
-75.9813
-75.9853
-75.9893
-75.9933
-75.9972
-76.0011
-76.005
-76.0088
-76.0126
-76.0164
-76.0201
-76.0239
-76.0275
-76.0312
-76.0348
-76.0384
-76.042
-76.0456
-76.0491
-76.0526
-76.056
-76.0595
-76.0629
-76.0663
-76.0696
-76.0729
-76.0762
-76.0795
-76.0828
-76.086
-76.0892
-76.0924
-76.0955
-76.0986
-76.1017
-76.1048
-76.1079
-76.1109
-76.1139
-76.1169
-76.1198
-76.1228
-76.1257
-76.1286
-76.1314
-76.1343
-76.1371
-76.1399
-76.1427
-76.1455
-76.1482
-76.1509
-76.1536
-76.1563
-76.1589
-76.1615
-76.1642
-76.1667
-76.1693
-76.1719
-76.1744
-76.1769
-76.1794
-76.1819
-76.1843
-76.1868
-76.1892
-76.1916
-76.1939
-76.1963
-76.1986
-76.201
-76.2033
-76.2056
-76.2078
-76.2101
-76.2123
-76.2145
-76.2167
-76.2189
-76.2211
-76.2232
-76.2254
-76.2275
-76.2296
-76.2317
-76.2337
-76.2358
-76.2378
-76.2398
-76.2418
-76.2438
-76.2458
-76.2478
-76.2497
-76.2516
-76.2536
-76.2554
-76.2573
-76.2592
-76.2611
-76.2629
-76.2647
-76.2665
-76.2683
-76.2701
-76.2719
-76.2737
-76.2754
-76.2771
-76.2788
-76.2806
-76.2822
-76.2839
-76.2856
-76.2872
-76.2889
-76.2905
-76.2921
-76.2937
-76.2953
-76.2969
-76.2985
-76.3
-76.3016
-76.3031
-76.3046
-76.3061
-76.3076
-76.3091
-76.3106
-76.312
-76.3135
-76.3149
-76.3164
-76.3178
-76.3192
-76.3206
-76.322
-76.3233
-76.3247
-76.3261
-76.3274
-76.3287
-76.33
-76.3314
-76.3327
-76.334
-76.3352
-76.3365
-76.3378
-76.339
-76.3403
-76.3415
-76.3427
-76.3439
-76.3452
-76.3464
-76.3475
-76.3487
-76.3499
-76.351
-76.3522
-76.3533
-76.3545
-76.3556
-76.3567
-76.3578
-76.3589
-76.36
-76.3611
-76.3622
-76.3632
-76.3643
-76.3654
-76.3664
-76.3674
-76.3685
-76.3695
-76.3705
-76.3715
-76.3725
-76.3735
-76.3745
-76.3754
-76.3764
-76.3774
-76.3783
-76.3793
-76.3802
-76.3811
-76.382
-76.383
-76.3839
-76.3848
-76.3857
-76.3866
-76.3874
-76.3883
-76.3892
-76.39
-76.3909
-76.3917
-76.3926
-76.3934
-76.3943
-76.3951
-76.3959
-76.3967
-76.3975
-76.3983
-76.3991
-76.3999
-76.4007
-76.4014
-76.4022
-76.403
-76.4037
-76.4045
-76.4052
-76.406
-76.4067
-76.4074
-76.4082
-76.4089
-74.8509
-70.5394
-67.0677
-64.4383
-62.3694
-60.6139
-58.8923
-56.6604
-50.6804
33.9118
-16.0888
-50.9472
-78.9028
-79.1134
-79.0087
-78.8884
-78.7566
-78.6135
-78.2127
-76.3092
-75.1594
-74.474
-73.9313
-73.4415
-72.978
-72.5331
-72.1058
-71.6976
-71.3104
-70.9463
-70.6072
-70.3147
-71.4204
-72.3842
-72.9483
-73.2887
-73.5022
-72.0673
-69.0976
-67.0911
-65.7895
-64.9144
-64.9219
-65.5288
-65.9875
-66.413
-67.5077
-68.3625
-68.9402
-69.3446
-69.638
-69.8582
-70.0288
-70.1652
-70.2776
-70.3728
-70.4556
-70.5294
-70.5967
-70.659
-70.7178
-70.774
-70.8282
-70.881
-70.9327
-70.9836
-71.034
-71.0839
-71.1335
-71.1829
-71.2321
-71.2811
-71.3299
-70.4266
-66.8965
-63.9816
-61.7478
-59.8828
-58.0388
-55.4845
-45.4256
18.5606
-23.6223
-67.2993
-79.5604
-78.7505
-78.4019
-78.2035
-77.9996
-77.7812
-77.5487
-77.3031
-77.0464
-76.5206
-74.0148
-72.1076
-70.8475
-69.9119
-69.1593
-68.5237
-68.1568
-68.3688
-68.5867
-69.763
-70.6743
-71.2158
-71.5473
-71.9837
-72.4624
-72.7741
-72.9771
-73.1142
-73.2194
-73.6454
-74.0748
-74.3462
-74.5207
-74.6376
-74.7189
-74.7775
-74.8212
-74.8549
-74.8817
-74.9036
-74.9221
-74.9382
-74.9525
-74.9655
-74.9776
-74.989
-75
-75.0106
-75.0209
-75.0311
-75.0412
-75.0512
-75.0611
-75.0711
-75.0811
-75.091
-75.101
-75.111
-75.121
-75.131
-75.141
-75.1511
-75.1611
-75.1711
-75.1812
-75.1912
-75.2012
-75.2112
-75.2211
-75.231
-75.2409
-75.2507
-75.2605
-75.2703
-75.28
-75.2896
-75.2992
-75.3087
-75.3182
-75.3276
-75.337
-75.3463
-75.3555
-75.3646
-75.3737
-75.3827
-75.3917
-75.4006
-75.4094
-75.4181
-75.4268
-75.4354
-71.8091
-67.9611
-65.0486
-62.7962
-60.9378
-59.1964
-57.1078
-52.6403
43.1513
-9.97105
-41.3535
-78.9779
-78.9403
-78.6204
-78.4459
-78.265
-78.0698
-77.8604
-77.6375
-77.4026
-77.1576
-74.8455
-72.8427
-71.5559
-70.6216
-69.8745
-69.2415
-68.6879
-68.1961
-67.4051
-65.0376
-62.9997
-61.4215
-60.0827
-59.1929
-59.5716
-60.9152
-63.2507
-66.3638
-68.5115
-69.3396
-67.8936
-66.7693
-66.1076
-65.7041
-65.4537
-65.2995
-65.2089
-65.1619
-65.8702
-66.7197
-67.337
-67.7894
-68.1308
-68.3962
-68.6083
-68.7825
-68.9292
-69.0558
-69.1674
-69.2678
-69.3599
-69.4457
-69.5266
-69.6039
-69.6783
-69.7506
-69.8212
-69.8904
-69.9585
-70.0258
-70.0923
-70.1582
-70.2235
-70.2883
-70.3526
-70.4164
-70.4798
-70.5428
-70.6052
-68.7011
-65.3421
-62.7229
-60.6511
-58.7988
-56.6872
-52.4981
44.4488
-9.99363
-41.2955
-78.7069
-79.082
-78.4781
-78.2406
-78.0361
-77.8191
-77.5875
-77.3423
-77.0852
-76.8182
-76.5438
-75.2605
-72.495
-70.5301
-69.1606
-68.1281
-67.3058
-66.6267
-66.053
-65.5616
-65.1383
-64.8086
-65.411
-66.0635
-66.8511
-68.1765
-69.6217
-70.6138
-71.2797
-71.7417
-72.0722
-72.5111
-73.0004
-73.3474
-73.5935
-73.773
-73.9076
-74.0111
-74.0924
-74.2563
-74.473
-74.636
-74.7575
-74.8502
-74.9226
-74.9802
-75.027
-75.0657
-75.1615
-75.2881
-75.4236
-75.5211
-75.5905
-75.6415
-75.6799
-75.7096
-75.7332
-75.7522
-75.7679
-75.7812
-75.7925
-75.8025
-75.8113
-75.8192
-75.8265
-75.8332
-75.8394
-75.8454
-75.851
-75.8564
-75.8617
-75.8668
-75.8717
-75.8766
-75.8814
-75.8861
-75.8907
-75.8953
-75.8999
-75.9044
-75.9088
-75.9133
-75.9177
-75.9221
-75.9264
-75.9307
-75.935
-75.9393
-75.9435
-75.9478
-75.952
-75.9561
-75.9603
-75.9644
-75.9685
-75.9725
-75.9766
-75.9806
-75.9846
-72.289
-68.3686
-65.403
-63.1169
-61.2497
-59.5409
-57.5989
-54.0708
43.3352
-1.87689
-33.9626
-77.7871
-79.7317
-79.7241
-79.6894
-79.6501
-79.6069
-79.5596
-79.5082
-76.8061
-74.9138
-73.8712
-73.1418
-72.5426
-72.0093
-71.518
-71.0595
-70.238
-67.6674
-65.5067
-63.9084
-62.664
-61.6403
-60.7427
-59.8935
-59.0087
-57.8376
-54.7704
-35.3732
8.22702
-28.3187
-73.6027
-79.3067
-79.3067
-79.2232
-79.0356
-77.5282
-76.7579
-76.3135
-75.9444
-75.6004
-75.308
-75.0766
-74.8438
-74.6127
-74.3894
-74.1767
-73.9766
-73.7898
-73.6171
-73.4587
-73.3145
-73.1843
-73.2849
-73.4147
-73.502
-73.5608
-73.6011
-73.6297
-73.6507
-73.667
-73.6805
-73.6923
-73.7034
-73.7143
-73.7254
-73.7369
-73.7489
-73.9404
-74.1474
-74.3104
-74.4396
-74.5437
-74.6289
-74.6995
-74.7588
-74.8093
-74.8527
-74.8904
-74.9236
-74.953
-74.9794
-75.0033
-75.0251
-75.0452
-75.0638
-75.0811
-73.2001
-69.1584
-65.9992
-63.6136
-61.7228
-60.0801
-58.3934
-56.0174
-47.5808
23.998
-20.9449
-62.1314
-79.5874
-79.7332
-78.5603
-78.1132
-77.8756
-77.641
-77.3931
-77.1314
-76.8576
-76.5739
-76.283
-73.8518
-71.619
-70.119
-69.0248

