-70
-70.0758
-70.1508
-70.225
-70.2983
-70.3706
-70.4419
-70.5122
-70.5814
-70.6496
-70.7168
-70.7829
-70.848
-70.9121
-70.9752
-71.0373
-71.0984
-71.1586
-71.2178
-71.2761
-71.3334
-71.3899
-71.4455
-71.5003
-71.5543
-71.6074
-71.6598
-71.7114
-71.7623
-71.8124
-71.8619
-71.9106
-71.9587
-72.006
-72.0527
-72.0988
-72.1442
-72.1889
-72.2331
-72.2766
-72.3196
-72.362
-72.4038
-72.445
-72.4857
-72.5258
-72.5654
-72.6045
-72.6431
-72.6812
-72.7188
-72.756
-72.7927
-72.8289
-72.8647
-72.9
-72.9349
-72.9694
-73.0035
-73.0371
-73.0704
-73.1032
-73.1357
-73.1678
-73.1994
-73.2307
-73.2617
-73.2922
-73.3224
-73.3523
-73.3817
-73.4109
-73.4397
-73.4682
-73.4963
-73.5241
-73.5516
-73.5788
-73.6057
-73.6323
-73.6585
-73.6845
-73.7102
-73.7356
-73.7608
-73.7857
-73.8103
-73.8346
-73.8587
-73.8825
-73.9061
-73.9294
-73.9524
-73.9753
-73.9979
-74.0202
-74.0423
-74.0642
-74.0859
-74.1073
-74.1285
-74.1495
-74.1703
-74.1909
-74.2112
-74.2313
-74.2513
-74.271
-74.2905
-74.3098
-74.329
-74.3479
-74.3666
-74.3852
-74.4036
-74.4217
-74.4397
-74.4575
-74.4752
-74.4926
-74.5099
-74.527
-74.544
-74.5607
-74.5774
-74.5938
-74.6101
-74.6262
-74.6422
-74.658
-74.6736
-74.6891
-74.7045
-74.7197
-74.7347
-74.7496
-74.7644
-74.779
-74.7935
-74.8079
-74.8221
-74.8362
-74.8501
-74.864
-74.8777
-74.8913
-74.9047
-74.918
-74.9313
-74.9443
-74.9573
-74.9701
-74.9829
-74.9955
-75.008
-75.0204
-75.0327
-75.0448
-75.0569
-75.0688
-75.0806
-75.0924
-75.104
-75.1155
-75.1269
-75.1382
-75.1495
-75.1606
-75.1716
-75.1825
-75.1933
-75.204
-75.2147
-75.2252
-75.2356
-75.246
-75.2562
-75.2664
-75.2764
-75.2864
-75.2963
-75.3061
-75.3158
-75.3255
-75.335
-75.3445
-75.3538
-75.3631
-75.3724
-75.3815
-75.3906
-75.3995
-75.4084
-75.4172
-75.426
-75.4346
-75.4432
-75.4518
-75.4602
-75.4686
-75.4769
-75.4851
-75.4932
-75.5013
-75.5093
-75.5173
-75.5251
-75.533
-75.5407
-75.5484
-75.556
-75.5635
-75.571
-75.5784
-75.5858
-75.593
-75.6003
-75.6074
-75.6145
-75.6216
-75.6285
-75.6355
-75.6423
-75.6491
-75.6559
-75.6626
-75.6692
-75.6758
-75.6823
-75.6888
-75.6952
-75.7015
-75.7078
-75.7141
-75.7203
-75.7264
-75.7325
-75.7386
-75.7446
-75.7505
-75.7564
-75.7622
-75.768
-75.7738
-75.7795
-75.7851
-75.7907
-75.7963
-75.8018
-75.8072
-75.8127
-75.818
-75.8234
-75.8287
-75.8339
-75.8391
-75.8443
-75.8494
-75.8545
-75.8595
-75.8645
-75.8695
-75.8744
-75.8793
-75.8841
-75.8889
-75.8937
-75.8984
-75.9031
-75.9077
-75.9123
-75.9169
-75.9214
-75.9259
-75.9304
-75.9348
-75.9392
-75.9436
-75.9479
-75.9522
-75.9565
-75.9607
-75.9649
-75.969
-75.9731
-75.9772
-75.9813
-75.9853
-75.9893
-75.9933
-75.9972
-76.0011
-76.005
-76.0088
-76.0126
-76.0164
-76.0201
-76.0239
-76.0275
-76.0312
-76.0348
-76.0384
-76.042
-76.0456
-76.0491
-76.0526
-76.056
-76.0595
-76.0629
-76.0663
-76.0696
-76.0729
-76.0762
-76.0795
-76.0828
-76.086
-76.0892
-76.0924
-76.0955
-76.0986
-76.1017
-76.1048
-76.1079
-76.1109
-76.1139
-76.1169
-76.1198
-76.1228
-76.1257
-76.1286
-76.1314
-76.1343
-76.1371
-76.1399
-76.1427
-76.1455
-76.1482
-76.1509
-76.1536
-76.1563
-76.1589
-76.1615
-76.1642
-76.1667
-76.1693
-76.1719
-76.1744
-76.1769
-76.1794
-76.1819
-76.1843
-76.1868
-76.1892
-76.1916
-76.1939
-76.1963
-76.1986
-76.201
-76.2033
-76.2056
-76.2078
-76.2101
-76.2123
-76.2145
-76.2167
-76.2189
-76.2211
-76.2232
-76.2254
-76.2275
-76.2296
-76.2317
-76.2337
-76.2358
-76.2378
-76.2398
-76.2418
-76.2438
-76.2458
-76.2478
-76.2497
-76.2516
-76.2536
-76.2554
-76.2573
-76.2592
-76.2611
-76.2629
-76.2647
-76.2665
-76.2683
-76.2701
-76.2719
-76.2737
-76.2754
-76.2771
-76.2788
-76.2806
-76.2822
-76.2839
-76.2856
-76.2872
-76.2889
-76.2905
-76.2921
-76.2937
-76.2953
-76.2969
-76.2985
-76.3
-76.3016
-76.3031
-76.3046
-76.3061
-76.3076
-76.3091
-76.3106
-76.312
-76.3135
-76.3149
-76.3164
-76.3178
-76.3192
-76.3206
-76.322
-76.3233
-76.3247
-76.3261
-76.3274
-76.3287
-76.33
-76.3314
-76.3327
-76.334
-76.3352
-76.3365
-76.3378
-76.339
-76.3403
-76.3415
-76.3427
-76.3439
-76.3452
-76.3464
-76.3475
-76.3487
-76.3499
-76.351
-76.3522
-76.3533
-76.3545
-76.3556
-76.3567
-76.3578
-76.3589
-76.36
-76.3611
-76.3622
-76.3632
-76.3643
-76.3654
-76.3664
-76.3674
-76.3685
-76.3695
-76.3705
-76.3715
-76.3725
-76.3735
-76.3745
-76.3754
-76.3764
-76.3774
-76.3783
-76.3793
-76.3802
-76.3811
-76.382
-76.383
-76.3839
-76.3848
-76.3857
-76.3866
-76.3874
-76.3883
-76.3892
-76.39
-76.3909
-76.3917
-76.3926
-76.3934
-76.3943
-76.3951
-76.3959
-76.3967
-76.3975
-76.3983
-76.3991
-76.3999
-76.4007
-76.4014
-76.4022
-76.403
-76.4037
-76.4045
-76.4052
-73.0945
-69.0255
-65.9295
-63.5553
-61.6413
-59.9385
-58.1125
-55.246
-31.2515
9.69463
-27.3558
-73.7447
-79.0249
-78.7511
-78.5907
-78.4241
-78.2434
-78.0487
-77.8404
-77.6198
-77.3884
-75.137
-73.2319
-72.0281
-71.1533
-70.4465
-69.8396
-69.3018
-68.8181
-68.3811
-68.0627
-68.465
-68.8435
-69.0954
-69.923
-71.1068
-71.899
-72.5894
-70.3694
-68.5557
-67.7274
-67.8338
-67.9682
-68.0577
-68.6025
-69.2422
-69.6488
-69.9116
-70.1476
-70.7845
-71.2702
-71.5898
-71.8088
-71.9651
-72.0811
-72.1704
-72.2416
-72.3003
-72.3503
-72.3941
-72.4335
-72.4698
-72.5038
-72.5363
-72.5676
-71.6243
-68.1651
-66.1374
-64.9214
-64.104
-63.5385
-63.139
-62.8553
-62.6537
-62.5137
-62.4221
-62.3696
-62.3497
-62.3577
-62.3897
-62.4429
-62.5148
-61.1894
-59.0674
-56.9282
-53.5308
17.0714
-2.38385
-34.4937
-77.1532
-79.4727
-78.7726
-78.1036
-77.8171
-77.5715
-77.3159
-77.0468
-76.7654
-76.4697
-76.1503
-74.0566
-71.981
-70.6746
-69.964
-70.614
-71.5341
-72.245
-72.5506
-72.6646
-72.7106
-73.1673
-73.6926
-73.9622
-74.0862
-74.1459
-74.1755
-74.3112
-74.5621
-74.721
-74.8087
-74.8599
-74.8916
-74.9124
-74.927
-74.9719
-75.0676
-75.1371
-75.1854
-75.2201
-75.2461
-75.2663
-75.2826
-75.2961
-75.3077
-75.318
-75.3272
-75.3358
-75.344
-75.3517
-75.3593
-75.3666
-75.3739
-75.3811
-75.3883
-75.3955
-75.4027
-75.4099
-75.4172
-75.4245
-75.4318
-75.4391
-75.4465
-75.4539
-75.4613
-75.4687
-75.4761
-75.4836
-75.491
-75.4984
-75.5059
-75.5133
-75.5207
-75.5281
-75.5355
-75.5428
-75.5502
-75.5574
-75.5647
-75.5719
-75.5791
-75.5863
-75.5934
-75.6004
-75.6074
-75.6144
-75.6213
-75.6282
-75.6351
-75.6418
-75.6486
-75.6553
-72.8621
-68.8185
-65.7154
-63.3378
-61.4155
-59.6858
-57.7763
-54.522
19.4026
1.97798
-31.4825
-76.804
-79.0121
-78.697
-78.5289
-78.3559
-78.1689
-77.9676
-77.7528
-77.5257
-77.288
-75.2107
-73.1583
-71.8515
-70.9149
-70.386
-70.2159
-70.0245
-69.8121
-69.387
-67.1541
-65.713
-65.6379
-66.9364
-67.7867
-68.2626
-68.5435
-68.7182
-68.8329
-68.9132
-67.4586
-65.6621
-65.1654
-64.9541
-64.8347
-64.7732
-64.7501
-64.7539
-65.2552
-66.2689
-67.0265
-67.5719
-67.9767
-68.2858
-68.5288
-68.7251
-68.8879
-69.0261
-69.6838
-70.3439
-71.0106
-71.81
-72.393
-72.8094
-73.1149
-73.3447
-73.5215
-73.6603
-73.7715
-73.8622
-72.9115
-69.2235
-66.3198
-64.239
-62.6896
-61.4731
-60.4456
-59.4871
-58.4647
-57.1435
-54.753
-39.4751
10.9732
-27.1071
-72.6233
-79.7129
-79.7837
-79.759
-78.594
-77.3973
-76.9132
-76.5644
-76.229
-75.8887
-75.542
-75.191
-74.8391
-73.0942
-70.5035
-68.6452
-67.8519
-67.5519
-67.9141
-68.2268
-68.3911
-68.4723
-68.508
-68.4341
-66.4012
-66.0092
-67.4222
-68.4633
-68.9981
-69.287
-69.5157
-70.1406
-70.5801
-70.8442
-71.0121
-71.1252
-71.5472
-71.9237
-72.1747
-72.6032
-72.9941
-73.3453
-73.7375
-73.9963
-74.1646
-74.2789
-74.3596
-74.4187
-74.4637
-74.499
-74.5277
-74.5517
-74.5723
-74.5906
-74.6072
-74.6225
-74.6369
-74.6506
-74.6639
-74.6768
-74.6895
-74.7021
-74.7145
-74.727
-74.7393
-74.7517
-74.7641
-74.7765
-74.7889
-74.8014
-74.8138
-74.8263
-74.8388
-74.8513
-74.8638
-74.8763
-74.8888
-74.9012
-74.9137
-74.9261
-74.9384
-74.9508
-74.963
-74.9753
-74.9874
-74.9995
-75.0116
-75.0236
-75.0355
-75.0473
-75.0591
-75.0707
-75.0823
-75.0938
-75.1053
-75.1166
-75.1279
-75.1391
-75.1502
-75.1612
-75.1721
-75.1829
-75.1937
-75.2043
-75.2149
-75.2253
-75.2357
-75.246
-75.2563
-75.2664
-75.2764
-75.2864
-75.2962
-75.306
-75.3157
-75.3253
-75.3349
-75.3443
-72.5721
-68.5589
-65.4802
-63.1181
-61.1977
-59.4439
-57.4373
-53.649
46.1584
-4.72115
-36.1276
-78.3022
-78.9601
-78.6599
-78.4908
-78.3143
-78.1236
-77.9186
-77.7002
-77.4697
-77.2287
-74.9231
-72.9408
-71.6745
-70.7721
-70.4528
-70.2265
-69.9809
-69.7339
-69.4962
-67.825
-66.1237
-65.3342
-65.7671
-66.9738
-67.7083
-68.1393
-68.4056
-68.579
-68.6984
-69.1516
-69.4302
-68.6487
-68.187
-67.9558
-67.8376
-67.7792
-67.755
-67.7517
-67.7623
-67.9855
-68.7251
-69.2833
-69.6691
-69.9461
-70.1522
-70.3109
-70.4372
-70.541
-70.6287
-70.7051
-70.7732
-70.8352
-70.8928
-70.9472
-70.9992
-71.0495
-71.4061
-71.9019
-72.2936
-72.6002
-72.8444
-73.0417
-73.2036
-73.338
-73.4511
-73.5474
-73.6302
-73.7022
-73.7655
-73.8216
-73.8718
-73.9172
-73.9585
-73.9965
-74.0316
-74.0642
-74.0949
-74.1238
-74.1512
-72.3307
-68.3993
-65.3175
-62.9756
-61.0888
-59.3852
-57.4786
-54.1282
31.6009
-0.549614
-33.1747
-76.9146
-78.9576
-78.857
-78.7194
-78.5683
-78.4042
-78.2274
-78.0385
-77.575
-75.2906

