-70
-70.0758
-70.1508
-70.225
-70.2983
-70.3706
-70.4419
-70.5122
-70.5814
-70.6496
-70.7168
-70.7829
-70.848
-70.9121
-70.9752
-71.0373
-71.0984
-71.1586
-71.2178
-71.2761
-71.3334
-71.3899
-71.4455
-71.5003
-71.5543
-71.6074
-71.6598
-71.7114
-71.7623
-71.8124
-71.8619
-71.9106
-71.9587
-72.006
-72.0527
-72.0988
-72.1442
-72.1889
-72.2331
-72.2766
-72.3196
-72.362
-72.4038
-72.445
-72.4857
-72.5258
-72.5654
-72.6045
-72.6431
-72.6812
-72.7188
-72.756
-72.7927
-72.8289
-72.8647
-72.9
-72.9349
-72.9694
-73.0035
-73.0371
-73.0704
-73.1032
-73.1357
-73.1678
-73.1994
-73.2307
-73.2617
-73.2922
-73.3224
-73.3523
-73.3817
-73.4109
-73.4397
-73.4682
-73.4963
-73.5241
-73.5516
-73.5788
-73.6057
-73.6323
-73.6585
-73.6845
-73.7102
-73.7356
-73.7608
-73.7857
-73.8103
-73.8346
-73.8587
-73.8825
-73.9061
-73.9294
-73.9524
-73.9753
-73.9979
-74.0202
-74.0423
-74.0642
-74.0859
-74.1073
-74.1285
-74.1495
-74.1703
-74.1909
-74.2112
-74.2313
-74.2513
-74.271
-74.2905
-74.3098
-74.329
-74.3479
-74.3666
-74.3852
-74.4036
-74.4217
-74.4397
-74.4575
-74.4752
-74.4926
-74.5099
-74.527
-74.544
-74.5607
-74.5774
-74.5938
-74.6101
-74.6262
-74.6422
-74.658
-74.6736
-74.6891
-74.7045
-74.7197
-74.7347
-74.7496
-74.7644
-74.779
-74.7935
-74.8079
-74.8221
-74.8362
-74.8501
-74.864
-74.8777
-74.8913
-74.9047
-74.918
-74.9313
-74.9443
-74.9573
-74.9701
-74.9829
-74.9955
-75.008
-75.0204
-75.0327
-75.0448
-75.0569
-75.0688
-75.0806
-75.0924
-75.104
-75.1155
-75.1269
-75.1382
-75.1495
-75.1606
-75.1716
-75.1825
-75.1933
-75.204
-75.2147
-75.2252
-75.2356
-75.246
-75.2562
-75.2664
-75.2764
-75.2864
-75.2963
-75.3061
-75.3158
-75.3255
-75.335
-75.3445
-75.3538
-75.3631
-75.3724
-75.3815
-75.3906
-75.3995
-75.4084
-75.4172
-75.426
-75.4346
-75.4432
-75.4518
-75.4602
-75.4686
-75.4769
-75.4851
-75.4932
-75.5013
-75.5093
-75.5173
-75.5251
-75.533
-75.5407
-75.5484
-75.556
-75.5635
-75.571
-75.5784
-75.5858
-75.593
-75.6003
-75.6074
-75.6145
-75.6216
-75.6285
-75.6355
-75.6423
-75.6491
-75.6559
-75.6626
-75.6692
-75.6758
-75.6823
-75.6888
-75.6952
-75.7015
-75.7078
-75.7141
-75.7203
-75.7264
-75.7325
-75.7386
-75.7446
-75.7505
-75.7564
-75.7622
-75.768
-75.7738
-75.7795
-75.7851
-75.7907
-75.7963
-75.8018
-75.8072
-75.8127
-75.818
-75.8234
-75.8287
-75.8339
-75.8391
-75.8443
-75.8494
-75.8545
-75.8595
-75.8645
-75.8695
-75.8744
-75.8793
-75.8841
-75.8889
-75.8937
-75.8984
-75.9031
-75.9077
-75.9123
-75.9169
-75.9214
-75.9259
-75.9304
-75.9348
-75.9392
-75.9436
-75.9479
-75.9522
-75.9565
-75.9607
-75.9649
-75.969
-75.9731
-75.9772
-75.9813
-75.9853
-75.9893
-75.9933
-75.9972
-76.0011
-76.005
-76.0088
-76.0126
-76.0164
-76.0201
-76.0239
-76.0275
-76.0312
-76.0348
-76.0384
-76.042
-76.0456
-76.0491
-76.0526
-76.056
-76.0595
-76.0629
-76.0663
-76.0696
-76.0729
-76.0762
-76.0795
-76.0828
-76.086
-76.0892
-76.0924
-76.0955
-76.0986
-76.1017
-76.1048
-76.1079
-76.1109
-76.1139
-76.1169
-76.1198
-76.1228
-76.1257
-76.1286
-76.1314
-76.1343
-76.1371
-76.1399
-76.1427
-76.1455
-76.1482
-76.1509
-76.1536
-76.1563
-76.1589
-76.1615
-76.1642
-76.1667
-76.1693
-76.1719
-76.1744
-76.1769
-76.1794
-76.1819
-76.1843
-76.1868
-76.1892
-76.1916
-76.1939
-76.1963
-76.1986
-76.201
-76.2033
-76.2056
-76.2078
-76.2101
-76.2123
-76.2145
-76.2167
-76.2189
-76.2211
-76.2232
-76.2254
-76.2275
-76.2296
-76.2317
-76.2337
-76.2358
-76.2378
-76.2398
-76.2418
-76.2438
-76.2458
-76.2478
-76.2497
-76.2516
-76.2536
-76.2554
-76.2573
-76.2592
-76.2611
-76.2629
-76.2647
-76.2665
-76.2683
-76.2701
-76.2719
-76.2737
-76.2754
-76.2771
-76.2788
-76.2806
-76.2822
-76.2839
-76.2856
-76.2872
-76.2889
-76.2905
-76.2921
-76.2937
-76.2953
-76.2969
-76.2985
-76.3
-76.3016
-76.3031
-76.3046
-76.3061
-76.3076
-76.3091
-76.3106
-76.312
-76.3135
-76.3149
-76.3164
-76.3178
-76.3192
-76.3206
-76.322
-76.3233
-76.3247
-76.3261
-76.3274
-76.3287
-76.33
-76.3314
-76.3327
-76.334
-76.3352
-76.3365
-76.3378
-76.339
-76.3403
-76.3415
-76.3427
-76.3439
-76.3452
-76.3464
-76.3475
-76.3487
-76.3499
-76.351
-76.3522
-76.3533
-76.3545
-76.3556
-76.3567
-76.3578
-76.3589
-76.36
-76.3611
-76.3622
-76.3632
-76.3643
-76.3654
-76.3664
-76.3674
-76.3685
-76.3695
-76.3705
-76.3715
-76.3725
-76.3735
-76.3745
-76.3754
-76.3764
-76.3774
-76.3783
-76.3793
-76.3802
-76.3811
-76.382
-76.383
-76.3839
-76.3848
-76.3857
-76.3866
-76.3874
-76.3883
-76.3892
-76.39
-76.3909
-76.3917
-76.3926
-76.3934
-76.3943
-76.3951
-76.3959
-76.3967
-76.3975
-76.3983
-76.3991
-76.3999
-76.4007
-76.4014
-76.4022
-76.403
-76.4037
-76.4045
-76.4052
-76.406
-76.4067
-76.4074
-76.4082
-76.4089
-76.4096
-76.4103
-76.411
-76.4117
-76.4124
-76.4131
-76.4137
-76.4144
-76.4151
-76.4158
-76.4164
-76.4171
-76.4177
-76.4184
-76.419
-76.4196
-76.4203
-76.4209
-76.4215
-76.4221
-76.4227
-76.4234
-76.424
-76.4246
-76.4251
-76.4257
-76.4263
-76.4269
-76.4275
-76.428
-76.4286
-76.4292
-76.4297
-76.4303
-76.4308
-76.4314
-76.4319
-76.4325
-76.4255
-76.3827
-76.3443
-76.3143
-76.2906
-76.2717
-76.2566
-76.2445
-76.2348
-76.2269
-76.2206
-76.2156
-76.2021
-76.1782
-76.1594
-76.1452
-76.1344
-76.1261
-76.1199
-76.1152
-76.1117
-76.1092
-76.1075
-76.1064
-76.1059
-76.1059
-76.1062
-76.1068
-76.1078
-76.1089
-76.1103
-76.1119
-76.1136
-76.1154
-76.1174
-76.1194
-76.1215
-76.1237
-76.126
-76.1283
-76.1307
-76.1331
-76.1355
-76.1379
-76.1404
-76.1429
-76.1454
-76.1479
-76.1504
-76.1529
-76.1554
-76.158
-76.1605
-76.163
-76.1655
-76.168
-76.1704
-76.1729
-76.1754
-76.1778
-76.1803
-76.1779
-76.1559
-76.1276
-76.107
-76.0926
-76.0824
-76.075
-76.0698
-76.0659
-76.0581
-76.0516
-76.0472
-76.0443
-76.0426
-76.0416
-76.0387
-76.0351
-76.0328
-76.0316
-76.031
-76.0311
-76.0315
-76.0323
-76.0334
-76.0347
-76.0362
-76.0379
-76.0397
-76.0416
-76.0437
-76.0459
-76.0481
-76.0505
-76.0529
-76.0554
-76.0579
-76.0605
-76.0632
-76.0659
-76.0635
-76.0595
-76.0567
-76.0549
-76.0539
-76.0535
-76.0536
-76.0541
-76.0549
-76.056
-76.0574
-76.0589
-76.0606
-76.0625
-76.0645
-76.0667
-76.0689
-76.0712
-76.0736
-76.0761
-76.0786
-76.0812
-76.0838
-76.0865
-76.0891
-76.0919
-76.0946
-76.0974
-76.1002
-76.103
-76.1058
-76.1086
-76.1114
-76.1142
-76.117
-76.1198
-76.1226
-76.1254
-76.1281
-76.1309
-76.1337
-76.1364
-76.1392
-76.1419
-76.1446
-76.1473
-76.1499
-76.1526
-76.1553
-76.1579
-76.1605
-76.1631
-76.1657
-76.1682
-76.1708
-76.1733
-76.1758
-76.1783
-76.1807
-76.1832
-76.1856
-76.188
-76.1904
-76.1928
-76.1952
-76.1975
-76.1999
-76.2022
-76.2045
-76.2067
-76.209
-76.2112
-76.2135
-76.2157
-76.2179
-76.22
-76.2222
-76.2243
-76.2264
-76.2285
-76.2227
-76.1859
-76.1537
-76.1309
-76.1144
-76.1024
-76.0937
-76.0872
-76.0826
-76.0792
-76.077
-76.0755
-76.0747
-76.0744
-76.0746
-76.0752
-76.0761
-76.0772
-76.0786
-76.0801
-76.0819
-76.0838
-76.0858
-76.0879
-76.0901
-76.0924
-76.0947
-76.0972
-76.0997
-76.1022
-76.1047
-76.1073
-76.11
-76.1126
-76.1153
-76.118
-76.1206
-76.1233
-76.126
-76.1287
-76.1314
-76.1341
-76.1368
-76.1395
-76.1422
-76.1448
-76.1475
-76.1501
-76.1528
-76.1554
-76.158
-76.1606
-76.1632
-76.1657
-76.1683
-76.1708
-76.1733
-76.1758
-76.1783
-76.1807
-76.1832
-76.1856
-76.188
-76.1904
-76.1928
-76.1951
-76.1975
-76.1998
-76.2021
-76.1934
-76.1756
-76.1614
-76.1408
-76.1194
-76.1038
-76.0927
-76.0846
-76.0787
-76.0745
-76.0716
-76.0696
-76.0668
-76.0603
-76.0554
-76.052
-76.0498
-76.0459
-76.041
-76.0377
-76.0357
-76.0346
-76.0342
-76.0343
-76.0348
-76.0356
-76.0368
-76.0381
-76.0396
-76.0414
-76.0432
-76.0452
-76.0473
-76.0495
-76.0518
-76.0542
-76.0566
-76.0591
-76.0617
-76.0643
-76.067
-76.0697
-76.0725
-76.0753
-76.0781
-76.0809
-76.0838
-76.0866
-76.0895
-76.0924
-76.0953
-76.0981
-76.101
-76.1039
-76.1068
-76.1097
-76.1126
-76.1154
-76.1183
-76.1211
-76.124
-76.1268
-76.1296
-76.1324
-76.1352
-76.1379
-76.1407
-76.1434
-76.1461
-76.1488
-76.1515
-76.1542
-76.1568
-76.1595
-76.1621
-76.1647
-76.1672
-76.1698
-76.1723
-76.1748
-76.1773
-76.1798
-76.1823
-76.1847
-76.1871
-76.1895
-76.1919
-76.1943
-76.1967
-76.199
-76.2013
-76.2036
-76.2059
-76.2082
-76.2104
-76.2126
-76.2148
-76.217
-76.2192
-76.2214
-76.2235
-76.2257
-76.2278
-76.2299
-76.232
-76.234
-76.2361
-76.2381
-76.2401
-76.2421
-76.2441
-76.2461
-76.248
-76.25
-76.2519
-76.2538
-76.2557
-76.2576
-76.2595
-76.2613
-76.2632
-76.265
-76.2668
-76.2686
-76.2704
-76.2721
-76.2739
-76.2756
-76.2774
-76.2791
-76.2808
-76.2825
-76.2842
-76.2858
-76.2865
-76.2462
-76.2012
-76.169
-76.1458
-76.1289
-76.1163
-76.107
-76.1001
-76.095
-76.0912
-76.0886
-76.0868
-76.0857
-76.0852
-76.0852
-76.0856
-76.0863
-76.0873
-76.0885
-76.09
-76.0916
-76.0934
-76.0953
-76.0973
-76.0994
-76.1017
-76.104
-76.1063
-76.1087
-76.1112
-76.1137
-76.1162
-76.1188
-76.1214
-76.124
-76.1266
-76.1292
-76.1318
-76.1345
-76.1371
-76.1398
-76.1424
-76.145
-76.1476
-76.1503
-76.1529
-76.1555
-76.158
-76.1606
-76.1632
-76.1657
-76.1683
-76.1708
-76.1733
-76.1758
-76.1782
-76.1807
-76.1831
-76.1856
-76.188
-76.1904
-76.1927
-76.1951
-76.1974
-76.1997
-76.202
-76.2043

