-70
-69.8623
-69.7285
-69.5983
-69.4718
-69.3487
-69.2291
-69.1128
-68.9997
-68.8897
-68.7828
-68.6789
-68.5778
-68.4795
-68.3839
-68.291
-68.2007
-68.1128
-68.0274
-67.9443
-67.8636
-67.7851
-67.7087
-67.6345
-67.5623
-67.4921
-67.4238
-67.3574
-67.2929
-67.2301
-67.1691
-67.1098
-67.0521
-66.996
-66.9414
-66.8884
-66.8368
-66.7866
-66.7378
-66.6904
-66.6443
-66.5994
-66.5558
-66.5133
-66.4721
-66.432
-66.393
-66.355
-66.3181
-66.2823
-66.2474
-66.2134
-66.1805
-66.1484
-66.1172
-66.0868
-66.0573
-66.0286
-66.0007
-65.9736
-65.9472
-65.9215
-65.8966
-65.8723
-65.8487
-65.8257
-65.8034
-65.7817
-65.7606
-65.74
-65.72
-65.7006
-65.6817
-65.6633
-65.6455
-65.6281
-65.6112
-65.5948
-65.5788
-65.5632
-65.5481
-65.5334
-65.5191
-65.5052
-65.4917
-65.4785
-65.4657
-65.4533
-65.4412
-65.4294
-65.418
-65.4068
-65.396
-65.3855
-65.3752
-65.3653
-65.3556
-65.3462
-65.337
-65.3281
-65.3194
-65.311
-65.3028
-65.2948
-65.2871
-65.2795
-65.2722
-65.2651
-65.2581
-65.2514
-65.2448
-65.2385
-65.2322
-65.2262
-65.2203
-65.2146
-65.2091
-65.2037
-65.1984
-65.1933
-65.1884
-65.1835
-65.1788
-65.1743
-65.1698
-65.1655
-65.1613
-65.1572
-65.1532
-65.1493
-65.1456
-65.1419
-65.1384
-65.1349
-65.1315
-65.1283
-65.1251
-65.122
-65.119
-65.1161
-65.1132
-65.1104
-65.1077
-65.1051
-65.1026
-65.1001
-65.0977
-65.0953
-65.0931
-65.0908
-65.0887
-65.0866
-65.0845
-65.0826
-65.0806
-65.0788
-65.0769
-65.0752
-65.0734
-65.0718
-65.0701
-65.0685
-65.067
-65.0655
-65.064
-65.0626
-65.0612
-65.0599
-65.0586
-65.0573
-65.0561
-65.0549
-65.0537
-65.0526
-65.0514
-65.0504
-65.0493
-65.0483
-65.0473
-65.0464
-65.0454
-65.0445
-65.0436
-65.0428
-65.0419
-65.0411
-65.0403
-65.0395
-65.0388
-65.0381
-65.0374
-65.0367
-65.036
-65.0353
-65.0347
-65.0341
-65.0335
-65.0329
-65.0323
-65.0318
-65.0313
-65.0307
-65.0302
-65.0297
-65.0293
-65.0288
-65.0283
-65.0279
-65.0275
-65.027
-65.0266
-65.0262
-65.0259
-65.0255
-65.0251
-65.0248
-65.0244
-65.0241
-65.0238
-65.0234
-65.0231
-65.0228
-65.0225
-65.0223
-65.022
-65.0217
-65.0215
-65.0212
-65.021
-65.0207
-65.0205
-65.0203
-65.02
-65.0198
-65.0196
-65.0194
-65.0192
-65.019
-65.0188
-65.0187
-65.0185
-65.0183
-65.0181
-65.018
-65.0178
-65.0177
-65.0175
-65.0174
-65.0172
-65.0171
-65.017
-65.0168
-65.0167
-65.0166
-65.0165
-65.0163
-65.0162
-65.0161
-65.016
-65.0159
-65.0158
-65.0157
-65.0156
-65.0155
-65.0154
-65.0153
-65.0153
-65.0152
-65.0151
-65.015
-65.0149
-65.0149
-65.0148
-65.0147
-65.0147
-65.0146
-65.0145
-65.0145
-65.0144
-65.0143
-65.0143
-65.0142
-65.0142
-65.0141
-65.0141
-65.014
-65.014
-65.0139
-65.0139
-65.0138
-65.0138
-65.0137
-65.0137
-65.0137
-65.0136
-65.0136
-65.0135
-65.0135
-65.0135
-65.0134
-65.0134
-65.0134
-65.0133
-65.0133
-65.0133
-65.0133
-65.0132
-65.0132
-65.0132
-65.0131
-65.0131
-65.0131
-65.0131
-65.0131
-65.013
-65.013
-65.013
-65.013
-65.0129
-65.0129
-65.0129
-65.0129
-65.0129
-65.0129
-65.0128
-65.0128
-65.0128
-65.0128
-65.0128
-65.0128
-65.0127
-65.0127
-65.0127
-65.0127
-65.0127
-65.0127
-65.0127
-65.0127
-65.0126
-65.0126
-65.0126
-65.0126
-65.0126
-65.0126
-65.0126
-65.0126
-65.0126
-65.0126
-65.0125
-65.0125
-65.0125
-65.0125
-65.0125
-65.0125
-65.0125
-65.0125
-65.0125
-65.0125
-65.0125
-65.0125
-65.0125
-65.0124
-65.0124
-65.0124
-65.0124
-65.0124
-65.0124
-65.0124
-65.0124
-65.0124
-65.0124
-65.0124
-65.0124
-65.0124
-65.0124
-65.0124
-65.0124
-65.0124
-65.0124
-65.0124
-65.0124
-65.0124
-65.0124
-65.0124
-65.0123
-65.0123
-65.0123
-65.0123
-65.0123
-65.0123
-65.0123
-65.0123
-65.0123
-65.0123
-65.0123
-65.0123
-65.0123
-65.0123
-65.0123
-65.0123
-65.0123
-65.0123
-65.0123
-65.0123
-65.0123
-65.0123
-65.0123
-65.0123
-65.0123
-65.0123
-65.0123
-65.0123
-65.0123
-65.0123
-65.0123
-65.0123
-65.0123
-65.0123
-65.0123
-65.0123
-65.0123
-65.0123
-65.0123
-65.0123
-65.0123
-65.0123
-65.0123
-65.0123
-65.0123
-65.0123
-65.0123
-65.0123
-65.0123
-65.0123
-65.0123
-65.0123
-65.0123
-65.0123
-65.0123
-65.0123
-65.0123
-65.0123
-65.0123
-65.0123
-65.0123
-65.0123
-65.0123
-65.0123
-65.0123
-65.0123
-65.0123
-65.0123
-65.0123
-65.0123
-65.0123
-65.0123
-65.0123
-65.0123
-64.8272
-64.6749
-64.5616
-64.4807
-64.4179
-64.3677
-64.3273
-64.2951
-64.2696
-64.2499
-64.2351
-64.2244
-64.2173
-64.2132
-64.2117
-64.2125
-64.2152
-64.2195
-64.2252
-64.2321
-64.2401
-64.2489
-64.2584
-64.2685
-64.2792
-64.2902
-64.3016
-64.3133
-64.3251
-64.3371
-64.3491
-64.3613
-64.3734
-64.3855
-64.3197
-64.1436
-64.0281
-63.9438
-63.8854
-63.8412
-63.8079
-63.7833
-63.7658
-63.7543
-63.7479
-63.7457
-63.7472
-63.7518
-63.7589
-63.7682
-63.7252
-63.6859
-63.6395
-63.4403
-63.3032
-63.168
-62.6716
-62.2963
-61.9266
-61.5954
-61.3303
-60.8171
-60.4013
-59.5555
-58.9276
-58.3361
-57.9185
-57.6007
-57.1497
-56.7015
-56.3382
-55.8735
-55.5186
-55.1996
-54.9633
-54.7946
-54.6542
-54.5334
-54.4378
-54.3792
-54.3192
-54.2994
-54.3078
-54.3306
-54.3429
-54.3015
-54.287
-54.2816
-54.3132
-54.3685
-54.4364
-54.4803
-54.5491
-54.6041
-54.6831
-54.7562
-54.8254
-54.9161
-55.0211
-55.1378
-55.2627
-55.3943
-55.5312
-55.6725
-55.8172
-55.9646
-56.1139
-56.2586
-56.3706
-56.4955
-56.6266
-56.7632
-56.9022
-57.0425
-57.1671
-57.2672
-57.3798
-57.4985
-57.6223
-57.7481
-57.809
-57.8594
-57.8854
-57.9188
-57.8875
-57.8664
-57.8311
-57.8152
-57.6829
-57.6134
-57.533
-57.491
-57.3597
-57.1341
-56.9188
-56.7327
-56.6106
-56.3953
-56.1312
-55.724
-55.1858
-54.6768
-54.2212
-53.8259
-53.5149
-53.2791
-53.0864
-52.9511
-52.8531
-52.7405
-52.6423
-52.5705
-52.5319
-52.5299
-52.5253
-52.5033
-52.489
-52.5131
-52.5346
-52.5785
-52.6468
-52.7358
-52.841
-52.9597
-53.0898
-53.2297
-53.3782
-53.5342
-53.6964
-53.8637
-54.0352
-54.2101
-54.3877
-54.5676
-54.7491
-54.9315
-55.1144
-55.2973
-55.4798
-55.6616
-55.8425
-56.022
-56.1999
-56.376
-56.5502
-56.7222
-56.8921
-57.0596
-57.2244
-57.3868
-57.5464
-57.7035
-57.8578
-58.0094
-58.1581
-58.304
-58.447
-58.5873
-58.7247
-58.8594
-58.9912
-59.1203
-59.2466
-59.3702
-59.491
-59.6093
-59.7249
-59.8379
-59.9484
-60.0564
-60.1619
-60.265
-60.3657
-60.464
-60.5601
-60.6539
-60.7455
-60.8349
-60.9223
-61.0075
-61.0907
-61.1719
-61.2512
-61.3286
-61.4041
-61.436
-61.4677
-61.5084
-61.5555
-61.5677
-61.4619
-61.4081
-61.3808
-61.3763
-61.3688
-61.2203
-61.1279
-61.0663
-60.9464
-60.7186
-60.2205
-59.3867
-58.6651
-57.7447
-57.0088
-56.4719
-56.0257
-55.6632
-55.2648
-54.9393
-54.7036
-54.5284
-54.3832
-54.2685
-54.1835
-54.1394
-54.1275
-54.1422
-54.1669
-54.1913
-54.241
-54.3096
-54.3799
-54.3703
-54.4024
-54.4605
-54.5149
-54.5838
-54.646
-54.6706
-54.6877
-54.7171
-54.7578
-54.8026
-54.8746
-54.9376
-54.9886
-55.0503
-55.135
-55.236
-55.3424
-55.4201
-55.5191
-55.6307
-55.7532
-55.8053
-55.8691
-55.9551
-56.051
-56.0953
-56.1435
-56.217
-56.3086
-56.4128
-56.4917
-56.5821
-56.6844
-56.7966
-56.9151
-57.0381
-57.1645
-57.2399
-57.1995
-57.1002
-57.0146
-56.8783
-56.7129
-56.5546
-56.4247
-56.2832
-56.1947
-56.1458
-56.0104
-55.9324
-55.899
-55.9001
-55.8827
-55.8857
-55.8684
-55.8077
-55.6906
-55.5628
-55.4106
-55.2819
-55.1907
-54.9267
-54.5548
-54.1887
-53.8842
-53.6864
-53.53
-53.3407
-53.1431
-52.9883
-52.8803
-52.7331
-52.6465
-52.5236
-52.4319
-52.3555
-52.3286
-52.337
-52.3523
-52.3801
-52.4354
-52.5125
-52.6081
-52.7186
-52.8421
-52.9768
-53.1212
-53.274
-53.4342
-53.6006
-53.7723
-53.9481
-54.1273
-54.3091
-54.493
-54.6784
-54.8648
-55.0516
-55.2382
-55.4244
-55.6098
-55.7942
-55.9772
-56.1585
-56.3379
-56.5153
-56.6905
-56.8634
-57.0339
-57.2018
-57.367
-57.5294
-57.6892
-57.8461
-58.0002
-58.1514
-58.2996
-58.445
-58.5875
-58.727
-58.8638
-58.9977
-59.1287
-59.2568
-59.3822
-59.5048
-59.6248
-59.742
-59.8566
-59.9686
-60.0781
-60.185
-60.2894
-60.3914
-60.491
-60.5883
-60.6832
-60.7759
-60.8665
-60.9548
-61.0411
-61.1252
-61.2074
-61.2875
-61.3657
-61.442
-61.5164
-61.5891
-61.6599
-61.7291
-61.7965
-61.8623
-61.9265
-61.9891
-62.0502
-62.1098
-62.1679
-62.2246
-62.2799
-62.3338
-62.3864
-62.4377
-62.4877
-62.5365
-62.351
-62.022
-61.7831
-61.5343
-61.3393
-61.1996
-61.0904
-60.6825
-60.2941
-59.9887
-59.5569
-59.2279
-58.9873
-58.7539
-57.961
-57.2479
-56.728
-56.3629
-56.0763
-55.7809
-55.5687
-55.3767
-55.2374
-55.138
-55.0506
-54.9431
-54.885
-54.8634
-54.8731
-54.8844
-54.831
-54.6779
-54.5774
-54.4905
-54.4121
-54.3762
-54.3478
-54.2712
-54.236
-54.1604
-54.1112
-54.1068
-54.1364
-54.1351
-54.0918
-54.0531
-54.0382
-54.0644
-54.1187
-54.1944
-54.2864
-54.3834
-54.4685
-54.5728
-54.6898
-54.818
-54.954
-55.0963
-55.2437
-55.3951
-55.5499
-55.7071
-55.8661
-56.0263
-56.1872
-56.3483
-56.5093
-56.6699
-56.8298
-56.9885
-57.1459
-57.3018
-57.4561
-57.6085
-57.759
-57.9075
-58.0538
-58.1789
-58.2744
-58.3702
-58.3942
-58.4438
-58.4892
-58.5397
-58.6065
-58.6838
-58.7688
-58.8505
-58.8549
-58.8739
-58.9149
-58.9259
-58.9445
-58.8967
-58.8512
-58.7111
-58.5386
-58.3944
-58.161
-57.9864
-57.6164
-57.1857
-56.7283
-56.2681
-55.915
-55.573
-55.1245
-54.7081
-54.4077
-54.2002
-54.0261
-53.9056
-53.8281
-53.7516

