-70
-70.0758
-70.1508
-70.225
-70.2983
-70.3706
-70.4419
-70.5122
-70.5814
-70.6496
-70.7168
-70.7829
-70.848
-70.9121
-70.9752
-71.0373
-71.0984
-71.1586
-71.2178
-71.2761
-71.3334
-71.3899
-71.4455
-71.5003
-71.5543
-71.6074
-71.6598
-71.7114
-71.7623
-71.8124
-71.8619
-71.9106
-71.9587
-72.006
-72.0527
-72.0988
-72.1442
-72.1889
-72.2331
-72.2766
-72.3196
-72.362
-72.4038
-72.445
-72.4857
-72.5258
-72.5654
-72.6045
-72.6431
-72.6812
-72.7188
-72.756
-72.7927
-72.8289
-72.8647
-72.9
-72.9349
-72.9694
-73.0035
-73.0371
-73.0704
-73.1032
-73.1357
-73.1678
-73.1994
-73.2307
-73.2617
-73.2922
-73.3224
-73.3523
-73.3817
-73.4109
-73.4397
-73.4682
-73.4963
-73.5241
-73.5516
-73.5788
-73.6057
-73.6323
-73.6585
-73.6845
-73.7102
-73.7356
-73.7608
-73.7857
-73.8103
-73.8346
-73.8587
-73.8825
-73.9061
-73.9294
-73.9524
-73.9753
-73.9979
-74.0202
-74.0423
-74.0642
-74.0859
-74.1073
-74.1285
-74.1495
-74.1703
-74.1909
-74.2112
-74.2313
-74.2513
-74.271
-74.2905
-74.3098
-74.329
-74.3479
-74.3666
-74.3852
-74.4036
-74.4217
-74.4397
-74.4575
-74.4752
-74.4926
-74.5099
-74.527
-74.544
-74.5607
-74.5774
-74.5938
-74.6101
-74.6262
-74.6422
-74.658
-74.6736
-74.6891
-74.7045
-74.7197
-74.7347
-74.7496
-74.7644
-74.779
-74.7935
-74.8079
-74.8221
-74.8362
-74.8501
-74.864
-74.8777
-74.8913
-74.9047
-74.918
-74.9313
-74.9443
-74.9573
-74.9701
-74.9829
-74.9955
-75.008
-75.0204
-75.0327
-75.0448
-75.0569
-75.0688
-75.0806
-75.0924
-75.104
-75.1155
-75.1269
-75.1382
-75.1495
-75.1606
-75.1716
-75.1825
-75.1933
-75.204
-75.2147
-75.2252
-75.2356
-75.246
-75.2562
-75.2664
-75.2764
-75.2864
-75.2963
-75.3061
-75.3158
-75.3255
-75.335
-75.3445
-75.3538
-75.3631
-75.3724
-75.3815
-75.3906
-75.3995
-75.4084
-75.4172
-75.426
-75.4346
-75.4432
-75.4518
-75.4602
-75.4686
-75.4769
-75.4851
-75.4932
-75.5013
-75.5093
-75.5173
-75.5251
-75.533
-75.5407
-75.5484
-75.556
-75.5635
-75.571
-75.5784
-75.5858
-75.593
-75.6003
-75.6074
-75.6145
-75.6216
-75.6285
-75.6355
-75.6423
-75.6491
-75.6559
-75.6626
-75.6692
-75.6758
-75.6823
-75.6888
-75.6952
-75.7015
-75.7078
-75.7141
-75.7203
-75.7264
-75.7325
-75.7386
-75.7446
-75.7505
-75.7564
-75.7622
-75.768
-75.7738
-75.7795
-75.7851
-75.7907
-75.7963
-75.8018
-75.8072
-75.8127
-75.818
-75.8234
-75.8287
-75.8339
-75.8391
-75.8443
-75.8494
-75.8545
-75.8595
-75.8645
-75.8695
-75.8744
-75.8793
-75.8841
-75.8889
-75.8937
-75.8984
-75.9031
-75.9077
-75.9123
-75.9169
-75.9214
-75.9259
-75.9304
-75.9348
-75.9392
-75.9436
-75.9479
-75.9522
-75.9565
-75.9607
-75.9649
-75.969
-75.9731
-75.9772
-75.9813
-75.9853
-75.9893
-75.9933
-75.9972
-76.0011
-76.005
-76.0088
-76.0126
-76.0164
-76.0201
-76.0239
-76.0275
-76.0312
-76.0348
-76.0384
-76.042
-76.0456
-76.0491
-76.0526
-76.056
-76.0595
-76.0629
-76.0663
-76.0696
-76.0729
-76.0762
-76.0795
-76.0828
-76.086
-76.0892
-76.0924
-76.0955
-76.0986
-76.1017
-76.1048
-76.1079
-76.1109
-76.1139
-76.1169
-76.1198
-76.1228
-76.1257
-76.1286
-76.1314
-76.1343
-76.1371
-76.1399
-76.1427
-76.1455
-76.1482
-76.1509
-76.1536
-76.1563
-76.1589
-76.1615
-76.1642
-76.1667
-76.1693
-76.1719
-76.1744
-76.1769
-76.1794
-76.1819
-76.1843
-76.1868
-76.1892
-76.1916
-76.1939
-76.1963
-76.1986
-76.201
-76.2033
-76.2056
-76.2078
-76.2101
-76.2123
-76.2145
-76.2167
-76.2189
-76.2211
-76.2232
-76.2254
-76.2275
-76.2296
-76.2317
-76.2337
-76.2358
-76.2378
-76.2398
-76.2418
-76.2438
-76.2458
-76.2478
-76.2497
-76.2516
-76.2536
-76.2554
-76.2573
-76.2592
-76.2611
-76.2629
-76.2647
-76.2665
-76.2683
-76.2701
-76.2719
-76.2737
-76.2754
-76.2771
-76.2788
-76.2806
-76.2822
-76.2839
-76.2856
-76.2872
-76.2889
-76.2905
-76.2921
-76.2937
-76.2953
-76.2969
-76.2985
-76.3
-76.3016
-76.3031
-76.3046
-76.3061
-76.3076
-76.3091
-76.3106
-76.312
-76.3135
-76.3149
-76.3164
-76.3178
-76.3192
-76.3206
-76.322
-76.3233
-76.3247
-76.3261
-76.3274
-76.3287
-76.33
-76.3314
-76.3327
-76.334
-76.3352
-76.3365
-76.3378
-76.339
-76.3403
-76.3415
-76.3427
-76.3439
-76.3452
-76.3464
-76.3475
-76.3487
-76.3499
-76.351
-76.3522
-76.3533
-76.3545
-76.3556
-76.3567
-76.3578
-76.3589
-76.36
-76.3611
-76.3622
-76.3632
-76.3643
-76.3654
-76.3664
-76.3674
-76.3685
-76.3695
-76.3705
-76.3715
-76.3725
-76.3735
-76.3745
-76.3754
-76.3764
-76.3774
-76.3783
-76.3793
-76.3802
-76.3811
-76.382
-76.383
-76.3839
-76.3848
-76.3857
-76.3866
-76.3874
-76.3883
-76.3892
-76.39
-76.3909
-76.3917
-76.3926
-76.3934
-76.3943
-76.3951
-76.3959
-76.3967
-76.3975
-76.3983
-76.3991
-76.3999
-76.4007
-76.4014
-76.4022
-76.403
-76.4037
-76.4045
-76.4052
-76.406
-76.4067
-76.4074
-76.4082
-76.4089
-74.8509
-70.5394
-67.0677
-64.4383
-62.3694
-60.6139
-58.8923
-56.6604
-50.6804
33.9118
-16.0888
-50.9472
-78.9028
-79.1134
-79.0087
-78.8884
-78.7566
-78.6135
-78.2127
-76.3092
-75.1594
-74.474
-73.9313
-73.4415
-72.978
-72.5331
-72.1058
-71.6976
-71.7031
-72.2185
-73.0478
-73.5293
-73.7668
-73.8856
-73.9439
-73.9705
-73.9803
-72.3817
-69.2455
-67.3926
-67.5671
-67.851
-68.0235
-68.213
-68.9549
-69.5041
-69.8479
-70.0745
-70.2319
-70.3468
-70.4352
-70.5063
-70.5664
-70.619
-70.6669
-70.7117
-70.7545
-70.7962
-70.8373
-70.8783
-70.9193
-71.0479
-71.5794
-72.0424
-72.3985
-72.6777
-72.9002
-73.0804
-73.2285
-73.3518
-73.4559
-73.5446
-73.6213
-72.6559
-68.884
-65.8397
-63.5939
-61.8576
-60.4057
-59.0246
-57.4052
-54.5926
-23.9062
5.66967
-29.5693
-74.9405
-78.9186
-78.8366
-78.6973
-78.5439
-78.3773
-78.1978
-78.0061
-77.5448
-75.2941
-73.751
-72.8143
-72.4002
-72.5491
-72.8675
-73.17
-73.2486
-73.3656
-73.4959
-73.5354
-73.5309
-73.5081
-73.4785
-73.4476
-73.4183
-73.4327
-73.649
-73.9833
-74.216
-74.3634
-74.4607
-74.5274
-74.5749
-74.6101
-74.6813
-74.8187
-74.9229
-74.9982
-75.0543
-75.0974
-75.1312
-75.1586
-75.1813
-75.2005
-75.2171
-75.2317
-75.245
-75.257
-75.2683
-75.2789
-75.2889
-75.2986
-75.3079
-75.3171
-75.326
-75.3348
-75.3435
-75.352
-75.3606
-75.369
-75.3774
-75.3858
-75.3941
-75.4024
-75.4106
-75.4189
-75.4271
-75.4352
-75.4433
-75.4514
-75.4595
-75.4675
-75.4755
-75.4834
-75.4913
-75.4992
-75.507
-75.5147
-75.5225
-75.5301
-75.5377
-75.5453
-75.5528
-75.5603
-75.5677
-75.575
-75.5823
-75.5896
-75.5968
-75.6039
-75.611
-71.9622
-68.0907
-65.1609
-62.8974
-61.0361
-59.3053
-57.2653
-53.139
45.2768
-7.65052
-38.794
-78.7274
-78.953
-78.6423
-78.4707
-78.2923
-78.0996
-77.8926
-77.6723
-77.4399
-77.1972
-74.8917
-72.9014
-71.6259
-70.6998
-69.9584
-69.3291
-68.7777
-68.287
-67.495
-65.3954
-65.2847
-66.8152
-67.9547
-68.5508
-68.8758
-69.0627
-69.1764
-69.2499
-69.3013
-68.911
-66.6267
-64.8168
-63.5958
-62.7368
-62.1077
-61.6313
-61.2573
-61.7325
-64.0734
-65.8899
-67.7147
-69.1267
-70.0321
-70.6301
-71.0402
-71.3313
-71.5447
-71.7061
-71.8317
-72.0641
-72.4967
-72.8313
-73.0782
-73.2651
-73.4099
-73.5245
-73.6171
-73.6934
-73.7574
-73.812
-73.8594
-73.9011
-73.9384
-73.9722
-74.0031
-74.0318
-74.0587
-74.0841
-74.1083
-71.9035
-68.0837
-65.1538
-62.9347
-61.1534
-59.5624
-57.8425
-55.158
-38.3206
11.6493
-26.585
-72.1737
-78.8899
-78.8109
-78.6683
-78.5111
-78.3402
-78.1561
-77.9592
-77.7506
-77.5319
-76.3086
-73.7613
-72.0704
-70.9281
-70.0613
-69.3524
-68.9606
-69.288
-70.2433
-71.2968
-71.898
-72.3095
-72.7735
-73.0499
-73.2054
-73.2959
-73.4157
-73.6725
-73.8521
-73.9682
-74.0465
-74.1013
-74.1413
-74.1717
-74.1957
-74.2156
-74.2328
-74.2481
-74.2622
-74.2756
-74.2886
-74.3013
-74.314
-74.3657
-74.5268
-74.6644
-74.7724
-74.8585
-74.9284
-74.986
-75.0425
-75.164
-75.2691
-75.3498
-75.4128
-75.463
-75.5036
-75.5371
-75.565
-75.5887
-75.609
-75.6267
-75.6422
-75.6561
-75.6685
-75.6798
-75.6902
-75.6998
-75.7087
-75.7171
-75.7251
-75.7327
-75.7399
-75.7469
-75.7536
-75.7601
-75.7665
-75.7727
-75.7787
-75.7847
-75.7905
-75.7963
-75.8019
-75.8075
-75.813
-75.8184
-75.8238
-75.8291
-75.8344
-75.8396
-75.8448
-75.8499
-75.855
-75.86
-75.865
-75.87
-75.8749
-75.8797
-72.1974
-68.2908
-65.3355
-63.0559
-61.1907
-59.4765
-57.5093
-53.838
45.6951
-3.54098
-35.1877
-78.1149
-79.7329
-79.7217
-79.6866
-79.647
-79.6034
-79.5558
-79.504
-76.794
-74.8897
-73.8384
-73.1034
-72.5005
-71.9648
-71.4719
-71.0124
-70.191
-67.6231
-65.4637
-63.8656
-62.6204
-61.5944
-60.6927
-59.8358
-58.9366
-57.7365
-54.5783
-29.6899
5.90636
-29.4681
-74.6371
-79.3131
-79.2924
-79.0334
-78.7189
-77.1928
-76.5314
-76.1858
-75.8831
-75.5872
-75.2942
-75.0051
-74.7223
-74.4715
-74.3378
-74.1977
-74.0477
-73.8988
-73.7565
-73.6235
-73.5011
-73.3898
-73.5649
-74.0836
-74.4071
-74.5958
-74.7108
-74.7836
-74.8312
-74.8635
-74.8863
-74.9029
-74.9157
-74.926
-74.9348
-74.9427
-74.95
-74.9571
-74.9641
-74.9712
-74.9784
-74.9858
-74.9934
-75.0013
-75.0093
-75.0176
-75.0262
-75.0349
-75.0438
-75.053
-75.0622
-75.0717
-75.0812
-75.0909
-75.1006
-75.1105
-73.2191
-69.1496
-65.9526
-63.5254
-61.5878
-59.8805
-58.0698
-55.2784
-35.7568
11.0519
-26.7534
-72.9096
-79.6855
-79.7233
-78.5049
-78.0311
-77.7818
-77.5385
-77.2823
-77.0127
-76.7312
-76.4403
-76.1428
-73.7008
-71.4428
-69.9173
-68.8031

