-70
-69.8623
-69.7285
-69.5983
-69.4718
-69.3487
-69.2291
-69.1128
-68.9997
-68.8897
-68.7828
-68.6789
-68.5778
-68.4795
-68.3839
-68.291
-68.2007
-68.1128
-68.0274
-67.9443
-67.8636
-67.7851
-67.7087
-67.6345
-67.5623
-67.4921
-67.4238
-67.3574
-67.2929
-67.2301
-67.1691
-67.1098
-67.0521
-66.996
-66.9414
-66.8884
-66.8368
-66.7866
-66.7378
-66.6904
-66.6443
-66.5994
-66.5558
-66.5133
-66.4721
-66.432
-66.393
-66.355
-66.3181
-66.2823
-66.2474
-66.2134
-66.1805
-66.1484
-66.1172
-66.0868
-66.0573
-66.0286
-66.0007
-65.9736
-65.9472
-65.9215
-65.8966
-65.8723
-65.8487
-65.8257
-65.8034
-65.7817
-65.7606
-65.74
-65.72
-65.7006
-65.6817
-65.6633
-65.6455
-65.6281
-65.6112
-65.5948
-65.5788
-65.5632
-65.5481
-65.5334
-65.5191
-65.5052
-65.4917
-65.4785
-65.4657
-65.4533
-65.4412
-65.4294
-65.418
-65.4068
-65.396
-65.3855
-65.3752
-65.3653
-65.3556
-65.3462
-65.337
-65.3281
-65.3194
-65.311
-65.3028
-65.2948
-65.2871
-65.2795
-65.2722
-65.2651
-65.2581
-65.2514
-65.2448
-65.2385
-65.2322
-65.2262
-65.2203
-65.2146
-65.2091
-65.2037
-65.1984
-65.1933
-65.1884
-65.1835
-65.1788
-65.1743
-65.1698
-65.1655
-65.1613
-65.1572
-65.1532
-65.1493
-65.1456
-65.1419
-65.1384
-65.1349
-65.1315
-65.1283
-65.1251
-65.122
-65.119
-65.1161
-65.1132
-65.1104
-65.1077
-65.1051
-65.1026
-65.1001
-65.0977
-65.0953
-65.0931
-65.0908
-65.0887
-65.0866
-65.0845
-65.0826
-65.0806
-65.0788
-65.0769
-65.0752
-65.0734
-65.0718
-65.0701
-65.0685
-65.067
-65.0655
-65.064
-65.0626
-65.0612
-65.0599
-65.0586
-65.0573
-65.0561
-65.0549
-65.0537
-65.0526
-65.0514
-65.0504
-65.0493
-65.0483
-65.0473
-65.0464
-65.0454
-65.0445
-65.0436
-65.0428
-65.0419
-65.0411
-65.0403
-65.0395
-65.0388
-65.0381
-65.0374
-65.0367
-65.036
-65.0353
-65.0347
-65.0341
-65.0335
-65.0329
-65.0323
-65.0318
-65.0313
-65.0307
-65.0302
-65.0297
-65.0293
-65.0288
-65.0283
-65.0279
-65.0275
-65.027
-65.0266
-65.0262
-65.0259
-65.0255
-65.0251
-65.0248
-65.0244
-65.0241
-65.0238
-65.0234
-65.0231
-65.0228
-65.0225
-65.0223
-65.022
-65.0217
-65.0215
-65.0212
-65.021
-65.0207
-65.0205
-65.0203
-65.02
-65.0198
-65.0196
-65.0194
-65.0192
-65.019
-65.0188
-65.0187
-65.0185
-65.0183
-65.0181
-65.018
-65.0178
-65.0177
-65.0175
-65.0174
-65.0172
-65.0171
-65.017
-65.0168
-65.0167
-65.0166
-65.0165
-65.0163
-65.0162
-65.0161
-65.016
-65.0159
-65.0158
-65.0157
-65.0156
-65.0155
-65.0154
-65.0153
-65.0153
-65.0152
-65.0151
-65.015
-65.0149
-65.0149
-65.0148
-65.0147
-65.0147
-65.0146
-65.0145
-65.0145
-65.0144
-65.0143
-65.0143
-65.0142
-65.0142
-65.0141
-65.0141
-65.014
-65.014
-65.0139
-65.0139
-65.0138
-65.0138
-65.0137
-65.0137
-65.0137
-65.0136
-65.0136
-65.0135
-65.0135
-65.0135
-65.0134
-65.0134
-65.0134
-65.0133
-65.0133
-65.0133
-65.0133
-65.0132
-65.0132
-65.0132
-65.0131
-65.0131
-65.0131
-65.0131
-65.0131
-65.013
-65.013
-65.013
-65.013
-65.0129
-65.0129
-65.0129
-65.0129
-65.0129
-65.0129
-65.0128
-65.0128
-65.0128
-65.0128
-65.0128
-65.0128
-65.0127
-65.0127
-65.0127
-65.0127
-65.0127
-65.0127
-65.0127
-65.0127
-65.0126
-65.0126
-65.0126
-65.0126
-65.0126
-65.0126
-65.0126
-65.0126
-65.0126
-65.0126
-65.0125
-65.0125
-65.0125
-65.0125
-65.0125
-65.0125
-65.0125
-65.0125
-65.0125
-65.0125
-65.0125
-65.0125
-65.0125
-65.0124
-65.0124
-65.0124
-65.0124
-65.0124
-65.0124
-65.0124
-65.0124
-65.0124
-65.0124
-65.0124
-65.0124
-65.0124
-65.0124
-65.0124
-65.0124
-65.0124
-65.0124
-65.0124
-65.0124
-65.0124
-65.0124
-65.0124
-65.0123
-65.0123
-65.0123
-65.0123
-65.0123
-65.0123
-65.0123
-65.0123
-65.0123
-65.0123
-65.0123
-65.0123
-65.0123
-65.0123
-65.0123
-65.0123
-65.0123
-65.0123
-65.0123
-65.0123
-65.0123
-65.0123
-65.0123
-65.0123
-65.0123
-65.0123
-65.0123
-65.0123
-65.0123
-65.0123
-65.0123
-65.0123
-65.0123
-65.0123
-65.0123
-65.0123
-65.0123
-65.0123
-65.0123
-65.0123
-65.0123
-65.0123
-65.0123
-65.0123
-65.0123
-65.0123
-65.0123
-65.0123
-65.0123
-65.0123
-65.0123
-65.0123
-65.0123
-65.0123
-65.0123
-65.0123
-65.0123
-65.0123
-65.0123
-65.0123
-65.0123
-65.0123
-65.0123
-65.0123
-65.0123
-65.0123
-65.0123
-65.0123
-65.0123
-65.0123
-65.0123
-65.0123
-65.0123
-65.0123
-64.9505
-64.8995
-64.8615
-64.8344
-64.8133
-64.7964
-64.7828
-64.772
-64.7634
-64.7568
-64.7518
-64.7482
-64.7458
-64.7444
-64.7439
-64.7441
-64.745
-64.7465
-64.7484
-64.7508
-64.7534
-64.7564
-64.7596
-64.763
-64.7666
-64.7703
-64.7742
-64.7781
-64.7821
-64.7861
-64.7902
-64.7942
-64.7983
-64.8024
-64.6758
-64.3651
-64.1566
-64.0006
-63.8879
-63.7993
-63.7288
-63.6731
-63.6295
-63.5962
-63.5714
-63.554
-63.5429
-63.5371
-63.5358
-63.5385
-63.5445
-63.5534
-63.5604
-63.4398
-63.361
-63.2093
-62.2102
-61.5214
-60.9659
-60.4295
-59.9375
-59.2844
-58.6745
-57.9924
-57.3972
-56.7059
-56.1468
-55.7311
-55.2989
-54.7852
-54.2537
-53.5471
-53.0354
-52.6079
-52.2821
-52.0323
-51.807
-51.6358
-51.508
-51.4165
-51.3212
-51.2626
-51.2328
-51.2295
-51.2477
-51.1289
-51.0618
-51.0326
-51.0395
-51.0701
-51.0791
-51.0683
-51.0873
-51.0967
-51.1385
-51.2016
-51.2256
-51.2076
-51.2293
-51.2807
-51.3563
-51.4492
-51.517
-51.6023
-51.7059
-51.8258
-51.952
-52.0126
-52.0415
-52.031
-52.0713
-52.1419
-52.2366
-52.3476
-52.4719
-52.6076
-52.7527
-52.8999
-53.0197
-53.0904
-53.0407
-53.011
-53.0056
-53.0434
-53.0161
-53.0052
-52.9652
-52.861
-52.6568
-52.473
-52.2733
-52.1316
-51.9939
-51.7426
-51.473
-51.1397
-50.7671
-50.391
-50.0354
-49.6532
-49.1205
-48.4813
-47.8626
-47.2806
-46.6523
-45.9632
-45.1196
-43.9793
-42.0506
-37.0393
26.8131
16.3559
-23.7745
-49.9623
-58.4854
-60.6405
-61.156
-61.1945
-61.0822
-60.9254
-60.7377
-60.5614
-60.4167
-60.3013
-60.2117
-60.1437
-60.0946
-60.0617
-60.043
-60.0363
-60.0402
-60.0531
-60.0738
-60.1012
-60.1345
-60.1728
-60.2154
-60.2617
-60.3111
-60.3632
-60.4174
-60.4734
-60.531
-60.5897
-60.6494
-60.7097
-60.7706
-60.8317
-60.893
-60.9543
-61.0155
-61.0765
-61.137
-61.1972
-61.2568
-61.3159
-61.3743
-61.432
-61.4889
-61.5451
-61.6005
-61.6551
-61.7088
-61.7616
-61.8135
-61.8646
-61.9147
-61.9639
-62.0122
-62.0596
-62.1061
-62.1517
-62.1963
-62.2401
-62.283
-62.3251
-62.3662
-62.4066
-62.446
-62.4847
-62.5225
-62.5596
-62.5958
-62.6104
-62.5556
-62.3904
-62.2874
-62.2174
-62.174
-62.1455
-62.0807
-62.0268
-61.9922
-61.9732
-61.9214
-61.697
-61.3301
-61.0627
-60.8699
-60.2933
-59.3115
-58.1729
-57.3208
-56.2993
-55.5012
-54.8868
-54.3064
-53.867
-53.3976
-52.9933
-52.69
-52.4624
-52.2933
-52.1389
-51.9868
-51.8865
-51.8243
-51.7954
-51.7929
-51.8134
-51.7852
-51.7908
-51.8231
-51.8805
-51.9133
-51.8796
-51.7921
-51.7444
-51.7161
-51.6302
-51.4603
-51.3025
-51.165
-51.0921
-51.0603
-50.9849
-50.9369
-50.8977
-50.8979
-50.9143
-50.9165
-50.8952
-50.8928
-50.8864
-50.8749
-50.8977
-50.9476
-50.9843
-51.0466
-51.1291
-51.23
-51.3456
-51.4742
-51.6144
-51.7647
-51.9237
-52.0907
-52.2646
-52.4447
-52.6303
-52.8205
-52.9864
-53.1048
-53.1634
-53.147
-53.1263
-53.0796
-52.9533
-52.7056
-52.4285
-52.2043
-51.9871
-51.8263
-51.7183
-51.5611
-51.3929
-51.2511
-51.1573
-51.0164
-50.7463
-50.4765
-50.1668
-49.8257
-49.5416
-49.1897
-48.7498
-48.3159
-47.8393
-47.3323
-46.8066
-46.2204
-45.5201
-44.5806
-43.1167
-40.1665
-25.8248
38.4417
-9.16365
-41.5149
-57.643
-61.7716
-62.8471
-63.0188
-62.9329
-62.7607
-62.5754
-62.3385
-62.1175
-61.937
-61.7915
-61.6741
-61.5794
-61.5041
-61.4454
-61.401
-61.3689
-61.3476
-61.3355
-61.3315
-61.3346
-61.3437
-61.3581
-61.3771
-61.4
-61.4264
-61.4558
-61.4876
-61.5216
-61.5575
-61.5949
-61.6335
-61.6733
-61.7139
-61.7551
-61.7969
-61.8391
-61.8814
-61.9239
-61.9664
-62.0088
-62.051
-62.093
-62.1347
-62.1761
-62.2171
-62.2576
-62.2977
-62.3372
-62.3763
-62.4147
-62.4526
-62.4899
-62.5267
-62.5628
-62.5983
-62.6332
-62.6674
-62.7011
-62.7341
-62.7665
-62.7983
-62.8294
-62.86
-62.89
-62.9194
-62.9481
-62.9763
-63.004
-63.0311
-63.0576
-63.0835
-63.109
-63.1339
-63.1583
-63.1821
-63.2055
-63.2284
-63.2508
-63.2728
-63.2943
-63.3153
-63.3359
-63.3561
-63.3759
-63.3952
-63.4142
-63.4327
-63.4473
-63.2183
-62.855
-62.6024
-62.348
-62.1257
-61.9605
-61.8357
-61.646
-61.4885
-61.3726
-61.176
-60.9238
-60.7365
-60.2427
-58.8282
-57.3997
-56.3405
-55.5838
-55.0053
-54.4683
-54.0483
-53.6775
-53.399
-53.1867
-53.0155
-52.8756
-52.7806
-52.7219
-52.6948
-52.6941
-52.6107
-52.3811
-52.2112
-52.0801
-51.9518
-51.831
-51.7648
-51.7157
-51.6939
-51.6972
-51.664
-51.6327
-51.6321
-51.5374
-51.3518
-51.1935
-51.1027
-51.0245
-50.9917
-50.9899
-51.0151
-51.062
-51.128
-51.1914
-51.2533
-51.3387
-51.4126
-51.4966
-51.601
-51.722
-51.8264
-51.9363
-52.0641
-52.206
-52.3592
-52.5213
-52.691
-52.8668
-53.0477
-53.1997
-53.3494
-53.5118
-53.6832
-53.8606
-54.0172
-54.166
-54.3261
-54.4831
-54.5742
-54.6513
-54.5309
-54.4312
-54.3784
-54.3569
-54.3797
-54.4305
-54.5034
-54.5928
-54.6926
-54.7273
-54.7817
-54.8608
-54.9231
-54.9542
-54.9871
-54.8123
-54.6299
-54.4139
-54.1137
-53.8475
-53.6044
-53.2922
-52.823
-52.3498
-51.9233
-51.4387
-50.913
-50.3962
-49.9941
-49.6767
-49.3063
-48.9655
-48.6385
-48.2878

