-70
-70.0758
-70.1508
-70.225
-70.2983
-70.3706
-70.4419
-70.5122
-70.5814
-70.6496
-70.7168
-70.7829
-70.848
-70.9121
-70.9752
-71.0373
-71.0984
-71.1586
-71.2178
-71.2761
-71.3334
-71.3899
-71.4455
-71.5003
-71.5543
-71.6074
-71.6598
-71.7114
-71.7623
-71.8124
-71.8619
-71.9106
-71.9587
-72.006
-72.0527
-72.0988
-72.1442
-72.1889
-72.2331
-72.2766
-72.3196
-72.362
-72.4038
-72.445
-72.4857
-72.5258
-72.5654
-72.6045
-72.6431
-72.6812
-72.7188
-72.756
-72.7927
-72.8289
-72.8647
-72.9
-72.9349
-72.9694
-73.0035
-73.0371
-73.0704
-73.1032
-73.1357
-73.1678
-73.1994
-73.2307
-73.2617
-73.2922
-73.3224
-73.3523
-73.3817
-73.4109
-73.4397
-73.4682
-73.4963
-73.5241
-73.5516
-73.5788
-73.6057
-73.6323
-73.6585
-73.6845
-73.7102
-73.7356
-73.7608
-73.7857
-73.8103
-73.8346
-73.8587
-73.8825
-73.9061
-73.9294
-73.9524
-73.9753
-73.9979
-74.0202
-74.0423
-74.0642
-74.0859
-74.1073
-74.1285
-74.1495
-74.1703
-74.1909
-74.2112
-74.2313
-74.2513
-74.271
-74.2905
-74.3098
-74.329
-74.3479
-74.3666
-74.3852
-74.4036
-74.4217
-74.4397
-74.4575
-74.4752
-74.4926
-74.5099
-74.527
-74.544
-74.5607
-74.5774
-74.5938
-74.6101
-74.6262
-74.6422
-74.658
-74.6736
-74.6891
-74.7045
-74.7197
-74.7347
-74.7496
-74.7644
-74.779
-74.7935
-74.8079
-74.8221
-74.8362
-74.8501
-74.864
-74.8777
-74.8913
-74.9047
-74.918
-74.9313
-74.9443
-74.9573
-74.9701
-74.9829
-74.9955
-75.008
-75.0204
-75.0327
-75.0448
-75.0569
-75.0688
-75.0806
-75.0924
-75.104
-75.1155
-75.1269
-75.1382
-75.1495
-75.1606
-75.1716
-75.1825
-75.1933
-75.204
-75.2147
-75.2252
-75.2356
-75.246
-75.2562
-75.2664
-75.2764
-75.2864
-75.2963
-75.3061
-75.3158
-75.3255
-75.335
-75.3445
-75.3538
-75.3631
-75.3724
-75.3815
-75.3906
-75.3995
-75.4084
-75.4172
-75.426
-75.4346
-75.4432
-75.4518
-75.4602
-75.4686
-75.4769
-75.4851
-75.4932
-75.5013
-75.5093
-75.5173
-75.5251
-75.533
-75.5407
-75.5484
-75.556
-75.5635
-75.571
-75.5784
-75.5858
-75.593
-75.6003
-75.6074
-75.6145
-75.6216
-75.6285
-75.6355
-75.6423
-75.6491
-75.6559
-75.6626
-75.6692
-75.6758
-75.6823
-75.6888
-75.6952
-75.7015
-75.7078
-75.7141
-75.7203
-75.7264
-75.7325
-75.7386
-75.7446
-75.7505
-75.7564
-75.7622
-75.768
-75.7738
-75.7795
-75.7851
-75.7907
-75.7963
-75.8018
-75.8072
-75.8127
-75.818
-75.8234
-75.8287
-75.8339
-75.8391
-75.8443
-75.8494
-75.8545
-75.8595
-75.8645
-75.8695
-75.8744
-75.8793
-75.8841
-75.8889
-75.8937
-75.8984
-75.9031
-75.9077
-75.9123
-75.9169
-75.9214
-75.9259
-75.9304
-75.9348
-75.9392
-75.9436
-75.9479
-75.9522
-75.9565
-75.9607
-75.9649
-75.969
-75.9731
-75.9772
-75.9813
-75.9853
-75.9893
-75.9933
-75.9972
-76.0011
-76.005
-76.0088
-76.0126
-76.0164
-76.0201
-76.0239
-76.0275
-76.0312
-76.0348
-76.0384
-76.042
-76.0456
-76.0491
-76.0526
-76.056
-76.0595
-76.0629
-76.0663
-76.0696
-76.0729
-76.0762
-76.0795
-76.0828
-76.086
-76.0892
-76.0924
-76.0955
-76.0986
-76.1017
-76.1048
-76.1079
-76.1109
-76.1139
-76.1169
-76.1198
-76.1228
-76.1257
-76.1286
-76.1314
-76.1343
-76.1371
-76.1399
-76.1427
-76.1455
-76.1482
-76.1509
-76.1536
-76.1563
-76.1589
-76.1615
-76.1642
-76.1667
-76.1693
-76.1719
-76.1744
-76.1769
-76.1794
-76.1819
-76.1843
-76.1868
-76.1892
-76.1916
-76.1939
-76.1963
-76.1986
-76.201
-76.2033
-76.2056
-76.2078
-76.2101
-76.2123
-76.2145
-76.2167
-76.2189
-76.2211
-76.2232
-76.2254
-76.2275
-76.2296
-76.2317
-76.2337
-76.2358
-76.2378
-76.2398
-76.2418
-76.2438
-76.2458
-76.2478
-76.2497
-76.2516
-76.2536
-76.2554
-76.2573
-76.2592
-76.2611
-76.2629
-76.2647
-76.2665
-76.2683
-76.2701
-76.2719
-76.2737
-76.2754
-76.2771
-76.2788
-76.2806
-76.2822
-76.2839
-76.2856
-76.2872
-76.2889
-76.2905
-76.2921
-76.2937
-76.2953
-76.2969
-76.2985
-76.3
-76.3016
-76.3031
-76.3046
-76.3061
-76.3076
-76.3091
-76.3106
-76.312
-76.3135
-76.3149
-76.3164
-76.3178
-76.3192
-76.3206
-76.322
-76.3233
-76.3247
-76.3261
-76.3274
-76.3287
-76.33
-76.3314
-76.3327
-76.334
-76.3352
-76.3365
-76.3378
-76.339
-76.3403
-76.3415
-76.3427
-76.3439
-76.3452
-76.3464
-76.3475
-76.3487
-76.3499
-76.351
-76.3522
-76.3533
-76.3545
-76.3556
-76.3567
-76.3578
-76.3589
-76.36
-76.3611
-76.3622
-76.3632
-76.3643
-76.3654
-76.3664
-76.3674
-76.3685
-76.3695
-76.3705
-76.3715
-76.3725
-76.3735
-76.3745
-76.3754
-76.3764
-76.3774
-76.3783
-76.3793
-76.3802
-76.3811
-76.382
-76.383
-76.3839
-76.3848
-76.3857
-76.3866
-76.3874
-76.3883
-76.3892
-76.39
-76.3909
-76.3917
-76.3926
-76.3934
-76.3943
-76.3951
-76.3959
-76.3967
-76.3975
-76.3983
-76.3991
-76.3999
-76.4007
-76.4014
-76.4022
-75.9782
-71.7854
-68.0015
-65.1526
-62.9424
-61.119
-59.4235
-57.4436
-53.6142
46.3418
-5.06449
-36.4119
-78.3973
-79.7416
-79.7278
-78.7612
-77.878
-77.5291
-77.2515
-76.9694
-76.6756
-76.3706
-76.0571
-75.6434
-73.1384
-70.9957
-69.5344
-68.4537
-67.6019
-66.9015
-66.3101
-65.8029
-63.852
-61.8111
-60.146
-58.8887
-59.1218
-59.5382
-61.3136
-63.1115
-64.3887
-64.6617
-65.3788
-66.2026
-66.927
-67.9555
-68.9771
-69.8587
-70.3613
-70.6549
-70.8373
-70.9577
-71.0419
-71.1046
-71.1541
-71.1955
-71.2319
-71.0094
-68.564
-66.7362
-65.5934
-64.8539
-64.3634
-64.035
-63.8161
-63.6743
-63.5893
-63.5474
-63.5394
-63.5584
-63.5996
-63.6593
-63.7345
-63.823
-63.923
-62.4904
-60.9574
-60.7092
-60.6103
-60.5522
-60.5257
-60.5252
-60.5469
-60.5885
-60.6485
-60.726
-60.8204
-60.9305
-60.5817
-58.8161
-56.983
-54.5699
-46.5578
19.076
-24.3922
-67.7745
-79.199
-79.3256
-78.2055
-77.6035
-77.2998
-77.0219
-76.7365
-76.4412
-76.1378
-75.8313
-75.5462
-75.3207
-75.1548
-75.1294
-75.1086
-75.0542
-74.9879
-74.9203
-74.9295
-75.023
-75.0765
-75.0961
-75.1204
-75.1857
-75.2259
-75.2473
-75.2587
-75.2646
-75.2677
-75.2694
-75.2704
-75.2712
-75.2787
-75.3421
-75.398
-75.439
-75.4701
-75.4943
-75.5136
-75.5295
-75.5428
-75.5544
-75.5645
-75.5736
-75.582
-75.5897
-75.597
-75.604
-75.6107
-75.6173
-75.6236
-75.6299
-75.6361
-75.6422
-75.6483
-75.6544
-75.6604
-75.6664
-75.6723
-75.6783
-75.6843
-75.6902
-75.6961
-75.702
-75.7079
-75.7138
-75.7196
-75.7255
-75.7313
-75.7371
-75.7428
-75.7486
-75.7543
-75.7599
-75.7656
-75.7712
-75.7768
-75.7823
-75.7879
-75.7933
-75.7988
-75.8042
-75.8096
-75.8149
-75.8202
-75.8255
-75.8307
-75.8359
-74.311
-70.0834
-66.6798
-64.0994
-62.0585
-60.3027
-58.525
-56.0454
-46.7579
22.3593
-21.578
-63.7857
-79.2977
-78.7908
-78.5691
-78.3972
-78.2128
-78.014
-77.8012
-77.5755
-77.3384
-76.6247
-74.1388
-72.3728
-71.2082
-70.3346
-69.6224
-69.0129
-68.4774
-68.3831
-68.0804
-66.2224
-64.7499
-64.4903
-64.7719
-65.7865
-66.5528
-67.0412
-67.3656
-67.5908
-67.7817
-68.5573
-69.3872
-70.3766
-69.7422
-68.3183
-67.4959
-67.0373
-66.7738
-67.321
-67.8736
-68.2309
-68.4712
-68.6419
-68.77
-68.8712
-68.9552
-69.0281
-69.5602
-70.1658
-70.6102
-70.9393
-71.1897
-70.8055
-67.8269
-65.4331
-63.772
-62.8965
-63.2495
-63.6372
-63.9429
-64.193
-64.4042
-64.5879
-64.7521
-64.9027
-65.0438
-65.9554
-67.0155
-67.819
-68.4293
-68.9022
-69.2758
-69.5766
-68.3892
-65.587
-63.478
-61.9354
-60.7345
-59.7164
-58.7497
-57.6804
-56.2017
-53.0728
30.6007
-4.91952
-36.2931
-77.2852
-79.1178
-79.0515
-78.9385
-78.8135
-78.6778
-78.5319
-76.9894
-75.1406
-74.1856
-73.5754
-73.1073
-72.8863
-72.6654
-72.6526
-72.6263
-72.5413
-72.4312
-72.5299
-72.7018
-72.7925
-72.8333
-72.8469
-72.995
-73.4312
-73.7639
-73.9732
-74.1092
-74.2066
-74.406
-74.5669
-74.676
-74.7525
-74.8079
-74.8494
-74.8814
-74.907
-74.928
-74.9457
-74.9612
-74.975
-74.9876
-74.9993
-75.0104
-75.021
-75.0314
-75.0415
-75.0514
-75.0613
-75.0712
-75.081
-75.0907
-75.1005
-75.1104
-75.1202
-75.13
-75.1399
-75.1498
-75.1597
-75.1696
-75.1795
-75.1894
-75.1993
-75.2091
-75.219
-75.2288
-75.2386
-75.2484
-75.2582
-75.2679
-75.2775
-75.2871
-75.2967
-75.3062
-75.3156
-75.325
-75.3344
-75.3437
-75.3529
-75.362
-75.3711
-75.3801
-75.3891
-75.398
-75.4068
-75.4156
-75.4242
-75.4329
-75.4414
-75.4499
-75.4583
-75.4667
-75.4749
-75.4831
-75.4913
-75.4994
-75.5074
-75.5153
-75.5232
-75.531
-75.5387
-75.5464
-75.554
-75.5616
-75.5691
-75.5765
-71.9137
-68.0298
-65.0924
-62.8226
-60.952
-59.2005
-57.0981
-52.5646
42.762
-10.2965
-41.7454
-79.0098
-79.1551
-78.5757
-78.3561
-78.1634
-77.9577
-77.7374
-77.5033
-77.2567
-76.9998
-76.0329
-73.4733
-71.6779
-70.4628
-69.5463
-68.804
-68.5411
-68.6313
-68.6476
-68.3969
-66.2942
-65.0726
-64.7874
-65.4432
-65.9859
-66.3306
-66.5602
-66.7213
-66.8411
-67.3786
-68.8186
-70.4261
-71.4096
-71.9959
-72.5837
-71.9505
-69.9255
-68.8295
-68.2639
-67.9575
-67.788
-67.6957
-67.9967
-68.6505
-69.1027
-69.4061
-69.6195
-69.7767
-69.8976
-69.9946
-70.0756
-70.1457
-70.2083
-70.2658
-70.3198
-70.3715
-70.4217
-70.872
-71.4104
-71.8262
-72.1479
-72.4016
-72.6051
-72.7709
-72.9082
-73.0234
-73.1213
-73.2057
-73.2792
-73.344
-73.4017
-73.3106
-69.7567
-66.3839
-63.8856
-61.964
-60.3668
-58.8458
-57.0158
-53.4361
44.667
-4.9849
-36.4036
-78.1668
-79.7129
-79.2835
-78.2298
-77.8498
-77.5963
-77.3399
-77.0705
-76.7883
-76.4954
-76.1944
-75.7879
-73.1524
-70.9006
-69.3664
-68.2373
-67.3532

