-70
-70.0758
-70.1508
-70.225
-70.2983
-70.3706
-70.4419
-70.5122
-70.5814
-70.6496
-70.7168
-70.7829
-70.848
-70.9121
-70.9752
-71.0373
-71.0984
-71.1586
-71.2178
-71.2761
-71.3334
-71.3899
-71.4455
-71.5003
-71.5543
-71.6074
-71.6598
-71.7114
-71.7623
-71.8124
-71.8619
-71.9106
-71.9587
-72.006
-72.0527
-72.0988
-72.1442
-72.1889
-72.2331
-72.2766
-72.3196
-72.362
-72.4038
-72.445
-72.4857
-72.5258
-72.5654
-72.6045
-72.6431
-72.6812
-72.7188
-72.756
-72.7927
-72.8289
-72.8647
-72.9
-72.9349
-72.9694
-73.0035
-73.0371
-73.0704
-73.1032
-73.1357
-73.1678
-73.1994
-73.2307
-73.2617
-73.2922
-73.3224
-73.3523
-73.3817
-73.4109
-73.4397
-73.4682
-73.4963
-73.5241
-73.5516
-73.5788
-73.6057
-73.6323
-73.6585
-73.6845
-73.7102
-73.7356
-73.7608
-73.7857
-73.8103
-73.8346
-73.8587
-73.8825
-73.9061
-73.9294
-73.9524
-73.9753
-73.9979
-74.0202
-74.0423
-74.0642
-74.0859
-74.1073
-74.1285
-74.1495
-74.1703
-74.1909
-74.2112
-74.2313
-74.2513
-74.271
-74.2905
-74.3098
-74.329
-74.3479
-74.3666
-74.3852
-74.4036
-74.4217
-74.4397
-74.4575
-74.4752
-74.4926
-74.5099
-74.527
-74.544
-74.5607
-74.5774
-74.5938
-74.6101
-74.6262
-74.6422
-74.658
-74.6736
-74.6891
-74.7045
-74.7197
-74.7347
-74.7496
-74.7644
-74.779
-74.7935
-74.8079
-74.8221
-74.8362
-74.8501
-74.864
-74.8777
-74.8913
-74.9047
-74.918
-74.9313
-74.9443
-74.9573
-74.9701
-74.9829
-74.9955
-75.008
-75.0204
-75.0327
-75.0448
-75.0569
-75.0688
-75.0806
-75.0924
-75.104
-75.1155
-75.1269
-75.1382
-75.1495
-75.1606
-75.1716
-75.1825
-75.1933
-75.204
-75.2147
-75.2252
-75.2356
-75.246
-75.2562
-75.2664
-75.2764
-75.2864
-75.2963
-75.3061
-75.3158
-75.3255
-75.335
-75.3445
-75.3538
-75.3631
-75.3724
-75.3815
-75.3906
-75.3995
-75.4084
-75.4172
-75.426
-75.4346
-75.4432
-75.4518
-75.4602
-75.4686
-75.4769
-75.4851
-75.4932
-75.5013
-75.5093
-75.5173
-75.5251
-75.533
-75.5407
-75.5484
-75.556
-75.5635
-75.571
-75.5784
-75.5858
-75.593
-75.6003
-75.6074
-75.6145
-75.6216
-75.6285
-75.6355
-75.6423
-75.6491
-75.6559
-75.6626
-75.6692
-75.6758
-75.6823
-75.6888
-75.6952
-75.7015
-75.7078
-75.7141
-75.7203
-75.7264
-75.7325
-75.7386
-75.7446
-75.7505
-75.7564
-75.7622
-75.768
-75.7738
-75.7795
-75.7851
-75.7907
-75.7963
-75.8018
-75.8072
-75.8127
-75.818
-75.8234
-75.8287
-75.8339
-75.8391
-75.8443
-75.8494
-75.8545
-75.8595
-75.8645
-75.8695
-75.8744
-75.8793
-75.8841
-75.8889
-75.8937
-75.8984
-75.9031
-75.9077
-75.9123
-75.9169
-75.9214
-75.9259
-75.9304
-75.9348
-75.9392
-75.9436
-75.9479
-75.9522
-75.9565
-75.9607
-75.9649
-75.969
-75.9731
-75.9772
-75.9813
-75.9853
-75.9893
-75.9933
-75.9972
-76.0011
-76.005
-76.0088
-76.0126
-76.0164
-76.0201
-76.0239
-76.0275
-76.0312
-76.0348
-76.0384
-76.042
-76.0456
-76.0491
-76.0526
-76.056
-76.0595
-76.0629
-76.0663
-76.0696
-76.0729
-76.0762
-76.0795
-76.0828
-76.086
-76.0892
-76.0924
-76.0955
-76.0986
-76.1017
-76.1048
-76.1079
-76.1109
-76.1139
-76.1169
-76.1198
-76.1228
-76.1257
-76.1286
-76.1314
-76.1343
-76.1371
-76.1399
-76.1427
-76.1455
-76.1482
-76.1509
-76.1536
-76.1563
-76.1589
-76.1615
-76.1642
-76.1667
-76.1693
-76.1719
-76.1744
-76.1769
-76.1794
-76.1819
-76.1843
-76.1868
-76.1892
-76.1916
-76.1939
-76.1963
-76.1986
-76.201
-76.2033
-76.2056
-76.2078
-76.2101
-76.2123
-76.2145
-76.2167
-76.2189
-76.2211
-76.2232
-76.2254
-76.2275
-76.2296
-76.2317
-76.2337
-76.2358
-76.2378
-76.2398
-76.2418
-76.2438
-76.2458
-76.2478
-76.2497
-76.2516
-76.2536
-76.2554
-76.2573
-76.2592
-76.2611
-76.2629
-76.2647
-76.2665
-76.2683
-76.2701
-76.2719
-76.2737
-76.2754
-76.2771
-76.2788
-76.2806
-76.2822
-76.2839
-76.2856
-76.2872
-76.2889
-76.2905
-76.2921
-76.2937
-76.2953
-76.2969
-76.2985
-76.3
-76.3016
-76.3031
-76.3046
-76.3061
-76.3076
-76.3091
-76.3106
-76.312
-76.3135
-76.3149
-76.3164
-76.3178
-76.3192
-76.3206
-76.322
-76.3233
-76.3247
-76.3261
-76.3274
-76.3287
-76.33
-76.3314
-76.3327
-76.334
-76.3352
-76.3365
-76.3378
-76.339
-76.3403
-76.3415
-76.3427
-76.3439
-76.3452
-76.3464
-76.3475
-76.3487
-76.3499
-76.351
-76.3522
-76.3533
-76.3545
-76.3556
-76.3567
-76.3578
-76.3589
-76.36
-76.3611
-76.3622
-76.3632
-76.3643
-76.3654
-76.3664
-76.3674
-76.3685
-76.3695
-76.3705
-76.3715
-76.3725
-76.3735
-76.3745
-76.3754
-76.3764
-76.3774
-76.3783
-76.3793
-76.3802
-76.3811
-76.382
-76.383
-76.3839
-76.3848
-76.3857
-76.3866
-76.3874
-76.3883
-76.3892
-76.39
-76.3909
-76.3917
-76.3926
-76.3934
-76.3943
-76.3951
-76.3959
-76.3967
-76.3975
-76.3983
-76.3991
-76.3999
-76.4007
-76.4014
-76.4022
-76.403
-76.4037
-76.4045
-76.4052
-76.406
-75.6444
-71.3632
-67.6824
-64.9095
-62.7487
-60.9504
-59.2505
-57.2008
-52.8624
43.9501
-9.03746
-40.2725
-78.4855
-78.8854
-78.7339
-78.5814
-78.4154
-78.2354
-78.042
-77.8357
-77.6179
-75.8395
-73.8578
-72.6306
-71.764
-71.0691
-70.4704
-69.9358
-69.4506
-69.074
-69.3241
-69.5541
-69.6799
-69.7657
-70.3403
-70.8604
-71.6289
-72.2105
-72.5929
-70.3866
-68.1829
-67.2805
-66.7937
-66.5044
-66.3315
-66.2306
-66.6974
-67.5086
-68.0817
-68.4808
-68.7697
-68.9867
-69.1556
-69.2917
-69.4051
-69.5024
-69.5884
-69.6662
-69.7381
-69.8059
-69.8706
-69.9331
-69.9941
-70.0541
-70.1133
-70.172
-70.2305
-70.2887
-70.3469
-70.4049
-70.4629
-70.5209
-70.5788
-70.6366
-70.6943
-70.7519
-70.8094
-70.8665
-70.9235
-70.9801
-70.092
-66.5914
-63.69
-61.4502
-59.5488
-57.5934
-54.5879
-26.5031
5.63428
-29.6321
-75.1234
-78.9373
-78.6357
-78.4603
-78.2806
-78.0866
-77.8783
-77.6433
-77.3254
-77.0484
-76.792
-76.542
-76.2957
-76.0463
-75.826
-75.6636
-75.5316
-75.4529
-75.3957
-75.3392
-75.3073
-75.3141
-75.3106
-75.2996
-75.2855
-75.2708
-75.2618
-75.3968
-75.526
-75.5981
-75.639
-75.6635
-75.6789
-75.689
-75.6961
-75.7013
-75.7055
-75.709
-75.7121
-75.7151
-75.718
-75.721
-75.724
-75.7271
-75.7303
-75.7336
-75.7371
-75.7407
-75.7444
-75.7483
-75.7522
-75.7563
-75.7605
-75.7648
-75.7691
-75.7736
-75.7781
-75.7827
-75.7873
-75.792
-75.7967
-75.8014
-75.8062
-75.811
-75.8159
-75.8207
-75.8256
-75.8304
-75.8353
-75.8401
-75.845
-75.8498
-75.8546
-75.8595
-75.8643
-75.869
-75.8738
-75.8785
-75.8833
-75.8879
-75.8926
-75.8973
-75.9019
-75.9065
-75.911
-75.9155
-75.92
-75.9245
-75.9289
-75.9333
-75.9377
-72.6803
-68.6763
-65.6296
-63.2889
-61.39
-59.6732
-57.7662
-54.4852
24.0598
1.56655
-31.7244
-76.7056
-78.9285
-78.7699
-78.6208
-78.4583
-78.282
-78.092
-77.889
-77.6742
-76.984
-74.5913
-72.9484
-71.8831
-71.258
-70.9731
-70.6929
-70.4099
-70.1361
-69.0956
-66.7498
-65.8575
-66.236
-66.5258
-66.6929
-66.7941
-66.8596
-66.9061
-66.9433
-66.9769
-66.0039
-63.9035
-62.3122
-61.7182
-62.1157
-62.4926
-62.7973
-63.0521
-64.1281
-65.3075
-66.1612
-66.7827
-67.247
-67.6035
-67.8844
-68.1115
-68.2998
-68.4596
-68.5984
-68.7215
-68.8326
-68.9346
-69.0297
-69.1195
-69.2051
-69.2876
-69.3675
-69.4455
-69.5219
-69.597
-69.671
-69.7442
-69.8166
-69.8882
-69.9591
-70.0294
-70.0991
-70.1682
-70.2366
-67.6633
-64.4804
-62.0345
-60.0516
-58.1841
-55.8092
-49.0839
27.9738
-19.7905
-58.5219
-79.396
-79.4135
-78.4049
-78.0338
-77.7981
-77.5583
-77.3048
-77.0378
-76.7592
-76.4713
-76.1771
-75.3856
-72.6915
-70.8005
-69.5914
-68.7392
-68.0946
-67.5828
-67.1638
-67.168
-68.2989
-69.1407
-69.6724
-70.0198
-70.6069
-71.2218
-71.6359
-71.9174
-72.1155
-72.2594
-72.6274
-73.0041
-73.2712
-73.4631
-73.6129
-73.9042
-74.148
-74.322
-74.4495
-74.5453
-74.6193
-74.6777
-74.7249
-74.7637
-74.7964
-74.8762
-75.0096
-75.1147
-75.1949
-75.2814
-75.392
-75.476
-75.5381
-75.5854
-75.6221
-75.6512
-75.6749
-75.6944
-75.7109
-75.7276
-75.7647
-75.7969
-75.8217
-75.8413
-75.8571
-75.8701
-75.881
-75.8904
-75.8987
-75.906
-75.9125
-75.9186
-75.9242
-75.9294
-75.9344
-75.9391
-75.9437
-75.9481
-75.9524
-75.9566
-75.9607
-75.9647
-75.9688
-75.9727
-75.9766
-75.9805
-75.9844
-75.9882
-75.992
-75.9958
-75.9995
-76.0033
-76.007
-76.0107
-76.0143
-76.018
-76.0216
-76.0252
-76.0288
-76.0324
-76.036
-76.0395
-76.043
-76.0465
-76.0499
-76.0534
-76.0568
-76.0602
-76.0636
-76.0669
-76.0702
-76.0735
-74.9433
-70.6765
-67.1442
-64.4751
-62.3803
-60.6082
-58.8754
-56.6334
-50.6086
33.6394
-16.1434
-51.2667
-78.8163
-78.8706
-78.7328
-78.5812
-78.4159
-78.2369
-78.0447
-77.8402
-77.6245
-75.7884
-73.724
-72.4381
-71.5468
-71.1794
-70.9023
-70.6159
-70.334
-70.065
-68.7906
-66.4187
-64.6414
-64.61
-65.5262
-66.138
-66.5248
-66.7804
-66.9576
-67.0872
-67.1875
-67.2699
-67.3416
-67.8321
-68.6099
-69.1993
-69.6379
-69.6751
-67.0928
-64.882
-64.2287
-64.0987
-64.0428
-64.0276
-64.0408
-64.0747
-64.1245
-64.187
-64.2597
-64.3408
-64.4293
-64.5242
-64.6247
-64.7304
-64.8406
-64.9548
-65.0728
-65.194
-65.318
-65.4442
-65.5721
-65.7015
-65.8318
-65.963
-66.0947
-66.2266
-66.3587
-66.4904
-66.6216
-66.7519
-66.8813
-67.0096
-67.1366
-67.2623
-67.3866
-67.5094
-67.6306
-66.6315
-63.6402
-61.1874
-59.1715
-57.1734
-54.2416
-34.5315
5.89305
-29.7819
-74.4949
-79.5307
-79.4744
-78.2388
-77.7428
-77.4627
-77.192
-76.9102
-76.6161
-76.3117
-75.9997
-75.5852
-72.9843
-70.7437
-69.3512

