-70
-69.8623
-69.7285
-69.5983
-69.4718
-69.3487
-69.2291
-69.1128
-68.9997
-68.8897
-68.7828
-68.6789
-68.5778
-68.4795
-68.3839
-68.291
-68.2007
-68.1128
-68.0274
-67.9443
-67.8636
-67.7851
-67.7087
-67.6345
-67.5623
-67.4921
-67.4238
-67.3574
-67.2929
-67.2301
-67.1691
-67.1098
-67.0521
-66.996
-66.9414
-66.8884
-66.8368
-66.7866
-66.7378
-66.6904
-66.6443
-66.5994
-66.5558
-66.5133
-66.4721
-66.432
-66.393
-66.355
-66.3181
-66.2823
-66.2474
-66.2134
-66.1805
-66.1484
-66.1172
-66.0868
-66.0573
-66.0286
-66.0007
-65.9736
-65.9472
-65.9215
-65.8966
-65.8723
-65.8487
-65.8257
-65.8034
-65.7817
-65.7606
-65.74
-65.72
-65.7006
-65.6817
-65.6633
-65.6455
-65.6281
-65.6112
-65.5948
-65.5788
-65.5632
-65.5481
-65.5334
-65.5191
-65.5052
-65.4917
-65.4785
-65.4657
-65.4533
-65.4412
-65.4294
-65.418
-65.4068
-65.396
-65.3855
-65.3752
-65.3653
-65.3556
-65.3462
-65.337
-65.3281
-65.3194
-65.311
-65.3028
-65.2948
-65.2871
-65.2795
-65.2722
-65.2651
-65.2581
-65.2514
-65.2448
-65.2385
-65.2322
-65.2262
-65.2203
-65.2146
-65.2091
-65.2037
-65.1984
-65.1933
-65.1884
-65.1835
-65.1788
-65.1743
-65.1698
-65.1655
-65.1613
-65.1572
-65.1532
-65.1493
-65.1456
-65.1419
-65.1384
-65.1349
-65.1315
-65.1283
-65.1251
-65.122
-65.119
-65.1161
-65.1132
-65.1104
-65.1077
-65.1051
-65.1026
-65.1001
-65.0977
-65.0953
-65.0931
-65.0908
-65.0887
-65.0866
-65.0845
-65.0826
-65.0806
-65.0788
-65.0769
-65.0752
-65.0734
-65.0718
-65.0701
-65.0685
-65.067
-65.0655
-65.064
-65.0626
-65.0612
-65.0599
-65.0586
-65.0573
-65.0561
-65.0549
-65.0537
-65.0526
-65.0514
-65.0504
-65.0493
-65.0483
-65.0473
-65.0464
-65.0454
-65.0445
-65.0436
-65.0428
-65.0419
-65.0411
-65.0403
-65.0395
-65.0388
-65.0381
-65.0374
-65.0367
-65.036
-65.0353
-65.0347
-65.0341
-65.0335
-65.0329
-65.0323
-65.0318
-65.0313
-65.0307
-65.0302
-65.0297
-65.0293
-65.0288
-65.0283
-65.0279
-65.0275
-65.027
-65.0266
-65.0262
-65.0259
-65.0255
-65.0251
-65.0248
-65.0244
-65.0241
-65.0238
-65.0234
-65.0231
-65.0228
-65.0225
-65.0223
-65.022
-65.0217
-65.0215
-65.0212
-65.021
-65.0207
-65.0205
-65.0203
-65.02
-65.0198
-65.0196
-65.0194
-65.0192
-65.019
-65.0188
-65.0187
-65.0185
-65.0183
-65.0181
-65.018
-65.0178
-65.0177
-65.0175
-65.0174
-65.0172
-65.0171
-65.017
-65.0168
-65.0167
-65.0166
-65.0165
-65.0163
-65.0162
-65.0161
-65.016
-65.0159
-65.0158
-65.0157
-65.0156
-65.0155
-65.0154
-65.0153
-65.0153
-65.0152
-65.0151
-65.015
-65.0149
-65.0149
-65.0148
-65.0147
-65.0147
-65.0146
-65.0145
-65.0145
-65.0144
-65.0143
-65.0143
-65.0142
-65.0142
-65.0141
-65.0141
-65.014
-65.014
-65.0139
-65.0139
-65.0138
-65.0138
-65.0137
-65.0137
-65.0137
-65.0136
-65.0136
-65.0135
-65.0135
-65.0135
-65.0134
-65.0134
-65.0134
-65.0133
-65.0133
-65.0133
-65.0133
-65.0132
-65.0132
-65.0132
-65.0131
-65.0131
-65.0131
-65.0131
-65.0131
-65.013
-65.013
-65.013
-65.013
-65.0129
-65.0129
-65.0129
-65.0129
-65.0129
-65.0129
-65.0128
-65.0128
-65.0128
-65.0128
-65.0128
-65.0128
-65.0127
-65.0127
-65.0127
-65.0127
-65.0127
-65.0127
-65.0127
-65.0127
-65.0126
-65.0126
-65.0126
-65.0126
-65.0126
-65.0126
-65.0126
-65.0126
-65.0126
-65.0126
-65.0125
-65.0125
-65.0125
-65.0125
-65.0125
-65.0125
-65.0125
-65.0125
-65.0125
-65.0125
-65.0125
-65.0125
-65.0125
-65.0124
-65.0124
-65.0124
-65.0124
-65.0124
-65.0124
-65.0124
-65.0124
-65.0124
-65.0124
-65.0124
-65.0124
-65.0124
-65.0124
-65.0124
-65.0124
-65.0124
-65.0124
-65.0124
-65.0124
-65.0124
-65.0124
-65.0124
-65.0123
-65.0123
-65.0123
-65.0123
-65.0123
-65.0123
-65.0123
-65.0123
-65.0123
-65.0123
-65.0123
-65.0123
-65.0123
-65.0123
-65.0123
-65.0123
-65.0123
-65.0123
-65.0123
-65.0123
-65.0123
-65.0123
-65.0123
-65.0123
-65.0123
-65.0123
-65.0123
-65.0123
-65.0123
-65.0123
-65.0123
-65.0123
-65.0123
-65.0123
-65.0123
-65.0123
-65.0123
-65.0123
-65.0123
-65.0123
-65.0123
-65.0123
-65.0123
-65.0123
-65.0123
-65.0123
-65.0123
-65.0123
-65.0123
-65.0123
-65.0123
-65.0123
-65.0123
-65.0123
-65.0123
-65.0123
-65.0123
-65.0123
-65.0123
-65.0123
-65.0123
-65.0123
-65.0123
-65.0123
-65.0123
-65.0123
-65.0123
-65.0123
-65.0123
-65.0123
-65.0123
-65.0123
-65.0123
-65.0123
-62.309
-60.2068
-58.6988
-57.6494
-56.8447
-56.2052
-55.6924
-55.2808
-54.9522
-54.6924
-54.4903
-54.337
-54.2255
-54.1498
-54.1052
-54.0875
-54.0932
-54.1194
-54.1635
-54.2234
-54.2972
-54.3832
-54.4798
-54.5856
-54.6995
-54.8204
-54.9472
-55.0792
-55.2155
-55.3553
-55.4981
-55.6433
-55.7903
-55.9387
-55.077
-52.8678
-51.4476
-50.3851
-49.5872
-48.9048
-48.2871
-47.6996
-47.1077
-46.4734
-45.7418
-44.814
-43.4687
-40.9889
-31.8114
42.2267
-0.491313
-33.6986
-54.1198
-56.141
-55.264
-52.7523
-45.28
-39.8281
-32.8714
-10.3634
17.4951
-11.9386
-28.7862
-35.7479
-35.4217
-32.3969
-28.1237
-20.6712
0.659373
-6.1112
-23.148
-31.234
-32.4674
-30.3064
-26.7821
-20.572
-3.75649
-6.43348
-21.185
-32.3918
-35.5639
-34.6323
-32.0168
-27.4017
-17.2468
1.06276
-13.7079
-30.6691
-39.4883
-40.4067
-39.9131
-40.6819
-40.8724
-42.0934
-45.1628
-46.0979
-45.7226
-47.1485
-47.727
-48.2766
-50.5629
-51.8752
-51.724
-52.0811
-51.6122
-51.2876
-50.9675
-50.1011
-49.8869
-49.4061
-48.6337
-47.7673
-48.1985
-47.6936
-47.4324
-47.4576
-46.6848
-45.6667
-43.9894
-41.564
-37.9929
-15.1203
16.4459
-18.5795
-43.6995
-54.3467
-55.8253
-54.5081
-51.7831
-48.3314
-45.0111
-41.6559
-36.9586
-26.7128
18.5201
-1.47216
-24.8697
-39.2566
-43.1011
-41.0873
-36.1455
-29.8344
-18.414
4.42755
-8.83476
-26.2277
-34.8061
-36.0379
-38.8962
-39.314
-39.0776
-42.3799
-44.3916
-49.2571
-51.5508
-52.5863
-53.6263
-54.773
-55.66
-57.1308
-58.8399
-60.617
-61.4895
-62.7493
-63.5751
-64.7548
-65.2081
-65.9508
-66.6944
-66.8393
-66.7295
-66.8522
-66.8283
-67.2865
-67.1284
-67.0469
-66.8427
-66.7569
-66.5197
-66.1558
-65.7463
-65.306
-64.8422
-64.36
-63.8628
-63.3534
-62.8342
-62.3073
-61.7747
-61.238
-60.6986
-60.9864
-61.0771
-61.5275
-61.4936
-61.3032
-61.5895
-61.7438
-61.6278
-61.4151
-61.1424
-60.8277
-60.4821
-60.1134
-59.7275
-59.3288
-58.9209
-58.5065
-58.0879
-57.6669
-57.2448
-56.8228
-56.4014
-55.9812
-55.5627
-55.1456
-54.7302
-54.3158
-53.902
-53.4881
-53.073
-52.6556
-52.234
-51.8064
-50.6268
-47.4598
-44.6977
-41.439
-34.1539
34.4222
9.92206
-22.3088
-47.8573
-56.0247
-56.3014
-52.2257
-46.0527
-40.7531
-35.1173
-20.9797
17.3848
-4.49795
-24.4204
-35.2685
-36.9875
-34.8653
-30.479
-24.372
-8.39873
0.684528
-17.0168
-31.7295
-37.2071
-36.0068
-32.6396
-28.2764
-20.0042
1.36067
-7.84597
-25.7418
-37.2726
-39.6715
-38.5319
-35.8979
-31.7023
-27.0411
-4.20746
0.245947
-24.8619
-41.247
-46.1564
-44.918
-46.1523
-45.889
-44.8767
-43.3411
-45.6291
-51.5135
-52.8183
-52.4035
-51.7363
-51.4847
-51.3502
-51.6664
-53.2273
-53.3551
-52.711
-51.9211
-51.1541
-50.2983
-49.6865
-50.8263
-50.9645
-50.6505
-50.0539
-49.3844
-49.691
-49.4887
-48.9527
-48.1353
-47.0346
-45.7043
-43.713
-41.1908
-41.7805
-39.1465
13.9379
0.693812
-33.0513
-53.6586
-58.008
-57.0474
-54.0982
-51.0182
-47.5711
-43.806
-40.2797
-35.4801
-19.973
19.2734
-9.74248
-31.9429
-44.4808
-44.8879
-42.8344
-39.7942
-36.8011
-32.0678
-20.7562
6.43363
-12.3772
-31.9184
-41.4665
-42.3889
-40.4545
-37.8348
-34.526
-31.5022
-31.9569
-9.85408
-12.5012
-36.2337
-50.7852
-56.4304
-57.6593
-57.111
-56.0567
-54.8453
-53.7821
-55.0442
-56.8774
-58.3924
-60.4771
-60.8292
-61.8463
-63.1894
-63.7663
-64.623
-64.8985
-64.7366
-64.449
-64.0877
-64.1764
-64.3566
-64.9894
-64.9843
-64.748
-64.4275
-64.0544
-63.6446
-63.2081
-62.7515
-62.2798
-61.7971
-61.3065
-60.8107
-60.3121
-59.8124
-59.3134
-58.8163
-58.5552
-58.9959
-58.9416
-58.741
-58.4777
-58.1746
-58.492
-58.8859
-58.896
-58.7847
-58.604
-58.3759
-58.1136
-57.8258
-57.519
-57.1981
-56.8669
-56.5284
-56.1847
-55.8377
-55.4885
-55.1383
-54.7876
-54.4367
-54.0857
-53.7348
-53.3831
-53.0305
-52.6762
-52.3188
-51.9575
-51.5904
-51.2154
-50.8304
-50.4317
-50.0154
-49.5763
-49.1066
-48.5966
-48.031
-47.3867
-46.6254
-45.6766
-44.3894
-42.0793
-36.4635
26.7938
13.9608
-22.8909
-49.3492
-56.8207
-55.4931
-52.5439
-49.858
-47.4032
-44.3169
-40.5006
-35.3174
-16.6379
21.9412
-9.9591
-33.8598
-41.0635
-37.8148
-33.4409
-28.3351
-20.5189
1.98251
-4.84346
-23.89
-35.698
-37.7663
-35.8182
-32.6794
-28.2742
-18.8459
3.08398
-9.57827
-28.3425
-39.0444
-40.9317
-38.6343
-34.8952
-29.891
-19.6187
6.68886
-8.86684
-30.2358
-44.7506
-49.2207
-47.8743
-45.781
-43.0807
-45.1943
-46.2974
-47.7701
-50.4308
-51.1978
-52.9954
-54.2127
-56.2287
-57.5991
-57.9769
-57.9469
-57.8477
-57.4355
-56.8105
-56.1643
-55.4983
-54.703
-53.9495
-53.09
-52.212
-51.372
-50.4693
-49.3909
-48.4301
-48.8635
-48.3213
-49.0489
-49.0387
-48.6939
-49.3668
-50.0059
-52.2016
-53.5899
-53.6093
-53.373
-53.5057
-53.4378
-52.7747
-52.0481
-51.3666
-50.6853
-49.9837
-49.2127
-48.15
-46.9507
-45.3878
-43.2624
-39.8097
-25.6417
32.315
-6.96441
-36.1491
-52.2505
-52.5749
-49.106
-44.0805
-38.5057
-30.8156
-10.1599
12.0245
-13.1215
-30.5435
-38.8637
-39.0229
-36.5376
-32.7188
-26.9587
-11.9156
4.05666

