-70
-70.0758
-70.1508
-70.225
-70.2983
-70.3706
-70.4419
-70.5122
-70.5814
-70.6496
-70.7168
-70.7829
-70.848
-70.9121
-70.9752
-71.0373
-71.0984
-71.1586
-71.2178
-71.2761
-71.3334
-71.3899
-71.4455
-71.5003
-71.5543
-71.6074
-71.6598
-71.7114
-71.7623
-71.8124
-71.8619
-71.9106
-71.9587
-72.006
-72.0527
-72.0988
-72.1442
-72.1889
-72.2331
-72.2766
-72.3196
-72.362
-72.4038
-72.445
-72.4857
-72.5258
-72.5654
-72.6045
-72.6431
-72.6812
-72.7188
-72.756
-72.7927
-72.8289
-72.8647
-72.9
-72.9349
-72.9694
-73.0035
-73.0371
-73.0704
-73.1032
-73.1357
-73.1678
-73.1994
-73.2307
-73.2617
-73.2922
-73.3224
-73.3523
-73.3817
-73.4109
-73.4397
-73.4682
-73.4963
-73.5241
-73.5516
-73.5788
-73.6057
-73.6323
-73.6585
-73.6845
-73.7102
-73.7356
-73.7608
-73.7857
-73.8103
-73.8346
-73.8587
-73.8825
-73.9061
-73.9294
-73.9524
-73.9753
-73.9979
-74.0202
-74.0423
-74.0642
-74.0859
-74.1073
-74.1285
-74.1495
-74.1703
-74.1909
-74.2112
-74.2313
-74.2513
-74.271
-74.2905
-74.3098
-74.329
-74.3479
-74.3666
-74.3852
-74.4036
-74.4217
-74.4397
-74.4575
-74.4752
-74.4926
-74.5099
-74.527
-74.544
-74.5607
-74.5774
-74.5938
-74.6101
-74.6262
-74.6422
-74.658
-74.6736
-74.6891
-74.7045
-74.7197
-74.7347
-74.7496
-74.7644
-74.779
-74.7935
-74.8079
-74.8221
-74.8362
-74.8501
-74.864
-74.8777
-74.8913
-74.9047
-74.918
-74.9313
-74.9443
-74.9573
-74.9701
-74.9829
-74.9955
-75.008
-75.0204
-75.0327
-75.0448
-75.0569
-75.0688
-75.0806
-75.0924
-75.104
-75.1155
-75.1269
-75.1382
-75.1495
-75.1606
-75.1716
-75.1825
-75.1933
-75.204
-75.2147
-75.2252
-75.2356
-75.246
-75.2562
-75.2664
-75.2764
-75.2864
-75.2963
-75.3061
-75.3158
-75.3255
-75.335
-75.3445
-75.3538
-75.3631
-75.3724
-75.3815
-75.3906
-75.3995
-75.4084
-75.4172
-75.426
-75.4346
-75.4432
-75.4518
-75.4602
-75.4686
-75.4769
-75.4851
-75.4932
-75.5013
-75.5093
-75.5173
-75.5251
-75.533
-75.5407
-75.5484
-75.556
-75.5635
-75.571
-75.5784
-75.5858
-75.593
-75.6003
-75.6074
-75.6145
-75.6216
-75.6285
-75.6355
-75.6423
-75.6491
-75.6559
-75.6626
-75.6692
-75.6758
-75.6823
-75.6888
-75.6952
-75.7015
-75.7078
-75.7141
-75.7203
-75.7264
-75.7325
-75.7386
-75.7446
-75.7505
-75.7564
-75.7622
-75.768
-75.7738
-75.7795
-75.7851
-75.7907
-75.7963
-75.8018
-75.8072
-75.8127
-75.818
-75.8234
-75.8287
-75.8339
-75.8391
-75.8443
-75.8494
-75.8545
-75.8595
-75.8645
-75.8695
-75.8744
-75.8793
-75.8841
-75.8889
-75.8937
-75.8984
-75.9031
-75.9077
-75.9123
-75.9169
-75.9214
-75.9259
-75.9304
-75.9348
-75.9392
-75.9436
-75.9479
-75.9522
-75.9565
-75.9607
-75.9649
-75.969
-75.9731
-75.9772
-75.9813
-75.9853
-75.9893
-75.9933
-75.9972
-76.0011
-76.005
-76.0088
-76.0126
-76.0164
-76.0201
-76.0239
-76.0275
-76.0312
-76.0348
-76.0384
-76.042
-76.0456
-76.0491
-76.0526
-76.056
-76.0595
-76.0629
-76.0663
-76.0696
-76.0729
-76.0762
-76.0795
-76.0828
-76.086
-76.0892
-76.0924
-76.0955
-76.0986
-76.1017
-76.1048
-76.1079
-76.1109
-76.1139
-76.1169
-76.1198
-76.1228
-76.1257
-76.1286
-76.1314
-76.1343
-76.1371
-76.1399
-76.1427
-76.1455
-76.1482
-76.1509
-76.1536
-76.1563
-76.1589
-76.1615
-76.1642
-76.1667
-76.1693
-76.1719
-76.1744
-76.1769
-76.1794
-76.1819
-76.1843
-76.1868
-76.1892
-76.1916
-76.1939
-76.1963
-76.1986
-76.201
-76.2033
-76.2056
-76.2078
-76.2101
-76.2123
-76.2145
-76.2167
-76.2189
-76.2211
-76.2232
-76.2254
-76.2275
-76.2296
-76.2317
-76.2337
-76.2358
-76.2378
-76.2398
-76.2418
-76.2438
-76.2458
-76.2478
-76.2497
-76.2516
-76.2536
-76.2554
-76.2573
-76.2592
-76.2611
-76.2629
-76.2647
-76.2665
-76.2683
-76.2701
-76.2719
-76.2737
-76.2754
-76.2771
-76.2788
-76.2806
-76.2822
-76.2839
-76.2856
-76.2872
-76.2889
-76.2905
-76.2921
-76.2937
-76.2953
-76.2969
-76.2985
-76.3
-76.3016
-76.3031
-76.3046
-76.3061
-76.3076
-76.3091
-76.3106
-76.312
-76.3135
-76.3149
-76.3164
-76.3178
-76.3192
-76.3206
-76.322
-76.3233
-76.3247
-76.3261
-76.3274
-76.3287
-76.33
-76.3314
-76.3327
-76.334
-76.3352
-76.3365
-76.3378
-76.339
-76.3403
-76.3415
-76.3427
-76.3439
-76.3452
-76.3464
-76.3475
-76.3487
-76.3499
-76.351
-76.3522
-76.3533
-76.3545
-76.3556
-76.3567
-76.3578
-76.3589
-76.36
-76.3611
-76.3622
-76.3632
-76.3643
-76.3654
-76.3664
-76.3674
-76.3685
-76.3695
-76.3705
-76.3715
-76.3725
-76.3735
-76.3745
-76.3754
-76.3764
-76.3774
-76.3783
-76.3793
-76.3802
-76.3811
-76.382
-76.383
-76.3839
-76.3848
-76.3857
-76.3866
-76.3874
-76.3883
-76.3892
-76.39
-76.3909
-76.3917
-76.3926
-76.3934
-76.3943
-76.3951
-76.3959
-76.3967
-76.3975
-76.3983
-76.3991
-76.3999
-76.4007
-76.4014
-76.4022
-76.403
-76.4037
-76.4045
-76.4052
-73.0945
-69.0255
-65.9295
-63.5553
-61.6413
-59.9385
-58.1125
-55.246
-31.2515
9.69463
-27.3558
-73.7447
-79.0249
-78.7511
-78.5907
-78.4241
-78.2434
-78.0487
-77.8404
-77.6198
-77.3884
-75.137
-73.2319
-72.0281
-71.1533
-70.4465
-69.8396
-69.3018
-68.8181
-68.3811
-67.9865
-67.6319
-67.3156
-67.6079
-68.2096
-68.7908
-69.7884
-70.4354
-68.3682
-67.1192
-66.4833
-66.857
-67.3096
-68.0317
-68.8425
-69.3416
-69.6521
-69.8564
-69.9984
-70.1027
-70.1834
-70.2491
-70.3053
-70.3553
-70.4014
-70.4452
-70.4876
-70.5294
-70.571
-70.6128
-70.655
-70.6977
-70.741
-70.7849
-70.8295
-69.9604
-66.5855
-63.8228
-61.725
-59.9932
-58.3263
-56.2015
-50.9069
36.0918
-15.7433
-50.0039
-79.2437
-79.6755
-79.6451
-79.6008
-79.5514
-79.4974
-77.5708
-75.8702
-75.0171
-74.4308
-73.9307
-73.4656
-73.0204
-72.5916
-72.1797
-70.6857
-68.0105
-65.9721
-64.4611
-63.288
-62.3353
-61.5244
-60.7969
-60.1047
-58.3272
-56.1994
-53.8784
-25.9939
4.13718
-31.0077
-76.0446
-79.2805
-79.1799
-79.0497
-78.9412
-78.7531
-78.5564
-78.3595
-78.1095
-77.9251
-77.6975
-77.4491
-77.2629
-77.1083
-76.9709
-76.8454
-76.7296
-76.6226
-76.524
-76.4334
-76.3506
-76.2752
-76.207
-76.1455
-76.0903
-76.041
-75.9972
-75.9584
-75.9243
-75.8944
-75.8684
-75.8458
-75.8264
-75.8099
-75.7959
-75.7842
-75.7745
-75.7666
-75.7603
-75.7555
-75.7519
-75.7495
-75.748
-75.7475
-75.7477
-75.7485
-75.75
-75.7519
-75.7543
-75.7572
-75.7603
-75.7637
-75.7674
-75.7714
-75.7755
-75.7797
-75.7841
-75.7886
-75.7932
-75.7979
-75.8027
-75.8075
-75.8123
-75.8172
-75.8221
-75.827
-75.8319
-75.8368
-75.8417
-75.8466
-75.8515
-75.8564
-75.8613
-75.8661
-75.8709
-73.0562
-68.9819
-65.8552
-63.4613
-61.5315
-59.8077
-57.9351
-54.8778
-12.3813
5.49798
-29.4972
-75.6344
-79.0203
-78.7233
-78.5588
-78.389
-78.205
-78.0069
-77.7952
-77.5713
-77.3366
-75.2669
-73.2308
-71.939
-71.0134
-70.2753
-69.6482
-69.097
-68.6043
-67.9624
-65.8349
-64.6705
-63.9529
-64.2389
-64.794
-65.1733
-65.4334
-65.7107
-66.6959
-67.6966
-67.4731
-66.4189
-65.752
-65.3517
-65.1074
-64.9594
-64.8744
-64.9309
-65.849
-66.6411
-67.2054
-67.6196
-67.9332
-68.1779
-68.3746
-68.5373
-68.6756
-68.7959
-68.9031
-69.0005
-69.0906
-69.1753
-69.2559
-69.3334
-69.4087
-69.4821
-69.5543
-69.6254
-69.6958
-69.7654
-68.949
-65.6897
-62.9966
-60.913
-59.1198
-57.2278
-54.2096
-21.6939
3.31185
-30.9848
-75.7689
-79.6111
-79.6307
-79.5863
-79.535
-79.4787
-79.4173
-79.351
-77.7001
-75.1176
-73.6506
-72.7061
-71.9844
-71.3751
-70.8334
-70.3405
-69.888
-68.2548
-65.7766
-63.8776
-62.4224
-61.2332
-60.1794
-59.1412
-57.9547
-56.2407
-52.0583
42.528
-11.8891
-44.0392
-78.4537
-78.9751
-78.8648
-78.7336
-78.5042
-78.3025
-78.0375
-77.8116
-77.6163
-77.3432
-77.1088
-76.9098
-76.7275
-76.5161
-76.3269
-76.1697
-76.0335
-75.9126
-75.8042
-75.7067
-75.6191
-75.5405
-75.4702
-75.4077
-75.3523
-75.3035
-75.2607
-75.2355
-75.2728
-75.3085
-75.3351
-75.3557
-75.372
-75.3852
-75.3964
-75.4061
-75.4147
-75.4226
-75.43
-75.4371
-75.444
-75.4507
-75.4573
-75.4639
-75.4705
-75.4771
-75.4837
-75.4904
-75.4971
-75.5038
-75.5106
-75.5174
-75.5243
-75.5311
-75.538
-75.5449
-75.5518
-75.5588
-75.5657
-75.5726
-75.5795
-75.5864
-75.5933
-75.6002
-75.607
-75.6138
-75.6206
-75.6274
-75.6341
-75.6408
-75.6474
-75.654
-75.6606
-75.6671
-75.6736
-75.68
-75.6864
-75.6928
-75.6991
-75.7054
-75.7116
-75.7177
-75.7239
-75.7299
-75.736
-75.742
-75.7479
-75.7538
-75.7596
-75.7654
-75.7712
-75.7769
-72.9646
-68.8947
-65.7724
-63.3813
-61.4503
-59.7164
-57.8092
-54.5823
14.9127
2.4922
-31.18
-76.6536
-78.9818
-78.7115
-78.5493
-78.3787
-78.194
-77.9951
-77.7828
-77.5583
-77.3232
-75.0364
-73.0868
-71.8485
-70.9499
-70.2272
-69.61
-69.0657
-68.5786
-68.1656
-67.0557
-65.4531
-64.3163
-63.5113
-63.6527
-64.2507
-64.6895
-65.0041
-65.239
-66.1267
-67.3629
-67.8769
-66.6416
-65.7581
-65.2251
-64.8954
-65.2274
-65.965
-66.4889
-66.8542
-67.1202
-67.3226
-67.4832
-67.6159
-67.7296
-67.8302
-67.922
-68.0077
-68.0893
-68.1683
-68.2456
-68.322
-68.3979
-68.4737
-68.5496
-68.6257
-68.7021
-68.7788
-68.8558
-68.933
-69.0104
-69.0879
-69.1655
-69.243
-69.3205
-69.3978
-69.4749
-69.5517
-69.6282
-69.7042
-69.7798
-69.8547
-69.9291
-70.0028
-70.0758
-70.148
-70.2195
-70.2902
-70.36
-70.4291
-68.8855
-65.4822
-62.7834
-60.6529
-58.75
-56.5664
-52.0441
42.3049
-11.994
-43.8409
-78.7307
-78.7788
-78.5407
-78.3648
-78.177
-77.9747
-77.7583
-77.5288
-77.2879
-76.7724
-74.2664

