-70
-69.8623
-69.7285
-69.5983
-69.4718
-69.3487
-69.2291
-69.1128
-68.9997
-68.8897
-68.7828
-68.6789
-68.5778
-68.4795
-68.3839
-68.291
-68.2007
-68.1128
-68.0274
-67.9443
-67.8636
-67.7851
-67.7087
-67.6345
-67.5623
-67.4921
-67.4238
-67.3574
-67.2929
-67.2301
-67.1691
-67.1098
-67.0521
-66.996
-66.9414
-66.8884
-66.8368
-66.7866
-66.7378
-66.6904
-66.6443
-66.5994
-66.5558
-66.5133
-66.4721
-66.432
-66.393
-66.355
-66.3181
-66.2823
-66.2474
-66.2134
-66.1805
-66.1484
-66.1172
-66.0868
-66.0573
-66.0286
-66.0007
-65.9736
-65.9472
-65.9215
-65.8966
-65.8723
-65.8487
-65.8257
-65.8034
-65.7817
-65.7606
-65.74
-65.72
-65.7006
-65.6817
-65.6633
-65.6455
-65.6281
-65.6112
-65.5948
-65.5788
-65.5632
-65.5481
-65.5334
-65.5191
-65.5052
-65.4917
-65.4785
-65.4657
-65.4533
-65.4412
-65.4294
-65.418
-65.4068
-65.396
-65.3855
-65.3752
-65.3653
-65.3556
-65.3462
-65.337
-65.3281
-65.3194
-65.311
-65.3028
-65.2948
-65.2871
-65.2795
-65.2722
-65.2651
-65.2581
-65.2514
-65.2448
-65.2385
-65.2322
-65.2262
-65.2203
-65.2146
-65.2091
-65.2037
-65.1984
-65.1933
-65.1884
-65.1835
-65.1788
-65.1743
-65.1698
-65.1655
-65.1613
-65.1572
-65.1532
-65.1493
-65.1456
-65.1419
-65.1384
-65.1349
-65.1315
-65.1283
-65.1251
-65.122
-65.119
-65.1161
-65.1132
-65.1104
-65.1077
-65.1051
-65.1026
-65.1001
-65.0977
-65.0953
-65.0931
-65.0908
-65.0887
-65.0866
-65.0845
-65.0826
-65.0806
-65.0788
-65.0769
-65.0752
-65.0734
-65.0718
-65.0701
-65.0685
-65.067
-65.0655
-65.064
-65.0626
-65.0612
-65.0599
-65.0586
-65.0573
-65.0561
-65.0549
-65.0537
-65.0526
-65.0514
-65.0504
-65.0493
-65.0483
-65.0473
-65.0464
-65.0454
-65.0445
-65.0436
-65.0428
-65.0419
-65.0411
-65.0403
-65.0395
-65.0388
-65.0381
-65.0374
-65.0367
-65.036
-65.0353
-65.0347
-65.0341
-65.0335
-65.0329
-65.0323
-65.0318
-65.0313
-65.0307
-65.0302
-65.0297
-65.0293
-65.0288
-65.0283
-65.0279
-65.0275
-65.027
-65.0266
-65.0262
-65.0259
-65.0255
-65.0251
-65.0248
-65.0244
-65.0241
-65.0238
-65.0234
-65.0231
-65.0228
-65.0225
-65.0223
-65.022
-65.0217
-65.0215
-65.0212
-65.021
-65.0207
-65.0205
-65.0203
-65.02
-65.0198
-65.0196
-65.0194
-65.0192
-65.019
-65.0188
-65.0187
-65.0185
-65.0183
-65.0181
-65.018
-65.0178
-65.0177
-65.0175
-65.0174
-65.0172
-65.0171
-65.017
-65.0168
-65.0167
-65.0166
-65.0165
-65.0163
-65.0162
-65.0161
-65.016
-65.0159
-65.0158
-65.0157
-65.0156
-65.0155
-65.0154
-65.0153
-65.0153
-65.0152
-65.0151
-65.015
-65.0149
-65.0149
-65.0148
-65.0147
-65.0147
-65.0146
-65.0145
-65.0145
-65.0144
-65.0143
-65.0143
-65.0142
-65.0142
-65.0141
-65.0141
-65.014
-65.014
-65.0139
-65.0139
-65.0138
-65.0138
-65.0137
-65.0137
-65.0137
-65.0136
-65.0136
-65.0135
-65.0135
-65.0135
-65.0134
-65.0134
-65.0134
-65.0133
-65.0133
-65.0133
-65.0133
-65.0132
-65.0132
-65.0132
-65.0131
-65.0131
-65.0131
-65.0131
-65.0131
-65.013
-65.013
-65.013
-65.013
-65.0129
-65.0129
-65.0129
-65.0129
-65.0129
-65.0129
-65.0128
-65.0128
-65.0128
-65.0128
-65.0128
-65.0128
-65.0127
-65.0127
-65.0127
-65.0127
-65.0127
-65.0127
-65.0127
-65.0127
-65.0126
-65.0126
-65.0126
-65.0126
-65.0126
-65.0126
-65.0126
-65.0126
-65.0126
-65.0126
-65.0125
-65.0125
-65.0125
-65.0125
-65.0125
-65.0125
-65.0125
-65.0125
-65.0125
-65.0125
-65.0125
-65.0125
-65.0125
-65.0124
-65.0124
-65.0124
-65.0124
-65.0124
-65.0124
-65.0124
-65.0124
-65.0124
-65.0124
-65.0124
-65.0124
-65.0124
-65.0124
-65.0124
-65.0124
-65.0124
-65.0124
-65.0124
-65.0124
-65.0124
-65.0124
-65.0124
-65.0123
-65.0123
-65.0123
-65.0123
-65.0123
-65.0123
-65.0123
-65.0123
-65.0123
-65.0123
-65.0123
-65.0123
-65.0123
-65.0123
-65.0123
-65.0123
-65.0123
-65.0123
-65.0123
-65.0123
-65.0123
-65.0123
-65.0123
-65.0123
-65.0123
-65.0123
-65.0123
-65.0123
-65.0123
-65.0123
-65.0123
-65.0123
-65.0123
-65.0123
-65.0123
-65.0123
-65.0123
-65.0123
-65.0123
-65.0123
-65.0123
-65.0123
-65.0123
-65.0123
-65.0123
-65.0123
-65.0123
-65.0123
-65.0123
-65.0123
-65.0123
-65.0123
-65.0123
-65.0123
-65.0123
-65.0123
-65.0123
-65.0123
-65.0123
-65.0123
-65.0123
-65.0123
-65.0123
-65.0123
-65.0123
-65.0123
-65.0123
-65.0123
-65.0123
-65.0123
-65.0123
-65.0123
-65.0123
-65.0123
-64.7657
-64.5631
-64.4124
-64.305
-64.2215
-64.1548
-64.1013
-64.0585
-64.0247
-63.9986
-63.9789
-63.9648
-63.9553
-63.9499
-63.9479
-63.9489
-63.9525
-63.9582
-63.9658
-63.975
-63.9855
-63.9972
-64.0098
-64.0233
-64.0374
-64.052
-64.0671
-64.0826
-64.0983
-64.1142
-64.1302
-64.1463
-64.1624
-64.1784
-64.0134
-63.5939
-63.3163
-63.1112
-62.9658
-62.8535
-62.7661
-62.6988
-62.6481
-62.6113
-62.5862
-62.571
-62.5642
-62.5647
-62.5712
-62.5829
-62.5991
-62.6191
-62.6203
-62.2673
-61.9864
-61.6467
-60.6476
-59.9337
-59.193
-58.3795
-57.6429
-56.1658
-55.1204
-54.0434
-53.1842
-52.445
-51.8749
-51.4178
-50.7816
-50.0635
-49.3676
-48.4355
-47.6494
-46.7009
-45.6988
-44.5325
-42.865
-39.5237
-16.8054
34.2803
-11.1979
-41.0881
-55.8202
-59.3429
-60.0026
-59.8894
-59.6287
-59.3198
-59.015
-58.7535
-58.5107
-58.2887
-58.0758
-57.8623
-57.6638
-57.5057
-57.3924
-57.3132
-57.2607
-57.1892
-57.1241
-57.05
-57.013
-56.9999
-56.999
-56.9701
-56.9697
-56.9787
-56.9192
-56.853
-56.8269
-56.8295
-56.8526
-56.8901
-56.931
-56.9383
-56.9699
-57.0161
-57.0752
-57.1313
-57.0768
-56.9338
-56.8123
-56.7143
-56.6309
-56.5665
-56.4563
-56.34
-56.0083
-55.5837
-55.0185
-54.5171
-54.0421
-53.5146
-52.8527
-52.2497
-51.6969
-51.0569
-50.4077
-49.6506
-48.8053
-47.8721
-46.8835
-45.8958
-44.6842
-43.0108
-39.8315
-23.1737
37.3476
-8.81154
-40.242
-56.672
-60.5803
-61.2539
-61.1327
-60.7971
-60.3971
-60.0032
-59.6646
-59.3788
-59.1418
-58.9469
-58.7889
-58.6631
-58.565
-58.491
-58.4378
-58.4027
-58.3833
-58.3775
-58.3836
-58.4
-58.4254
-58.4588
-58.499
-58.5451
-58.5965
-58.6523
-58.712
-58.7749
-58.8406
-58.9087
-58.9788
-59.0504
-59.1233
-59.1973
-59.272
-59.3472
-59.4228
-59.4985
-59.5742
-59.6498
-59.7251
-59.8
-59.8744
-59.9482
-60.0213
-60.0937
-60.1652
-60.2359
-60.3058
-60.3746
-60.4426
-60.5095
-60.5754
-60.6403
-60.7041
-60.7669
-60.8287
-60.8894
-60.949
-61.0075
-61.065
-61.1214
-61.1768
-61.2311
-61.2844
-61.3367
-61.3879
-61.4382
-61.4875
-61.5358
-61.5832
-61.6296
-61.6669
-61.6608
-61.6703
-61.6872
-61.7104
-61.7277
-61.5154
-61.3287
-61.2006
-61.1022
-60.9537
-60.5645
-60.0568
-59.648
-59.3018
-58.4919
-57.2577
-55.5932
-54.3353
-53.089
-52.1075
-51.3408
-50.4701
-49.7463
-48.7648
-47.9154
-47.1349
-46.3572
-45.4868
-44.3827
-42.7128
-39.1327
-6.83712
29.8202
-15.3703
-46.5717
-59.6533
-62.6564
-63.0998
-62.9287
-62.475
-62.0139
-61.5257
-61.1165
-60.7577
-60.3584
-59.9234
-59.5302
-59.0864
-58.7296
-58.4567
-58.249
-58.0392
-57.7938
-57.5756
-57.4095
-57.2481
-57.1346
-57.0129
-56.9353
-56.7777
-56.6465
-56.5362
-56.452
-56.4071
-56.3899
-56.3947
-56.4169
-56.4534
-56.5021
-56.5277
-56.5396
-56.5614
-56.6043
-56.6621
-56.7309
-56.8079
-56.8561
-56.8397
-56.773
-56.733
-56.7009
-56.4529
-56.1166
-55.7889
-55.5387
-55.3352
-55.0616
-54.6529
-54.3283
-54.0605
-53.6934
-53.3826
-53.0255
-52.647
-52.2688
-51.7921
-51.2577
-50.6737
-50.0478
-49.424
-48.6518
-47.7782
-46.8402
-45.7924
-44.5911
-42.9509
-39.8477
-23.0095
36.9382
-10.0047
-43.0039
-59.3796
-63.1441
-63.6475
-63.4391
-63.0654
-62.6701
-62.1921
-61.7714
-61.3841
-60.9658
-60.6202
-60.3423
-60.1209
-59.942
-59.7973
-59.6817
-59.5907
-59.521
-59.4696
-59.4341
-59.4125
-59.4029
-59.4038
-59.414
-59.4321
-59.4572
-59.4884
-59.5248
-59.5659
-59.6108
-59.6592
-59.7105
-59.7642
-59.82
-59.8776
-59.9365
-59.9967
-60.0578
-60.1195
-60.1817
-60.2443
-60.307
-60.3697
-60.4324
-60.4948
-60.557
-60.6187
-60.68
-60.7407
-60.8009
-60.8604
-60.9191
-60.9772
-61.0344
-61.0909
-61.1465
-61.2013
-61.2553
-61.3083
-61.3606
-61.4119
-61.4623
-61.5119
-61.5606
-61.6084
-61.6554
-61.7015
-61.7467
-61.791
-61.8346
-61.8772
-61.9191
-61.9601
-62.0004
-62.0398
-62.0785
-62.1164
-62.1535
-62.1899
-62.2256
-62.2606
-62.2948
-62.3284
-62.3613
-62.3936
-62.4252
-62.4561
-62.4865
-62.4438
-62.3879
-62.3524
-62.2538
-61.7393
-61.0717
-60.5984
-60.0807
-59.6038
-59.2523
-58.9491
-58.4736
-58.0823
-57.7083
-57.1409
-56.6621
-56.3149
-55.9709
-54.6441
-53.1494
-52.0593
-51.2407
-50.5834
-49.8696
-49.2802
-48.5104
-47.8067
-47.0878
-46.331
-45.487
-44.4155
-42.797
-39.3801
-12.4488
31.4821
-14.8577
-47.2705
-60.8084
-63.6143
-63.8177
-63.4257
-62.8604
-62.3149
-61.8068
-61.3398
-60.9325
-60.5813
-60.2016
-59.6593
-59.196
-58.826
-58.5468
-58.3295
-58.1596
-58.0277
-57.9205
-57.8024
-57.7222
-57.669
-57.6395
-57.6283
-57.6324
-57.612
-57.6041
-57.6155
-57.6427
-57.6815
-57.7295
-57.7852
-57.8473
-57.915
-57.9873
-58.0636
-58.1432
-58.2254
-58.31
-58.3963
-58.484
-58.5728
-58.6624
-58.7524
-58.8011
-58.7224
-58.6238
-58.5052
-58.3951
-58.3104
-58.2395
-58.2064
-58.1977
-58.2083
-58.2331
-58.2182
-58.0246
-57.9122
-57.8093
-57.741
-57.6527
-57.5217
-57.2464
-56.8278
-56.2526
-55.6056
-55.0218
-54.4024
-53.8292
-53.0859
-52.3665
-51.7202
-51.0606
-50.0589
-49.0983
-48.2941
-47.5639
-46.8247
-46.0202
-45.0503
-43.6001

