-70
-69.8623
-69.7285
-69.5983
-69.4718
-69.3487
-69.2291
-69.1128
-68.9997
-68.8897
-68.7828
-68.6789
-68.5778
-68.4795
-68.3839
-68.291
-68.2007
-68.1128
-68.0274
-67.9443
-67.8636
-67.7851
-67.7087
-67.6345
-67.5623
-67.4921
-67.4238
-67.3574
-67.2929
-67.2301
-67.1691
-67.1098
-67.0521
-66.996
-66.9414
-66.8884
-66.8368
-66.7866
-66.7378
-66.6904
-66.6443
-66.5994
-66.5558
-66.5133
-66.4721
-66.432
-66.393
-66.355
-66.3181
-66.2823
-66.2474
-66.2134
-66.1805
-66.1484
-66.1172
-66.0868
-66.0573
-66.0286
-66.0007
-65.9736
-65.9472
-65.9215
-65.8966
-65.8723
-65.8487
-65.8257
-65.8034
-65.7817
-65.7606
-65.74
-65.72
-65.7006
-65.6817
-65.6633
-65.6455
-65.6281
-65.6112
-65.5948
-65.5788
-65.5632
-65.5481
-65.5334
-65.5191
-65.5052
-65.4917
-65.4785
-65.4657
-65.4533
-65.4412
-65.4294
-65.418
-65.4068
-65.396
-65.3855
-65.3752
-65.3653
-65.3556
-65.3462
-65.337
-65.3281
-65.3194
-65.311
-65.3028
-65.2948
-65.2871
-65.2795
-65.2722
-65.2651
-65.2581
-65.2514
-65.2448
-65.2385
-65.2322
-65.2262
-65.2203
-65.2146
-65.2091
-65.2037
-65.1984
-65.1933
-65.1884
-65.1835
-65.1788
-65.1743
-65.1698
-65.1655
-65.1613
-65.1572
-65.1532
-65.1493
-65.1456
-65.1419
-65.1384
-65.1349
-65.1315
-65.1283
-65.1251
-65.122
-65.119
-65.1161
-65.1132
-65.1104
-65.1077
-65.1051
-65.1026
-65.1001
-65.0977
-65.0953
-65.0931
-65.0908
-65.0887
-65.0866
-65.0845
-65.0826
-65.0806
-65.0788
-65.0769
-65.0752
-65.0734
-65.0718
-65.0701
-65.0685
-65.067
-65.0655
-65.064
-65.0626
-65.0612
-65.0599
-65.0586
-65.0573
-65.0561
-65.0549
-65.0537
-65.0526
-65.0514
-65.0504
-65.0493
-65.0483
-65.0473
-65.0464
-65.0454
-65.0445
-65.0436
-65.0428
-65.0419
-65.0411
-65.0403
-65.0395
-65.0388
-65.0381
-65.0374
-65.0367
-65.036
-65.0353
-65.0347
-65.0341
-65.0335
-65.0329
-65.0323
-65.0318
-65.0313
-65.0307
-65.0302
-65.0297
-65.0293
-65.0288
-65.0283
-65.0279
-65.0275
-65.027
-65.0266
-65.0262
-65.0259
-65.0255
-65.0251
-65.0248
-65.0244
-65.0241
-65.0238
-65.0234
-65.0231
-65.0228
-65.0225
-65.0223
-65.022
-65.0217
-65.0215
-65.0212
-65.021
-65.0207
-65.0205
-65.0203
-65.02
-65.0198
-65.0196
-65.0194
-65.0192
-65.019
-65.0188
-65.0187
-65.0185
-65.0183
-65.0181
-65.018
-65.0178
-65.0177
-65.0175
-65.0174
-65.0172
-65.0171
-65.017
-65.0168
-65.0167
-65.0166
-65.0165
-65.0163
-65.0162
-65.0161
-65.016
-65.0159
-65.0158
-65.0157
-65.0156
-65.0155
-65.0154
-65.0153
-65.0153
-65.0152
-65.0151
-65.015
-65.0149
-65.0149
-65.0148
-65.0147
-65.0147
-65.0146
-65.0145
-65.0145
-65.0144
-65.0143
-65.0143
-65.0142
-65.0142
-65.0141
-65.0141
-65.014
-65.014
-65.0139
-65.0139
-65.0138
-65.0138
-65.0137
-65.0137
-65.0137
-65.0136
-65.0136
-65.0135
-65.0135
-65.0135
-65.0134
-65.0134
-65.0134
-65.0133
-65.0133
-65.0133
-65.0133
-65.0132
-65.0132
-65.0132
-65.0131
-65.0131
-65.0131
-65.0131
-65.0131
-65.013
-65.013
-65.013
-65.013
-65.0129
-65.0129
-65.0129
-65.0129
-65.0129
-65.0129
-65.0128
-65.0128
-65.0128
-65.0128
-65.0128
-65.0128
-65.0127
-65.0127
-65.0127
-65.0127
-65.0127
-65.0127
-65.0127
-65.0127
-65.0126
-65.0126
-65.0126
-65.0126
-65.0126
-65.0126
-65.0126
-65.0126
-65.0126
-65.0126
-65.0125
-65.0125
-65.0125
-65.0125
-65.0125
-65.0125
-65.0125
-65.0125
-65.0125
-65.0125
-65.0125
-65.0125
-65.0125
-65.0124
-65.0124
-65.0124
-65.0124
-65.0124
-65.0124
-65.0124
-65.0124
-65.0124
-65.0124
-65.0124
-65.0124
-65.0124
-65.0124
-65.0124
-65.0124
-65.0124
-65.0124
-65.0124
-65.0124
-65.0124
-65.0124
-65.0124
-65.0123
-65.0123
-65.0123
-65.0123
-65.0123
-65.0123
-65.0123
-65.0123
-65.0123
-65.0123
-65.0123
-65.0123
-65.0123
-65.0123
-65.0123
-65.0123
-65.0123
-65.0123
-65.0123
-65.0123
-65.0123
-65.0123
-65.0123
-65.0123
-65.0123
-65.0123
-65.0123
-65.0123
-65.0123
-65.0123
-65.0123
-65.0123
-65.0123
-65.0123
-65.0123
-65.0123
-65.0123
-65.0123
-65.0123
-65.0123
-65.0123
-65.0123
-65.0123
-65.0123
-65.0123
-65.0123
-65.0123
-65.0123
-65.0123
-65.0123
-65.0123
-65.0123
-65.0123
-65.0123
-65.0123
-65.0123
-65.0123
-65.0123
-65.0123
-65.0123
-65.0123
-65.0123
-65.0123
-65.0123
-65.0123
-65.0123
-65.0123
-65.0123
-65.0123
-65.0123
-65.0123
-65.0123
-65.0123
-65.0123
-64.9505
-64.8995
-64.8615
-64.8344
-64.8133
-64.7964
-64.7828
-64.772
-64.7634
-64.7568
-64.7518
-64.7482
-64.7458
-64.7444
-64.7439
-64.7441
-64.745
-64.7465
-64.7484
-64.7508
-64.7534
-64.7564
-64.7596
-64.763
-64.7666
-64.7703
-64.7742
-64.7781
-64.7821
-64.7861
-64.7902
-64.7942
-64.7983
-64.8024
-64.6758
-64.3651
-64.1566
-64.0006
-63.8879
-63.7993
-63.7288
-63.6731
-63.6295
-63.5962
-63.5714
-63.554
-63.5429
-63.5371
-63.5358
-63.5385
-63.5445
-63.5534
-63.5647
-63.4455
-63.365
-63.1882
-62.59
-62.174
-61.8208
-61.5596
-61.2932
-60.4431
-59.716
-58.9469
-58.2825
-57.6493
-57.1167
-56.7211
-56.1725
-55.6389
-55.208
-54.5956
-54.158
-53.6491
-53.2406
-52.9367
-52.7134
-52.5018
-52.3219
-52.1945
-52.1098
-52.0602
-52.0268
-51.9976
-51.9991
-51.9851
-52.0016
-52.042
-52.1037
-52.1823
-52.2755
-52.3816
-52.4932
-52.5798
-52.6871
-52.8081
-52.8816
-52.9521
-53.0479
-53.0682
-53.0649
-53.0315
-53.0093
-52.9565
-52.9488
-52.9386
-52.9633
-52.9774
-53.0151
-53.0795
-53.1652
-53.2672
-53.3822
-53.5082
-53.6436
-53.7867
-53.9297
-54.0417
-54.1252
-54.2309
-54.3207
-54.3706
-54.4277
-54.4866
-54.5742
-54.6788
-54.7964
-54.9232
-54.9607
-54.9418
-54.8701
-54.8521
-54.8414
-54.7902
-54.493
-54.0493
-53.5773
-53.1864
-52.8317
-52.4494
-51.9618
-51.3436
-50.7372
-50.1885
-49.7084
-49.261
-48.8582
-48.5065
-48.1821
-47.8473
-47.5011
-47.1397
-46.7097
-46.2006
-45.5598
-44.6965
-43.3515
-40.7241
-29.6322
41.1885
-5.06997
-37.7576
-55.8909
-60.747
-62.181
-62.6914
-62.8732
-62.9203
-62.913
-62.886
-62.8544
-62.8247
-62.7992
-62.7787
-62.7631
-62.7521
-62.7454
-62.7423
-62.7424
-62.7455
-62.751
-62.7587
-62.7684
-62.7797
-62.7924
-62.8064
-62.8214
-62.8374
-62.8542
-62.8717
-62.8897
-62.9081
-62.927
-62.9462
-62.9656
-62.9851
-63.0048
-63.0245
-63.0442
-63.0639
-63.0835
-63.1031
-63.1225
-63.1418
-63.1609
-63.1798
-63.1985
-63.217
-63.2353
-63.2534
-63.2712
-63.2888
-63.3061
-63.3232
-63.34
-63.3565
-63.3728
-63.3888
-63.4046
-63.4201
-63.4353
-63.4503
-63.465
-63.4795
-63.4314
-63.2239
-63.0892
-62.9904
-62.9227
-62.8316
-62.7117
-62.6006
-62.5215
-62.4644
-62.3623
-62.1223
-61.6171
-61.2545
-60.9894
-60.6079
-60.0282
-59.1103
-58.4663
-57.6886
-57.0536
-56.5783
-55.999
-55.546
-54.8972
-54.3973
-54.0275
-53.7584
-53.5586
-53.3571
-53.1527
-53.0147
-52.9249
-52.8488
-52.7763
-52.6736
-52.5925
-52.5439
-52.5356
-52.5566
-52.5279
-52.4216
-52.2832
-52.2041
-52.1531
-52.0825
-52.0211
-51.9882
-51.9948
-52.011
-52.0336
-52.085
-52.1583
-52.218
-52.2655
-52.2359
-52.2395
-52.2415
-52.2795
-52.3457
-52.4341
-52.4845
-52.5234
-52.5556
-52.6238
-52.7156
-52.8261
-52.9145
-53.0194
-53.1405
-53.2756
-53.4209
-53.5744
-53.7345
-53.8999
-54.0698
-54.2431
-54.4191
-54.555
-54.6104
-54.6877
-54.7414
-54.7175
-54.5946
-54.5242
-54.4726
-54.4746
-54.4793
-54.3992
-54.3444
-54.3226
-54.2779
-54.2535
-54.084
-53.927
-53.7683
-53.5151
-53.2997
-53.0734
-52.642
-52.1966
-51.6763
-51.2434
-50.9134
-50.5367
-50.1833
-49.9104
-49.6631
-49.3542
-49.0847
-48.8579
-48.6615
-48.4831
-48.3107
-48.0587
-47.8201
-47.5794
-47.3202
-46.954
-46.5055
-45.9573
-45.2373
-44.2363
-42.5625
-38.6596
1.6091
25.1484
-19.9993
-49.6141
-60.4852
-63.4781
-64.4388
-64.7809
-64.8843
-64.8904
-64.8577
-64.8112
-64.7613
-64.7124
-64.6662
-64.6232
-64.5835
-64.547
-64.5133
-64.4824
-64.4539
-64.4277
-64.4034
-64.3811
-64.3604
-64.3413
-64.3237
-64.3074
-64.2923
-64.2783
-64.2654
-64.2534
-64.2424
-64.2321
-64.2226
-64.2139
-64.2057
-64.1982
-64.1912
-64.1848
-64.1788
-64.1732
-64.1681
-64.1634
-64.1591
-64.155
-64.1513
-64.1479
-64.1448
-64.1419
-64.1393
-64.1369
-64.1348
-64.1328
-64.131
-64.1295
-64.1281
-64.1268
-64.1257
-64.1248
-64.124
-64.1234
-64.1228
-64.1224
-64.1222
-64.122
-64.1219
-64.122
-64.1221
-64.1224
-64.1227
-64.1231
-64.1236
-64.1242
-64.1249
-64.0812
-64.0394
-64.009
-63.9725
-63.7512
-63.5189
-63.3472
-63.1786
-62.9812
-62.8366
-62.7253
-62.5725
-62.3538
-62.146
-61.8552
-61.5575
-61.3209
-60.8575
-59.7034
-58.4412
-57.5334
-56.8762
-56.3704
-55.8497
-55.4409
-54.9091
-54.5124
-54.1963
-53.9535
-53.7759
-53.649
-53.564
-53.5138
-53.4825
-53.3633
-53.2264
-53.1385
-53.0538
-52.9542
-52.8787
-52.8426
-52.7526
-52.684
-52.6494
-52.6551
-52.6899
-52.7419
-52.7804
-52.8124
-52.8542
-52.8985
-52.972
-53.065
-53.1421
-53.1947
-53.277
-53.3499
-53.4135
-53.4618
-53.5279
-53.607
-53.6863
-53.7879
-53.9043
-54.0115
-54.1028
-54.175
-54.2465
-54.3233
-54.4065
-54.4795
-54.5776
-54.6908
-54.7824
-54.8769
-54.9885
-55.1127
-55.2457
-55.385
-55.5292
-55.6771
-55.8098
-55.8301
-55.8509
-55.8646
-55.8507
-55.8812
-55.9386
-56.0167
-56.1082
-56.21
-56.32
-56.4366
-56.5274
-56.5937
-56.6314
-56.6493
-56.6279
-56.6449
-56.5762
-56.3937
-56.2135
-56.0345
-55.902
-55.6829
-55.2743
-54.7364
-54.2108
-53.779
-53.362
-52.7978
-52.3356
-51.9326
-51.6254
-51.3644
-51.1175
-50.9365
-50.6918

