-70
-70.0758
-70.1508
-70.225
-70.2983
-70.3706
-70.4419
-70.5122
-70.5814
-70.6496
-70.7168
-70.7829
-70.848
-70.9121
-70.9752
-71.0373
-71.0984
-71.1586
-71.2178
-71.2761
-71.3334
-71.3899
-71.4455
-71.5003
-71.5543
-71.6074
-71.6598
-71.7114
-71.7623
-71.8124
-71.8619
-71.9106
-71.9587
-72.006
-72.0527
-72.0988
-72.1442
-72.1889
-72.2331
-72.2766
-72.3196
-72.362
-72.4038
-72.445
-72.4857
-72.5258
-72.5654
-72.6045
-72.6431
-72.6812
-72.7188
-72.756
-72.7927
-72.8289
-72.8647
-72.9
-72.9349
-72.9694
-73.0035
-73.0371
-73.0704
-73.1032
-73.1357
-73.1678
-73.1994
-73.2307
-73.2617
-73.2922
-73.3224
-73.3523
-73.3817
-73.4109
-73.4397
-73.4682
-73.4963
-73.5241
-73.5516
-73.5788
-73.6057
-73.6323
-73.6585
-73.6845
-73.7102
-73.7356
-73.7608
-73.7857
-73.8103
-73.8346
-73.8587
-73.8825
-73.9061
-73.9294
-73.9524
-73.9753
-73.9979
-74.0202
-74.0423
-74.0642
-74.0859
-74.1073
-74.1285
-74.1495
-74.1703
-74.1909
-74.2112
-74.2313
-74.2513
-74.271
-74.2905
-74.3098
-74.329
-74.3479
-74.3666
-74.3852
-74.4036
-74.4217
-74.4397
-74.4575
-74.4752
-74.4926
-74.5099
-74.527
-74.544
-74.5607
-74.5774
-74.5938
-74.6101
-74.6262
-74.6422
-74.658
-74.6736
-74.6891
-74.7045
-74.7197
-74.7347
-74.7496
-74.7644
-74.779
-74.7935
-74.8079
-74.8221
-74.8362
-74.8501
-74.864
-74.8777
-74.8913
-74.9047
-74.918
-74.9313
-74.9443
-74.9573
-74.9701
-74.9829
-74.9955
-75.008
-75.0204
-75.0327
-75.0448
-75.0569
-75.0688
-75.0806
-75.0924
-75.104
-75.1155
-75.1269
-75.1382
-75.1495
-75.1606
-75.1716
-75.1825
-75.1933
-75.204
-75.2147
-75.2252
-75.2356
-75.246
-75.2562
-75.2664
-75.2764
-75.2864
-75.2963
-75.3061
-75.3158
-75.3255
-75.335
-75.3445
-75.3538
-75.3631
-75.3724
-75.3815
-75.3906
-75.3995
-75.4084
-75.4172
-75.426
-75.4346
-75.4432
-75.4518
-75.4602
-75.4686
-75.4769
-75.4851
-75.4932
-75.5013
-75.5093
-75.5173
-75.5251
-75.533
-75.5407
-75.5484
-75.556
-75.5635
-75.571
-75.5784
-75.5858
-75.593
-75.6003
-75.6074
-75.6145
-75.6216
-75.6285
-75.6355
-75.6423
-75.6491
-75.6559
-75.6626
-75.6692
-75.6758
-75.6823
-75.6888
-75.6952
-75.7015
-75.7078
-75.7141
-75.7203
-75.7264
-75.7325
-75.7386
-75.7446
-75.7505
-75.7564
-75.7622
-75.768
-75.7738
-75.7795
-75.7851
-75.7907
-75.7963
-75.8018
-75.8072
-75.8127
-75.818
-75.8234
-75.8287
-75.8339
-75.8391
-75.8443
-75.8494
-75.8545
-75.8595
-75.8645
-75.8695
-75.8744
-75.8793
-75.8841
-75.8889
-75.8937
-75.8984
-75.9031
-75.9077
-75.9123
-75.9169
-75.9214
-75.9259
-75.9304
-75.9348
-75.9392
-75.9436
-75.9479
-75.9522
-75.9565
-75.9607
-75.9649
-75.969
-75.9731
-75.9772
-75.9813
-75.9853
-75.9893
-75.9933
-75.9972
-76.0011
-76.005
-76.0088
-76.0126
-76.0164
-76.0201
-76.0239
-76.0275
-76.0312
-76.0348
-76.0384
-76.042
-76.0456
-76.0491
-76.0526
-76.056
-76.0595
-76.0629
-76.0663
-76.0696
-76.0729
-76.0762
-76.0795
-76.0828
-76.086
-76.0892
-76.0924
-76.0955
-76.0986
-76.1017
-76.1048
-76.1079
-76.1109
-76.1139
-76.1169
-76.1198
-76.1228
-76.1257
-76.1286
-76.1314
-76.1343
-76.1371
-76.1399
-76.1427
-76.1455
-76.1482
-76.1509
-76.1536
-76.1563
-76.1589
-76.1615
-76.1642
-76.1667
-76.1693
-76.1719
-76.1744
-76.1769
-76.1794
-76.1819
-76.1843
-76.1868
-76.1892
-76.1916
-76.1939
-76.1963
-76.1986
-76.201
-76.2033
-76.2056
-76.2078
-76.2101
-76.2123
-76.2145
-76.2167
-76.2189
-76.2211
-76.2232
-76.2254
-76.2275
-76.2296
-76.2317
-76.2337
-76.2358
-76.2378
-76.2398
-76.2418
-76.2438
-76.2458
-76.2478
-76.2497
-76.2516
-76.2536
-76.2554
-76.2573
-76.2592
-76.2611
-76.2629
-76.2647
-76.2665
-76.2683
-76.2701
-76.2719
-76.2737
-76.2754
-76.2771
-76.2788
-76.2806
-76.2822
-76.2839
-76.2856
-76.2872
-76.2889
-76.2905
-76.2921
-76.2937
-76.2953
-76.2969
-76.2985
-76.3
-76.3016
-76.3031
-76.3046
-76.3061
-76.3076
-76.3091
-76.3106
-76.312
-76.3135
-76.3149
-76.3164
-76.3178
-76.3192
-76.3206
-76.322
-76.3233
-76.3247
-76.3261
-76.3274
-76.3287
-76.33
-76.3314
-76.3327
-76.334
-76.3352
-76.3365
-76.3378
-76.339
-76.3403
-76.3415
-76.3427
-76.3439
-76.3452
-76.3464
-76.3475
-76.3487
-76.3499
-76.351
-76.3522
-76.3533
-76.3545
-76.3556
-76.3567
-76.3578
-76.3589
-76.36
-76.3611
-76.3622
-76.3632
-76.3643
-76.3654
-76.3664
-76.3674
-76.3685
-76.3695
-76.3705
-76.3715
-76.3725
-76.3735
-76.3745
-76.3754
-76.3764
-76.3774
-76.3783
-76.3793
-76.3802
-76.3811
-76.382
-76.383
-76.3839
-76.3848
-76.3857
-76.3866
-76.3874
-76.3883
-76.3892
-76.39
-76.3909
-76.3917
-76.3926
-76.3934
-76.3943
-76.3951
-76.3959
-76.3967
-76.3975
-76.3983
-76.3991
-76.3999
-75.9759
-71.7835
-67.9998
-65.1512
-62.9411
-61.1178
-59.4221
-57.4417
-53.6086
46.342
-5.09883
-36.4406
-78.4022
-79.7416
-79.7277
-79.6933
-79.6545
-79.6119
-79.4263
-76.9333
-75.5056
-74.7403
-74.1734
-73.6764
-73.2109
-72.7654
-72.3374
-71.9279
-71.5388
-71.1719
-70.8293
-70.5123
-70.2218
-69.9582
-69.7217
-69.5119
-69.3279
-69.1689
-69.0335
-68.9206
-68.8286
-68.7561
-68.7015
-67.312
-65.1366
-63.7101
-62.7737
-64.2774
-65.74
-66.813
-68.1541
-69.0307
-69.5685
-69.9155
-70.1503
-70.7254
-70.2543
-68.7385
-67.8511
-67.3677
-67.0956
-66.9415
-66.8573
-66.8168
-67.3781
-68.1404
-68.6701
-69.0397
-69.3076
-69.5091
-69.6663
-69.793
-69.8986
-69.9891
-70.069
-70.1411
-70.2076
-70.2701
-70.3297
-70.3871
-70.4431
-70.4981
-70.5523
-70.606
-70.6595
-70.7127
-70.7658
-70.8188
-70.8717
-70.9246
-68.6432
-65.328
-62.7825
-60.7718
-58.983
-56.9818
-53.3042
43.9724
-5.53267
-36.8777
-77.626
-78.8478
-78.7271
-78.5756
-78.4098
-78.2303
-78.0376
-77.8326
-77.6165
-75.5811
-73.7387
-72.9027
-72.4353
-72.3172
-72.5079
-72.6473
-72.9397
-73.1776
-73.2875
-73.5112
-73.7772
-73.9516
-74.0304
-74.064
-74.0764
-74.0787
-74.1849
-74.3193
-74.4052
-74.4603
-74.4973
-74.5234
-74.7397
-74.9564
-75.0917
-75.1783
-75.2363
-75.2768
-75.3062
-75.3283
-75.3456
-75.3596
-75.3714
-75.3815
-75.3905
-75.3988
-75.4065
-75.4138
-75.4208
-75.4277
-75.4345
-75.4411
-75.4478
-75.4545
-75.4611
-75.4678
-75.4745
-75.4813
-75.4881
-75.4949
-75.5018
-75.5086
-75.5155
-75.5225
-75.5294
-75.5364
-75.5434
-75.5503
-75.5573
-75.5643
-75.5712
-75.5782
-75.5851
-75.592
-75.5989
-75.6058
-75.6126
-75.6194
-73.6886
-69.5292
-66.2514
-63.7586
-61.7718
-60.0332
-58.2138
-55.48
-39.1394
13.3147
-25.6783
-71.5194
-79.6785
-79.7277
-79.6946
-79.6559
-79.6131
-79.5662
-79.5152
-79.4602
-76.5878
-74.4476
-73.2226
-72.3732
-71.6954
-71.1105
-70.5857
-70.1068
-68.4966
-66.0781
-64.23
-62.8213
-61.6825
-60.6961
-59.7658
-58.7859
-57.4692
-54.0244
6.26075
0.143384
-32.6892
-76.5845
-79.3209
-79.2828
-79.1957
-78.8642
-77.3257
-76.6185
-76.2197
-75.8702
-75.5656
-75.2789
-75.0007
-74.8638
-74.7531
-74.6156
-74.4721
-74.3324
-74.2006
-74.0783
-73.9664
-73.8649
-73.918
-74.0081
-74.0616
-74.0914
-74.1074
-74.1155
-74.1191
-74.1204
-74.1209
-74.1215
-74.1225
-74.1244
-74.1273
-74.1314
-74.1366
-74.2552
-74.4276
-74.5644
-74.672
-74.7581
-74.8281
-74.8859
-71.4658
-67.982
-65.4782
-63.641
-62.2291
-61.07
-60.0257
-58.9549
-57.6297
-55.3684
-44.1898
17.2105
-24.1021
-68.4207
-78.8736
-78.8307
-78.691
-78.5363
-78.3681
-78.1866
-77.9925
-77.7867
-77.4895
-75.7595
-73.5898
-72.3039
-71.457
-70.8168
-70.2901
-69.8361
-69.4354
-69.0781
-68.759
-67.0004
-64.6432
-63.2962
-63.1786
-63.1751
-63.4936
-64.6337
-65.506
-66.4974
-68.0591
-69.3923
-70.2218
-71.0856
-71.9038
-72.6382
-73.0842
-73.3559
-73.5297
-73.6461
-73.7274
-73.7865
-73.9172
-74.1253
-74.2779
-74.3872
-74.468
-74.5294
-74.5776
-74.7164
-74.8638
-74.972
-75.0523
-75.1135
-75.1612
-75.1994
-75.2305
-75.2564
-75.2784
-75.2974
-75.3141
-75.329
-75.3425
-75.3549
-75.3664
-75.3772
-75.3875
-75.3973
-75.4067
-75.4158
-75.4247
-75.4333
-75.4418
-75.4502
-75.4584
-75.4665
-75.4746
-75.4825
-75.4904
-75.4982
-75.5059
-75.5136
-75.5213
-75.5289
-75.5364
-75.5439
-75.5513
-75.5587
-75.566
-75.5733
-75.5806
-75.5878
-75.5949
-75.602
-75.609
-75.616
-75.623
-75.6298
-75.6367
-75.6435
-75.6502
-75.6569
-75.6635
-75.6701
-75.6766
-74.5617
-70.3441
-66.8539
-64.2152
-62.1368
-60.3601
-58.5787
-56.1343
-47.5521
24.1087
-20.8085
-61.9586
-79.5914
-79.7312
-79.7002
-79.6621
-78.3023
-77.1338
-76.6276
-76.2526
-75.8949
-75.5352
-75.1713
-74.8054
-74.4408
-72.6806
-70.0499
-68.1437
-66.7552
-65.6901
-64.8406
-64.1426
-63.5565
-63.0554
-61.711
-59.6028
-57.5032
-54.4297
-25.4125
4.85007
-30.0551
-75.2226
-79.4879
-78.7746
-78.2355
-77.9897
-77.7627
-77.523
-77.2201
-76.8937
-76.5509
-76.2492
-75.994
-75.7775
-75.6
-75.1563
-72.7377
-71.4079
-70.7887
-70.4501
-70.2384
-70.0919
-69.9834
-69.8998
-69.8342
-69.7828
-69.7431
-69.7136
-69.6931
-69.6806
-69.6755
-69.677
-69.6847
-69.6981
-69.7165
-69.7397
-69.7673
-69.7987
-69.8338
-69.872
-69.9132
-69.957
-70.0031
-70.0513
-70.5907
-71.1719
-71.6313
-71.9964
-72.2908
-72.5313
-72.7303
-72.8967
-70.9114
-67.4219
-64.8109
-62.8799
-61.3708
-60.0846
-58.8342
-57.3466
-54.8069
-37.6782
10.1211
-27.4438
-73.1065
-79.6806
-79.7358
-79.7047
-79.1427
-77.5207
-76.8538
-76.4622
-76.1087
-75.7559
-75.3984
-75.0373
-74.6756
-73.8655
-71.1229
-68.9273
-67.3717
-66.2026

