-70
-69.8623
-69.7285
-69.5983
-69.4718
-69.3487
-69.2291
-69.1128
-68.9997
-68.8897
-68.7828
-68.6789
-68.5778
-68.4795
-68.3839
-68.291
-68.2007
-68.1128
-68.0274
-67.9443
-67.8636
-67.7851
-67.7087
-67.6345
-67.5623
-67.4921
-67.4238
-67.3574
-67.2929
-67.2301
-67.1691
-67.1098
-67.0521
-66.996
-66.9414
-66.8884
-66.8368
-66.7866
-66.7378
-66.6904
-66.6443
-66.5994
-66.5558
-66.5133
-66.4721
-66.432
-66.393
-66.355
-66.3181
-66.2823
-66.2474
-66.2134
-66.1805
-66.1484
-66.1172
-66.0868
-66.0573
-66.0286
-66.0007
-65.9736
-65.9472
-65.9215
-65.8966
-65.8723
-65.8487
-65.8257
-65.8034
-65.7817
-65.7606
-65.74
-65.72
-65.7006
-65.6817
-65.6633
-65.6455
-65.6281
-65.6112
-65.5948
-65.5788
-65.5632
-65.5481
-65.5334
-65.5191
-65.5052
-65.4917
-65.4785
-65.4657
-65.4533
-65.4412
-65.4294
-65.418
-65.4068
-65.396
-65.3855
-65.3752
-65.3653
-65.3556
-65.3462
-65.337
-65.3281
-65.3194
-65.311
-65.3028
-65.2948
-65.2871
-65.2795
-65.2722
-65.2651
-65.2581
-65.2514
-65.2448
-65.2385
-65.2322
-65.2262
-65.2203
-65.2146
-65.2091
-65.2037
-65.1984
-65.1933
-65.1884
-65.1835
-65.1788
-65.1743
-65.1698
-65.1655
-65.1613
-65.1572
-65.1532
-65.1493
-65.1456
-65.1419
-65.1384
-65.1349
-65.1315
-65.1283
-65.1251
-65.122
-65.119
-65.1161
-65.1132
-65.1104
-65.1077
-65.1051
-65.1026
-65.1001
-65.0977
-65.0953
-65.0931
-65.0908
-65.0887
-65.0866
-65.0845
-65.0826
-65.0806
-65.0788
-65.0769
-65.0752
-65.0734
-65.0718
-65.0701
-65.0685
-65.067
-65.0655
-65.064
-65.0626
-65.0612
-65.0599
-65.0586
-65.0573
-65.0561
-65.0549
-65.0537
-65.0526
-65.0514
-65.0504
-65.0493
-65.0483
-65.0473
-65.0464
-65.0454
-65.0445
-65.0436
-65.0428
-65.0419
-65.0411
-65.0403
-65.0395
-65.0388
-65.0381
-65.0374
-65.0367
-65.036
-65.0353
-65.0347
-65.0341
-65.0335
-65.0329
-65.0323
-65.0318
-65.0313
-65.0307
-65.0302
-65.0297
-65.0293
-65.0288
-65.0283
-65.0279
-65.0275
-65.027
-65.0266
-65.0262
-65.0259
-65.0255
-65.0251
-65.0248
-65.0244
-65.0241
-65.0238
-65.0234
-65.0231
-65.0228
-65.0225
-65.0223
-65.022
-65.0217
-65.0215
-65.0212
-65.021
-65.0207
-65.0205
-65.0203
-65.02
-65.0198
-65.0196
-65.0194
-65.0192
-65.019
-65.0188
-65.0187
-65.0185
-65.0183
-65.0181
-65.018
-65.0178
-65.0177
-65.0175
-65.0174
-65.0172
-65.0171
-65.017
-65.0168
-65.0167
-65.0166
-65.0165
-65.0163
-65.0162
-65.0161
-65.016
-65.0159
-65.0158
-65.0157
-65.0156
-65.0155
-65.0154
-65.0153
-65.0153
-65.0152
-65.0151
-65.015
-65.0149
-65.0149
-65.0148
-65.0147
-65.0147
-65.0146
-65.0145
-65.0145
-65.0144
-65.0143
-65.0143
-65.0142
-65.0142
-65.0141
-65.0141
-65.014
-65.014
-65.0139
-65.0139
-65.0138
-65.0138
-65.0137
-65.0137
-65.0137
-65.0136
-65.0136
-65.0135
-65.0135
-65.0135
-65.0134
-65.0134
-65.0134
-65.0133
-65.0133
-65.0133
-65.0133
-65.0132
-65.0132
-65.0132
-65.0131
-65.0131
-65.0131
-65.0131
-65.0131
-65.013
-65.013
-65.013
-65.013
-65.0129
-65.0129
-65.0129
-65.0129
-65.0129
-65.0129
-65.0128
-65.0128
-65.0128
-65.0128
-65.0128
-65.0128
-65.0127
-65.0127
-65.0127
-65.0127
-65.0127
-65.0127
-65.0127
-65.0127
-65.0126
-65.0126
-65.0126
-65.0126
-65.0126
-65.0126
-65.0126
-65.0126
-65.0126
-65.0126
-65.0125
-65.0125
-65.0125
-65.0125
-65.0125
-65.0125
-65.0125
-65.0125
-65.0125
-65.0125
-65.0125
-65.0125
-65.0125
-65.0124
-65.0124
-65.0124
-65.0124
-65.0124
-65.0124
-65.0124
-65.0124
-65.0124
-65.0124
-65.0124
-65.0124
-65.0124
-65.0124
-65.0124
-65.0124
-65.0124
-65.0124
-65.0124
-65.0124
-65.0124
-65.0124
-65.0124
-65.0123
-65.0123
-65.0123
-65.0123
-65.0123
-65.0123
-65.0123
-65.0123
-65.0123
-65.0123
-65.0123
-65.0123
-65.0123
-65.0123
-65.0123
-65.0123
-65.0123
-65.0123
-65.0123
-65.0123
-65.0123
-65.0123
-65.0123
-65.0123
-65.0123
-65.0123
-65.0123
-65.0123
-65.0123
-65.0123
-65.0123
-65.0123
-65.0123
-65.0123
-65.0123
-65.0123
-65.0123
-65.0123
-65.0123
-65.0123
-65.0123
-65.0123
-65.0123
-65.0123
-65.0123
-65.0123
-65.0123
-65.0123
-65.0123
-65.0123
-65.0123
-65.0123
-65.0123
-65.0123
-65.0123
-65.0123
-65.0123
-65.0123
-65.0123
-65.0123
-65.0123
-65.0123
-65.0123
-65.0123
-65.0123
-65.0123
-65.0123
-65.0123
-65.0123
-65.0123
-65.0123
-65.0123
-65.0123
-65.0123
-64.6429
-64.3402
-64.1155
-63.9555
-63.8313
-63.7321
-63.6525
-63.5889
-63.5388
-63.5
-63.4707
-63.4497
-63.4356
-63.4276
-63.4246
-63.4261
-63.4313
-63.4398
-63.451
-63.4646
-63.4802
-63.4976
-63.5163
-63.5362
-63.5572
-63.5789
-63.6013
-63.6243
-63.6476
-63.6712
-63.695
-63.7189
-63.7428
-63.7667
-63.6877
-63.4632
-63.3188
-63.2154
-63.146
-63.0954
-63.0588
-63.0336
-63.0177
-63.0096
-63.0081
-63.012
-63.0206
-63.0331
-63.0489
-63.0675
-63.0884
-63.1113
-63.1358
-62.9641
-62.8086
-62.6089
-62.0172
-61.5024
-60.7843
-59.9652
-59.2287
-57.8573
-56.7738
-55.6549
-54.7615
-53.8915
-53.2311
-52.7164
-52.1968
-51.6614
-51.1568
-50.631
-50.2162
-49.6625
-49.1624
-48.7238
-48.3112
-47.8986
-47.4827
-47.0253
-46.4772
-45.8423
-44.9547
-43.6539
-41.3643
-33.8434
41.9491
3.62835
-31.1212
-53.3664
-59.5655
-61.1961
-61.6597
-61.7201
-61.6042
-61.4347
-61.2565
-61.0588
-60.8948
-60.6523
-60.4288
-60.1448
-59.8686
-59.6598
-59.5065
-59.394
-59.311
-59.2352
-59.1465
-59.0427
-58.9773
-58.9383
-58.914
-58.8688
-58.8301
-58.7407
-58.694
-58.6726
-58.6731
-58.6352
-58.6229
-58.5253
-58.3527
-58.2151
-58.0839
-57.9155
-57.6974
-57.5466
-57.3372
-57.0695
-56.8062
-56.5715
-56.3155
-56.0591
-55.7575
-55.3572
-54.8016
-54.2183
-53.6089
-53.0229
-52.1984
-51.2861
-50.4863
-49.7282
-49.0921
-48.5495
-48.0322
-47.5337
-47.0273
-46.4628
-45.7291
-44.7512
-43.2948
-40.5987
-29.1705
41.0487
-4.89686
-37.9765
-56.7362
-61.5646
-62.7697
-63.0476
-63.0352
-62.9207
-62.7771
-62.6341
-62.5032
-62.388
-62.2889
-62.2051
-62.135
-62.0771
-62.0301
-61.9927
-61.9637
-61.9421
-61.927
-61.9176
-61.9133
-61.9134
-61.9174
-61.9248
-61.9351
-61.9481
-61.9634
-61.9807
-61.9998
-62.0203
-62.0422
-62.0652
-62.0892
-62.1139
-62.1393
-62.1653
-62.1917
-62.2184
-62.2454
-62.2726
-62.2998
-62.3271
-62.3544
-62.3816
-62.4087
-62.4356
-62.4624
-62.489
-62.5153
-62.5414
-62.5672
-62.5927
-62.6179
-62.6428
-62.6674
-62.6916
-62.7155
-62.7391
-62.7623
-62.7851
-62.8076
-62.8298
-62.8516
-62.873
-62.8941
-62.9149
-62.816
-62.5766
-62.4173
-62.3031
-62.2242
-62.1103
-61.9162
-61.7739
-61.6698
-61.5712
-61.4727
-61.285
-60.8063
-60.324
-59.9229
-59.5079
-58.5058
-57.2132
-56.0915
-54.9139
-53.9447
-53.2235
-52.6215
-52.1283
-51.4406
-50.8491
-50.3692
-49.9841
-49.6611
-49.3389
-48.9977
-48.6768
-48.3683
-48.047
-47.7054
-47.307
-46.8599
-46.3172
-45.6411
-44.773
-43.4663
-40.981
-31.5212
42.064
-2.58985
-37.4327
-57.7145
-62.8743
-64.0865
-64.227
-64.0245
-63.7327
-63.3607
-62.9727
-62.5894
-62.0898
-61.6751
-61.3028
-61.0098
-60.6853
-60.4367
-60.2261
-60.0392
-59.8552
-59.7152
-59.6102
-59.5339
-59.4797
-59.4438
-59.4236
-59.4166
-59.4212
-59.4356
-59.4585
-59.4888
-59.5254
-59.5245
-59.4927
-59.441
-59.4178
-59.3639
-59.276
-59.1231
-58.8437
-58.626
-58.3694
-58.1425
-57.9199
-57.605
-57.2583
-56.8053
-56.2449
-55.8347
-55.5087
-55.1957
-54.8815
-54.5581
-54.2562
-53.8444
-53.4637
-53.0847
-52.5873
-51.9594
-51.2822
-50.7159
-50.2661
-49.8983
-49.5405
-49.1941
-48.8756
-48.5511
-48.2186
-47.9095
-47.5786
-47.204
-46.7781
-46.2608
-45.5725
-44.5792
-43.1223
-40.236
-25.7736
38.246
-9.89997
-43.8184
-60.3883
-64.6121
-65.6691
-65.9024
-65.8719
-65.7517
-65.6059
-65.4591
-65.3202
-65.1922
-65.0324
-64.8906
-64.7678
-64.6616
-64.5676
-64.4837
-64.4086
-64.3411
-64.2803
-64.2255
-64.176
-64.1313
-64.0908
-64.0542
-64.021
-63.991
-63.9638
-63.9391
-63.9168
-63.8966
-63.8784
-63.8619
-63.847
-63.8335
-63.8214
-63.8105
-63.8007
-63.7919
-63.7841
-63.7771
-63.7709
-63.7654
-63.7606
-63.7564
-63.7527
-63.7496
-63.7469
-63.7447
-63.7429
-63.7415
-63.7404
-63.7396
-63.7391
-63.7389
-63.739
-63.7393
-63.7398
-63.7405
-63.7414
-63.7425
-63.7438
-63.7452
-63.7467
-63.7484
-63.7503
-63.7522
-63.7542
-63.7564
-63.7587
-63.761
-63.7634
-63.766
-63.7685
-63.7712
-63.774
-63.7768
-63.7796
-63.7826
-63.7306
-63.4066
-62.7295
-62.2432
-61.8509
-61.4957
-61.1641
-60.9138
-60.6925
-60.4748
-60.1258
-59.6082
-59.2365
-58.949
-58.5854
-57.1327
-55.6697
-54.6023
-53.8373
-53.2622
-52.7678
-52.369
-51.8213
-51.3751
-50.981
-50.6216
-50.2965
-50.0353
-49.8214
-49.6203
-49.445
-49.2229
-48.7636
-48.3563
-47.894
-47.4216
-46.9498
-46.4436
-45.8192
-44.9949
-43.76
-41.6357
-35.3917
38.8372
6.99961
-31.5425
-56.9259
-63.8391
-65.4455
-65.7219
-65.6207
-65.3472
-65.0523
-64.7844
-64.5239
-64.2732
-64.0245
-63.8072
-63.5904
-63.3719
-63.195
-63.0467
-62.8858
-62.7566
-62.6182
-62.4508
-62.3178
-62.2132
-62.132
-62.0675
-62.0163
-61.9764
-61.9462
-61.9244
-61.9097
-61.8628
-61.8037
-61.7301
-61.642
-61.3919
-61.1848
-61.037
-60.8926
-60.7625
-60.6402
-60.5557
-60.4577
-60.3749
-60.32
-60.2864
-60.2691
-60.2473
-60.1844
-60.1234
-59.9943
-59.8507
-59.6477
-59.4497
-59.2414
-58.8658
-58.4039
-57.9859
-57.5842
-57.0182
-56.3454
-55.6235
-54.9381
-54.0576
-53.2677
-52.5352
-51.9325
-51.4486
-51.0381
-50.6783
-50.2146

