-70
-70.0758
-70.1508
-70.225
-70.2983
-70.3706
-70.4419
-70.5122
-70.5814
-70.6496
-70.7168
-70.7829
-70.848
-70.9121
-70.9752
-71.0373
-71.0984
-71.1586
-71.2178
-71.2761
-71.3334
-71.3899
-71.4455
-71.5003
-71.5543
-71.6074
-71.6598
-71.7114
-71.7623
-71.8124
-71.8619
-71.9106
-71.9587
-72.006
-72.0527
-72.0988
-72.1442
-72.1889
-72.2331
-72.2766
-72.3196
-72.362
-72.4038
-72.445
-72.4857
-72.5258
-72.5654
-72.6045
-72.6431
-72.6812
-72.7188
-72.756
-72.7927
-72.8289
-72.8647
-72.9
-72.9349
-72.9694
-73.0035
-73.0371
-73.0704
-73.1032
-73.1357
-73.1678
-73.1994
-73.2307
-73.2617
-73.2922
-73.3224
-73.3523
-73.3817
-73.4109
-73.4397
-73.4682
-73.4963
-73.5241
-73.5516
-73.5788
-73.6057
-73.6323
-73.6585
-73.6845
-73.7102
-73.7356
-73.7608
-73.7857
-73.8103
-73.8346
-73.8587
-73.8825
-73.9061
-73.9294
-73.9524
-73.9753
-73.9979
-74.0202
-74.0423
-74.0642
-74.0859
-74.1073
-74.1285
-74.1495
-74.1703
-74.1909
-74.2112
-74.2313
-74.2513
-74.271
-74.2905
-74.3098
-74.329
-74.3479
-74.3666
-74.3852
-74.4036
-74.4217
-74.4397
-74.4575
-74.4752
-74.4926
-74.5099
-74.527
-74.544
-74.5607
-74.5774
-74.5938
-74.6101
-74.6262
-74.6422
-74.658
-74.6736
-74.6891
-74.7045
-74.7197
-74.7347
-74.7496
-74.7644
-74.779
-74.7935
-74.8079
-74.8221
-74.8362
-74.8501
-74.864
-74.8777
-74.8913
-74.9047
-74.918
-74.9313
-74.9443
-74.9573
-74.9701
-74.9829
-74.9955
-75.008
-75.0204
-75.0327
-75.0448
-75.0569
-75.0688
-75.0806
-75.0924
-75.104
-75.1155
-75.1269
-75.1382
-75.1495
-75.1606
-75.1716
-75.1825
-75.1933
-75.204
-75.2147
-75.2252
-75.2356
-75.246
-75.2562
-75.2664
-75.2764
-75.2864
-75.2963
-75.3061
-75.3158
-75.3255
-75.335
-75.3445
-75.3538
-75.3631
-75.3724
-75.3815
-75.3906
-75.3995
-75.4084
-75.4172
-75.426
-75.4346
-75.4432
-75.4518
-75.4602
-75.4686
-75.4769
-75.4851
-75.4932
-75.5013
-75.5093
-75.5173
-75.5251
-75.533
-75.5407
-75.5484
-75.556
-75.5635
-75.571
-75.5784
-75.5858
-75.593
-75.6003
-75.6074
-75.6145
-75.6216
-75.6285
-75.6355
-75.6423
-75.6491
-75.6559
-75.6626
-75.6692
-75.6758
-75.6823
-75.6888
-75.6952
-75.7015
-75.7078
-75.7141
-75.7203
-75.7264
-75.7325
-75.7386
-75.7446
-75.7505
-75.7564
-75.7622
-75.768
-75.7738
-75.7795
-75.7851
-75.7907
-75.7963
-75.8018
-75.8072
-75.8127
-75.818
-75.8234
-75.8287
-75.8339
-75.8391
-75.8443
-75.8494
-75.8545
-75.8595
-75.8645
-75.8695
-75.8744
-75.8793
-75.8841
-75.8889
-75.8937
-75.8984
-75.9031
-75.9077
-75.9123
-75.9169
-75.9214
-75.9259
-75.9304
-75.9348
-75.9392
-75.9436
-75.9479
-75.9522
-75.9565
-75.9607
-75.9649
-75.969
-75.9731
-75.9772
-75.9813
-75.9853
-75.9893
-75.9933
-75.9972
-76.0011
-76.005
-76.0088
-76.0126
-76.0164
-76.0201
-76.0239
-76.0275
-76.0312
-76.0348
-76.0384
-76.042
-76.0456
-76.0491
-76.0526
-76.056
-76.0595
-76.0629
-76.0663
-76.0696
-76.0729
-76.0762
-76.0795
-76.0828
-76.086
-76.0892
-76.0924
-76.0955
-76.0986
-76.1017
-76.1048
-76.1079
-76.1109
-76.1139
-76.1169
-76.1198
-76.1228
-76.1257
-76.1286
-76.1314
-76.1343
-76.1371
-76.1399
-76.1427
-76.1455
-76.1482
-76.1509
-76.1536
-76.1563
-76.1589
-76.1615
-76.1642
-76.1667
-76.1693
-76.1719
-76.1744
-76.1769
-76.1794
-76.1819
-76.1843
-76.1868
-76.1892
-76.1916
-76.1939
-76.1963
-76.1986
-76.201
-76.2033
-76.2056
-76.2078
-76.2101
-76.2123
-76.2145
-76.2167
-76.2189
-76.2211
-76.2232
-76.2254
-76.2275
-76.2296
-76.2317
-76.2337
-76.2358
-76.2378
-76.2398
-76.2418
-76.2438
-76.2458
-76.2478
-76.2497
-76.2516
-76.2536
-76.2554
-76.2573
-76.2592
-76.2611
-76.2629
-76.2647
-76.2665
-76.2683
-76.2701
-76.2719
-76.2737
-76.2754
-76.2771
-76.2788
-76.2806
-76.2822
-76.2839
-76.2856
-76.2872
-76.2889
-76.2905
-76.2921
-76.2937
-76.2953
-76.2969
-76.2985
-76.3
-76.3016
-76.3031
-76.3046
-76.3061
-76.3076
-76.3091
-76.3106
-76.312
-76.3135
-76.3149
-76.3164
-76.3178
-76.3192
-76.3206
-76.322
-76.3233
-76.3247
-76.3261
-76.3274
-76.3287
-76.33
-76.3314
-76.3327
-76.334
-76.3352
-76.3365
-76.3378
-76.339
-76.3403
-76.3415
-76.3427
-76.3439
-76.3452
-76.3464
-76.3475
-76.3487
-76.3499
-76.351
-76.3522
-76.3533
-76.3545
-76.3556
-76.3567
-76.3578
-76.3589
-76.36
-76.3611
-76.3622
-76.3632
-76.3643
-76.3654
-76.3664
-76.3674
-76.3685
-76.3695
-76.3705
-76.3715
-76.3725
-76.3735
-76.3745
-76.3754
-76.3764
-76.3774
-76.3783
-76.3793
-76.3802
-76.3811
-76.382
-76.383
-76.3839
-76.3848
-76.3857
-76.3866
-76.3874
-76.3883
-76.3892
-76.39
-76.3909
-76.3917
-76.3926
-76.3934
-76.3943
-76.3951
-76.3959
-76.3967
-76.3975
-76.3983
-76.3991
-76.3999
-76.4007
-76.4014
-76.4022
-76.403
-76.4037
-76.4045
-76.4052
-76.406
-76.4067
-76.4074
-76.4082
-76.4089
-76.4096
-76.4103
-76.411
-76.4117
-76.4124
-76.4131
-76.4137
-76.4144
-76.4151
-72.663
-68.6821
-65.6705
-63.3528
-61.4712
-59.7744
-57.908
-54.8005
-3.08847
4.51303
-30.173
-75.7291
-79.0914
-79.0157
-78.8959
-78.7637
-78.6197
-78.464
-78.297
-78.1196
-76.4589
-74.2992
-73.1673
-72.4801
-71.9636
-71.848
-71.7417
-71.5864
-71.4138
-71.2402
-71.0736
-70.9185
-70.7769
-70.6497
-70.5373
-70.4395
-70.3558
-70.2856
-70.2282
-70.1827
-70.1483
-70.1243
-70.1097
-70.1037
-70.1056
-70.1146
-70.13
-70.1511
-70.1774
-70.2082
-70.243
-70.2813
-70.3226
-70.3667
-70.413
-69.2133
-65.8117
-63.0641
-60.9111
-59.0126
-56.8879
-52.7883
45.1801
-8.71779
-39.8811
-78.6077
-79.6506
-79.6271
-79.5807
-79.5288
-79.4718
-79.4098
-79.3429
-78.2992
-75.3911
-73.6426
-72.5558
-71.7535
-71.0945
-70.5203
-70.0051
-69.537
-69.1104
-68.321
-65.728
-63.5128
-61.8173
-60.4083
-59.0862
-57.5932
-55.264
-48.2135
25.2782
-20.7332
-62.3708
-79.3906
-79.5139
-79.4595
-79.3961
-79.3271
-79.2527
-79.1733
-79.0891
-79.0008
-78.909
-78.8147
-78.7188
-78.6222
-78.5259
-78.4309
-78.3381
-78.2481
-78.1617
-78.0794
-78.0016
-77.9284
-77.86
-77.7965
-77.7377
-77.6836
-77.6339
-77.5884
-77.5468
-77.509
-77.4745
-77.4431
-77.4146
-77.3887
-77.3652
-77.3437
-77.3242
-77.3063
-77.29
-77.275
-77.2613
-77.2486
-77.2369
-77.2261
-77.216
-77.2066
-77.1977
-77.1894
-77.1816
-77.1742
-77.1671
-77.1604
-77.154
-77.1478
-77.1419
-77.1361
-77.1306
-77.1252
-77.12
-77.1149
-77.1099
-77.105
-77.1002
-77.0956
-77.091
-77.0864
-77.082
-77.0776
-77.0732
-77.069
-77.0647
-77.0606
-77.0564
-77.0523
-77.0483
-77.0443
-77.0403
-77.0364
-77.0325
-77.0286
-77.0248
-73.1955
-69.1328
-66.0599
-63.7006
-61.8011
-60.1232
-58.3587
-55.7389
-42.5682
16.5065
-24.2681
-69.097
-79.0993
-79.0809
-78.9693
-78.8449
-78.7091
-78.5619
-78.4036
-78.235
-77.2977
-74.8353
-73.273
-72.2648
-71.5001
-70.8775
-70.7267
-70.6137
-70.4525
-70.2715
-70.3218
-70.6322
-70.8357
-69.1657
-66.8179
-65.1992
-64.0829
-63.2815
-62.6858
-62.2284
-61.8697
-61.5827
-61.3483
-61.1559
-60.9983
-60.8708
-60.7695
-60.6902
-60.6308
-60.5907
-60.5695
-60.5674
-60.5846
-60.6215
-60.6786
-60.7563
-60.855
-60.9733
-61.1095
-61.2627
-61.4319
-61.6157
-61.8129
-62.0219
-62.2394
-61.6125
-59.3785
-57.2365
-54.5746
-45.7096
16.7513
-25.3524
-68.2509
-79.2667
-79.4247
-79.3633
-79.2867
-79.2024
-79.1111
-79.0131
-78.9089
-78.7992
-78.685
-76.8294
-73.4514
-71.1647
-69.5925
-68.4261
-67.5121
-66.7999
-66.9893
-67.2595
-67.4223
-67.5178
-67.5734
-67.6061
-65.7723
-63.5411
-61.876
-60.564
-59.4083
-58.2194
-57.1271
-57.0244
-56.9042
-56.5848
-55.8739
-54.007
-39.8239
9.37904
-28.3701
-73.6603
-79.6463
-79.7059
-79.6728
-79.6331
-79.5896
-79.5423
-79.4915
-79.4373
-79.3801
-79.3202
-79.2583
-79.1948
-79.1305
-79.066
-79.0018
-78.9387
-78.877
-78.8172
-78.7597
-78.7048
-78.6527
-78.6033
-78.5569
-78.5133
-78.4725
-78.4344
-78.3988
-78.3657
-78.3348
-78.306
-78.2792
-78.2541
-78.2306
-78.2086
-78.1879
-78.1684
-78.1499
-78.1324
-78.1158
-78.1
-78.0849
-78.0704
-78.0564
-78.043
-78.0299
-78.0173
-78.0051
-77.9932
-77.9815
-77.9702
-77.959
-77.9481
-77.9374
-77.9269
-77.9165
-77.9063
-77.8962
-77.8863
-77.8764
-77.8667
-77.8571
-77.8476
-77.8382
-77.8289
-77.8196
-77.8105
-77.8014
-77.7924
-77.7834
-77.7746
-77.7658
-77.757
-77.7484
-77.7398
-77.7312
-77.7227
-77.7143
-77.7059
-77.6976
-77.6894
-77.6812
-77.6731
-77.665
-77.6569
-77.649
-77.641
-77.6332
-77.6253
-77.6176
-74.1715
-69.9377
-66.7162
-64.2547
-62.2976
-60.6169
-58.9495
-56.7769
-51.1009
35.5856
-15.0944
-49.0474
-78.8667
-79.1153
-79.011
-78.8908
-78.7592
-78.6161
-78.4619
-78.2972
-78.1227
-77.8209
-75.0685
-72.9454
-71.6001
-70.6295
-69.8594
-69.4172
-69.4214
-69.382
-69.2922
-69.508
-69.9336
-70.2157
-70.3947
-70.5105
-70.5871
-70.6394
-70.6767
-70.7053
-70.7289
-70.7503
-70.7712
-70.7927
-70.8155
-70.84
-70.8665
-70.895
-70.9256
-70.9582
-70.9926
-71.0288
-71.0666
-71.1059
-71.1464
-71.1881
-68.8714
-65.5088
-62.9244
-60.8825
-59.066
-57.0284
-53.2182
45.3728
-6.38448
-37.6017
-78.3229
-79.6661
-79.6484
-79.5223
-79.3986
-79.3185
-79.2411
-79.1597
-79.0739
-78.9839
-78.8907
-78.7949
-78.6976
-78.5999
-78.5026
-78.4068
-78.3133
-78.2229
-78.1362
-78.0538
-77.9759
-77.9028
-77.8346
-77.7714
-74.7786
-70.5285
-67.308
-64.8821
-62.9922
-61.4341
-60.0193
-58.5111
-56.3706
-49.8871
30.8442
-17.6753
-54.2073
-78.9736

