-70
-69.8623
-69.7285
-69.5983
-69.4718
-69.3487
-69.2291
-69.1128
-68.9997
-68.8897
-68.7828
-68.6789
-68.5778
-68.4795
-68.3839
-68.291
-68.2007
-68.1128
-68.0274
-67.9443
-67.8636
-67.7851
-67.7087
-67.6345
-67.5623
-67.4921
-67.4238
-67.3574
-67.2929
-67.2301
-67.1691
-67.1098
-67.0521
-66.996
-66.9414
-66.8884
-66.8368
-66.7866
-66.7378
-66.6904
-66.6443
-66.5994
-66.5558
-66.5133
-66.4721
-66.432
-66.393
-66.355
-66.3181
-66.2823
-66.2474
-66.2134
-66.1805
-66.1484
-66.1172
-66.0868
-66.0573
-66.0286
-66.0007
-65.9736
-65.9472
-65.9215
-65.8966
-65.8723
-65.8487
-65.8257
-65.8034
-65.7817
-65.7606
-65.74
-65.72
-65.7006
-65.6817
-65.6633
-65.6455
-65.6281
-65.6112
-65.5948
-65.5788
-65.5632
-65.5481
-65.5334
-65.5191
-65.5052
-65.4917
-65.4785
-65.4657
-65.4533
-65.4412
-65.4294
-65.418
-65.4068
-65.396
-65.3855
-65.3752
-65.3653
-65.3556
-65.3462
-65.337
-65.3281
-65.3194
-65.311
-65.3028
-65.2948
-65.2871
-65.2795
-65.2722
-65.2651
-65.2581
-65.2514
-65.2448
-65.2385
-65.2322
-65.2262
-65.2203
-65.2146
-65.2091
-65.2037
-65.1984
-65.1933
-65.1884
-65.1835
-65.1788
-65.1743
-65.1698
-65.1655
-65.1613
-65.1572
-65.1532
-65.1493
-65.1456
-65.1419
-65.1384
-65.1349
-65.1315
-65.1283
-65.1251
-65.122
-65.119
-65.1161
-65.1132
-65.1104
-65.1077
-65.1051
-65.1026
-65.1001
-65.0977
-65.0953
-65.0931
-65.0908
-65.0887
-65.0866
-65.0845
-65.0826
-65.0806
-65.0788
-65.0769
-65.0752
-65.0734
-65.0718
-65.0701
-65.0685
-65.067
-65.0655
-65.064
-65.0626
-65.0612
-65.0599
-65.0586
-65.0573
-65.0561
-65.0549
-65.0537
-65.0526
-65.0514
-65.0504
-65.0493
-65.0483
-65.0473
-65.0464
-65.0454
-65.0445
-65.0436
-65.0428
-65.0419
-65.0411
-65.0403
-65.0395
-65.0388
-65.0381
-65.0374
-65.0367
-65.036
-65.0353
-65.0347
-65.0341
-65.0335
-65.0329
-65.0323
-65.0318
-65.0313
-65.0307
-65.0302
-65.0297
-65.0293
-65.0288
-65.0283
-65.0279
-65.0275
-65.027
-65.0266
-65.0262
-65.0259
-65.0255
-65.0251
-65.0248
-65.0244
-65.0241
-65.0238
-65.0234
-65.0231
-65.0228
-65.0225
-65.0223
-65.022
-65.0217
-65.0215
-65.0212
-65.021
-65.0207
-65.0205
-65.0203
-65.02
-65.0198
-65.0196
-65.0194
-65.0192
-65.019
-65.0188
-65.0187
-65.0185
-65.0183
-65.0181
-65.018
-65.0178
-65.0177
-65.0175
-65.0174
-65.0172
-65.0171
-65.017
-65.0168
-65.0167
-65.0166
-65.0165
-65.0163
-65.0162
-65.0161
-65.016
-65.0159
-65.0158
-65.0157
-65.0156
-65.0155
-65.0154
-65.0153
-65.0153
-65.0152
-65.0151
-65.015
-65.0149
-65.0149
-65.0148
-65.0147
-65.0147
-65.0146
-65.0145
-65.0145
-65.0144
-65.0143
-65.0143
-65.0142
-65.0142
-65.0141
-65.0141
-65.014
-65.014
-65.0139
-65.0139
-65.0138
-65.0138
-65.0137
-65.0137
-65.0137
-65.0136
-65.0136
-65.0135
-65.0135
-65.0135
-65.0134
-65.0134
-65.0134
-65.0133
-65.0133
-65.0133
-65.0133
-65.0132
-65.0132
-65.0132
-65.0131
-65.0131
-65.0131
-65.0131
-65.0131
-65.013
-65.013
-65.013
-65.013
-65.0129
-65.0129
-65.0129
-65.0129
-65.0129
-65.0129
-65.0128
-65.0128
-65.0128
-65.0128
-65.0128
-65.0128
-65.0127
-65.0127
-65.0127
-65.0127
-65.0127
-65.0127
-65.0127
-65.0127
-65.0126
-65.0126
-65.0126
-65.0126
-65.0126
-65.0126
-65.0126
-65.0126
-65.0126
-65.0126
-65.0125
-65.0125
-65.0125
-65.0125
-65.0125
-65.0125
-65.0125
-65.0125
-65.0125
-65.0125
-65.0125
-65.0125
-65.0125
-65.0124
-65.0124
-65.0124
-65.0124
-65.0124
-65.0124
-65.0124
-65.0124
-65.0124
-65.0124
-65.0124
-65.0124
-65.0124
-65.0124
-65.0124
-65.0124
-65.0124
-65.0124
-65.0124
-65.0124
-65.0124
-65.0124
-65.0124
-65.0123
-65.0123
-65.0123
-65.0123
-65.0123
-65.0123
-65.0123
-65.0123
-65.0123
-65.0123
-65.0123
-65.0123
-65.0123
-65.0123
-65.0123
-65.0123
-65.0123
-65.0123
-65.0123
-65.0123
-65.0123
-65.0123
-65.0123
-65.0123
-65.0123
-65.0123
-65.0123
-65.0123
-65.0123
-65.0123
-65.0123
-65.0123
-65.0123
-65.0123
-65.0123
-65.0123
-65.0123
-65.0123
-65.0123
-65.0123
-65.0123
-65.0123
-65.0123
-65.0123
-65.0123
-65.0123
-65.0123
-65.0123
-65.0123
-65.0123
-65.0123
-65.0123
-65.0123
-65.0123
-65.0123
-65.0123
-65.0123
-65.0123
-65.0123
-65.0123
-65.0123
-65.0123
-65.0123
-65.0123
-65.0123
-65.0123
-65.0123
-65.0123
-65.0123
-65.0123
-65.0123
-65.0123
-65.0123
-65.0123
-65.0123
-65.0123
-65.0123
-65.0123
-65.0123
-65.0123
-65.0123
-65.0123
-65.0122
-65.0122
-65.0122
-65.0122
-65.0122
-65.0122
-65.0122
-65.0122
-65.0122
-65.0122
-65.0122
-65.0122
-65.0122
-65.0122
-65.0122
-65.0122
-65.0122
-65.0122
-65.0122
-65.0122
-65.0122
-65.0122
-65.0122
-65.0122
-65.0122
-65.0122
-64.986
-64.9225
-64.8795
-64.847
-64.8232
-64.8044
-64.7892
-64.7771
-64.7674
-64.7598
-64.7541
-64.7498
-64.7468
-64.7449
-64.744
-64.7439
-64.7445
-64.7457
-64.7474
-64.7012
-64.6485
-64.575
-64.3769
-64.2135
-64.093
-64.005
-63.9223
-63.668
-63.3766
-62.8665
-62.4471
-62.084
-61.8208
-61.619
-61.3722
-61.1166
-60.8821
-60.5289
-60.2813
-60.0476
-59.8696
-59.7399
-59.6462
-59.5238
-59.42
-59.3526
-59.3147
-59.2994
-59.3014
-59.3177
-59.3459
-59.3842
-59.4311
-59.4852
-59.5455
-59.6109
-59.6806
-59.7539
-59.8301
-59.9086
-59.9891
-60.071
-60.1541
-60.2379
-60.3223
-60.4069
-60.4916
-60.5333
-60.5816
-60.6383
-60.7021
-60.7695
-60.839
-60.9099
-60.9818
-61.0541
-61.1267
-61.1992
-61.2716
-61.3435
-61.4149
-61.4856
-61.5555
-61.6246
-61.6927
-61.7599
-61.826
-61.8911
-61.955
-62.0178
-62.0794
-62.1399
-62.1992
-62.2481
-62.2468
-62.2062
-62.1896
-62.1761
-62.0486
-61.9413
-61.808
-61.5054
-61.2304
-60.9242
-60.6233
-60.3069
-60.0509
-59.8012
-59.4707
-59.2356
-59.068
-58.9542
-58.8771
-58.82
-58.7393
-58.6975
-58.6816
-58.688
-58.7107
-58.7467
-58.7938
-58.8152
-58.8529
-58.9033
-58.9652
-59.0349
-59.1106
-59.1911
-59.2754
-59.3629
-59.4529
-59.5447
-59.6381
-59.7324
-59.8274
-59.9227
-60.0181
-60.1134
-60.2082
-60.3026
-60.3962
-60.489
-60.5809
-60.6717
-60.7614
-60.8498
-60.937
-61.0227
-61.1071
-61.1901
-61.2716
-61.3516
-61.4302
-61.5072
-61.5827
-61.6567
-61.7292
-61.8002
-61.8698
-61.9378
-62.0043
-62.0694
-62.1331
-62.1953
-62.2561
-62.3155
-62.3736
-62.4303
-62.4857
-62.5397
-62.5926
-62.6441
-62.6945
-62.7436
-62.7915
-62.8383
-62.884
-62.9286
-62.9721
-63.0145
-63.0558
-63.0962
-63.1356
-63.174
-63.2114
-63.248
-63.2836
-63.3183
-63.3522
-63.3852
-63.3653
-63.2456
-63.1612
-63.1056
-63.0727
-63.0525
-63.0413
-63.0374
-63.0392
-63.0301
-62.9809
-62.8448
-62.6356
-62.487
-62.384
-62.3101
-62.178
-61.8681
-61.6567
-61.3116
-61.0305
-60.8235
-60.6212
-60.4507
-60.1525
-59.8776
-59.6859
-59.5532
-59.4627
-59.3482
-59.2415
-59.175
-59.1393
-59.1017
-59.0769
-59.0656
-59.0463
-59.0526
-59.0758
-59.1138
-59.1623
-59.2194
-59.2835
-59.3535
-59.4009
-59.4349
-59.4596
-59.504
-59.5224
-59.544
-59.5423
-59.5673
-59.6076
-59.6605
-59.7213
-59.7882
-59.8599
-59.9354
-60.014
-60.0948
-60.1775
-60.2167
-60.2642
-60.3216
-60.3872
-60.4573
-60.5303
-60.5645
-60.6069
-60.6587
-60.7184
-60.7824
-60.8493
-60.9181
-60.9884
-61.0596
-61.1314
-61.2034
-61.2216
-61.2545
-61.2966
-61.3467
-61.3618
-61.3464
-61.2443
-61.1057
-60.9813
-60.895
-60.8112
-60.7541
-60.7234
-60.694
-60.6451
-60.5691
-60.4887
-60.3931
-60.2812
-60.1668
-60.0769
-59.9201
-59.7056
-59.4778
-59.3009
-59.188
-59.1144
-59.0204
-58.9675
-58.9273
-58.8879
-58.8779
-58.8839
-58.8806
-58.8935
-58.8726
-58.807
-58.746
-58.7077
-58.6833
-58.6888
-58.7143
-58.7557
-58.8088
-58.8714
-58.9417
-59.0184
-59.1003
-59.1864
-59.276
-59.3682
-59.4626
-59.5585
-59.6555
-59.7533
-59.8515
-59.9498
-60.0479
-60.1457
-60.2428
-60.3392
-60.4348
-60.5293
-60.6227
-60.7149
-60.8058
-60.8954
-60.9835
-61.0702
-61.1554
-61.2391
-61.3213
-61.4019
-61.481
-61.5585
-61.6345
-61.7089
-61.7818
-61.8531
-61.9228
-61.9911
-62.0578
-62.1231
-62.1869
-62.2492
-62.3101
-62.3695
-62.4276
-62.4843
-62.5397
-62.5938
-62.6465
-62.6981
-62.7483
-62.7974
-62.8453
-62.892
-62.9375
-62.982
-63.0253
-63.0676
-63.1088
-63.149
-63.1883
-63.2265
-63.2638
-63.3001
-63.3356
-63.3702
-63.4039
-63.4367
-63.4688
-63.5
-63.5304
-63.5601
-63.5891
-63.6173
-63.6448
-63.6717
-63.6978
-63.7233
-63.7482
-63.7724
-63.7961
-63.8191
-63.8416
-63.8022
-63.7232
-63.6727
-63.6405
-63.6214
-63.6099
-63.6042
-63.478
-63.3467
-63.2253
-63.0546
-62.9394
-62.8545
-62.7159
-62.2117
-61.7097
-61.3396
-61.0751
-60.8761
-60.557
-60.3256
-60.0971
-59.9353
-59.8087
-59.6911
-59.6121
-59.5612
-59.5344
-59.5262
-59.51
-59.5022
-59.4747
-59.4681
-59.4678
-59.4626
-59.4791
-59.4899
-59.496
-59.5219
-59.5612
-59.6115
-59.6695
-59.7335
-59.8024
-59.8435
-59.8826
-59.9343
-59.9953
-60.0628
-60.1343
-60.209
-60.286
-60.3648
-60.4449
-60.526
-60.6075
-60.6893
-60.7711
-60.8527
-60.934
-60.9899
-60.9942
-61.0065
-61.0355
-61.0766
-61.1249
-61.1777
-61.2337
-61.2922
-61.3526
-61.4142
-61.4768
-61.54
-61.6036
-61.6671
-61.7306
-61.7938
-61.8566
-61.9188
-61.9804
-61.9923
-62.0118
-62.0408
-62.0776
-62.1183
-62.1613
-62.2061
-62.252
-62.2986
-62.2758
-62.2288
-62.2099
-62.1993
-62.1531
-62.133
-62.1249
-62.0666
-61.9755
-61.7966
-61.6123
-61.3947
-61.1334
-60.8438
-60.5606
-60.3251
-60.1192
-59.8922
-59.6942
-59.558
-59.4658
-59.3426
-59.2293
-59.1593
-59.1216

