-70
-69.8623
-69.7285
-69.5983
-69.4718
-69.3487
-69.2291
-69.1128
-68.9997
-68.8897
-68.7828
-68.6789
-68.5778
-68.4795
-68.3839
-68.291
-68.2007
-68.1128
-68.0274
-67.9443
-67.8636
-67.7851
-67.7087
-67.6345
-67.5623
-67.4921
-67.4238
-67.3574
-67.2929
-67.2301
-67.1691
-67.1098
-67.0521
-66.996
-66.9414
-66.8884
-66.8368
-66.7866
-66.7378
-66.6904
-66.6443
-66.5994
-66.5558
-66.5133
-66.4721
-66.432
-66.393
-66.355
-66.3181
-66.2823
-66.2474
-66.2134
-66.1805
-66.1484
-66.1172
-66.0868
-66.0573
-66.0286
-66.0007
-65.9736
-65.9472
-65.9215
-65.8966
-65.8723
-65.8487
-65.8257
-65.8034
-65.7817
-65.7606
-65.74
-65.72
-65.7006
-65.6817
-65.6633
-65.6455
-65.6281
-65.6112
-65.5948
-65.5788
-65.5632
-65.5481
-65.5334
-65.5191
-65.5052
-65.4917
-65.4785
-65.4657
-65.4533
-65.4412
-65.4294
-65.418
-65.4068
-65.396
-65.3855
-65.3752
-65.3653
-65.3556
-65.3462
-65.337
-65.3281
-65.3194
-65.311
-65.3028
-65.2948
-65.2871
-65.2795
-65.2722
-65.2651
-65.2581
-65.2514
-65.2448
-65.2385
-65.2322
-65.2262
-65.2203
-65.2146
-65.2091
-65.2037
-65.1984
-65.1933
-65.1884
-65.1835
-65.1788
-65.1743
-65.1698
-65.1655
-65.1613
-65.1572
-65.1532
-65.1493
-65.1456
-65.1419
-65.1384
-65.1349
-65.1315
-65.1283
-65.1251
-65.122
-65.119
-65.1161
-65.1132
-65.1104
-65.1077
-65.1051
-65.1026
-65.1001
-65.0977
-65.0953
-65.0931
-65.0908
-65.0887
-65.0866
-65.0845
-65.0826
-65.0806
-65.0788
-65.0769
-65.0752
-65.0734
-65.0718
-65.0701
-65.0685
-65.067
-65.0655
-65.064
-65.0626
-65.0612
-65.0599
-65.0586
-65.0573
-65.0561
-65.0549
-65.0537
-65.0526
-65.0514
-65.0504
-65.0493
-65.0483
-65.0473
-65.0464
-65.0454
-65.0445
-65.0436
-65.0428
-65.0419
-65.0411
-65.0403
-65.0395
-65.0388
-65.0381
-65.0374
-65.0367
-65.036
-65.0353
-65.0347
-65.0341
-65.0335
-65.0329
-65.0323
-65.0318
-65.0313
-65.0307
-65.0302
-65.0297
-65.0293
-65.0288
-65.0283
-65.0279
-65.0275
-65.027
-65.0266
-65.0262
-65.0259
-65.0255
-65.0251
-65.0248
-65.0244
-65.0241
-65.0238
-65.0234
-65.0231
-65.0228
-65.0225
-65.0223
-65.022
-65.0217
-65.0215
-65.0212
-65.021
-65.0207
-65.0205
-65.0203
-65.02
-65.0198
-65.0196
-65.0194
-65.0192
-65.019
-65.0188
-65.0187
-65.0185
-65.0183
-65.0181
-65.018
-65.0178
-65.0177
-65.0175
-65.0174
-65.0172
-65.0171
-65.017
-65.0168
-65.0167
-65.0166
-65.0165
-65.0163
-65.0162
-65.0161
-65.016
-65.0159
-65.0158
-65.0157
-65.0156
-65.0155
-65.0154
-65.0153
-65.0153
-65.0152
-65.0151
-65.015
-65.0149
-65.0149
-65.0148
-65.0147
-65.0147
-65.0146
-65.0145
-65.0145
-65.0144
-65.0143
-65.0143
-65.0142
-65.0142
-65.0141
-65.0141
-65.014
-65.014
-65.0139
-65.0139
-65.0138
-65.0138
-65.0137
-65.0137
-65.0137
-65.0136
-65.0136
-65.0135
-65.0135
-65.0135
-65.0134
-65.0134
-65.0134
-65.0133
-65.0133
-65.0133
-65.0133
-65.0132
-65.0132
-65.0132
-65.0131
-65.0131
-65.0131
-65.0131
-65.0131
-65.013
-65.013
-65.013
-65.013
-65.0129
-65.0129
-65.0129
-65.0129
-65.0129
-65.0129
-65.0128
-65.0128
-65.0128
-65.0128
-65.0128
-65.0128
-65.0127
-65.0127
-65.0127
-65.0127
-65.0127
-65.0127
-65.0127
-65.0127
-65.0126
-65.0126
-65.0126
-65.0126
-65.0126
-65.0126
-65.0126
-65.0126
-65.0126
-65.0126
-65.0125
-65.0125
-65.0125
-65.0125
-65.0125
-65.0125
-65.0125
-65.0125
-65.0125
-65.0125
-65.0125
-65.0125
-65.0125
-65.0124
-65.0124
-65.0124
-65.0124
-65.0124
-65.0124
-65.0124
-65.0124
-65.0124
-65.0124
-65.0124
-65.0124
-65.0124
-65.0124
-65.0124
-65.0124
-65.0124
-65.0124
-65.0124
-65.0124
-65.0124
-65.0124
-65.0124
-65.0123
-65.0123
-65.0123
-65.0123
-65.0123
-65.0123
-65.0123
-65.0123
-65.0123
-65.0123
-65.0123
-65.0123
-65.0123
-65.0123
-65.0123
-65.0123
-65.0123
-65.0123
-65.0123
-65.0123
-65.0123
-65.0123
-65.0123
-65.0123
-65.0123
-65.0123
-65.0123
-65.0123
-65.0123
-65.0123
-65.0123
-65.0123
-65.0123
-65.0123
-65.0123
-65.0123
-65.0123
-65.0123
-65.0123
-65.0123
-65.0123
-65.0123
-65.0123
-65.0123
-65.0123
-65.0123
-65.0123
-65.0123
-65.0123
-65.0123
-65.0123
-65.0123
-65.0123
-65.0123
-65.0123
-65.0123
-65.0123
-65.0123
-65.0123
-65.0123
-65.0123
-65.0123
-65.0123
-65.0123
-65.0123
-65.0123
-65.0123
-65.0123
-65.0123
-65.0123
-65.0123
-65.0123
-65.0123
-65.0123
-65.0123
-65.0123
-65.0123
-65.0123
-65.0123
-65.0123
-65.0123
-65.0123
-65.0122
-65.0122
-65.0122
-65.0122
-65.0122
-65.0122
-65.0122
-65.0122
-65.0122
-65.0122
-65.0122
-65.0122
-65.0122
-65.0122
-65.0122
-65.0122
-65.0122
-65.0122
-65.0122
-65.0122
-65.0122
-65.0122
-65.0122
-65.0122
-65.0122
-65.0122
-64.986
-64.9225
-64.8795
-64.847
-64.8232
-64.8044
-64.7892
-64.7771
-64.7674
-64.7598
-64.7541
-64.7498
-64.7468
-64.7449
-64.744
-64.7439
-64.7445
-64.7457
-64.743
-64.6762
-64.6316
-64.5804
-64.2909
-64.0856
-63.9312
-63.7732
-63.611
-63.2412
-62.8752
-62.4379
-62.128
-61.8937
-61.7173
-61.5801
-61.3824
-61.1027
-60.7842
-60.2682
-59.9082
-59.5431
-59.2592
-59.0494
-58.8965
-58.7856
-58.7077
-58.6461
-58.5762
-58.5391
-58.5255
-58.5324
-58.5546
-58.5009
-58.4807
-58.4851
-58.5121
-58.5534
-58.582
-58.5998
-58.6381
-58.6901
-58.7532
-58.8239
-58.9006
-58.9823
-59.0678
-59.1565
-59.2066
-59.2596
-59.3244
-59.3987
-59.4785
-59.5621
-59.6482
-59.7364
-59.826
-59.9164
-60.0074
-60.0987
-60.1898
-60.2807
-60.3711
-60.4608
-60.5498
-60.5815
-60.5818
-60.5978
-60.552
-60.5171
-60.4497
-60.3775
-60.3446
-60.3368
-60.3441
-60.3109
-60.2694
-60.2398
-60.1515
-60.0769
-59.9906
-59.7734
-59.5425
-59.2858
-59.0914
-58.9297
-58.7885
-58.6209
-58.3672
-58.1017
-57.891
-57.7364
-57.6396
-57.5827
-57.5565
-57.5546
-57.4862
-57.4025
-57.3404
-57.2838
-57.2352
-57.2094
-57.183
-57.1911
-57.2066
-57.2176
-57.2547
-57.3094
-57.379
-57.4593
-57.5482
-57.6442
-57.7459
-57.8523
-57.9624
-58.0756
-58.1911
-58.3084
-58.4268
-58.5461
-58.6658
-58.7855
-58.9051
-59.0241
-59.1424
-59.2598
-59.3762
-59.4913
-59.605
-59.7173
-59.8281
-59.9373
-60.0448
-60.1505
-60.2544
-60.3566
-60.4569
-60.5553
-60.6519
-60.7466
-60.8394
-60.9303
-61.0194
-61.1066
-61.1919
-61.2754
-61.3571
-61.4369
-61.515
-61.5913
-61.6659
-61.7388
-61.81
-61.8795
-61.9475
-62.0138
-62.0786
-62.1418
-62.2035
-62.2637
-62.3225
-62.3799
-62.4358
-62.4904
-62.5437
-62.5957
-62.6464
-62.6959
-62.7441
-62.7912
-62.8371
-62.8819
-62.8868
-62.818
-62.784
-62.7676
-62.7658
-62.7716
-62.7398
-62.7141
-62.703
-62.7031
-62.6822
-62.6441
-62.5975
-62.5408
-62.5095
-62.4007
-62.1483
-61.5579
-61.1537
-60.7435
-60.3977
-60.1448
-59.9575
-59.8157
-59.4923
-59.1451
-58.9051
-58.7375
-58.6234
-58.5013
-58.3594
-58.2538
-58.1901
-58.1594
-58.1531
-58.166
-58.1947
-58.2
-58.2256
-58.2669
-58.3225
-58.3881
-58.4616
-58.5415
-58.6268
-58.7058
-58.7335
-58.7335
-58.7085
-58.7141
-58.7054
-58.721
-58.7563
-58.8074
-58.8621
-58.8352
-58.7539
-58.7235
-58.7264
-58.7542
-58.7972
-58.8083
-58.8359
-58.8801
-58.9382
-59.0056
-59.0799
-59.1598
-59.244
-59.3317
-59.4222
-59.5147
-59.6088
-59.704
-59.7918
-59.8376
-59.9
-59.9702
-60.0473
-60.1276
-60.1843
-60.222
-60.2185
-60.047
-59.8393
-59.6775
-59.5266
-59.4182
-59.3537
-59.3125
-59.2499
-59.1942
-59.1506
-59.124
-59.0744
-58.979
-58.9018
-58.7937
-58.6767
-58.5174
-58.3135
-58.164
-58.0518
-57.9644
-57.8888
-57.8437
-57.8304
-57.8419
-57.8723
-57.9153
-57.9331
-57.9175
-57.8528
-57.7525
-57.6671
-57.6331
-57.6342
-57.6457
-57.6538
-57.6871
-57.7376
-57.8027
-57.8783
-57.9624
-58.0267
-58.0856
-58.1599
-58.2448
-58.3376
-58.4357
-58.5377
-58.6428
-58.7503
-58.8594
-58.9697
-59.0807
-59.192
-59.3034
-59.4145
-59.525
-59.6348
-59.7437
-59.8516
-59.9582
-60.0635
-60.1674
-60.2697
-60.3706
-60.4698
-60.5674
-60.6633
-60.7575
-60.8499
-60.9406
-61.0295
-61.1167
-61.202
-61.2856
-61.3674
-61.4475
-61.5259
-61.6025
-61.6775
-61.7508
-61.8224
-61.8924
-61.9608
-62.0276
-62.0928
-62.1565
-62.2187
-62.2795
-62.3387
-62.3966
-62.4531
-62.5082
-62.5619
-62.6144
-62.6656
-62.7155
-62.7642
-62.8117
-62.8581
-62.9033
-62.9474
-62.9904
-63.0323
-63.0732
-63.1131
-63.1519
-63.1898
-63.2268
-63.2628
-63.298
-63.3323
-63.3657
-63.3982
-63.43
-63.461
-63.4912
-63.5206
-63.5493
-63.5204
-63.503
-63.4328
-63.3407
-63.2813
-63.2424
-63.2183
-63.2037
-63.1962
-63.1945
-63.1451
-63.109
-63.0331
-62.9787
-62.9433
-62.8206
-62.1978
-61.5756
-61.101
-60.7654
-60.4925
-60.0844
-59.7899
-59.5038
-59.2352
-59.0212
-58.8679
-58.76
-58.6872
-58.6421
-58.62
-58.6172
-58.5944
-58.558
-58.5197
-58.4962
-58.5009
-58.5254
-58.5653
-58.6166
-58.6773
-58.7347
-58.7678
-58.8196
-58.8823
-58.8845
-58.8116
-58.7887
-58.7959
-58.8276
-58.8737
-58.9306
-58.9961
-59.0685
-59.1466
-59.2292
-59.3154
-59.4046
-59.4622
-59.5164
-59.5825
-59.6569
-59.7368
-59.8201
-59.9056
-59.9928
-60.0811
-60.1701
-60.2401
-60.2824
-60.3396
-60.4041
-60.4747
-60.548
-60.6233
-60.6998
-60.7771
-60.8547
-60.8816
-60.9137
-60.9096
-60.9222
-60.8584
-60.8239
-60.815
-60.8265
-60.824
-60.8094
-60.8164
-60.8372
-60.8065
-60.6961
-60.5889
-60.521
-60.4878
-60.4779
-60.4758
-60.4441
-60.4305
-60.3575
-60.262
-60.1463
-59.9834
-59.645
-59.3938
-59.1098
-58.8857
-58.7033
-58.5113
-58.3838
-58.3013
-58.2526
-58.1589
-58.1
-58.0574
-57.9765

