-70
-70.0758
-70.1508
-70.225
-70.2983
-70.3706
-70.4419
-70.5122
-70.5814
-70.6496
-70.7168
-70.7829
-70.848
-70.9121
-70.9752
-71.0373
-71.0984
-71.1586
-71.2178
-71.2761
-71.3334
-71.3899
-71.4455
-71.5003
-71.5543
-71.6074
-71.6598
-71.7114
-71.7623
-71.8124
-71.8619
-71.9106
-71.9587
-72.006
-72.0527
-72.0988
-72.1442
-72.1889
-72.2331
-72.2766
-72.3196
-72.362
-72.4038
-72.445
-72.4857
-72.5258
-72.5654
-72.6045
-72.6431
-72.6812
-72.7188
-72.756
-72.7927
-72.8289
-72.8647
-72.9
-72.9349
-72.9694
-73.0035
-73.0371
-73.0704
-73.1032
-73.1357
-73.1678
-73.1994
-73.2307
-73.2617
-73.2922
-73.3224
-73.3523
-73.3817
-73.4109
-73.4397
-73.4682
-73.4963
-73.5241
-73.5516
-73.5788
-73.6057
-73.6323
-73.6585
-73.6845
-73.7102
-73.7356
-73.7608
-73.7857
-73.8103
-73.8346
-73.8587
-73.8825
-73.9061
-73.9294
-73.9524
-73.9753
-73.9979
-74.0202
-74.0423
-74.0642
-74.0859
-74.1073
-74.1285
-74.1495
-74.1703
-74.1909
-74.2112
-74.2313
-74.2513
-74.271
-74.2905
-74.3098
-74.329
-74.3479
-74.3666
-74.3852
-74.4036
-74.4217
-74.4397
-74.4575
-74.4752
-74.4926
-74.5099
-74.527
-74.544
-74.5607
-74.5774
-74.5938
-74.6101
-74.6262
-74.6422
-74.658
-74.6736
-74.6891
-74.7045
-74.7197
-74.7347
-74.7496
-74.7644
-74.779
-74.7935
-74.8079
-74.8221
-74.8362
-74.8501
-74.864
-74.8777
-74.8913
-74.9047
-74.918
-74.9313
-74.9443
-74.9573
-74.9701
-74.9829
-74.9955
-75.008
-75.0204
-75.0327
-75.0448
-75.0569
-75.0688
-75.0806
-75.0924
-75.104
-75.1155
-75.1269
-75.1382
-75.1495
-75.1606
-75.1716
-75.1825
-75.1933
-75.204
-75.2147
-75.2252
-75.2356
-75.246
-75.2562
-75.2664
-75.2764
-75.2864
-75.2963
-75.3061
-75.3158
-75.3255
-75.335
-75.3445
-75.3538
-75.3631
-75.3724
-75.3815
-75.3906
-75.3995
-75.4084
-75.4172
-75.426
-75.4346
-75.4432
-75.4518
-75.4602
-75.4686
-75.4769
-75.4851
-75.4932
-75.5013
-75.5093
-75.5173
-75.5251
-75.533
-75.5407
-75.5484
-75.556
-75.5635
-75.571
-75.5784
-75.5858
-75.593
-75.6003
-75.6074
-75.6145
-75.6216
-75.6285
-75.6355
-75.6423
-75.6491
-75.6559
-75.6626
-75.6692
-75.6758
-75.6823
-75.6888
-75.6952
-75.7015
-75.7078
-75.7141
-75.7203
-75.7264
-75.7325
-75.7386
-75.7446
-75.7505
-75.7564
-75.7622
-75.768
-75.7738
-75.7795
-75.7851
-75.7907
-75.7963
-75.8018
-75.8072
-75.8127
-75.818
-75.8234
-75.8287
-75.8339
-75.8391
-75.8443
-75.8494
-75.8545
-75.8595
-75.8645
-75.8695
-75.8744
-75.8793
-75.8841
-75.8889
-75.8937
-75.8984
-75.9031
-75.9077
-75.9123
-75.9169
-75.9214
-75.9259
-75.9304
-75.9348
-75.9392
-75.9436
-75.9479
-75.9522
-75.9565
-75.9607
-75.9649
-75.969
-75.9731
-75.9772
-75.9813
-75.9853
-75.9893
-75.9933
-75.9972
-76.0011
-76.005
-76.0088
-76.0126
-76.0164
-76.0201
-76.0239
-76.0275
-76.0312
-76.0348
-76.0384
-76.042
-76.0456
-76.0491
-76.0526
-76.056
-76.0595
-76.0629
-76.0663
-76.0696
-76.0729
-76.0762
-76.0795
-76.0828
-76.086
-76.0892
-76.0924
-76.0955
-76.0986
-76.1017
-76.1048
-76.1079
-76.1109
-76.1139
-76.1169
-76.1198
-76.1228
-76.1257
-76.1286
-76.1314
-76.1343
-76.1371
-76.1399
-76.1427
-76.1455
-76.1482
-76.1509
-76.1536
-76.1563
-76.1589
-76.1615
-76.1642
-76.1667
-76.1693
-76.1719
-76.1744
-76.1769
-76.1794
-76.1819
-76.1843
-76.1868
-76.1892
-76.1916
-76.1939
-76.1963
-76.1986
-76.201
-76.2033
-76.2056
-76.2078
-76.2101
-76.2123
-76.2145
-76.2167
-76.2189
-76.2211
-76.2232
-76.2254
-76.2275
-76.2296
-76.2317
-76.2337
-76.2358
-76.2378
-76.2398
-76.2418
-76.2438
-76.2458
-76.2478
-76.2497
-76.2516
-76.2536
-76.2554
-76.2573
-76.2592
-76.2611
-76.2629
-76.2647
-76.2665
-76.2683
-76.2701
-76.2719
-76.2737
-76.2754
-76.2771
-76.2788
-76.2806
-76.2822
-76.2839
-76.2856
-76.2872
-76.2889
-76.2905
-76.2921
-76.2937
-76.2953
-76.2969
-76.2985
-76.3
-76.3016
-76.3031
-76.3046
-76.3061
-76.3076
-76.3091
-76.3106
-76.312
-76.3135
-76.3149
-76.3164
-76.3178
-76.3192
-76.3206
-76.322
-76.3233
-76.3247
-76.3261
-76.3274
-76.3287
-76.33
-76.3314
-76.3327
-76.334
-76.3352
-76.3365
-76.3378
-76.339
-76.3403
-76.3415
-76.3427
-76.3439
-76.3452
-76.3464
-76.3475
-76.3487
-76.3499
-76.351
-76.3522
-76.3533
-76.3545
-76.3556
-76.3567
-76.3578
-76.3589
-76.36
-76.3611
-76.3622
-76.3632
-76.3643
-76.3654
-76.3664
-76.3674
-76.3685
-76.3695
-76.3705
-76.3715
-76.3725
-76.3735
-76.3745
-76.3754
-76.3764
-76.3774
-76.3783
-76.3793
-76.3802
-76.3811
-76.382
-76.383
-76.3839
-76.3848
-76.3857
-76.3866
-76.3874
-76.3883
-76.3892
-76.39
-76.3909
-76.3917
-76.3926
-76.3934
-76.3943
-76.3951
-76.3959
-76.3967
-76.3975
-76.3983
-76.3991
-76.3999
-76.4007
-76.4014
-76.4022
-76.403
-76.4037
-76.4045
-76.4052
-76.406
-75.9818
-71.7886
-68.0041
-65.1549
-62.9445
-61.1211
-59.4257
-57.4468
-53.6233
46.3408
-5.00849
-36.3651
-77.9876
-78.9065
-78.7642
-78.6151
-78.4524
-78.2759
-78.086
-77.8832
-77.6689
-76.0992
-74.0252
-72.7372
-71.8436
-71.1346
-70.5273
-69.9866
-69.4965
-69.0495
-68.6422
-68.4692
-68.885
-69.2199
-69.4673
-70.2098
-71.2825
-72.049
-72.5408
-70.4219
-67.9921
-66.439
-65.435
-65.4479
-65.9298
-66.6165
-67.6786
-68.3979
-68.8679
-69.189
-69.418
-69.5882
-69.7201
-69.8261
-69.9147
-69.9912
-70.0594
-70.1217
-70.18
-70.2355
-70.2892
-70.3417
-70.3934
-70.4448
-70.496
-70.5471
-70.5984
-70.6499
-70.7015
-70.7533
-70.8053
-68.1876
-64.9702
-62.5188
-60.5654
-58.7955
-56.7465
-52.6483
44.8589
-9.31874
-40.5345
-78.6679
-79.6625
-79.6404
-79.5957
-77.9528
-77.1687
-76.7773
-76.4399
-76.1036
-75.7604
-75.4112
-75.0589
-74.7069
-74.092
-71.2512
-68.8534
-67.1514
-65.8784
-65.7514
-66.1298
-67.0164
-67.6336
-68.0257
-68.5847
-69.9387
-70.8465
-71.3994
-71.7516
-71.9854
-72.2457
-72.7003
-73.0275
-73.2488
-73.404
-73.6849
-74.0924
-74.4111
-74.6156
-74.7511
-74.8444
-74.9111
-74.9603
-74.9979
-75.0274
-75.0513
-75.0712
-75.0883
-75.1032
-75.1165
-75.1287
-75.14
-75.1507
-75.161
-75.1708
-75.1805
-75.1899
-75.1992
-75.2084
-75.2175
-75.2266
-75.2357
-75.2447
-75.2537
-75.2627
-75.2717
-75.2807
-75.2897
-75.2987
-75.3076
-75.3166
-75.3255
-75.3344
-75.3433
-75.3522
-75.361
-75.3698
-75.3786
-75.3873
-75.396
-75.4046
-75.4132
-75.4217
-75.4302
-75.4387
-75.447
-75.4554
-75.4636
-75.4719
-75.48
-75.4881
-75.4961
-75.5041
-75.512
-75.5199
-75.5277
-75.5354
-75.5431
-75.5507
-75.5582
-74.824
-70.6655
-67.0908
-64.3946
-62.2806
-60.4893
-58.7232
-56.3824
-49.3436
28.9943
-18.5268
-56.5399
-79.0424
-78.8084
-78.636
-78.4729
-78.2963
-78.1054
-77.9009
-77.6836
-77.455
-76.072
-73.812
-72.3585
-71.3618
-70.5869
-69.9371
-69.369
-68.9711
-69.1285
-67.8726
-66.0018
-64.9275
-64.9752
-65.8904
-66.6173
-67.0697
-67.362
-67.56
-67.701
-67.8069
-67.8036
-65.7008
-63.7436
-62.357
-61.3229
-60.4959
-59.7776
-59.0936
-58.3621
-57.4582
-56.0892
-53.5602
-36.6895
7.09924
-29.629
-74.8569
-79.6059
-79.5489
-79.479
-79.418
-79.3533
-79.2842
-79.2108
-79.1337
-79.0533
-78.9705
-78.8859
-78.8005
-78.715
-78.6304
-78.5474
-78.4666
-78.3888
-78.3143
-78.2436
-78.1768
-78.0937
-77.8363
-77.6052
-77.4247
-77.2811
-77.165
-74.6475
-70.552
-67.5643
-65.423
-63.837
-62.6118
-61.6115
-60.734
-59.89
-58.9748
-57.7987
-54.3882
19.0814
1.16161
-31.9197
-76.6261
-79.3482
-79.3033
-79.2178
-79.123
-79.0193
-77.2441
-76.1511
-75.5919
-75.1726
-74.789
-74.4598
-74.2485
-74.1179
-73.9548
-73.7748
-73.594
-73.42
-73.2563
-73.1047
-72.966
-72.8405
-72.728
-72.6283
-72.722
-72.9623
-73.1431
-73.2746
-73.3728
-73.448
-73.5073
-73.5552
-73.5951
-73.6291
-73.6589
-73.6857
-73.7104
-73.7335
-73.7554
-73.7766
-73.7973
-73.8175
-73.8376
-73.8575
-73.8773
-73.8971
-73.9169
-73.9366
-73.9564
-73.9762
-73.9961
-74.0159
-74.0357
-74.0555
-74.0753
-74.0951
-74.1148
-74.1344
-74.154
-74.1735
-74.193
-74.2123
-74.2315
-74.2506
-74.2696
-74.2885
-74.3073
-74.3259
-74.3444
-74.3628
-74.381
-74.399
-74.417
-74.4347
-74.4523
-74.4698
-74.4871
-74.5043
-74.5213
-74.5382
-74.5549
-74.5715
-74.5879
-74.6041
-74.6202
-74.6362
-74.652
-74.6676
-74.6831
-74.6985
-73.993
-69.9599
-66.4927
-63.8729
-61.8019
-60.0072
-58.1458
-55.3561
-37.6864
12.0743
-26.2843
-72.2696
-79.6702
-79.7134
-79.6785
-79.6379
-79.593
-79.5438
-79.4904
-76.8618
-75.0563
-74.0718
-73.3789
-72.8032
-72.2854
-71.8042
-71.3521
-70.9271
-69.0044
-66.4736
-64.5751
-63.1338
-61.9791
-60.9947
-60.0898
-59.1739
-58.1161
-55.9246
-48.7074
26.6135
-20.2393
-59.4037
-79.0918
-79.2326
-79.1445
-79.0433
-78.0436
-76.8616
-76.3085
-75.9396
-75.6188
-75.3096
-75.0059
-74.7081
-74.5218
-74.4738
-74.3812
-74.2635
-74.1401
-74.0196
-73.9059
-73.8009
-73.7051
-73.6189
-73.6459
-73.7978
-73.9076
-73.9816
-74.033
-74.0697
-74.0968
-74.1177
-74.1345
-74.1488
-74.1615
-74.1733
-74.1846
-74.1959
-74.2072
-74.2187
-74.2305
-74.2427
-74.2553
-74.2682
-74.2815
-74.2951
-74.3091
-74.3233
-74.3379
-74.3526
-74.3676
-74.3828
-74.3981
-74.4136
-74.4292
-74.4448
-74.4605
-74.4763
-74.4921
-74.5079
-74.5237
-74.5394
-74.5552
-74.5709
-74.5865
-74.6021
-72.3328
-68.3755
-65.3039
-62.9498
-61.0324
-59.2687
-57.2125
-53.1006
45.3548
-7.72697
-39.1091
-78.1985
-79.0365
-78.931
-78.8017
-78.6599
-78.5059
-78.3399
-78.1626

