-70
-70.0758
-70.1508
-70.225
-70.2983
-70.3706
-70.4419
-70.5122
-70.5814
-70.6496
-70.7168
-70.7829
-70.848
-70.9121
-70.9752
-71.0373
-71.0984
-71.1586
-71.2178
-71.2761
-71.3334
-71.3899
-71.4455
-71.5003
-71.5543
-71.6074
-71.6598
-71.7114
-71.7623
-71.8124
-71.8619
-71.9106
-71.9587
-72.006
-72.0527
-72.0988
-72.1442
-72.1889
-72.2331
-72.2766
-72.3196
-72.362
-72.4038
-72.445
-72.4857
-72.5258
-72.5654
-72.6045
-72.6431
-72.6812
-72.7188
-72.756
-72.7927
-72.8289
-72.8647
-72.9
-72.9349
-72.9694
-73.0035
-73.0371
-73.0704
-73.1032
-73.1357
-73.1678
-73.1994
-73.2307
-73.2617
-73.2922
-73.3224
-73.3523
-73.3817
-73.4109
-73.4397
-73.4682
-73.4963
-73.5241
-73.5516
-73.5788
-73.6057
-73.6323
-73.6585
-73.6845
-73.7102
-73.7356
-73.7608
-73.7857
-73.8103
-73.8346
-73.8587
-73.8825
-73.9061
-73.9294
-73.9524
-73.9753
-73.9979
-74.0202
-74.0423
-74.0642
-74.0859
-74.1073
-74.1285
-74.1495
-74.1703
-74.1909
-74.2112
-74.2313
-74.2513
-74.271
-74.2905
-74.3098
-74.329
-74.3479
-74.3666
-74.3852
-74.4036
-74.4217
-74.4397
-74.4575
-74.4752
-74.4926
-74.5099
-74.527
-74.544
-74.5607
-74.5774
-74.5938
-74.6101
-74.6262
-74.6422
-74.658
-74.6736
-74.6891
-74.7045
-74.7197
-74.7347
-74.7496
-74.7644
-74.779
-74.7935
-74.8079
-74.8221
-74.8362
-74.8501
-74.864
-74.8777
-74.8913
-74.9047
-74.918
-74.9313
-74.9443
-74.9573
-74.9701
-74.9829
-74.9955
-75.008
-75.0204
-75.0327
-75.0448
-75.0569
-75.0688
-75.0806
-75.0924
-75.104
-75.1155
-75.1269
-75.1382
-75.1495
-75.1606
-75.1716
-75.1825
-75.1933
-75.204
-75.2147
-75.2252
-75.2356
-75.246
-75.2562
-75.2664
-75.2764
-75.2864
-75.2963
-75.3061
-75.3158
-75.3255
-75.335
-75.3445
-75.3538
-75.3631
-75.3724
-75.3815
-75.3906
-75.3995
-75.4084
-75.4172
-75.426
-75.4346
-75.4432
-75.4518
-75.4602
-75.4686
-75.4769
-75.4851
-75.4932
-75.5013
-75.5093
-75.5173
-75.5251
-75.533
-75.5407
-75.5484
-75.556
-75.5635
-75.571
-75.5784
-75.5858
-75.593
-75.6003
-75.6074
-75.6145
-75.6216
-75.6285
-75.6355
-75.6423
-75.6491
-75.6559
-75.6626
-75.6692
-75.6758
-75.6823
-75.6888
-75.6952
-75.7015
-75.7078
-75.7141
-75.7203
-75.7264
-75.7325
-75.7386
-75.7446
-75.7505
-75.7564
-75.7622
-75.768
-75.7738
-75.7795
-75.7851
-75.7907
-75.7963
-75.8018
-75.8072
-75.8127
-75.818
-75.8234
-75.8287
-75.8339
-75.8391
-75.8443
-75.8494
-75.8545
-75.8595
-75.8645
-75.8695
-75.8744
-75.8793
-75.8841
-75.8889
-75.8937
-75.8984
-75.9031
-75.9077
-75.9123
-75.9169
-75.9214
-75.9259
-75.9304
-75.9348
-75.9392
-75.9436
-75.9479
-75.9522
-75.9565
-75.9607
-75.9649
-75.969
-75.9731
-75.9772
-75.9813
-75.9853
-75.9893
-75.9933
-75.9972
-76.0011
-76.005
-76.0088
-76.0126
-76.0164
-76.0201
-76.0239
-76.0275
-76.0312
-76.0348
-76.0384
-76.042
-76.0456
-76.0491
-76.0526
-76.056
-76.0595
-76.0629
-76.0663
-76.0696
-76.0729
-76.0762
-76.0795
-76.0828
-76.086
-76.0892
-76.0924
-76.0955
-76.0986
-76.1017
-76.1048
-76.1079
-76.1109
-76.1139
-76.1169
-76.1198
-76.1228
-76.1257
-76.1286
-76.1314
-76.1343
-76.1371
-76.1399
-76.1427
-76.1455
-76.1482
-76.1509
-76.1536
-76.1563
-76.1589
-76.1615
-76.1642
-76.1667
-76.1693
-76.1719
-76.1744
-76.1769
-76.1794
-76.1819
-76.1843
-76.1868
-76.1892
-76.1916
-76.1939
-76.1963
-76.1986
-76.201
-76.2033
-76.2056
-76.2078
-76.2101
-76.2123
-76.2145
-76.2167
-76.2189
-76.2211
-76.2232
-76.2254
-76.2275
-76.2296
-76.2317
-76.2337
-76.2358
-76.2378
-76.2398
-76.2418
-76.2438
-76.2458
-76.2478
-76.2497
-76.2516
-76.2536
-76.2554
-76.2573
-76.2592
-76.2611
-76.2629
-76.2647
-76.2665
-76.2683
-76.2701
-76.2719
-76.2737
-76.2754
-76.2771
-76.2788
-76.2806
-76.2822
-76.2839
-76.2856
-76.2872
-76.2889
-76.2905
-76.2921
-76.2937
-76.2953
-76.2969
-76.2985
-76.3
-76.3016
-76.3031
-76.3046
-76.3061
-76.3076
-76.3091
-76.3106
-76.312
-76.3135
-76.3149
-76.3164
-76.3178
-76.3192
-76.3206
-76.322
-76.3233
-76.3247
-76.3261
-76.3274
-76.3287
-76.33
-76.3314
-76.3327
-76.334
-76.3352
-76.3365
-76.3378
-76.339
-76.3403
-76.3415
-76.3427
-76.3439
-76.3452
-76.3464
-76.3475
-76.3487
-76.3499
-76.351
-76.3522
-76.3533
-76.3545
-76.3556
-76.3567
-76.3578
-76.3589
-76.36
-76.3611
-76.3622
-76.3632
-76.3643
-76.3654
-76.3664
-76.3674
-76.3685
-76.3695
-76.3705
-76.3715
-76.3725
-76.3735
-76.3745
-76.3754
-76.3764
-76.3774
-76.3783
-76.3793
-76.3802
-76.3811
-76.382
-76.383
-76.3839
-76.3848
-76.3857
-76.3866
-76.3874
-76.3883
-76.3892
-76.39
-76.3909
-76.3917
-76.3926
-76.3934
-76.3943
-76.3951
-76.3959
-76.3967
-76.3975
-76.3983
-76.3991
-76.3999
-76.4007
-76.4014
-76.4022
-75.9782
-71.7854
-68.0015
-65.1526
-62.9424
-61.119
-59.4235
-57.4436
-53.6142
46.3418
-5.06449
-36.4119
-78.3973
-79.7416
-79.7278
-79.053
-77.9079
-77.4784
-77.1845
-76.8943
-76.5937
-76.2823
-75.9624
-75.3937
-72.8836
-70.8652
-69.4832
-68.4515
-67.6318
-66.9533
-66.3775
-65.8819
-65.4522
-65.0796
-64.7569
-65.2193
-66.8237
-68.6181
-70.1937
-71.1998
-69.584
-67.8697
-68.0068
-68.2678
-68.4182
-68.5124
-68.578
-68.6287
-68.9231
-69.5881
-70.2591
-71.0464
-71.5564
-71.8808
-72.097
-72.2476
-72.5868
-72.9654
-73.2251
-73.4051
-73.5343
-73.6303
-73.7038
-73.762
-73.8093
-73.8488
-73.8827
-73.9124
-73.9391
-73.9636
-73.9863
-74.0078
-74.0283
-74.0481
-74.0673
-74.0862
-74.1047
-74.1231
-74.1412
-74.1593
-71.1316
-67.4363
-64.6504
-62.515
-60.7624
-59.1295
-57.2105
-53.5021
45.7448
-5.14349
-36.5041
-77.8828
-78.8696
-78.7246
-78.5715
-78.4046
-78.2238
-78.0294
-77.8222
-77.6036
-77.1041
-74.6131
-72.7946
-71.6231
-70.7549
-70.1388
-70.1241
-70.7412
-71.2916
-71.6297
-72.0796
-72.3576
-72.7604
-73.031
-73.1812
-73.2663
-73.3156
-73.3447
-73.559
-73.7589
-73.9612
-74.2189
-74.3952
-74.5129
-74.5945
-74.6745
-74.8293
-74.9476
-75.0301
-75.0897
-75.1341
-75.1682
-75.1952
-75.2171
-75.2354
-75.251
-75.2647
-75.277
-75.2882
-75.2986
-75.3083
-75.3176
-75.3265
-75.3352
-75.3437
-75.352
-75.3603
-75.3684
-75.3765
-75.3845
-75.3926
-75.4005
-75.4085
-75.4165
-75.4244
-75.4323
-75.4402
-75.4481
-75.456
-75.4638
-75.4717
-75.4795
-75.4872
-75.495
-75.5027
-75.5104
-75.518
-75.5256
-75.5332
-75.5407
-75.5482
-75.5556
-75.563
-75.5704
-75.5776
-75.5849
-75.5921
-75.5992
-75.6063
-75.6133
-75.6203
-75.6273
-75.6341
-75.641
-75.6477
-75.6545
-75.6611
-75.6677
-73.3048
-69.1899
-65.9952
-63.5561
-61.5983
-59.8618
-57.9966
-55.0173
-22.4197
7.16776
-28.7988
-74.6935
-79.0402
-78.9682
-78.8431
-78.705
-78.5545
-78.3919
-78.2177
-76.9444
-75.0221
-73.8966
-73.1367
-72.5223
-72.038
-71.865
-71.9405
-72.0242
-70.4535
-69.0145
-68.155
-67.9322
-68.1863
-68.6441
-69.2699
-69.6504
-69.8763
-70.0169
-70.1091
-70.1732
-69.5087
-66.9871
-65.2473
-64.9013
-64.8142
-64.7765
-65.5047
-66.3352
-66.9074
-67.308
-67.6001
-68.0146
-68.8668
-69.5109
-69.965
-70.2954
-70.5433
-70.7348
-70.8868
-71.0106
-71.114
-71.2024
-71.2796
-71.3485
-71.411
-71.4687
-71.5228
-71.574
-71.623
-71.6704
-71.7164
-71.7614
-71.8056
-71.8491
-71.8921
-71.9347
-71.9768
-72.0187
-72.0602
-72.1015
-72.1425
-72.1832
-69.3747
-65.9188
-63.2851
-61.2121
-59.3985
-57.4457
-54.1861
11.7142
0.769996
-32.3282
-76.4858
-78.866
-78.7487
-78.599
-78.435
-78.2571
-78.0659
-77.8619
-77.6465
-77.4212
-75.9163
-73.5202
-72.2789
-71.896
-71.6214
-71.439
-71.5819
-71.9209
-72.0977
-72.1581
-72.1642
-72.1452
-72.1156
-72.0828
-72.0509
-72.0218
-71.9968
-71.9761
-71.9602
-71.9488
-71.9419
-71.9392
-71.9405
-71.9456
-72.2256
-72.5747
-72.848
-73.0619
-73.2324
-73.3706
-73.4844
-73.5795
-73.66
-73.7291
-73.7892
-73.8421
-73.8892
-73.9315
-73.9699
-74.0052
-74.0378
-74.0682
-74.0968
-74.1239
-74.1496
-74.1742
-74.1979
-74.2207
-74.2428
-74.2643
-74.2853
-74.3058
-74.3258
-74.3455
-74.3648
-74.3838
-74.4025
-74.4209
-74.4391
-74.4571
-74.4748
-74.4923
-74.5097
-74.5268
-74.5437
-74.5605
-74.5771
-74.5935
-74.6098
-74.6259
-74.6418
-74.6576
-74.6732
-74.6886
-74.704
-74.7191
-74.7342
-74.749
-74.7638
-74.7784
-74.7929
-74.8072
-74.8214
-74.8355
-74.8495
-74.8633
-74.877
-74.8905
-74.904
-74.9173
-74.9305
-74.9436
-74.9566
-74.9694
-74.9822
-74.9948
-75.0073
-71.857
-67.9822
-65.0318
-62.7542
-60.8772
-59.1157
-56.9862
-52.2706
41.4614
-11.4223
-43.2078
-78.723
-78.8552
-78.6814
-78.5228
-78.3508
-78.1647
-77.9649
-77.7522
-77.5279
-76.3829
-74.0714
-72.5663
-71.5517
-70.77
-70.1165
-69.5455
-69.0352
-69.1691
-69.4735
-67.9395
-67.3264
-67.1024
-66.9572
-66.9981
-67.9072
-68.9674
-69.6071
-69.9887
-70.518
-71.1017
-71.4736
-72.0391
-72.4778
-72.7531
-72.9326
-73.1727
-73.4843
-73.6976
-73.8418
-73.9431
-74.0171
-74.0731
-74.1169
-74.1522
-74.1817
-74.2071
-74.2294
-74.2496
-74.2682
-74.2857
-74.3024
-74.3185
-74.3342
-74.3496
-74.3648
-74.3799
-74.395
-74.41
-74.425
-74.44
-74.455
-74.4701
-74.4851
-74.5002
-74.5153
-74.5305
-74.5456
-74.5607
-74.5758
-74.5909
-74.6059
-74.621
-74.6359
-74.6508
-74.6657
-74.6805
-74.294
-70.3505
-66.7949
-64.1146
-62.0113
-60.2152
-58.4059
-55.8737
-45.8334
20.4059
-22.5267
-65.7273
-78.9468
-78.7961
-78.6464
-78.4858
-78.3112
-78.1228
-77.921
-77.707
-77.3829
-75.0551
-73.2784
-72.1566

