-70
-70.0758
-70.1508
-70.225
-70.2983
-70.3706
-70.4419
-70.5122
-70.5814
-70.6496
-70.7168
-70.7829
-70.848
-70.9121
-70.9752
-71.0373
-71.0984
-71.1586
-71.2178
-71.2761
-71.3334
-71.3899
-71.4455
-71.5003
-71.5543
-71.6074
-71.6598
-71.7114
-71.7623
-71.8124
-71.8619
-71.9106
-71.9587
-72.006
-72.0527
-72.0988
-72.1442
-72.1889
-72.2331
-72.2766
-72.3196
-72.362
-72.4038
-72.445
-72.4857
-72.5258
-72.5654
-72.6045
-72.6431
-72.6812
-72.7188
-72.756
-72.7927
-72.8289
-72.8647
-72.9
-72.9349
-72.9694
-73.0035
-73.0371
-73.0704
-73.1032
-73.1357
-73.1678
-73.1994
-73.2307
-73.2617
-73.2922
-73.3224
-73.3523
-73.3817
-73.4109
-73.4397
-73.4682
-73.4963
-73.5241
-73.5516
-73.5788
-73.6057
-73.6323
-73.6585
-73.6845
-73.7102
-73.7356
-73.7608
-73.7857
-73.8103
-73.8346
-73.8587
-73.8825
-73.9061
-73.9294
-73.9524
-73.9753
-73.9979
-74.0202
-74.0423
-74.0642
-74.0859
-74.1073
-74.1285
-74.1495
-74.1703
-74.1909
-74.2112
-74.2313
-74.2513
-74.271
-74.2905
-74.3098
-74.329
-74.3479
-74.3666
-74.3852
-74.4036
-74.4217
-74.4397
-74.4575
-74.4752
-74.4926
-74.5099
-74.527
-74.544
-74.5607
-74.5774
-74.5938
-74.6101
-74.6262
-74.6422
-74.658
-74.6736
-74.6891
-74.7045
-74.7197
-74.7347
-74.7496
-74.7644
-74.779
-74.7935
-74.8079
-74.8221
-74.8362
-74.8501
-74.864
-74.8777
-74.8913
-74.9047
-74.918
-74.9313
-74.9443
-74.9573
-74.9701
-74.9829
-74.9955
-75.008
-75.0204
-75.0327
-75.0448
-75.0569
-75.0688
-75.0806
-75.0924
-75.104
-75.1155
-75.1269
-75.1382
-75.1495
-75.1606
-75.1716
-75.1825
-75.1933
-75.204
-75.2147
-75.2252
-75.2356
-75.246
-75.2562
-75.2664
-75.2764
-75.2864
-75.2963
-75.3061
-75.3158
-75.3255
-75.335
-75.3445
-75.3538
-75.3631
-75.3724
-75.3815
-75.3906
-75.3995
-75.4084
-75.4172
-75.426
-75.4346
-75.4432
-75.4518
-75.4602
-75.4686
-75.4769
-75.4851
-75.4932
-75.5013
-75.5093
-75.5173
-75.5251
-75.533
-75.5407
-75.5484
-75.556
-75.5635
-75.571
-75.5784
-75.5858
-75.593
-75.6003
-75.6074
-75.6145
-75.6216
-75.6285
-75.6355
-75.6423
-75.6491
-75.6559
-75.6626
-75.6692
-75.6758
-75.6823
-75.6888
-75.6952
-75.7015
-75.7078
-75.7141
-75.7203
-75.7264
-75.7325
-75.7386
-75.7446
-75.7505
-75.7564
-75.7622
-75.768
-75.7738
-75.7795
-75.7851
-75.7907
-75.7963
-75.8018
-75.8072
-75.8127
-75.818
-75.8234
-75.8287
-75.8339
-75.8391
-75.8443
-75.8494
-75.8545
-75.8595
-75.8645
-75.8695
-75.8744
-75.8793
-75.8841
-75.8889
-75.8937
-75.8984
-75.9031
-75.9077
-75.9123
-75.9169
-75.9214
-75.9259
-75.9304
-75.9348
-75.9392
-75.9436
-75.9479
-75.9522
-75.9565
-75.9607
-75.9649
-75.969
-75.9731
-75.9772
-75.9813
-75.9853
-75.9893
-75.9933
-75.9972
-76.0011
-76.005
-76.0088
-76.0126
-76.0164
-76.0201
-76.0239
-76.0275
-76.0312
-76.0348
-76.0384
-76.042
-76.0456
-76.0491
-76.0526
-76.056
-76.0595
-76.0629
-76.0663
-76.0696
-76.0729
-76.0762
-76.0795
-76.0828
-76.086
-76.0892
-76.0924
-76.0955
-76.0986
-76.1017
-76.1048
-76.1079
-76.1109
-76.1139
-76.1169
-76.1198
-76.1228
-76.1257
-76.1286
-76.1314
-76.1343
-76.1371
-76.1399
-76.1427
-76.1455
-76.1482
-76.1509
-76.1536
-76.1563
-76.1589
-76.1615
-76.1642
-76.1667
-76.1693
-76.1719
-76.1744
-76.1769
-76.1794
-76.1819
-76.1843
-76.1868
-76.1892
-76.1916
-76.1939
-76.1963
-76.1986
-76.201
-76.2033
-76.2056
-76.2078
-76.2101
-76.2123
-76.2145
-76.2167
-76.2189
-76.2211
-76.2232
-76.2254
-76.2275
-76.2296
-76.2317
-76.2337
-76.2358
-76.2378
-76.2398
-76.2418
-76.2438
-76.2458
-76.2478
-76.2497
-76.2516
-76.2536
-76.2554
-76.2573
-76.2592
-76.2611
-76.2629
-76.2647
-76.2665
-76.2683
-76.2701
-76.2719
-76.2737
-76.2754
-76.2771
-76.2788
-76.2806
-76.2822
-76.2839
-76.2856
-76.2872
-76.2889
-76.2905
-76.2921
-76.2937
-76.2953
-76.2969
-76.2985
-76.3
-76.3016
-76.3031
-76.3046
-76.3061
-76.3076
-76.3091
-76.3106
-76.312
-76.3135
-76.3149
-76.3164
-76.3178
-76.3192
-76.3206
-76.322
-76.3233
-76.3247
-76.3261
-76.3274
-76.3287
-76.33
-76.3314
-76.3327
-76.334
-76.3352
-76.3365
-76.3378
-76.339
-76.3403
-76.3415
-76.3427
-76.3439
-76.3452
-76.3464
-76.3475
-76.3487
-76.3499
-76.351
-76.3522
-76.3533
-76.3545
-76.3556
-76.3567
-76.3578
-76.3589
-76.36
-76.3611
-76.3622
-76.3632
-76.3643
-76.3654
-76.3664
-76.3674
-76.3685
-76.3695
-76.3705
-76.3715
-76.3725
-76.3735
-76.3745
-76.3754
-76.3764
-76.3774
-76.3783
-76.3793
-76.3802
-76.3811
-76.382
-76.383
-76.3839
-76.3848
-76.3857
-76.3866
-76.3874
-76.3883
-76.3892
-76.39
-76.3909
-76.3917
-76.3926
-76.3934
-76.3943
-76.3951
-76.3959
-76.3967
-76.3975
-76.3983
-76.3991
-76.3999
-76.4007
-76.4014
-76.4022
-76.403
-76.4037
-76.4045
-76.4052
-76.406
-76.4067
-76.4074
-75.6458
-71.3644
-67.6835
-64.9104
-62.7495
-60.9512
-59.2514
-57.2021
-52.8667
43.9686
-9.01768
-40.3284
-78.3431
-78.9732
-78.8568
-78.7189
-78.5679
-78.4039
-78.2273
-78.0388
-76.9591
-74.8756
-73.6035
-72.7604
-72.0952
-71.519
-70.9971
-70.6513
-70.7125
-69.2821
-67.2736
-65.8721
-65.5536
-65.7701
-65.9165
-66.0052
-66.0624
-66.1032
-66.1365
-66.1678
-65.003
-63.6171
-63.2656
-63.0894
-62.9873
-62.9348
-62.9181
-62.9283
-62.96
-63.0093
-63.0735
-63.1503
-63.2379
-63.3352
-63.441
-63.5546
-63.6752
-63.8021
-63.9346
-64.1874
-65.4709
-66.6546
-67.5754
-68.3
-68.8779
-69.3451
-69.7278
-70.0453
-70.3117
-70.5379
-70.732
-70.9003
-71.0478
-71.1782
-71.2947
-71.3995
-71.4947
-71.5819
-71.3045
-67.8617
-64.7742
-62.4524
-60.8607
-60.8597
-61.0735
-61.2758
-61.4708
-61.6609
-61.8482
-60.5801
-59.0313
-57.5305
-55.5676
-50.5453
35.7647
-16.73
-51.4456
-79.0241
-79.427
-79.3679
-79.293
-79.211
-79.1224
-79.0274
-78.8855
-78.6104
-78.4076
-78.2458
-77.9433
-77.6835
-77.4865
-77.3241
-77.1728
-76.9574
-76.781
-76.6435
-76.5321
-76.4393
-76.3605
-76.2929
-76.2344
-76.1837
-76.1395
-76.1011
-76.0677
-76.0387
-76.0136
-75.9919
-75.9733
-75.9575
-75.944
-75.9326
-75.9232
-75.9154
-75.9091
-75.9041
-75.9002
-75.8974
-75.8954
-75.8943
-75.8939
-75.894
-75.8947
-75.8959
-75.8975
-75.8994
-75.9016
-75.9042
-75.9069
-75.9099
-75.913
-75.9163
-75.9197
-75.9232
-75.9268
-75.9305
-75.9342
-75.938
-75.9419
-75.9458
-75.9497
-75.9536
-75.9575
-75.9614
-75.9654
-75.9693
-75.9732
-75.9772
-75.9811
-75.985
-75.9889
-75.9927
-75.9966
-76.0004
-76.0042
-76.008
-76.0117
-76.0155
-76.0192
-76.0229
-76.0266
-73.196
-69.0992
-65.9554
-63.5497
-61.6142
-59.894
-58.0465
-55.1135
-26.3234
8.17847
-28.1477
-74.2217
-78.9973
-78.9227
-78.7924
-78.6485
-78.4919
-78.3227
-78.1414
-77.689
-75.4666
-73.9693
-73.0426
-72.3421
-71.7475
-71.4987
-71.3539
-71.1643
-70.553
-68.1702
-66.244
-64.9936
-64.9526
-65.0633
-65.13
-65.1725
-65.2036
-65.2308
-65.2588
-65.2903
-65.3269
-65.4065
-66.3794
-67.3105
-68.0377
-69.1954
-70.1388
-70.8095
-71.2978
-71.6623
-71.9408
-72.325
-72.8324
-73.2116
-73.4897
-73.6989
-73.8597
-73.9859
-74.0869
-74.1692
-71.665
-68.1519
-65.6058
-63.7625
-62.3713
-61.2595
-60.3005
-59.3846
-58.3822
-57.0491
-54.5341
-33.2401
7.48875
-28.7525
-74.4114
-79.7425
-79.7925
-79.7681
-79.7387
-79.7062
-79.6704
-78.9636
-76.2236
-74.6985
-73.8151
-73.1591
-72.6004
-72.0933
-71.6212
-71.1781
-70.7627
-70.1365
-67.457
-65.0918
-63.3332
-61.9541
-60.7943
-59.7251
-58.6072
-57.199
-55.2103
-51.1122
38.2434
-14.6047
-47.5828
-78.6601
-79.0932
-78.9944
-78.875
-78.7445
-78.5962
-78.3275
-78.1133
-77.9251
-77.7407
-77.5419
-77.2481
-77.0008
-76.7932
-76.6088
-76.4408
-76.2861
-76.1432
-76.0116
-75.8908
-75.7804
-75.68
-75.5892
-75.5076
-75.4347
-75.3698
-75.3126
-75.3044
-75.3268
-75.3448
-75.3583
-75.369
-75.3776
-75.385
-75.3916
-75.3976
-75.4034
-75.4089
-75.4145
-75.4201
-75.4257
-75.4315
-75.4373
-75.4433
-75.4495
-75.4557
-75.4621
-75.4686
-75.4752
-75.4818
-75.4886
-75.4954
-75.5023
-75.5093
-75.5162
-75.5233
-75.5303
-75.5373
-75.5444
-75.5515
-75.5585
-75.5656
-75.5726
-75.5797
-75.5867
-75.5937
-75.6006
-75.6075
-75.6144
-75.6213
-75.6281
-75.6348
-75.6416
-75.6483
-75.6549
-75.6615
-75.6681
-75.6746
-75.681
-75.6875
-75.6938
-75.7002
-75.7064
-75.7126
-75.7188
-75.725
-75.731
-73.7921
-69.6141
-66.3194
-63.8127
-61.8156
-60.071
-58.2517
-55.5375
-40.0729
14.0382
-25.3369
-71.0383
-79.6763
-79.7292
-78.7233
-78.0312
-77.7422
-77.4899
-77.2279
-76.9525
-76.6652
-76.3682
-75.9685
-73.468
-71.3573
-69.9317
-68.8797
-68.0482
-67.361
-66.7772
-66.2736
-65.836
-63.8215
-61.703
-59.9673
-59.5268
-59.6867
-59.8465
-59.9887
-60.1189
-60.2427
-59.4101
-58.7526
-58.9924
-59.2565
-59.5015
-59.7339
-59.9557
-60.1663
-60.3695
-60.5689
-60.7675
-60.9667
-61.6734
-63.7043
-66.0229
-67.6612
-68.7955
-69.6023
-70.2889
-71.2237
-71.9202
-72.4076
-72.7588
-73.0186
-73.2157
-73.3684
-73.4893
-73.5869
-73.6672
-73.7344
-73.7916
-73.8411
-73.8846
-73.9233
-73.9583
-73.9903
-74.0199
-74.0475
-74.0735
-74.0983
-74.122
-74.1447
-74.1668
-74.1882
-74.209
-74.2295
-74.2495
-74.2692
-74.2885
-74.3076
-74.3265
-74.3451
-73.967
-70.0755
-66.5705
-63.9306
-61.8576
-60.0816
-58.2808
-55.73
-45.154
19.0427
-23.199
-66.9694
-79.6161
-79.2016
-78.4218
-78.1417
-77.9247
-77.6974
-77.4557
-77.2004
-76.9334
-76.6568
-75.9032
-73.2695
-71.3016

