-70
-69.8623
-69.7285
-69.5983
-69.4718
-69.3487
-69.2291
-69.1128
-68.9997
-68.8897
-68.7828
-68.6789
-68.5778
-68.4795
-68.3839
-68.291
-68.2007
-68.1128
-68.0274
-67.9443
-67.8636
-67.7851
-67.7087
-67.6345
-67.5623
-67.4921
-67.4238
-67.3574
-67.2929
-67.2301
-67.1691
-67.1098
-67.0521
-66.996
-66.9414
-66.8884
-66.8368
-66.7866
-66.7378
-66.6904
-66.6443
-66.5994
-66.5558
-66.5133
-66.4721
-66.432
-66.393
-66.355
-66.3181
-66.2823
-66.2474
-66.2134
-66.1805
-66.1484
-66.1172
-66.0868
-66.0573
-66.0286
-66.0007
-65.9736
-65.9472
-65.9215
-65.8966
-65.8723
-65.8487
-65.8257
-65.8034
-65.7817
-65.7606
-65.74
-65.72
-65.7006
-65.6817
-65.6633
-65.6455
-65.6281
-65.6112
-65.5948
-65.5788
-65.5632
-65.5481
-65.5334
-65.5191
-65.5052
-65.4917
-65.4785
-65.4657
-65.4533
-65.4412
-65.4294
-65.418
-65.4068
-65.396
-65.3855
-65.3752
-65.3653
-65.3556
-65.3462
-65.337
-65.3281
-65.3194
-65.311
-65.3028
-65.2948
-65.2871
-65.2795
-65.2722
-65.2651
-65.2581
-65.2514
-65.2448
-65.2385
-65.2322
-65.2262
-65.2203
-65.2146
-65.2091
-65.2037
-65.1984
-65.1933
-65.1884
-65.1835
-65.1788
-65.1743
-65.1698
-65.1655
-65.1613
-65.1572
-65.1532
-65.1493
-65.1456
-65.1419
-65.1384
-65.1349
-65.1315
-65.1283
-65.1251
-65.122
-65.119
-65.1161
-65.1132
-65.1104
-65.1077
-65.1051
-65.1026
-65.1001
-65.0977
-65.0953
-65.0931
-65.0908
-65.0887
-65.0866
-65.0845
-65.0826
-65.0806
-65.0788
-65.0769
-65.0752
-65.0734
-65.0718
-65.0701
-65.0685
-65.067
-65.0655
-65.064
-65.0626
-65.0612
-65.0599
-65.0586
-65.0573
-65.0561
-65.0549
-65.0537
-65.0526
-65.0514
-65.0504
-65.0493
-65.0483
-65.0473
-65.0464
-65.0454
-65.0445
-65.0436
-65.0428
-65.0419
-65.0411
-65.0403
-65.0395
-65.0388
-65.0381
-65.0374
-65.0367
-65.036
-65.0353
-65.0347
-65.0341
-65.0335
-65.0329
-65.0323
-65.0318
-65.0313
-65.0307
-65.0302
-65.0297
-65.0293
-65.0288
-65.0283
-65.0279
-65.0275
-65.027
-65.0266
-65.0262
-65.0259
-65.0255
-65.0251
-65.0248
-65.0244
-65.0241
-65.0238
-65.0234
-65.0231
-65.0228
-65.0225
-65.0223
-65.022
-65.0217
-65.0215
-65.0212
-65.021
-65.0207
-65.0205
-65.0203
-65.02
-65.0198
-65.0196
-65.0194
-65.0192
-65.019
-65.0188
-65.0187
-65.0185
-65.0183
-65.0181
-65.018
-65.0178
-65.0177
-65.0175
-65.0174
-65.0172
-65.0171
-65.017
-65.0168
-65.0167
-65.0166
-65.0165
-65.0163
-65.0162
-65.0161
-65.016
-65.0159
-65.0158
-65.0157
-65.0156
-65.0155
-65.0154
-65.0153
-65.0153
-65.0152
-65.0151
-65.015
-65.0149
-65.0149
-65.0148
-65.0147
-65.0147
-65.0146
-65.0145
-65.0145
-65.0144
-65.0143
-65.0143
-65.0142
-65.0142
-65.0141
-65.0141
-65.014
-65.014
-65.0139
-65.0139
-65.0138
-65.0138
-65.0137
-65.0137
-65.0137
-65.0136
-65.0136
-65.0135
-65.0135
-65.0135
-65.0134
-65.0134
-65.0134
-65.0133
-65.0133
-65.0133
-65.0133
-65.0132
-65.0132
-65.0132
-65.0131
-65.0131
-65.0131
-65.0131
-65.0131
-65.013
-65.013
-65.013
-65.013
-65.0129
-65.0129
-65.0129
-65.0129
-65.0129
-65.0129
-65.0128
-65.0128
-65.0128
-65.0128
-65.0128
-65.0128
-65.0127
-65.0127
-65.0127
-65.0127
-65.0127
-65.0127
-65.0127
-65.0127
-65.0126
-65.0126
-65.0126
-65.0126
-65.0126
-65.0126
-65.0126
-65.0126
-65.0126
-65.0126
-65.0125
-65.0125
-65.0125
-65.0125
-65.0125
-65.0125
-65.0125
-65.0125
-65.0125
-65.0125
-65.0125
-65.0125
-65.0125
-65.0124
-65.0124
-65.0124
-65.0124
-65.0124
-65.0124
-65.0124
-65.0124
-65.0124
-65.0124
-65.0124
-65.0124
-65.0124
-65.0124
-65.0124
-65.0124
-65.0124
-65.0124
-65.0124
-65.0124
-65.0124
-65.0124
-65.0124
-65.0123
-65.0123
-65.0123
-65.0123
-65.0123
-65.0123
-65.0123
-65.0123
-65.0123
-65.0123
-65.0123
-65.0123
-65.0123
-65.0123
-65.0123
-65.0123
-65.0123
-65.0123
-65.0123
-65.0123
-65.0123
-65.0123
-65.0123
-65.0123
-65.0123
-65.0123
-65.0123
-65.0123
-65.0123
-65.0123
-65.0123
-65.0123
-65.0123
-65.0123
-65.0123
-65.0123
-65.0123
-65.0123
-65.0123
-65.0123
-65.0123
-65.0123
-65.0123
-65.0123
-65.0123
-65.0123
-65.0123
-65.0123
-65.0123
-65.0123
-65.0123
-65.0123
-65.0123
-65.0123
-65.0123
-65.0123
-65.0123
-65.0123
-65.0123
-65.0123
-65.0123
-65.0123
-65.0123
-65.0123
-65.0123
-65.0123
-65.0123
-65.0123
-65.0123
-65.0123
-65.0123
-65.0123
-65.0123
-65.0123
-64.8272
-64.6749
-64.5616
-64.4807
-64.4179
-64.3677
-64.3273
-64.2951
-64.2696
-64.2499
-64.2351
-64.2244
-64.2173
-64.2132
-64.2117
-64.2125
-64.2152
-64.2195
-64.2252
-64.2321
-64.2401
-64.2489
-64.2584
-64.2685
-64.2792
-64.2902
-64.3016
-64.3133
-64.3251
-64.3371
-64.3491
-64.3613
-64.3734
-64.3855
-64.2937
-64.0552
-63.8977
-63.7818
-63.7003
-63.6379
-63.5899
-63.5534
-63.5266
-63.5078
-63.4957
-63.4894
-63.488
-63.4906
-63.4968
-63.506
-63.5177
-63.5316
-63.5473
-63.3658
-63.241
-63.0777
-62.3088
-61.6813
-61.0129
-60.266
-59.5745
-58.2988
-57.0623
-55.5118
-54.4196
-53.4735
-52.7485
-52.1732
-51.5201
-50.8452
-50.216
-49.4359
-48.8012
-48.1155
-47.4638
-46.8195
-46.1241
-45.2426
-44.0681
-42.1706
-37.4267
26.151
18.2501
-21.8014
-48.7456
-57.9353
-60.1227
-60.5408
-60.5362
-60.3673
-60.1497
-59.9455
-59.7665
-59.5747
-59.4114
-59.2596
-59.0868
-58.8925
-58.7538
-58.6543
-58.5863
-58.5408
-58.4785
-58.394
-58.3212
-58.2254
-58.0817
-57.977
-57.9053
-57.8075
-57.7122
-57.6581
-57.6013
-57.5205
-57.4796
-57.4652
-57.473
-57.4895
-57.4819
-57.4467
-57.4378
-57.3911
-57.3014
-57.1356
-56.9466
-56.8257
-56.7209
-56.5605
-56.2963
-56.0328
-55.6223
-55.314
-54.9373
-54.4488
-54.0042
-53.4884
-52.9746
-52.465
-51.8784
-51.3395
-50.6221
-49.7632
-48.8425
-47.9566
-47.128
-46.3184
-45.3984
-44.2393
-42.3515
-38.1047
11.5105
23.44
-19.2591
-48.1487
-58.8654
-61.4165
-61.8973
-61.8574
-61.6545
-61.4096
-61.1705
-60.9548
-60.768
-60.6101
-60.4791
-60.372
-60.2862
-60.219
-60.168
-60.1311
-60.1065
-60.0927
-60.0883
-60.0921
-60.1031
-60.1205
-60.1433
-60.171
-60.2029
-60.2383
-60.2769
-60.3181
-60.3616
-60.4071
-60.4542
-60.5026
-60.5523
-60.6028
-60.654
-60.7058
-60.7579
-60.8103
-60.8627
-60.9151
-60.9674
-61.0195
-61.0713
-61.1227
-61.1737
-61.2243
-61.2743
-61.3237
-61.3726
-61.4209
-61.4685
-61.5154
-61.5617
-61.6073
-61.6521
-61.6963
-61.7397
-61.7824
-61.8244
-61.8656
-61.9062
-61.946
-61.9851
-62.0234
-62.0611
-62.098
-62.1343
-62.1699
-62.2048
-62.239
-62.1454
-61.8125
-61.5933
-61.4364
-61.3303
-61.2485
-61.052
-60.8866
-60.7682
-60.6867
-60.593
-60.2847
-59.8401
-59.3806
-58.8793
-58.2548
-57.3612
-56.1271
-55.1129
-53.832
-52.7942
-52.0088
-51.2556
-50.6394
-49.8665
-49.1589
-48.5607
-48.0242
-47.5101
-46.9275
-46.216
-45.4053
-44.3116
-42.602
-38.7992
0.508811
26.8212
-17.7704
-48.3832
-60.238
-63.026
-63.4759
-63.2771
-62.9581
-62.6284
-62.2641
-61.7801
-61.3215
-60.961
-60.6545
-60.3509
-60.0665
-59.813
-59.5843
-59.3436
-59.1152
-58.8925
-58.6598
-58.4529
-58.2984
-58.1421
-58.0303
-57.8716
-57.7224
-57.6212
-57.5349
-57.4586
-57.4169
-57.4
-57.4035
-57.4227
-57.455
-57.4983
-57.551
-57.6116
-57.679
-57.7521
-57.7959
-57.7389
-57.6808
-57.6571
-57.6351
-57.5346
-57.1576
-56.7416
-56.3902
-56.0466
-55.6999
-55.3958
-55.0503
-54.64
-54.2183
-53.8763
-53.5004
-53.0978
-52.6803
-52.3036
-51.9384
-51.5184
-51.0937
-50.5739
-49.9754
-49.3718
-48.7025
-48.0647
-47.4766
-46.8525
-46.0876
-45.1363
-43.8869
-41.8269
-36.2941
33.9715
12.1232
-27.3082
-54.4029
-62.3882
-64.1876
-64.3073
-64.0395
-63.6692
-63.2965
-62.9642
-62.6745
-62.4259
-62.2135
-62.0331
-61.8808
-61.7529
-61.6462
-61.5579
-61.4858
-61.4276
-61.3818
-61.3467
-61.321
-61.3037
-61.2937
-61.29
-61.292
-61.299
-61.3103
-61.3254
-61.3439
-61.3653
-61.3892
-61.4153
-61.4433
-61.473
-61.5041
-61.5363
-61.5695
-61.6036
-61.6384
-61.6736
-61.7093
-61.7453
-61.7814
-61.8177
-61.8539
-61.8901
-61.9262
-61.9621
-61.9978
-62.0332
-62.0683
-62.1031
-62.1375
-62.1715
-62.2051
-62.2383
-62.271
-62.3033
-62.3351
-62.3665
-62.3973
-62.4277
-62.4576
-62.487
-62.5159
-62.5444
-62.5723
-62.5998
-62.6268
-62.6533
-62.6794
-62.705
-62.7301
-62.7548
-62.779
-62.8028
-62.8262
-62.8491
-62.8716
-62.8937
-62.9154
-62.9367
-62.9576
-62.9781
-62.9983
-63.0181
-63.0375
-63.0565
-63.0717
-62.7188
-62.0613
-61.5754
-61.1324
-60.7426
-60.4173
-60.1722
-59.7473
-59.3846
-59.0464
-58.5375
-58.1529
-57.8653
-57.396
-55.764
-54.2061
-53.0781
-52.2612
-51.634
-50.9857
-50.4626
-49.8973
-49.3873
-48.8839
-48.3586
-47.8531
-47.3659
-46.8649
-46.287
-45.5949
-44.6112
-42.979
-39.7193
-18.9832
34.3196
-12.9838
-46.08
-60.9181
-64.4254
-64.9883
-64.7767
-64.3826
-63.9877
-63.5008
-62.7478
-62.145
-61.6311
-61.2346
-60.9125
-60.607
-60.3197
-60.0933
-59.913
-59.7479
-59.5664
-59.3768
-59.2001
-59.0575
-58.9563
-58.8412
-58.7573
-58.7015
-58.6694
-58.6154
-58.5436
-58.4996
-58.4809
-58.4821
-58.4975
-58.5242
-58.5604
-58.6044
-58.6552
-58.7116
-58.7728
-58.8381
-58.9068
-58.939
-58.8048
-58.695
-58.551
-58.4154
-58.335
-58.2923
-58.2768
-58.2429
-58.2189
-58.2193
-58.1983
-58.091
-57.9812
-57.8775
-57.7833
-57.7033
-57.5839
-57.4737
-57.1976
-56.858
-56.41
-55.8957
-55.3212
-54.8317
-54.281
-53.5805
-52.8125
-52.0631
-51.0401
-50.2053
-49.4807
-48.8812
-48.3148
-47.7619
-47.2212
-46.5478

