-70
-70.0758
-70.1508
-70.225
-70.2983
-70.3706
-70.4419
-70.5122
-70.5814
-70.6496
-70.7168
-70.7829
-70.848
-70.9121
-70.9752
-71.0373
-71.0984
-71.1586
-71.2178
-71.2761
-71.3334
-71.3899
-71.4455
-71.5003
-71.5543
-71.6074
-71.6598
-71.7114
-71.7623
-71.8124
-71.8619
-71.9106
-71.9587
-72.006
-72.0527
-72.0988
-72.1442
-72.1889
-72.2331
-72.2766
-72.3196
-72.362
-72.4038
-72.445
-72.4857
-72.5258
-72.5654
-72.6045
-72.6431
-72.6812
-72.7188
-72.756
-72.7927
-72.8289
-72.8647
-72.9
-72.9349
-72.9694
-73.0035
-73.0371
-73.0704
-73.1032
-73.1357
-73.1678
-73.1994
-73.2307
-73.2617
-73.2922
-73.3224
-73.3523
-73.3817
-73.4109
-73.4397
-73.4682
-73.4963
-73.5241
-73.5516
-73.5788
-73.6057
-73.6323
-73.6585
-73.6845
-73.7102
-73.7356
-73.7608
-73.7857
-73.8103
-73.8346
-73.8587
-73.8825
-73.9061
-73.9294
-73.9524
-73.9753
-73.9979
-74.0202
-74.0423
-74.0642
-74.0859
-74.1073
-74.1285
-74.1495
-74.1703
-74.1909
-74.2112
-74.2313
-74.2513
-74.271
-74.2905
-74.3098
-74.329
-74.3479
-74.3666
-74.3852
-74.4036
-74.4217
-74.4397
-74.4575
-74.4752
-74.4926
-74.5099
-74.527
-74.544
-74.5607
-74.5774
-74.5938
-74.6101
-74.6262
-74.6422
-74.658
-74.6736
-74.6891
-74.7045
-74.7197
-74.7347
-74.7496
-74.7644
-74.779
-74.7935
-74.8079
-74.8221
-74.8362
-74.8501
-74.864
-74.8777
-74.8913
-74.9047
-74.918
-74.9313
-74.9443
-74.9573
-74.9701
-74.9829
-74.9955
-75.008
-75.0204
-75.0327
-75.0448
-75.0569
-75.0688
-75.0806
-75.0924
-75.104
-75.1155
-75.1269
-75.1382
-75.1495
-75.1606
-75.1716
-75.1825
-75.1933
-75.204
-75.2147
-75.2252
-75.2356
-75.246
-75.2562
-75.2664
-75.2764
-75.2864
-75.2963
-75.3061
-75.3158
-75.3255
-75.335
-75.3445
-75.3538
-75.3631
-75.3724
-75.3815
-75.3906
-75.3995
-75.4084
-75.4172
-75.426
-75.4346
-75.4432
-75.4518
-75.4602
-75.4686
-75.4769
-75.4851
-75.4932
-75.5013
-75.5093
-75.5173
-75.5251
-75.533
-75.5407
-75.5484
-75.556
-75.5635
-75.571
-75.5784
-75.5858
-75.593
-75.6003
-75.6074
-75.6145
-75.6216
-75.6285
-75.6355
-75.6423
-75.6491
-75.6559
-75.6626
-75.6692
-75.6758
-75.6823
-75.6888
-75.6952
-75.7015
-75.7078
-75.7141
-75.7203
-75.7264
-75.7325
-75.7386
-75.7446
-75.7505
-75.7564
-75.7622
-75.768
-75.7738
-75.7795
-75.7851
-75.7907
-75.7963
-75.8018
-75.8072
-75.8127
-75.818
-75.8234
-75.8287
-75.8339
-75.8391
-75.8443
-75.8494
-75.8545
-75.8595
-75.8645
-75.8695
-75.8744
-75.8793
-75.8841
-75.8889
-75.8937
-75.8984
-75.9031
-75.9077
-75.9123
-75.9169
-75.9214
-75.9259
-75.9304
-75.9348
-75.9392
-75.9436
-75.9479
-75.9522
-75.9565
-75.9607
-75.9649
-75.969
-75.9731
-75.9772
-75.9813
-75.9853
-75.9893
-75.9933
-75.9972
-76.0011
-76.005
-76.0088
-76.0126
-76.0164
-76.0201
-76.0239
-76.0275
-76.0312
-76.0348
-76.0384
-76.042
-76.0456
-76.0491
-76.0526
-76.056
-76.0595
-76.0629
-76.0663
-76.0696
-76.0729
-76.0762
-76.0795
-76.0828
-76.086
-76.0892
-76.0924
-76.0955
-76.0986
-76.1017
-76.1048
-76.1079
-76.1109
-76.1139
-76.1169
-76.1198
-76.1228
-76.1257
-76.1286
-76.1314
-76.1343
-76.1371
-76.1399
-76.1427
-76.1455
-76.1482
-76.1509
-76.1536
-76.1563
-76.1589
-76.1615
-76.1642
-76.1667
-76.1693
-76.1719
-76.1744
-76.1769
-76.1794
-76.1819
-76.1843
-76.1868
-76.1892
-76.1916
-76.1939
-76.1963
-76.1986
-76.201
-76.2033
-76.2056
-76.2078
-76.2101
-76.2123
-76.2145
-76.2167
-76.2189
-76.2211
-76.2232
-76.2254
-76.2275
-76.2296
-76.2317
-76.2337
-76.2358
-76.2378
-76.2398
-76.2418
-76.2438
-76.2458
-76.2478
-76.2497
-76.2516
-76.2536
-76.2554
-76.2573
-76.2592
-76.2611
-76.2629
-76.2647
-76.2665
-76.2683
-76.2701
-76.2719
-76.2737
-76.2754
-76.2771
-76.2788
-76.2806
-76.2822
-76.2839
-76.2856
-76.2872
-76.2889
-76.2905
-76.2921
-76.2937
-76.2953
-76.2969
-76.2985
-76.3
-76.3016
-76.3031
-76.3046
-76.3061
-76.3076
-76.3091
-76.3106
-76.312
-76.3135
-76.3149
-76.3164
-76.3178
-76.3192
-76.3206
-76.322
-76.3233
-76.3247
-76.3261
-76.3274
-76.3287
-76.33
-76.3314
-76.3327
-76.334
-76.3352
-76.3365
-76.3378
-76.339
-76.3403
-76.3415
-76.3427
-76.3439
-76.3452
-76.3464
-76.3475
-76.3487
-76.3499
-76.351
-76.3522
-76.3533
-76.3545
-76.3556
-76.3567
-76.3578
-76.3589
-76.36
-76.3611
-76.3622
-76.3632
-76.3643
-76.3654
-76.3664
-76.3674
-76.3685
-76.3695
-76.3705
-76.3715
-76.3725
-76.3735
-76.3745
-76.3754
-76.3764
-76.3774
-76.3783
-76.3793
-76.3802
-76.3811
-76.382
-76.383
-76.3839
-76.3848
-76.3857
-76.3866
-76.3874
-76.3883
-76.3892
-76.39
-76.3909
-76.3917
-76.3926
-76.3934
-76.3943
-76.3951
-76.3959
-76.3967
-76.3975
-76.3983
-76.3991
-76.3999
-76.4007
-76.4014
-76.4022
-75.9782
-71.7854
-68.0015
-65.1526
-62.9424
-61.119
-59.4235
-57.4436
-53.6142
46.3418
-5.06449
-36.4119
-78.3973
-79.7416
-79.7278
-79.053
-77.9079
-77.4784
-77.1845
-76.8943
-76.5937
-76.2823
-75.9624
-75.3937
-72.8836
-70.8652
-69.4832
-68.4515
-67.6318
-66.9533
-66.3775
-65.8819
-65.4522
-65.0796
-64.7569
-64.4791
-64.2427
-64.5818
-65.6079
-66.4489
-65.1532
-63.3189
-61.9854
-61.1228
-61.757
-62.4805
-63.0383
-63.5203
-65.654
-67.6321
-68.861
-69.6419
-70.159
-70.8104
-71.5068
-71.9739
-72.2888
-72.5091
-72.6687
-72.7881
-72.8802
-72.9535
-73.0134
-73.0638
-73.1073
-73.1457
-73.1804
-73.2123
-73.2421
-73.2704
-73.2976
-73.3239
-73.3496
-73.3748
-73.3997
-73.4243
-73.4488
-73.4731
-73.4973
-73.5214
-70.5629
-66.9408
-64.1995
-62.0818
-60.3131
-58.5988
-56.3987
-50.672
34.2409
-16.2464
-51.2294
-78.8894
-78.7873
-78.6144
-78.4493
-78.2704
-78.0773
-77.8705
-77.651
-77.4202
-76.909
-74.3726
-72.4865
-71.2583
-70.3493
-69.6701
-69.5801
-69.5143
-69.3945
-69.2515
-69.1025
-68.9575
-68.8221
-69.1909
-70.2062
-71.0254
-71.5669
-71.9345
-72.4512
-72.9129
-73.4161
-73.8211
-74.0857
-74.2635
-74.5059
-74.7174
-74.8587
-74.9893
-75.1395
-75.243
-75.3133
-75.3628
-75.3989
-75.4262
-75.4474
-75.4644
-75.4785
-75.4904
-75.5008
-75.5101
-75.5186
-75.5264
-75.5338
-75.5408
-75.5477
-75.5543
-75.5608
-75.5672
-75.5736
-75.5799
-75.5862
-75.5924
-75.5987
-75.6049
-75.6112
-75.6175
-75.6237
-75.63
-75.6362
-75.6425
-75.6487
-75.655
-75.6612
-75.6674
-75.6736
-75.6798
-75.686
-75.6921
-75.6982
-75.7043
-75.7104
-75.7164
-75.7224
-75.7284
-75.7343
-75.7402
-75.7461
-75.7519
-75.7577
-75.7634
-75.7691
-75.7748
-75.7804
-75.786
-75.7916
-75.7971
-75.8025
-75.808
-73.4331
-69.2982
-66.0882
-63.6386
-61.676
-59.9433
-58.1011
-55.235
-32.0968
9.80477
-27.475
-73.5044
-79.0453
-78.9837
-78.8604
-78.7241
-78.5755
-78.4149
-78.2426
-76.9742
-75.0664
-73.9539
-73.2029
-72.5944
-72.0547
-71.5569
-71.0912
-70.7761
-68.9826
-67.1964
-65.9788
-65.1193
-64.4853
-64.0022
-63.6251
-63.3264
-63.0893
-62.902
-62.8718
-63.9258
-64.3708
-63.0415
-62.3556
-62.747
-63.1113
-63.3856
-63.6014
-63.7795
-63.9334
-64.0718
-64.2003
-64.3225
-64.4409
-64.5574
-64.6734
-65.6716
-66.7153
-67.5164
-68.1356
-68.9992
-69.9938
-70.7308
-71.2742
-71.6844
-72.0005
-72.2489
-72.4477
-72.6094
-72.743
-72.8551
-72.9505
-73.0328
-73.1047
-73.1682
-73.2251
-73.2765
-73.3235
-73.3668
-73.4071
-73.4448
-73.4804
-73.5143
-70.5636
-66.9507
-64.2204
-62.117
-60.3713
-58.7047
-56.6442
-52.0015
41.2204
-12.2719
-44.5226
-78.4604
-78.9342
-78.8142
-78.6724
-78.5173
-78.3493
-78.1689
-77.9769
-77.7743
-76.3239
-73.9443
-72.432
-71.5622
-71.1141
-70.7302
-70.3757
-70.0483
-69.7474
-69.7462
-70.0709
-70.2856
-70.4113
-70.4841
-70.5253
-70.7629
-71.2235
-71.5689
-71.8187
-72.0044
-72.1461
-72.257
-72.7816
-73.3987
-73.8188
-74.1048
-74.3061
-74.4521
-74.5609
-74.6441
-74.7091
-74.7611
-74.8036
-74.8389
-74.8689
-74.8948
-74.9176
-74.938
-74.9564
-74.9733
-74.989
-75.0037
-75.0177
-75.0311
-75.0439
-75.0564
-75.0685
-75.0803
-75.0919
-75.1033
-75.1145
-75.1256
-75.1365
-75.1473
-75.1581
-75.1687
-75.1793
-75.1898
-75.2002
-75.2105
-75.2207
-75.2309
-75.241
-75.2511
-75.261
-75.2709
-75.2808
-75.2905
-75.3002
-75.3098
-75.3194
-75.3289
-75.3383
-75.3476
-75.3569
-75.366
-75.3751
-75.3842
-75.3932
-75.4021
-75.4109
-75.4196
-75.4283
-75.4369
-75.4455
-75.4539
-75.4623
-75.4707
-75.4789
-75.4871
-75.4952
-75.5033
-75.5112
-75.5192
-75.527
-75.5348
-75.5425
-72.3311
-68.3824
-65.3768
-63.0634
-61.1747
-59.4417
-57.4505
-53.689
46.1208
-4.48765
-35.9371
-77.9347
-78.9006
-78.7448
-78.5932
-78.4282
-78.2493
-78.0567
-77.8513
-77.6341
-76.4994
-74.2245
-72.7594
-71.7755
-71.0148
-70.3755
-69.8133
-69.3081
-68.8502
-68.0603
-65.5893
-64.2403
-63.6706
-63.2709
-62.9712
-62.7418
-62.5645
-62.4286
-62.3273
-62.2557
-62.9312
-64.1859
-65.3563
-66.9976
-68.5709
-70.0299
-71.0177
-72.0239
-72.7297
-73.1867
-73.4935
-73.7068
-73.86
-73.9734
-74.0597
-74.127
-74.1809
-74.2252
-74.2623
-74.2942
-74.3221
-74.3471
-74.3697
-74.3907
-74.4103
-74.4288
-74.4465
-74.4637
-74.4803
-74.4965
-74.5125
-74.5282
-74.5437
-74.559
-74.5742
-74.5894
-74.6044
-74.6193
-74.6342
-74.6489
-74.6636
-74.6783
-74.6928
-74.7073
-74.7217
-74.7361
-74.7503
-74.3624
-70.4094
-66.8457
-64.1602
-62.0551
-60.2622
-58.4675
-55.9946
-47.0391
22.7152
-21.5013
-63.4486
-78.9317
-78.8058
-78.6577
-78.4983
-78.3249
-78.1377
-77.9372
-77.7243
-77.4015
-75.0783
-73.3088
-72.1929

