-70
-70.0758
-70.1508
-70.225
-70.2983
-70.3706
-70.4419
-70.5122
-70.5814
-70.6496
-70.7168
-70.7829
-70.848
-70.9121
-70.9752
-71.0373
-71.0984
-71.1586
-71.2178
-71.2761
-71.3334
-71.3899
-71.4455
-71.5003
-71.5543
-71.6074
-71.6598
-71.7114
-71.7623
-71.8124
-71.8619
-71.9106
-71.9587
-72.006
-72.0527
-72.0988
-72.1442
-72.1889
-72.2331
-72.2766
-72.3196
-72.362
-72.4038
-72.445
-72.4857
-72.5258
-72.5654
-72.6045
-72.6431
-72.6812
-72.7188
-72.756
-72.7927
-72.8289
-72.8647
-72.9
-72.9349
-72.9694
-73.0035
-73.0371
-73.0704
-73.1032
-73.1357
-73.1678
-73.1994
-73.2307
-73.2617
-73.2922
-73.3224
-73.3523
-73.3817
-73.4109
-73.4397
-73.4682
-73.4963
-73.5241
-73.5516
-73.5788
-73.6057
-73.6323
-73.6585
-73.6845
-73.7102
-73.7356
-73.7608
-73.7857
-73.8103
-73.8346
-73.8587
-73.8825
-73.9061
-73.9294
-73.9524
-73.9753
-73.9979
-74.0202
-74.0423
-74.0642
-74.0859
-74.1073
-74.1285
-74.1495
-74.1703
-74.1909
-74.2112
-74.2313
-74.2513
-74.271
-74.2905
-74.3098
-74.329
-74.3479
-74.3666
-74.3852
-74.4036
-74.4217
-74.4397
-74.4575
-74.4752
-74.4926
-74.5099
-74.527
-74.544
-74.5607
-74.5774
-74.5938
-74.6101
-74.6262
-74.6422
-74.658
-74.6736
-74.6891
-74.7045
-74.7197
-74.7347
-74.7496
-74.7644
-74.779
-74.7935
-74.8079
-74.8221
-74.8362
-74.8501
-74.864
-74.8777
-74.8913
-74.9047
-74.918
-74.9313
-74.9443
-74.9573
-74.9701
-74.9829
-74.9955
-75.008
-75.0204
-75.0327
-75.0448
-75.0569
-75.0688
-75.0806
-75.0924
-75.104
-75.1155
-75.1269
-75.1382
-75.1495
-75.1606
-75.1716
-75.1825
-75.1933
-75.204
-75.2147
-75.2252
-75.2356
-75.246
-75.2562
-75.2664
-75.2764
-75.2864
-75.2963
-75.3061
-75.3158
-75.3255
-75.335
-75.3445
-75.3538
-75.3631
-75.3724
-75.3815
-75.3906
-75.3995
-75.4084
-75.4172
-75.426
-75.4346
-75.4432
-75.4518
-75.4602
-75.4686
-75.4769
-75.4851
-75.4932
-75.5013
-75.5093
-75.5173
-75.5251
-75.533
-75.5407
-75.5484
-75.556
-75.5635
-75.571
-75.5784
-75.5858
-75.593
-75.6003
-75.6074
-75.6145
-75.6216
-75.6285
-75.6355
-75.6423
-75.6491
-75.6559
-75.6626
-75.6692
-75.6758
-75.6823
-75.6888
-75.6952
-75.7015
-75.7078
-75.7141
-75.7203
-75.7264
-75.7325
-75.7386
-75.7446
-75.7505
-75.7564
-75.7622
-75.768
-75.7738
-75.7795
-75.7851
-75.7907
-75.7963
-75.8018
-75.8072
-75.8127
-75.818
-75.8234
-75.8287
-75.8339
-75.8391
-75.8443
-75.8494
-75.8545
-75.8595
-75.8645
-75.8695
-75.8744
-75.8793
-75.8841
-75.8889
-75.8937
-75.8984
-75.9031
-75.9077
-75.9123
-75.9169
-75.9214
-75.9259
-75.9304
-75.9348
-75.9392
-75.9436
-75.9479
-75.9522
-75.9565
-75.9607
-75.9649
-75.969
-75.9731
-75.9772
-75.9813
-75.9853
-75.9893
-75.9933
-75.9972
-76.0011
-76.005
-76.0088
-76.0126
-76.0164
-76.0201
-76.0239
-76.0275
-76.0312
-76.0348
-76.0384
-76.042
-76.0456
-76.0491
-76.0526
-76.056
-76.0595
-76.0629
-76.0663
-76.0696
-76.0729
-76.0762
-76.0795
-76.0828
-76.086
-76.0892
-76.0924
-76.0955
-76.0986
-76.1017
-76.1048
-76.1079
-76.1109
-76.1139
-76.1169
-76.1198
-76.1228
-76.1257
-76.1286
-76.1314
-76.1343
-76.1371
-76.1399
-76.1427
-76.1455
-76.1482
-76.1509
-76.1536
-76.1563
-76.1589
-76.1615
-76.1642
-76.1667
-76.1693
-76.1719
-76.1744
-76.1769
-76.1794
-76.1819
-76.1843
-76.1868
-76.1892
-76.1916
-76.1939
-76.1963
-76.1986
-76.201
-76.2033
-76.2056
-76.2078
-76.2101
-76.2123
-76.2145
-76.2167
-76.2189
-76.2211
-76.2232
-76.2254
-76.2275
-76.2296
-76.2317
-76.2337
-76.2358
-76.2378
-76.2398
-76.2418
-76.2438
-76.2458
-76.2478
-76.2497
-76.2516
-76.2536
-76.2554
-76.2573
-76.2592
-76.2611
-76.2629
-76.2647
-76.2665
-76.2683
-76.2701
-76.2719
-76.2737
-76.2754
-76.2771
-76.2788
-76.2806
-76.2822
-76.2839
-76.2856
-76.2872
-76.2889
-76.2905
-76.2921
-76.2937
-76.2953
-76.2969
-76.2985
-76.3
-76.3016
-76.3031
-76.3046
-76.3061
-76.3076
-76.3091
-76.3106
-76.312
-76.3135
-76.3149
-76.3164
-76.3178
-76.3192
-76.3206
-76.322
-76.3233
-76.3247
-76.3261
-76.3274
-76.3287
-76.33
-76.3314
-76.3327
-76.334
-76.3352
-76.3365
-76.3378
-76.339
-76.3403
-76.3415
-76.3427
-76.3439
-76.3452
-76.3464
-76.3475
-76.3487
-76.3499
-76.351
-76.3522
-76.3533
-76.3545
-76.3556
-76.3567
-76.3578
-76.3589
-76.36
-76.3611
-76.3622
-76.3632
-76.3643
-76.3654
-76.3664
-76.3674
-76.3685
-76.3695
-76.3705
-76.3715
-76.3725
-76.3735
-76.3745
-76.3754
-76.3764
-76.3774
-76.3783
-76.3793
-76.3802
-76.3811
-76.382
-76.383
-76.3839
-76.3848
-76.3857
-76.3866
-76.3874
-76.3883
-76.3892
-76.39
-76.3909
-76.3917
-76.3926
-76.3934
-76.3943
-76.3951
-76.3959
-76.3967
-76.3975
-76.3983
-76.3991
-76.3999
-76.4007
-76.4014
-76.4022
-76.403
-76.4037
-76.4045
-76.4052
-76.406
-75.2607
-70.9439
-67.3697
-64.6701
-62.5566
-60.7809
-59.0723
-56.9387
-51.9103
39.4016
-12.6824
-45.0732
-78.6373
-78.9118
-78.783
-78.6368
-78.4771
-78.304
-78.1179
-77.9195
-77.6101
-75.321
-73.6179
-72.559
-71.7767
-71.1299
-70.5619
-70.0487
-69.5796
-69.1497
-68.7569
-68.4
-68.0781
-67.7905
-67.5364
-67.3146
-67.1238
-66.9623
-65.0595
-63.3817
-62.5053
-61.8956
-61.497
-62.4656
-63.4698
-65.0209
-67.4102
-68.896
-69.7865
-70.3464
-70.8982
-71.5883
-72.2981
-72.8772
-73.2338
-73.4599
-73.6098
-73.7136
-73.7883
-73.8442
-73.8877
-73.9227
-73.9519
-73.977
-73.9993
-74.0195
-74.0384
-74.0563
-74.0735
-74.0902
-74.1067
-74.123
-74.1393
-74.1555
-74.1717
-70.756
-67.1783
-64.511
-62.4704
-60.7996
-59.2556
-57.4901
-54.4129
2.09755
2.48676
-31.2613
-76.2652
-78.8917
-78.7348
-78.5822
-78.416
-78.2358
-78.042
-77.8352
-77.6166
-76.9223
-74.5141
-72.8516
-71.7711
-70.9575
-70.2861
-69.703
-69.1835
-68.7151
-68.2919
-67.9102
-67.5678
-67.2631
-67.3631
-67.9436
-68.4076
-68.7556
-69.0227
-69.7001
-70.4173
-71.1145
-72.2043
-73.0376
-73.731
-74.3986
-74.8122
-75.0501
-75.2272
-75.379
-75.5123
-75.5941
-75.6425
-75.6729
-75.6928
-75.7067
-75.7169
-75.7246
-75.7309
-75.7362
-75.7409
-75.7452
-75.7492
-75.753
-75.7568
-75.7606
-75.7643
-75.7681
-75.772
-75.7758
-75.7798
-75.7838
-75.7879
-75.792
-75.7963
-75.8005
-75.8049
-75.8092
-75.8137
-75.8181
-75.8226
-75.8272
-75.8317
-75.8363
-75.8409
-75.8456
-75.8502
-75.8548
-75.8595
-75.8641
-75.8688
-75.8734
-75.878
-75.8826
-75.8872
-75.8918
-75.8964
-75.9009
-75.9054
-75.9099
-75.9144
-75.9189
-72.6641
-68.6643
-65.6215
-63.2845
-61.3888
-59.6755
-57.7741
-54.5133
21.4238
1.84116
-31.5592
-76.8572
-79.724
-79.7255
-79.2347
-77.9923
-77.5254
-77.2304
-76.9425
-76.6444
-76.3352
-76.0172
-75.6932
-74.6857
-72.0068
-70.0008
-68.5939
-67.5331
-66.6911
-65.9991
-65.4172
-64.9214
-63.8642
-61.6945
-59.7964
-57.9839
-55.5746
-47.6523
23.3213
-21.6877
-62.9338
-79.4138
-79.0089
-78.3084
-78.0088
-77.7832
-77.552
-77.3089
-77.0545
-76.7673
-76.4629
-76.1875
-75.9271
-75.69
-75.4803
-75.2862
-75.1053
-74.9372
-74.7816
-74.703
-74.688
-74.7495
-74.8158
-74.8505
-74.8663
-74.8715
-74.871
-74.8676
-74.863
-74.8583
-74.8539
-74.8504
-74.8478
-74.8463
-74.8459
-74.8466
-74.8484
-74.8511
-74.8548
-73.3964
-69.4067
-66.2588
-63.9567
-63.2326
-62.9728
-62.8052
-62.6983
-62.6367
-62.6104
-62.6126
-62.6384
-62.6843
-62.7477
-61.4919
-59.4865
-57.5071
-54.6091
-32.3875
7.18087
-28.83
-74.3225
-79.4859
-79.4988
-78.647
-77.8313
-77.4858
-77.2061
-76.9217
-76.6257
-76.319
-76.0039
-75.6837
-75.3617
-75.0413
-74.726
-71.887
-69.0836
-67.0793
-65.5947
-64.4481
-63.53
-62.7702
-62.1209
-62.502
-63.2703
-63.8924
-64.3862
-64.7834
-65.109
-65.3817
-65.6145
-66.2267
-67.7491
-69.281
-70.3503
-71.101
-71.6429
-72.0441
-72.3481
-72.5834
-72.7692
-72.9185
-73.0406
-73.1422
-73.2279
-73.3014
-73.3652
-73.4215
-73.4717
-73.517
-73.5583
-73.5964
-73.6319
-73.6652
-73.6967
-73.7267
-73.7554
-73.783
-73.8098
-73.8358
-73.861
-73.8857
-73.9099
-73.9337
-73.957
-73.9799
-74.0026
-74.0249
-74.0469
-74.0686
-74.0901
-74.1114
-74.1324
-74.1532
-74.1737
-74.1941
-74.2143
-74.2342
-74.254
-74.2735
-74.2929
-74.3121
-74.331
-74.3498
-74.3685
-74.3869
-74.4052
-74.4232
-74.4412
-74.4589
-74.4765
-74.4938
-74.5111
-74.5281
-74.545
-74.5617
-74.5783
-74.5947
-74.611
-74.627
-74.643
-74.6588
-74.6744
-74.6899
-74.7052
-74.7204
-74.7354
-71.1948
-67.4373
-64.5916
-62.3805
-60.5295
-58.7326
-56.3958
-49.6581
30.0953
-18.0778
-55.3825
-79.0842
-78.7998
-78.6096
-78.4431
-78.2634
-78.0693
-77.8614
-77.6406
-77.4084
-76.6955
-74.2035
-72.4424
-71.2845
-70.4162
-69.7078
-69.1007
-68.5664
-68.0904
-67.589
-65.2971
-63.1116
-61.4215
-59.9958
-58.613
-56.9427
-53.8589
9.53763
-0.5473
-34.0446
-77.61
-79.4004
-79.3489
-79.2749
-78.8928
-77.195
-76.4528
-76.0985
-75.8034
-75.5196
-75.241
-74.9682
-74.703
-74.4473
-74.2029
-73.9712
-73.7534
-73.5504
-73.3626
-73.1903
-73.0335
-72.892
-72.7654
-72.6531
-72.5545
-72.4688
-72.3951
-72.3328
-72.281
-72.2388
-72.2054
-72.18
-72.162
-72.1506
-72.1451
-72.1449
-72.1495
-72.1583
-72.1709
-72.1868
-72.2055
-72.2269
-72.2504
-72.2758
-72.3029
-72.3315
-72.3612
-72.3919
-72.4235
-72.4558
-72.4887
-72.522
-70.4313
-66.7705
-63.9232
-61.7086
-59.8193
-57.8775
-54.9261
-30.0773
7.82221
-28.4093
-74.1279
-78.941
-78.8671
-78.7311
-78.5808
-78.4175
-78.2414
-78.053

