-70
-69.8623
-69.7285
-69.5983
-69.4718
-69.3487
-69.2291
-69.1128
-68.9997
-68.8897
-68.7828
-68.6789
-68.5778
-68.4795
-68.3839
-68.291
-68.2007
-68.1128
-68.0274
-67.9443
-67.8636
-67.7851
-67.7087
-67.6345
-67.5623
-67.4921
-67.4238
-67.3574
-67.2929
-67.2301
-67.1691
-67.1098
-67.0521
-66.996
-66.9414
-66.8884
-66.8368
-66.7866
-66.7378
-66.6904
-66.6443
-66.5994
-66.5558
-66.5133
-66.4721
-66.432
-66.393
-66.355
-66.3181
-66.2823
-66.2474
-66.2134
-66.1805
-66.1484
-66.1172
-66.0868
-66.0573
-66.0286
-66.0007
-65.9736
-65.9472
-65.9215
-65.8966
-65.8723
-65.8487
-65.8257
-65.8034
-65.7817
-65.7606
-65.74
-65.72
-65.7006
-65.6817
-65.6633
-65.6455
-65.6281
-65.6112
-65.5948
-65.5788
-65.5632
-65.5481
-65.5334
-65.5191
-65.5052
-65.4917
-65.4785
-65.4657
-65.4533
-65.4412
-65.4294
-65.418
-65.4068
-65.396
-65.3855
-65.3752
-65.3653
-65.3556
-65.3462
-65.337
-65.3281
-65.3194
-65.311
-65.3028
-65.2948
-65.2871
-65.2795
-65.2722
-65.2651
-65.2581
-65.2514
-65.2448
-65.2385
-65.2322
-65.2262
-65.2203
-65.2146
-65.2091
-65.2037
-65.1984
-65.1933
-65.1884
-65.1835
-65.1788
-65.1743
-65.1698
-65.1655
-65.1613
-65.1572
-65.1532
-65.1493
-65.1456
-65.1419
-65.1384
-65.1349
-65.1315
-65.1283
-65.1251
-65.122
-65.119
-65.1161
-65.1132
-65.1104
-65.1077
-65.1051
-65.1026
-65.1001
-65.0977
-65.0953
-65.0931
-65.0908
-65.0887
-65.0866
-65.0845
-65.0826
-65.0806
-65.0788
-65.0769
-65.0752
-65.0734
-65.0718
-65.0701
-65.0685
-65.067
-65.0655
-65.064
-65.0626
-65.0612
-65.0599
-65.0586
-65.0573
-65.0561
-65.0549
-65.0537
-65.0526
-65.0514
-65.0504
-65.0493
-65.0483
-65.0473
-65.0464
-65.0454
-65.0445
-65.0436
-65.0428
-65.0419
-65.0411
-65.0403
-65.0395
-65.0388
-65.0381
-65.0374
-65.0367
-65.036
-65.0353
-65.0347
-65.0341
-65.0335
-65.0329
-65.0323
-65.0318
-65.0313
-65.0307
-65.0302
-65.0297
-65.0293
-65.0288
-65.0283
-65.0279
-65.0275
-65.027
-65.0266
-65.0262
-65.0259
-65.0255
-65.0251
-65.0248
-65.0244
-65.0241
-65.0238
-65.0234
-65.0231
-65.0228
-65.0225
-65.0223
-65.022
-65.0217
-65.0215
-65.0212
-65.021
-65.0207
-65.0205
-65.0203
-65.02
-65.0198
-65.0196
-65.0194
-65.0192
-65.019
-65.0188
-65.0187
-65.0185
-65.0183
-65.0181
-65.018
-65.0178
-65.0177
-65.0175
-65.0174
-65.0172
-65.0171
-65.017
-65.0168
-65.0167
-65.0166
-65.0165
-65.0163
-65.0162
-65.0161
-65.016
-65.0159
-65.0158
-65.0157
-65.0156
-65.0155
-65.0154
-65.0153
-65.0153
-65.0152
-65.0151
-65.015
-65.0149
-65.0149
-65.0148
-65.0147
-65.0147
-65.0146
-65.0145
-65.0145
-65.0144
-65.0143
-65.0143
-65.0142
-65.0142
-65.0141
-65.0141
-65.014
-65.014
-65.0139
-65.0139
-65.0138
-65.0138
-65.0137
-65.0137
-65.0137
-65.0136
-65.0136
-65.0135
-65.0135
-65.0135
-65.0134
-65.0134
-65.0134
-65.0133
-65.0133
-65.0133
-65.0133
-65.0132
-65.0132
-65.0132
-65.0131
-65.0131
-65.0131
-65.0131
-65.0131
-65.013
-65.013
-65.013
-65.013
-65.0129
-65.0129
-65.0129
-65.0129
-65.0129
-65.0129
-65.0128
-65.0128
-65.0128
-65.0128
-65.0128
-65.0128
-65.0127
-65.0127
-65.0127
-65.0127
-65.0127
-65.0127
-65.0127
-65.0127
-65.0126
-65.0126
-65.0126
-65.0126
-65.0126
-65.0126
-65.0126
-65.0126
-65.0126
-65.0126
-65.0125
-65.0125
-65.0125
-65.0125
-65.0125
-65.0125
-65.0125
-65.0125
-65.0125
-65.0125
-65.0125
-65.0125
-65.0125
-65.0124
-65.0124
-65.0124
-65.0124
-65.0124
-65.0124
-65.0124
-65.0124
-65.0124
-65.0124
-65.0124
-65.0124
-65.0124
-65.0124
-65.0124
-65.0124
-65.0124
-65.0124
-65.0124
-65.0124
-65.0124
-65.0124
-65.0124
-65.0123
-65.0123
-65.0123
-65.0123
-65.0123
-65.0123
-65.0123
-65.0123
-65.0123
-65.0123
-65.0123
-65.0123
-65.0123
-65.0123
-65.0123
-65.0123
-65.0123
-65.0123
-65.0123
-65.0123
-65.0123
-65.0123
-65.0123
-65.0123
-65.0123
-65.0123
-65.0123
-65.0123
-65.0123
-65.0123
-65.0123
-65.0123
-65.0123
-65.0123
-65.0123
-65.0123
-65.0123
-65.0123
-65.0123
-65.0123
-65.0123
-65.0123
-65.0123
-65.0123
-65.0123
-65.0123
-65.0123
-65.0123
-65.0123
-65.0123
-65.0123
-65.0123
-65.0123
-65.0123
-65.0123
-65.0123
-65.0123
-65.0123
-65.0123
-65.0123
-65.0123
-65.0123
-65.0123
-65.0123
-65.0123
-65.0123
-65.0123
-65.0123
-65.0123
-65.0123
-65.0123
-65.0123
-65.0123
-65.0123
-64.6429
-64.3402
-64.1155
-63.9555
-63.8313
-63.7321
-63.6525
-63.5889
-63.5388
-63.5
-63.4707
-63.4497
-63.4356
-63.4276
-63.4246
-63.4261
-63.4313
-63.4398
-63.451
-63.4646
-63.4802
-63.4976
-63.5163
-63.5362
-63.5572
-63.5789
-63.6013
-63.6243
-63.6476
-63.6712
-63.695
-63.7189
-63.7428
-63.7667
-63.6619
-63.3758
-63.1899
-63.0554
-62.9633
-62.8946
-62.8436
-62.8067
-62.7816
-62.7662
-62.7591
-62.7588
-62.7645
-62.7751
-62.7899
-62.8083
-62.8296
-62.8535
-62.8795
-62.5147
-62.2224
-61.926
-61.1381
-60.5622
-59.8268
-59.1142
-58.5145
-57.4348
-56.5708
-55.6621
-54.8427
-54.023
-53.4261
-52.9658
-52.4544
-51.9694
-51.5471
-50.7437
-50.1443
-49.446
-48.8357
-48.3038
-47.8148
-47.294
-46.6936
-46.0205
-45.1337
-43.9427
-41.9546
-36.6145
33.548
13.7167
-24.7427
-50.4901
-58.6278
-60.6736
-61.1817
-61.2708
-61.1773
-60.9734
-60.79
-60.6306
-60.4642
-60.3157
-60.2
-60.0699
-59.963
-59.8427
-59.7471
-59.6474
-59.5311
-59.4247
-59.2852
-59.1532
-59.0578
-58.9479
-58.8799
-58.8378
-58.8177
-58.8135
-58.8224
-58.8016
-58.7891
-58.7535
-58.747
-58.7577
-58.7827
-58.7191
-58.6691
-58.5853
-58.4217
-58.3162
-58.2209
-58.1013
-57.8483
-57.6551
-57.4059
-57.0934
-56.6963
-56.187
-55.4759
-54.8181
-54.1482
-53.5556
-52.9856
-52.426
-51.7271
-51.0159
-50.2941
-49.4844
-48.747
-48.0668
-47.4368
-46.8071
-46.085
-45.2413
-44.1155
-42.3036
-37.8955
18.425
20.7727
-21.2002
-49.7468
-59.8074
-62.2605
-62.805
-62.8227
-62.6748
-62.4866
-62.2995
-62.1288
-61.9788
-61.8502
-61.7415
-61.651
-61.5765
-61.5163
-61.4684
-61.4314
-61.4038
-61.3847
-61.3728
-61.3674
-61.3677
-61.3729
-61.3825
-61.3958
-61.4125
-61.4321
-61.4541
-61.4784
-61.5045
-61.5322
-61.5614
-61.5917
-61.6229
-61.655
-61.6878
-61.7211
-61.7548
-61.7887
-61.8229
-61.8573
-61.8916
-61.9259
-61.9601
-61.9942
-62.028
-62.0616
-62.095
-62.128
-62.1607
-62.1931
-62.225
-62.2566
-62.2878
-62.3185
-62.3488
-62.3787
-62.4081
-62.437
-62.4655
-62.4936
-62.5212
-62.5483
-62.575
-62.6013
-62.6271
-62.6524
-62.6773
-62.6821
-62.5892
-62.5335
-62.4966
-62.4761
-62.4482
-62.131
-61.886
-61.708
-61.5694
-61.4235
-61.2231
-60.8983
-60.666
-60.4407
-59.9694
-58.9146
-57.61
-56.4491
-55.2426
-54.273
-53.5507
-52.8985
-52.384
-51.5544
-50.8199
-50.246
-49.7859
-49.396
-49.0151
-48.5767
-48.1807
-47.8018
-47.3598
-46.8789
-46.3071
-45.5492
-44.581
-43.0946
-40.1233
-23.8458
37.2645
-10.2983
-43.1574
-59.2938
-63.3241
-64.198
-64.2521
-64.0564
-63.7947
-63.4889
-63.1565
-62.8351
-62.5298
-62.228
-61.8727
-61.5733
-61.3387
-61.1549
-61.0082
-60.89
-60.7812
-60.6715
-60.5901
-60.5295
-60.4868
-60.458
-60.4409
-60.4339
-60.4354
-60.4444
-60.4599
-60.4809
-60.5068
-60.5369
-60.5705
-60.6072
-60.6465
-60.6881
-60.654
-60.5844
-60.5008
-60.35
-60.0695
-59.6814
-59.2706
-58.9381
-58.6695
-58.2575
-57.8037
-57.4309
-57.0013
-56.5483
-56.1471
-55.852
-55.5808
-55.1445
-54.5484
-53.8973
-53.2127
-52.6478
-52.0323
-51.3843
-50.8109
-50.3254
-49.9407
-49.6215
-49.3364
-49.0065
-48.6738
-48.3228
-48.003
-47.6555
-47.2326
-46.6497
-45.9746
-45.1142
-43.9453
-41.9446
-36.6512
31.718
13.135
-27.1522
-54.6474
-62.8777
-64.8999
-65.3359
-65.3335
-65.1887
-65.0039
-64.8171
-64.6423
-64.4836
-64.3416
-64.2153
-64.1033
-64.0041
-63.9162
-63.8384
-63.7695
-63.7085
-63.6546
-63.6068
-63.5647
-63.5276
-63.4949
-63.4662
-63.4412
-63.4194
-63.4006
-63.3844
-63.3706
-63.359
-63.3493
-63.3414
-63.335
-63.3301
-63.3264
-63.324
-63.3226
-63.3221
-63.3224
-63.3236
-63.3254
-63.3278
-63.3308
-63.3343
-63.3382
-63.3425
-63.3471
-63.3521
-63.3574
-63.3629
-63.3686
-63.3745
-63.3806
-63.3868
-63.3931
-63.3996
-63.4061
-63.4128
-63.4195
-63.4262
-63.433
-63.4399
-63.4468
-63.4537
-63.4606
-63.4675
-63.4744
-63.4813
-63.4882
-63.4951
-63.502
-63.5089
-63.5157
-63.5225
-63.5293
-63.5361
-63.5429
-63.5496
-63.5563
-63.5108
-63.4596
-63.0311
-62.3243
-61.8023
-61.2127
-60.7447
-60.3896
-60.1191
-59.8701
-59.6006
-59.3382
-58.9126
-58.5404
-58.2718
-57.9828
-56.7166
-55.3674
-54.4021
-53.7089
-53.1677
-52.4753
-51.952
-51.3399
-50.8273
-50.3798
-50.0093
-49.7002
-49.4254
-49.1651
-48.9366
-48.7292
-48.3935
-47.7535
-47.1163
-46.3809
-45.5366
-44.4726
-42.8807
-39.6644
-19.3756
34.4194
-13.2112
-46.5086
-61.3797
-64.9677
-65.575
-65.4357
-65.1313
-64.8135
-64.518
-64.253
-63.9804
-63.6959
-63.4552
-63.2549
-63.0874
-62.9453
-62.8101
-62.6723
-62.5607
-62.4685
-62.3908
-62.2806
-62.1505
-62.0537
-61.9797
-61.9239
-61.8809
-61.8483
-61.8246
-61.8086
-61.7991
-61.7953
-61.7964
-61.8017
-61.8108
-61.8231
-61.8382
-61.8006
-61.6698
-61.5895
-61.5076
-61.3874
-61.2967
-61.1838
-61.1095
-61.0585
-61.0265
-61.0079
-60.9913
-60.8377
-60.634
-60.4475
-60.2643
-60.0935
-59.8518
-59.5588
-59.109
-58.6659
-58.137
-57.6332
-57.0675
-56.4511
-55.6785
-54.9368
-54.3429
-53.7892
-53.0918
-52.2963
-51.541
-50.9828
-50.5456
-50.1931
-49.8906
-49.525

