-70
-70.0758
-70.1508
-70.225
-70.2983
-70.3706
-70.4419
-70.5122
-70.5814
-70.6496
-70.7168
-70.7829
-70.848
-70.9121
-70.9752
-71.0373
-71.0984
-71.1586
-71.2178
-71.2761
-71.3334
-71.3899
-71.4455
-71.5003
-71.5543
-71.6074
-71.6598
-71.7114
-71.7623
-71.8124
-71.8619
-71.9106
-71.9587
-72.006
-72.0527
-72.0988
-72.1442
-72.1889
-72.2331
-72.2766
-72.3196
-72.362
-72.4038
-72.445
-72.4857
-72.5258
-72.5654
-72.6045
-72.6431
-72.6812
-72.7188
-72.756
-72.7927
-72.8289
-72.8647
-72.9
-72.9349
-72.9694
-73.0035
-73.0371
-73.0704
-73.1032
-73.1357
-73.1678
-73.1994
-73.2307
-73.2617
-73.2922
-73.3224
-73.3523
-73.3817
-73.4109
-73.4397
-73.4682
-73.4963
-73.5241
-73.5516
-73.5788
-73.6057
-73.6323
-73.6585
-73.6845
-73.7102
-73.7356
-73.7608
-73.7857
-73.8103
-73.8346
-73.8587
-73.8825
-73.9061
-73.9294
-73.9524
-73.9753
-73.9979
-74.0202
-74.0423
-74.0642
-74.0859
-74.1073
-74.1285
-74.1495
-74.1703
-74.1909
-74.2112
-74.2313
-74.2513
-74.271
-74.2905
-74.3098
-74.329
-74.3479
-74.3666
-74.3852
-74.4036
-74.4217
-74.4397
-74.4575
-74.4752
-74.4926
-74.5099
-74.527
-74.544
-74.5607
-74.5774
-74.5938
-74.6101
-74.6262
-74.6422
-74.658
-74.6736
-74.6891
-74.7045
-74.7197
-74.7347
-74.7496
-74.7644
-74.779
-74.7935
-74.8079
-74.8221
-74.8362
-74.8501
-74.864
-74.8777
-74.8913
-74.9047
-74.918
-74.9313
-74.9443
-74.9573
-74.9701
-74.9829
-74.9955
-75.008
-75.0204
-75.0327
-75.0448
-75.0569
-75.0688
-75.0806
-75.0924
-75.104
-75.1155
-75.1269
-75.1382
-75.1495
-75.1606
-75.1716
-75.1825
-75.1933
-75.204
-75.2147
-75.2252
-75.2356
-75.246
-75.2562
-75.2664
-75.2764
-75.2864
-75.2963
-75.3061
-75.3158
-75.3255
-75.335
-75.3445
-75.3538
-75.3631
-75.3724
-75.3815
-75.3906
-75.3995
-75.4084
-75.4172
-75.426
-75.4346
-75.4432
-75.4518
-75.4602
-75.4686
-75.4769
-75.4851
-75.4932
-75.5013
-75.5093
-75.5173
-75.5251
-75.533
-75.5407
-75.5484
-75.556
-75.5635
-75.571
-75.5784
-75.5858
-75.593
-75.6003
-75.6074
-75.6145
-75.6216
-75.6285
-75.6355
-75.6423
-75.6491
-75.6559
-75.6626
-75.6692
-75.6758
-75.6823
-75.6888
-75.6952
-75.7015
-75.7078
-75.7141
-75.7203
-75.7264
-75.7325
-75.7386
-75.7446
-75.7505
-75.7564
-75.7622
-75.768
-75.7738
-75.7795
-75.7851
-75.7907
-75.7963
-75.8018
-75.8072
-75.8127
-75.818
-75.8234
-75.8287
-75.8339
-75.8391
-75.8443
-75.8494
-75.8545
-75.8595
-75.8645
-75.8695
-75.8744
-75.8793
-75.8841
-75.8889
-75.8937
-75.8984
-75.9031
-75.9077
-75.9123
-75.9169
-75.9214
-75.9259
-75.9304
-75.9348
-75.9392
-75.9436
-75.9479
-75.9522
-75.9565
-75.9607
-75.9649
-75.969
-75.9731
-75.9772
-75.9813
-75.9853
-75.9893
-75.9933
-75.9972
-76.0011
-76.005
-76.0088
-76.0126
-76.0164
-76.0201
-76.0239
-76.0275
-76.0312
-76.0348
-76.0384
-76.042
-76.0456
-76.0491
-76.0526
-76.056
-76.0595
-76.0629
-76.0663
-76.0696
-76.0729
-76.0762
-76.0795
-76.0828
-76.086
-76.0892
-76.0924
-76.0955
-76.0986
-76.1017
-76.1048
-76.1079
-76.1109
-76.1139
-76.1169
-76.1198
-76.1228
-76.1257
-76.1286
-76.1314
-76.1343
-76.1371
-76.1399
-76.1427
-76.1455
-76.1482
-76.1509
-76.1536
-76.1563
-76.1589
-76.1615
-76.1642
-76.1667
-76.1693
-76.1719
-76.1744
-76.1769
-76.1794
-76.1819
-76.1843
-76.1868
-76.1892
-76.1916
-76.1939
-76.1963
-76.1986
-76.201
-76.2033
-76.2056
-76.2078
-76.2101
-76.2123
-76.2145
-76.2167
-76.2189
-76.2211
-76.2232
-76.2254
-76.2275
-76.2296
-76.2317
-76.2337
-76.2358
-76.2378
-76.2398
-76.2418
-76.2438
-76.2458
-76.2478
-76.2497
-76.2516
-76.2536
-76.2554
-76.2573
-76.2592
-76.2611
-76.2629
-76.2647
-76.2665
-76.2683
-76.2701
-76.2719
-76.2737
-76.2754
-76.2771
-76.2788
-76.2806
-76.2822
-76.2839
-76.2856
-76.2872
-76.2889
-76.2905
-76.2921
-76.2937
-76.2953
-76.2969
-76.2985
-76.3
-76.3016
-76.3031
-76.3046
-76.3061
-76.3076
-76.3091
-76.3106
-76.312
-76.3135
-76.3149
-76.3164
-76.3178
-76.3192
-76.3206
-76.322
-76.3233
-76.3247
-76.3261
-76.3274
-76.3287
-76.33
-76.3314
-76.3327
-76.334
-76.3352
-76.3365
-76.3378
-76.339
-76.3403
-76.3415
-76.3427
-76.3439
-76.3452
-76.3464
-76.3475
-76.3487
-76.3499
-76.351
-76.3522
-76.3533
-76.3545
-76.3556
-76.3567
-76.3578
-76.3589
-76.36
-76.3611
-76.3622
-76.3632
-76.3643
-76.3654
-76.3664
-76.3674
-76.3685
-76.3695
-76.3705
-76.3715
-76.3725
-76.3735
-76.3745
-76.3754
-76.3764
-76.3774
-76.3783
-76.3793
-76.3802
-76.3811
-76.382
-76.383
-76.3839
-76.3848
-76.3857
-76.3866
-76.3874
-76.3883
-76.3892
-76.39
-76.3909
-76.3917
-76.3926
-76.3934
-76.3943
-76.3951
-76.3959
-76.3967
-76.3975
-76.3983
-76.3991
-76.3999
-76.4007
-76.4014
-76.4022
-76.403
-76.4037
-76.4045
-76.4052
-76.406
-76.4067
-76.4074
-76.4082
-76.4089
-76.4096
-76.4103
-76.411
-76.4117
-76.4124
-76.4131
-76.4137
-76.4144
-76.4151
-76.4158
-76.4164
-76.4171
-76.4177
-76.4184
-76.419
-76.4196
-76.4203
-76.4209
-76.4215
-76.4221
-76.4227
-76.4234
-76.424
-76.4246
-76.4251
-76.4063
-76.3639
-76.3289
-76.3015
-76.2788
-76.237
-76.2013
-76.1751
-76.1556
-76.141
-76.1266
-76.1062
-76.091
-76.0802
-76.0726
-76.0672
-76.0634
-76.0563
-76.0494
-76.0447
-76.0417
-76.0398
-76.0388
-76.0384
-76.0386
-76.0374
-76.0345
-76.0326
-76.0316
-76.0313
-76.0315
-76.0321
-76.0329
-76.0341
-76.0355
-76.037
-76.0387
-76.0406
-76.0426
-76.0447
-76.0469
-76.0492
-76.0516
-76.054
-76.0565
-76.0591
-76.0617
-76.0644
-76.0671
-76.0699
-76.0726
-76.0755
-76.0783
-76.0811
-76.084
-76.0869
-76.0898
-76.0927
-76.0956
-76.0985
-76.1014
-76.1043
-76.1072
-76.1101
-76.1129
-76.1158
-76.1187
-76.1215
-76.1244
-76.1272
-76.1237
-76.1035
-76.0832
-76.0596
-76.044
-76.0329
-76.0244
-76.0167
-76.0127
-76.011
-76.0105
-76.01
-76.0097
-76.0099
-76.0105
-76.0108
-76.0109
-76.0113
-76.0119
-76.0128
-76.0138
-76.015
-76.0163
-76.0177
-76.0192
-76.0208
-76.0225
-76.0243
-76.0262
-76.0282
-76.0303
-76.0324
-76.0346
-76.0369
-76.0393
-76.0417
-76.0442
-76.0468
-76.0494
-76.0521
-76.0548
-76.0575
-76.0603
-76.0631
-76.0659
-76.0688
-76.0717
-76.0746
-76.0775
-76.0804
-76.0833
-76.0863
-76.0892
-76.0922
-76.0951
-76.098
-76.101
-76.1039
-76.1068
-76.1097
-76.1126
-76.1155
-76.1184
-76.1213
-76.1241
-76.127
-76.1298
-76.1326
-76.1354
-76.1382
-76.1409
-76.1437
-76.1464
-76.1491
-76.1518
-76.1544
-76.1571
-76.1597
-76.1623
-76.1649
-76.1675
-76.17
-76.1726
-76.1751
-76.1776
-76.1801
-76.1825
-76.185
-76.1874
-76.1898
-76.1922
-76.1946
-76.1969
-76.1992
-76.2016
-76.2039
-76.2061
-76.2084
-76.2106
-76.2129
-76.2151
-76.2173
-76.2195
-76.2216
-76.2238
-76.2259
-76.228
-76.2301
-76.2314
-76.2135
-76.1952
-76.1808
-76.1626
-76.1394
-76.1219
-76.1092
-76.0998
-76.0928
-76.0878
-76.0841
-76.0815
-76.0736
-76.066
-76.0586
-76.0497
-76.0435
-76.0395
-76.037
-76.0355
-76.0337
-76.0306
-76.0286
-76.0276
-76.0273
-76.0275
-76.028
-76.0289
-76.0301
-76.0314
-76.0329
-76.0346
-76.0365
-76.0384
-76.0405
-76.0426
-76.0449
-76.0472
-76.0497
-76.0522
-76.0547
-76.0573
-76.06
-76.0627
-76.0654
-76.0682
-76.0703
-76.0628
-76.0535
-76.0471
-76.0429
-76.0402
-76.0385
-76.0377
-76.0375
-76.0378
-76.0384
-76.0394
-76.0406
-76.042
-76.0436
-76.0454
-76.0473
-76.0493
-76.0515
-76.0537
-76.0561
-76.0585
-76.061
-76.0635
-76.0661
-76.0688
-76.0715
-76.0742
-76.0769
-76.0797
-76.0771
-76.0726
-76.0694
-76.0627
-76.0558
-76.0467
-76.0399
-76.0355
-76.032
-76.0276
-76.0227
-76.0196
-76.018
-76.0174
-76.0174
-76.0176
-76.0169
-76.0166
-76.0168
-76.0174
-76.0183
-76.0193
-76.0206
-76.022
-76.0235
-76.0252
-76.027
-76.0289
-76.0309
-76.033
-76.0351
-76.0374
-76.0397
-76.0421
-76.0446
-76.0471
-76.0497
-76.0523
-76.055
-76.0577
-76.0604
-76.0632
-76.0661
-76.0689
-76.0718
-76.0747
-76.0776
-76.0805
-76.0834
-76.0863
-76.0893
-76.0922
-76.0952
-76.0946
-76.0875
-76.0816
-76.0774
-76.0745
-76.0725
-76.0713
-76.0707
-76.0706
-76.0709
-76.0716
-76.0726
-76.0738
-76.0753
-76.0769
-76.0787
-76.0807
-76.0827
-76.0849
-76.0871
-76.0895
-76.0919
-76.0943
-76.0968
-76.0994
-76.102
-76.1046
-76.1073
-76.1099
-76.1126
-76.1153
-76.118
-76.1207
-76.1234
-76.1262
-76.1289
-76.1316
-76.1343
-76.137
-76.1397
-76.1424
-76.1451
-76.1477
-76.1504
-76.153
-76.1556
-76.1582
-76.1608
-76.1634
-76.166
-76.1685
-76.1711
-76.1736
-76.1761
-76.1785
-76.181
-76.1835
-76.1859
-76.1883
-76.1907
-76.1931
-76.1954
-76.1978
-76.2001
-76.2024
-76.2047
-76.2069
-76.2092
-76.2114
-76.2137
-76.2159
-76.2173
-76.2008
-76.1838
-76.1706
-76.1603
-76.1499
-76.1305
-76.1148
-76.1034
-76.095
-76.0832
-76.0713
-76.0629
-76.0571
-76.0531
-76.0497
-76.0438
-76.0393
-76.0334
-76.0292
-76.0266
-76.0253
-76.0247
-76.0248
-76.0252
-76.026
-76.027
-76.0283
-76.0297
-76.0314
-76.0331
-76.035
-76.037
-76.0391
-76.0413
-76.0436
-76.046
-76.0484
-76.0509
-76.0533
-76.051
-76.0485
-76.047
-76.0462
-76.046
-76.0463
-76.0469
-76.0478
-76.0491
-76.0505
-76.0521
-76.0539
-76.0558
-76.0579
-76.06
-76.0623
-76.0646
-76.0671
-76.0696
-76.0721
-76.0747
-76.0774
-76.0801
-76.0828
-76.0855
-76.0883
-76.0911
-76.0939
-76.0967
-76.0996
-76.1024
-76.1053
-76.1081
-76.1109
-76.1138
-76.1166
-76.1194
-76.1223
-76.1251
-76.1279
-76.1306
-76.1334
-76.1362
-76.1389
-76.1417

