-70
-70.0758
-70.1508
-70.225
-70.2983
-70.3706
-70.4419
-70.5122
-70.5814
-70.6496
-70.7168
-70.7829
-70.848
-70.9121
-70.9752
-71.0373
-71.0984
-71.1586
-71.2178
-71.2761
-71.3334
-71.3899
-71.4455
-71.5003
-71.5543
-71.6074
-71.6598
-71.7114
-71.7623
-71.8124
-71.8619
-71.9106
-71.9587
-72.006
-72.0527
-72.0988
-72.1442
-72.1889
-72.2331
-72.2766
-72.3196
-72.362
-72.4038
-72.445
-72.4857
-72.5258
-72.5654
-72.6045
-72.6431
-72.6812
-72.7188
-72.756
-72.7927
-72.8289
-72.8647
-72.9
-72.9349
-72.9694
-73.0035
-73.0371
-73.0704
-73.1032
-73.1357
-73.1678
-73.1994
-73.2307
-73.2617
-73.2922
-73.3224
-73.3523
-73.3817
-73.4109
-73.4397
-73.4682
-73.4963
-73.5241
-73.5516
-73.5788
-73.6057
-73.6323
-73.6585
-73.6845
-73.7102
-73.7356
-73.7608
-73.7857
-73.8103
-73.8346
-73.8587
-73.8825
-73.9061
-73.9294
-73.9524
-73.9753
-73.9979
-74.0202
-74.0423
-74.0642
-74.0859
-74.1073
-74.1285
-74.1495
-74.1703
-74.1909
-74.2112
-74.2313
-74.2513
-74.271
-74.2905
-74.3098
-74.329
-74.3479
-74.3666
-74.3852
-74.4036
-74.4217
-74.4397
-74.4575
-74.4752
-74.4926
-74.5099
-74.527
-74.544
-74.5607
-74.5774
-74.5938
-74.6101
-74.6262
-74.6422
-74.658
-74.6736
-74.6891
-74.7045
-74.7197
-74.7347
-74.7496
-74.7644
-74.779
-74.7935
-74.8079
-74.8221
-74.8362
-74.8501
-74.864
-74.8777
-74.8913
-74.9047
-74.918
-74.9313
-74.9443
-74.9573
-74.9701
-74.9829
-74.9955
-75.008
-75.0204
-75.0327
-75.0448
-75.0569
-75.0688
-75.0806
-75.0924
-75.104
-75.1155
-75.1269
-75.1382
-75.1495
-75.1606
-75.1716
-75.1825
-75.1933
-75.204
-75.2147
-75.2252
-75.2356
-75.246
-75.2562
-75.2664
-75.2764
-75.2864
-75.2963
-75.3061
-75.3158
-75.3255
-75.335
-75.3445
-75.3538
-75.3631
-75.3724
-75.3815
-75.3906
-75.3995
-75.4084
-75.4172
-75.426
-75.4346
-75.4432
-75.4518
-75.4602
-75.4686
-75.4769
-75.4851
-75.4932
-75.5013
-75.5093
-75.5173
-75.5251
-75.533
-75.5407
-75.5484
-75.556
-75.5635
-75.571
-75.5784
-75.5858
-75.593
-75.6003
-75.6074
-75.6145
-75.6216
-75.6285
-75.6355
-75.6423
-75.6491
-75.6559
-75.6626
-75.6692
-75.6758
-75.6823
-75.6888
-75.6952
-75.7015
-75.7078
-75.7141
-75.7203
-75.7264
-75.7325
-75.7386
-75.7446
-75.7505
-75.7564
-75.7622
-75.768
-75.7738
-75.7795
-75.7851
-75.7907
-75.7963
-75.8018
-75.8072
-75.8127
-75.818
-75.8234
-75.8287
-75.8339
-75.8391
-75.8443
-75.8494
-75.8545
-75.8595
-75.8645
-75.8695
-75.8744
-75.8793
-75.8841
-75.8889
-75.8937
-75.8984
-75.9031
-75.9077
-75.9123
-75.9169
-75.9214
-75.9259
-75.9304
-75.9348
-75.9392
-75.9436
-75.9479
-75.9522
-75.9565
-75.9607
-75.9649
-75.969
-75.9731
-75.9772
-75.9813
-75.9853
-75.9893
-75.9933
-75.9972
-76.0011
-76.005
-76.0088
-76.0126
-76.0164
-76.0201
-76.0239
-76.0275
-76.0312
-76.0348
-76.0384
-76.042
-76.0456
-76.0491
-76.0526
-76.056
-76.0595
-76.0629
-76.0663
-76.0696
-76.0729
-76.0762
-76.0795
-76.0828
-76.086
-76.0892
-76.0924
-76.0955
-76.0986
-76.1017
-76.1048
-76.1079
-76.1109
-76.1139
-76.1169
-76.1198
-76.1228
-76.1257
-76.1286
-76.1314
-76.1343
-76.1371
-76.1399
-76.1427
-76.1455
-76.1482
-76.1509
-76.1536
-76.1563
-76.1589
-76.1615
-76.1642
-76.1667
-76.1693
-76.1719
-76.1744
-76.1769
-76.1794
-76.1819
-76.1843
-76.1868
-76.1892
-76.1916
-76.1939
-76.1963
-76.1986
-76.201
-76.2033
-76.2056
-76.2078
-76.2101
-76.2123
-76.2145
-76.2167
-76.2189
-76.2211
-76.2232
-76.2254
-76.2275
-76.2296
-76.2317
-76.2337
-76.2358
-76.2378
-76.2398
-76.2418
-76.2438
-76.2458
-76.2478
-76.2497
-76.2516
-76.2536
-76.2554
-76.2573
-76.2592
-76.2611
-76.2629
-76.2647
-76.2665
-76.2683
-76.2701
-76.2719
-76.2737
-76.2754
-76.2771
-76.2788
-76.2806
-76.2822
-76.2839
-76.2856
-76.2872
-76.2889
-76.2905
-76.2921
-76.2937
-76.2953
-76.2969
-76.2985
-76.3
-76.3016
-76.3031
-76.3046
-76.3061
-76.3076
-76.3091
-76.3106
-76.312
-76.3135
-76.3149
-76.3164
-76.3178
-76.3192
-76.3206
-76.322
-76.3233
-76.3247
-76.3261
-76.3274
-76.3287
-76.33
-76.3314
-76.3327
-76.334
-76.3352
-76.3365
-76.3378
-76.339
-76.3403
-76.3415
-76.3427
-76.3439
-76.3452
-76.3464
-76.3475
-76.3487
-76.3499
-76.351
-76.3522
-76.3533
-76.3545
-76.3556
-76.3567
-76.3578
-76.3589
-76.36
-76.3611
-76.3622
-76.3632
-76.3643
-76.3654
-76.3664
-76.3674
-76.3685
-76.3695
-76.3705
-76.3715
-76.3725
-76.3735
-76.3745
-76.3754
-76.3764
-76.3774
-76.3783
-76.3793
-76.3802
-76.3811
-76.382
-76.383
-76.3839
-76.3848
-74.8282
-70.5201
-67.0513
-64.4239
-62.3561
-60.6007
-58.8768
-56.6354
-50.5571
33.4334
-16.2327
-51.469
-79.4443
-79.7444
-79.7174
-79.6815
-79.6415
-79.5976
-79.5496
-79.4977
-79.442
-79.3828
-79.3206
-79.2558
-79.1891
-79.1212
-79.0527
-78.9844
-78.9168
-78.8506
-78.7864
-78.7245
-78.6652
-78.6089
-78.5556
-77.2989
-72.7326
-68.9791
-66.1661
-64.0021
-62.2666
-60.7703
-59.3098
-57.5423
-53.6831
46.1988
-5.01337
-36.2327
-78.0354
-79.3317
-79.2663
-79.1759
-79.076
-78.967
-78.8489
-78.722
-78.5869
-78.4445
-78.296
-78.1074
-77.7839
-77.5169
-77.2979
-77.1073
-76.9361
-76.7593
-76.5005
-76.3006
-76.1566
-76.0442
-73.819
-70.6574
-68.7434
-67.5927
-66.8697
-66.4003
-66.0896
-65.8826
-65.7467
-65.6616
-65.6139
-65.595
-65.5985
-65.62
-65.6563
-65.705
-65.7641
-65.8321
-65.9077
-65.2936
-62.7426
-60.558
-58.6617
-56.5107
-52.0414
42.3434
-11.9059
-43.6942
-78.8598
-79.585
-79.5491
-79.4934
-79.4313
-79.3635
-79.2899
-79.2108
-79.1266
-79.0377
-78.9449
-77.4194
-73.8446
-71.3774
-69.6965
-68.4609
-67.5006
-66.7248
-66.0815
-65.5388
-64.5933
-62.3358
-60.3522
-58.5455
-56.3554
-51.1386
36.9992
-15.0234
-48.6826
-79.1544
-79.5946
-79.3816
-79.245
-79.1535
-79.0607
-78.9624
-78.8584
-78.6068
-78.2988
-78.0081
-77.8054
-77.6381
-77.3008
-77.0196
-76.8336
-76.697
-76.5884
-76.4976
-76.4196
-76.3516
-76.2918
-76.2389
-76.1922
-76.151
-76.1146
-76.0826
-76.0545
-76.03
-76.0086
-75.9901
-75.9742
-75.9606
-75.949
-75.9393
-75.9312
-75.9246
-75.9193
-75.9151
-75.9119
-75.9097
-75.9082
-75.9075
-75.9073
-75.9078
-75.9087
-75.91
-75.9117
-75.9137
-75.916
-75.9186
-75.9214
-75.9243
-75.9274
-75.9307
-75.934
-75.9375
-75.941
-75.9446
-75.9483
-75.952
-75.9558
-75.9596
-75.9634
-75.9672
-75.9711
-75.9749
-75.9787
-75.9826
-75.9864
-75.9902
-75.9941
-75.9979
-76.0016
-76.0054
-76.0092
-76.0129
-76.0166
-73.1871
-69.0921
-65.9497
-63.5451
-61.6103
-59.8905
-58.0425
-55.1063
-26.0034
8.09568
-28.1574
-74.5079
-79.4938
-78.7356
-78.4645
-78.2792
-78.0833
-77.8728
-77.6481
-77.4106
-77.1619
-76.2238
-73.7727
-72.079
-70.9394
-70.0753
-69.3679
-68.7622
-68.2307
-67.7589
-65.8482
-63.6315
-62.0391
-61.9096
-62.0069
-62.0782
-62.135
-62.1854
-62.2352
-61.2387
-60.0118
-60.119
-60.7099
-62.2371
-63.4285
-64.7348
-66.2028
-67.1847
-67.8349
-68.2822
-68.6016
-68.8381
-69.0195
-69.1636
-69.282
-69.3824
-69.4703
-69.5492
-69.6217
-69.6899
-69.7549
-69.8177
-69.879
-69.9393
-69.999
-70.0583
-70.1174
-68.9647
-65.6875
-63.0658
-61.0443
-59.3227
-57.5595
-54.9927
-43.4411
14.5169
-25.6124
-70.2127
-79.5578
-79.6492
-79.609
-79.5604
-79.5068
-79.4483
-78.1968
-75.863
-74.6309
-73.8663
-73.2676
-72.7407
-72.2534
-71.7945
-71.3609
-70.9524
-69.4619
-66.7618
-64.6763
-63.1049
-61.8538
-60.7883
-59.7998
-60.0493
-60.8878
-61.6469
-61.8556
-60.6639
-59.5291
-58.4901
-57.3373
-55.6519
-53.5077
-33.689
5.54152
-29.8934
-74.7377
-79.5213
-79.5516
-79.4994
-79.4391
-79.3731
-79.1501
-78.8395
-78.6345
-78.4866
-78.3552
-78.2296
-78.1072
-77.9876
-77.8714
-77.7155
-77.4602
-77.2547
-77.0935
-76.8967
-76.7208
-76.5888
-76.4868
-76.4058
-76.3399
-76.2856
-76.2402
-76.202
-76.1697
-76.1423
-76.119
-76.0991
-76.0823
-76.068
-76.056
-76.046
-76.0376
-76.0307
-76.0251
-76.0207
-76.0172
-76.0147
-76.0129
-76.0117
-76.0112
-76.0111
-76.0116
-76.0124
-76.0135
-76.015
-76.0167
-76.0186
-76.0208
-76.0231
-76.0256
-76.0281
-76.0308
-76.0336
-76.0365
-76.0394
-76.0424
-76.0454
-76.0485
-76.0516
-76.0547
-76.0579
-76.061
-76.0642
-76.0673
-76.0705
-76.0737
-76.0768
-76.08
-76.0831
-76.0862
-72.8057
-68.7749
-65.7088
-63.3551
-61.449
-59.7325
-57.8408
-54.6485
10.2445
3.05801
-30.8442
-76.4966
-79.7224
-79.7272
-79.6931
-79.6542
-79.6114
-79.5645
-79.1432
-76.4391
-74.8723
-73.9859
-73.3342
-72.7792
-72.2738
-71.8013
-71.3562
-70.9372
-68.5459
-66.1203
-64.3275
-62.9544
-61.844
-60.8874
-59.9979
-59.086
-58.0157
-55.2609
-43.4036
14.9355
-25.2484
-69.6666
-79.2627
-79.3061
-79.2235
-79.1293
-77.5904
-76.7499
-76.3284
-75.9767
-75.6343
-75.2914
-74.9482
-74.6073
-74.3212
-74.2447
-73.6814
-71.1242
-69.3056
-68.1841
-67.5708
-67.7417
-67.9056
-67.992
-68.0373
-68.0611
-68.0748
-68.0849
-68.095
-68.1076
-68.1239
-68.1446
-68.1702
-68.2007
-68.236
-68.276
-68.3204
-68.3691
-68.4216
-68.4776
-68.5369
-69.0646
-69.8123
-70.4093
-70.8806
-71.2581
-71.5649
-71.8173
-72.0277
-72.205
-72.3559
-72.4858
-72.5987
-72.6977
-72.7854
-72.8636
-72.9341
-70.0733
-66.5738
-63.9436
-61.9226
-60.2438
-58.6364
-56.6523
-52.3298
43.1174
-10.9082
-42.4575
-78.9205
-79.7052
-79.6837
-78.5436
-77.6845
-77.3237
-77.0287
-76.7307
-76.4221
-76.1036
-75.7778
-75.448
-73.4616
-70.9722
-69.2362
-67.9789
-67.0099

