-70
-69.8623
-69.7285
-69.5983
-69.4718
-69.3487
-69.2291
-69.1128
-68.9997
-68.8897
-68.7828
-68.6789
-68.5778
-68.4795
-68.3839
-68.291
-68.2007
-68.1128
-68.0274
-67.9443
-67.8636
-67.7851
-67.7087
-67.6345
-67.5623
-67.4921
-67.4238
-67.3574
-67.2929
-67.2301
-67.1691
-67.1098
-67.0521
-66.996
-66.9414
-66.8884
-66.8368
-66.7866
-66.7378
-66.6904
-66.6443
-66.5994
-66.5558
-66.5133
-66.4721
-66.432
-66.393
-66.355
-66.3181
-66.2823
-66.2474
-66.2134
-66.1805
-66.1484
-66.1172
-66.0868
-66.0573
-66.0286
-66.0007
-65.9736
-65.9472
-65.9215
-65.8966
-65.8723
-65.8487
-65.8257
-65.8034
-65.7817
-65.7606
-65.74
-65.72
-65.7006
-65.6817
-65.6633
-65.6455
-65.6281
-65.6112
-65.5948
-65.5788
-65.5632
-65.5481
-65.5334
-65.5191
-65.5052
-65.4917
-65.4785
-65.4657
-65.4533
-65.4412
-65.4294
-65.418
-65.4068
-65.396
-65.3855
-65.3752
-65.3653
-65.3556
-65.3462
-65.337
-65.3281
-65.3194
-65.311
-65.3028
-65.2948
-65.2871
-65.2795
-65.2722
-65.2651
-65.2581
-65.2514
-65.2448
-65.2385
-65.2322
-65.2262
-65.2203
-65.2146
-65.2091
-65.2037
-65.1984
-65.1933
-65.1884
-65.1835
-65.1788
-65.1743
-65.1698
-65.1655
-65.1613
-65.1572
-65.1532
-65.1493
-65.1456
-65.1419
-65.1384
-65.1349
-65.1315
-65.1283
-65.1251
-65.122
-65.119
-65.1161
-65.1132
-65.1104
-65.1077
-65.1051
-65.1026
-65.1001
-65.0977
-65.0953
-65.0931
-65.0908
-65.0887
-65.0866
-65.0845
-65.0826
-65.0806
-65.0788
-65.0769
-65.0752
-65.0734
-65.0718
-65.0701
-65.0685
-65.067
-65.0655
-65.064
-65.0626
-65.0612
-65.0599
-65.0586
-65.0573
-65.0561
-65.0549
-65.0537
-65.0526
-65.0514
-65.0504
-65.0493
-65.0483
-65.0473
-65.0464
-65.0454
-65.0445
-65.0436
-65.0428
-65.0419
-65.0411
-65.0403
-65.0395
-65.0388
-65.0381
-65.0374
-65.0367
-65.036
-65.0353
-65.0347
-65.0341
-65.0335
-65.0329
-65.0323
-65.0318
-65.0313
-65.0307
-65.0302
-65.0297
-65.0293
-65.0288
-65.0283
-65.0279
-65.0275
-65.027
-65.0266
-65.0262
-65.0259
-65.0255
-65.0251
-65.0248
-65.0244
-65.0241
-65.0238
-65.0234
-65.0231
-65.0228
-65.0225
-65.0223
-65.022
-65.0217
-65.0215
-65.0212
-65.021
-65.0207
-65.0205
-65.0203
-65.02
-65.0198
-65.0196
-65.0194
-65.0192
-65.019
-65.0188
-65.0187
-65.0185
-65.0183
-65.0181
-65.018
-65.0178
-65.0177
-65.0175
-65.0174
-65.0172
-65.0171
-65.017
-65.0168
-65.0167
-65.0166
-65.0165
-65.0163
-65.0162
-65.0161
-65.016
-65.0159
-65.0158
-65.0157
-65.0156
-65.0155
-65.0154
-65.0153
-65.0153
-65.0152
-65.0151
-65.015
-65.0149
-65.0149
-65.0148
-65.0147
-65.0147
-65.0146
-65.0145
-65.0145
-65.0144
-65.0143
-65.0143
-65.0142
-65.0142
-65.0141
-65.0141
-65.014
-65.014
-65.0139
-65.0139
-65.0138
-65.0138
-65.0137
-65.0137
-65.0137
-65.0136
-65.0136
-65.0135
-65.0135
-65.0135
-65.0134
-65.0134
-65.0134
-65.0133
-65.0133
-65.0133
-65.0133
-65.0132
-65.0132
-65.0132
-65.0131
-65.0131
-65.0131
-65.0131
-65.0131
-65.013
-65.013
-65.013
-65.013
-65.0129
-65.0129
-65.0129
-65.0129
-65.0129
-65.0129
-65.0128
-65.0128
-65.0128
-65.0128
-65.0128
-65.0128
-65.0127
-65.0127
-65.0127
-65.0127
-65.0127
-65.0127
-65.0127
-65.0127
-65.0126
-65.0126
-65.0126
-65.0126
-65.0126
-65.0126
-65.0126
-65.0126
-65.0126
-65.0126
-65.0125
-65.0125
-65.0125
-65.0125
-65.0125
-65.0125
-65.0125
-65.0125
-65.0125
-65.0125
-65.0125
-65.0125
-65.0125
-65.0124
-65.0124
-65.0124
-65.0124
-65.0124
-65.0124
-65.0124
-65.0124
-65.0124
-65.0124
-65.0124
-65.0124
-65.0124
-65.0124
-65.0124
-65.0124
-65.0124
-65.0124
-65.0124
-65.0124
-65.0124
-65.0124
-65.0124
-65.0123
-65.0123
-65.0123
-65.0123
-65.0123
-65.0123
-65.0123
-65.0123
-65.0123
-65.0123
-65.0123
-65.0123
-65.0123
-65.0123
-65.0123
-65.0123
-65.0123
-65.0123
-65.0123
-65.0123
-65.0123
-65.0123
-65.0123
-65.0123
-65.0123
-65.0123
-65.0123
-65.0123
-65.0123
-65.0123
-65.0123
-65.0123
-65.0123
-65.0123
-65.0123
-65.0123
-65.0123
-65.0123
-65.0123
-65.0123
-65.0123
-65.0123
-65.0123
-65.0123
-65.0123
-65.0123
-65.0123
-65.0123
-65.0123
-65.0123
-65.0123
-65.0123
-65.0123
-65.0123
-65.0123
-65.0123
-65.0123
-65.0123
-65.0123
-65.0123
-65.0123
-65.0123
-65.0123
-65.0123
-65.0123
-65.0123
-65.0123
-65.0123
-65.0123
-65.0123
-65.0123
-65.0123
-65.0123
-65.0123
-64.9505
-64.8995
-64.8615
-64.8344
-64.8133
-64.7964
-64.7828
-64.772
-64.7634
-64.7568
-64.7518
-64.7482
-64.7458
-64.7444
-64.7439
-64.7441
-64.745
-64.7465
-64.7484
-64.7508
-64.7534
-64.7564
-64.7596
-64.763
-64.7666
-64.7703
-64.7742
-64.7781
-64.7821
-64.7861
-64.7902
-64.7942
-64.7983
-64.8024
-64.7803
-64.7211
-64.6822
-64.6538
-64.634
-64.6191
-64.6078
-64.5995
-64.5936
-64.5897
-64.5876
-64.5868
-64.5873
-64.5889
-64.5913
-64.5945
-64.5983
-64.5615
-64.5087
-64.406
-64.3328
-64.2207
-63.9359
-63.733
-63.5817
-63.4248
-63.2577
-62.9577
-62.7454
-62.5782
-62.3954
-62.2105
-62.0759
-61.9766
-61.8126
-61.6241
-61.4526
-61.2719
-61.1469
-60.9876
-60.8416
-60.7402
-60.6704
-60.5901
-60.5394
-60.5042
-60.4512
-60.4254
-60.4178
-60.4265
-60.4466
-60.4759
-60.513
-60.5564
-60.6053
-60.6586
-60.7156
-60.7757
-60.8383
-60.903
-60.9692
-60.9869
-61.0185
-61.007
-61.0182
-61.0432
-61.0798
-61.1232
-61.1715
-61.2236
-61.2787
-61.2999
-61.2914
-61.2797
-61.281
-61.248
-61.2433
-61.2538
-61.2773
-61.3088
-61.3465
-61.389
-61.4354
-61.485
-61.537
-61.5356
-61.5026
-61.489
-61.4762
-61.4341
-61.3749
-61.3482
-61.3419
-61.3509
-61.3137
-61.2779
-61.22
-61.1731
-61.1116
-61.0064
-60.9282
-60.8383
-60.7006
-60.6025
-60.543
-60.5129
-60.452
-60.2892
-60.1466
-60.0497
-59.9168
-59.8369
-59.7761
-59.7224
-59.6984
-59.6739
-59.6474
-59.6154
-59.6103
-59.6247
-59.6195
-59.626
-59.6504
-59.6894
-59.7388
-59.796
-59.8595
-59.928
-60.0006
-60.0766
-60.1552
-60.2358
-60.3181
-60.4014
-60.4856
-60.5703
-60.6551
-60.7399
-60.8244
-60.9084
-60.9919
-61.0746
-61.1565
-61.2375
-61.3174
-61.3963
-61.474
-61.5505
-61.6257
-61.6997
-61.7723
-61.8437
-61.9137
-61.9823
-62.0496
-62.1155
-62.1801
-62.2433
-62.3052
-62.3657
-62.4249
-62.4828
-62.5393
-62.5946
-62.6487
-62.7015
-62.753
-62.8034
-62.8525
-62.9005
-62.9474
-62.9931
-63.0377
-63.0813
-63.1237
-63.1652
-63.2056
-63.245
-63.2835
-63.321
-63.3575
-63.3932
-63.4279
-63.4618
-63.4949
-63.5271
-63.5585
-63.5891
-63.619
-63.6481
-63.6616
-63.6363
-63.6278
-63.6272
-63.6334
-63.6339
-63.589
-63.5649
-63.5514
-63.51
-63.4688
-63.4302
-63.197
-63.0282
-62.9062
-62.8199
-62.6402
-62.3387
-62.1299
-61.8855
-61.6899
-61.5431
-61.3812
-61.2636
-61.0815
-60.8999
-60.7745
-60.6889
-60.6336
-60.5998
-60.5816
-60.5455
-60.5314
-60.5017
-60.4901
-60.4802
-60.4253
-60.4038
-60.3627
-60.3461
-60.3489
-60.3679
-60.3981
-60.4369
-60.4828
-60.5344
-60.5908
-60.651
-60.7144
-60.7803
-60.8482
-60.9177
-60.9555
-60.9561
-60.9575
-60.9481
-60.9618
-60.9551
-60.9538
-60.9207
-60.9137
-60.9105
-60.9001
-60.9097
-60.932
-60.9651
-61.0054
-61.0513
-61.1018
-61.1559
-61.2129
-61.2722
-61.3333
-61.3958
-61.4592
-61.5234
-61.588
-61.6527
-61.7174
-61.7524
-61.7753
-61.8099
-61.8514
-61.8461
-61.8046
-61.7487
-61.7119
-61.6643
-61.6234
-61.5713
-61.4903
-61.366
-61.2522
-61.0844
-60.9794
-60.8716
-60.7863
-60.702
-60.6536
-60.6285
-60.6223
-60.5785
-60.4484
-60.3274
-60.2215
-60.1562
-60.122
-60.0838
-60.0627
-60.0616
-60.0773
-60.1055
-60.122
-60.0977
-60.0659
-60.0198
-60.0072
-59.9974
-59.9888
-59.9894
-59.986
-60.0042
-60.0363
-60.0798
-60.1314
-60.1894
-60.2526
-60.32
-60.3907
-60.4641
-60.5395
-60.6166
-60.6948
-60.7739
-60.8533
-60.933
-61.0127
-61.0922
-61.1712
-61.2497
-61.3275
-61.4045
-61.4806
-61.5558
-61.6299
-61.7029
-61.7747
-61.8454
-61.9149
-61.9832
-62.0501
-62.1159
-62.1803
-62.2435
-62.3054
-62.366
-62.4253
-62.4833
-62.5401
-62.5957
-62.65
-62.703
-62.7549
-62.8056
-62.8551
-62.9035
-62.9507
-62.9968
-63.0418
-63.0857
-63.1285
-63.1703
-63.2111
-63.2509
-63.2898
-63.3276
-63.3645
-63.4006
-63.4357
-63.4699
-63.5033
-63.5359
-63.5676
-63.5985
-63.6287
-63.6581
-63.6868
-63.7147
-63.742
-63.7685
-63.7944
-63.8197
-63.8443
-63.8682
-63.8916
-63.9144
-63.9366
-63.9582
-63.9793
-63.9999
-64.0199
-64.0395
-64.0585
-64.0557
-63.9749
-63.8038
-63.6871
-63.5469
-63.4486
-63.3758
-63.3232
-63.247
-63.1767
-63.0731
-62.9465
-62.8512
-62.7844
-62.7314
-62.3902
-62.0705
-61.8303
-61.663
-61.5417
-61.3968
-61.2827
-61.1497
-61.0617
-60.9742
-60.8495
-60.7514
-60.6879
-60.6519
-60.6356
-60.6105
-60.5728
-60.5127
-60.4701
-60.4538
-60.457
-60.4743
-60.4618
-60.4642
-60.482
-60.5016
-60.4985
-60.5159
-60.5455
-60.586
-60.6334
-60.6863
-60.7408
-60.7559
-60.7879
-60.8295
-60.88
-60.9354
-60.9944
-61.0224
-61.0579
-61.0844
-61.1035
-61.1364
-61.1779
-61.2262
-61.2787
-61.3343
-61.3922
-61.452
-61.513
-61.5751
-61.6377
-61.7008
-61.7639
-61.827
-61.8898
-61.9523
-62.0143
-62.0757
-62.1363
-62.1963
-62.2554
-62.3136
-62.3212
-62.3364
-62.3611
-62.3503
-62.3453
-62.3537
-62.3724
-62.3974
-62.4267
-62.4591
-62.4548
-62.4469
-62.4532
-62.4692
-62.4918
-62.4889
-62.4847
-62.441
-62.4121
-62.3134
-62.2457
-62.1728
-62.0532
-61.8742
-61.6832
-61.4589
-61.3102
-61.1668
-60.9368
-60.784
-60.6764
-60.607
-60.56
-60.4935
-60.4562
-60.3945

