-70
-70.0758
-70.1508
-70.225
-70.2983
-70.3706
-70.4419
-70.5122
-70.5814
-70.6496
-70.7168
-70.7829
-70.848
-70.9121
-70.9752
-71.0373
-71.0984
-71.1586
-71.2178
-71.2761
-71.3334
-71.3899
-71.4455
-71.5003
-71.5543
-71.6074
-71.6598
-71.7114
-71.7623
-71.8124
-71.8619
-71.9106
-71.9587
-72.006
-72.0527
-72.0988
-72.1442
-72.1889
-72.2331
-72.2766
-72.3196
-72.362
-72.4038
-72.445
-72.4857
-72.5258
-72.5654
-72.6045
-72.6431
-72.6812
-72.7188
-72.756
-72.7927
-72.8289
-72.8647
-72.9
-72.9349
-72.9694
-73.0035
-73.0371
-73.0704
-73.1032
-73.1357
-73.1678
-73.1994
-73.2307
-73.2617
-73.2922
-73.3224
-73.3523
-73.3817
-73.4109
-73.4397
-73.4682
-73.4963
-73.5241
-73.5516
-73.5788
-73.6057
-73.6323
-73.6585
-73.6845
-73.7102
-73.7356
-73.7608
-73.7857
-73.8103
-73.8346
-73.8587
-73.8825
-73.9061
-73.9294
-73.9524
-73.9753
-73.9979
-74.0202
-74.0423
-74.0642
-74.0859
-74.1073
-74.1285
-74.1495
-74.1703
-74.1909
-74.2112
-74.2313
-74.2513
-74.271
-74.2905
-74.3098
-74.329
-74.3479
-74.3666
-74.3852
-74.4036
-74.4217
-74.4397
-74.4575
-74.4752
-74.4926
-74.5099
-74.527
-74.544
-74.5607
-74.5774
-74.5938
-74.6101
-74.6262
-74.6422
-74.658
-74.6736
-74.6891
-74.7045
-74.7197
-74.7347
-74.7496
-74.7644
-74.779
-74.7935
-74.8079
-74.8221
-74.8362
-74.8501
-74.864
-74.8777
-74.8913
-74.9047
-74.918
-74.9313
-74.9443
-74.9573
-74.9701
-74.9829
-74.9955
-75.008
-75.0204
-75.0327
-75.0448
-75.0569
-75.0688
-75.0806
-75.0924
-75.104
-75.1155
-75.1269
-75.1382
-75.1495
-75.1606
-75.1716
-75.1825
-75.1933
-75.204
-75.2147
-75.2252
-75.2356
-75.246
-75.2562
-75.2664
-75.2764
-75.2864
-75.2963
-75.3061
-75.3158
-75.3255
-75.335
-75.3445
-75.3538
-75.3631
-75.3724
-75.3815
-75.3906
-75.3995
-75.4084
-75.4172
-75.426
-75.4346
-75.4432
-75.4518
-75.4602
-75.4686
-75.4769
-75.4851
-75.4932
-75.5013
-75.5093
-75.5173
-75.5251
-75.533
-75.5407
-75.5484
-75.556
-75.5635
-75.571
-75.5784
-75.5858
-75.593
-75.6003
-75.6074
-75.6145
-75.6216
-75.6285
-75.6355
-75.6423
-75.6491
-75.6559
-75.6626
-75.6692
-75.6758
-75.6823
-75.6888
-75.6952
-75.7015
-75.7078
-75.7141
-75.7203
-75.7264
-75.7325
-75.7386
-75.7446
-75.7505
-75.7564
-75.7622
-75.768
-75.7738
-75.7795
-75.7851
-75.7907
-75.7963
-75.8018
-75.8072
-75.8127
-75.818
-75.8234
-75.8287
-75.8339
-75.8391
-75.8443
-75.8494
-75.8545
-75.8595
-75.8645
-75.8695
-75.8744
-75.8793
-75.8841
-75.8889
-75.8937
-75.8984
-75.9031
-75.9077
-75.9123
-75.9169
-75.9214
-75.9259
-75.9304
-75.9348
-75.9392
-75.9436
-75.9479
-75.9522
-75.9565
-75.9607
-75.9649
-75.969
-75.9731
-75.9772
-75.9813
-75.9853
-75.9893
-75.9933
-75.9972
-76.0011
-76.005
-76.0088
-76.0126
-76.0164
-76.0201
-76.0239
-76.0275
-76.0312
-76.0348
-76.0384
-76.042
-76.0456
-76.0491
-76.0526
-76.056
-76.0595
-76.0629
-76.0663
-76.0696
-76.0729
-76.0762
-76.0795
-76.0828
-76.086
-76.0892
-76.0924
-76.0955
-76.0986
-76.1017
-76.1048
-76.1079
-76.1109
-76.1139
-76.1169
-76.1198
-76.1228
-76.1257
-76.1286
-76.1314
-76.1343
-76.1371
-76.1399
-76.1427
-76.1455
-76.1482
-76.1509
-76.1536
-76.1563
-76.1589
-76.1615
-76.1642
-76.1667
-76.1693
-76.1719
-76.1744
-76.1769
-76.1794
-76.1819
-76.1843
-76.1868
-76.1892
-76.1916
-76.1939
-76.1963
-76.1986
-76.201
-76.2033
-76.2056
-76.2078
-76.2101
-76.2123
-76.2145
-76.2167
-76.2189
-76.2211
-76.2232
-76.2254
-76.2275
-76.2296
-76.2317
-76.2337
-76.2358
-76.2378
-76.2398
-76.2418
-76.2438
-76.2458
-76.2478
-76.2497
-76.2516
-76.2536
-76.2554
-76.2573
-76.2592
-76.2611
-76.2629
-76.2647
-76.2665
-76.2683
-76.2701
-76.2719
-76.2737
-76.2754
-76.2771
-76.2788
-76.2806
-76.2822
-76.2839
-76.2856
-76.2872
-76.2889
-76.2905
-76.2921
-76.2937
-76.2953
-76.2969
-76.2985
-76.3
-76.3016
-76.3031
-76.3046
-76.3061
-76.3076
-76.3091
-76.3106
-76.312
-76.3135
-76.3149
-76.3164
-76.3178
-76.3192
-76.3206
-76.322
-76.3233
-76.3247
-76.3261
-76.3274
-76.3287
-76.33
-76.3314
-76.3327
-76.334
-76.3352
-76.3365
-76.3378
-76.339
-76.3403
-76.3415
-76.3427
-76.3439
-76.3452
-76.3464
-76.3475
-76.3487
-76.3499
-76.351
-76.3522
-76.3533
-76.3545
-76.3556
-76.3567
-76.3578
-76.3589
-76.36
-76.3611
-76.3622
-76.3632
-76.3643
-76.3654
-76.3664
-76.3674
-76.3685
-76.3695
-76.3705
-76.3715
-76.3725
-76.3735
-76.3745
-76.3754
-76.3764
-76.3774
-76.3783
-76.3793
-76.3802
-76.3811
-76.382
-76.383
-76.3839
-76.3848
-76.3857
-76.3866
-76.3874
-76.3883
-76.3892
-76.39
-76.3909
-76.3917
-76.3926
-76.3934
-76.3943
-76.3951
-76.3959
-76.3967
-76.3975
-76.3983
-76.3991
-76.3999
-76.4007
-76.4014
-76.4022
-76.403
-76.4037
-76.4045
-76.4052
-73.0945
-69.0255
-65.9295
-63.5553
-61.6413
-59.9385
-58.1125
-55.246
-31.2515
9.69463
-27.3558
-73.7447
-79.0249
-78.7511
-78.5907
-78.4241
-78.2434
-78.0487
-77.8404
-77.6198
-77.3884
-75.137
-73.2319
-72.0281
-71.1533
-70.4465
-69.8396
-69.3018
-68.8181
-68.3811
-67.9865
-67.7745
-68.2677
-68.6989
-68.9997
-69.2148
-69.3727
-69.3836
-66.7714
-64.3585
-63.6784
-63.4825
-63.3702
-63.3102
-63.2877
-63.2932
-63.3205
-63.3655
-63.4252
-63.4975
-63.5807
-64.1092
-65.41
-66.469
-67.2759
-67.9009
-68.3934
-68.7883
-69.11
-69.3764
-69.6003
-69.7914
-69.9566
-70.1015
-70.2301
-69.4514
-66.2169
-63.5792
-61.5904
-59.9688
-58.4549
-56.6743
-53.3644
29.5333
-3.72934
-35.5143
-77.6204
-79.6565
-79.6563
-79.6145
-79.5668
-79.5144
-77.6153
-75.9666
-75.1486
-74.5835
-74.0971
-73.6415
-73.2032
-72.7793
-72.3708
-70.8726
-68.1902
-66.1508
-64.6422
-63.4741
-62.5295
-61.7311
-61.0234
-60.363
-58.624
-56.4731
-54.586
-50.4383
35.3452
-16.3159
-50.9441
-78.9848
-79.3213
-79.1767
-79.0463
-78.9382
-78.8264
-78.7085
-78.5848
-78.4563
-78.324
-78.1894
-77.9679
-77.6849
-77.4661
-77.2883
-77.1356
-76.9586
-76.762
-76.6073
-76.4837
-76.382
-76.2965
-76.2236
-76.161
-76.1068
-76.0599
-76.0192
-75.984
-75.9535
-75.9271
-75.9045
-75.8851
-75.8686
-75.8547
-75.843
-75.8334
-75.8255
-75.8192
-75.8143
-75.8106
-75.808
-75.8063
-75.8055
-75.8054
-75.806
-75.8071
-75.8087
-75.8108
-75.8132
-75.816
-75.819
-75.8223
-75.8259
-75.8296
-75.8334
-75.8374
-75.8415
-75.8457
-75.85
-75.8543
-75.8587
-75.8631
-75.8676
-75.8721
-75.8766
-75.8811
-75.8857
-75.8902
-75.8947
-75.8992
-75.9037
-75.9082
-75.9127
-75.9171
-73.0978
-69.0171
-65.8857
-63.4887
-61.5576
-59.8355
-57.9717
-54.9575
-17.8923
6.38079
-29.0358
-75.2735
-79.0198
-78.7272
-78.5634
-78.394
-78.2105
-78.0128
-77.8017
-77.5782
-77.344
-75.2755
-73.2419
-71.9524
-71.0286
-70.2916
-69.6653
-69.1145
-68.9716
-68.9338
-67.0442
-65.3913
-64.245
-63.413
-62.7834
-62.2891
-61.8902
-61.5605
-61.2807
-61.0403
-59.767
-57.7412
-55.6195
-52.9734
26.5156
-3.59933
-35.3336
-77.4196
-79.4287
-79.3993
-79.3274
-79.2472
-79.16
-79.0658
-78.9651
-78.8585
-78.7467
-78.6306
-78.5115
-78.3905
-78.269
-78.1482
-78.0294
-77.9137
-77.8021
-77.6953
-77.5941
-77.4989
-77.4099
-77.3272
-76.1012
-71.7317
-68.15
-65.4708
-63.519
-63.0758
-62.9632
-62.8984
-62.9124
-64.0099
-65.0729
-65.8656
-66.4631
-66.9232
-67.2854
-67.5773
-67.8175
-68.0195
-66.898
-64.3019
-62.2998
-60.7579
-59.4298
-58.0739
-56.2627
-51.9915
42.3146
-12.1254
-43.8745
-78.4278
-79.033
-78.9288
-78.8006
-78.6602
-78.4646
-78.2087
-78.002
-77.6953
-75.2264
-73.4694
-72.4245
-71.682
-71.0859
-70.5741
-70.4572
-70.5214
-70.5042
-70.4379
-70.349
-70.475
-70.8423
-71.1012
-71.2731
-71.6315
-72.1024
-72.4346
-72.6666
-72.8337
-72.9576
-73.0521
-73.1261
-73.1858
-73.2352
-73.2772
-73.3138
-73.3465
-73.3764
-73.4042
-73.4305
-73.4556
-73.48
-73.5038
-73.5271
-73.5502
-73.5731
-73.5959
-73.6186
-73.6412
-73.6638
-73.6864
-73.7089
-73.7315
-73.754
-73.7765
-73.7989
-73.8213
-73.8436
-73.8658
-73.888
-73.9101
-73.9321
-73.9539
-73.9757
-73.9973
-74.0188
-74.0401
-74.0613
-74.0824
-74.1033
-74.124
-74.1446
-74.165
-74.1853
-74.2054
-74.2253
-74.245
-74.2646
-74.2839
-74.3031
-74.3222
-74.341
-74.3597
-74.3782
-74.3965
-74.4147
-74.4327
-74.4505
-74.4681
-74.4856
-74.5029
-74.52
-74.537
-74.5538
-74.5704
-74.5869
-74.6033
-74.6194
-74.6354
-74.6513
-74.667
-74.6825
-74.6979
-71.9941
-68.0763
-65.0692
-62.7543
-60.8517
-59.069
-56.9078
-52.0151
40.2055
-12.3451
-44.5156
-79.1636
-78.919
-78.5885
-78.4099
-78.2254
-78.0265
-77.8134
-77.5868
-77.3483
-77.0997
-74.7747
-72.7526
-71.4497
-70.5039
-69.7489
-69.1108
-68.9028
-69.0162
-69.0495
-67.6029
-65.562
-64.0931
-63.0296
-62.2203
-61.5744
-61.0322
-60.5572
-60.1161
-59.6857
-59.2395
-58.2116
-56.1532
-54.2409
-43.731
14.2102
-26.0692
-71.1208
-79.2428
-79.2707
-79.187
-79.0925
-78.99
-78.8799
-78.7627
-78.639
-78.5097
-78.3761
-78.2394
-78.1011
-77.9626
-77.8253
-77.6907
-77.5599
-77.4341
-77.3141
-77.2007
-77.0943
-76.9951
-76.9034
-76.8191
-76.742
-76.6719
-76.6085
-76.5513
-76.5001
-76.4544
-76.4137
-76.3777
-76.3458
-76.3178
-76.2933
-76.2718
-76.2532
-76.237
-76.2231
-76.2111
-76.2009
-76.1922
-76.1849
-74.2045
-69.9551
-66.6069
-64.0645
-62.0494
-60.3112
-58.547
-56.085
-46.9759
22.8577
-21.4233
-63.519
-78.9791
-78.9984
-78.8778
-78.743
-78.5957
-78.4363
-78.2649
-77.821
-75.6295

