-70
-70.0758
-70.1508
-70.225
-70.2983
-70.3706
-70.4419
-70.5122
-70.5814
-70.6496
-70.7168
-70.7829
-70.848
-70.9121
-70.9752
-71.0373
-71.0984
-71.1586
-71.2178
-71.2761
-71.3334
-71.3899
-71.4455
-71.5003
-71.5543
-71.6074
-71.6598
-71.7114
-71.7623
-71.8124
-71.8619
-71.9106
-71.9587
-72.006
-72.0527
-72.0988
-72.1442
-72.1889
-72.2331
-72.2766
-72.3196
-72.362
-72.4038
-72.445
-72.4857
-72.5258
-72.5654
-72.6045
-72.6431
-72.6812
-72.7188
-72.756
-72.7927
-72.8289
-72.8647
-72.9
-72.9349
-72.9694
-73.0035
-73.0371
-73.0704
-73.1032
-73.1357
-73.1678
-73.1994
-73.2307
-73.2617
-73.2922
-73.3224
-73.3523
-73.3817
-73.4109
-73.4397
-73.4682
-73.4963
-73.5241
-73.5516
-73.5788
-73.6057
-73.6323
-73.6585
-73.6845
-73.7102
-73.7356
-73.7608
-73.7857
-73.8103
-73.8346
-73.8587
-73.8825
-73.9061
-73.9294
-73.9524
-73.9753
-73.9979
-74.0202
-74.0423
-74.0642
-74.0859
-74.1073
-74.1285
-74.1495
-74.1703
-74.1909
-74.2112
-74.2313
-74.2513
-74.271
-74.2905
-74.3098
-74.329
-74.3479
-74.3666
-74.3852
-74.4036
-74.4217
-74.4397
-74.4575
-74.4752
-74.4926
-74.5099
-74.527
-74.544
-74.5607
-74.5774
-74.5938
-74.6101
-74.6262
-74.6422
-74.658
-74.6736
-74.6891
-74.7045
-74.7197
-74.7347
-74.7496
-74.7644
-74.779
-74.7935
-74.8079
-74.8221
-74.8362
-74.8501
-74.864
-74.8777
-74.8913
-74.9047
-74.918
-74.9313
-74.9443
-74.9573
-74.9701
-74.9829
-74.9955
-75.008
-75.0204
-75.0327
-75.0448
-75.0569
-75.0688
-75.0806
-75.0924
-75.104
-75.1155
-75.1269
-75.1382
-75.1495
-75.1606
-75.1716
-75.1825
-75.1933
-75.204
-75.2147
-75.2252
-75.2356
-75.246
-75.2562
-75.2664
-75.2764
-75.2864
-75.2963
-75.3061
-75.3158
-75.3255
-75.335
-75.3445
-75.3538
-75.3631
-75.3724
-75.3815
-75.3906
-75.3995
-75.4084
-75.4172
-75.426
-75.4346
-75.4432
-75.4518
-75.4602
-75.4686
-75.4769
-75.4851
-75.4932
-75.5013
-75.5093
-75.5173
-75.5251
-75.533
-75.5407
-75.5484
-75.556
-75.5635
-75.571
-75.5784
-75.5858
-75.593
-75.6003
-75.6074
-75.6145
-75.6216
-75.6285
-75.6355
-75.6423
-75.6491
-75.6559
-75.6626
-75.6692
-75.6758
-75.6823
-75.6888
-75.6952
-75.7015
-75.7078
-75.7141
-75.7203
-75.7264
-75.7325
-75.7386
-75.7446
-75.7505
-75.7564
-75.7622
-75.768
-75.7738
-75.7795
-75.7851
-75.7907
-75.7963
-75.8018
-75.8072
-75.8127
-75.818
-75.8234
-75.8287
-75.8339
-75.8391
-75.8443
-75.8494
-75.8545
-75.8595
-75.8645
-75.8695
-75.8744
-75.8793
-75.8841
-75.8889
-75.8937
-75.8984
-75.9031
-75.9077
-75.9123
-75.9169
-75.9214
-75.9259
-75.9304
-75.9348
-75.9392
-75.9436
-75.9479
-75.9522
-75.9565
-75.9607
-75.9649
-75.969
-75.9731
-75.9772
-75.9813
-75.9853
-75.9893
-75.9933
-75.9972
-76.0011
-76.005
-76.0088
-76.0126
-76.0164
-76.0201
-76.0239
-76.0275
-76.0312
-76.0348
-76.0384
-76.042
-76.0456
-76.0491
-76.0526
-76.056
-76.0595
-76.0629
-76.0663
-76.0696
-76.0729
-76.0762
-76.0795
-76.0828
-76.086
-76.0892
-76.0924
-76.0955
-76.0986
-76.1017
-76.1048
-76.1079
-76.1109
-76.1139
-76.1169
-76.1198
-76.1228
-76.1257
-76.1286
-76.1314
-76.1343
-76.1371
-76.1399
-76.1427
-76.1455
-76.1482
-76.1509
-76.1536
-76.1563
-76.1589
-76.1615
-76.1642
-76.1667
-76.1693
-76.1719
-76.1744
-76.1769
-76.1794
-76.1819
-76.1843
-76.1868
-76.1892
-76.1916
-76.1939
-76.1963
-76.1986
-76.201
-76.2033
-76.2056
-76.2078
-76.2101
-76.2123
-76.2145
-76.2167
-76.2189
-76.2211
-76.2232
-76.2254
-76.2275
-76.2296
-76.2317
-76.2337
-76.2358
-76.2378
-76.2398
-76.2418
-76.2438
-76.2458
-76.2478
-76.2497
-76.2516
-76.2536
-76.2554
-76.2573
-76.2592
-76.2611
-76.2629
-76.2647
-76.2665
-76.2683
-76.2701
-76.2719
-76.2737
-76.2754
-76.2771
-76.2788
-76.2806
-76.2822
-76.2839
-76.2856
-76.2872
-76.2889
-76.2905
-76.2921
-76.2937
-76.2953
-76.2969
-76.2985
-76.3
-76.3016
-76.3031
-76.3046
-76.3061
-76.3076
-76.3091
-76.3106
-76.312
-76.3135
-76.3149
-76.3164
-76.3178
-76.3192
-76.3206
-76.322
-76.3233
-76.3247
-76.3261
-76.3274
-76.3287
-76.33
-76.3314
-76.3327
-76.334
-76.3352
-76.3365
-76.3378
-76.339
-76.3403
-76.3415
-76.3427
-76.3439
-76.3452
-76.3464
-76.3475
-76.3487
-76.3499
-76.351
-76.3522
-76.3533
-76.3545
-76.3556
-76.3567
-76.3578
-76.3589
-76.36
-76.3611
-76.3622
-76.3632
-76.3643
-76.3654
-76.3664
-76.3674
-76.3685
-76.3695
-76.3705
-76.3715
-76.3725
-76.3735
-76.3745
-76.3754
-76.3764
-76.3774
-76.3783
-76.3793
-76.3802
-76.3811
-76.382
-76.383
-76.3839
-76.3848
-76.3857
-76.3866
-76.3874
-76.3883
-76.3892
-76.39
-76.3909
-76.3917
-76.3926
-76.3934
-76.3943
-76.3951
-76.3959
-76.3967
-76.3975
-76.3983
-76.3991
-76.3999
-76.4007
-76.4014
-76.4022
-76.403
-76.4037
-76.4045
-76.4052
-76.406
-76.4067
-76.4074
-76.4082
-76.4089
-76.4096
-76.4103
-76.411
-76.4117
-76.4124
-76.4131
-76.4137
-76.4144
-76.4151
-72.663
-68.6821
-65.6705
-63.3528
-61.4712
-59.7744
-57.908
-54.8005
-3.08847
4.51303
-30.173
-75.7291
-79.0914
-79.0157
-78.8959
-78.7637
-78.5449
-78.3137
-78.1243
-77.8952
-76.1835
-74.3353
-73.4334
-72.886
-72.5289
-72.5452
-72.6987
-72.7163
-72.6613
-72.579
-72.4889
-72.4
-72.3164
-72.2401
-72.1721
-72.1124
-72.0611
-72.0178
-72.1609
-72.5097
-72.7768
-72.9726
-73.1202
-73.2341
-73.3243
-73.3972
-73.4577
-73.5088
-73.5529
-73.5918
-73.6266
-73.6584
-73.6878
-73.7154
-73.7415
-72.3594
-68.5303
-65.4974
-63.2256
-61.4299
-59.865
-58.2491
-55.9721
-48.4019
25.8985
-20.2177
-60.2135
-79.5435
-79.7241
-79.6936
-79.6549
-79.612
-79.5649
-78.609
-76.2425
-75.02
-74.2913
-73.7229
-73.218
-72.746
-72.2971
-71.8691
-71.4626
-70.6403
-67.8621
-65.5313
-63.8473
-63.5579
-64.0695
-65.1682
-66.7023
-68.2042
-69.4574
-70.2077
-70.8807
-71.5547
-71.9781
-72.4916
-73.1033
-73.6541
-74.0988
-74.3501
-74.4939
-74.5811
-74.6964
-74.8433
-74.9389
-75.0006
-75.0423
-75.0719
-75.0939
-75.1109
-75.1247
-75.1364
-75.1819
-75.2645
-75.3281
-75.3756
-75.4121
-75.4409
-75.4642
-75.4834
-75.4996
-75.5136
-75.5258
-75.5368
-75.5468
-75.556
-75.5646
-75.6053
-75.6529
-75.6905
-75.7202
-75.7443
-75.7641
-75.7807
-75.7948
-75.807
-75.8177
-75.8272
-75.8358
-75.8436
-75.8508
-75.8575
-75.8639
-75.8698
-75.8756
-75.881
-75.8863
-75.8915
-75.8964
-75.9013
-75.9061
-75.9108
-75.9154
-75.92
-75.9245
-75.9289
-75.9333
-75.9377
-75.942
-75.9463
-75.9505
-75.9547
-75.9589
-75.9631
-75.9672
-75.9713
-75.9753
-75.9793
-75.9833
-75.9873
-75.9913
-75.9952
-75.9991
-72.3008
-68.3776
-65.41
-63.1224
-61.2543
-59.5451
-57.6036
-54.0797
43.2085
-1.81389
-34.0917
-77.3653
-79.0832
-78.9916
-78.8691
-78.7343
-78.5876
-78.4292
-78.2596
-78.0732
-77.0102
-74.5499
-73.2136
-72.489
-72.0323
-71.9163
-71.783
-71.6184
-71.4472
-71.3213
-71.5445
-71.7138
-72.0709
-70.5808
-68.505
-67.2227
-66.4323
-65.9256
-65.5921
-65.3704
-65.2246
-65.1323
-65.0793
-65.0563
-65.0571
-65.0771
-65.1129
-65.1622
-65.223
-65.2936
-65.3727
-65.459
-65.5516
-65.8144
-66.8512
-67.7739
-68.4984
-69.0752
-69.5407
-69.9214
-70.2367
-70.5008
-70.7247
-70.9165
-71.0826
-69.9551
-66.6017
-63.9536
-61.9644
-60.3619
-58.9065
-57.2951
-54.7319
-40.3374
11.0427
-27.1519
-72.3868
-79.6175
-79.6861
-79.6497
-79.606
-79.5578
-79.5052
-77.9587
-75.7411
-74.5885
-73.8543
-73.2699
-72.7513
-72.2697
-71.8153
-71.3856
-70.9807
-70.6015
-70.2492
-69.9248
-68.0433
-66.3778
-65.7842
-65.4447
-65.2589
-66.001
-67.1815
-68.2228
-68.8726
-69.2876
-69.565
-69.7589
-70.2921
-70.8332
-71.2075
-71.6114
-72.1529
-72.5375
-72.8836
-73.5316
-74.0197
-74.3176
-74.5065
-74.6317
-74.7182
-74.7801
-74.826
-74.8613
-74.8893
-74.9121
-74.9313
-74.9939
-75.105
-75.1914
-75.2565
-75.3068
-75.3465
-75.3786
-75.4051
-75.4273
-75.4462
-75.4627
-75.4772
-75.4902
-75.502
-75.5129
-75.523
-75.5324
-75.5414
-75.55
-75.5582
-75.5662
-75.5739
-75.5814
-75.5888
-75.596
-75.6031
-75.6102
-75.6171
-75.6239
-75.6307
-75.6374
-75.6441
-75.6507
-75.6573
-75.6638
-75.6702
-75.6767
-75.683
-75.6893
-75.6956
-75.7019
-75.7081
-75.7142
-75.7203
-75.7264
-75.7324
-75.7384
-75.7443
-75.7502
-75.756
-75.7618
-75.7676
-75.7733
-75.7789
-75.7845
-75.7901
-75.7957
-75.8012
-75.8066
-75.812
-75.8174
-75.8227
-75.828
-75.8332
-75.8384
-75.8436
-75.8487
-75.8538
-75.8588
-75.8638
-75.8688
-75.8737
-75.8786
-75.8834
-72.633
-68.6372
-65.5962
-63.2593
-61.3616
-59.6427
-57.725
-54.3876
30.964
0.695026
-32.4502
-76.8166
-79.0568
-78.967
-78.8416
-78.7036
-78.5534
-78.3911
-78.2174
-78.0269
-77.7172
-77.3328
-74.581
-72.5642
-71.5982
-70.9925
-70.7749
-70.7803
-70.7215
-70.6255
-70.5166
-70.4071
-70.6714
-71.0155
-71.6021
-72.0416
-72.3205
-72.5032
-72.8301
-73.1778
-73.4129
-73.5734
-73.6869
-73.7699
-73.8326
-73.8815
-73.9208
-73.9535
-73.9814
-74.0059
-74.028
-74.0484
-74.0675
-74.0858
-74.1035
-74.1207
-71.5288
-67.8316
-65.0547
-62.963
-61.2938
-59.8206
-58.282
-56.1152
-49.4404
29.2944
-18.6516
-56.5564
-79.4999
-79.7364
-79.7084
-79.6715
-79.6305
-79.5856
-79.5366
-79.4837
-79.4271
-79.3671
-79.3042
-79.2388
-79.1717
-79.1036
-79.035
-78.9668
-78.8995
-78.8337
-78.77
-78.7086
-78.6501
-78.5944
-75.5341
-71.1754
-67.8626
-65.3615
-63.4153
-61.8251
-60.414
-58.9768
-57.1233
-53.0946
45.1355
-7.83521
-38.7922
-78.2931

