-70
-69.8623
-69.7285
-69.5983
-69.4718
-69.3487
-69.2291
-69.1128
-68.9997
-68.8897
-68.7828
-68.6789
-68.5778
-68.4795
-68.3839
-68.291
-68.2007
-68.1128
-68.0274
-67.9443
-67.8636
-67.7851
-67.7087
-67.6345
-67.5623
-67.4921
-67.4238
-67.3574
-67.2929
-67.2301
-67.1691
-67.1098
-67.0521
-66.996
-66.9414
-66.8884
-66.8368
-66.7866
-66.7378
-66.6904
-66.6443
-66.5994
-66.5558
-66.5133
-66.4721
-66.432
-66.393
-66.355
-66.3181
-66.2823
-66.2474
-66.2134
-66.1805
-66.1484
-66.1172
-66.0868
-66.0573
-66.0286
-66.0007
-65.9736
-65.9472
-65.9215
-65.8966
-65.8723
-65.8487
-65.8257
-65.8034
-65.7817
-65.7606
-65.74
-65.72
-65.7006
-65.6817
-65.6633
-65.6455
-65.6281
-65.6112
-65.5948
-65.5788
-65.5632
-65.5481
-65.5334
-65.5191
-65.5052
-65.4917
-65.4785
-65.4657
-65.4533
-65.4412
-65.4294
-65.418
-65.4068
-65.396
-65.3855
-65.3752
-65.3653
-65.3556
-65.3462
-65.337
-65.3281
-65.3194
-65.311
-65.3028
-65.2948
-65.2871
-65.2795
-65.2722
-65.2651
-65.2581
-65.2514
-65.2448
-65.2385
-65.2322
-65.2262
-65.2203
-65.2146
-65.2091
-65.2037
-65.1984
-65.1933
-65.1884
-65.1835
-65.1788
-65.1743
-65.1698
-65.1655
-65.1613
-65.1572
-65.1532
-65.1493
-65.1456
-65.1419
-65.1384
-65.1349
-65.1315
-65.1283
-65.1251
-65.122
-65.119
-65.1161
-65.1132
-65.1104
-65.1077
-65.1051
-65.1026
-65.1001
-65.0977
-65.0953
-65.0931
-65.0908
-65.0887
-65.0866
-65.0845
-65.0826
-65.0806
-65.0788
-65.0769
-65.0752
-65.0734
-65.0718
-65.0701
-65.0685
-65.067
-65.0655
-65.064
-65.0626
-65.0612
-65.0599
-65.0586
-65.0573
-65.0561
-65.0549
-65.0537
-65.0526
-65.0514
-65.0504
-65.0493
-65.0483
-65.0473
-65.0464
-65.0454
-65.0445
-65.0436
-65.0428
-65.0419
-65.0411
-65.0403
-65.0395
-65.0388
-65.0381
-65.0374
-65.0367
-65.036
-65.0353
-65.0347
-65.0341
-65.0335
-65.0329
-65.0323
-65.0318
-65.0313
-65.0307
-65.0302
-65.0297
-65.0293
-65.0288
-65.0283
-65.0279
-65.0275
-65.027
-65.0266
-65.0262
-65.0259
-65.0255
-65.0251
-65.0248
-65.0244
-65.0241
-65.0238
-65.0234
-65.0231
-65.0228
-65.0225
-65.0223
-65.022
-65.0217
-65.0215
-65.0212
-65.021
-65.0207
-65.0205
-65.0203
-65.02
-65.0198
-65.0196
-65.0194
-65.0192
-65.019
-65.0188
-65.0187
-65.0185
-65.0183
-65.0181
-65.018
-65.0178
-65.0177
-65.0175
-65.0174
-65.0172
-65.0171
-65.017
-65.0168
-65.0167
-65.0166
-65.0165
-65.0163
-65.0162
-65.0161
-65.016
-65.0159
-65.0158
-65.0157
-65.0156
-65.0155
-65.0154
-65.0153
-65.0153
-65.0152
-65.0151
-65.015
-65.0149
-65.0149
-65.0148
-65.0147
-65.0147
-65.0146
-65.0145
-65.0145
-65.0144
-65.0143
-65.0143
-65.0142
-65.0142
-65.0141
-65.0141
-65.014
-65.014
-65.0139
-65.0139
-65.0138
-65.0138
-65.0137
-65.0137
-65.0137
-65.0136
-65.0136
-65.0135
-65.0135
-65.0135
-65.0134
-65.0134
-65.0134
-65.0133
-65.0133
-65.0133
-65.0133
-65.0132
-65.0132
-65.0132
-65.0131
-65.0131
-65.0131
-65.0131
-65.0131
-65.013
-65.013
-65.013
-65.013
-65.0129
-65.0129
-65.0129
-65.0129
-65.0129
-65.0129
-65.0128
-65.0128
-65.0128
-65.0128
-65.0128
-65.0128
-65.0127
-65.0127
-65.0127
-65.0127
-65.0127
-65.0127
-65.0127
-65.0127
-65.0126
-65.0126
-65.0126
-65.0126
-65.0126
-65.0126
-65.0126
-65.0126
-65.0126
-65.0126
-65.0125
-65.0125
-65.0125
-65.0125
-65.0125
-65.0125
-65.0125
-65.0125
-65.0125
-65.0125
-65.0125
-65.0125
-65.0125
-65.0124
-65.0124
-65.0124
-65.0124
-65.0124
-65.0124
-65.0124
-65.0124
-65.0124
-65.0124
-65.0124
-65.0124
-65.0124
-65.0124
-65.0124
-65.0124
-65.0124
-65.0124
-65.0124
-65.0124
-65.0124
-65.0124
-65.0124
-65.0123
-65.0123
-65.0123
-65.0123
-65.0123
-65.0123
-65.0123
-65.0123
-65.0123
-65.0123
-65.0123
-65.0123
-65.0123
-65.0123
-65.0123
-65.0123
-65.0123
-65.0123
-65.0123
-65.0123
-65.0123
-65.0123
-65.0123
-65.0123
-65.0123
-65.0123
-65.0123
-65.0123
-65.0123
-65.0123
-65.0123
-65.0123
-65.0123
-65.0123
-65.0123
-65.0123
-65.0123
-65.0123
-65.0123
-65.0123
-65.0123
-65.0123
-65.0123
-65.0123
-65.0123
-65.0123
-65.0123
-65.0123
-65.0123
-65.0123
-65.0123
-65.0123
-65.0123
-65.0123
-65.0123
-65.0123
-65.0123
-65.0123
-65.0123
-65.0123
-65.0123
-65.0123
-65.0123
-65.0123
-65.0123
-65.0123
-65.0123
-65.0123
-65.0123
-65.0123
-65.0123
-65.0123
-65.0123
-65.0123
-64.8888
-64.7871
-64.7113
-64.6572
-64.6152
-64.5815
-64.5545
-64.5329
-64.5159
-64.5027
-64.4927
-64.4856
-64.4808
-64.478
-64.477
-64.4776
-64.4793
-64.4822
-64.4861
-64.4907
-64.496
-64.5019
-64.5083
-64.5151
-64.5223
-64.5297
-64.5373
-64.5451
-64.553
-64.5611
-64.5691
-64.5773
-64.5854
-64.5935
-64.5234
-64.3427
-64.223
-64.1345
-64.072
-64.0239
-63.9867
-63.9583
-63.9371
-63.922
-63.912
-63.9064
-63.9045
-63.9057
-63.9095
-63.9157
-63.8694
-63.7864
-63.7024
-63.4483
-63.2679
-62.999
-62.2128
-61.6674
-61.1689
-60.7456
-60.3538
-59.1091
-58.0959
-57.0116
-56.1969
-55.529
-54.9785
-54.5572
-54.1095
-53.6655
-53.2715
-52.8413
-52.5002
-52.0836
-51.7263
-51.4585
-51.2578
-51.0803
-50.9391
-50.8085
-50.5909
-50.4366
-50.3118
-50.2048
-50.1322
-50.0089
-49.9235
-49.8484
-49.783
-49.7447
-49.727
-49.7276
-49.7424
-49.743
-49.7636
-49.8004
-49.8533
-49.8759
-49.92
-49.9454
-49.986
-49.9956
-49.9959
-49.9994
-50.0114
-50.0209
-50.0482
-50.0976
-50.1653
-50.2481
-50.3443
-50.4532
-50.5739
-50.7057
-50.845
-50.9198
-51.0179
-51.135
-51.2699
-51.3628
-51.3742
-51.4016
-51.4673
-51.5606
-51.6413
-51.6898
-51.6973
-51.7359
-51.7375
-51.6232
-51.4615
-51.3186
-51.1614
-50.8982
-50.5732
-50.2121
-49.8573
-49.4171
-49.0114
-48.5013
-47.9099
-47.1673
-46.2743
-45.133
-43.7576
-41.5828
-35.884
33.7711
11.937
-26.0992
-50.8315
-58.4471
-60.3814
-60.8544
-60.8264
-60.6403
-60.3992
-60.1542
-59.9501
-59.7829
-59.6499
-59.5458
-59.4669
-59.4099
-59.3718
-59.3499
-59.342
-59.3463
-59.361
-59.3847
-59.4162
-59.4544
-59.4984
-59.5473
-59.6005
-59.6574
-59.7174
-59.78
-59.8447
-59.9112
-59.9791
-60.0481
-60.1179
-60.1883
-60.2591
-60.3301
-60.401
-60.4719
-60.5424
-60.6126
-60.6823
-60.7515
-60.8199
-60.8877
-60.9546
-61.0207
-61.0859
-61.1501
-61.2134
-61.2757
-61.337
-61.3973
-61.4565
-61.5147
-61.5718
-61.6279
-61.683
-61.737
-61.7899
-61.8418
-61.8927
-61.9425
-61.9914
-62.0392
-62.086
-62.1319
-62.1768
-62.2207
-62.2637
-62.3058
-62.347
-62.3873
-62.4268
-62.4654
-62.4162
-62.2401
-62.131
-62.0572
-62.0121
-61.9653
-61.7481
-61.5847
-61.4688
-61.3556
-61.2541
-60.9382
-60.4617
-60.1251
-59.8836
-59.5052
-58.8025
-57.4837
-56.5058
-55.5126
-54.7322
-54.148
-53.704
-53.3517
-52.8817
-52.4997
-52.2113
-51.9901
-51.8023
-51.5966
-51.3402
-51.1291
-50.9527
-50.8268
-50.7403
-50.6784
-50.5877
-50.5318
-50.5054
-50.506
-50.4612
-50.3847
-50.3454
-50.3392
-50.3598
-50.3555
-50.3267
-50.2907
-50.2827
-50.2476
-50.1891
-50.1477
-50.1091
-50.0655
-50.0257
-49.8906
-49.7759
-49.6756
-49.5647
-49.4948
-49.4518
-49.4315
-49.4285
-49.4408
-49.4673
-49.5071
-49.5596
-49.6245
-49.7012
-49.7897
-49.8895
-50.0005
-50.1223
-50.2544
-50.3968
-50.5493
-50.7115
-50.8823
-51.0609
-51.1848
-51.2407
-51.2494
-51.1244
-51.0356
-50.9415
-50.8279
-50.7318
-50.6542
-50.5379
-50.4248
-50.3387
-50.1035
-49.9006
-49.6984
-49.4315
-49.1531
-48.7449
-48.3118
-47.7739
-47.1561
-46.5306
-45.6762
-44.4707
-42.7616
-39.4396
-19.5469
34.5125
-12.7179
-43.8909
-58.0942
-61.6885
-62.5521
-62.5464
-62.2524
-61.8916
-61.488
-61.1515
-60.8548
-60.5955
-60.3888
-60.2236
-60.0591
-59.8792
-59.7152
-59.5971
-59.513
-59.4554
-59.4181
-59.3978
-59.3918
-59.3982
-59.4151
-59.441
-59.4748
-59.5153
-59.5615
-59.6126
-59.668
-59.7269
-59.7888
-59.8531
-59.9194
-59.9875
-60.0568
-60.1271
-60.1981
-60.2697
-60.3416
-60.4136
-60.4856
-60.5573
-60.6288
-60.6998
-60.7702
-60.84
-60.9091
-60.9774
-61.0448
-61.1114
-61.1771
-61.2417
-61.3054
-61.3681
-61.4297
-61.4903
-61.5498
-61.6083
-61.6657
-61.722
-61.7772
-61.8314
-61.8845
-61.9365
-61.9875
-62.0374
-62.0863
-62.1342
-62.1811
-62.227
-62.2719
-62.3158
-62.3588
-62.4009
-62.4421
-62.4823
-62.5217
-62.5603
-62.5979
-62.6348
-62.6708
-62.7061
-62.7406
-62.7743
-62.8072
-62.8395
-62.871
-62.9018
-62.9319
-62.9614
-62.9902
-63.0184
-63.046
-63.0212
-63.0014
-62.7323
-62.2424
-61.9006
-61.5188
-61.2199
-60.9959
-60.8284
-60.6264
-60.4455
-60.2642
-59.8383
-59.4997
-59.2523
-58.8815
-57.552
-56.3184
-55.4246
-54.7865
-54.309
-53.8897
-53.5575
-53.1689
-52.8609
-52.5643
-52.332
-52.1342
-51.9838
-51.8589
-51.7789
-51.7126
-51.6077
-51.331
-51.1321
-50.9252
-50.7399
-50.6059
-50.5171
-50.4452
-50.3911
-50.3341
-50.2258
-50.1676
-50.1401
-50.0411
-49.8689
-49.7173
-49.614
-49.5111
-49.4431
-49.3986
-49.3446
-49.2981
-49.2495
-49.2253
-49.2181
-49.2122
-49.2058
-49.217
-49.2425
-49.2815
-49.3323
-49.3947
-49.4685
-49.5535
-49.6497
-49.7565
-49.8736
-50.0011
-50.1384
-50.2854
-50.3973
-50.5284
-50.6743
-50.8339
-51.0033
-51.1811
-51.3662
-51.5512
-51.6574
-51.7664
-51.8012
-51.8445
-51.8939
-51.9225
-51.9919
-52.087
-52.2031
-52.334
-52.4772
-52.5977
-52.6864
-52.7927
-52.8845
-52.9502
-52.9775
-52.927
-52.829
-52.7407
-52.5578
-52.3537
-52.1823
-51.9112
-51.4476
-50.9619
-50.5369
-50.0691
-49.2742
-48.5763
-47.9484
-47.3902
-46.8005
-46.1352
-45.36
-44.2679

