-70
-69.8623
-69.7285
-69.5983
-69.4718
-69.3487
-69.2291
-69.1128
-68.9997
-68.8897
-68.7828
-68.6789
-68.5778
-68.4795
-68.3839
-68.291
-68.2007
-68.1128
-68.0274
-67.9443
-67.8636
-67.7851
-67.7087
-67.6345
-67.5623
-67.4921
-67.4238
-67.3574
-67.2929
-67.2301
-67.1691
-67.1098
-67.0521
-66.996
-66.9414
-66.8884
-66.8368
-66.7866
-66.7378
-66.6904
-66.6443
-66.5994
-66.5558
-66.5133
-66.4721
-66.432
-66.393
-66.355
-66.3181
-66.2823
-66.2474
-66.2134
-66.1805
-66.1484
-66.1172
-66.0868
-66.0573
-66.0286
-66.0007
-65.9736
-65.9472
-65.9215
-65.8966
-65.8723
-65.8487
-65.8257
-65.8034
-65.7817
-65.7606
-65.74
-65.72
-65.7006
-65.6817
-65.6633
-65.6455
-65.6281
-65.6112
-65.5948
-65.5788
-65.5632
-65.5481
-65.5334
-65.5191
-65.5052
-65.4917
-65.4785
-65.4657
-65.4533
-65.4412
-65.4294
-65.418
-65.4068
-65.396
-65.3855
-65.3752
-65.3653
-65.3556
-65.3462
-65.337
-65.3281
-65.3194
-65.311
-65.3028
-65.2948
-65.2871
-65.2795
-65.2722
-65.2651
-65.2581
-65.2514
-65.2448
-65.2385
-65.2322
-65.2262
-65.2203
-65.2146
-65.2091
-65.2037
-65.1984
-65.1933
-65.1884
-65.1835
-65.1788
-65.1743
-65.1698
-65.1655
-65.1613
-65.1572
-65.1532
-65.1493
-65.1456
-65.1419
-65.1384
-65.1349
-65.1315
-65.1283
-65.1251
-65.122
-65.119
-65.1161
-65.1132
-65.1104
-65.1077
-65.1051
-65.1026
-65.1001
-65.0977
-65.0953
-65.0931
-65.0908
-65.0887
-65.0866
-65.0845
-65.0826
-65.0806
-65.0788
-65.0769
-65.0752
-65.0734
-65.0718
-65.0701
-65.0685
-65.067
-65.0655
-65.064
-65.0626
-65.0612
-65.0599
-65.0586
-65.0573
-65.0561
-65.0549
-65.0537
-65.0526
-65.0514
-65.0504
-65.0493
-65.0483
-65.0473
-65.0464
-65.0454
-65.0445
-65.0436
-65.0428
-65.0419
-65.0411
-65.0403
-65.0395
-65.0388
-65.0381
-65.0374
-65.0367
-65.036
-65.0353
-65.0347
-65.0341
-65.0335
-65.0329
-65.0323
-65.0318
-65.0313
-65.0307
-65.0302
-65.0297
-65.0293
-65.0288
-65.0283
-65.0279
-65.0275
-65.027
-65.0266
-65.0262
-65.0259
-65.0255
-65.0251
-65.0248
-65.0244
-65.0241
-65.0238
-65.0234
-65.0231
-65.0228
-65.0225
-65.0223
-65.022
-65.0217
-65.0215
-65.0212
-65.021
-65.0207
-65.0205
-65.0203
-65.02
-65.0198
-65.0196
-65.0194
-65.0192
-65.019
-65.0188
-65.0187
-65.0185
-65.0183
-65.0181
-65.018
-65.0178
-65.0177
-65.0175
-65.0174
-65.0172
-65.0171
-65.017
-65.0168
-65.0167
-65.0166
-65.0165
-65.0163
-65.0162
-65.0161
-65.016
-65.0159
-65.0158
-65.0157
-65.0156
-65.0155
-65.0154
-65.0153
-65.0153
-65.0152
-65.0151
-65.015
-65.0149
-65.0149
-65.0148
-65.0147
-65.0147
-65.0146
-65.0145
-65.0145
-65.0144
-65.0143
-65.0143
-65.0142
-65.0142
-65.0141
-65.0141
-65.014
-65.014
-65.0139
-65.0139
-65.0138
-65.0138
-65.0137
-65.0137
-65.0137
-65.0136
-65.0136
-65.0135
-65.0135
-65.0135
-65.0134
-65.0134
-65.0134
-65.0133
-65.0133
-65.0133
-65.0133
-65.0132
-65.0132
-65.0132
-65.0131
-65.0131
-65.0131
-65.0131
-65.0131
-65.013
-65.013
-65.013
-65.013
-65.0129
-65.0129
-65.0129
-65.0129
-65.0129
-65.0129
-65.0128
-65.0128
-65.0128
-65.0128
-65.0128
-65.0128
-65.0127
-65.0127
-65.0127
-65.0127
-65.0127
-65.0127
-65.0127
-65.0127
-65.0126
-65.0126
-65.0126
-65.0126
-65.0126
-65.0126
-65.0126
-65.0126
-65.0126
-65.0126
-65.0125
-65.0125
-65.0125
-65.0125
-65.0125
-65.0125
-65.0125
-65.0125
-65.0125
-65.0125
-65.0125
-65.0125
-65.0125
-65.0124
-65.0124
-65.0124
-65.0124
-65.0124
-65.0124
-65.0124
-65.0124
-65.0124
-65.0124
-65.0124
-65.0124
-65.0124
-65.0124
-65.0124
-65.0124
-65.0124
-65.0124
-65.0124
-65.0124
-65.0124
-65.0124
-65.0124
-65.0123
-65.0123
-65.0123
-65.0123
-65.0123
-65.0123
-65.0123
-65.0123
-65.0123
-65.0123
-65.0123
-65.0123
-65.0123
-65.0123
-65.0123
-65.0123
-65.0123
-65.0123
-65.0123
-65.0123
-65.0123
-65.0123
-65.0123
-65.0123
-65.0123
-65.0123
-65.0123
-65.0123
-65.0123
-65.0123
-65.0123
-65.0123
-65.0123
-65.0123
-65.0123
-65.0123
-65.0123
-65.0123
-65.0123
-65.0123
-65.0123
-65.0123
-65.0123
-65.0123
-65.0123
-65.0123
-65.0123
-65.0123
-65.0123
-65.0123
-65.0123
-65.0123
-65.0123
-65.0123
-65.0123
-65.0123
-65.0123
-65.0123
-65.0123
-65.0123
-65.0123
-65.0123
-65.0123
-65.0123
-65.0123
-65.0123
-65.0123
-65.0123
-65.0123
-65.0123
-65.0123
-65.0123
-65.0123
-65.0123
-64.4593
-64.0079
-63.6738
-63.4363
-63.2523
-63.1054
-62.9875
-62.8935
-62.8194
-62.762
-62.7188
-62.6876
-62.6668
-62.6548
-62.6504
-62.6525
-62.6602
-62.6726
-62.6891
-62.7092
-62.7322
-62.7577
-62.7853
-62.8147
-62.8456
-62.8777
-62.9108
-62.9446
-62.9791
-63.0139
-63.0491
-63.0844
-63.1198
-63.1551
-63.0121
-62.6184
-62.364
-62.1807
-62.0559
-61.9633
-61.8951
-61.8463
-61.8136
-61.7943
-61.7863
-61.7877
-61.7972
-61.8135
-61.8355
-61.8624
-61.8934
-61.8884
-61.8167
-61.3925
-61.1071
-60.7461
-59.7927
-59.1088
-58.2585
-57.3655
-56.5984
-55.5557
-54.5411
-53.3007
-52.2196
-51.3252
-50.6369
-50.0742
-49.485
-48.9059
-48.3564
-47.5378
-46.7795
-45.7228
-44.4494
-42.6798
-38.9894
-7.2418
30.3452
-14.0727
-43.245
-56.3272
-59.425
-60.0348
-60.0431
-59.7046
-59.353
-58.947
-58.5519
-58.2148
-57.9305
-57.7103
-57.5382
-57.406
-57.3065
-57.2073
-57.0879
-56.9948
-56.9366
-56.9062
-56.8695
-56.7054
-56.5666
-56.4182
-56.291
-56.107
-55.9358
-55.8228
-55.6805
-55.5013
-55.3832
-55.2691
-55.2078
-55.1798
-55.1767
-55.154
-55.1615
-55.1902
-55.2377
-55.2422
-55.1243
-54.9595
-54.8596
-54.7305
-54.6289
-54.5302
-54.4462
-54.3782
-54.2085
-53.9837
-53.5934
-53.23
-52.8275
-52.5236
-52.2017
-51.7429
-51.2207
-50.6168
-49.8856
-49.2661
-48.5542
-47.554
-46.3479
-44.9778
-43.3043
-40.5241
-30.412
41.4898
-1.55351
-34.6817
-54.9807
-60.1213
-61.1418
-61.072
-60.7348
-60.3327
-59.9419
-59.5722
-59.2288
-58.9388
-58.7048
-58.5179
-58.3697
-58.254
-58.1661
-58.1021
-58.0588
-58.0332
-58.0231
-58.0264
-58.0415
-58.0666
-58.1007
-58.1424
-58.1908
-58.245
-58.3044
-58.3681
-58.4356
-58.5062
-58.5795
-58.655
-58.7323
-58.8111
-58.891
-58.9718
-59.0532
-59.135
-59.217
-59.299
-59.3809
-59.4625
-59.5437
-59.6244
-59.7044
-59.7837
-59.8623
-59.9399
-60.0167
-60.0924
-60.1672
-60.2409
-60.3135
-60.385
-60.4554
-60.5246
-60.5927
-60.6597
-60.7255
-60.7901
-60.8536
-60.9159
-60.977
-61.037
-61.0959
-61.1536
-61.2102
-61.2656
-61.32
-61.3733
-61.4256
-61.4768
-61.527
-61.5556
-61.4895
-61.244
-61.0715
-60.9539
-60.8787
-60.7765
-60.5402
-60.3692
-60.2485
-60.1331
-59.9709
-59.4815
-58.9365
-58.357
-57.8405
-57.1467
-56.1964
-55.1004
-53.9517
-52.7721
-51.7807
-51.021
-50.3012
-49.6854
-48.7749
-47.9754
-47.2438
-46.5209
-45.7225
-44.6973
-43.1174
-40.1011
-24.1607
37.9
-8.81396
-41.4212
-58.2749
-62.1861
-62.7773
-62.5817
-62.1233
-61.6502
-61.1849
-60.7858
-60.4408
-60.0581
-59.7351
-59.4357
-59.1749
-58.9143
-58.6354
-58.3505
-58.0907
-57.8567
-57.6186
-57.2466
-56.9537
-56.7432
-56.5977
-56.4963
-56.4283
-56.3721
-56.2059
-56.0981
-56.0259
-55.9296
-55.8551
-55.8199
-55.8145
-55.8317
-55.8331
-55.8541
-55.8937
-55.9497
-56.0176
-56.0952
-56.1403
-56.1777
-56.2172
-56.2779
-56.2818
-56.2207
-55.9969
-55.6363
-55.3477
-55.04
-54.7147
-54.4604
-54.1331
-53.7643
-53.4193
-53.1041
-52.8053
-52.4608
-52.1886
-51.8625
-51.3114
-50.7586
-50.2679
-49.7206
-49.1033
-48.3648
-47.507
-46.557
-45.4631
-44.1759
-42.2869
-38.0655
9.71851
23.4689
-20.0548
-50.3361
-61.2443
-63.6475
-63.8355
-63.4861
-62.9597
-62.425
-61.8639
-61.3413
-60.8955
-60.4793
-60.1469
-59.8195
-59.5459
-59.3295
-59.1595
-59.0262
-58.9228
-58.8445
-58.7879
-58.7499
-58.7279
-58.72
-58.7241
-58.7388
-58.7627
-58.7946
-58.8335
-58.8783
-58.9283
-58.9828
-59.0411
-59.1027
-59.1669
-59.2335
-59.302
-59.3721
-59.4435
-59.5158
-59.5889
-59.6625
-59.7364
-59.8105
-59.8845
-59.9583
-60.0318
-60.105
-60.1776
-60.2496
-60.3209
-60.3915
-60.4613
-60.5303
-60.5983
-60.6654
-60.7316
-60.7967
-60.8609
-60.924
-60.9861
-61.0471
-61.107
-61.1659
-61.2238
-61.2806
-61.3363
-61.391
-61.4446
-61.4972
-61.5488
-61.5994
-61.649
-61.6976
-61.7452
-61.7919
-61.8376
-61.8824
-61.9263
-61.9693
-62.0114
-62.0526
-62.093
-62.1325
-62.1713
-62.2092
-62.2463
-62.2827
-62.3183
-62.3531
-62.3064
-62.2517
-62.2211
-62.146
-61.7097
-61.0854
-60.6454
-60.1444
-59.6964
-59.3658
-59.118
-58.7501
-58.3234
-57.9585
-57.3069
-56.8092
-56.4437
-56.0163
-54.5165
-53.117
-52.1019
-51.3394
-50.695
-50.0708
-49.5471
-48.8194
-48.1638
-47.4989
-46.7801
-45.9907
-45.0705
-43.829
-41.7385
-35.7949
37.9637
9.48616
-28.949
-55.4458
-62.5895
-63.8822
-63.7517
-63.2604
-62.7498
-62.2721
-61.817
-61.4124
-61.0585
-60.6787
-60.1466
-59.7197
-59.3879
-59.1343
-58.9342
-58.7143
-58.4772
-58.3037
-58.1752
-58.0836
-57.9915
-57.8941
-57.8132
-57.7623
-57.6606
-57.549
-57.4737
-57.3993
-57.3622
-57.3495
-57.3573
-57.3805
-57.4162
-57.4424
-57.4612
-57.4984
-57.5483
-57.6087
-57.6764
-57.7501
-57.8287
-57.9114
-57.9973
-57.9663
-57.8393
-57.7808
-57.7124
-57.5912
-57.5201
-57.4873
-57.4846
-57.5016
-57.5338
-57.5702
-57.5737
-57.6024
-57.6301
-57.6013
-57.5318
-57.3886
-57.2407
-56.8576
-56.3433
-55.7822
-55.1314
-54.558
-53.8434
-53.1595
-52.4546
-51.5306
-50.8084
-50.1437
-49.3791
-48.5868
-47.809
-47.1036
-46.3498
-45.4713
-44.3653
-42.5319

