-70
-69.8623
-69.7285
-69.5983
-69.4718
-69.3487
-69.2291
-69.1128
-68.9997
-68.8897
-68.7828
-68.6789
-68.5778
-68.4795
-68.3839
-68.291
-68.2007
-68.1128
-68.0274
-67.9443
-67.8636
-67.7851
-67.7087
-67.6345
-67.5623
-67.4921
-67.4238
-67.3574
-67.2929
-67.2301
-67.1691
-67.1098
-67.0521
-66.996
-66.9414
-66.8884
-66.8368
-66.7866
-66.7378
-66.6904
-66.6443
-66.5994
-66.5558
-66.5133
-66.4721
-66.432
-66.393
-66.355
-66.3181
-66.2823
-66.2474
-66.2134
-66.1805
-66.1484
-66.1172
-66.0868
-66.0573
-66.0286
-66.0007
-65.9736
-65.9472
-65.9215
-65.8966
-65.8723
-65.8487
-65.8257
-65.8034
-65.7817
-65.7606
-65.74
-65.72
-65.7006
-65.6817
-65.6633
-65.6455
-65.6281
-65.6112
-65.5948
-65.5788
-65.5632
-65.5481
-65.5334
-65.5191
-65.5052
-65.4917
-65.4785
-65.4657
-65.4533
-65.4412
-65.4294
-65.418
-65.4068
-65.396
-65.3855
-65.3752
-65.3653
-65.3556
-65.3462
-65.337
-65.3281
-65.3194
-65.311
-65.3028
-65.2948
-65.2871
-65.2795
-65.2722
-65.2651
-65.2581
-65.2514
-65.2448
-65.2385
-65.2322
-65.2262
-65.2203
-65.2146
-65.2091
-65.2037
-65.1984
-65.1933
-65.1884
-65.1835
-65.1788
-65.1743
-65.1698
-65.1655
-65.1613
-65.1572
-65.1532
-65.1493
-65.1456
-65.1419
-65.1384
-65.1349
-65.1315
-65.1283
-65.1251
-65.122
-65.119
-65.1161
-65.1132
-65.1104
-65.1077
-65.1051
-65.1026
-65.1001
-65.0977
-65.0953
-65.0931
-65.0908
-65.0887
-65.0866
-65.0845
-65.0826
-65.0806
-65.0788
-65.0769
-65.0752
-65.0734
-65.0718
-65.0701
-65.0685
-65.067
-65.0655
-65.064
-65.0626
-65.0612
-65.0599
-65.0586
-65.0573
-65.0561
-65.0549
-65.0537
-65.0526
-65.0514
-65.0504
-65.0493
-65.0483
-65.0473
-65.0464
-65.0454
-65.0445
-65.0436
-65.0428
-65.0419
-65.0411
-65.0403
-65.0395
-65.0388
-65.0381
-65.0374
-65.0367
-65.036
-65.0353
-65.0347
-65.0341
-65.0335
-65.0329
-65.0323
-65.0318
-65.0313
-65.0307
-65.0302
-65.0297
-65.0293
-65.0288
-65.0283
-65.0279
-65.0275
-65.027
-65.0266
-65.0262
-65.0259
-65.0255
-65.0251
-65.0248
-65.0244
-65.0241
-65.0238
-65.0234
-65.0231
-65.0228
-65.0225
-65.0223
-65.022
-65.0217
-65.0215
-65.0212
-65.021
-65.0207
-65.0205
-65.0203
-65.02
-65.0198
-65.0196
-65.0194
-65.0192
-65.019
-65.0188
-65.0187
-65.0185
-65.0183
-65.0181
-65.018
-65.0178
-65.0177
-65.0175
-65.0174
-65.0172
-65.0171
-65.017
-65.0168
-65.0167
-65.0166
-65.0165
-65.0163
-65.0162
-65.0161
-65.016
-65.0159
-65.0158
-65.0157
-65.0156
-65.0155
-65.0154
-65.0153
-65.0153
-65.0152
-65.0151
-65.015
-65.0149
-65.0149
-65.0148
-65.0147
-65.0147
-65.0146
-65.0145
-65.0145
-65.0144
-65.0143
-65.0143
-65.0142
-65.0142
-65.0141
-65.0141
-65.014
-65.014
-65.0139
-65.0139
-65.0138
-65.0138
-65.0137
-65.0137
-65.0137
-65.0136
-65.0136
-65.0135
-65.0135
-65.0135
-65.0134
-65.0134
-65.0134
-65.0133
-65.0133
-65.0133
-65.0133
-65.0132
-65.0132
-65.0132
-65.0131
-65.0131
-65.0131
-65.0131
-65.0131
-65.013
-65.013
-65.013
-65.013
-65.0129
-65.0129
-65.0129
-65.0129
-65.0129
-65.0129
-65.0128
-65.0128
-65.0128
-65.0128
-65.0128
-65.0128
-65.0127
-65.0127
-65.0127
-65.0127
-65.0127
-65.0127
-65.0127
-65.0127
-65.0126
-65.0126
-65.0126
-65.0126
-65.0126
-65.0126
-65.0126
-65.0126
-65.0126
-65.0126
-65.0125
-65.0125
-65.0125
-65.0125
-65.0125
-65.0125
-65.0125
-65.0125
-65.0125
-65.0125
-65.0125
-65.0125
-65.0125
-65.0124
-65.0124
-65.0124
-65.0124
-65.0124
-65.0124
-65.0124
-65.0124
-65.0124
-65.0124
-65.0124
-65.0124
-65.0124
-65.0124
-65.0124
-65.0124
-65.0124
-65.0124
-65.0124
-65.0124
-65.0124
-65.0124
-65.0124
-65.0123
-65.0123
-65.0123
-65.0123
-65.0123
-65.0123
-65.0123
-65.0123
-65.0123
-65.0123
-65.0123
-65.0123
-65.0123
-65.0123
-65.0123
-65.0123
-65.0123
-65.0123
-65.0123
-65.0123
-65.0123
-65.0123
-65.0123
-65.0123
-65.0123
-65.0123
-65.0123
-65.0123
-65.0123
-65.0123
-65.0123
-65.0123
-65.0123
-65.0123
-65.0123
-65.0123
-65.0123
-65.0123
-65.0123
-65.0123
-65.0123
-65.0123
-65.0123
-65.0123
-65.0123
-65.0123
-65.0123
-65.0123
-65.0123
-65.0123
-65.0123
-65.0123
-65.0123
-65.0123
-65.0123
-65.0123
-65.0123
-65.0123
-65.0123
-65.0123
-65.0123
-65.0123
-65.0123
-65.0123
-65.0123
-65.0123
-65.0123
-65.0123
-65.0123
-65.0123
-65.0123
-65.0123
-65.0123
-65.0123
-64.9505
-64.8995
-64.8615
-64.8344
-64.8133
-64.7964
-64.7828
-64.772
-64.7634
-64.7568
-64.7518
-64.7482
-64.7458
-64.7444
-64.7439
-64.7441
-64.745
-64.7465
-64.7484
-64.7508
-64.7534
-64.7564
-64.7596
-64.763
-64.7666
-64.7703
-64.7742
-64.7781
-64.7821
-64.7861
-64.7902
-64.7942
-64.7983
-64.8024
-64.8065
-64.8105
-64.8146
-64.8185
-64.8225
-64.8264
-64.8303
-64.8341
-64.8378
-64.8415
-64.8451
-64.8487
-64.8522
-64.8556
-64.859
-64.8623
-64.8655
-64.8686
-64.8717
-64.6044
-64.4128
-64.1602
-63.1048
-62.346
-61.7094
-61.1548
-60.6058
-59.346
-58.2762
-57.0721
-56.1957
-55.4038
-54.7997
-54.3292
-53.724
-53.0862
-52.5049
-51.8104
-51.2962
-50.804
-50.3963
-50.0613
-49.7803
-49.5235
-49.28
-49.0606
-48.8087
-48.5317
-48.2799
-48.0393
-47.7878
-47.3879
-46.9832
-46.5375
-46.015
-45.3472
-44.4093
-42.8873
-39.5222
-14.6916
31.9957
-14.5713
-44.6984
-57.799
-61.2861
-62.3473
-62.6933
-62.7192
-62.6388
-62.5461
-62.4588
-62.3818
-62.3154
-62.2596
-62.2138
-62.177
-62.1483
-62.1265
-62.0835
-62.034
-62.0005
-61.9311
-61.8609
-61.7733
-61.7161
-61.6208
-61.4977
-61.313
-61.1245
-60.9356
-60.8037
-60.6606
-60.4948
-60.2895
-60.0749
-59.8716
-59.6659
-59.4885
-59.0987
-58.654
-58.1592
-57.5404
-56.7939
-56.117
-55.3788
-54.6846
-53.8625
-52.9589
-52.1334
-51.4476
-50.8851
-50.4398
-50.0679
-49.7212
-49.4271
-49.0859
-48.7309
-48.3349
-47.9483
-47.557
-47.1629
-46.7086
-46.165
-45.456
-44.52
-43.0682
-40.0839
-23.364
36.8969
-10.7642
-42.9119
-58.5194
-62.6104
-63.7625
-64.1295
-64.2223
-64.2071
-64.1508
-64.0816
-64.0113
-63.9447
-63.8835
-63.8282
-63.7785
-63.7341
-63.6945
-63.6593
-63.6279
-63.6001
-63.5755
-63.5537
-63.5345
-63.5177
-63.503
-63.4902
-63.4791
-63.4697
-63.4616
-63.4549
-63.4493
-63.4448
-63.4413
-63.4386
-63.4368
-63.4356
-63.4351
-63.4352
-63.4359
-63.437
-63.4385
-63.4405
-63.4428
-63.4454
-63.4484
-63.4515
-63.455
-63.4586
-63.4625
-63.4665
-63.4706
-63.4749
-63.4794
-63.4839
-63.4886
-63.4933
-63.4981
-63.503
-63.508
-63.513
-63.518
-63.4787
-63.2095
-63.0182
-62.8758
-62.7751
-62.6884
-62.4221
-62.2073
-62.0466
-61.9304
-61.8054
-61.3808
-60.7218
-60.166
-59.7677
-59.3613
-58.6751
-57.5237
-56.6361
-55.5163
-54.6075
-53.9326
-53.3252
-52.8333
-52.1627
-51.5647
-51.1067
-50.7484
-50.4601
-50.1743
-49.8433
-49.5789
-49.3553
-49.1664
-49.0006
-48.822
-48.517
-48.1894
-47.8911
-47.6014
-47.2563
-46.8366
-46.3055
-45.6814
-44.8462
-43.5612
-41.1078
-32.4273
41.9125
-0.932977
-36.2633
-57.3248
-62.8754
-64.3
-64.648
-64.5284
-64.2638
-63.9707
-63.701
-63.4724
-63.2258
-63.0228
-62.8534
-62.7135
-62.5963
-62.498
-62.416
-62.3479
-62.292
-62.2467
-62.2105
-62.1825
-62.1615
-62.1467
-62.1289
-62.072
-62.0366
-62.0133
-61.9463
-61.8459
-61.7042
-61.5768
-61.4262
-61.1533
-60.7465
-60.3786
-60.0686
-59.7129
-59.2677
-58.8999
-58.537
-58.0566
-57.6158
-57.1976
-56.8202
-56.4739
-55.9947
-55.5001
-54.9951
-54.5093
-53.9664
-53.2868
-52.6915
-52.1794
-51.775
-51.4596
-51.2164
-51.0146
-50.8356
-50.676
-50.4945
-50.2957
-50.1037
-49.8845
-49.6697
-49.4031
-49.1418
-48.9297
-48.7503
-48.5919
-48.431
-48.2609
-48.0678
-47.8621
-47.6184
-47.3542
-47.0731
-46.7541
-46.3708
-45.8908
-45.2452
-44.3052
-42.7234
-39.065
-5.33913
27.1022
-19.6166
-51.2438
-62.8687
-66.0045
-66.946
-67.2492
-67.3206
-67.3011
-67.2447
-67.1732
-67.0957
-67.016
-66.9362
-66.857
-66.7789
-66.7021
-66.6269
-66.5532
-66.4812
-66.4108
-66.342
-66.2749
-66.2095
-66.1457
-66.0835
-66.023
-65.964
-65.9066
-65.8507
-65.7963
-65.7434
-65.6919
-65.6419
-65.5932
-65.5459
-65.4999
-65.4552
-65.4118
-65.3696
-65.3285
-65.2887
-65.25
-65.2124
-65.1759
-65.1405
-65.1061
-65.0727
-65.0403
-65.0088
-64.9783
-64.9487
-64.92
-64.8921
-64.8651
-64.8388
-64.8134
-64.7888
-64.7649
-64.7418
-64.7193
-64.6976
-64.6765
-64.6561
-64.6364
-64.6173
-64.5988
-64.5809
-64.5636
-64.4856
-64.1945
-63.9708
-63.6562
-63.3504
-63.1224
-62.9464
-62.6484
-62.245
-61.8866
-61.4049
-61.043
-60.7642
-60.3151
-58.6379
-56.976
-55.7732
-54.9092
-54.2203
-53.4899
-52.9187
-52.4121
-51.9803
-51.6423
-51.3631
-51.0968
-50.8637
-50.6674
-50.5171
-50.3825
-50.2595
-50.0879
-49.9188
-49.6465
-49.3803
-49.1711
-48.9859
-48.8089
-48.6053
-48.3825
-48.1328
-47.8719
-47.6158
-47.2823
-46.7482
-46.1307
-45.4088
-44.4253
-42.9132
-39.6879
-19.4884
33.9076
-14.3117
-47.6245
-61.8664
-65.4624
-66.3335
-66.4903
-66.4198
-66.2755
-66.1129
-65.9526
-65.802
-65.6631
-65.5359
-65.3983
-65.2197
-65.0371
-64.8877
-64.7614
-64.6134
-64.4799
-64.3671
-64.2713
-64.1881
-64.1151
-63.9393
-63.7261
-63.5116
-63.3166
-63.1186
-62.9679
-62.8304
-62.6925
-62.5856
-62.46
-62.3471
-62.2607
-62.1734
-62.0377
-61.8908
-61.7236
-61.6067
-61.4614
-61.312
-61.0893
-60.7969
-60.5443
-60.0951
-59.5744
-58.9253
-58.2075
-57.3843
-56.6374
-56.0058
-55.3077
-54.3812
-53.5748
-52.9422
-52.4561
-52.048
-51.7302
-51.4366
-51.1357

