-70
-70.0758
-70.1508
-70.225
-70.2983
-70.3706
-70.4419
-70.5122
-70.5814
-70.6496
-70.7168
-70.7829
-70.848
-70.9121
-70.9752
-71.0373
-71.0984
-71.1586
-71.2178
-71.2761
-71.3334
-71.3899
-71.4455
-71.5003
-71.5543
-71.6074
-71.6598
-71.7114
-71.7623
-71.8124
-71.8619
-71.9106
-71.9587
-72.006
-72.0527
-72.0988
-72.1442
-72.1889
-72.2331
-72.2766
-72.3196
-72.362
-72.4038
-72.445
-72.4857
-72.5258
-72.5654
-72.6045
-72.6431
-72.6812
-72.7188
-72.756
-72.7927
-72.8289
-72.8647
-72.9
-72.9349
-72.9694
-73.0035
-73.0371
-73.0704
-73.1032
-73.1357
-73.1678
-73.1994
-73.2307
-73.2617
-73.2922
-73.3224
-73.3523
-73.3817
-73.4109
-73.4397
-73.4682
-73.4963
-73.5241
-73.5516
-73.5788
-73.6057
-73.6323
-73.6585
-73.6845
-73.7102
-73.7356
-73.7608
-73.7857
-73.8103
-73.8346
-73.8587
-73.8825
-73.9061
-73.9294
-73.9524
-73.9753
-73.9979
-74.0202
-74.0423
-74.0642
-74.0859
-74.1073
-74.1285
-74.1495
-74.1703
-74.1909
-74.2112
-74.2313
-74.2513
-74.271
-74.2905
-74.3098
-74.329
-74.3479
-74.3666
-74.3852
-74.4036
-74.4217
-74.4397
-74.4575
-74.4752
-74.4926
-74.5099
-74.527
-74.544
-74.5607
-74.5774
-74.5938
-74.6101
-74.6262
-74.6422
-74.658
-74.6736
-74.6891
-74.7045
-74.7197
-74.7347
-74.7496
-74.7644
-74.779
-74.7935
-74.8079
-74.8221
-74.8362
-74.8501
-74.864
-74.8777
-74.8913
-74.9047
-74.918
-74.9313
-74.9443
-74.9573
-74.9701
-74.9829
-74.9955
-75.008
-75.0204
-75.0327
-75.0448
-75.0569
-75.0688
-75.0806
-75.0924
-75.104
-75.1155
-75.1269
-75.1382
-75.1495
-75.1606
-75.1716
-75.1825
-75.1933
-75.204
-75.2147
-75.2252
-75.2356
-75.246
-75.2562
-75.2664
-75.2764
-75.2864
-75.2963
-75.3061
-75.3158
-75.3255
-75.335
-75.3445
-75.3538
-75.3631
-75.3724
-75.3815
-75.3906
-75.3995
-75.4084
-75.4172
-75.426
-75.4346
-75.4432
-75.4518
-75.4602
-75.4686
-75.4769
-75.4851
-75.4932
-75.5013
-75.5093
-75.5173
-75.5251
-75.533
-75.5407
-75.5484
-75.556
-75.5635
-75.571
-75.5784
-75.5858
-75.593
-75.6003
-75.6074
-75.6145
-75.6216
-75.6285
-75.6355
-75.6423
-75.6491
-75.6559
-75.6626
-75.6692
-75.6758
-75.6823
-75.6888
-75.6952
-75.7015
-75.7078
-75.7141
-75.7203
-75.7264
-75.7325
-75.7386
-75.7446
-75.7505
-75.7564
-75.7622
-75.768
-75.7738
-75.7795
-75.7851
-75.7907
-75.7963
-75.8018
-75.8072
-75.8127
-75.818
-75.8234
-75.8287
-75.8339
-75.8391
-75.8443
-75.8494
-75.8545
-75.8595
-75.8645
-75.8695
-75.8744
-75.8793
-75.8841
-75.8889
-75.8937
-75.8984
-75.9031
-75.9077
-75.9123
-75.9169
-75.9214
-75.9259
-75.9304
-75.9348
-75.9392
-75.9436
-75.9479
-75.9522
-75.9565
-75.9607
-75.9649
-75.969
-75.9731
-75.9772
-75.9813
-75.9853
-75.9893
-75.9933
-75.9972
-76.0011
-76.005
-76.0088
-76.0126
-76.0164
-76.0201
-76.0239
-76.0275
-76.0312
-76.0348
-76.0384
-76.042
-76.0456
-76.0491
-76.0526
-76.056
-76.0595
-76.0629
-76.0663
-76.0696
-76.0729
-76.0762
-76.0795
-76.0828
-76.086
-76.0892
-76.0924
-76.0955
-76.0986
-76.1017
-76.1048
-76.1079
-76.1109
-76.1139
-76.1169
-76.1198
-76.1228
-76.1257
-76.1286
-76.1314
-76.1343
-76.1371
-76.1399
-76.1427
-76.1455
-76.1482
-76.1509
-76.1536
-76.1563
-76.1589
-76.1615
-76.1642
-76.1667
-76.1693
-76.1719
-76.1744
-76.1769
-76.1794
-76.1819
-76.1843
-76.1868
-76.1892
-76.1916
-76.1939
-76.1963
-76.1986
-76.201
-76.2033
-76.2056
-76.2078
-76.2101
-76.2123
-76.2145
-76.2167
-76.2189
-76.2211
-76.2232
-76.2254
-76.2275
-76.2296
-76.2317
-76.2337
-76.2358
-76.2378
-76.2398
-76.2418
-76.2438
-76.2458
-76.2478
-76.2497
-76.2516
-76.2536
-76.2554
-76.2573
-76.2592
-76.2611
-76.2629
-76.2647
-76.2665
-76.2683
-76.2701
-76.2719
-76.2737
-76.2754
-76.2771
-76.2788
-76.2806
-76.2822
-76.2839
-76.2856
-76.2872
-76.2889
-76.2905
-76.2921
-76.2937
-76.2953
-76.2969
-76.2985
-76.3
-76.3016
-76.3031
-76.3046
-76.3061
-76.3076
-76.3091
-76.3106
-76.312
-76.3135
-76.3149
-76.3164
-76.3178
-76.3192
-76.3206
-76.322
-76.3233
-76.3247
-76.3261
-76.3274
-76.3287
-76.33
-76.3314
-76.3327
-76.334
-76.3352
-76.3365
-76.3378
-76.339
-76.3403
-76.3415
-76.3427
-76.3439
-76.3452
-76.3464
-76.3475
-76.3487
-76.3499
-76.351
-76.3522
-76.3533
-76.3545
-76.3556
-76.3567
-76.3578
-76.3589
-76.36
-76.3611
-76.3622
-76.3632
-76.3643
-76.3654
-76.3664
-76.3674
-76.3685
-76.3695
-76.3705
-76.3715
-76.3725
-76.3735
-76.3745
-76.3754
-76.3764
-76.3774
-76.3783
-76.3793
-76.3802
-76.3811
-76.382
-76.383
-76.3839
-76.3848
-76.3857
-76.3866
-76.3874
-76.3883
-76.3892
-76.39
-76.3909
-76.3917
-76.3926
-76.3934
-76.3943
-76.3951
-76.3959
-76.3967
-76.3975
-76.3983
-76.3991
-76.3999
-76.4007
-76.4014
-76.4022
-76.403
-76.4037
-76.4045
-76.4052
-76.406
-75.6444
-71.3632
-67.6824
-64.9095
-62.7487
-60.9504
-59.2505
-57.2008
-52.8624
43.9501
-9.03746
-40.2725
-78.4855
-78.8854
-78.7339
-78.5814
-78.4154
-78.2354
-78.042
-77.8357
-77.6179
-75.8395
-73.8578
-72.6306
-71.764
-71.0691
-70.4704
-69.9358
-69.4506
-69.0079
-68.6046
-68.4364
-68.8598
-69.2018
-69.4317
-69.5897
-69.7009
-69.7817
-69.8428
-67.5825
-64.8537
-62.8423
-61.3059
-60.0243
-60.2774
-61.5004
-63.485
-64.9585
-65.9828
-66.7095
-67.2391
-68.2926
-69.9439
-71.0161
-71.6933
-72.1394
-72.4446
-72.661
-72.8193
-73.1941
-73.5296
-73.7648
-73.9335
-74.0581
-74.1527
-74.3236
-74.5395
-74.6978
-74.8131
-74.8994
-74.9657
-75.0178
-75.0597
-75.094
-75.1228
-75.1472
-75.1684
-75.1871
-75.2038
-75.2189
-74.1391
-70.0948
-66.8308
-64.4268
-62.5871
-61.0863
-59.726
-58.2661
-56.1654
-49.7129
30.3392
-18.2544
-55.4019
-78.9158
-79.0657
-78.9556
-78.8299
-78.6924
-78.5433
-78.3831
-78.1676
-77.874
-77.6353
-77.4213
-77.2162
-77.0159
-76.8201
-76.6297
-76.446
-76.2701
-76.1031
-75.9459
-75.7991
-75.6631
-75.538
-75.4605
-75.4502
-75.4852
-75.531
-75.5945
-75.6412
-75.6689
-75.6857
-75.6963
-75.7032
-75.708
-75.7115
-75.7261
-75.7528
-75.7729
-75.7877
-75.7991
-75.8081
-75.8155
-75.8218
-75.8273
-75.8323
-75.8369
-75.8412
-75.8454
-75.8494
-75.8533
-75.8572
-75.8624
-75.8786
-75.8936
-75.9057
-75.9158
-75.9243
-75.9316
-75.9381
-75.9439
-75.9493
-75.9542
-75.9588
-75.9632
-75.9674
-75.9715
-75.9754
-75.9793
-75.9831
-75.9868
-75.9905
-75.9942
-75.9978
-76.0014
-76.005
-76.0086
-76.0121
-76.0157
-76.0192
-76.0227
-76.0262
-76.0297
-76.0331
-76.0366
-76.04
-76.0435
-76.0469
-76.0503
-76.0536
-72.784
-68.7678
-65.7142
-63.3713
-61.4757
-59.7729
-57.9089
-54.8302
-7.99247
4.96304
-29.7787
-75.6331
-78.939
-78.793
-78.6465
-78.4867
-78.313
-78.1258
-77.9256
-77.7135
-77.0262
-74.6463
-73.0196
-71.9672
-71.1728
-70.5139
-69.9384
-69.523
-69.618
-68.9117
-66.8489
-65.2911
-64.1986
-63.3959
-62.7826
-62.2972
-61.903
-61.5755
-61.2965
-61.0559
-60.0999
-58.077
-55.5924
-48.7484
26.7807
-20.4425
-59.6583
-79.2194
-79.4348
-79.2691
-79.0481
-78.897
-78.6605
-78.4955
-78.2625
-78.0301
-77.8529
-77.6959
-77.5476
-77.4051
-77.2484
-77.0251
-76.8431
-76.6969
-76.574
-76.4678
-76.3748
-76.2926
-76.2196
-76.1549
-76.0975
-76.0467
-76.0019
-75.9624
-75.9277
-75.8975
-75.8712
-75.8485
-75.829
-72.6098
-68.7241
-65.8247
-63.6405
-61.9142
-60.4315
-58.9652
-57.1215
-53.2363
45.8657
-6.89052
-38.1165
-78.061
-78.9514
-78.8363
-78.6963
-78.5429
-78.3766
-78.1975
-78.0064
-77.7414
-76.9522
-74.5008
-72.9253
-71.9607
-71.4275
-71.2044
-70.977
-70.7431
-70.5157
-70.3011
-70.1027
-69.9222
-69.7604
-69.6172
-69.4922
-69.385
-69.2946
-69.2203
-69.1609
-69.1156
-69.0833
-69.0629
-69.0535
-69.0541
-69.0638
-69.0816
-69.1067
-69.1383
-69.5441
-70.2409
-70.8076
-71.2571
-71.6187
-71.9134
-72.1566
-72.3596
-72.5308
-72.6767
-72.8023
-72.9114
-73.007
-73.0914
-73.1667
-73.2343
-73.2954
-73.3512
-73.4023
-73.4496
-73.4935
-73.5346
-73.5733
-73.6098
-73.6446
-73.6777
-73.7094
-73.7399
-73.8491
-74.1017
-74.3145
-74.4834
-74.6196
-74.7307
-74.8226
-74.8994
-74.9642
-75.0195
-75.067
-75.1083
-75.1444
-75.1762
-75.2046
-75.2299
-75.2528
-75.2736
-75.2927
-75.3102
-75.3265
-75.3416
-75.3558
-75.3692
-75.3819
-75.394
-75.4055
-75.4166
-75.4272
-75.4375
-75.4475
-75.4572
-75.4666
-75.4758
-75.4848
-75.4936
-75.5022
-75.5107
-75.5191
-75.5273
-75.5354
-75.5434
-75.5513
-75.559
-75.5667
-74.4593
-70.2666
-66.7963
-64.172
-62.1037
-60.3334
-58.5546
-56.1055
-47.4154
23.7495
-20.9796
-62.3352
-78.9372
-78.8213
-78.6751
-78.5175
-78.3459
-78.1606
-77.962
-77.751
-77.5291
-75.6774
-73.576
-72.2557
-71.3252
-70.5878
-69.9616
-69.4098
-69.3629
-69.4691
-68.4898
-66.3806
-64.8224
-63.7167
-63.4338
-63.965
-64.3913
-64.6989
-64.9297
-65.1106
-65.5229
-66.603
-67.4527
-68.0672
-68.5235
-69.3091
-70.1581
-70.4611
-68.0379
-66.4079
-65.9309
-65.79
-66.5112
-67.0972
-67.5065
-68.4397
-69.1583
-69.6174
-69.9233
-70.1368
-70.2924
-70.4108
-70.5046
-70.5821
-70.6484
-70.707
-70.7603
-70.81
-70.8573
-70.903
-70.9476
-70.9916
-71.0353
-71.0789
-71.1225
-71.1663
-71.2103
-71.2544
-71.2988
-71.3434
-71.3882
-71.4332
-71.4783
-71.5235
-71.5688
-71.6141
-71.6594
-70.3901
-66.8033
-63.9179
-61.6946
-59.8242
-57.9507
-55.2787
-42.6261
14.6107
-25.3339
-70.3431
-79.5088
-78.7146
-78.4014
-78.2064
-78.0033
-77.7856
-77.5538
-77.3091
-77.0533
-76.6886
-74.1894
-72.1551
-70.8162

