-70
-69.8623
-69.7285
-69.5983
-69.4718
-69.3487
-69.2291
-69.1128
-68.9997
-68.8897
-68.7828
-68.6789
-68.5778
-68.4795
-68.3839
-68.291
-68.2007
-68.1128
-68.0274
-67.9443
-67.8636
-67.7851
-67.7087
-67.6345
-67.5623
-67.4921
-67.4238
-67.3574
-67.2929
-67.2301
-67.1691
-67.1098
-67.0521
-66.996
-66.9414
-66.8884
-66.8368
-66.7866
-66.7378
-66.6904
-66.6443
-66.5994
-66.5558
-66.5133
-66.4721
-66.432
-66.393
-66.355
-66.3181
-66.2823
-66.2474
-66.2134
-66.1805
-66.1484
-66.1172
-66.0868
-66.0573
-66.0286
-66.0007
-65.9736
-65.9472
-65.9215
-65.8966
-65.8723
-65.8487
-65.8257
-65.8034
-65.7817
-65.7606
-65.74
-65.72
-65.7006
-65.6817
-65.6633
-65.6455
-65.6281
-65.6112
-65.5948
-65.5788
-65.5632
-65.5481
-65.5334
-65.5191
-65.5052
-65.4917
-65.4785
-65.4657
-65.4533
-65.4412
-65.4294
-65.418
-65.4068
-65.396
-65.3855
-65.3752
-65.3653
-65.3556
-65.3462
-65.337
-65.3281
-65.3194
-65.311
-65.3028
-65.2948
-65.2871
-65.2795
-65.2722
-65.2651
-65.2581
-65.2514
-65.2448
-65.2385
-65.2322
-65.2262
-65.2203
-65.2146
-65.2091
-65.2037
-65.1984
-65.1933
-65.1884
-65.1835
-65.1788
-65.1743
-65.1698
-65.1655
-65.1613
-65.1572
-65.1532
-65.1493
-65.1456
-65.1419
-65.1384
-65.1349
-65.1315
-65.1283
-65.1251
-65.122
-65.119
-65.1161
-65.1132
-65.1104
-65.1077
-65.1051
-65.1026
-65.1001
-65.0977
-65.0953
-65.0931
-65.0908
-65.0887
-65.0866
-65.0845
-65.0826
-65.0806
-65.0788
-65.0769
-65.0752
-65.0734
-65.0718
-65.0701
-65.0685
-65.067
-65.0655
-65.064
-65.0626
-65.0612
-65.0599
-65.0586
-65.0573
-65.0561
-65.0549
-65.0537
-65.0526
-65.0514
-65.0504
-65.0493
-65.0483
-65.0473
-65.0464
-65.0454
-65.0445
-65.0436
-65.0428
-65.0419
-65.0411
-65.0403
-65.0395
-65.0388
-65.0381
-65.0374
-65.0367
-65.036
-65.0353
-65.0347
-65.0341
-65.0335
-65.0329
-65.0323
-65.0318
-65.0313
-65.0307
-65.0302
-65.0297
-65.0293
-65.0288
-65.0283
-65.0279
-65.0275
-65.027
-65.0266
-65.0262
-65.0259
-65.0255
-65.0251
-65.0248
-65.0244
-65.0241
-65.0238
-65.0234
-65.0231
-65.0228
-65.0225
-65.0223
-65.022
-65.0217
-65.0215
-65.0212
-65.021
-65.0207
-65.0205
-65.0203
-65.02
-65.0198
-65.0196
-65.0194
-65.0192
-65.019
-65.0188
-65.0187
-65.0185
-65.0183
-65.0181
-65.018
-65.0178
-65.0177
-65.0175
-65.0174
-65.0172
-65.0171
-65.017
-65.0168
-65.0167
-65.0166
-65.0165
-65.0163
-65.0162
-65.0161
-65.016
-65.0159
-65.0158
-65.0157
-65.0156
-65.0155
-65.0154
-65.0153
-65.0153
-65.0152
-65.0151
-65.015
-65.0149
-65.0149
-65.0148
-65.0147
-65.0147
-65.0146
-65.0145
-65.0145
-65.0144
-65.0143
-65.0143
-65.0142
-65.0142
-65.0141
-65.0141
-65.014
-65.014
-65.0139
-65.0139
-65.0138
-65.0138
-65.0137
-65.0137
-65.0137
-65.0136
-65.0136
-65.0135
-65.0135
-65.0135
-65.0134
-65.0134
-65.0134
-65.0133
-65.0133
-65.0133
-65.0133
-65.0132
-65.0132
-65.0132
-65.0131
-65.0131
-65.0131
-65.0131
-65.0131
-65.013
-65.013
-65.013
-65.013
-65.0129
-65.0129
-65.0129
-65.0129
-65.0129
-65.0129
-65.0128
-65.0128
-65.0128
-65.0128
-65.0128
-65.0128
-65.0127
-65.0127
-65.0127
-65.0127
-65.0127
-65.0127
-65.0127
-65.0127
-65.0126
-65.0126
-65.0126
-65.0126
-65.0126
-65.0126
-65.0126
-65.0126
-65.0126
-65.0126
-65.0125
-65.0125
-65.0125
-65.0125
-65.0125
-65.0125
-65.0125
-65.0125
-65.0125
-65.0125
-65.0125
-65.0125
-65.0125
-65.0124
-65.0124
-65.0124
-65.0124
-65.0124
-65.0124
-65.0124
-65.0124
-65.0124
-65.0124
-65.0124
-65.0124
-65.0124
-65.0124
-65.0124
-65.0124
-65.0124
-65.0124
-65.0124
-65.0124
-65.0124
-65.0124
-65.0124
-65.0123
-65.0123
-65.0123
-65.0123
-65.0123
-65.0123
-65.0123
-65.0123
-65.0123
-65.0123
-65.0123
-65.0123
-65.0123
-65.0123
-65.0123
-65.0123
-65.0123
-65.0123
-65.0123
-65.0123
-65.0123
-65.0123
-65.0123
-65.0123
-65.0123
-65.0123
-65.0123
-65.0123
-65.0123
-65.0123
-65.0123
-65.0123
-65.0123
-65.0123
-65.0123
-65.0123
-65.0123
-65.0123
-65.0123
-65.0123
-65.0123
-65.0123
-65.0123
-65.0123
-65.0123
-65.0123
-65.0123
-65.0123
-65.0123
-65.0123
-65.0123
-65.0123
-65.0123
-65.0123
-65.0123
-65.0123
-65.0123
-65.0123
-65.0123
-65.0123
-65.0123
-65.0123
-65.0123
-65.0123
-65.0123
-65.0123
-65.0123
-65.0123
-65.0123
-65.0123
-65.0123
-65.0123
-65.0123
-65.0123
-64.9505
-64.8995
-64.8615
-64.8344
-64.8133
-64.7964
-64.7828
-64.772
-64.7634
-64.7568
-64.7518
-64.7482
-64.7458
-64.7444
-64.7439
-64.7441
-64.745
-64.7465
-64.7484
-64.7508
-64.7534
-64.7564
-64.7596
-64.763
-64.7666
-64.7703
-64.7742
-64.7781
-64.7821
-64.7861
-64.7902
-64.7942
-64.7983
-64.8024
-64.7803
-64.7211
-64.6822
-64.6538
-64.634
-64.6191
-64.6078
-64.5995
-64.5936
-64.5897
-64.5876
-64.5868
-64.5873
-64.5889
-64.5913
-64.5945
-64.5983
-64.6026
-64.6074
-64.6126
-64.618
-64.5388
-64.2246
-64.0074
-63.7984
-63.5432
-63.3134
-63.0117
-62.7339
-62.3798
-62.1087
-61.8539
-61.6689
-61.5271
-61.3291
-61.1455
-61.013
-60.8683
-60.7659
-60.6938
-60.6475
-60.6202
-60.6084
-60.6096
-60.6218
-60.6184
-60.6108
-60.6202
-60.6422
-60.6743
-60.7134
-60.7121
-60.7272
-60.7544
-60.7924
-60.8372
-60.8623
-60.8708
-60.8962
-60.932
-60.9761
-61.0255
-61.0787
-61.1351
-61.1939
-61.2545
-61.3166
-61.3797
-61.4436
-61.508
-61.5726
-61.6372
-61.7016
-61.7658
-61.8295
-61.8927
-61.9552
-62.0171
-62.0781
-62.1383
-62.1947
-62.2045
-62.2283
-62.2592
-62.2964
-62.3366
-62.3787
-62.419
-62.3686
-62.2698
-62.1042
-61.9955
-61.9259
-61.8849
-61.8459
-61.7753
-61.6788
-61.6194
-61.5853
-61.5704
-61.5154
-61.4799
-61.3804
-61.266
-61.1523
-61.0022
-60.7901
-60.5769
-60.3782
-60.2481
-60.161
-60.1064
-60.0752
-60.0628
-60.066
-60.0822
-60.107
-60.1023
-60.0394
-59.9909
-59.9408
-59.9264
-59.8964
-59.8838
-59.8918
-59.9167
-59.9534
-59.9993
-60.0525
-60.1117
-60.1758
-60.2439
-60.3152
-60.3891
-60.465
-60.5425
-60.6212
-60.7006
-60.7805
-60.8606
-60.9407
-61.0206
-61.1001
-61.1791
-61.2574
-61.3349
-61.4115
-61.4872
-61.5618
-61.6353
-61.7077
-61.7789
-61.8489
-61.9177
-61.9853
-62.0516
-62.1166
-62.1803
-62.2427
-62.3039
-62.3638
-62.4223
-62.4797
-62.5358
-62.5906
-62.6442
-62.6966
-62.7478
-62.7978
-62.8467
-62.8944
-62.941
-62.9865
-63.0309
-63.0743
-63.1166
-63.1578
-63.1981
-63.2374
-63.2757
-63.3131
-63.3495
-63.3851
-63.4198
-63.4536
-63.4866
-63.5187
-63.5501
-63.5807
-63.6105
-63.5768
-63.5059
-63.4646
-63.4402
-63.4286
-63.424
-63.4249
-63.4301
-63.4387
-63.4501
-63.4254
-63.3296
-63.2713
-63.233
-63.2114
-63.1023
-62.7662
-62.3642
-62.0267
-61.6946
-61.4306
-61.2325
-61.0296
-60.8829
-60.7567
-60.6471
-60.5715
-60.5214
-60.4926
-60.4548
-60.4196
-60.4065
-60.4101
-60.4272
-60.4543
-60.4897
-60.5319
-60.5799
-60.6326
-60.6893
-60.7493
-60.812
-60.8769
-60.9435
-61.0005
-61.0287
-61.0705
-61.0861
-61.1027
-61.1331
-61.1489
-61.1516
-61.1721
-61.1574
-61.1637
-61.1443
-61.1469
-61.1635
-61.192
-61.228
-61.2699
-61.2798
-61.2879
-61.3105
-61.3355
-61.3245
-61.3351
-61.3576
-61.3905
-61.4295
-61.4733
-61.5206
-61.5709
-61.6234
-61.661
-61.6121
-61.5987
-61.603
-61.6227
-61.6508
-61.6714
-61.6687
-61.6376
-61.623
-61.5785
-61.5637
-61.5649
-61.5794
-61.5626
-61.559
-61.5653
-61.5061
-61.4542
-61.4304
-61.4268
-61.381
-61.2372
-61.1142
-61.0108
-60.9196
-60.8047
-60.6794
-60.603
-60.5121
-60.368
-60.2015
-60.0932
-60.0266
-59.9914
-59.9776
-59.9807
-59.9584
-59.9254
-59.9093
-59.9159
-59.9394
-59.975
-60.0197
-60.0719
-60.1302
-60.1934
-60.2608
-60.2958
-60.3392
-60.3921
-60.4531
-60.519
-60.5882
-60.6599
-60.7334
-60.8084
-60.8843
-60.9609
-61.0377
-61.1146
-61.1914
-61.2678
-61.3438
-61.4191
-61.4937
-61.5675
-61.6403
-61.7122
-61.783
-61.8528
-61.9214
-61.9888
-62.0551
-62.1201
-62.1839
-62.2464
-62.3077
-62.3678
-62.4266
-62.4842
-62.5405
-62.5956
-62.6495
-62.7023
-62.7538
-62.8041
-62.8533
-62.9014
-62.9483
-62.9942
-63.0389
-63.0826
-63.1252
-63.1668
-63.2074
-63.247
-63.2857
-63.3234
-63.3601
-63.396
-63.431
-63.4651
-63.4983
-63.5308
-63.5624
-63.5932
-63.6233
-63.6526
-63.6812
-63.709
-63.7362
-63.7627
-63.7885
-63.8136
-63.8382
-63.8621
-63.8854
-63.9081
-63.9302
-63.9518
-63.9729
-63.9934
-64.0134
-64.0329
-64.0519
-64.0704
-64.0884
-64.106
-64.1232
-64.0605
-63.93
-63.8405
-63.7783
-63.7362
-63.7058
-63.6841
-63.6694
-63.6604
-63.629
-63.5319
-63.4553
-63.4023
-63.2423
-62.6088
-62.1102
-61.7482
-61.4912
-61.2969
-61.1467
-61.0316
-60.9452
-60.8828
-60.8406
-60.8154
-60.8048
-60.8064
-60.8185
-60.8395
-60.8681
-60.8716
-60.8037
-60.7601
-60.7108
-60.6875
-60.6844
-60.6973
-60.7213
-60.754
-60.787
-60.7881
-60.8081
-60.8391
-60.8453
-60.8581
-60.8842
-60.9213
-60.9656
-61.0151
-61.0357
-61.0543
-61.0784
-61.0716
-61.087
-61.1143
-61.1519
-61.1956
-61.244
-61.2961
-61.351
-61.4081
-61.467
-61.5272
-61.5883
-61.65
-61.7121
-61.7546
-61.7686
-61.7979
-61.8349
-61.8781
-61.9246
-61.9732
-62.0233
-62.0746
-62.1266
-62.1792
-62.2319
-62.2847
-62.3374
-62.3899
-62.4419
-62.4935
-62.5445
-62.595
-62.6447
-62.6938
-62.7421
-62.7896
-62.8362
-62.8821
-62.9271
-62.9713
-63.0146
-62.9905
-62.9036
-62.8381
-62.8004
-62.7483
-62.5829
-62.389
-62.1884
-61.9579
-61.7748
-61.5872
-61.3914
-61.1224
-60.8748
-60.6883
-60.5583
-60.468
-60.4064
-60.3675
-60.3474

