-70
-69.8623
-69.7285
-69.5983
-69.4718
-69.3487
-69.2291
-69.1128
-68.9997
-68.8897
-68.7828
-68.6789
-68.5778
-68.4795
-68.3839
-68.291
-68.2007
-68.1128
-68.0274
-67.9443
-67.8636
-67.7851
-67.7087
-67.6345
-67.5623
-67.4921
-67.4238
-67.3574
-67.2929
-67.2301
-67.1691
-67.1098
-67.0521
-66.996
-66.9414
-66.8884
-66.8368
-66.7866
-66.7378
-66.6904
-66.6443
-66.5994
-66.5558
-66.5133
-66.4721
-66.432
-66.393
-66.355
-66.3181
-66.2823
-66.2474
-66.2134
-66.1805
-66.1484
-66.1172
-66.0868
-66.0573
-66.0286
-66.0007
-65.9736
-65.9472
-65.9215
-65.8966
-65.8723
-65.8487
-65.8257
-65.8034
-65.7817
-65.7606
-65.74
-65.72
-65.7006
-65.6817
-65.6633
-65.6455
-65.6281
-65.6112
-65.5948
-65.5788
-65.5632
-65.5481
-65.5334
-65.5191
-65.5052
-65.4917
-65.4785
-65.4657
-65.4533
-65.4412
-65.4294
-65.418
-65.4068
-65.396
-65.3855
-65.3752
-65.3653
-65.3556
-65.3462
-65.337
-65.3281
-65.3194
-65.311
-65.3028
-65.2948
-65.2871
-65.2795
-65.2722
-65.2651
-65.2581
-65.2514
-65.2448
-65.2385
-65.2322
-65.2262
-65.2203
-65.2146
-65.2091
-65.2037
-65.1984
-65.1933
-65.1884
-65.1835
-65.1788
-65.1743
-65.1698
-65.1655
-65.1613
-65.1572
-65.1532
-65.1493
-65.1456
-65.1419
-65.1384
-65.1349
-65.1315
-65.1283
-65.1251
-65.122
-65.119
-65.1161
-65.1132
-65.1104
-65.1077
-65.1051
-65.1026
-65.1001
-65.0977
-65.0953
-65.0931
-65.0908
-65.0887
-65.0866
-65.0845
-65.0826
-65.0806
-65.0788
-65.0769
-65.0752
-65.0734
-65.0718
-65.0701
-65.0685
-65.067
-65.0655
-65.064
-65.0626
-65.0612
-65.0599
-65.0586
-65.0573
-65.0561
-65.0549
-65.0537
-65.0526
-65.0514
-65.0504
-65.0493
-65.0483
-65.0473
-65.0464
-65.0454
-65.0445
-65.0436
-65.0428
-65.0419
-65.0411
-65.0403
-65.0395
-65.0388
-65.0381
-65.0374
-65.0367
-65.036
-65.0353
-65.0347
-65.0341
-65.0335
-65.0329
-65.0323
-65.0318
-65.0313
-65.0307
-65.0302
-65.0297
-65.0293
-65.0288
-65.0283
-65.0279
-65.0275
-65.027
-65.0266
-65.0262
-65.0259
-65.0255
-65.0251
-65.0248
-65.0244
-65.0241
-65.0238
-65.0234
-65.0231
-65.0228
-65.0225
-65.0223
-65.022
-65.0217
-65.0215
-65.0212
-65.021
-65.0207
-65.0205
-65.0203
-65.02
-65.0198
-65.0196
-65.0194
-65.0192
-65.019
-65.0188
-65.0187
-65.0185
-65.0183
-65.0181
-65.018
-65.0178
-65.0177
-65.0175
-65.0174
-65.0172
-65.0171
-65.017
-65.0168
-65.0167
-65.0166
-65.0165
-65.0163
-65.0162
-65.0161
-65.016
-65.0159
-65.0158
-65.0157
-65.0156
-65.0155
-65.0154
-65.0153
-65.0153
-65.0152
-65.0151
-65.015
-65.0149
-65.0149
-65.0148
-65.0147
-65.0147
-65.0146
-65.0145
-65.0145
-65.0144
-65.0143
-65.0143
-65.0142
-65.0142
-65.0141
-65.0141
-65.014
-65.014
-65.0139
-65.0139
-65.0138
-65.0138
-65.0137
-65.0137
-65.0137
-65.0136
-65.0136
-65.0135
-65.0135
-65.0135
-65.0134
-65.0134
-65.0134
-65.0133
-65.0133
-65.0133
-65.0133
-65.0132
-65.0132
-65.0132
-65.0131
-65.0131
-65.0131
-65.0131
-65.0131
-65.013
-65.013
-65.013
-65.013
-65.0129
-65.0129
-65.0129
-65.0129
-65.0129
-65.0129
-65.0128
-65.0128
-65.0128
-65.0128
-65.0128
-65.0128
-65.0127
-65.0127
-65.0127
-65.0127
-65.0127
-65.0127
-65.0127
-65.0127
-65.0126
-65.0126
-65.0126
-65.0126
-65.0126
-65.0126
-65.0126
-65.0126
-65.0126
-65.0126
-65.0125
-65.0125
-65.0125
-65.0125
-65.0125
-65.0125
-65.0125
-65.0125
-65.0125
-65.0125
-65.0125
-65.0125
-65.0125
-65.0124
-65.0124
-65.0124
-65.0124
-65.0124
-65.0124
-65.0124
-65.0124
-65.0124
-65.0124
-65.0124
-65.0124
-65.0124
-65.0124
-65.0124
-65.0124
-65.0124
-65.0124
-65.0124
-65.0124
-65.0124
-65.0124
-65.0124
-65.0123
-65.0123
-65.0123
-65.0123
-65.0123
-65.0123
-65.0123
-65.0123
-65.0123
-65.0123
-65.0123
-65.0123
-65.0123
-65.0123
-65.0123
-65.0123
-65.0123
-65.0123
-65.0123
-65.0123
-65.0123
-65.0123
-65.0123
-65.0123
-65.0123
-65.0123
-65.0123
-65.0123
-65.0123
-65.0123
-65.0123
-65.0123
-65.0123
-65.0123
-65.0123
-65.0123
-65.0123
-65.0123
-65.0123
-65.0123
-65.0123
-65.0123
-65.0123
-65.0123
-65.0123
-65.0123
-65.0123
-65.0123
-65.0123
-65.0123
-65.0123
-65.0123
-65.0123
-65.0123
-65.0123
-65.0123
-65.0123
-65.0123
-65.0123
-65.0123
-65.0123
-65.0123
-65.0123
-65.0123
-65.0123
-65.0123
-65.0123
-65.0123
-65.0123
-65.0123
-65.0123
-65.0123
-65.0123
-65.0123
-64.6429
-64.3402
-64.1155
-63.9555
-63.8313
-63.7321
-63.6525
-63.5889
-63.5388
-63.5
-63.4707
-63.4497
-63.4356
-63.4276
-63.4246
-63.4261
-63.4313
-63.4398
-63.451
-63.4646
-63.4802
-63.4976
-63.5163
-63.5362
-63.5572
-63.5789
-63.6013
-63.6243
-63.6476
-63.6712
-63.695
-63.7189
-63.7428
-63.7667
-63.5592
-63.028
-62.6782
-62.421
-62.2397
-62.1004
-61.9926
-61.9103
-61.8489
-61.8051
-61.776
-61.7595
-61.7536
-61.7567
-61.7675
-61.7848
-61.8078
-61.8354
-61.8391
-61.7132
-61.6174
-61.4569
-60.5536
-59.9371
-59.2146
-58.5186
-57.9045
-56.9676
-56.0615
-55.1049
-54.2746
-53.5707
-53.0458
-52.639
-51.9339
-51.11
-50.3273
-49.1763
-48.2678
-47.3408
-46.4408
-45.4766
-44.263
-42.3935
-38.205
11.316
24.3761
-17.8333
-45.9963
-57.119
-59.7795
-60.1868
-60.1163
-59.889
-59.6197
-59.3724
-59.1568
-58.976
-58.8274
-58.708
-58.6147
-58.5444
-58.4941
-58.4611
-58.4433
-58.4386
-58.4452
-58.3698
-58.2766
-58.2242
-58.2008
-58.1726
-58.1377
-58.1287
-58.1086
-58.0981
-58.0661
-58.0501
-58.0559
-58.0785
-58.1131
-58.1569
-58.2008
-58.2118
-58.1929
-58.0198
-57.794
-57.6475
-57.5595
-57.5091
-57.2629
-57.0069
-56.7223
-56.4331
-56.1484
-55.8747
-55.5876
-55.3331
-55.136
-54.874
-54.4816
-53.792
-53.0146
-52.236
-51.5157
-50.9016
-50.0555
-49.0668
-48.0121
-47.0303
-45.9968
-44.8534
-43.3538
-40.743
-30.9795
41.9855
-1.1075
-34.509
-55.2171
-60.4629
-61.4173
-61.3843
-61.0958
-60.7324
-60.3894
-60.084
-59.7923
-59.5377
-59.3307
-59.1643
-59.032
-58.9281
-58.8486
-58.7901
-58.7499
-58.7255
-58.7148
-58.7161
-58.7278
-58.7486
-58.7773
-58.8129
-58.8546
-58.9014
-58.9528
-59.008
-59.0664
-59.1277
-59.1913
-59.257
-59.3242
-59.3927
-59.4623
-59.5327
-59.6037
-59.6751
-59.7466
-59.8182
-59.8897
-59.9609
-60.0318
-60.1022
-60.1721
-60.2413
-60.3099
-60.3778
-60.4448
-60.511
-60.5763
-60.6408
-60.7043
-60.7668
-60.8284
-60.889
-60.9486
-61.0071
-61.0647
-61.1213
-61.1768
-61.2314
-61.2849
-61.3375
-61.389
-61.4396
-61.4893
-61.5379
-61.5857
-61.6325
-61.6784
-61.7233
-61.6761
-61.3514
-61.1288
-60.9716
-60.8684
-60.7948
-60.7022
-60.6209
-60.5666
-60.5178
-60.4052
-60.0971
-59.6466
-59.2844
-58.9772
-58.4046
-57.5025
-56.2297
-55.0909
-53.9027
-52.9217
-52.1778
-51.2676
-50.5327
-49.588
-48.7034
-47.9378
-47.232
-46.5202
-45.6722
-44.5445
-42.932
-39.7132
-18.7348
34.8101
-11.6926
-43.7252
-58.9866
-62.6169
-63.2695
-63.1995
-62.9111
-62.5615
-62.2416
-61.9316
-61.4972
-60.9433
-60.5009
-60.1212
-59.8211
-59.5839
-59.3959
-59.2466
-59.0976
-58.9597
-58.8129
-58.6565
-58.5327
-58.4476
-58.3455
-58.2786
-58.2377
-58.1832
-58.1546
-58.1381
-58.098
-58.0866
-58.0936
-58.1163
-58.1503
-58.1934
-58.2441
-58.3012
-58.3636
-58.4306
-58.5014
-58.563
-58.5955
-58.6443
-58.6188
-58.5091
-58.3981
-58.12
-57.7618
-57.4222
-57.0249
-56.7024
-56.321
-55.9053
-55.5614
-55.2246
-54.9106
-54.5619
-54.1866
-53.8429
-53.3028
-52.7274
-52.253
-51.7181
-51.2168
-50.6044
-49.8703
-49.1148
-48.3074
-47.5112
-46.7562
-45.9705
-45.0507
-43.7525
-41.5756
-35.1913
39.2383
7.68158
-30.0158
-55.5372
-62.4786
-63.9006
-63.9325
-63.56
-63.148
-62.7406
-62.3554
-61.9893
-61.645
-61.3641
-61.133
-60.9434
-60.787
-60.6586
-60.5542
-60.4707
-60.4051
-60.3551
-60.3187
-60.2942
-60.28
-60.275
-60.2779
-60.2878
-60.3038
-60.325
-60.3509
-60.3807
-60.4141
-60.4505
-60.4894
-60.5306
-60.5737
-60.6184
-60.6644
-60.7116
-60.7597
-60.8084
-60.8577
-60.9074
-60.9573
-61.0073
-61.0573
-61.1072
-61.1569
-61.2064
-61.2556
-61.3043
-61.3527
-61.4005
-61.4479
-61.4947
-61.5409
-61.5865
-61.6314
-61.6758
-61.7194
-61.7624
-61.8047
-61.8464
-61.8873
-61.9276
-61.9671
-62.006
-62.0442
-62.0817
-62.1185
-62.1546
-62.1901
-62.2249
-62.2591
-62.2926
-62.3255
-62.3578
-62.3894
-62.4204
-62.4509
-62.4808
-62.51
-62.5388
-62.5669
-62.5946
-62.6217
-62.6482
-62.6743
-62.6563
-62.6395
-62.6333
-62.6143
-62.1883
-61.7104
-61.3738
-61.1057
-60.8794
-60.7089
-60.5494
-60.2603
-59.9728
-59.7068
-59.3883
-59.1517
-58.9789
-58.6351
-56.8764
-54.9205
-53.511
-52.4991
-51.6892
-50.793
-50.0763
-49.3167
-48.6784
-48.0738
-47.4707
-46.8669
-46.2106
-45.4369
-44.4168
-42.8063
-39.199
-7.88085
29.6079
-16.1906
-48.3233
-61.3377
-64.2945
-64.6836
-64.4689
-64.0427
-63.6354
-63.267
-62.9473
-62.5737
-62.1476
-61.8097
-61.5376
-61.3188
-61.1385
-60.9591
-60.8012
-60.6757
-60.5769
-60.4997
-60.4401
-60.3954
-60.3502
-60.2962
-60.2622
-60.1969
-60.1516
-60.0941
-60.0477
-60.022
-60.012
-60.0139
-60.0248
-60.0432
-60.0678
-60.0978
-60.1323
-60.1706
-60.2122
-60.223
-60.2337
-60.2055
-60.2021
-60.2126
-60.1604
-60.0557
-59.9019
-59.7503
-59.6426
-59.5753
-59.5358
-59.4776
-59.429
-59.405
-59.3997
-59.3386
-59.2697
-59.174
-59.0656
-58.9265
-58.8294
-58.5345
-58.0221
-57.4783
-56.8772
-56.3081
-55.7027
-55.0021
-54.2395
-53.4752
-52.7599
-52.0243
-51.1831
-50.207
-49.3684
-48.6858
-48.0264
-47.3714
-46.688
-45.8801

