-70
-70.0758
-70.1508
-70.225
-70.2983
-70.3706
-70.4419
-70.5122
-70.5814
-70.6496
-70.7168
-70.7829
-70.848
-70.9121
-70.9752
-71.0373
-71.0984
-71.1586
-71.2178
-71.2761
-71.3334
-71.3899
-71.4455
-71.5003
-71.5543
-71.6074
-71.6598
-71.7114
-71.7623
-71.8124
-71.8619
-71.9106
-71.9587
-72.006
-72.0527
-72.0988
-72.1442
-72.1889
-72.2331
-72.2766
-72.3196
-72.362
-72.4038
-72.445
-72.4857
-72.5258
-72.5654
-72.6045
-72.6431
-72.6812
-72.7188
-72.756
-72.7927
-72.8289
-72.8647
-72.9
-72.9349
-72.9694
-73.0035
-73.0371
-73.0704
-73.1032
-73.1357
-73.1678
-73.1994
-73.2307
-73.2617
-73.2922
-73.3224
-73.3523
-73.3817
-73.4109
-73.4397
-73.4682
-73.4963
-73.5241
-73.5516
-73.5788
-73.6057
-73.6323
-73.6585
-73.6845
-73.7102
-73.7356
-73.7608
-73.7857
-73.8103
-73.8346
-73.8587
-73.8825
-73.9061
-73.9294
-73.9524
-73.9753
-73.9979
-74.0202
-74.0423
-74.0642
-74.0859
-74.1073
-74.1285
-74.1495
-74.1703
-74.1909
-74.2112
-74.2313
-74.2513
-74.271
-74.2905
-74.3098
-74.329
-74.3479
-74.3666
-74.3852
-74.4036
-74.4217
-74.4397
-74.4575
-74.4752
-74.4926
-74.5099
-74.527
-74.544
-74.5607
-74.5774
-74.5938
-74.6101
-74.6262
-74.6422
-74.658
-74.6736
-74.6891
-74.7045
-74.7197
-74.7347
-74.7496
-74.7644
-74.779
-74.7935
-74.8079
-74.8221
-74.8362
-74.8501
-74.864
-74.8777
-74.8913
-74.9047
-74.918
-74.9313
-74.9443
-74.9573
-74.9701
-74.9829
-74.9955
-75.008
-75.0204
-75.0327
-75.0448
-75.0569
-75.0688
-75.0806
-75.0924
-75.104
-75.1155
-75.1269
-75.1382
-75.1495
-75.1606
-75.1716
-75.1825
-75.1933
-75.204
-75.2147
-75.2252
-75.2356
-75.246
-75.2562
-75.2664
-75.2764
-75.2864
-75.2963
-75.3061
-75.3158
-75.3255
-75.335
-75.3445
-75.3538
-75.3631
-75.3724
-75.3815
-75.3906
-75.3995
-75.4084
-75.4172
-75.426
-75.4346
-75.4432
-75.4518
-75.4602
-75.4686
-75.4769
-75.4851
-75.4932
-75.5013
-75.5093
-75.5173
-75.5251
-75.533
-75.5407
-75.5484
-75.556
-75.5635
-75.571
-75.5784
-75.5858
-75.593
-75.6003
-75.6074
-75.6145
-75.6216
-75.6285
-75.6355
-75.6423
-75.6491
-75.6559
-75.6626
-75.6692
-75.6758
-75.6823
-75.6888
-75.6952
-75.7015
-75.7078
-75.7141
-75.7203
-75.7264
-75.7325
-75.7386
-75.7446
-75.7505
-75.7564
-75.7622
-75.768
-75.7738
-75.7795
-75.7851
-75.7907
-75.7963
-75.8018
-75.8072
-75.8127
-75.818
-75.8234
-75.8287
-75.8339
-75.8391
-75.8443
-75.8494
-75.8545
-75.8595
-75.8645
-75.8695
-75.8744
-75.8793
-75.8841
-75.8889
-75.8937
-75.8984
-75.9031
-75.9077
-75.9123
-75.9169
-75.9214
-75.9259
-75.9304
-75.9348
-75.9392
-75.9436
-75.9479
-75.9522
-75.9565
-75.9607
-75.9649
-75.969
-75.9731
-75.9772
-75.9813
-75.9853
-75.9893
-75.9933
-75.9972
-76.0011
-76.005
-76.0088
-76.0126
-76.0164
-76.0201
-76.0239
-76.0275
-76.0312
-76.0348
-76.0384
-76.042
-76.0456
-76.0491
-76.0526
-76.056
-76.0595
-76.0629
-76.0663
-76.0696
-76.0729
-76.0762
-76.0795
-76.0828
-76.086
-76.0892
-76.0924
-76.0955
-76.0986
-76.1017
-76.1048
-76.1079
-76.1109
-76.1139
-76.1169
-76.1198
-76.1228
-76.1257
-76.1286
-76.1314
-76.1343
-76.1371
-76.1399
-76.1427
-76.1455
-76.1482
-76.1509
-76.1536
-76.1563
-76.1589
-76.1615
-76.1642
-76.1667
-76.1693
-76.1719
-76.1744
-76.1769
-76.1794
-76.1819
-76.1843
-76.1868
-76.1892
-76.1916
-76.1939
-76.1963
-76.1986
-76.201
-76.2033
-76.2056
-76.2078
-76.2101
-76.2123
-76.2145
-76.2167
-76.2189
-76.2211
-76.2232
-76.2254
-76.2275
-76.2296
-76.2317
-76.2337
-76.2358
-76.2378
-76.2398
-76.2418
-76.2438
-76.2458
-76.2478
-76.2497
-76.2516
-76.2536
-76.2554
-76.2573
-76.2592
-76.2611
-76.2629
-76.2647
-76.2665
-76.2683
-76.2701
-76.2719
-76.2737
-76.2754
-76.2771
-76.2788
-76.2806
-76.2822
-76.2839
-76.2856
-76.2872
-76.2889
-76.2905
-76.2921
-76.2937
-76.2953
-76.2969
-76.2985
-76.3
-76.3016
-76.3031
-76.3046
-76.3061
-76.3076
-76.3091
-76.3106
-76.312
-76.3135
-76.3149
-76.3164
-76.3178
-76.3192
-76.3206
-76.322
-76.3233
-76.3247
-76.3261
-76.3274
-76.3287
-76.33
-76.3314
-76.3327
-76.334
-76.3352
-76.3365
-76.3378
-76.339
-76.3403
-76.3415
-76.3427
-76.3439
-76.3452
-76.3464
-76.3475
-76.3487
-76.3499
-76.351
-76.3522
-76.3533
-76.3545
-76.3556
-76.3567
-76.3578
-76.3589
-76.36
-76.3611
-76.3622
-76.3632
-76.3643
-76.3654
-76.3664
-76.3674
-76.3685
-76.3695
-76.3705
-76.3715
-76.3725
-76.3735
-76.3745
-76.3754
-76.3764
-76.3774
-76.3783
-76.3793
-76.3802
-76.3811
-76.382
-76.383
-76.3839
-76.3848
-76.3857
-76.3866
-76.3874
-76.3883
-76.3892
-76.39
-76.3909
-76.3917
-76.3926
-76.3934
-76.3943
-76.3951
-76.3959
-76.3967
-76.3975
-76.3983
-76.3991
-76.3999
-76.4007
-76.4014
-76.4022
-76.403
-76.4037
-76.4045
-76.4052
-76.406
-76.4067
-76.4074
-76.4082
-76.4089
-74.8509
-70.5394
-67.0677
-64.4383
-62.3694
-60.6139
-58.8923
-56.6604
-50.6804
33.9118
-16.0888
-50.9472
-78.9028
-79.1134
-79.0087
-78.8884
-78.7566
-78.6135
-78.2127
-76.3092
-75.1594
-74.474
-73.9313
-73.4415
-72.978
-72.5331
-72.1058
-71.6976
-71.3104
-71.0736
-71.2233
-71.3296
-71.374
-71.3825
-71.3708
-71.3489
-71.3227
-69.8083
-66.6592
-64.2671
-62.6242
-62.5615
-62.7529
-62.9208
-63.0725
-63.2131
-63.3462
-63.4749
-63.6015
-63.7273
-63.8537
-63.9814
-64.1109
-64.2424
-64.3755
-64.5101
-64.6464
-64.7842
-64.9234
-65.0639
-65.2055
-65.348
-65.4908
-65.6336
-65.7762
-65.9184
-66.0601
-66.201
-66.3411
-66.4802
-66.6179
-66.754
-66.8885
-66.2274
-63.3514
-60.9154
-58.8916
-56.8202
-53.4944
4.19761
-2.02819
-34.3498
-76.9966
-79.5483
-79.5498
-78.2289
-77.6411
-77.3352
-77.0511
-76.7581
-76.4536
-76.1393
-75.8181
-75.2378
-72.5988
-70.4542
-68.975
-67.8738
-67.084
-67.1426
-67.3966
-68.1936
-68.7625
-69.1142
-69.3377
-69.4835
-69.5816
-69.6503
-69.7008
-69.7613
-70.3109
-70.8254
-71.2061
-71.4932
-71.7149
-71.89
-72.0311
-72.1472
-72.2445
-72.3276
-72.3999
-72.4637
-72.521
-72.5732
-72.6212
-72.6661
-72.7083
-72.7485
-72.7869
-72.824
-72.86
-72.895
-72.9291
-72.9627
-72.9956
-73.028
-73.06
-73.0916
-73.1228
-73.1812
-73.4871
-73.7725
-73.9983
-74.1795
-74.3266
-74.4478
-74.5486
-74.6333
-74.7053
-74.7669
-74.8203
-74.8668
-74.9076
-74.9439
-74.9762
-75.0053
-75.0316
-75.0556
-75.0776
-75.098
-75.1169
-75.1346
-75.1512
-75.1669
-75.1818
-75.196
-75.2096
-75.2227
-75.2353
-75.2475
-75.2593
-75.2708
-75.282
-75.2929
-75.3036
-75.3141
-71.7053
-67.8782
-64.9839
-62.746
-60.8988
-59.1655
-57.0825
-52.6181
43.1174
-10.0481
-41.441
-78.978
-78.9371
-78.6162
-78.4411
-78.2598
-78.0641
-77.8542
-77.6309
-77.3955
-77.15
-74.8368
-72.8318
-71.543
-70.6073
-69.8593
-69.2257
-68.6718
-68.1798
-67.3891
-65.0229
-62.9858
-61.632
-61.6544
-61.8234
-61.9546
-62.0625
-62.1561
-62.2427
-62.3271
-62.1034
-60.3872
-58.7016
-56.9588
-54.229
-44.2575
14.9589
-25.5004
-69.7045
-79.3753
-79.4562
-79.3942
-79.3216
-79.2423
-79.1565
-79.0644
-78.9667
-78.8638
-78.7567
-78.6464
-78.534
-78.4207
-78.3077
-78.1962
-78.0872
-77.9817
-77.8804
-77.7841
-77.6932
-77.6079
-77.5285
-77.4549
-77.3872
-77.3251
-77.2684
-77.2168
-77.17
-77.1277
-77.0896
-77.0552
-74.5656
-70.268
-66.9375
-64.4085
-62.4137
-60.7211
-59.0756
-57.0132
-52.2905
41.2634
-11.3755
-43.3368
-78.5386
-78.9843
-78.8673
-78.7306
-78.5811
-78.4188
-78.2441
-78.0577
-77.8605
-76.6685
-74.2379
-72.6785
-71.6381
-70.8425
-70.1809
-69.6045
-69.0905
-68.6951
-69.3343
-70.0529
-70.4933
-70.7623
-70.9297
-71.0356
-71.1036
-71.1483
-71.1789
-71.2013
-71.2192
-71.2352
-71.2508
-71.2671
-71.4736
-71.9029
-72.2508
-72.5217
-72.7365
-72.9097
-73.0516
-73.1695
-73.269
-73.3539
-73.4274
-73.4917
-73.5486
-73.5996
-73.6456
-73.6877
-73.7264
-73.7624
-73.7961
-73.8279
-73.858
-73.8868
-73.9143
-73.9409
-73.9665
-73.9914
-74.0156
-74.0392
-74.0623
-74.085
-74.1072
-74.129
-74.1504
-74.1716
-74.1924
-74.213
-74.2332
-74.2533
-74.273
-74.2926
-74.3119
-74.331
-74.35
-74.3687
-74.3872
-74.4055
-74.4236
-74.4416
-74.4593
-74.4769
-74.4943
-74.5116
-74.5286
-74.5455
-74.5622
-74.5788
-74.5952
-74.6115
-74.6275
-74.6435
-74.6592
-74.6749
-74.6903
-74.7057
-74.7208
-71.1872
-67.4362
-64.595
-62.3872
-60.5393
-58.7473
-56.4246
-49.8289
30.7298
-17.7745
-54.7012
-79.4723
-79.7203
-79.69
-79.6507
-79.6071
-79.5593
-79.5071
-79.4508
-76.6488
-74.6015
-73.4438
-72.6387
-71.9899
-71.424
-70.9114
-70.4399
-69.6201
-67.0868
-64.9467
-63.3516
-62.0946
-61.0378
-60.0757
-59.1051
-57.9765
-56.2324
-50.3406
33.3661
-17.1468
-52.4973
-78.9694
-79.2789
-79.1986
-79.1012
-78.8987
-77.2023
-76.3101
-75.8412
-75.4559
-75.0887
-74.7268
-74.3691
-74.0175
-73.6749
-73.3441
-73.0276
-72.7278
-72.4769
-72.5238
-72.5746
-72.5859
-72.5748
-72.5519
-72.5236
-72.494
-72.4657
-72.4402
-72.4183
-72.4007
-72.3873
-72.3783
-72.3735
-72.3728
-72.3758
-72.3823
-72.392
-72.4047
-72.4199
-72.4376
-72.4574
-72.479
-72.5024
-72.5271
-72.5532
-72.5804
-72.6085
-72.6374
-72.667
-72.6971
-72.7277
-72.7587
-72.79
-72.8214
-72.8531
-72.8848
-72.9165
-71.1838
-67.4203
-64.4499
-62.1608
-60.2528
-58.3886
-55.8775
-46.9789
22.2565
-21.8285
-63.9259
-79.5604
-79.6909
-79.6553
-78.2178
-77.5942
-77.2779
-76.988
-76.6903
-76.3816
-76.0634
-75.7386
-75.4104
-72.9332
-70.5778
-68.9488
-67.7516

