-70
-70.0758
-70.1508
-70.225
-70.2983
-70.3706
-70.4419
-70.5122
-70.5814
-70.6496
-70.7168
-70.7829
-70.848
-70.9121
-70.9752
-71.0373
-71.0984
-71.1586
-71.2178
-71.2761
-71.3334
-71.3899
-71.4455
-71.5003
-71.5543
-71.6074
-71.6598
-71.7114
-71.7623
-71.8124
-71.8619
-71.9106
-71.9587
-72.006
-72.0527
-72.0988
-72.1442
-72.1889
-72.2331
-72.2766
-72.3196
-72.362
-72.4038
-72.445
-72.4857
-72.5258
-72.5654
-72.6045
-72.6431
-72.6812
-72.7188
-72.756
-72.7927
-72.8289
-72.8647
-72.9
-72.9349
-72.9694
-73.0035
-73.0371
-73.0704
-73.1032
-73.1357
-73.1678
-73.1994
-73.2307
-73.2617
-73.2922
-73.3224
-73.3523
-73.3817
-73.4109
-73.4397
-73.4682
-73.4963
-73.5241
-73.5516
-73.5788
-73.6057
-73.6323
-73.6585
-73.6845
-73.7102
-73.7356
-73.7608
-73.7857
-73.8103
-73.8346
-73.8587
-73.8825
-73.9061
-73.9294
-73.9524
-73.9753
-73.9979
-74.0202
-74.0423
-74.0642
-74.0859
-74.1073
-74.1285
-74.1495
-74.1703
-74.1909
-74.2112
-74.2313
-74.2513
-74.271
-74.2905
-74.3098
-74.329
-74.3479
-74.3666
-74.3852
-74.4036
-74.4217
-74.4397
-74.4575
-74.4752
-74.4926
-74.5099
-74.527
-74.544
-74.5607
-74.5774
-74.5938
-74.6101
-74.6262
-74.6422
-74.658
-74.6736
-74.6891
-74.7045
-74.7197
-74.7347
-74.7496
-74.7644
-74.779
-74.7935
-74.8079
-74.8221
-74.8362
-74.8501
-74.864
-74.8777
-74.8913
-74.9047
-74.918
-74.9313
-74.9443
-74.9573
-74.9701
-74.9829
-74.9955
-75.008
-75.0204
-75.0327
-75.0448
-75.0569
-75.0688
-75.0806
-75.0924
-75.104
-75.1155
-75.1269
-75.1382
-75.1495
-75.1606
-75.1716
-75.1825
-75.1933
-75.204
-75.2147
-75.2252
-75.2356
-75.246
-75.2562
-75.2664
-75.2764
-75.2864
-75.2963
-75.3061
-75.3158
-75.3255
-75.335
-75.3445
-75.3538
-75.3631
-75.3724
-75.3815
-75.3906
-75.3995
-75.4084
-75.4172
-75.426
-75.4346
-75.4432
-75.4518
-75.4602
-75.4686
-75.4769
-75.4851
-75.4932
-75.5013
-75.5093
-75.5173
-75.5251
-75.533
-75.5407
-75.5484
-75.556
-75.5635
-75.571
-75.5784
-75.5858
-75.593
-75.6003
-75.6074
-75.6145
-75.6216
-75.6285
-75.6355
-75.6423
-75.6491
-75.6559
-75.6626
-75.6692
-75.6758
-75.6823
-75.6888
-75.6952
-75.7015
-75.7078
-75.7141
-75.7203
-75.7264
-75.7325
-75.7386
-75.7446
-75.7505
-75.7564
-75.7622
-75.768
-75.7738
-75.7795
-75.7851
-75.7907
-75.7963
-75.8018
-75.8072
-75.8127
-75.818
-75.8234
-75.8287
-75.8339
-75.8391
-75.8443
-75.8494
-75.8545
-75.8595
-75.8645
-75.8695
-75.8744
-75.8793
-75.8841
-75.8889
-75.8937
-75.8984
-75.9031
-75.9077
-75.9123
-75.9169
-75.9214
-75.9259
-75.9304
-75.9348
-75.9392
-75.9436
-75.9479
-75.9522
-75.9565
-75.9607
-75.9649
-75.969
-75.9731
-75.9772
-75.9813
-75.9853
-75.9893
-75.9933
-75.9972
-76.0011
-76.005
-76.0088
-76.0126
-76.0164
-76.0201
-76.0239
-76.0275
-76.0312
-76.0348
-76.0384
-76.042
-76.0456
-76.0491
-76.0526
-76.056
-76.0595
-76.0629
-76.0663
-76.0696
-76.0729
-76.0762
-76.0795
-76.0828
-76.086
-76.0892
-76.0924
-76.0955
-76.0986
-76.1017
-76.1048
-76.1079
-76.1109
-76.1139
-76.1169
-76.1198
-76.1228
-76.1257
-76.1286
-76.1314
-76.1343
-76.1371
-76.1399
-76.1427
-76.1455
-76.1482
-76.1509
-76.1536
-76.1563
-76.1589
-76.1615
-76.1642
-76.1667
-76.1693
-76.1719
-76.1744
-76.1769
-76.1794
-76.1819
-76.1843
-76.1868
-76.1892
-76.1916
-76.1939
-76.1963
-76.1986
-76.201
-76.2033
-76.2056
-76.2078
-76.2101
-76.2123
-76.2145
-76.2167
-76.2189
-76.2211
-76.2232
-76.2254
-76.2275
-76.2296
-76.2317
-76.2337
-76.2358
-76.2378
-76.2398
-76.2418
-76.2438
-76.2458
-76.2478
-76.2497
-76.2516
-76.2536
-76.2554
-76.2573
-76.2592
-76.2611
-76.2629
-76.2647
-76.2665
-76.2683
-76.2701
-76.2719
-76.2737
-76.2754
-76.2771
-76.2788
-76.2806
-76.2822
-76.2839
-76.2856
-76.2872
-76.2889
-76.2905
-76.2921
-76.2937
-76.2953
-76.2969
-76.2985
-76.3
-76.3016
-76.3031
-76.3046
-76.3061
-76.3076
-76.3091
-76.3106
-76.312
-76.3135
-76.3149
-76.3164
-76.3178
-76.3192
-76.3206
-76.322
-76.3233
-76.3247
-76.3261
-76.3274
-76.3287
-76.33
-76.3314
-76.3327
-76.334
-76.3352
-76.3365
-76.3378
-76.339
-76.3403
-76.3415
-76.3427
-76.3439
-76.3452
-76.3464
-76.3475
-76.3487
-76.3499
-76.351
-76.3522
-76.3533
-76.3545
-76.3556
-76.3567
-76.3578
-76.3589
-76.36
-76.3611
-76.3622
-76.3632
-76.3643
-76.3654
-76.3664
-76.3674
-76.3685
-76.3695
-76.3705
-76.3715
-76.3725
-76.3735
-76.3745
-76.3754
-76.3764
-76.3774
-76.3783
-76.3793
-76.3802
-76.3811
-76.382
-76.383
-76.3839
-76.3848
-76.3857
-76.3866
-76.3874
-76.3883
-76.3892
-76.39
-76.3909
-76.3917
-76.3926
-76.3934
-76.3943
-76.3951
-76.3959
-76.3967
-76.3975
-76.3983
-76.3991
-76.3999
-76.4007
-76.4014
-76.4022
-76.403
-76.4037
-76.4045
-76.4052
-76.406
-76.4067
-76.4074
-76.4082
-76.4089
-76.4096
-76.4103
-76.411
-76.4117
-76.4124
-76.4131
-76.4137
-76.4144
-76.4151
-76.4158
-76.4164
-76.4171
-76.4177
-76.4184
-76.419
-76.4196
-76.4203
-76.4209
-76.4215
-76.4221
-76.4227
-76.4234
-76.424
-76.4246
-76.4251
-76.4257
-76.4248
-76.3855
-76.346
-76.315
-76.2906
-76.2712
-76.2532
-76.2164
-76.1687
-76.1333
-76.0997
-76.0759
-76.0606
-76.0461
-76.0333
-76.0254
-76.0211
-76.0188
-76.0177
-76.0174
-76.0176
-76.0182
-76.019
-76.0201
-76.0214
-76.0228
-76.0244
-76.0261
-76.0279
-76.0298
-76.0318
-76.034
-76.0362
-76.0384
-76.0408
-76.0432
-76.0457
-76.0482
-76.0508
-76.0535
-76.0562
-76.0589
-76.0617
-76.0645
-76.0673
-76.0702
-76.073
-76.0759
-76.0788
-76.0818
-76.0847
-76.0876
-76.0906
-76.0935
-76.0964
-76.0994
-76.1023
-76.1052
-76.1081
-76.111
-76.1139
-76.1168
-76.1197
-76.1226
-76.1254
-76.1282
-76.131
-76.1338
-76.1366
-76.1394
-76.1375
-76.1267
-76.1076
-76.0841
-76.0615
-76.0437
-76.0283
-76.0183
-76.0132
-76.0102
-76.009
-76.0081
-76.0079
-76.0077
-76.0078
-76.0077
-76.0079
-76.0083
-76.009
-76.0098
-76.0108
-76.0118
-76.013
-76.0142
-76.0155
-76.017
-76.0185
-76.0201
-76.0218
-76.0236
-76.0255
-76.0275
-76.0296
-76.0317
-76.0339
-76.0362
-76.0386
-76.041
-76.0435
-76.046
-76.0486
-76.0513
-76.054
-76.0567
-76.0595
-76.0623
-76.0651
-76.068
-76.0708
-76.0737
-76.0766
-76.0796
-76.0825
-76.0854
-76.0884
-76.0913
-76.0943
-76.0972
-76.1002
-76.1031
-76.106
-76.1089
-76.1118
-76.1147
-76.1176
-76.1205
-76.1233
-76.1262
-76.129
-76.1318
-76.1346
-76.1374
-76.1402
-76.1429
-76.1456
-76.1483
-76.151
-76.1537
-76.1563
-76.159
-76.1616
-76.1642
-76.1668
-76.1693
-76.1719
-76.1744
-76.1769
-76.1794
-76.1818
-76.1843
-76.1867
-76.1891
-76.1915
-76.1939
-76.1963
-76.1986
-76.2009
-76.2032
-76.2055
-76.2078
-76.21
-76.2123
-76.2145
-76.2167
-76.2189
-76.221
-76.2232
-76.2253
-76.2116
-76.1932
-76.1786
-76.1673
-76.1585
-76.1516
-76.1463
-76.1423
-76.1291
-76.1039
-76.0858
-76.0734
-76.0621
-76.0512
-76.0439
-76.0391
-76.0362
-76.0333
-76.0295
-76.0271
-76.0258
-76.0253
-76.0251
-76.0235
-76.0223
-76.022
-76.0221
-76.0227
-76.0235
-76.0246
-76.0259
-76.0274
-76.029
-76.0308
-76.0327
-76.0347
-76.0368
-76.0389
-76.0412
-76.0436
-76.046
-76.0485
-76.051
-76.0536
-76.0563
-76.059
-76.0611
-76.058
-76.055
-76.0531
-76.052
-76.0515
-76.0515
-76.052
-76.0528
-76.0538
-76.0552
-76.0567
-76.0584
-76.0602
-76.0622
-76.0643
-76.0666
-76.0689
-76.0713
-76.0737
-76.0762
-76.0788
-76.0763
-76.0673
-76.0574
-76.0505
-76.046
-76.043
-76.0402
-76.0358
-76.0328
-76.0311
-76.0302
-76.03
-76.0302
-76.0306
-76.0287
-76.0272
-76.0249
-76.0208
-76.0177
-76.0153
-76.0141
-76.0138
-76.014
-76.014
-76.0136
-76.0138
-76.0143
-76.0151
-76.0161
-76.0173
-76.0186
-76.0192
-76.0191
-76.0193
-76.0199
-76.0208
-76.0219
-76.0231
-76.0246
-76.0262
-76.0279
-76.0298
-76.0317
-76.0338
-76.0359
-76.0381
-76.0404
-76.0428
-76.0452
-76.0478
-76.0503
-76.0529
-76.0556
-76.0583
-76.0611
-76.0639
-76.0667
-76.0695
-76.0724
-76.0753
-76.0782
-76.0811
-76.084
-76.0869
-76.0899
-76.0928
-76.0957
-76.0987
-76.1016
-76.1045
-76.1074
-76.1103
-76.1132
-76.1161
-76.119
-76.1218
-76.1247
-76.1275
-76.1303
-76.1331
-76.1359
-76.1387
-76.1414
-76.1442
-76.1469
-76.1496
-76.1523
-76.1549
-76.1576
-76.1602
-76.1628
-76.1654
-76.168
-76.1705
-76.173
-76.1756
-76.1781
-76.1805
-76.183
-76.1854
-76.1878
-76.1902
-76.1926
-76.195
-76.1973
-76.1997
-76.202
-76.2043
-76.2066
-76.2088
-76.2111
-76.2133
-76.2155
-76.2177
-76.2199
-76.222
-76.2242
-76.2263
-76.2284
-76.2305
-76.2326
-76.2346
-76.2367
-76.2387
-76.2407
-76.2427
-76.2447
-76.2467
-76.2486
-76.2505
-76.2525
-76.2544
-76.2563
-76.2541
-76.2322
-76.2124
-76.197
-76.1849
-76.1754
-76.1679
-76.1551
-76.1357
-76.1158
-76.0876
-76.0673
-76.0544
-76.0438
-76.0352
-76.0299
-76.0267
-76.025
-76.0242
-76.0239
-76.0223
-76.0211
-76.0207
-76.0209
-76.0214
-76.0223
-76.0234
-76.0247
-76.0261
-76.0277
-76.0295
-76.0313
-76.0333
-76.0354
-76.0375
-76.0398
-76.0421
-76.0445
-76.047
-76.0495
-76.0521
-76.0547
-76.0574
-76.0601
-76.0629
-76.0646
-76.056
-76.0481
-76.0429
-76.0395
-76.0374
-76.0363
-76.0358
-76.0359
-76.0364
-76.0372
-76.0383
-76.0396
-76.0411
-76.0428
-76.0447
-76.0466
-76.0487
-76.0509
-76.0532
-76.0556
-76.058
-76.0606
-76.0631
-76.0658
-76.0684
-76.0711
-76.0739
-76.0767
-76.0795
-76.0823
-76.0852
-76.088
-76.0909
-76.0938
-76.0966
-76.0995
-76.1024
-76.1053

