-70
-69.8623
-69.7285
-69.5983
-69.4718
-69.3487
-69.2291
-69.1128
-68.9997
-68.8897
-68.7828
-68.6789
-68.5778
-68.4795
-68.3839
-68.291
-68.2007
-68.1128
-68.0274
-67.9443
-67.8636
-67.7851
-67.7087
-67.6345
-67.5623
-67.4921
-67.4238
-67.3574
-67.2929
-67.2301
-67.1691
-67.1098
-67.0521
-66.996
-66.9414
-66.8884
-66.8368
-66.7866
-66.7378
-66.6904
-66.6443
-66.5994
-66.5558
-66.5133
-66.4721
-66.432
-66.393
-66.355
-66.3181
-66.2823
-66.2474
-66.2134
-66.1805
-66.1484
-66.1172
-66.0868
-66.0573
-66.0286
-66.0007
-65.9736
-65.9472
-65.9215
-65.8966
-65.8723
-65.8487
-65.8257
-65.8034
-65.7817
-65.7606
-65.74
-65.72
-65.7006
-65.6817
-65.6633
-65.6455
-65.6281
-65.6112
-65.5948
-65.5788
-65.5632
-65.5481
-65.5334
-65.5191
-65.5052
-65.4917
-65.4785
-65.4657
-65.4533
-65.4412
-65.4294
-65.418
-65.4068
-65.396
-65.3855
-65.3752
-65.3653
-65.3556
-65.3462
-65.337
-65.3281
-65.3194
-65.311
-65.3028
-65.2948
-65.2871
-65.2795
-65.2722
-65.2651
-65.2581
-65.2514
-65.2448
-65.2385
-65.2322
-65.2262
-65.2203
-65.2146
-65.2091
-65.2037
-65.1984
-65.1933
-65.1884
-65.1835
-65.1788
-65.1743
-65.1698
-65.1655
-65.1613
-65.1572
-65.1532
-65.1493
-65.1456
-65.1419
-65.1384
-65.1349
-65.1315
-65.1283
-65.1251
-65.122
-65.119
-65.1161
-65.1132
-65.1104
-65.1077
-65.1051
-65.1026
-65.1001
-65.0977
-65.0953
-65.0931
-65.0908
-65.0887
-65.0866
-65.0845
-65.0826
-65.0806
-65.0788
-65.0769
-65.0752
-65.0734
-65.0718
-65.0701
-65.0685
-65.067
-65.0655
-65.064
-65.0626
-65.0612
-65.0599
-65.0586
-65.0573
-65.0561
-65.0549
-65.0537
-65.0526
-65.0514
-65.0504
-65.0493
-65.0483
-65.0473
-65.0464
-65.0454
-65.0445
-65.0436
-65.0428
-65.0419
-65.0411
-65.0403
-65.0395
-65.0388
-65.0381
-65.0374
-65.0367
-65.036
-65.0353
-65.0347
-65.0341
-65.0335
-65.0329
-65.0323
-65.0318
-65.0313
-65.0307
-65.0302
-65.0297
-65.0293
-65.0288
-65.0283
-65.0279
-65.0275
-65.027
-65.0266
-65.0262
-65.0259
-65.0255
-65.0251
-65.0248
-65.0244
-65.0241
-65.0238
-65.0234
-65.0231
-65.0228
-65.0225
-65.0223
-65.022
-65.0217
-65.0215
-65.0212
-65.021
-65.0207
-65.0205
-65.0203
-65.02
-65.0198
-65.0196
-65.0194
-65.0192
-65.019
-65.0188
-65.0187
-65.0185
-65.0183
-65.0181
-65.018
-65.0178
-65.0177
-65.0175
-65.0174
-65.0172
-65.0171
-65.017
-65.0168
-65.0167
-65.0166
-65.0165
-65.0163
-65.0162
-65.0161
-65.016
-65.0159
-65.0158
-65.0157
-65.0156
-65.0155
-65.0154
-65.0153
-65.0153
-65.0152
-65.0151
-65.015
-65.0149
-65.0149
-65.0148
-65.0147
-65.0147
-65.0146
-65.0145
-65.0145
-65.0144
-65.0143
-65.0143
-65.0142
-65.0142
-65.0141
-65.0141
-65.014
-65.014
-65.0139
-65.0139
-65.0138
-65.0138
-65.0137
-65.0137
-65.0137
-65.0136
-65.0136
-65.0135
-65.0135
-65.0135
-65.0134
-65.0134
-65.0134
-65.0133
-65.0133
-65.0133
-65.0133
-65.0132
-65.0132
-65.0132
-65.0131
-65.0131
-65.0131
-65.0131
-65.0131
-65.013
-65.013
-65.013
-65.013
-65.0129
-65.0129
-65.0129
-65.0129
-65.0129
-65.0129
-65.0128
-65.0128
-65.0128
-65.0128
-65.0128
-65.0128
-65.0127
-65.0127
-65.0127
-65.0127
-65.0127
-65.0127
-65.0127
-65.0127
-65.0126
-65.0126
-65.0126
-65.0126
-65.0126
-65.0126
-65.0126
-65.0126
-65.0126
-65.0126
-65.0125
-65.0125
-65.0125
-65.0125
-65.0125
-65.0125
-65.0125
-65.0125
-65.0125
-65.0125
-65.0125
-65.0125
-65.0125
-65.0124
-65.0124
-65.0124
-65.0124
-65.0124
-65.0124
-65.0124
-65.0124
-65.0124
-65.0124
-65.0124
-65.0124
-65.0124
-65.0124
-65.0124
-65.0124
-65.0124
-65.0124
-65.0124
-65.0124
-65.0124
-65.0124
-65.0124
-65.0123
-65.0123
-65.0123
-65.0123
-65.0123
-65.0123
-65.0123
-65.0123
-65.0123
-65.0123
-65.0123
-65.0123
-65.0123
-65.0123
-65.0123
-65.0123
-65.0123
-65.0123
-65.0123
-65.0123
-65.0123
-65.0123
-65.0123
-65.0123
-65.0123
-65.0123
-65.0123
-65.0123
-65.0123
-65.0123
-65.0123
-65.0123
-65.0123
-65.0123
-65.0123
-65.0123
-65.0123
-65.0123
-65.0123
-65.0123
-65.0123
-65.0123
-65.0123
-65.0123
-65.0123
-65.0123
-65.0123
-65.0123
-65.0123
-65.0123
-65.0123
-65.0123
-65.0123
-65.0123
-65.0123
-65.0123
-65.0123
-65.0123
-65.0123
-65.0123
-65.0123
-65.0123
-65.0123
-65.0123
-65.0123
-65.0123
-65.0123
-65.0123
-65.0123
-65.0123
-65.0123
-65.0123
-65.0123
-65.0123
-62.6019
-60.7149
-59.3557
-58.4073
-57.6796
-57.1014
-56.6385
-56.2681
-55.9739
-55.743
-55.5653
-55.4327
-55.3386
-55.2776
-55.245
-55.2371
-55.2504
-55.2823
-55.3303
-55.3923
-55.4665
-55.5512
-55.6451
-55.7469
-55.8556
-55.97
-56.0893
-56.2126
-56.3394
-56.469
-56.6007
-56.7341
-56.8687
-57.0042
-56.2241
-54.2182
-52.9354
-51.993
-51.3116
-50.7603
-50.2987
-49.9038
-49.5585
-49.2509
-48.9711
-48.7111
-48.4626
-48.2194
-47.9758
-47.7229
-47.4509
-47.1504
-46.6828
-44.4809
-42.0143
-36.303
27.038
14.7573
-20.4309
-41.196
-46.5651
-42.6772
-38.2712
-31.8971
-22.5811
4.34765
-2.29166
-22.9235
-34.3999
-37.7608
-36.5499
-32.8439
-27.8255
-16.6464
3.78994
-11.8485
-29.4333
-37.8534
-38.9136
-37.3403
-34.2732
-29.5782
-17.9986
4.85662
-13.3955
-31.9176
-43.6178
-46.898
-46.7278
-46.7924
-46.454
-47.2635
-47.717
-47.6329
-49.0774
-50.5419
-50.58
-52.0477
-52.9583
-54.0534
-55.6749
-56.0216
-55.4411
-55.6018
-55.2105
-55.4959
-55.2653
-54.6023
-53.685
-52.7428
-51.7955
-50.9288
-51.2741
-50.7207
-50.0468
-50.5017
-50.2215
-51.1058
-50.7284
-49.7749
-48.3521
-49.0798
-49.1807
-48.3409
-46.6358
-45.8827
-44.688
-42.489
-38.1819
-8.31313
19.8923
-16.2221
-40.6077
-50.6089
-51.101
-48.7493
-45.2254
-41.2923
-38.6743
-34.4207
-21.8244
14.0671
-9.39232
-29.1189
-40.3309
-42.3083
-40.7218
-37.795
-33.987
-29.0773
-14.1684
-4.90235
-27.2402
-47.8193
-54.8598
-57.6629
-58.4179
-59.6836
-60.6175
-62.1502
-63.8959
-65.0175
-65.1081
-65.4012
-65.9925
-66.9402
-67.4988
-68.3963
-68.8361
-68.7074
-68.4551
-68.5249
-68.3735
-68.5541
-68.3593
-68.2664
-68.0457
-67.7252
-67.6392
-67.4336
-67.1104
-66.7498
-66.3657
-65.9647
-65.5512
-65.1283
-64.6988
-64.2647
-63.8282
-63.3909
-62.9542
-63.2187
-63.4708
-64.3794
-64.5547
-64.5207
-64.8095
-64.9564
-64.8843
-64.7299
-64.5237
-64.2813
-64.0126
-63.7247
-63.4228
-63.111
-62.7926
-62.4702
-62.146
-61.8216
-61.4985
-61.1778
-60.8604
-60.5472
-60.2386
-59.9352
-59.6373
-59.3451
-59.059
-58.7789
-58.5049
-58.237
-57.9753
-57.7195
-56.5695
-54.1928
-52.4922
-51.1206
-49.9833
-48.9382
-46.7159
-44.3919
-41.4502
-34.4082
36.0948
9.94765
-22.4207
-46.5289
-53.2646
-51.8849
-45.7957
-38.075
-29.8759
-8.97258
10.7346
-13.3494
-30.8473
-39.855
-40.2883
-37.811
-34.3184
-29.3571
-17.6491
6.73684
-11.4369
-31.6063
-41.9072
-43.1931
-41.1949
-38.317
-34.4273
-28.0731
-4.64316
4.74967
-20.3045
-41.8139
-51.2047
-52.793
-53.0808
-52.3765
-50.7501
-48.9013
-51.4436
-52.2942
-51.8122
-50.878
-49.6705
-50.9804
-52.1501
-54.2379
-54.6274
-53.9566
-53.3496
-53.7412
-55.088
-54.7803
-54.0834
-53.4222
-52.7817
-52.1408
-51.6089
-52.7122
-53.7377
-54.0075
-53.8892
-53.626
-54.2289
-54.33
-54.0761
-53.3866
-52.4395
-51.6343
-50.852
-50.1902
-51.6303
-52.4853
-52.1358
-51.7453
-50.0873
-47.9026
-45.7424
-43.2118
-39.466
-25.9889
30.5194
-7.14283
-34.8592
-50.9419
-52.8528
-50.2486
-46.3503
-42.419
-38.2261
-31.6724
-9.48053
13.1099
-16.7347
-35.9341
-44.5708
-45.9834
-44.5789
-41.971
-40.3122
-38.0124
-35.7449
-29.2592
7.14995
-6.46947
-35.5507
-53.2411
-57.3034
-57.6401
-58.0284
-60.0597
-60.6809
-60.2358
-60.1389
-60.148
-60.292
-61.9461
-63.2711
-64.2578
-65.7517
-65.9263
-66.6015
-66.9684
-66.8643
-67.132
-67.0718
-66.8175
-66.5014
-66.4974
-66.5904
-66.4065
-66.5116
-66.3292
-66.0401
-66.1352
-66.2375
-66.2104
-65.9956
-65.7187
-65.4054
-65.0677
-64.713
-64.8823
-64.8121
-64.5957
-64.4818
-64.7452
-64.6685
-64.4877
-64.2591
-63.9994
-63.7185
-63.4228
-63.1171
-62.8051
-62.4894
-62.1725
-61.8562
-61.5417
-61.2305
-60.9233
-60.6209
-60.3239
-60.0328
-59.7478
-59.4692
-59.1973
-58.9319
-58.6733
-58.4212
-58.1758
-57.9368
-57.7042
-57.4778
-57.2574
-57.0429
-56.834
-56.6306
-56.4324
-56.2393
-56.0511
-55.8676
-55.6884
-55.5134
-55.3424
-55.1753
-55.0119
-54.8519
-54.695
-54.5412
-54.3903
-53.6918
-52.9533
-52.1179
-51.0409
-47.9869
-42.6839
-35.7742
22.6701
18.7767
-17.4043
-45.1788
-55.5504
-55.4876
-53.1411
-49.5055
-46.5931
-43.9852
-39.7404
-27.0211
14.4532
3.91987
-21.5342
-38.5192
-43.7742
-42.9578
-39.6699
-35.6175
-29.8387
-14.599
8.99812
-14.0468
-34.7383
-44.7619
-45.7038
-43.3651
-39.3606
-35.2242
-28.9571
-7.17244
7.4998
-18.4313
-38.0147
-47.0923
-49.7004
-49.6069
-49.5412
-48.1428
-47.9226
-46.8873
-47.8588
-49.6696
-52.1937
-54.043
-54.7055
-55.0328
-54.8084
-57.2489
-58.4343
-58.3389
-58.5125
-58.8963
-58.6559
-58.1563
-58.2136
-57.9236
-57.4429
-56.7831
-56.0155
-55.1535
-55.334
-54.9164
-54.2106
-54.6515
-54.4739
-54.1236
-54.7994
-54.8675
-54.5465
-55.0412
-55.633
-56.2986
-56.7811
-56.4884
-55.8832
-55.3003
-54.5763
-53.7304
-52.9767
-52.2911
-51.4891
-50.687
-49.931
-49.1895
-47.9103
-46.2203
-44.2822
-41.6155
-35.2116
31.4485
10.1223
-24.1506
-49.5028
-55.1205
-53.1831
-48.7583
-44.1212
-39.3966
-32.309
-12.3307
15.5955
-12.2181
-31.8798
-42.0685
-43.2428
-41.3109
-38.2729
-34.3334
-27.6697

