-70
-69.8623
-69.7285
-69.5983
-69.4718
-69.3487
-69.2291
-69.1128
-68.9997
-68.8897
-68.7828
-68.6789
-68.5778
-68.4795
-68.3839
-68.291
-68.2007
-68.1128
-68.0274
-67.9443
-67.8636
-67.7851
-67.7087
-67.6345
-67.5623
-67.4921
-67.4238
-67.3574
-67.2929
-67.2301
-67.1691
-67.1098
-67.0521
-66.996
-66.9414
-66.8884
-66.8368
-66.7866
-66.7378
-66.6904
-66.6443
-66.5994
-66.5558
-66.5133
-66.4721
-66.432
-66.393
-66.355
-66.3181
-66.2823
-66.2474
-66.2134
-66.1805
-66.1484
-66.1172
-66.0868
-66.0573
-66.0286
-66.0007
-65.9736
-65.9472
-65.9215
-65.8966
-65.8723
-65.8487
-65.8257
-65.8034
-65.7817
-65.7606
-65.74
-65.72
-65.7006
-65.6817
-65.6633
-65.6455
-65.6281
-65.6112
-65.5948
-65.5788
-65.5632
-65.5481
-65.5334
-65.5191
-65.5052
-65.4917
-65.4785
-65.4657
-65.4533
-65.4412
-65.4294
-65.418
-65.4068
-65.396
-65.3855
-65.3752
-65.3653
-65.3556
-65.3462
-65.337
-65.3281
-65.3194
-65.311
-65.3028
-65.2948
-65.2871
-65.2795
-65.2722
-65.2651
-65.2581
-65.2514
-65.2448
-65.2385
-65.2322
-65.2262
-65.2203
-65.2146
-65.2091
-65.2037
-65.1984
-65.1933
-65.1884
-65.1835
-65.1788
-65.1743
-65.1698
-65.1655
-65.1613
-65.1572
-65.1532
-65.1493
-65.1456
-65.1419
-65.1384
-65.1349
-65.1315
-65.1283
-65.1251
-65.122
-65.119
-65.1161
-65.1132
-65.1104
-65.1077
-65.1051
-65.1026
-65.1001
-65.0977
-65.0953
-65.0931
-65.0908
-65.0887
-65.0866
-65.0845
-65.0826
-65.0806
-65.0788
-65.0769
-65.0752
-65.0734
-65.0718
-65.0701
-65.0685
-65.067
-65.0655
-65.064
-65.0626
-65.0612
-65.0599
-65.0586
-65.0573
-65.0561
-65.0549
-65.0537
-65.0526
-65.0514
-65.0504
-65.0493
-65.0483
-65.0473
-65.0464
-65.0454
-65.0445
-65.0436
-65.0428
-65.0419
-65.0411
-65.0403
-65.0395
-65.0388
-65.0381
-65.0374
-65.0367
-65.036
-65.0353
-65.0347
-65.0341
-65.0335
-65.0329
-65.0323
-65.0318
-65.0313
-65.0307
-65.0302
-65.0297
-65.0293
-65.0288
-65.0283
-65.0279
-65.0275
-65.027
-65.0266
-65.0262
-65.0259
-65.0255
-65.0251
-65.0248
-65.0244
-65.0241
-65.0238
-65.0234
-65.0231
-65.0228
-65.0225
-65.0223
-65.022
-65.0217
-65.0215
-65.0212
-65.021
-65.0207
-65.0205
-65.0203
-65.02
-65.0198
-65.0196
-65.0194
-65.0192
-65.019
-65.0188
-65.0187
-65.0185
-65.0183
-65.0181
-65.018
-65.0178
-65.0177
-65.0175
-65.0174
-65.0172
-65.0171
-65.017
-65.0168
-65.0167
-65.0166
-65.0165
-65.0163
-65.0162
-65.0161
-65.016
-65.0159
-65.0158
-65.0157
-65.0156
-65.0155
-65.0154
-65.0153
-65.0153
-65.0152
-65.0151
-65.015
-65.0149
-65.0149
-65.0148
-65.0147
-65.0147
-65.0146
-65.0145
-65.0145
-65.0144
-65.0143
-65.0143
-65.0142
-65.0142
-65.0141
-65.0141
-65.014
-65.014
-65.0139
-65.0139
-65.0138
-65.0138
-65.0137
-65.0137
-65.0137
-65.0136
-65.0136
-65.0135
-65.0135
-65.0135
-65.0134
-65.0134
-65.0134
-65.0133
-65.0133
-65.0133
-65.0133
-65.0132
-65.0132
-65.0132
-65.0131
-65.0131
-65.0131
-65.0131
-65.0131
-65.013
-65.013
-65.013
-65.013
-65.0129
-65.0129
-65.0129
-65.0129
-65.0129
-65.0129
-65.0128
-65.0128
-65.0128
-65.0128
-65.0128
-65.0128
-65.0127
-65.0127
-65.0127
-65.0127
-65.0127
-65.0127
-65.0127
-65.0127
-65.0126
-65.0126
-65.0126
-65.0126
-65.0126
-65.0126
-65.0126
-65.0126
-65.0126
-65.0126
-65.0125
-65.0125
-65.0125
-65.0125
-65.0125
-65.0125
-65.0125
-65.0125
-65.0125
-65.0125
-65.0125
-65.0125
-65.0125
-65.0124
-65.0124
-65.0124
-65.0124
-65.0124
-65.0124
-65.0124
-65.0124
-65.0124
-65.0124
-65.0124
-65.0124
-65.0124
-65.0124
-65.0124
-65.0124
-65.0124
-65.0124
-65.0124
-65.0124
-65.0124
-65.0124
-65.0124
-65.0123
-65.0123
-65.0123
-65.0123
-65.0123
-65.0123
-65.0123
-65.0123
-65.0123
-65.0123
-65.0123
-65.0123
-65.0123
-65.0123
-65.0123
-65.0123
-65.0123
-65.0123
-65.0123
-65.0123
-65.0123
-65.0123
-65.0123
-65.0123
-65.0123
-65.0123
-65.0123
-65.0123
-65.0123
-65.0123
-65.0123
-65.0123
-65.0123
-65.0123
-65.0123
-65.0123
-65.0123
-65.0123
-65.0123
-65.0123
-65.0123
-65.0123
-65.0123
-65.0123
-65.0123
-65.0123
-65.0123
-65.0123
-65.0123
-65.0123
-65.0123
-65.0123
-65.0123
-65.0123
-65.0123
-65.0123
-65.0123
-65.0123
-65.0123
-65.0123
-65.0123
-65.0123
-65.0123
-65.0123
-65.0123
-65.0123
-65.0123
-65.0123
-65.0123
-65.0123
-65.0123
-65.0123
-65.0123
-65.0123
-64.6429
-64.3402
-64.1155
-63.9555
-63.8313
-63.7321
-63.6525
-63.5889
-63.5388
-63.5
-63.4707
-63.4497
-63.4356
-63.4276
-63.4246
-63.4261
-63.4313
-63.4398
-63.451
-63.4646
-63.4802
-63.4976
-63.5163
-63.5362
-63.5572
-63.5789
-63.6013
-63.6243
-63.6476
-63.6712
-63.695
-63.7189
-63.7428
-63.7667
-63.6362
-63.2886
-63.0614
-62.8959
-62.7813
-62.6947
-62.6293
-62.581
-62.5466
-62.5241
-62.5114
-62.507
-62.5097
-62.5184
-62.5322
-62.5503
-62.5721
-62.597
-62.6025
-62.2532
-62.0148
-61.7428
-61.069
-60.5431
-59.8428
-59.0205
-58.3081
-56.9976
-55.9878
-54.9778
-54.0479
-53.0628
-52.2764
-51.6704
-50.814
-49.8867
-49.0255
-48.0306
-47.1616
-46.1389
-44.9953
-43.526
-41.0219
-32.4755
42.5651
2.37808
-30.9668
-52.7453
-58.5364
-59.788
-59.9145
-59.6571
-59.3558
-59.0645
-58.8098
-58.592
-58.4105
-58.2242
-58.0454
-57.8435
-57.6878
-57.5525
-57.401
-57.2823
-57.1946
-57.0684
-56.9691
-56.8315
-56.6485
-56.4397
-56.2707
-56.1631
-56.0909
-56.0031
-55.9212
-55.8319
-55.7797
-55.76
-55.7413
-55.7305
-55.7447
-55.7778
-55.8264
-55.8867
-55.9091
-55.9415
-55.8665
-55.7256
-55.5274
-55.2924
-55.1398
-55.0092
-54.9015
-54.7109
-54.3706
-54.0454
-53.7217
-53.4369
-53.0702
-52.6034
-52.0394
-51.4604
-50.8196
-50.2103
-49.641
-49.0629
-48.3939
-47.574
-46.4768
-45.1033
-43.3744
-40.5906
-30.8413
41.574
-0.756265
-34.0298
-54.6645
-59.9147
-60.891
-60.789
-60.3714
-59.8899
-59.4298
-59.0064
-58.5795
-58.2263
-57.9434
-57.7197
-57.5427
-57.4043
-57.2988
-57.2214
-57.1682
-57.1359
-57.1216
-57.123
-57.1379
-57.1648
-57.2018
-57.2479
-57.3017
-57.3623
-57.4289
-57.5006
-57.5767
-57.6565
-57.7395
-57.8251
-57.9129
-58.0025
-58.0935
-58.1856
-58.2785
-58.3719
-58.4657
-58.5596
-58.6534
-58.7469
-58.8401
-58.9327
-59.0246
-59.1158
-59.206
-59.2954
-59.3837
-59.4709
-59.557
-59.642
-59.7257
-59.8082
-59.8894
-59.9694
-60.048
-60.1253
-60.2012
-60.2758
-60.3491
-60.4211
-60.4917
-60.5611
-60.6291
-60.6958
-60.7613
-60.8255
-60.8884
-60.9501
-61.0105
-61.0697
-61.1277
-61.1846
-61.2079
-61.05
-60.9574
-60.899
-60.8705
-60.8152
-60.5902
-60.3951
-60.2617
-60.1741
-60.0747
-59.7045
-59.0059
-58.4642
-58.0144
-57.5104
-56.4971
-54.8196
-53.4484
-52.1731
-51.189
-50.4064
-49.5843
-48.8777
-47.976
-47.003
-46.0613
-45.0121
-43.6354
-41.2922
-33.795
41.9948
4.34012
-31.3367
-55.3414
-61.6542
-62.6477
-62.494
-62.116
-61.6778
-61.2588
-60.815
-60.3845
-60.0174
-59.6856
-59.3614
-59.066
-58.7324
-58.4741
-58.2293
-57.9631
-57.7696
-57.6259
-57.488
-57.3418
-57.2303
-57.0563
-56.9146
-56.7951
-56.7094
-56.66
-56.5758
-56.5001
-56.4627
-56.4535
-56.466
-56.4948
-56.5369
-56.5903
-56.6532
-56.6906
-56.7401
-56.8022
-56.8754
-56.956
-57.0424
-57.1215
-57.1349
-57.1213
-57.0622
-57.0005
-56.8129
-56.4929
-56.0598
-55.5041
-55.0055
-54.6198
-54.315
-53.9888
-53.6796
-53.4013
-53.0687
-52.8053
-52.4931
-52.1703
-51.7667
-51.3019
-50.6682
-50.0332
-49.3883
-48.7993
-47.9409
-46.9486
-45.9016
-44.6652
-43.0007
-39.9095
-24.3201
37.749
-9.03928
-42.1236
-59.0637
-63.0619
-63.6732
-63.3885
-62.9253
-62.459
-61.9694
-61.4814
-60.9527
-60.5071
-60.1523
-59.8407
-59.579
-59.3423
-59.1374
-58.9787
-58.8559
-58.7626
-58.6935
-58.6448
-58.6138
-58.598
-58.5954
-58.6042
-58.6231
-58.6506
-58.6857
-58.7273
-58.7746
-58.8268
-58.8831
-58.9431
-59.0061
-59.0717
-59.1394
-59.209
-59.2799
-59.352
-59.425
-59.4987
-59.5727
-59.6471
-59.7215
-59.7958
-59.8699
-59.9436
-60.0169
-60.0897
-60.1618
-60.2332
-60.3039
-60.3738
-60.4427
-60.5108
-60.578
-60.6441
-60.7093
-60.7735
-60.8366
-60.8987
-60.9598
-61.0198
-61.0787
-61.1366
-61.1934
-61.2492
-61.304
-61.3577
-61.4103
-61.462
-61.5127
-61.5623
-61.611
-61.6588
-61.7056
-61.7514
-61.7963
-61.8404
-61.8835
-61.9257
-61.9671
-62.0077
-62.0474
-62.0863
-62.1244
-62.1617
-62.1983
-62.2341
-62.2691
-62.2323
-62.1746
-62.1425
-62.0972
-61.7259
-61.044
-60.5758
-60.1032
-59.6246
-59.2767
-58.9541
-58.4898
-58.0805
-57.7616
-57.2062
-56.7767
-56.4399
-55.9426
-54.526
-52.9132
-51.7212
-50.8393
-50.1344
-49.3691
-48.7164
-47.9478
-47.1904
-46.3999
-45.4697
-44.3009
-42.5466
-38.6917
1.93767
26.5087
-18.1018
-49.5213
-61.3698
-63.74
-63.7182
-63.2715
-62.7236
-62.1032
-61.5369
-61.0337
-60.5148
-60.0992
-59.7277
-59.4042
-59.1149
-58.7819
-58.5059
-58.2604
-58.0787
-57.9407
-57.8383
-57.7429
-57.6621
-57.6102
-57.581
-57.571
-57.5763
-57.5946
-57.624
-57.6631
-57.7104
-57.7353
-57.7617
-57.8027
-57.8548
-57.9152
-57.9816
-58.0529
-58.1281
-58.2067
-58.2526
-58.3019
-58.3618
-58.43
-58.5034
-58.5803
-58.6107
-58.6127
-58.4877
-58.3842
-58.2196
-58.1231
-58.0283
-57.9788
-57.9569
-57.9576
-57.9747
-58.0051
-58.043
-57.9745
-57.8934
-57.8162
-57.6843
-57.4348
-57.2031
-57.0166
-56.7079
-56.2493
-55.6115
-55.0837
-54.3314
-53.5777
-52.7988
-52.0319
-51.3656
-50.6362
-49.645
-48.5943
-47.6984
-46.8809
-45.9831
-44.9491
-43.5292
-40.956

