-70
-70.0758
-70.1508
-70.225
-70.2983
-70.3706
-70.4419
-70.5122
-70.5814
-70.6496
-70.7168
-70.7829
-70.848
-70.9121
-70.9752
-71.0373
-71.0984
-71.1586
-71.2178
-71.2761
-71.3334
-71.3899
-71.4455
-71.5003
-71.5543
-71.6074
-71.6598
-71.7114
-71.7623
-71.8124
-71.8619
-71.9106
-71.9587
-72.006
-72.0527
-72.0988
-72.1442
-72.1889
-72.2331
-72.2766
-72.3196
-72.362
-72.4038
-72.445
-72.4857
-72.5258
-72.5654
-72.6045
-72.6431
-72.6812
-72.7188
-72.756
-72.7927
-72.8289
-72.8647
-72.9
-72.9349
-72.9694
-73.0035
-73.0371
-73.0704
-73.1032
-73.1357
-73.1678
-73.1994
-73.2307
-73.2617
-73.2922
-73.3224
-73.3523
-73.3817
-73.4109
-73.4397
-73.4682
-73.4963
-73.5241
-73.5516
-73.5788
-73.6057
-73.6323
-73.6585
-73.6845
-73.7102
-73.7356
-73.7608
-73.7857
-73.8103
-73.8346
-73.8587
-73.8825
-73.9061
-73.9294
-73.9524
-73.9753
-73.9979
-74.0202
-74.0423
-74.0642
-74.0859
-74.1073
-74.1285
-74.1495
-74.1703
-74.1909
-74.2112
-74.2313
-74.2513
-74.271
-74.2905
-74.3098
-74.329
-74.3479
-74.3666
-74.3852
-74.4036
-74.4217
-74.4397
-74.4575
-74.4752
-74.4926
-74.5099
-74.527
-74.544
-74.5607
-74.5774
-74.5938
-74.6101
-74.6262
-74.6422
-74.658
-74.6736
-74.6891
-74.7045
-74.7197
-74.7347
-74.7496
-74.7644
-74.779
-74.7935
-74.8079
-74.8221
-74.8362
-74.8501
-74.864
-74.8777
-74.8913
-74.9047
-74.918
-74.9313
-74.9443
-74.9573
-74.9701
-74.9829
-74.9955
-75.008
-75.0204
-75.0327
-75.0448
-75.0569
-75.0688
-75.0806
-75.0924
-75.104
-75.1155
-75.1269
-75.1382
-75.1495
-75.1606
-75.1716
-75.1825
-75.1933
-75.204
-75.2147
-75.2252
-75.2356
-75.246
-75.2562
-75.2664
-75.2764
-75.2864
-75.2963
-75.3061
-75.3158
-75.3255
-75.335
-75.3445
-75.3538
-75.3631
-75.3724
-75.3815
-75.3906
-75.3995
-75.4084
-75.4172
-75.426
-75.4346
-75.4432
-75.4518
-75.4602
-75.4686
-75.4769
-75.4851
-75.4932
-75.5013
-75.5093
-75.5173
-75.5251
-75.533
-75.5407
-75.5484
-75.556
-75.5635
-75.571
-75.5784
-75.5858
-75.593
-75.6003
-75.6074
-75.6145
-75.6216
-75.6285
-75.6355
-75.6423
-75.6491
-75.6559
-75.6626
-75.6692
-75.6758
-75.6823
-75.6888
-75.6952
-75.7015
-75.7078
-75.7141
-75.7203
-75.7264
-75.7325
-75.7386
-75.7446
-75.7505
-75.7564
-75.7622
-75.768
-75.7738
-75.7795
-75.7851
-75.7907
-75.7963
-75.8018
-75.8072
-75.8127
-75.818
-75.8234
-75.8287
-75.8339
-75.8391
-75.8443
-75.8494
-75.8545
-75.8595
-75.8645
-75.8695
-75.8744
-75.8793
-75.8841
-75.8889
-75.8937
-75.8984
-75.9031
-75.9077
-75.9123
-75.9169
-75.9214
-75.9259
-75.9304
-75.9348
-75.9392
-75.9436
-75.9479
-75.9522
-75.9565
-75.9607
-75.9649
-75.969
-75.9731
-75.9772
-75.9813
-75.9853
-75.9893
-75.9933
-75.9972
-76.0011
-76.005
-76.0088
-76.0126
-76.0164
-76.0201
-76.0239
-76.0275
-76.0312
-76.0348
-76.0384
-76.042
-76.0456
-76.0491
-76.0526
-76.056
-76.0595
-76.0629
-76.0663
-76.0696
-76.0729
-76.0762
-76.0795
-76.0828
-76.086
-76.0892
-76.0924
-76.0955
-76.0986
-76.1017
-76.1048
-76.1079
-76.1109
-76.1139
-76.1169
-76.1198
-76.1228
-76.1257
-76.1286
-76.1314
-76.1343
-76.1371
-76.1399
-76.1427
-76.1455
-76.1482
-76.1509
-76.1536
-76.1563
-76.1589
-76.1615
-76.1642
-76.1667
-76.1693
-76.1719
-76.1744
-76.1769
-76.1794
-76.1819
-76.1843
-76.1868
-76.1892
-76.1916
-76.1939
-76.1963
-76.1986
-76.201
-76.2033
-76.2056
-76.2078
-76.2101
-76.2123
-76.2145
-76.2167
-76.2189
-76.2211
-76.2232
-76.2254
-76.2275
-76.2296
-76.2317
-76.2337
-76.2358
-76.2378
-76.2398
-76.2418
-76.2438
-76.2458
-76.2478
-76.2497
-76.2516
-76.2536
-76.2554
-76.2573
-76.2592
-76.2611
-76.2629
-76.2647
-76.2665
-76.2683
-76.2701
-76.2719
-76.2737
-76.2754
-76.2771
-76.2788
-76.2806
-76.2822
-76.2839
-76.2856
-76.2872
-76.2889
-76.2905
-76.2921
-76.2937
-76.2953
-76.2969
-76.2985
-76.3
-76.3016
-76.3031
-76.3046
-76.3061
-76.3076
-76.3091
-76.3106
-76.312
-76.3135
-76.3149
-76.3164
-76.3178
-76.3192
-76.3206
-76.322
-76.3233
-76.3247
-76.3261
-76.3274
-76.3287
-76.33
-76.3314
-76.3327
-76.334
-76.3352
-76.3365
-76.3378
-76.339
-76.3403
-76.3415
-76.3427
-76.3439
-76.3452
-76.3464
-76.3475
-76.3487
-76.3499
-76.351
-76.3522
-76.3533
-76.3545
-76.3556
-76.3567
-76.3578
-76.3589
-76.36
-76.3611
-76.3622
-76.3632
-76.3643
-76.3654
-76.3664
-76.3674
-76.3685
-76.3695
-76.3705
-76.3715
-76.3725
-76.3735
-76.3745
-76.3754
-76.3764
-76.3774
-76.3783
-76.3793
-76.3802
-76.3811
-76.382
-76.383
-76.3839
-76.3848
-76.3857
-76.3866
-76.3874
-76.3883
-76.3892
-76.39
-76.3909
-76.3917
-76.3926
-76.3934
-76.3943
-76.3951
-76.3959
-76.3967
-76.3975
-76.3983
-76.3991
-76.3999
-76.4007
-76.4014
-76.4022
-74.8446
-70.5341
-67.0631
-64.4343
-62.3657
-60.6103
-58.888
-56.6535
-50.6465
33.7769
-16.042
-51.0817
-79.4364
-79.7448
-79.718
-78.7039
-77.7425
-77.3594
-77.063
-76.7661
-76.4587
-76.1412
-75.8161
-75.0514
-72.4933
-70.5197
-69.1545
-68.1283
-67.3111
-66.6352
-66.0627
-65.5711
-65.1464
-64.7788
-64.4612
-64.189
-63.9582
-63.7646
-63.6054
-62.6876
-60.3161
-58.0821
-57.0258
-56.2684
-54.6669
-47.4691
22.3603
-22.407
-64.025
-79.3914
-79.5628
-78.4875
-77.7377
-77.4269
-77.1617
-76.891
-76.5818
-76.2782
-75.9965
-75.7239
-75.4597
-75.2538
-75.0659
-74.8836
-74.8032
-74.7384
-74.6622
-74.5833
-74.5067
-74.4348
-74.3689
-74.3093
-74.2562
-74.3566
-74.4702
-74.55
-74.669
-74.8336
-74.9513
-75.0339
-75.0935
-75.1379
-75.1719
-75.1987
-73.369
-69.6037
-66.8513
-64.9118
-63.4949
-62.4136
-61.543
-60.7946
-60.1
-59.3914
-58.5747
-56.1227
-48.7123
26.745
-19.8515
-58.98
-79.2012
-79.3554
-79.28
-78.823
-77.6077
-77.0155
-76.6691
-76.3557
-76.0412
-75.739
-75.4772
-75.2604
-75.0771
-74.9674
-74.8611
-74.745
-74.6299
-74.5206
-74.4192
-74.3263
-74.2422
-74.1728
-74.2556
-74.3361
-74.3857
-74.4162
-74.4352
-74.4473
-74.4553
-74.461
-74.4655
-74.4696
-74.4738
-74.4783
-74.4833
-74.489
-74.4953
-74.5023
-74.51
-74.5184
-74.5274
-74.537
-74.5471
-74.5576
-74.5687
-74.5801
-74.5919
-74.604
-74.6164
-74.629
-74.6419
-74.6549
-74.725
-74.8639
-74.9797
-75.0727
-75.1484
-75.2109
-75.263
-75.307
-75.3446
-75.3769
-75.4051
-75.4299
-75.4518
-75.4714
-75.489
-75.505
-75.5197
-75.5332
-75.5457
-75.5574
-75.5684
-75.5787
-75.5886
-75.5979
-75.6069
-75.6156
-75.6239
-75.632
-72.4139
-68.4653
-65.4679
-63.1682
-61.3011
-59.6081
-57.7183
-54.451
23.3875
1.46322
-31.7984
-76.9476
-79.7227
-79.7236
-79.689
-78.2236
-77.4494
-77.0874
-76.7758
-76.4614
-76.1378
-75.8058
-75.4684
-74.6852
-72.0449
-69.9777
-68.5344
-67.4505
-66.5933
-65.8907
-65.3012
-64.7996
-64.3689
-63.9984
-63.6794
-63.4055
-63.1728
-62.978
-62.8173
-62.6878
-62.5876
-62.0215
-61.071
-60.3284
-59.7216
-59.7468
-60.9245
-61.9763
-62.798
-63.4369
-63.9389
-64.3415
-64.6708
-65.8417
-67.5908
-69.7573
-71.5799
-72.6091
-73.2062
-73.5713
-73.8052
-73.9614
-74.0699
-74.1481
-74.2063
-74.2512
-74.302
-74.4743
-74.6214
-74.7292
-74.8103
-74.8728
-74.9223
-74.9622
-74.9952
-75.0229
-75.0467
-75.0675
-75.086
-75.1026
-75.1179
-75.132
-75.1452
-75.1577
-74.7634
-70.8001
-67.2783
-64.6693
-62.6692
-61.0351
-59.5422
-57.8897
-55.2621
-38.9354
12.4802
-26.2279
-71.8863
-78.978
-78.9281
-78.7991
-78.6563
-78.5007
-78.3326
-78.1527
-77.9617
-76.5748
-74.366
-73.0882
-72.4183
-71.9131
-71.477
-71.0853
-70.728
-70.4007
-70.1015
-69.8296
-70.3393
-71.1159
-71.7803
-72.3942
-72.7782
-73.0184
-73.3468
-73.6651
-73.8724
-74.0091
-74.1028
-74.1693
-74.2181
-74.2553
-74.2847
-74.3087
-74.329
-74.3469
-74.3629
-74.3779
-74.392
-74.4056
-74.419
-74.4322
-74.4453
-74.4584
-74.4716
-74.4848
-74.5462
-74.695
-74.8207
-74.921
-75.0021
-75.0686
-75.1864
-75.3054
-75.3963
-75.4664
-75.5216
-75.5657
-75.6015
-75.6312
-75.656
-75.6772
-75.6953
-75.7112
-75.7251
-75.7376
-75.7488
-75.7589
-75.7683
-75.7769
-75.785
-75.7926
-75.7998
-75.8066
-75.8132
-75.8195
-75.8255
-75.8314
-75.8372
-75.8428
-75.8483
-75.8536
-75.8589
-75.8641
-75.8692
-75.8742
-75.8792
-75.8841
-75.889
-75.8938
-75.8985
-75.9032
-75.9079
-75.9125
-75.9171
-75.9216
-75.9261
-75.9306
-75.935
-75.9394
-75.9437
-75.9481
-75.9523
-75.9566
-75.9608
-75.965
-75.9691
-75.9732
-75.5586
-71.4286
-67.7015
-64.8943
-62.7109
-60.8957
-59.1775
-57.0908
-52.5273
42.5176
-10.46
-41.9598
-78.6001
-78.8711
-78.7159
-78.5615
-78.3936
-78.2116
-78.0161
-77.8078
-77.588
-76.0072
-73.902
-72.5838
-71.668
-70.9438
-70.3266
-69.7797
-69.2861
-68.8377
-67.0457
-64.6797
-62.8666
-61.4395
-60.2168
-59.0403
-57.7002
-56.3583
-55.4095
-52.3581
44.8236
-8.88666
-40.3242
-77.9608
-78.7959
-78.6637
-78.439
-78.2407
-78.0567
-77.8662
-77.5752
-77.2525
-76.9919
-76.7227
-76.5065
-76.3203
-76.1505
-75.9928
-75.8458
-75.7091
-75.5825
-75.4659
-75.3592
-75.2622
-75.1744
-75.0955
-75.0251
-74.9626
-74.9076
-74.8594
-74.8176
-74.7817
-74.7511
-74.7254
-74.7042
-74.6869
-74.6732
-74.6628
-74.6553
-74.6503
-74.6477
-74.6471
-74.6484
-74.6512
-74.6555
-72.7943
-68.7967
-65.6573
-63.2708
-61.3548
-59.6425
-57.7691
-54.6506
-2.09154
3.7308
-30.4926
-76.199
-79.7059
-78.7439
-78.3829
-78.1815
-77.9755
-77.7551
-77.5205
-77.273
-77.0143
-76.6475
-74.1625
-72.1369
-70.8024
-69.8219
-69.0407

