-70
-69.8623
-69.7285
-69.5983
-69.4718
-69.3487
-69.2291
-69.1128
-68.9997
-68.8897
-68.7828
-68.6789
-68.5778
-68.4795
-68.3839
-68.291
-68.2007
-68.1128
-68.0274
-67.9443
-67.8636
-67.7851
-67.7087
-67.6345
-67.5623
-67.4921
-67.4238
-67.3574
-67.2929
-67.2301
-67.1691
-67.1098
-67.0521
-66.996
-66.9414
-66.8884
-66.8368
-66.7866
-66.7378
-66.6904
-66.6443
-66.5994
-66.5558
-66.5133
-66.4721
-66.432
-66.393
-66.355
-66.3181
-66.2823
-66.2474
-66.2134
-66.1805
-66.1484
-66.1172
-66.0868
-66.0573
-66.0286
-66.0007
-65.9736
-65.9472
-65.9215
-65.8966
-65.8723
-65.8487
-65.8257
-65.8034
-65.7817
-65.7606
-65.74
-65.72
-65.7006
-65.6817
-65.6633
-65.6455
-65.6281
-65.6112
-65.5948
-65.5788
-65.5632
-65.5481
-65.5334
-65.5191
-65.5052
-65.4917
-65.4785
-65.4657
-65.4533
-65.4412
-65.4294
-65.418
-65.4068
-65.396
-65.3855
-65.3752
-65.3653
-65.3556
-65.3462
-65.337
-65.3281
-65.3194
-65.311
-65.3028
-65.2948
-65.2871
-65.2795
-65.2722
-65.2651
-65.2581
-65.2514
-65.2448
-65.2385
-65.2322
-65.2262
-65.2203
-65.2146
-65.2091
-65.2037
-65.1984
-65.1933
-65.1884
-65.1835
-65.1788
-65.1743
-65.1698
-65.1655
-65.1613
-65.1572
-65.1532
-65.1493
-65.1456
-65.1419
-65.1384
-65.1349
-65.1315
-65.1283
-65.1251
-65.122
-65.119
-65.1161
-65.1132
-65.1104
-65.1077
-65.1051
-65.1026
-65.1001
-65.0977
-65.0953
-65.0931
-65.0908
-65.0887
-65.0866
-65.0845
-65.0826
-65.0806
-65.0788
-65.0769
-65.0752
-65.0734
-65.0718
-65.0701
-65.0685
-65.067
-65.0655
-65.064
-65.0626
-65.0612
-65.0599
-65.0586
-65.0573
-65.0561
-65.0549
-65.0537
-65.0526
-65.0514
-65.0504
-65.0493
-65.0483
-65.0473
-65.0464
-65.0454
-65.0445
-65.0436
-65.0428
-65.0419
-65.0411
-65.0403
-65.0395
-65.0388
-65.0381
-65.0374
-65.0367
-65.036
-65.0353
-65.0347
-65.0341
-65.0335
-65.0329
-65.0323
-65.0318
-65.0313
-65.0307
-65.0302
-65.0297
-65.0293
-65.0288
-65.0283
-65.0279
-65.0275
-65.027
-65.0266
-65.0262
-65.0259
-65.0255
-65.0251
-65.0248
-65.0244
-65.0241
-65.0238
-65.0234
-65.0231
-65.0228
-65.0225
-65.0223
-65.022
-65.0217
-65.0215
-65.0212
-65.021
-65.0207
-65.0205
-65.0203
-65.02
-65.0198
-65.0196
-65.0194
-65.0192
-65.019
-65.0188
-65.0187
-65.0185
-65.0183
-65.0181
-65.018
-65.0178
-65.0177
-65.0175
-65.0174
-65.0172
-65.0171
-65.017
-65.0168
-65.0167
-65.0166
-65.0165
-65.0163
-65.0162
-65.0161
-65.016
-65.0159
-65.0158
-65.0157
-65.0156
-65.0155
-65.0154
-65.0153
-65.0153
-65.0152
-65.0151
-65.015
-65.0149
-65.0149
-65.0148
-65.0147
-65.0147
-65.0146
-65.0145
-65.0145
-65.0144
-65.0143
-65.0143
-65.0142
-65.0142
-65.0141
-65.0141
-65.014
-65.014
-65.0139
-65.0139
-65.0138
-65.0138
-65.0137
-65.0137
-65.0137
-65.0136
-65.0136
-65.0135
-65.0135
-65.0135
-65.0134
-65.0134
-65.0134
-65.0133
-65.0133
-65.0133
-65.0133
-65.0132
-65.0132
-65.0132
-65.0131
-65.0131
-65.0131
-65.0131
-65.0131
-65.013
-65.013
-65.013
-65.013
-65.0129
-65.0129
-65.0129
-65.0129
-65.0129
-65.0129
-65.0128
-65.0128
-65.0128
-65.0128
-65.0128
-65.0128
-65.0127
-65.0127
-65.0127
-65.0127
-65.0127
-65.0127
-65.0127
-65.0127
-65.0126
-65.0126
-65.0126
-65.0126
-65.0126
-65.0126
-65.0126
-65.0126
-65.0126
-65.0126
-65.0125
-65.0125
-65.0125
-65.0125
-65.0125
-65.0125
-65.0125
-65.0125
-65.0125
-65.0125
-65.0125
-65.0125
-65.0125
-65.0124
-65.0124
-65.0124
-65.0124
-65.0124
-65.0124
-65.0124
-65.0124
-65.0124
-65.0124
-65.0124
-65.0124
-65.0124
-65.0124
-65.0124
-65.0124
-65.0124
-65.0124
-65.0124
-65.0124
-65.0124
-65.0124
-65.0124
-65.0123
-65.0123
-65.0123
-65.0123
-65.0123
-65.0123
-65.0123
-65.0123
-65.0123
-65.0123
-65.0123
-65.0123
-65.0123
-65.0123
-65.0123
-65.0123
-65.0123
-65.0123
-65.0123
-65.0123
-65.0123
-65.0123
-65.0123
-65.0123
-65.0123
-65.0123
-65.0123
-65.0123
-65.0123
-65.0123
-65.0123
-65.0123
-65.0123
-65.0123
-65.0123
-65.0123
-65.0123
-65.0123
-65.0123
-65.0123
-65.0123
-65.0123
-65.0123
-65.0123
-65.0123
-65.0123
-65.0123
-65.0123
-65.0123
-65.0123
-65.0123
-65.0123
-65.0123
-65.0123
-65.0123
-65.0123
-65.0123
-65.0123
-65.0123
-65.0123
-65.0123
-65.0123
-65.0123
-65.0123
-65.0123
-65.0123
-65.0123
-65.0123
-65.0123
-65.0123
-65.0123
-65.0123
-65.0123
-65.0123
-64.9505
-64.8995
-64.8615
-64.8344
-64.8133
-64.7964
-64.7828
-64.772
-64.7634
-64.7568
-64.7518
-64.7482
-64.7458
-64.7444
-64.7439
-64.7441
-64.745
-64.7465
-64.7484
-64.7508
-64.7534
-64.7564
-64.7596
-64.763
-64.7666
-64.7703
-64.7742
-64.7781
-64.7821
-64.7861
-64.7902
-64.7942
-64.7983
-64.8024
-64.7803
-64.7211
-64.6822
-64.6538
-64.634
-64.6191
-64.6078
-64.5995
-64.5936
-64.5897
-64.5876
-64.5868
-64.5873
-64.5889
-64.5913
-64.5945
-64.5983
-64.5615
-64.5087
-64.4732
-64.4076
-64.2969
-63.8475
-63.5062
-63.1617
-62.7197
-62.2706
-61.2665
-60.4119
-59.5504
-58.9061
-58.3149
-57.8239
-57.4494
-56.9933
-56.5259
-56.1064
-55.5347
-55.1305
-54.6756
-54.2972
-54.0076
-53.774
-53.6069
-53.4884
-53.4111
-53.367
-53.3514
-53.3603
-53.3721
-53.3856
-53.3849
-53.4008
-53.3999
-53.4129
-53.4563
-53.5014
-53.5459
-53.6156
-53.7033
-53.8062
-53.9206
-54.0447
-54.1767
-54.3156
-54.4603
-54.5975
-54.6876
-54.7414
-54.8054
-54.8958
-54.9715
-55.0593
-55.1479
-55.2262
-55.325
-55.4362
-55.5579
-55.6865
-55.8202
-55.958
-56.0989
-56.242
-56.3869
-56.5328
-56.6795
-56.8263
-56.9308
-56.9681
-56.9772
-56.8849
-56.8513
-56.8149
-56.7787
-56.6982
-56.4895
-56.238
-56.0835
-55.8902
-55.674
-55.2924
-54.9253
-54.5963
-54.3341
-54.0454
-53.7788
-53.4027
-52.981
-52.5527
-52.0643
-51.7244
-51.4414
-51.2287
-51.0717
-50.9593
-50.8822
-50.7859
-50.6209
-50.4738
-50.3557
-50.2184
-50.1023
-50.0276
-49.9846
-49.9372
-49.9089
-49.9045
-49.9214
-49.9564
-50.0075
-50.0736
-50.1539
-50.2477
-50.3546
-50.4739
-50.6049
-50.7466
-50.8982
-51.059
-51.2283
-51.4056
-51.5904
-51.782
-51.9792
-52.1808
-52.3862
-52.5951
-52.8067
-53.0203
-53.2349
-53.4502
-53.6657
-53.8812
-54.0959
-54.3092
-54.5211
-54.7313
-54.9395
-55.1453
-55.3485
-55.5489
-55.7466
-55.9414
-56.133
-56.3212
-56.5062
-56.688
-56.8664
-57.0415
-57.2131
-57.3812
-57.5459
-57.7073
-57.8653
-58.02
-58.1713
-58.3193
-58.464
-58.6055
-58.7439
-58.8791
-59.0114
-59.1405
-59.2667
-59.3899
-59.5102
-59.6278
-59.7426
-59.8547
-59.9642
-60.025
-59.9662
-59.9575
-59.973
-60.009
-60.0552
-60.1086
-60.1672
-60.23
-60.2357
-60.216
-60.0796
-59.861
-59.7282
-59.5927
-59.4376
-58.866
-57.9296
-57.1828
-56.4566
-55.8715
-55.4405
-54.9683
-54.6239
-54.0606
-53.6084
-53.2788
-53.0434
-52.8733
-52.6983
-52.5149
-52.3409
-52.2236
-52.1536
-52.1218
-52.1193
-52.1414
-52.185
-52.2475
-52.3269
-52.3784
-52.3715
-52.3576
-52.3781
-52.4228
-52.3933
-52.3483
-52.2802
-52.2431
-52.2184
-52.2313
-52.2477
-52.248
-52.2481
-52.226
-52.1216
-52.0797
-52.0815
-52.1203
-52.1836
-52.2666
-52.3352
-52.4128
-52.5122
-52.6287
-52.7589
-52.8594
-52.975
-53.1061
-53.2506
-53.4044
-53.5656
-53.7329
-53.9048
-54.0806
-54.2593
-54.4403
-54.623
-54.8068
-54.9475
-55.0724
-55.1836
-55.2306
-55.1355
-55.0081
-54.8847
-54.7674
-54.6403
-54.452
-54.3247
-54.2295
-54.0271
-53.8417
-53.7292
-53.5648
-53.4263
-53.265
-53.0966
-52.9521
-52.8232
-52.7203
-52.4027
-51.9978
-51.6408
-51.336
-51.095
-50.9025
-50.743
-50.6326
-50.5591
-50.4896
-50.4431
-50.3689
-50.233
-50.0962
-49.9737
-49.8092
-49.685
-49.5561
-49.4545
-49.384
-49.3378
-49.234
-49.137
-49.0682
-49.0046
-48.9529
-48.9173
-48.8953
-48.8849
-48.8847
-48.8941
-48.9127
-48.9404
-48.9771
-49.0229
-49.0776
-49.1415
-49.2148
-49.2977
-49.3904
-49.4933
-49.6065
-49.7302
-49.8639
-50.0073
-50.1598
-50.3214
-50.4919
-50.6714
-50.8595
-51.0551
-51.257
-51.4649
-51.6782
-51.8966
-52.1189
-52.3439
-52.5714
-52.8008
-53.0316
-53.2625
-53.4932
-53.7234
-53.9527
-54.1804
-54.4059
-54.6292
-54.8501
-55.0683
-55.2833
-55.4949
-55.7033
-55.9082
-56.1096
-56.3071
-56.5009
-56.6909
-56.8772
-57.0597
-57.2383
-57.4131
-57.584
-57.7513
-57.9148
-58.0747
-58.2309
-58.3835
-58.5325
-58.6781
-58.8202
-58.9591
-59.0946
-59.2269
-59.356
-59.4819
-59.6048
-59.7248
-59.8418
-59.956
-60.0674
-60.1761
-60.2821
-60.3854
-60.3449
-60.1462
-60.0383
-59.9789
-59.9576
-59.9569
-59.9714
-59.9149
-59.8297
-59.7038
-59.5489
-59.4499
-59.3897
-59.2255
-58.1357
-56.9901
-56.1598
-55.5779
-55.1341
-54.6157
-54.2327
-53.8171
-53.4988
-53.2645
-53.0976
-52.9809
-52.9044
-52.8618
-52.8484
-52.84
-52.7964
-52.5983
-52.4596
-52.3304
-52.2689
-52.2479
-52.2601
-52.2782
-52.3079
-52.3533
-52.3917
-52.4586
-52.5451
-52.5766
-52.5227
-52.4646
-52.4082
-52.4087
-52.4448
-52.478
-52.5069
-52.5486
-52.6195
-52.7117
-52.8209
-52.9284
-53.0293
-53.1215
-53.2007
-53.2957
-53.4113
-53.5424
-53.6818
-53.787
-53.9126
-54.0332
-54.1066
-54.1948
-54.305
-54.4319
-54.5222
-54.6329
-54.7575
-54.8939
-55.0036
-55.1134
-55.2381
-55.3553
-55.4539
-55.5122
-55.5205
-55.5656
-55.6202
-55.6284
-55.6758
-55.7462
-55.8359
-55.9379
-56.0382
-56.0432
-56.0504
-56.0242
-56.0322
-56.0462
-56.08
-56.0572
-56.0193
-56.0075
-55.9051
-55.8191
-55.6831
-55.4426
-55.1322
-54.8334
-54.5245
-54.1091
-53.4098
-52.9187
-52.5039
-52.2043
-51.9525
-51.7663
-51.6004
-51.3975

