-70
-69.8623
-69.7285
-69.5983
-69.4718
-69.3487
-69.2291
-69.1128
-68.9997
-68.8897
-68.7828
-68.6789
-68.5778
-68.4795
-68.3839
-68.291
-68.2007
-68.1128
-68.0274
-67.9443
-67.8636
-67.7851
-67.7087
-67.6345
-67.5623
-67.4921
-67.4238
-67.3574
-67.2929
-67.2301
-67.1691
-67.1098
-67.0521
-66.996
-66.9414
-66.8884
-66.8368
-66.7866
-66.7378
-66.6904
-66.6443
-66.5994
-66.5558
-66.5133
-66.4721
-66.432
-66.393
-66.355
-66.3181
-66.2823
-66.2474
-66.2134
-66.1805
-66.1484
-66.1172
-66.0868
-66.0573
-66.0286
-66.0007
-65.9736
-65.9472
-65.9215
-65.8966
-65.8723
-65.8487
-65.8257
-65.8034
-65.7817
-65.7606
-65.74
-65.72
-65.7006
-65.6817
-65.6633
-65.6455
-65.6281
-65.6112
-65.5948
-65.5788
-65.5632
-65.5481
-65.5334
-65.5191
-65.5052
-65.4917
-65.4785
-65.4657
-65.4533
-65.4412
-65.4294
-65.418
-65.4068
-65.396
-65.3855
-65.3752
-65.3653
-65.3556
-65.3462
-65.337
-65.3281
-65.3194
-65.311
-65.3028
-65.2948
-65.2871
-65.2795
-65.2722
-65.2651
-65.2581
-65.2514
-65.2448
-65.2385
-65.2322
-65.2262
-65.2203
-65.2146
-65.2091
-65.2037
-65.1984
-65.1933
-65.1884
-65.1835
-65.1788
-65.1743
-65.1698
-65.1655
-65.1613
-65.1572
-65.1532
-65.1493
-65.1456
-65.1419
-65.1384
-65.1349
-65.1315
-65.1283
-65.1251
-65.122
-65.119
-65.1161
-65.1132
-65.1104
-65.1077
-65.1051
-65.1026
-65.1001
-65.0977
-65.0953
-65.0931
-65.0908
-65.0887
-65.0866
-65.0845
-65.0826
-65.0806
-65.0788
-65.0769
-65.0752
-65.0734
-65.0718
-65.0701
-65.0685
-65.067
-65.0655
-65.064
-65.0626
-65.0612
-65.0599
-65.0586
-65.0573
-65.0561
-65.0549
-65.0537
-65.0526
-65.0514
-65.0504
-65.0493
-65.0483
-65.0473
-65.0464
-65.0454
-65.0445
-65.0436
-65.0428
-65.0419
-65.0411
-65.0403
-65.0395
-65.0388
-65.0381
-65.0374
-65.0367
-65.036
-65.0353
-65.0347
-65.0341
-65.0335
-65.0329
-65.0323
-65.0318
-65.0313
-65.0307
-65.0302
-65.0297
-65.0293
-65.0288
-65.0283
-65.0279
-65.0275
-65.027
-65.0266
-65.0262
-65.0259
-65.0255
-65.0251
-65.0248
-65.0244
-65.0241
-65.0238
-65.0234
-65.0231
-65.0228
-65.0225
-65.0223
-65.022
-65.0217
-65.0215
-65.0212
-65.021
-65.0207
-65.0205
-65.0203
-65.02
-65.0198
-65.0196
-65.0194
-65.0192
-65.019
-65.0188
-65.0187
-65.0185
-65.0183
-65.0181
-65.018
-65.0178
-65.0177
-65.0175
-65.0174
-65.0172
-65.0171
-65.017
-65.0168
-65.0167
-65.0166
-65.0165
-65.0163
-65.0162
-65.0161
-65.016
-65.0159
-65.0158
-65.0157
-65.0156
-65.0155
-65.0154
-65.0153
-65.0153
-65.0152
-65.0151
-65.015
-65.0149
-65.0149
-65.0148
-65.0147
-65.0147
-65.0146
-65.0145
-65.0145
-65.0144
-65.0143
-65.0143
-65.0142
-65.0142
-65.0141
-65.0141
-65.014
-65.014
-65.0139
-65.0139
-65.0138
-65.0138
-65.0137
-65.0137
-65.0137
-65.0136
-65.0136
-65.0135
-65.0135
-65.0135
-65.0134
-65.0134
-65.0134
-65.0133
-65.0133
-65.0133
-65.0133
-65.0132
-65.0132
-65.0132
-65.0131
-65.0131
-65.0131
-65.0131
-65.0131
-65.013
-65.013
-65.013
-65.013
-65.0129
-65.0129
-65.0129
-65.0129
-65.0129
-65.0129
-65.0128
-65.0128
-65.0128
-65.0128
-65.0128
-65.0128
-65.0127
-65.0127
-65.0127
-65.0127
-65.0127
-65.0127
-65.0127
-65.0127
-65.0126
-65.0126
-65.0126
-65.0126
-65.0126
-65.0126
-65.0126
-65.0126
-65.0126
-65.0126
-65.0125
-65.0125
-65.0125
-65.0125
-65.0125
-65.0125
-65.0125
-65.0125
-65.0125
-65.0125
-65.0125
-65.0125
-65.0125
-65.0124
-65.0124
-65.0124
-65.0124
-65.0124
-65.0124
-65.0124
-65.0124
-65.0124
-65.0124
-65.0124
-65.0124
-65.0124
-65.0124
-65.0124
-65.0124
-65.0124
-65.0124
-65.0124
-65.0124
-65.0124
-65.0124
-65.0124
-65.0123
-65.0123
-65.0123
-65.0123
-65.0123
-65.0123
-65.0123
-65.0123
-65.0123
-65.0123
-65.0123
-65.0123
-65.0123
-65.0123
-65.0123
-65.0123
-65.0123
-65.0123
-65.0123
-65.0123
-65.0123
-65.0123
-65.0123
-65.0123
-65.0123
-65.0123
-65.0123
-65.0123
-65.0123
-65.0123
-65.0123
-65.0123
-65.0123
-65.0123
-65.0123
-65.0123
-65.0123
-65.0123
-65.0123
-65.0123
-65.0123
-65.0123
-65.0123
-65.0123
-65.0123
-65.0123
-65.0123
-65.0123
-65.0123
-65.0123
-65.0123
-65.0123
-65.0123
-65.0123
-65.0123
-65.0123
-65.0123
-65.0123
-65.0123
-65.0123
-65.0123
-65.0123
-65.0123
-65.0123
-65.0123
-65.0123
-65.0123
-65.0123
-65.0123
-65.0123
-65.0123
-65.0123
-65.0123
-65.0123
-64.8272
-64.6749
-64.5616
-64.4807
-64.4179
-64.3677
-64.3273
-64.2951
-64.2696
-64.2499
-64.2351
-64.2244
-64.2173
-64.2132
-64.2117
-64.2125
-64.2152
-64.2195
-64.2252
-64.2321
-64.2401
-64.2489
-64.2584
-64.2685
-64.2792
-64.2902
-64.3016
-64.3133
-64.3251
-64.3371
-64.3491
-64.3613
-64.3734
-64.3855
-64.2937
-64.0552
-63.8977
-63.7818
-63.7003
-63.6379
-63.5899
-63.5534
-63.5266
-63.5078
-63.4957
-63.4894
-63.488
-63.4906
-63.4968
-63.506
-63.5177
-63.5316
-63.525
-63.3556
-63.2419
-63.0485
-62.497
-62.061
-61.6359
-61.2205
-60.7573
-59.5099
-58.598
-57.596
-56.7184
-55.9786
-55.4303
-55.0099
-54.5637
-54.0907
-53.6326
-52.9018
-52.3776
-51.848
-51.4241
-51.0938
-50.8114
-50.5421
-50.3248
-50.1493
-50.0095
-49.8973
-49.8082
-49.7138
-49.6306
-49.4936
-49.39
-49.2939
-49.2034
-49.1357
-49.0639
-48.9866
-48.9277
-48.8814
-48.8462
-48.7591
-48.6671
-48.5928
-48.5241
-48.4258
-48.3058
-48.0482
-47.7461
-47.4255
-47.085
-46.6888
-46.2283
-45.6496
-44.8223
-43.5748
-41.2255
-33.0502
41.4346
0.0196702
-34.6696
-55.1905
-60.8192
-62.5026
-63.1235
-63.3121
-63.2794
-63.1858
-63.0968
-62.9649
-62.8006
-62.6141
-62.4234
-62.2822
-62.1378
-61.9633
-61.6208
-61.3128
-61.0242
-60.587
-60.0197
-59.4243
-58.7271
-58.1734
-57.5411
-56.891
-56.2203
-55.5867
-54.8337
-54.1209
-53.5281
-53.0228
-52.6343
-52.3379
-52.0887
-51.8505
-51.6751
-51.5468
-51.459
-51.4035
-51.3659
-51.2932
-51.2439
-51.1839
-51.1561
-51.1589
-51.1876
-51.2367
-51.3033
-51.3855
-51.4815
-51.5902
-51.7104
-51.841
-51.9811
-52.1297
-52.2858
-52.4488
-52.6179
-52.792
-52.9702
-53.1519
-53.3365
-53.5235
-53.7126
-53.9028
-54.0937
-54.2847
-54.4756
-54.666
-54.8557
-55.0442
-55.2311
-55.4164
-55.5998
-55.7813
-55.9606
-56.1375
-56.3119
-56.4837
-56.6529
-56.8195
-56.9833
-57.1442
-57.3022
-57.4574
-57.6096
-57.7591
-57.9056
-58.0493
-58.19
-58.3278
-58.4628
-58.595
-58.7244
-58.8511
-58.9751
-59.0964
-59.2149
-59.3309
-59.4443
-59.5552
-59.6636
-59.7695
-59.8731
-59.9744
-60.0733
-60.1699
-60.2643
-60.3565
-60.4093
-60.3404
-60.321
-60.3247
-60.3486
-60.3789
-60.3103
-60.2744
-60.2632
-60.2728
-60.2874
-60.1134
-59.5353
-59.0364
-58.6917
-58.1717
-57.3404
-56.1892
-55.2818
-54.4501
-53.7563
-53.2388
-52.7756
-52.3887
-51.7955
-51.2358
-50.8132
-50.4846
-50.2223
-49.9885
-49.7755
-49.5997
-49.4522
-49.3288
-49.2251
-49.1039
-48.8894
-48.6599
-48.4646
-48.2874
-48.0586
-47.7961
-47.4718
-47.1493
-46.773
-46.2386
-45.5516
-44.5895
-43.1298
-40.207
-25.6843
38.1571
-9.70352
-42.1375
-58.0539
-62.113
-63.0927
-63.2716
-63.2029
-63.0535
-62.8867
-62.62
-62.3652
-62.1606
-61.9977
-61.8664
-61.7597
-61.6735
-61.6048
-61.5511
-61.5104
-61.4809
-61.461
-61.4496
-61.4454
-61.4476
-61.4383
-61.4095
-61.398
-61.3969
-61.3674
-61.3309
-61.2211
-60.9429
-60.6357
-60.3445
-60.0777
-59.8584
-59.6016
-59.3185
-58.9348
-58.5655
-58.2165
-57.7966
-57.4267
-56.8945
-56.3008
-55.7446
-55.2878
-54.8808
-54.4643
-53.9987
-53.5249
-53.1504
-52.768
-52.4732
-52.2573
-52.1032
-51.9961
-51.9053
-51.8289
-51.7906
-51.7694
-51.7091
-51.5878
-51.429
-51.2589
-51.1336
-51.0177
-50.9351
-50.8731
-50.849
-50.8282
-50.805
-50.7983
-50.8214
-50.8679
-50.934
-51.0168
-51.1145
-51.2258
-51.3495
-51.4847
-51.6301
-51.7845
-51.9469
-52.1166
-52.2925
-52.4742
-52.6609
-52.8517
-53.0456
-53.2418
-53.4399
-53.6393
-53.8398
-54.0404
-54.2407
-54.4404
-54.6393
-54.8371
-55.0334
-55.2277
-55.42
-55.6101
-55.798
-55.9833
-56.1659
-56.3457
-56.5226
-56.6966
-56.8678
-57.0359
-57.2008
-57.3627
-57.5214
-57.6771
-57.8298
-57.9793
-58.1258
-58.2692
-58.4096
-58.5469
-58.6813
-58.8129
-58.9415
-59.0673
-59.1903
-59.3105
-59.428
-59.5428
-59.655
-59.7646
-59.8718
-59.9764
-60.0786
-60.1785
-60.2759
-60.3711
-60.4641
-60.5548
-60.6434
-60.73
-60.8145
-60.8969
-60.9775
-61.0561
-61.1328
-61.2077
-61.2808
-61.3521
-61.4217
-61.4897
-61.5526
-61.367
-61.066
-60.871
-60.6576
-60.4866
-60.3678
-60.2871
-60.1924
-59.985
-59.8213
-59.4285
-59.1107
-58.8867
-58.6248
-57.4013
-56.0182
-55.0378
-54.3364
-53.7818
-53.1481
-52.6652
-52.1631
-51.7668
-51.4442
-51.1606
-50.9276
-50.7462
-50.6066
-50.5011
-50.4143
-50.2598
-50.0169
-49.8015
-49.5303
-49.2495
-49.0167
-48.8236
-48.6561
-48.5034
-48.3368
-48.0901
-47.8666
-47.6415
-47.3339
-46.8026
-46.2219
-45.5501
-44.6775
-43.357
-40.8011
-30.5616
41.2959
-4.80685
-39.4452
-58.462
-63.4665
-64.814
-65.1824
-65.1902
-65.046
-64.8688
-64.6772
-64.4819
-64.3183
-64.1782
-64.0585
-63.9547
-63.8646
-63.7864
-63.7184
-63.6595
-63.6084
-63.5643
-63.5262
-63.4935
-63.4656
-63.4419
-63.4074
-63.3383
-63.2896
-63.1987
-63.0051
-62.8232
-62.6915
-62.5944
-62.4805
-62.3772
-62.2998
-62.2422
-62.1906
-62.0868
-61.9856
-61.8894
-61.7867
-61.6632
-61.4184
-61.0955
-60.7762
-60.2532
-59.815
-59.2214
-58.6925
-58.1689
-57.6077
-57.1203
-56.4764
-55.6704
-54.8877
-54.236
-53.7648
-53.3669
-52.9935
-52.7042
-52.4495

