-70
-70.0758
-70.1508
-70.225
-70.2983
-70.3706
-70.4419
-70.5122
-70.5814
-70.6496
-70.7168
-70.7829
-70.848
-70.9121
-70.9752
-71.0373
-71.0984
-71.1586
-71.2178
-71.2761
-71.3334
-71.3899
-71.4455
-71.5003
-71.5543
-71.6074
-71.6598
-71.7114
-71.7623
-71.8124
-71.8619
-71.9106
-71.9587
-72.006
-72.0527
-72.0988
-72.1442
-72.1889
-72.2331
-72.2766
-72.3196
-72.362
-72.4038
-72.445
-72.4857
-72.5258
-72.5654
-72.6045
-72.6431
-72.6812
-72.7188
-72.756
-72.7927
-72.8289
-72.8647
-72.9
-72.9349
-72.9694
-73.0035
-73.0371
-73.0704
-73.1032
-73.1357
-73.1678
-73.1994
-73.2307
-73.2617
-73.2922
-73.3224
-73.3523
-73.3817
-73.4109
-73.4397
-73.4682
-73.4963
-73.5241
-73.5516
-73.5788
-73.6057
-73.6323
-73.6585
-73.6845
-73.7102
-73.7356
-73.7608
-73.7857
-73.8103
-73.8346
-73.8587
-73.8825
-73.9061
-73.9294
-73.9524
-73.9753
-73.9979
-74.0202
-74.0423
-74.0642
-74.0859
-74.1073
-74.1285
-74.1495
-74.1703
-74.1909
-74.2112
-74.2313
-74.2513
-74.271
-74.2905
-74.3098
-74.329
-74.3479
-74.3666
-74.3852
-74.4036
-74.4217
-74.4397
-74.4575
-74.4752
-74.4926
-74.5099
-74.527
-74.544
-74.5607
-74.5774
-74.5938
-74.6101
-74.6262
-74.6422
-74.658
-74.6736
-74.6891
-74.7045
-74.7197
-74.7347
-74.7496
-74.7644
-74.779
-74.7935
-74.8079
-74.8221
-74.8362
-74.8501
-74.864
-74.8777
-74.8913
-74.9047
-74.918
-74.9313
-74.9443
-74.9573
-74.9701
-74.9829
-74.9955
-75.008
-75.0204
-75.0327
-75.0448
-75.0569
-75.0688
-75.0806
-75.0924
-75.104
-75.1155
-75.1269
-75.1382
-75.1495
-75.1606
-75.1716
-75.1825
-75.1933
-75.204
-75.2147
-75.2252
-75.2356
-75.246
-75.2562
-75.2664
-75.2764
-75.2864
-75.2963
-75.3061
-75.3158
-75.3255
-75.335
-75.3445
-75.3538
-75.3631
-75.3724
-75.3815
-75.3906
-75.3995
-75.4084
-75.4172
-75.426
-75.4346
-75.4432
-75.4518
-75.4602
-75.4686
-75.4769
-75.4851
-75.4932
-75.5013
-75.5093
-75.5173
-75.5251
-75.533
-75.5407
-75.5484
-75.556
-75.5635
-75.571
-75.5784
-75.5858
-75.593
-75.6003
-75.6074
-75.6145
-75.6216
-75.6285
-75.6355
-75.6423
-75.6491
-75.6559
-75.6626
-75.6692
-75.6758
-75.6823
-75.6888
-75.6952
-75.7015
-75.7078
-75.7141
-75.7203
-75.7264
-75.7325
-75.7386
-75.7446
-75.7505
-75.7564
-75.7622
-75.768
-75.7738
-75.7795
-75.7851
-75.7907
-75.7963
-75.8018
-75.8072
-75.8127
-75.818
-75.8234
-75.8287
-75.8339
-75.8391
-75.8443
-75.8494
-75.8545
-75.8595
-75.8645
-75.8695
-75.8744
-75.8793
-75.8841
-75.8889
-75.8937
-75.8984
-75.9031
-75.9077
-75.9123
-75.9169
-75.9214
-75.9259
-75.9304
-75.9348
-75.9392
-75.9436
-75.9479
-75.9522
-75.9565
-75.9607
-75.9649
-75.969
-75.9731
-75.9772
-75.9813
-75.9853
-75.9893
-75.9933
-75.9972
-76.0011
-76.005
-76.0088
-76.0126
-76.0164
-76.0201
-76.0239
-76.0275
-76.0312
-76.0348
-76.0384
-76.042
-76.0456
-76.0491
-76.0526
-76.056
-76.0595
-76.0629
-76.0663
-76.0696
-76.0729
-76.0762
-76.0795
-76.0828
-76.086
-76.0892
-76.0924
-76.0955
-76.0986
-76.1017
-76.1048
-76.1079
-76.1109
-76.1139
-76.1169
-76.1198
-76.1228
-76.1257
-76.1286
-76.1314
-76.1343
-76.1371
-76.1399
-76.1427
-76.1455
-76.1482
-76.1509
-76.1536
-76.1563
-76.1589
-76.1615
-76.1642
-76.1667
-76.1693
-76.1719
-76.1744
-76.1769
-76.1794
-76.1819
-76.1843
-76.1868
-76.1892
-76.1916
-76.1939
-76.1963
-76.1986
-76.201
-76.2033
-76.2056
-76.2078
-76.2101
-76.2123
-76.2145
-76.2167
-76.2189
-76.2211
-76.2232
-76.2254
-76.2275
-76.2296
-76.2317
-76.2337
-76.2358
-76.2378
-76.2398
-76.2418
-76.2438
-76.2458
-76.2478
-76.2497
-76.2516
-76.2536
-76.2554
-76.2573
-76.2592
-76.2611
-76.2629
-76.2647
-76.2665
-76.2683
-76.2701
-76.2719
-76.2737
-76.2754
-76.2771
-76.2788
-76.2806
-76.2822
-76.2839
-76.2856
-76.2872
-76.2889
-76.2905
-76.2921
-76.2937
-76.2953
-76.2969
-76.2985
-76.3
-76.3016
-76.3031
-76.3046
-76.3061
-76.3076
-76.3091
-76.3106
-76.312
-76.3135
-76.3149
-76.3164
-76.3178
-76.3192
-76.3206
-76.322
-76.3233
-76.3247
-76.3261
-76.3274
-76.3287
-76.33
-76.3314
-76.3327
-76.334
-76.3352
-76.3365
-76.3378
-76.339
-76.3403
-76.3415
-76.3427
-76.3439
-76.3452
-76.3464
-76.3475
-76.3487
-76.3499
-76.351
-76.3522
-76.3533
-76.3545
-76.3556
-76.3567
-76.3578
-76.3589
-76.36
-76.3611
-76.3622
-76.3632
-76.3643
-76.3654
-76.3664
-76.3674
-76.3685
-76.3695
-76.3705
-76.3715
-76.3725
-76.3735
-76.3745
-76.3754
-76.3764
-76.3774
-76.3783
-76.3793
-76.3802
-76.3811
-76.382
-76.383
-76.3839
-76.3848
-76.3857
-76.3866
-76.3874
-76.3883
-76.3892
-76.39
-76.3909
-76.3917
-76.3926
-76.3934
-76.3943
-76.3951
-76.3959
-76.3967
-76.3975
-76.3983
-76.3991
-76.3999
-76.4007
-76.4014
-76.4022
-75.9782
-71.7854
-68.0015
-65.1526
-62.9424
-61.119
-59.4235
-57.4436
-53.6142
46.3418
-5.06449
-36.4119
-78.3973
-79.7416
-79.7278
-79.053
-77.9079
-77.4784
-77.1845
-76.8943
-76.5937
-76.2823
-75.9624
-75.3937
-72.8836
-70.8652
-69.4832
-68.4515
-67.6318
-66.9533
-66.3775
-65.8819
-65.4522
-65.0796
-65.2565
-66.1115
-67.5955
-68.9588
-70.3529
-71.4025
-70.2877
-69.1739
-68.6429
-68.4432
-68.9174
-69.274
-69.481
-69.6104
-69.6981
-69.7625
-69.8137
-69.8573
-69.8967
-69.934
-69.9703
-70.0066
-70.0434
-70.081
-70.1195
-70.1592
-70.2001
-70.2422
-70.2855
-70.33
-70.3756
-70.4223
-70.4699
-70.5185
-70.5679
-70.618
-70.6687
-70.72
-70.7718
-70.824
-70.8764
-70.9291
-70.9818
-71.3117
-71.8554
-72.2974
-69.8508
-66.8708
-64.769
-63.2654
-62.1397
-61.249
-60.4961
-59.806
-59.1127
-58.6322
-59.7006
-60.4012
-59.7962
-59.1628
-58.564
-57.9181
-57.1025
-55.8306
-52.8662
30.1213
-5.33508
-36.898
-77.2652
-78.9094
-78.8084
-78.5373
-78.2488
-77.9245
-77.7003
-77.4338
-77.2046
-77.0059
-76.8175
-76.5581
-76.3427
-76.1769
-76.036
-75.9135
-75.8123
-75.7252
-75.6485
-75.5802
-75.5394
-75.5281
-75.5136
-75.4967
-75.4796
-75.4633
-75.4485
-75.4353
-75.4238
-75.414
-75.4058
-75.3991
-75.4211
-75.4753
-75.5181
-75.5505
-75.5756
-75.5957
-75.612
-75.6257
-75.6374
-75.6476
-75.6567
-75.6649
-75.6725
-75.6796
-75.6863
-75.6927
-75.6989
-75.7049
-75.7108
-75.7166
-75.7222
-75.7279
-75.7334
-75.739
-75.7445
-75.7499
-75.7554
-75.7608
-75.7662
-75.7716
-75.7769
-75.7823
-75.7876
-75.7929
-75.7982
-75.8035
-75.8087
-75.8139
-75.8191
-75.8242
-75.8294
-75.8345
-75.8396
-75.8446
-75.8496
-75.8546
-75.8596
-75.8645
-75.8694
-75.8743
-75.8791
-75.8839
-75.8886
-75.8934
-73.5112
-69.3643
-66.1451
-63.6893
-61.7239
-59.9936
-58.1652
-55.3657
-35.9948
11.5003
-26.6648
-72.5964
-79.0446
-78.9907
-78.8684
-78.7329
-78.5852
-78.4254
-78.254
-76.9878
-75.0868
-73.9804
-73.2335
-72.6278
-72.1023
-72.1582
-72.2438
-72.4632
-70.7237
-69.096
-68.4647
-68.3985
-68.3529
-68.3052
-68.2611
-68.5958
-69.1495
-69.5191
-69.8173
-70.4782
-70.2572
-68.0874
-66.5419
-65.5827
-64.9663
-65.0363
-65.7344
-66.2549
-66.6221
-66.8922
-67.0995
-67.6367
-68.5199
-69.1679
-69.6305
-69.9712
-70.2293
-70.4304
-70.5912
-70.7231
-70.8339
-70.929
-71.0124
-71.087
-71.1548
-71.2175
-71.2761
-71.3317
-71.3848
-71.4361
-71.4858
-71.5759
-72.0357
-72.4616
-72.7961
-73.0626
-73.278
-73.4544
-73.6006
-73.7232
-73.8271
-73.916
-70.9896
-67.4467
-64.828
-62.8642
-61.3062
-59.9505
-58.5849
-56.8385
-53.185
45.5716
-6.62225
-37.721
-77.9272
-79.0814
-78.9883
-78.8662
-78.7322
-78.5426
-78.2946
-77.9996
-76.5647
-74.696
-73.7657
-73.2022
-72.7711
-72.4011
-72.1519
-72.1402
-72.0797
-71.9782
-71.8617
-71.7431
-71.666
-71.9124
-72.1191
-72.6175
-73.2264
-73.5999
-73.8282
-73.9738
-74.0702
-74.1366
-74.1839
-74.2189
-74.2459
-74.2676
-74.2857
-74.3015
-74.3158
-74.329
-74.3417
-74.3541
-74.3664
-74.3786
-74.391
-74.4035
-74.4161
-74.4834
-74.6488
-74.787
-74.8957
-74.9828
-75.0535
-75.1118
-75.1605
-75.2017
-75.237
-75.2675
-75.2941
-75.3177
-75.3387
-75.3576
-75.3748
-75.3905
-75.405
-75.4185
-75.4312
-75.443
-75.4543
-75.4651
-75.4753
-75.4852
-75.4947
-75.504
-75.5129
-75.5217
-75.5302
-75.5385
-75.5467
-75.5547
-75.5626
-75.5704
-75.5781
-75.5856
-75.5931
-75.6004
-75.6077
-75.6149
-75.622
-75.629
-75.636
-75.6429
-75.6497
-75.6565
-75.6632
-75.6699
-75.6764
-75.683
-75.6894
-75.6958
-75.7022
-75.7085
-75.7147
-75.7209
-75.7271
-75.7332
-75.7392
-72.5054
-68.5297
-65.504
-63.1773
-61.2839
-59.5599
-57.6137
-54.1143
42.1077
-1.50644
-33.7107
-77.3834
-78.9124
-78.7649
-78.6157
-78.4529
-78.2762
-78.086
-77.8829
-77.6681
-76.5369
-74.2743
-72.8226
-71.8487
-71.0951
-70.4603
-69.9206
-70.0036
-70.496
-70.3907
-68.5178
-67.6102
-67.1483
-66.8832
-67.3815
-67.8243
-68.0973
-68.6425
-69.3227
-69.7693
-70.0623
-70.263
-70.4942
-71.0586
-71.492
-71.7913
-72.0054
-72.1636
-72.2844
-72.5699
-72.9583
-73.2443
-73.4954
-73.8694
-74.15
-74.3463
-74.488
-74.5931
-74.6733
-74.7359
-74.7859
-74.8267
-74.8607
-74.8896
-74.9146
-74.9366
-74.9562
-74.9741
-74.9905
-75.0057
-75.0201
-75.0337
-75.0467
-75.0592
-75.0714
-75.0832
-75.0948
-75.1062
-75.1174
-75.1284
-75.1393
-75.15
-75.1607
-75.1713
-75.1818
-75.1922
-75.2025
-74.8046
-70.7898
-67.1736
-64.453
-62.3306
-60.5451
-58.8072
-56.5671
-50.5797
33.5735
-16.2776
-51.4844
-78.8023
-78.859
-78.72
-78.5671
-78.4004
-78.22
-78.0265
-77.8205
-77.5044
-75.208
-73.4799
-72.3981

