-70
-70.0758
-70.1508
-70.225
-70.2983
-70.3706
-70.4419
-70.5122
-70.5814
-70.6496
-70.7168
-70.7829
-70.848
-70.9121
-70.9752
-71.0373
-71.0984
-71.1586
-71.2178
-71.2761
-71.3334
-71.3899
-71.4455
-71.5003
-71.5543
-71.6074
-71.6598
-71.7114
-71.7623
-71.8124
-71.8619
-71.9106
-71.9587
-72.006
-72.0527
-72.0988
-72.1442
-72.1889
-72.2331
-72.2766
-72.3196
-72.362
-72.4038
-72.445
-72.4857
-72.5258
-72.5654
-72.6045
-72.6431
-72.6812
-72.7188
-72.756
-72.7927
-72.8289
-72.8647
-72.9
-72.9349
-72.9694
-73.0035
-73.0371
-73.0704
-73.1032
-73.1357
-73.1678
-73.1994
-73.2307
-73.2617
-73.2922
-73.3224
-73.3523
-73.3817
-73.4109
-73.4397
-73.4682
-73.4963
-73.5241
-73.5516
-73.5788
-73.6057
-73.6323
-73.6585
-73.6845
-73.7102
-73.7356
-73.7608
-73.7857
-73.8103
-73.8346
-73.8587
-73.8825
-73.9061
-73.9294
-73.9524
-73.9753
-73.9979
-74.0202
-74.0423
-74.0642
-74.0859
-74.1073
-74.1285
-74.1495
-74.1703
-74.1909
-74.2112
-74.2313
-74.2513
-74.271
-74.2905
-74.3098
-74.329
-74.3479
-74.3666
-74.3852
-74.4036
-74.4217
-74.4397
-74.4575
-74.4752
-74.4926
-74.5099
-74.527
-74.544
-74.5607
-74.5774
-74.5938
-74.6101
-74.6262
-74.6422
-74.658
-74.6736
-74.6891
-74.7045
-74.7197
-74.7347
-74.7496
-74.7644
-74.779
-74.7935
-74.8079
-74.8221
-74.8362
-74.8501
-74.864
-74.8777
-74.8913
-74.9047
-74.918
-74.9313
-74.9443
-74.9573
-74.9701
-74.9829
-74.9955
-75.008
-75.0204
-75.0327
-75.0448
-75.0569
-75.0688
-75.0806
-75.0924
-75.104
-75.1155
-75.1269
-75.1382
-75.1495
-75.1606
-75.1716
-75.1825
-75.1933
-75.204
-75.2147
-75.2252
-75.2356
-75.246
-75.2562
-75.2664
-75.2764
-75.2864
-75.2963
-75.3061
-75.3158
-75.3255
-75.335
-75.3445
-75.3538
-75.3631
-75.3724
-75.3815
-75.3906
-75.3995
-75.4084
-75.4172
-75.426
-75.4346
-75.4432
-75.4518
-75.4602
-75.4686
-75.4769
-75.4851
-75.4932
-75.5013
-75.5093
-75.5173
-75.5251
-75.533
-75.5407
-75.5484
-75.556
-75.5635
-75.571
-75.5784
-75.5858
-75.593
-75.6003
-75.6074
-75.6145
-75.6216
-75.6285
-75.6355
-75.6423
-75.6491
-75.6559
-75.6626
-75.6692
-75.6758
-75.6823
-75.6888
-75.6952
-75.7015
-75.7078
-75.7141
-75.7203
-75.7264
-75.7325
-75.7386
-75.7446
-75.7505
-75.7564
-75.7622
-75.768
-75.7738
-75.7795
-75.7851
-75.7907
-75.7963
-75.8018
-75.8072
-75.8127
-75.818
-75.8234
-75.8287
-75.8339
-75.8391
-75.8443
-75.8494
-75.8545
-75.8595
-75.8645
-75.8695
-75.8744
-75.8793
-75.8841
-75.8889
-75.8937
-75.8984
-75.9031
-75.9077
-75.9123
-75.9169
-75.9214
-75.9259
-75.9304
-75.9348
-75.9392
-75.9436
-75.9479
-75.9522
-75.9565
-75.9607
-75.9649
-75.969
-75.9731
-75.9772
-75.9813
-75.9853
-75.9893
-75.9933
-75.9972
-76.0011
-76.005
-76.0088
-76.0126
-76.0164
-76.0201
-76.0239
-76.0275
-76.0312
-76.0348
-76.0384
-76.042
-76.0456
-76.0491
-76.0526
-76.056
-76.0595
-76.0629
-76.0663
-76.0696
-76.0729
-76.0762
-76.0795
-76.0828
-76.086
-76.0892
-76.0924
-76.0955
-76.0986
-76.1017
-76.1048
-76.1079
-76.1109
-76.1139
-76.1169
-76.1198
-76.1228
-76.1257
-76.1286
-76.1314
-76.1343
-76.1371
-76.1399
-76.1427
-76.1455
-76.1482
-76.1509
-76.1536
-76.1563
-76.1589
-76.1615
-76.1642
-76.1667
-76.1693
-76.1719
-76.1744
-76.1769
-76.1794
-76.1819
-76.1843
-76.1868
-76.1892
-76.1916
-76.1939
-76.1963
-76.1986
-76.201
-76.2033
-76.2056
-76.2078
-76.2101
-76.2123
-76.2145
-76.2167
-76.2189
-76.2211
-76.2232
-76.2254
-76.2275
-76.2296
-76.2317
-76.2337
-76.2358
-76.2378
-76.2398
-76.2418
-76.2438
-76.2458
-76.2478
-76.2497
-76.2516
-76.2536
-76.2554
-76.2573
-76.2592
-76.2611
-76.2629
-76.2647
-76.2665
-76.2683
-76.2701
-76.2719
-76.2737
-76.2754
-76.2771
-76.2788
-76.2806
-76.2822
-76.2839
-76.2856
-76.2872
-76.2889
-76.2905
-76.2921
-76.2937
-76.2953
-76.2969
-76.2985
-76.3
-76.3016
-76.3031
-76.3046
-76.3061
-76.3076
-76.3091
-76.3106
-76.312
-76.3135
-76.3149
-76.3164
-76.3178
-76.3192
-76.3206
-76.322
-76.3233
-76.3247
-76.3261
-76.3274
-76.3287
-76.33
-76.3314
-76.3327
-76.334
-76.3352
-76.3365
-76.3378
-76.339
-76.3403
-76.3415
-76.3427
-76.3439
-76.3452
-76.3464
-76.3475
-76.3487
-76.3499
-76.351
-76.3522
-76.3533
-76.3545
-76.3556
-76.3567
-76.3578
-76.3589
-76.36
-76.3611
-76.3622
-76.3632
-76.3643
-76.3654
-76.3664
-76.3674
-76.3685
-76.3695
-76.3705
-76.3715
-76.3725
-76.3735
-76.3745
-76.3754
-76.3764
-76.3774
-76.3783
-76.3793
-76.3802
-76.3811
-76.382
-76.383
-76.3839
-76.3848
-76.3857
-76.3866
-76.3874
-76.3883
-76.3892
-76.39
-76.3909
-76.3917
-76.3926
-76.3934
-76.3943
-76.3951
-76.3959
-76.3967
-76.3975
-76.3983
-76.3991
-76.3999
-76.4007
-76.4014
-76.4022
-76.403
-76.4037
-76.4045
-76.4052
-76.406
-76.4067
-76.4074
-76.4082
-76.4089
-76.4096
-76.4103
-76.411
-76.4117
-76.4124
-76.4131
-76.4137
-76.4144
-76.4151
-76.4158
-76.4164
-76.4171
-76.4177
-76.4184
-76.419
-76.4196
-76.4203
-76.4209
-76.4215
-76.4221
-76.4227
-76.4234
-76.424
-76.4246
-76.4251
-76.4257
-76.4263
-76.4269
-76.4275
-76.3915
-76.3159
-76.2571
-76.2155
-76.1853
-76.1631
-76.1465
-76.134
-76.1245
-76.1173
-76.1119
-76.1079
-76.105
-76.103
-76.1017
-76.1009
-76.0952
-76.0855
-76.0747
-76.0626
-76.0541
-76.0485
-76.0447
-76.0423
-76.0409
-76.0403
-76.0401
-76.0405
-76.0412
-76.0422
-76.0435
-76.0449
-76.0466
-76.0484
-76.0503
-76.0524
-76.0546
-76.0569
-76.0592
-76.0617
-76.0642
-76.0668
-76.0694
-76.072
-76.0747
-76.0775
-76.0803
-76.083
-76.0859
-76.0887
-76.0915
-76.0944
-76.0973
-76.1001
-76.103
-76.1059
-76.1087
-76.1116
-76.1144
-76.1173
-76.1201
-76.123
-76.1258
-76.1286
-76.1314
-76.1342
-76.1369
-76.1397
-76.1424
-76.1416
-76.1306
-76.116
-76.0986
-76.0859
-76.0769
-76.0705
-76.0659
-76.0628
-76.0607
-76.0595
-76.0587
-76.0532
-76.0462
-76.0389
-76.0341
-76.0311
-76.0294
-76.0286
-76.0284
-76.027
-76.0253
-76.0244
-76.0242
-76.0244
-76.0241
-76.0228
-76.0222
-76.0222
-76.0227
-76.0234
-76.0244
-76.0257
-76.0271
-76.0287
-76.0304
-76.0322
-76.0342
-76.0363
-76.0384
-76.0407
-76.043
-76.0454
-76.0479
-76.0504
-76.053
-76.0556
-76.0583
-76.061
-76.0638
-76.0666
-76.0694
-76.0723
-76.0751
-76.078
-76.0809
-76.0838
-76.0868
-76.0897
-76.0926
-76.0955
-76.0985
-76.1014
-76.1043
-76.1072
-76.1101
-76.113
-76.1159
-76.1188
-76.1216
-76.1245
-76.1273
-76.1301
-76.1329
-76.1357
-76.1385
-76.1412
-76.144
-76.1467
-76.1494
-76.152
-76.1547
-76.1574
-76.16
-76.1626
-76.1652
-76.1677
-76.1703
-76.1728
-76.1753
-76.1778
-76.1803
-76.1828
-76.1852
-76.1876
-76.19
-76.1924
-76.1948
-76.1971
-76.1995
-76.2018
-76.2041
-76.2064
-76.2086
-76.2109
-76.2131
-76.2153
-76.2175
-76.2197
-76.2072
-76.1714
-76.1436
-76.1238
-76.1095
-76.099
-76.0913
-76.0857
-76.0816
-76.0787
-76.0768
-76.0756
-76.075
-76.075
-76.0753
-76.076
-76.077
-76.0782
-76.0797
-76.0813
-76.0831
-76.0851
-76.0871
-76.0893
-76.0915
-76.0938
-76.0962
-76.0987
-76.1012
-76.1037
-76.1046
-76.0973
-76.0908
-76.086
-76.0825
-76.0802
-76.0731
-76.0656
-76.0602
-76.0565
-76.0541
-76.0525
-76.0517
-76.0515
-76.0518
-76.0524
-76.0533
-76.0545
-76.056
-76.0576
-76.0593
-76.0613
-76.0633
-76.0655
-76.0678
-76.0701
-76.0725
-76.075
-76.0776
-76.0802
-76.0828
-76.0855
-76.0882
-76.091
-76.0937
-76.0965
-76.0993
-76.1021
-76.1049
-76.1077
-76.1105
-76.1134
-76.1162
-76.119
-76.1218
-76.1246
-76.1274
-76.129
-76.1145
-76.0967
-76.0839
-76.0749
-76.0685
-76.064
-76.0609
-76.0588
-76.0576
-76.0571
-76.057
-76.0574
-76.0581
-76.0592
-76.0604
-76.0619
-76.0636
-76.0654
-76.0674
-76.0695
-76.0717
-76.074
-76.0764
-76.0788
-76.0813
-76.0839
-76.0865
-76.0891
-76.0918
-76.0945
-76.0963
-76.0897
-76.0834
-76.0788
-76.0756
-76.0734
-76.072
-76.0712
-76.071
-76.0713
-76.0719
-76.0728
-76.0739
-76.0753
-76.0769
-76.0787
-76.0806
-76.0826
-76.0847
-76.087
-76.0893
-76.0917
-76.0941
-76.0966
-76.0991
-76.1017
-76.1043
-76.107
-76.1096
-76.1123
-76.115
-76.1177
-76.1204
-76.1231
-76.1259
-76.1286
-76.1313
-76.134
-76.1367
-76.1394
-76.1421
-76.1447
-76.1474
-76.1501
-76.1527
-76.1553
-76.1579
-76.1605
-76.1631
-76.1657
-76.1682
-76.1707
-76.1733
-76.1758
-76.1782
-76.1807
-76.1832
-76.1856
-76.188
-76.1904
-76.1928
-76.1951
-76.1975
-76.1998
-76.2021
-76.2044
-76.2067
-76.2089
-76.2112
-76.2134
-76.2156
-76.2178
-76.22
-76.2221
-76.2242
-76.2264
-76.2285
-76.2306
-76.2326
-76.2347
-76.2367
-76.2388
-76.2408
-76.2428
-76.2448
-76.2467
-76.2487
-76.2506
-76.2525
-76.2544
-76.2563
-76.2582
-76.2601
-76.2619
-76.2398
-76.1972
-76.1654
-76.1426
-76.1259
-76.1136
-76.1045
-76.0977
-76.0927
-76.0891
-76.0866
-76.0849
-76.0839
-76.0834
-76.0783
-76.0652
-76.0547
-76.0477
-76.043
-76.0401
-76.0383
-76.0373
-76.037
-76.0372
-76.0377
-76.0386
-76.0398
-76.0412
-76.0427
-76.0445
-76.0464
-76.0484
-76.0505
-76.0528
-76.0551
-76.0575
-76.06
-76.0625
-76.0651
-76.0677
-76.0704
-76.0731
-76.0759
-76.0787
-76.0815
-76.0843
-76.0872
-76.09
-76.0929
-76.0958
-76.0987
-76.1015
-76.1044
-76.1073
-76.1102
-76.113
-76.1159
-76.1187
-76.1216
-76.1244
-76.1272
-76.13
-76.1328
-76.1356
-76.1384
-76.1411
-76.1438
-76.1465
-76.1492
-76.1519
-76.1546
-76.1572
-76.1598
-76.1624
-76.165
-76.1676
-76.1701
-76.1727
-76.1752
-76.1777

