-70
-69.8623
-69.7285
-69.5983
-69.4718
-69.3487
-69.2291
-69.1128
-68.9997
-68.8897
-68.7828
-68.6789
-68.5778
-68.4795
-68.3839
-68.291
-68.2007
-68.1128
-68.0274
-67.9443
-67.8636
-67.7851
-67.7087
-67.6345
-67.5623
-67.4921
-67.4238
-67.3574
-67.2929
-67.2301
-67.1691
-67.1098
-67.0521
-66.996
-66.9414
-66.8884
-66.8368
-66.7866
-66.7378
-66.6904
-66.6443
-66.5994
-66.5558
-66.5133
-66.4721
-66.432
-66.393
-66.355
-66.3181
-66.2823
-66.2474
-66.2134
-66.1805
-66.1484
-66.1172
-66.0868
-66.0573
-66.0286
-66.0007
-65.9736
-65.9472
-65.9215
-65.8966
-65.8723
-65.8487
-65.8257
-65.8034
-65.7817
-65.7606
-65.74
-65.72
-65.7006
-65.6817
-65.6633
-65.6455
-65.6281
-65.6112
-65.5948
-65.5788
-65.5632
-65.5481
-65.5334
-65.5191
-65.5052
-65.4917
-65.4785
-65.4657
-65.4533
-65.4412
-65.4294
-65.418
-65.4068
-65.396
-65.3855
-65.3752
-65.3653
-65.3556
-65.3462
-65.337
-65.3281
-65.3194
-65.311
-65.3028
-65.2948
-65.2871
-65.2795
-65.2722
-65.2651
-65.2581
-65.2514
-65.2448
-65.2385
-65.2322
-65.2262
-65.2203
-65.2146
-65.2091
-65.2037
-65.1984
-65.1933
-65.1884
-65.1835
-65.1788
-65.1743
-65.1698
-65.1655
-65.1613
-65.1572
-65.1532
-65.1493
-65.1456
-65.1419
-65.1384
-65.1349
-65.1315
-65.1283
-65.1251
-65.122
-65.119
-65.1161
-65.1132
-65.1104
-65.1077
-65.1051
-65.1026
-65.1001
-65.0977
-65.0953
-65.0931
-65.0908
-65.0887
-65.0866
-65.0845
-65.0826
-65.0806
-65.0788
-65.0769
-65.0752
-65.0734
-65.0718
-65.0701
-65.0685
-65.067
-65.0655
-65.064
-65.0626
-65.0612
-65.0599
-65.0586
-65.0573
-65.0561
-65.0549
-65.0537
-65.0526
-65.0514
-65.0504
-65.0493
-65.0483
-65.0473
-65.0464
-65.0454
-65.0445
-65.0436
-65.0428
-65.0419
-65.0411
-65.0403
-65.0395
-65.0388
-65.0381
-65.0374
-65.0367
-65.036
-65.0353
-65.0347
-65.0341
-65.0335
-65.0329
-65.0323
-65.0318
-65.0313
-65.0307
-65.0302
-65.0297
-65.0293
-65.0288
-65.0283
-65.0279
-65.0275
-65.027
-65.0266
-65.0262
-65.0259
-65.0255
-65.0251
-65.0248
-65.0244
-65.0241
-65.0238
-65.0234
-65.0231
-65.0228
-65.0225
-65.0223
-65.022
-65.0217
-65.0215
-65.0212
-65.021
-65.0207
-65.0205
-65.0203
-65.02
-65.0198
-65.0196
-65.0194
-65.0192
-65.019
-65.0188
-65.0187
-65.0185
-65.0183
-65.0181
-65.018
-65.0178
-65.0177
-65.0175
-65.0174
-65.0172
-65.0171
-65.017
-65.0168
-65.0167
-65.0166
-65.0165
-65.0163
-65.0162
-65.0161
-65.016
-65.0159
-65.0158
-65.0157
-65.0156
-65.0155
-65.0154
-65.0153
-65.0153
-65.0152
-65.0151
-65.015
-65.0149
-65.0149
-65.0148
-65.0147
-65.0147
-65.0146
-65.0145
-65.0145
-65.0144
-65.0143
-65.0143
-65.0142
-65.0142
-65.0141
-65.0141
-65.014
-65.014
-65.0139
-65.0139
-65.0138
-65.0138
-65.0137
-65.0137
-65.0137
-65.0136
-65.0136
-65.0135
-65.0135
-65.0135
-65.0134
-65.0134
-65.0134
-65.0133
-65.0133
-65.0133
-65.0133
-65.0132
-65.0132
-65.0132
-65.0131
-65.0131
-65.0131
-65.0131
-65.0131
-65.013
-65.013
-65.013
-65.013
-65.0129
-65.0129
-65.0129
-65.0129
-65.0129
-65.0129
-65.0128
-65.0128
-65.0128
-65.0128
-65.0128
-65.0128
-65.0127
-65.0127
-65.0127
-65.0127
-65.0127
-65.0127
-65.0127
-65.0127
-65.0126
-65.0126
-65.0126
-65.0126
-65.0126
-65.0126
-65.0126
-65.0126
-65.0126
-65.0126
-65.0125
-65.0125
-65.0125
-65.0125
-65.0125
-65.0125
-65.0125
-65.0125
-65.0125
-65.0125
-65.0125
-65.0125
-65.0125
-65.0124
-65.0124
-65.0124
-65.0124
-65.0124
-65.0124
-65.0124
-65.0124
-65.0124
-65.0124
-65.0124
-65.0124
-65.0124
-65.0124
-65.0124
-65.0124
-65.0124
-65.0124
-65.0124
-65.0124
-65.0124
-65.0124
-65.0124
-65.0123
-65.0123
-65.0123
-65.0123
-65.0123
-65.0123
-65.0123
-65.0123
-65.0123
-65.0123
-65.0123
-65.0123
-65.0123
-65.0123
-65.0123
-65.0123
-65.0123
-65.0123
-65.0123
-65.0123
-65.0123
-65.0123
-65.0123
-65.0123
-65.0123
-65.0123
-65.0123
-65.0123
-65.0123
-65.0123
-65.0123
-65.0123
-65.0123
-65.0123
-65.0123
-65.0123
-65.0123
-65.0123
-65.0123
-65.0123
-65.0123
-65.0123
-65.0123
-65.0123
-65.0123
-65.0123
-65.0123
-65.0123
-65.0123
-65.0123
-65.0123
-65.0123
-65.0123
-65.0123
-65.0123
-65.0123
-65.0123
-65.0123
-65.0123
-65.0123
-65.0123
-65.0123
-65.0123
-65.0123
-65.0123
-65.0123
-65.0123
-65.0123
-65.0123
-65.0123
-65.0123
-65.0123
-65.0123
-65.0123
-64.8272
-64.6749
-64.5616
-64.4807
-64.4179
-64.3677
-64.3273
-64.2951
-64.2696
-64.2499
-64.2351
-64.2244
-64.2173
-64.2132
-64.2117
-64.2125
-64.2152
-64.2195
-64.2252
-64.2321
-64.2401
-64.2489
-64.2584
-64.2685
-64.2792
-64.2902
-64.3016
-64.3133
-64.3251
-64.3371
-64.3491
-64.3613
-64.3734
-64.3855
-64.3197
-64.1436
-64.0281
-63.9438
-63.8854
-63.8412
-63.8079
-63.7833
-63.7658
-63.7543
-63.7479
-63.7457
-63.7472
-63.7518
-63.7589
-63.735
-63.6326
-63.5524
-63.4976
-63.0671
-62.7609
-62.4417
-61.6834
-61.0535
-60.4386
-59.7824
-59.183
-58.0036
-56.8599
-55.5076
-54.4701
-53.5749
-52.8578
-52.2984
-51.7761
-51.2739
-50.8102
-50.2541
-49.7564
-49.2445
-48.7925
-48.3639
-47.9563
-47.523
-47.0788
-46.5737
-45.9726
-45.1789
-44.051
-42.1784
-37.3865
26.6358
17.1741
-23.0183
-49.7724
-58.7363
-61.0613
-61.6704
-61.8039
-61.7005
-61.5656
-61.4291
-61.2751
-61.13
-60.9661
-60.7533
-60.5858
-60.4182
-60.2491
-60.0646
-59.8947
-59.7439
-59.5997
-59.4923
-59.4172
-59.3677
-59.3341
-59.2651
-59.2262
-59.2074
-59.2033
-59.1681
-59.1572
-59.1621
-59.1811
-59.1709
-59.1085
-59.0295
-58.9229
-58.7784
-58.6789
-58.5769
-58.4473
-58.2791
-58.0766
-57.8268
-57.4332
-57.0527
-56.7337
-56.3866
-55.9331
-55.4141
-54.6939
-54.0492
-53.3838
-52.7515
-51.9535
-51.1133
-50.3066
-49.6431
-49.0753
-48.5829
-48.0833
-47.5998
-47.0869
-46.4488
-45.6743
-44.6783
-43.1965
-40.3522
-26.9574
39.6101
-7.12712
-39.6637
-57.2328
-61.723
-62.8443
-63.1035
-63.0892
-62.9783
-62.84
-62.7024
-62.5762
-62.4651
-62.3693
-62.2881
-62.22
-62.1636
-62.1177
-62.0809
-62.0521
-62.0305
-62.0152
-62.0054
-62.0004
-61.9996
-62.0026
-62.0089
-62.018
-62.0298
-62.0437
-62.0597
-62.0773
-62.0964
-62.1168
-62.1383
-62.1608
-62.184
-62.2079
-62.2323
-62.2572
-62.2824
-62.3078
-62.3335
-62.3592
-62.385
-62.4108
-62.4366
-62.4623
-62.4878
-62.5132
-62.5384
-62.5634
-62.5882
-62.6127
-62.6369
-62.6609
-62.6846
-62.7079
-62.731
-62.7537
-62.7762
-62.7983
-62.8201
-62.8415
-62.8626
-62.8834
-62.9039
-62.924
-62.9438
-62.8218
-62.4644
-62.2285
-62.0555
-61.9346
-61.81
-61.3388
-60.9684
-60.6948
-60.5003
-60.3497
-60.1265
-59.6565
-59.2093
-58.8561
-58.2705
-57.4009
-56.3176
-55.4115
-54.3391
-53.4618
-52.8079
-52.2041
-51.6971
-51.1305
-50.6413
-50.2512
-49.9082
-49.5564
-49.1653
-48.7444
-48.3823
-48.0468
-47.7226
-47.3883
-46.9889
-46.3664
-45.6249
-44.6889
-43.3063
-40.5582
-28.6527
40.4628
-6.38822
-40.1641
-58.3675
-62.952
-64.0433
-64.2416
-64.0803
-63.7951
-63.3699
-62.9709
-62.641
-62.292
-61.8721
-61.502
-61.2145
-60.9903
-60.8118
-60.6681
-60.5173
-60.3856
-60.2861
-60.2124
-60.1342
-60.0528
-59.9991
-59.965
-59.9474
-59.9421
-59.9471
-59.9609
-59.9822
-60.0018
-59.9815
-59.9373
-59.8893
-59.8473
-59.7938
-59.7476
-59.617
-59.4324
-59.1167
-58.6775
-58.258
-57.897
-57.6247
-57.3705
-57.0856
-56.6636
-56.2128
-55.8622
-55.5093
-55.2289
-54.9068
-54.5604
-54.2378
-53.8976
-53.4537
-52.9354
-52.4234
-51.9656
-51.516
-51.0139
-50.5567
-50.1087
-49.6684
-49.2861
-48.9318
-48.6029
-48.3033
-47.987
-47.6388
-47.1784
-46.6508
-46.0405
-45.2469
-44.1379
-42.3485
-38.0654
13.52
21.233
-22.3545
-52.2862
-62.4365
-65.0035
-65.6206
-65.7053
-65.6131
-65.4644
-65.3045
-65.1502
-65.0075
-64.8777
-64.7605
-64.6551
-64.5603
-64.4749
-64.3981
-64.3288
-64.2663
-64.2099
-64.1589
-64.1127
-64.0709
-64.0331
-63.9988
-63.9678
-63.9397
-63.9143
-63.8913
-63.8705
-63.8518
-63.8349
-63.8196
-63.8059
-63.7936
-63.7826
-63.7727
-63.7639
-63.7561
-63.7492
-63.7431
-63.7377
-63.733
-63.729
-63.7255
-63.7226
-63.7202
-63.7182
-63.7166
-63.7155
-63.7146
-63.7141
-63.714
-63.714
-63.7144
-63.715
-63.7158
-63.7168
-63.718
-63.7194
-63.7209
-63.7226
-63.7244
-63.7264
-63.7285
-63.7307
-63.733
-63.7355
-63.738
-63.7406
-63.7433
-63.746
-63.7489
-63.7518
-63.7548
-63.7578
-63.7609
-63.7355
-63.6878
-63.6558
-63.6292
-63.3486
-62.7777
-62.3847
-61.7773
-61.2166
-60.8036
-60.4579
-60.0314
-59.655
-59.2964
-58.8384
-58.4346
-58.1275
-57.683
-56.4121
-55.0293
-54.0299
-53.3065
-52.7552
-52.2299
-51.8195
-51.3694
-50.9975
-50.6736
-50.317
-49.9651
-49.6813
-49.4468
-49.2485
-49.0757
-48.8706
-48.4674
-48.106
-47.5764
-46.9899
-46.3673
-45.663
-44.7332
-43.3811
-40.8635
-31.2488
41.8429
-3.39923
-39.0904
-59.4044
-64.4857
-65.6101
-65.7616
-65.6364
-65.4018
-65.1099
-64.7853
-64.4267
-64.1355
-63.8936
-63.6154
-63.3749
-63.177
-63.0149
-62.8791
-62.7645
-62.6596
-62.5267
-62.4242
-62.3416
-62.2767
-62.2046
-62.0932
-61.989
-61.9128
-61.8571
-61.8167
-61.7874
-61.7674
-61.7167
-61.6672
-61.6358
-61.5635
-61.4668
-61.3721
-61.2221
-61.041
-60.8873
-60.7643
-60.68
-60.6214
-60.5826
-60.5592
-60.5217
-60.4739
-60.4498
-60.4387
-60.402
-60.2704
-60.0305
-59.8088
-59.5298
-59.1986
-58.6996
-58.2372
-57.6125
-56.9906
-56.3188
-55.556
-54.8872
-54.1737
-53.2725
-52.3606
-51.6813
-51.1629
-50.7275
-50.3653
-50.0625
-49.7722

