-70
-69.8623
-69.7285
-69.5983
-69.4718
-69.3487
-69.2291
-69.1128
-68.9997
-68.8897
-68.7828
-68.6789
-68.5778
-68.4795
-68.3839
-68.291
-68.2007
-68.1128
-68.0274
-67.9443
-67.8636
-67.7851
-67.7087
-67.6345
-67.5623
-67.4921
-67.4238
-67.3574
-67.2929
-67.2301
-67.1691
-67.1098
-67.0521
-66.996
-66.9414
-66.8884
-66.8368
-66.7866
-66.7378
-66.6904
-66.6443
-66.5994
-66.5558
-66.5133
-66.4721
-66.432
-66.393
-66.355
-66.3181
-66.2823
-66.2474
-66.2134
-66.1805
-66.1484
-66.1172
-66.0868
-66.0573
-66.0286
-66.0007
-65.9736
-65.9472
-65.9215
-65.8966
-65.8723
-65.8487
-65.8257
-65.8034
-65.7817
-65.7606
-65.74
-65.72
-65.7006
-65.6817
-65.6633
-65.6455
-65.6281
-65.6112
-65.5948
-65.5788
-65.5632
-65.5481
-65.5334
-65.5191
-65.5052
-65.4917
-65.4785
-65.4657
-65.4533
-65.4412
-65.4294
-65.418
-65.4068
-65.396
-65.3855
-65.3752
-65.3653
-65.3556
-65.3462
-65.337
-65.3281
-65.3194
-65.311
-65.3028
-65.2948
-65.2871
-65.2795
-65.2722
-65.2651
-65.2581
-65.2514
-65.2448
-65.2385
-65.2322
-65.2262
-65.2203
-65.2146
-65.2091
-65.2037
-65.1984
-65.1933
-65.1884
-65.1835
-65.1788
-65.1743
-65.1698
-65.1655
-65.1613
-65.1572
-65.1532
-65.1493
-65.1456
-65.1419
-65.1384
-65.1349
-65.1315
-65.1283
-65.1251
-65.122
-65.119
-65.1161
-65.1132
-65.1104
-65.1077
-65.1051
-65.1026
-65.1001
-65.0977
-65.0953
-65.0931
-65.0908
-65.0887
-65.0866
-65.0845
-65.0826
-65.0806
-65.0788
-65.0769
-65.0752
-65.0734
-65.0718
-65.0701
-65.0685
-65.067
-65.0655
-65.064
-65.0626
-65.0612
-65.0599
-65.0586
-65.0573
-65.0561
-65.0549
-65.0537
-65.0526
-65.0514
-65.0504
-65.0493
-65.0483
-65.0473
-65.0464
-65.0454
-65.0445
-65.0436
-65.0428
-65.0419
-65.0411
-65.0403
-65.0395
-65.0388
-65.0381
-65.0374
-65.0367
-65.036
-65.0353
-65.0347
-65.0341
-65.0335
-65.0329
-65.0323
-65.0318
-65.0313
-65.0307
-65.0302
-65.0297
-65.0293
-65.0288
-65.0283
-65.0279
-65.0275
-65.027
-65.0266
-65.0262
-65.0259
-65.0255
-65.0251
-65.0248
-65.0244
-65.0241
-65.0238
-65.0234
-65.0231
-65.0228
-65.0225
-65.0223
-65.022
-65.0217
-65.0215
-65.0212
-65.021
-65.0207
-65.0205
-65.0203
-65.02
-65.0198
-65.0196
-65.0194
-65.0192
-65.019
-65.0188
-65.0187
-65.0185
-65.0183
-65.0181
-65.018
-65.0178
-65.0177
-65.0175
-65.0174
-65.0172
-65.0171
-65.017
-65.0168
-65.0167
-65.0166
-65.0165
-65.0163
-65.0162
-65.0161
-65.016
-65.0159
-65.0158
-65.0157
-65.0156
-65.0155
-65.0154
-65.0153
-65.0153
-65.0152
-65.0151
-65.015
-65.0149
-65.0149
-65.0148
-65.0147
-65.0147
-65.0146
-65.0145
-65.0145
-65.0144
-65.0143
-65.0143
-65.0142
-65.0142
-65.0141
-65.0141
-65.014
-65.014
-65.0139
-65.0139
-65.0138
-65.0138
-65.0137
-65.0137
-65.0137
-65.0136
-65.0136
-65.0135
-65.0135
-65.0135
-65.0134
-65.0134
-65.0134
-65.0133
-65.0133
-65.0133
-65.0133
-65.0132
-65.0132
-65.0132
-65.0131
-65.0131
-65.0131
-65.0131
-65.0131
-65.013
-65.013
-65.013
-65.013
-65.0129
-65.0129
-65.0129
-65.0129
-65.0129
-65.0129
-65.0128
-65.0128
-65.0128
-65.0128
-65.0128
-65.0128
-65.0127
-65.0127
-65.0127
-65.0127
-65.0127
-65.0127
-65.0127
-65.0127
-65.0126
-65.0126
-65.0126
-65.0126
-65.0126
-65.0126
-65.0126
-65.0126
-65.0126
-65.0126
-65.0125
-65.0125
-65.0125
-65.0125
-65.0125
-65.0125
-65.0125
-65.0125
-65.0125
-65.0125
-65.0125
-65.0125
-65.0125
-65.0124
-65.0124
-65.0124
-65.0124
-65.0124
-65.0124
-65.0124
-65.0124
-65.0124
-65.0124
-65.0124
-65.0124
-65.0124
-65.0124
-65.0124
-65.0124
-65.0124
-65.0124
-65.0124
-65.0124
-65.0124
-65.0124
-65.0124
-65.0123
-65.0123
-65.0123
-65.0123
-65.0123
-65.0123
-65.0123
-65.0123
-65.0123
-65.0123
-65.0123
-65.0123
-65.0123
-65.0123
-65.0123
-65.0123
-65.0123
-65.0123
-65.0123
-65.0123
-65.0123
-65.0123
-65.0123
-65.0123
-65.0123
-65.0123
-65.0123
-65.0123
-65.0123
-65.0123
-65.0123
-65.0123
-65.0123
-65.0123
-65.0123
-65.0123
-65.0123
-65.0123
-65.0123
-65.0123
-65.0123
-65.0123
-65.0123
-65.0123
-65.0123
-65.0123
-65.0123
-65.0123
-65.0123
-65.0123
-65.0123
-65.0123
-65.0123
-65.0123
-65.0123
-65.0123
-65.0123
-65.0123
-65.0123
-65.0123
-65.0123
-65.0123
-65.0123
-65.0123
-65.0123
-65.0123
-65.0123
-65.0123
-65.0123
-65.0123
-65.0123
-65.0123
-65.0123
-65.0123
-60.8717
-57.7563
-55.564
-54.0529
-52.8905
-51.9536
-51.1801
-50.529
-49.9701
-49.4802
-49.041
-48.6364
-48.2527
-47.8769
-47.4937
-47.0873
-46.6353
-46.103
-45.4348
-44.5151
-43.0595
-40.0013
-21.231
35.9127
-10.966
-41.8005
-56.9239
-60.8539
-61.9547
-62.3246
-62.4429
-62.4588
-62.4338
-62.395
-61.356
-59.0048
-57.4707
-56.3363
-55.514
-54.8604
-54.3314
-53.9006
-53.5491
-53.2631
-53.0317
-52.8463
-52.7003
-52.5877
-52.5043
-52.4462
-52.4104
-52.3944
-52.3783
-50.2339
-48.5451
-46.2003
-39.6868
-23.0006
35.5032
-2.16349
-27.6992
-39.3035
-38.312
-33.3882
-27.879
-20.0247
-0.105781
-5.32661
-21.4843
-30.5329
-32.7909
-30.6268
-27.1156
-20.8884
-4.7519
-4.48881
-19.9268
-31.5396
-34.7152
-32.6766
-28.815
-22.414
-4.94026
-5.57732
-22.658
-35.6265
-40.4451
-39.6514
-37.5367
-36.9951
-34.1977
-27.5262
0.943965
-2.96853
-27.4084
-42.8327
-47.7093
-49.0411
-48.4542
-46.9858
-47.5531
-47.5528
-46.689
-45.752
-44.583
-44.5875
-43.9592
-42.5721
-41.9617
-40.5182
-37.0902
-19.4726
13.1756
-20.2144
-47.4959
-57.8153
-58.6968
-58.1743
-57.0658
-56.1064
-55.9025
-56.3968
-56.1919
-55.132
-54.0143
-52.7454
-51.3221
-49.5919
-47.1046
-43.2456
-37.4173
-15.6348
23.9267
-9.20536
-31.6735
-44.0363
-43.1522
-38.3595
-32.4361
-26.9222
-8.17489
0.280086
-16.864
-29.623
-34.6089
-34.2359
-31.5921
-27.5018
-22.6433
-6.31822
-13.0162
-31.7677
-46.7274
-52.7485
-54.153
-55.0723
-55.4773
-56.6324
-57.2433
-58.8199
-60.4687
-61.1037
-61.6853
-63.064
-64.1127
-64.1537
-64.4705
-64.6331
-65.7502
-65.695
-65.3927
-65.2627
-65.0078
-64.9807
-64.6535
-64.221
-64.2121
-63.92
-63.9146
-63.7336
-63.3588
-62.9201
-62.4416
-61.9349
-61.4068
-60.8624
-60.3055
-59.739
-59.1655
-58.5868
-58.0047
-57.4203
-57.3274
-58.6219
-58.8725
-58.8308
-59.3099
-59.6147
-59.5868
-59.4337
-59.2012
-58.9119
-58.5801
-58.2158
-57.8264
-57.4175
-56.9934
-56.5575
-56.1124
-55.6601
-55.2019
-54.7388
-54.271
-53.7988
-53.3216
-52.8384
-52.3477
-51.8475
-51.3345
-50.8049
-50.2528
-49.6707
-49.0473
-48.3657
-46.7284
-42.7169
-36.8195
14.7839
20.5375
-16.4163
-44.3291
-56.1428
-57.8312
-56.8938
-55.0798
-51.7775
-46.2627
-41.6175
-36.6238
-22.4764
22.1995
-3.78598
-24.1732
-35.1869
-36.3457
-33.81
-29.0183
-22.6158
-4.49717
-1.41275
-18.8484
-31.7755
-35.5975
-34.2584
-30.9651
-26.4019
-16.7849
0.662788
-11.2192
-27.8481
-37.794
-39.3105
-38.03
-35.4237
-30.8099
-22.5595
3.43682
-6.95957
-28.6076
-43.1257
-46.1752
-43.92
-42.3641
-40.965
-41.2422
-39.9392
-40.6803
-45.2798
-46.9544
-48.8671
-49.0187
-49.5498
-50.4598
-50.1519
-49.5792
-48.7189
-47.671
-46.4965
-45.2857
-43.9001
-42.5183
-43.0468
-41.9634
-38.7384
-19.1126
16.8481
-22.1805
-50.0396
-59.9318
-61.6273
-61.0678
-60.1983
-59.2806
-57.9531
-55.972
-54.6318
-52.5196
-49.5566
-45.858
-41.8408
-36.4486
-11.1073
23.0733
-11.5171
-36.2674
-49.8257
-50.8268
-47.6718
-43.1168
-37.3676
-28.926
-0.48607
6.79562
-19.0094
-35.1346
-40.5631
-40.4108
-38.8865
-35.5811
-33.0707
-28.6576
-8.83546
-2.72136
-23.9723
-39.1667
-45.2275
-45.3401
-44.6809
-45.6343
-48.0979
-49.0639
-49.4658
-49.3548
-51.3822
-51.802
-51.3125
-52.2495
-53.6739
-54.1095
-55.8972
-57.0178
-58.6073
-59.9956
-60.1257
-59.8907
-60.6535
-61.1744
-61.8129
-62.3707
-62.4017
-62.1337
-61.7585
-61.3176
-60.8311
-60.3112
-59.7662
-59.2021
-58.6236
-58.2665
-58.5082
-58.2645
-57.885
-57.69
-58.116
-58.0096
-57.7425
-57.4023
-57.0143
-56.848
-57.3972
-57.3845
-57.1988
-56.9338
-56.6164
-56.2613
-55.8784
-56.2104
-56.6488
-56.6581
-56.5333
-56.3321
-56.0781
-55.7852
-55.4627
-55.1172
-54.7537
-54.3755
-53.9854
-53.5851
-53.1755
-52.7573
-52.3297
-51.8922
-51.4428
-50.979
-50.4973
-49.9923
-49.4569
-48.8807
-48.2477
-47.5342
-46.6992
-45.6662
-44.2686
-42.0343
-36.5537
27.0794
13.7125
-23.6344
-54.0559
-64.7182
-67.3153
-67.8052
-67.7532
-67.1004
-66.3335
-65.3801
-64.3408
-60.5792
-55.043
-51.213
-47.3311
-43.661
-39.5176
-28.1904
33.6957
2.20843
-26.8726
-48.2547
-52.7617
-51.4567
-46.8018
-35.5371
-18.1896
10.1763
-3.08418
-23.9215
-35.4133
-37.6595
-35.2307
-31.6728
-26.7173
-16.5655
2.84555
-11.3061
-29.03
-39.3369
-41.7674
-40.1845
-35.7713
-30.2379
-19.0299
7.04125
-8.60143
-29.5799
-41.4075
-43.2166
-40.3999
-39.1265
-37.9482
-35.318
-32.0213
-15.9872
5.09371
-21.8144
-43.4224
-53.4006
-55.8457
-56.2022
-55.0372
-55.9344
-56.695
-56.7801
-56.5236
-56.7101
-56.3569
-56.5121
-56.1037
-55.4675
-54.731
-54.0015
-53.2636
-52.3914
-52.6381
-52.4172
-51.9269
-51.3456
-50.7019
-49.8176
-50.3393
-50.2132
-49.7957
-49.144
-48.7463
-50.3915
-50.3559
-49.316
-48.8646
-47.7244
-46.1917
-44.147
-41.4253
-35.7647
22.2755
9.75652
-24.3718
-51.3031
-59.2148
-59.6779
-58.0211
-56.018
-53.7582
-51.3456
-48.6239
-45.1812
-40.6729
-33.2947
6.67141
14.4358
-16.9593
-38.2691
-46.2213
-44.9081
-40.3404
-32.5668
-21.5295
4.30513
-1.58222
-22.857
-36.2051
-39.0791
-36.9011

