-70
-69.8623
-69.7285
-69.5983
-69.4718
-69.3487
-69.2291
-69.1128
-68.9997
-68.8897
-68.7828
-68.6789
-68.5778
-68.4795
-68.3839
-68.291
-68.2007
-68.1128
-68.0274
-67.9443
-67.8636
-67.7851
-67.7087
-67.6345
-67.5623
-67.4921
-67.4238
-67.3574
-67.2929
-67.2301
-67.1691
-67.1098
-67.0521
-66.996
-66.9414
-66.8884
-66.8368
-66.7866
-66.7378
-66.6904
-66.6443
-66.5994
-66.5558
-66.5133
-66.4721
-66.432
-66.393
-66.355
-66.3181
-66.2823
-66.2474
-66.2134
-66.1805
-66.1484
-66.1172
-66.0868
-66.0573
-66.0286
-66.0007
-65.9736
-65.9472
-65.9215
-65.8966
-65.8723
-65.8487
-65.8257
-65.8034
-65.7817
-65.7606
-65.74
-65.72
-65.7006
-65.6817
-65.6633
-65.6455
-65.6281
-65.6112
-65.5948
-65.5788
-65.5632
-65.5481
-65.5334
-65.5191
-65.5052
-65.4917
-65.4785
-65.4657
-65.4533
-65.4412
-65.4294
-65.418
-65.4068
-65.396
-65.3855
-65.3752
-65.3653
-65.3556
-65.3462
-65.337
-65.3281
-65.3194
-65.311
-65.3028
-65.2948
-65.2871
-65.2795
-65.2722
-65.2651
-65.2581
-65.2514
-65.2448
-65.2385
-65.2322
-65.2262
-65.2203
-65.2146
-65.2091
-65.2037
-65.1984
-65.1933
-65.1884
-65.1835
-65.1788
-65.1743
-65.1698
-65.1655
-65.1613
-65.1572
-65.1532
-65.1493
-65.1456
-65.1419
-65.1384
-65.1349
-65.1315
-65.1283
-65.1251
-65.122
-65.119
-65.1161
-65.1132
-65.1104
-65.1077
-65.1051
-65.1026
-65.1001
-65.0977
-65.0953
-65.0931
-65.0908
-65.0887
-65.0866
-65.0845
-65.0826
-65.0806
-65.0788
-65.0769
-65.0752
-65.0734
-65.0718
-65.0701
-65.0685
-65.067
-65.0655
-65.064
-65.0626
-65.0612
-65.0599
-65.0586
-65.0573
-65.0561
-65.0549
-65.0537
-65.0526
-65.0514
-65.0504
-65.0493
-65.0483
-65.0473
-65.0464
-65.0454
-65.0445
-65.0436
-65.0428
-65.0419
-65.0411
-65.0403
-65.0395
-65.0388
-65.0381
-65.0374
-65.0367
-65.036
-65.0353
-65.0347
-65.0341
-65.0335
-65.0329
-65.0323
-65.0318
-65.0313
-65.0307
-65.0302
-65.0297
-65.0293
-65.0288
-65.0283
-65.0279
-65.0275
-65.027
-65.0266
-65.0262
-65.0259
-65.0255
-65.0251
-65.0248
-65.0244
-65.0241
-65.0238
-65.0234
-65.0231
-65.0228
-65.0225
-65.0223
-65.022
-65.0217
-65.0215
-65.0212
-65.021
-65.0207
-65.0205
-65.0203
-65.02
-65.0198
-65.0196
-65.0194
-65.0192
-65.019
-65.0188
-65.0187
-65.0185
-65.0183
-65.0181
-65.018
-65.0178
-65.0177
-65.0175
-65.0174
-65.0172
-65.0171
-65.017
-65.0168
-65.0167
-65.0166
-65.0165
-65.0163
-65.0162
-65.0161
-65.016
-65.0159
-65.0158
-65.0157
-65.0156
-65.0155
-65.0154
-65.0153
-65.0153
-65.0152
-65.0151
-65.015
-65.0149
-65.0149
-65.0148
-65.0147
-65.0147
-65.0146
-65.0145
-65.0145
-65.0144
-65.0143
-65.0143
-65.0142
-65.0142
-65.0141
-65.0141
-65.014
-65.014
-65.0139
-65.0139
-65.0138
-65.0138
-65.0137
-65.0137
-65.0137
-65.0136
-65.0136
-65.0135
-65.0135
-65.0135
-65.0134
-65.0134
-65.0134
-65.0133
-65.0133
-65.0133
-65.0133
-65.0132
-65.0132
-65.0132
-65.0131
-65.0131
-65.0131
-65.0131
-65.0131
-65.013
-65.013
-65.013
-65.013
-65.0129
-65.0129
-65.0129
-65.0129
-65.0129
-65.0129
-65.0128
-65.0128
-65.0128
-65.0128
-65.0128
-65.0128
-65.0127
-65.0127
-65.0127
-65.0127
-65.0127
-65.0127
-65.0127
-65.0127
-65.0126
-65.0126
-65.0126
-65.0126
-65.0126
-65.0126
-65.0126
-65.0126
-65.0126
-65.0126
-65.0125
-65.0125
-65.0125
-65.0125
-65.0125
-65.0125
-65.0125
-65.0125
-65.0125
-65.0125
-65.0125
-65.0125
-65.0125
-65.0124
-65.0124
-65.0124
-65.0124
-65.0124
-65.0124
-65.0124
-65.0124
-65.0124
-65.0124
-65.0124
-65.0124
-65.0124
-65.0124
-65.0124
-65.0124
-65.0124
-65.0124
-65.0124
-65.0124
-65.0124
-65.0124
-65.0124
-65.0123
-65.0123
-65.0123
-65.0123
-65.0123
-65.0123
-65.0123
-65.0123
-65.0123
-65.0123
-65.0123
-65.0123
-65.0123
-65.0123
-65.0123
-65.0123
-65.0123
-65.0123
-65.0123
-65.0123
-65.0123
-65.0123
-65.0123
-65.0123
-65.0123
-65.0123
-65.0123
-65.0123
-65.0123
-65.0123
-65.0123
-65.0123
-65.0123
-65.0123
-65.0123
-65.0123
-65.0123
-65.0123
-65.0123
-65.0123
-65.0123
-65.0123
-65.0123
-65.0123
-65.0123
-65.0123
-65.0123
-65.0123
-65.0123
-65.0123
-65.0123
-65.0123
-65.0123
-65.0123
-65.0123
-65.0123
-65.0123
-65.0123
-65.0123
-65.0123
-65.0123
-65.0123
-65.0123
-65.0123
-65.0123
-65.0123
-65.0123
-65.0123
-65.0123
-65.0123
-65.0123
-65.0123
-65.0123
-65.0123
-64.9505
-64.8995
-64.8615
-64.8344
-64.8133
-64.7964
-64.7828
-64.772
-64.7634
-64.7568
-64.7518
-64.7482
-64.7458
-64.7444
-64.7439
-64.7441
-64.745
-64.7465
-64.7484
-64.7508
-64.7534
-64.7564
-64.7596
-64.763
-64.7666
-64.7703
-64.7742
-64.7781
-64.7821
-64.7861
-64.7902
-64.7942
-64.7983
-64.8024
-64.7542
-64.6319
-64.5502
-64.4896
-64.4463
-64.4127
-64.3865
-64.3661
-64.3507
-64.3393
-64.3314
-64.3265
-64.324
-64.3237
-64.3252
-64.3283
-64.3326
-64.3381
-64.3446
-63.9502
-63.67
-63.4084
-62.6804
-62.1657
-61.7316
-61.2701
-60.8379
-60.2198
-59.658
-58.7302
-58.0068
-57.2996
-56.7975
-56.4137
-55.7099
-54.9705
-54.368
-53.7344
-53.271
-52.7385
-52.3006
-51.9659
-51.7107
-51.5128
-51.3593
-51.2378
-51.1156
-51.0326
-50.9794
-50.9532
-50.949
-50.8722
-50.8066
-50.7784
-50.7809
-50.8068
-50.8513
-50.9123
-50.9826
-51.0323
-51.1055
-51.1753
-51.2138
-51.2681
-51.3466
-51.4137
-51.4893
-51.5209
-51.5309
-51.524
-51.5537
-51.6133
-51.6962
-51.7935
-51.8654
-51.961
-52.0702
-52.1489
-52.2523
-52.3721
-52.4913
-52.5977
-52.7044
-52.7955
-52.8615
-52.9067
-52.9842
-53.085
-53.1843
-53.2674
-53.3285
-53.3664
-53.383
-53.3903
-53.3304
-53.245
-53.1834
-53.1659
-53.153
-53.1625
-53.1369
-53.0726
-52.9046
-52.5247
-52.0385
-51.5099
-50.7863
-49.9852
-49.2493
-48.5413
-47.8435
-47.1622
-46.4639
-45.6659
-44.661
-43.1843
-40.417
-28.3111
40.4735
-5.51172
-37.4786
-55.2836
-59.8679
-61.0363
-61.2947
-61.2682
-61.1479
-61.0052
-60.8683
-60.748
-60.6474
-60.5666
-60.5039
-60.4575
-60.4253
-60.4057
-60.3969
-60.3975
-60.4063
-60.4222
-60.4444
-60.4719
-60.504
-60.5401
-60.5796
-60.6221
-60.667
-60.714
-60.7627
-60.8129
-60.8642
-60.9164
-60.9693
-61.0228
-61.0765
-61.1305
-61.1845
-61.2385
-61.2923
-61.3458
-61.399
-61.4518
-61.5041
-61.5559
-61.6071
-61.6577
-61.7076
-61.7569
-61.8054
-61.8532
-61.9002
-61.9465
-61.992
-62.0367
-62.0806
-62.1238
-62.1661
-62.2077
-62.2484
-62.2884
-62.3277
-62.3661
-62.4038
-62.4407
-62.477
-62.5124
-62.5472
-62.5812
-62.6146
-62.6472
-62.6596
-62.574
-62.5255
-62.4955
-62.4818
-62.4556
-62.1544
-61.9101
-61.7354
-61.6155
-61.5247
-61.2821
-61.0043
-60.7998
-60.6547
-60.3114
-59.4855
-58.4459
-57.6731
-56.7201
-55.9072
-55.2982
-54.5937
-54.0661
-53.4261
-52.9065
-52.5141
-52.2174
-51.9896
-51.7689
-51.5409
-51.3762
-51.2575
-51.1784
-51.1298
-51.0847
-50.9434
-50.8184
-50.7432
-50.7075
-50.67
-50.6436
-50.6247
-50.636
-50.6528
-50.6496
-50.642
-50.6111
-50.6206
-50.6316
-50.5774
-50.5316
-50.4913
-50.448
-50.418
-50.3664
-50.3578
-50.3763
-50.4189
-50.4798
-50.5569
-50.5734
-50.6121
-50.6758
-50.7619
-50.8643
-50.9806
-51.109
-51.2485
-51.3983
-51.5576
-51.7254
-51.9004
-52.0816
-52.2681
-52.4594
-52.6549
-52.8198
-52.9403
-53.0523
-53.0999
-53.1234
-53.1591
-53.0202
-52.8475
-52.6858
-52.5512
-52.4817
-52.3853
-52.3156
-52.2106
-52.0034
-51.8398
-51.7135
-51.6207
-51.4139
-51.1627
-50.9043
-50.5889
-50.2248
-49.8731
-49.3237
-48.7853
-48.1732
-47.5952
-47.0514
-46.4889
-45.8162
-44.9659
-43.7258
-41.5172
-35.0408
38.8471
6.91151
-30.1633
-54.0621
-60.8485
-62.6205
-63.0552
-63.0665
-62.9398
-62.7736
-62.6077
-62.426
-62.2304
-62.0528
-61.9125
-61.8008
-61.712
-61.6413
-61.5861
-61.5441
-61.5135
-61.4928
-61.4807
-61.476
-61.4778
-61.4852
-61.4976
-61.5142
-61.5344
-61.5579
-61.5841
-61.6126
-61.6432
-61.6755
-61.7093
-61.7442
-61.7802
-61.817
-61.8544
-61.8923
-61.9306
-61.9691
-62.0077
-62.0464
-62.085
-62.1235
-62.1618
-62.1998
-62.2375
-62.275
-62.312
-62.3486
-62.3848
-62.4205
-62.4557
-62.4904
-62.5246
-62.5583
-62.5915
-62.624
-62.6561
-62.6876
-62.7185
-62.7489
-62.7788
-62.8081
-62.8368
-62.865
-62.8927
-62.9198
-62.9464
-62.9725
-62.9981
-63.0232
-63.0477
-63.0718
-63.0954
-63.1186
-63.1413
-63.1635
-63.1852
-63.2066
-63.2275
-63.248
-63.2681
-63.2877
-63.307
-63.3259
-63.3444
-63.3626
-63.3804
-63.3978
-63.2897
-62.9551
-62.7059
-62.3292
-61.9705
-61.7098
-61.516
-61.2077
-60.9188
-60.7062
-60.5413
-60.3734
-60.2523
-59.9887
-58.577
-57.1201
-56.0702
-55.3242
-54.7566
-54.2294
-53.8168
-53.35
-52.9582
-52.6639
-52.4425
-52.2472
-52.1052
-52.005
-51.9415
-51.9079
-51.8518
-51.6828
-51.5536
-51.3386
-51.1465
-51.0005
-50.8928
-50.7711
-50.6637
-50.5991
-50.5684
-50.565
-50.5835
-50.588
-50.4663
-50.3918
-50.3336
-50.3188
-50.3306
-50.3393
-50.3067
-50.2789
-50.2503
-50.2588
-50.2922
-50.3468
-50.4184
-50.5054
-50.6062
-50.7198
-50.8454
-50.9821
-51.0944
-51.1896
-51.289
-51.4116
-51.5504
-51.7021
-51.8635
-52.033
-52.2094
-52.3919
-52.5798
-52.7724
-52.9684
-53.1671
-53.3228
-53.4561
-53.4988
-53.5869
-53.6327
-53.6951
-53.7866
-53.8992
-54.0265
-54.1292
-54.2344
-54.3567
-54.4731
-54.5718
-54.6908
-54.8009
-54.8964
-54.938
-54.8532
-54.7395
-54.5136
-54.2501
-54.0156
-53.7891
-53.4522
-53.04
-52.5349
-51.94
-51.3459
-50.8024
-50.2223
-49.6681
-49.1834
-48.7737
-48.3811
-48.0147
-47.6406
-47.1281

