-70
-70.0758
-70.1508
-70.225
-70.2983
-70.3706
-70.4419
-70.5122
-70.5814
-70.6496
-70.7168
-70.7829
-70.848
-70.9121
-70.9752
-71.0373
-71.0984
-71.1586
-71.2178
-71.2761
-71.3334
-71.3899
-71.4455
-71.5003
-71.5543
-71.6074
-71.6598
-71.7114
-71.7623
-71.8124
-71.8619
-71.9106
-71.9587
-72.006
-72.0527
-72.0988
-72.1442
-72.1889
-72.2331
-72.2766
-72.3196
-72.362
-72.4038
-72.445
-72.4857
-72.5258
-72.5654
-72.6045
-72.6431
-72.6812
-72.7188
-72.756
-72.7927
-72.8289
-72.8647
-72.9
-72.9349
-72.9694
-73.0035
-73.0371
-73.0704
-73.1032
-73.1357
-73.1678
-73.1994
-73.2307
-73.2617
-73.2922
-73.3224
-73.3523
-73.3817
-73.4109
-73.4397
-73.4682
-73.4963
-73.5241
-73.5516
-73.5788
-73.6057
-73.6323
-73.6585
-73.6845
-73.7102
-73.7356
-73.7608
-73.7857
-73.8103
-73.8346
-73.8587
-73.8825
-73.9061
-73.9294
-73.9524
-73.9753
-73.9979
-74.0202
-74.0423
-74.0642
-74.0859
-74.1073
-74.1285
-74.1495
-74.1703
-74.1909
-74.2112
-74.2313
-74.2513
-74.271
-74.2905
-74.3098
-74.329
-74.3479
-74.3666
-74.3852
-74.4036
-74.4217
-74.4397
-74.4575
-74.4752
-74.4926
-74.5099
-74.527
-74.544
-74.5607
-74.5774
-74.5938
-74.6101
-74.6262
-74.6422
-74.658
-74.6736
-74.6891
-74.7045
-74.7197
-74.7347
-74.7496
-74.7644
-74.779
-74.7935
-74.8079
-74.8221
-74.8362
-74.8501
-74.864
-74.8777
-74.8913
-74.9047
-74.918
-74.9313
-74.9443
-74.9573
-74.9701
-74.9829
-74.9955
-75.008
-75.0204
-75.0327
-75.0448
-75.0569
-75.0688
-75.0806
-75.0924
-75.104
-75.1155
-75.1269
-75.1382
-75.1495
-75.1606
-75.1716
-75.1825
-75.1933
-75.204
-75.2147
-75.2252
-75.2356
-75.246
-75.2562
-75.2664
-75.2764
-75.2864
-75.2963
-75.3061
-75.3158
-75.3255
-75.335
-75.3445
-75.3538
-75.3631
-75.3724
-75.3815
-75.3906
-75.3995
-75.4084
-75.4172
-75.426
-75.4346
-75.4432
-75.4518
-75.4602
-75.4686
-75.4769
-75.4851
-75.4932
-75.5013
-75.5093
-75.5173
-75.5251
-75.533
-75.5407
-75.5484
-75.556
-75.5635
-75.571
-75.5784
-75.5858
-75.593
-75.6003
-75.6074
-75.6145
-75.6216
-75.6285
-75.6355
-75.6423
-75.6491
-75.6559
-75.6626
-75.6692
-75.6758
-75.6823
-75.6888
-75.6952
-75.7015
-75.7078
-75.7141
-75.7203
-75.7264
-75.7325
-75.7386
-75.7446
-75.7505
-75.7564
-75.7622
-75.768
-75.7738
-75.7795
-75.7851
-75.7907
-75.7963
-75.8018
-75.8072
-75.8127
-75.818
-75.8234
-75.8287
-75.8339
-75.8391
-75.8443
-75.8494
-75.8545
-75.8595
-75.8645
-75.8695
-75.8744
-75.8793
-75.8841
-75.8889
-75.8937
-75.8984
-75.9031
-75.9077
-75.9123
-75.9169
-75.9214
-75.9259
-75.9304
-75.9348
-75.9392
-75.9436
-75.9479
-75.9522
-75.9565
-75.9607
-75.9649
-75.969
-75.9731
-75.9772
-75.9813
-75.9853
-75.9893
-75.9933
-75.9972
-76.0011
-76.005
-76.0088
-76.0126
-76.0164
-76.0201
-76.0239
-76.0275
-76.0312
-76.0348
-76.0384
-76.042
-76.0456
-76.0491
-76.0526
-76.056
-76.0595
-76.0629
-76.0663
-76.0696
-76.0729
-76.0762
-76.0795
-76.0828
-76.086
-76.0892
-76.0924
-76.0955
-76.0986
-76.1017
-76.1048
-76.1079
-76.1109
-76.1139
-76.1169
-76.1198
-76.1228
-76.1257
-76.1286
-76.1314
-76.1343
-76.1371
-76.1399
-76.1427
-76.1455
-76.1482
-76.1509
-76.1536
-76.1563
-76.1589
-76.1615
-76.1642
-76.1667
-76.1693
-76.1719
-76.1744
-76.1769
-76.1794
-76.1819
-76.1843
-76.1868
-76.1892
-76.1916
-76.1939
-76.1963
-76.1986
-76.201
-76.2033
-76.2056
-76.2078
-76.2101
-76.2123
-76.2145
-76.2167
-76.2189
-76.2211
-76.2232
-76.2254
-76.2275
-76.2296
-76.2317
-76.2337
-76.2358
-76.2378
-76.2398
-76.2418
-76.2438
-76.2458
-76.2478
-76.2497
-76.2516
-76.2536
-76.2554
-76.2573
-76.2592
-76.2611
-76.2629
-76.2647
-76.2665
-76.2683
-76.2701
-76.2719
-76.2737
-76.2754
-76.2771
-76.2788
-76.2806
-76.2822
-76.2839
-76.2856
-76.2872
-76.2889
-76.2905
-76.2921
-76.2937
-76.2953
-76.2969
-76.2985
-76.3
-76.3016
-76.3031
-76.3046
-76.3061
-76.3076
-76.3091
-76.3106
-76.312
-76.3135
-76.3149
-76.3164
-76.3178
-76.3192
-76.3206
-76.322
-76.3233
-76.3247
-76.3261
-76.3274
-76.3287
-76.33
-76.3314
-76.3327
-76.334
-76.3352
-76.3365
-76.3378
-76.339
-76.3403
-76.3415
-76.3427
-76.3439
-76.3452
-76.3464
-76.3475
-76.3487
-76.3499
-76.351
-76.3522
-76.3533
-76.3545
-76.3556
-76.3567
-76.3578
-76.3589
-76.36
-76.3611
-76.3622
-76.3632
-76.3643
-76.3654
-76.3664
-76.3674
-76.3685
-76.3695
-76.3705
-76.3715
-76.3725
-76.3735
-76.3745
-76.3754
-76.3764
-76.3774
-76.3783
-76.3793
-76.3802
-76.3811
-76.382
-76.383
-76.3839
-76.3848
-76.3857
-76.3866
-76.3874
-76.3883
-76.3892
-76.39
-76.3909
-76.3917
-76.3926
-76.3934
-76.3943
-76.3951
-76.3959
-76.3967
-76.3975
-76.3983
-76.3991
-76.3999
-75.9759
-71.7835
-67.9998
-65.1512
-62.9411
-61.1178
-59.4221
-57.4417
-53.6086
46.342
-5.09883
-36.4406
-78.4022
-79.7416
-79.7277
-79.6933
-79.6545
-79.6119
-79.4263
-76.9333
-75.5056
-74.7403
-74.1734
-73.6764
-73.2109
-72.7654
-72.3374
-71.9279
-71.5388
-71.1719
-70.8293
-70.5123
-70.2218
-69.9582
-69.7217
-69.5119
-69.3279
-69.1689
-69.0335
-68.9206
-68.8286
-68.7561
-68.7015
-67.2318
-64.1187
-61.6163
-59.6969
-59.4346
-59.4589
-59.4851
-59.5151
-59.5498
-59.5902
-59.6378
-59.6943
-59.7613
-59.0776
-57.2077
-54.561
-42.6956
12.4151
-26.7097
-71.1049
-79.3148
-79.3792
-79.3075
-79.2239
-79.1324
-79.0334
-78.927
-78.8139
-78.6949
-78.5708
-78.443
-78.3127
-78.1813
-78.0503
-77.921
-77.7948
-77.6727
-77.5557
-77.4446
-77.3398
-77.2419
-77.1509
-77.0669
-76.9898
-76.9194
-76.8555
-76.7977
-73.8842
-69.7094
-66.5142
-64.0809
-62.1488
-60.4881
-58.8353
-56.6724
-51.005
35.3178
-15.3597
-49.4562
-78.8689
-79.1241
-79.0214
-78.9026
-78.7724
-78.631
-78.4786
-76.6975
-75.2324
-74.4818
-73.9574
-73.5505
-73.3463
-73.1261
-73.0703
-73.0323
-72.9406
-72.8258
-72.705
-72.5867
-72.4751
-72.3726
-72.28
-72.1978
-72.1258
-72.0638
-72.0114
-71.9679
-72.1555
-72.551
-73.135
-73.5791
-73.8878
-74.1089
-74.2716
-74.467
-74.7031
-74.8744
-74.9972
-75.0878
-75.1564
-75.2095
-75.2516
-75.2857
-75.3138
-75.3374
-75.3576
-75.3752
-75.3907
-75.4047
-75.4174
-75.429
-75.4399
-75.4501
-75.4598
-75.469
-75.478
-75.4866
-75.495
-75.5031
-75.5112
-75.519
-75.5268
-75.5344
-75.542
-75.5495
-75.5569
-75.5642
-75.5714
-75.5787
-75.5858
-75.5929
-75.6
-75.607
-75.6139
-75.6208
-73.69
-69.5311
-66.2544
-63.7629
-61.7778
-60.0421
-58.2286
-55.5165
-39.9722
13.9017
-25.4072
-71.12
-79.6756
-79.7283
-79.6953
-79.6567
-79.614
-79.5672
-79.5163
-79.4614
-76.591
-74.4541
-73.2316
-72.3839
-71.7073
-71.1232
-70.5989
-70.1202
-68.5097
-66.0905
-64.2422
-62.8336
-61.6953
-60.7101
-59.782
-58.8064
-57.4991
-54.0887
0.75196
0.720909
-32.3362
-76.4303
-79.3214
-79.2854
-79.1986
-78.8675
-77.4058
-76.6899
-76.2707
-75.8988
-75.5313
-75.1673
-74.8672
-74.5747
-74.2817
-73.9949
-73.7185
-73.4552
-73.2072
-72.9758
-72.7618
-72.5658
-72.3879
-72.2278
-72.0853
-71.9595
-71.8499
-71.7555
-71.6753
-71.6083
-71.5535
-71.51
-71.4768
-71.4528
-71.4373
-71.4294
-71.4282
-71.4331
-71.4433
-71.4583
-71.4774
-71.5003
-71.5263
-71.5551
-68.5049
-66.0076
-64.4447
-63.3627
-62.5809
-61.9923
-61.5331
-61.1597
-60.8475
-60.5785
-60.3352
-60.1081
-59.8902
-59.0731
-56.8343
-53.0033
43.1482
-6.57493
-37.7242
-77.9483
-79.3919
-79.3472
-79.2679
-78.1297
-77.1045
-76.627
-76.2601
-75.9062
-75.5491
-75.1876
-74.824
-74.4616
-74.1041
-72.0111
-69.296
-67.6015
-66.9563
-66.5325
-66.2012
-65.9355
-65.7196
-65.5442
-65.4029
-65.2913
-65.206
-65.1441
-65.537
-66.455
-67.195
-67.7648
-68.2115
-68.5685
-68.8589
-69.0994
-69.3018
-69.4752
-69.626
-69.7592
-69.8784
-69.9865
-70.0857
-70.1777
-70.2639
-70.3453
-70.4227
-70.4969
-70.5684
-70.6376
-70.7047
-70.7702
-70.8342
-70.8969
-70.9583
-71.0186
-71.078
-71.1364
-71.1939
-71.2953
-71.799
-72.2696
-72.643
-72.9431
-73.1874
-73.3885
-73.556
-73.6967
-73.8161
-73.9183
-74.0066
-74.0834
-74.1507
-74.2102
-74.2631
-74.3106
-74.3533
-74.3922
-74.4277
-74.4604
-74.4906
-74.5187
-74.5449
-74.5697
-74.593
-74.6152
-74.6363
-74.6565
-74.6759
-74.6946
-74.7127
-74.7302
-74.7472
-74.7638
-74.78
-74.7958
-74.8113
-74.8264
-74.8413
-73.7657
-69.6741
-66.2892
-63.7264
-61.6924
-59.9169
-58.0525
-55.1889
-33.3025
9.84626
-27.3346
-73.56
-79.6829
-79.7144
-79.6794
-79.6389
-78.2353
-76.9879
-76.4391
-76.0405
-75.6665
-75.2937
-74.9188
-74.5437
-74.1714
-72.4131
-69.7776
-67.8576
-66.455
-65.3781
-64.519
-63.8129
-63.2183
-62.7087
-61.3694
-59.2562
-57.0574
-53.3923
40.9158
-4.58129
-36.0519
-77.7916
-79.4982
-78.727
-78.1565
-77.8973
-77.6611
-77.413
-77.151
-76.8763
-76.5911
-76.2982
-76.0004
-75.7048
-75.4426
-74.8878
-71.8171
-69.3697
-67.7365
-66.5844
-65.7332
-65.0818
-64.57
-64.1607
-63.8304
-63.5619
-63.3448
-63.1716
-63.0368
-62.9357
-62.8644
-62.8202
-62.8011
-62.8053
-62.8311
-62.877
-62.9415
-63.0233
-63.1206
-63.2314
-63.3541
-63.4872
-63.6294
-63.7795
-63.9361
-64.0983
-64.2648
-64.4341
-64.6051
-64.7771
-64.9495
-65.1218
-63.7413
-61.1536
-58.9811
-56.8559
-53.6558
-18.5283
0.359127
-32.8804
-76.209
-79.4878
-79.5007
-79.4418
-79.3739
-79.2996
-79.2191
-79.1326
-78.3948
-75.4069
-73.496
-72.3153
-71.4554
-70.7594
-70.1608
-69.6294
-69.1509
-68.343
-65.8572
-63.737
-62.1248
-60.805

