-70
-70.0758
-70.1508
-70.225
-70.2983
-70.3706
-70.4419
-70.5122
-70.5814
-70.6496
-70.7168
-70.7829
-70.848
-70.9121
-70.9752
-71.0373
-71.0984
-71.1586
-71.2178
-71.2761
-71.3334
-71.3899
-71.4455
-71.5003
-71.5543
-71.6074
-71.6598
-71.7114
-71.7623
-71.8124
-71.8619
-71.9106
-71.9587
-72.006
-72.0527
-72.0988
-72.1442
-72.1889
-72.2331
-72.2766
-72.3196
-72.362
-72.4038
-72.445
-72.4857
-72.5258
-72.5654
-72.6045
-72.6431
-72.6812
-72.7188
-72.756
-72.7927
-72.8289
-72.8647
-72.9
-72.9349
-72.9694
-73.0035
-73.0371
-73.0704
-73.1032
-73.1357
-73.1678
-73.1994
-73.2307
-73.2617
-73.2922
-73.3224
-73.3523
-73.3817
-73.4109
-73.4397
-73.4682
-73.4963
-73.5241
-73.5516
-73.5788
-73.6057
-73.6323
-73.6585
-73.6845
-73.7102
-73.7356
-73.7608
-73.7857
-73.8103
-73.8346
-73.8587
-73.8825
-73.9061
-73.9294
-73.9524
-73.9753
-73.9979
-74.0202
-74.0423
-74.0642
-74.0859
-74.1073
-74.1285
-74.1495
-74.1703
-74.1909
-74.2112
-74.2313
-74.2513
-74.271
-74.2905
-74.3098
-74.329
-74.3479
-74.3666
-74.3852
-74.4036
-74.4217
-74.4397
-74.4575
-74.4752
-74.4926
-74.5099
-74.527
-74.544
-74.5607
-74.5774
-74.5938
-74.6101
-74.6262
-74.6422
-74.658
-74.6736
-74.6891
-74.7045
-74.7197
-74.7347
-74.7496
-74.7644
-74.779
-74.7935
-74.8079
-74.8221
-74.8362
-74.8501
-74.864
-74.8777
-74.8913
-74.9047
-74.918
-74.9313
-74.9443
-74.9573
-74.9701
-74.9829
-74.9955
-75.008
-75.0204
-75.0327
-75.0448
-75.0569
-75.0688
-75.0806
-75.0924
-75.104
-75.1155
-75.1269
-75.1382
-75.1495
-75.1606
-75.1716
-75.1825
-75.1933
-75.204
-75.2147
-75.2252
-75.2356
-75.246
-75.2562
-75.2664
-75.2764
-75.2864
-75.2963
-75.3061
-75.3158
-75.3255
-75.335
-75.3445
-75.3538
-75.3631
-75.3724
-75.3815
-75.3906
-75.3995
-75.4084
-75.4172
-75.426
-75.4346
-75.4432
-75.4518
-75.4602
-75.4686
-75.4769
-75.4851
-75.4932
-75.5013
-75.5093
-75.5173
-75.5251
-75.533
-75.5407
-75.5484
-75.556
-75.5635
-75.571
-75.5784
-75.5858
-75.593
-75.6003
-75.6074
-75.6145
-75.6216
-75.6285
-75.6355
-75.6423
-75.6491
-75.6559
-75.6626
-75.6692
-75.6758
-75.6823
-75.6888
-75.6952
-75.7015
-75.7078
-75.7141
-75.7203
-75.7264
-75.7325
-75.7386
-75.7446
-75.7505
-75.7564
-75.7622
-75.768
-75.7738
-75.7795
-75.7851
-75.7907
-75.7963
-75.8018
-75.8072
-75.8127
-75.818
-75.8234
-75.8287
-75.8339
-75.8391
-75.8443
-75.8494
-75.8545
-75.8595
-75.8645
-75.8695
-75.8744
-75.8793
-75.8841
-75.8889
-75.8937
-75.8984
-75.9031
-75.9077
-75.9123
-75.9169
-75.9214
-75.9259
-75.9304
-75.9348
-75.9392
-75.9436
-75.9479
-75.9522
-75.9565
-75.9607
-75.9649
-75.969
-75.9731
-75.9772
-75.9813
-75.9853
-75.9893
-75.9933
-75.9972
-76.0011
-76.005
-76.0088
-76.0126
-76.0164
-76.0201
-76.0239
-76.0275
-76.0312
-76.0348
-76.0384
-76.042
-76.0456
-76.0491
-76.0526
-76.056
-76.0595
-76.0629
-76.0663
-76.0696
-76.0729
-76.0762
-76.0795
-76.0828
-76.086
-76.0892
-76.0924
-76.0955
-76.0986
-76.1017
-76.1048
-76.1079
-76.1109
-76.1139
-76.1169
-76.1198
-76.1228
-76.1257
-76.1286
-76.1314
-76.1343
-76.1371
-76.1399
-76.1427
-76.1455
-76.1482
-76.1509
-76.1536
-76.1563
-76.1589
-76.1615
-76.1642
-76.1667
-76.1693
-76.1719
-76.1744
-76.1769
-76.1794
-76.1819
-76.1843
-76.1868
-76.1892
-76.1916
-76.1939
-76.1963
-76.1986
-76.201
-76.2033
-76.2056
-76.2078
-76.2101
-76.2123
-76.2145
-76.2167
-76.2189
-76.2211
-76.2232
-76.2254
-76.2275
-76.2296
-76.2317
-76.2337
-76.2358
-76.2378
-76.2398
-76.2418
-76.2438
-76.2458
-76.2478
-76.2497
-76.2516
-76.2536
-76.2554
-76.2573
-76.2592
-76.2611
-76.2629
-76.2647
-76.2665
-76.2683
-76.2701
-76.2719
-76.2737
-76.2754
-76.2771
-76.2788
-76.2806
-76.2822
-76.2839
-76.2856
-76.2872
-76.2889
-76.2905
-76.2921
-76.2937
-76.2953
-76.2969
-76.2985
-76.3
-76.3016
-76.3031
-76.3046
-76.3061
-76.3076
-76.3091
-76.3106
-76.312
-76.3135
-76.3149
-76.3164
-76.3178
-76.3192
-76.3206
-76.322
-76.3233
-76.3247
-76.3261
-76.3274
-76.3287
-76.33
-76.3314
-76.3327
-76.334
-76.3352
-76.3365
-76.3378
-76.339
-76.3403
-76.3415
-76.3427
-76.3439
-76.3452
-76.3464
-76.3475
-76.3487
-76.3499
-76.351
-76.3522
-76.3533
-76.3545
-76.3556
-76.3567
-76.3578
-76.3589
-76.36
-76.3611
-76.3622
-76.3632
-76.3643
-76.3654
-76.3664
-76.3674
-76.3685
-76.3695
-76.3705
-76.3715
-76.3725
-76.3735
-76.3745
-76.3754
-76.3764
-76.3774
-76.3783
-76.3793
-76.3802
-76.3811
-76.382
-76.383
-76.3839
-76.3848
-76.3857
-76.3866
-76.3874
-76.3883
-76.3892
-76.39
-76.3909
-76.3917
-76.3926
-76.3934
-76.3943
-76.3951
-76.3959
-76.3967
-76.3975
-76.3983
-76.3991
-76.3999
-76.4007
-76.4014
-76.4022
-76.403
-76.4037
-76.4045
-76.4052
-76.406
-75.2607
-70.9439
-67.3697
-64.6701
-62.5566
-60.7809
-59.0723
-56.9387
-51.9103
39.4016
-12.6824
-45.0732
-78.6373
-78.9118
-78.783
-78.6368
-78.4771
-78.304
-78.1179
-77.9195
-77.6101
-75.321
-73.6179
-72.559
-71.7767
-71.1299
-70.5619
-70.0487
-69.5796
-69.1497
-68.7569
-68.4
-68.0781
-68.0013
-68.5554
-69.0222
-69.4274
-70.279
-69.0496
-67.5915
-66.8205
-66.3713
-66.1019
-65.9394
-66.1931
-67.0335
-67.6455
-68.0635
-68.361
-68.5815
-68.7515
-68.8876
-69.0004
-69.0972
-69.1829
-69.2606
-69.3329
-69.4014
-69.4672
-69.5313
-69.5942
-69.6564
-69.7183
-69.7799
-69.8415
-69.9031
-69.9648
-70.0266
-70.0884
-70.1503
-70.2123
-70.2743
-70.3362
-70.398
-70.4596
-67.5098
-64.3733
-61.9744
-60.0154
-58.1436
-55.6937
-47.919
24.0701
-21.364
-62.293
-79.4724
-79.2794
-78.3828
-78.0539
-77.8245
-77.5878
-77.337
-77.0729
-76.7971
-76.5121
-75.7548
-73.1223
-71.1424
-69.7944
-68.7867
-67.9832
-67.3156
-66.8272
-67.1338
-67.4371
-67.6234
-68.3629
-69.0486
-69.9568
-70.7441
-71.2677
-71.6233
-71.8728
-72.2508
-72.6985
-73.0165
-73.2415
-73.4056
-73.5286
-73.6234
-73.6982
-73.7588
-73.809
-73.8515
-74.0473
-74.2706
-74.4403
-74.664
-74.8851
-75.0874
-75.2795
-75.4102
-75.4998
-75.5633
-75.6098
-75.6447
-75.6717
-75.6931
-75.7105
-75.7249
-75.7371
-75.7476
-75.7569
-75.7652
-75.7727
-75.7797
-75.7862
-75.7923
-75.7982
-75.8038
-75.8092
-75.8146
-75.8197
-75.8248
-75.8299
-75.8348
-75.8397
-75.8446
-75.8494
-75.8542
-75.859
-75.8637
-75.8684
-75.8731
-75.8778
-75.8824
-75.887
-75.8916
-75.8962
-75.9008
-75.9053
-75.9098
-75.9143
-75.9187
-75.9232
-75.9276
-72.672
-68.6717
-65.6291
-63.2927
-61.3982
-59.6874
-57.7925
-54.5609
17.162
2.28825
-31.299
-76.7232
-79.7231
-79.726
-79.2356
-77.9954
-77.5296
-77.2352
-76.9477
-76.6499
-76.341
-76.0233
-75.6996
-74.6923
-72.0139
-70.0087
-68.6025
-67.5423
-66.7007
-66.0091
-65.4274
-64.9317
-63.8743
-61.704
-59.8062
-57.996
-55.9172
-53.4479
7.75635
-0.372262
-33.5902
-77.2344
-78.9748
-78.4447
-78.221
-78.008
-77.7288
-77.4882
-77.2527
-77.0119
-76.7659
-76.4826
-76.2185
-75.979
-75.7545
-75.5422
-75.3413
-75.1522
-74.9753
-74.8109
-74.6592
-74.5203
-74.394
-74.28
-74.1779
-74.0872
-74.0072
-73.9372
-73.8767
-73.8249
-73.781
-73.7445
-73.7147
-73.6908
-73.6725
-73.659
-73.65
-73.6449
-73.6433
-72.2371
-68.3573
-65.2452
-62.8779
-60.9618
-59.2082
-57.1745
-53.1645
45.7403
-7.254
-38.4038
-78.5965
-79.7076
-79.6887
-78.5064
-77.8063
-77.4942
-77.2198
-76.9375
-76.6431
-76.338
-76.0246
-75.7062
-75.3862
-73.7945
-70.9393
-68.8629
-67.3714
-66.2393
-65.3439
-64.6138
-64.0048
-63.4881
-63.0444
-62.6602
-63.1091
-62.3825
-61.9943
-62.3616
-62.6661
-62.8967
-63.0807
-63.2346
-63.369
-63.4915
-64.0977
-65.2361
-66.1169
-66.7718
-67.2698
-67.6574
-67.966
-68.217
-68.4258
-68.6031
-68.7566
-68.8919
-69.0133
-69.1461
-69.8092
-70.8596
-71.7884
-72.4477
-72.9239
-73.2766
-73.5438
-73.7503
-73.913
-74.0434
-74.1494
-74.237
-74.3104
-74.3726
-74.426
-74.4724
-74.5132
-74.5494
-74.5819
-74.6113
-74.6382
-74.6629
-74.686
-74.7075
-74.7278
-74.7471
-74.7654
-74.783
-74.7999
-74.8162
-74.8321
-74.8475
-74.8625
-74.8772
-74.8915
-74.9056
-74.9195
-74.9331
-74.9466
-74.9598
-74.9729
-74.9858
-74.9985
-75.0111
-75.0235
-75.0359
-75.0481
-75.0601
-75.0721
-75.0839
-75.0956
-75.1072
-75.1187
-75.1301
-75.1414
-75.1526
-75.1636
-75.1746
-75.1855
-75.1963
-75.207
-75.2176
-75.2281
-75.2385
-75.2488
-75.259
-75.2691
-75.2792
-75.2891
-71.6766
-67.8438
-64.9428
-62.6972
-60.8386
-59.0826
-56.9357
-52.0369
40.1852
-12.2727
-44.4276
-78.799
-78.8528
-78.6773
-78.5182
-78.3458
-78.1592
-77.9588
-77.7456
-77.5208
-76.8154
-74.3532
-72.6321
-71.5068
-70.6618
-69.969
-69.3718
-68.8433
-68.3701
-67.8681
-65.554
-63.3522
-62.338
-62.2443
-62.209
-62.7361
-63.8762
-64.7349
-65.3499
-65.8019
-66.1434
-66.5604
-67.5811
-68.4009
-68.7216
-66.5806
-64.7427
-63.544
-63.6981
-64.053
-64.324
-64.537
-64.7123
-64.8629
-64.9973
-65.1211
-65.2381
-65.3508
-65.4608
-65.5694
-65.6775
-65.7856
-65.8941
-66.0034
-66.1136
-66.2248
-66.3369
-66.4499
-66.5635
-66.6775
-66.7919
-66.9064
-67.021
-67.1356
-67.2499
-67.3639
-67.4774
-67.5903
-67.7023
-67.8135
-67.9236
-68.0326
-68.1404
-68.2469
-68.3522
-68.4562
-68.5588
-68.6601
-68.7599
-68.8582
-68.9549
-69.0502
-67.2853
-64.1334
-61.6524
-59.6303
-57.6837
-55.0431
-44.5523
15.846
-25.1197
-69.2194
-78.7897
-78.6484
-78.4849
-78.3084
-78.1174
-77.9123
-77.6939
-77.4635

