-70
-70.0758
-70.1508
-70.225
-70.2983
-70.3706
-70.4419
-70.5122
-70.5814
-70.6496
-70.7168
-70.7829
-70.848
-70.9121
-70.9752
-71.0373
-71.0984
-71.1586
-71.2178
-71.2761
-71.3334
-71.3899
-71.4455
-71.5003
-71.5543
-71.6074
-71.6598
-71.7114
-71.7623
-71.8124
-71.8619
-71.9106
-71.9587
-72.006
-72.0527
-72.0988
-72.1442
-72.1889
-72.2331
-72.2766
-72.3196
-72.362
-72.4038
-72.445
-72.4857
-72.5258
-72.5654
-72.6045
-72.6431
-72.6812
-72.7188
-72.756
-72.7927
-72.8289
-72.8647
-72.9
-72.9349
-72.9694
-73.0035
-73.0371
-73.0704
-73.1032
-73.1357
-73.1678
-73.1994
-73.2307
-73.2617
-73.2922
-73.3224
-73.3523
-73.3817
-73.4109
-73.4397
-73.4682
-73.4963
-73.5241
-73.5516
-73.5788
-73.6057
-73.6323
-73.6585
-73.6845
-73.7102
-73.7356
-73.7608
-73.7857
-73.8103
-73.8346
-73.8587
-73.8825
-73.9061
-73.9294
-73.9524
-73.9753
-73.9979
-74.0202
-74.0423
-74.0642
-74.0859
-74.1073
-74.1285
-74.1495
-74.1703
-74.1909
-74.2112
-74.2313
-74.2513
-74.271
-74.2905
-74.3098
-74.329
-74.3479
-74.3666
-74.3852
-74.4036
-74.4217
-74.4397
-74.4575
-74.4752
-74.4926
-74.5099
-74.527
-74.544
-74.5607
-74.5774
-74.5938
-74.6101
-74.6262
-74.6422
-74.658
-74.6736
-74.6891
-74.7045
-74.7197
-74.7347
-74.7496
-74.7644
-74.779
-74.7935
-74.8079
-74.8221
-74.8362
-74.8501
-74.864
-74.8777
-74.8913
-74.9047
-74.918
-74.9313
-74.9443
-74.9573
-74.9701
-74.9829
-74.9955
-75.008
-75.0204
-75.0327
-75.0448
-75.0569
-75.0688
-75.0806
-75.0924
-75.104
-75.1155
-75.1269
-75.1382
-75.1495
-75.1606
-75.1716
-75.1825
-75.1933
-75.204
-75.2147
-75.2252
-75.2356
-75.246
-75.2562
-75.2664
-75.2764
-75.2864
-75.2963
-75.3061
-75.3158
-75.3255
-75.335
-75.3445
-75.3538
-75.3631
-75.3724
-75.3815
-75.3906
-75.3995
-75.4084
-75.4172
-75.426
-75.4346
-75.4432
-75.4518
-75.4602
-75.4686
-75.4769
-75.4851
-75.4932
-75.5013
-75.5093
-75.5173
-75.5251
-75.533
-75.5407
-75.5484
-75.556
-75.5635
-75.571
-75.5784
-75.5858
-75.593
-75.6003
-75.6074
-75.6145
-75.6216
-75.6285
-75.6355
-75.6423
-75.6491
-75.6559
-75.6626
-75.6692
-75.6758
-75.6823
-75.6888
-75.6952
-75.7015
-75.7078
-75.7141
-75.7203
-75.7264
-75.7325
-75.7386
-75.7446
-75.7505
-75.7564
-75.7622
-75.768
-75.7738
-75.7795
-75.7851
-75.7907
-75.7963
-75.8018
-75.8072
-75.8127
-75.818
-75.8234
-75.8287
-75.8339
-75.8391
-75.8443
-75.8494
-75.8545
-75.8595
-75.8645
-75.8695
-75.8744
-75.8793
-75.8841
-75.8889
-75.8937
-75.8984
-75.9031
-75.9077
-75.9123
-75.9169
-75.9214
-75.9259
-75.9304
-75.9348
-75.9392
-75.9436
-75.9479
-75.9522
-75.9565
-75.9607
-75.9649
-75.969
-75.9731
-75.9772
-75.9813
-75.9853
-75.9893
-75.9933
-75.9972
-76.0011
-76.005
-76.0088
-76.0126
-76.0164
-76.0201
-76.0239
-76.0275
-76.0312
-76.0348
-76.0384
-76.042
-76.0456
-76.0491
-76.0526
-76.056
-76.0595
-76.0629
-76.0663
-76.0696
-76.0729
-76.0762
-76.0795
-76.0828
-76.086
-76.0892
-76.0924
-76.0955
-76.0986
-76.1017
-76.1048
-76.1079
-76.1109
-76.1139
-76.1169
-76.1198
-76.1228
-76.1257
-76.1286
-76.1314
-76.1343
-76.1371
-76.1399
-76.1427
-76.1455
-76.1482
-76.1509
-76.1536
-76.1563
-76.1589
-76.1615
-76.1642
-76.1667
-76.1693
-76.1719
-76.1744
-76.1769
-76.1794
-76.1819
-76.1843
-76.1868
-76.1892
-76.1916
-76.1939
-76.1963
-76.1986
-76.201
-76.2033
-76.2056
-76.2078
-76.2101
-76.2123
-76.2145
-76.2167
-76.2189
-76.2211
-76.2232
-76.2254
-76.2275
-76.2296
-76.2317
-76.2337
-76.2358
-76.2378
-76.2398
-76.2418
-76.2438
-76.2458
-76.2478
-76.2497
-76.2516
-76.2536
-76.2554
-76.2573
-76.2592
-76.2611
-76.2629
-76.2647
-76.2665
-76.2683
-76.2701
-76.2719
-76.2737
-76.2754
-76.2771
-76.2788
-76.2806
-76.2822
-76.2839
-76.2856
-76.2872
-76.2889
-76.2905
-76.2921
-76.2937
-76.2953
-76.2969
-76.2985
-76.3
-76.3016
-76.3031
-76.3046
-76.3061
-76.3076
-76.3091
-76.3106
-76.312
-76.3135
-76.3149
-76.3164
-76.3178
-76.3192
-76.3206
-76.322
-76.3233
-76.3247
-76.3261
-76.3274
-76.3287
-76.33
-76.3314
-76.3327
-76.334
-76.3352
-76.3365
-76.3378
-76.339
-76.3403
-76.3415
-76.3427
-76.3439
-76.3452
-76.3464
-76.3475
-76.3487
-76.3499
-76.351
-76.3522
-76.3533
-76.3545
-76.3556
-76.3567
-76.3578
-76.3589
-76.36
-76.3611
-76.3622
-76.3632
-76.3643
-76.3654
-76.3664
-76.3674
-76.3685
-76.3695
-76.3705
-76.3715
-76.3725
-76.3735
-76.3745
-76.3754
-76.3764
-76.3774
-76.3783
-76.3793
-76.3802
-76.3811
-76.382
-76.383
-76.3839
-76.3848
-76.3857
-76.3866
-76.3874
-76.3883
-76.3892
-76.39
-76.3909
-76.3917
-76.3926
-76.3934
-76.3943
-76.3951
-76.3959
-76.3967
-76.3975
-76.3983
-76.3991
-76.3999
-76.4007
-76.4014
-76.4022
-76.403
-76.4037
-76.4045
-76.4052
-76.406
-76.4067
-76.4074
-76.4082
-76.4089
-74.8509
-70.5394
-67.0677
-64.4383
-62.3694
-60.6139
-58.8923
-56.6604
-50.6804
33.9118
-16.0888
-50.9472
-78.9028
-79.1134
-79.0087
-78.8884
-78.7566
-78.6135
-78.2127
-76.3092
-75.1594
-74.474
-73.9313
-73.4415
-72.978
-72.5331
-72.1058
-71.6976
-71.4276
-71.6255
-72.3383
-72.8664
-73.1559
-73.316
-73.4049
-73.4537
-73.4794
-71.9082
-68.7457
-66.5172
-65.0053
-63.9416
-64.0791
-64.628
-65.0467
-65.3645
-65.6142
-65.8176
-65.989
-66.1382
-66.2719
-66.3947
-66.5098
-66.6194
-66.7251
-66.8283
-66.9297
-67.0301
-67.1299
-67.2293
-67.3287
-67.4281
-67.5275
-67.6269
-67.7263
-67.8255
-67.9246
-68.0234
-68.1218
-68.2199
-68.3174
-68.4145
-68.5109
-67.755
-64.6357
-62.0268
-59.9416
-57.9983
-55.5159
-47.8805
23.7084
-21.7427
-62.7487
-79.4202
-79.6082
-78.4275
-77.9365
-77.675
-77.422
-77.1568
-76.8784
-76.5886
-76.2899
-75.7277
-73.1237
-71.3512
-70.6898
-70.3346
-70.0917
-70.2961
-70.5555
-71.0031
-71.2618
-71.3917
-71.4545
-71.4819
-71.4907
-71.4902
-71.4859
-71.4808
-71.737
-72.4854
-73.0184
-73.3672
-73.6044
-73.7713
-73.8926
-73.9835
-74.0534
-74.1088
-74.1538
-74.1912
-74.2232
-74.2511
-74.2759
-74.2984
-74.3192
-74.3387
-74.3572
-74.3749
-74.3921
-74.4088
-74.4251
-74.4412
-74.4571
-74.4728
-74.4885
-74.504
-74.5194
-74.5348
-74.5501
-74.5654
-74.5806
-74.5957
-74.6108
-74.6258
-74.6408
-74.6557
-74.6705
-74.6853
-74.7
-74.7146
-74.7291
-74.7435
-74.7579
-74.7722
-74.7863
-74.8004
-74.8144
-74.8283
-74.8421
-74.8557
-74.8693
-74.8828
-74.8961
-74.9094
-74.9226
-74.9356
-74.9485
-74.9614
-74.9741
-74.9867
-74.9992
-75.0116
-75.0239
-75.0361
-71.4611
-67.6669
-64.7941
-62.5667
-60.7145
-58.9462
-56.7343
-51.2662
36.6272
-14.6017
-48.2324
-79.3238
-78.9096
-78.5708
-78.3897
-78.2032
-78.0024
-77.7873
-77.5588
-77.3184
-77.0681
-74.742
-72.7119
-71.4005
-70.4481
-69.6885
-69.0475
-68.489
-67.9948
-67.6821
-66.0737
-64.727
-63.9803
-64.9867
-66.1218
-66.8244
-67.2657
-67.5556
-67.7551
-67.8991
-67.6021
-65.4645
-63.7223
-62.5068
-61.6123
-60.9146
-60.3376
-59.8256
-59.8818
-61.0659
-62.1778
-63.0899
-64.1299
-65.7883
-67.056
-67.9674
-68.638
-69.1432
-69.5323
-69.8385
-70.0842
-70.2853
-70.453
-70.5953
-70.7181
-70.8258
-70.9217
-71.0083
-71.0874
-71.1607
-71.2291
-71.2936
-71.355
-71.4137
-71.4703
-71.525
-71.5782
-71.6301
-71.6809
-71.7307
-69.7284
-66.2154
-63.491
-61.3735
-59.5638
-57.7037
-54.9318
-38.3829
10.5129
-27.2592
-72.8158
-79.0921
-78.634
-78.4286
-78.2438
-78.0456
-77.8328
-77.6063
-77.3673
-77.1177
-76.8596
-75.591
-72.8775
-70.9825
-70.0222
-69.4871
-69.055
-68.6854
-68.3637
-68.0816
-68.8361
-69.7278
-70.2887
-70.6435
-70.8755
-71.0321
-71.1414
-71.2204
-71.2799
-71.3269
-71.3658
-71.3998
-71.4308
-71.4602
-71.489
-71.5179
-71.5471
-71.577
-71.6077
-71.7898
-72.2429
-72.6197
-72.9146
-73.1493
-73.3389
-73.4943
-73.6231
-73.7314
-73.8233
-73.9022
-73.9707
-74.0307
-74.0838
-74.1311
-74.1737
-74.2124
-74.2477
-74.2803
-74.3106
-74.3388
-74.3653
-74.3904
-74.4142
-74.437
-74.4587
-74.4797
-74.5
-74.5196
-74.5386
-74.5572
-74.5753
-74.593
-74.6103
-74.6273
-74.644
-74.6604
-74.6766
-74.6925
-74.7082
-74.7237
-74.7389
-74.754
-74.769
-74.7837
-74.7983
-74.8127
-74.827
-74.8411
-74.8551
-74.8689
-74.8826
-74.8962
-74.9096
-74.923
-74.9361
-74.9492
-74.9621
-74.9749
-74.9876
-71.4195
-67.6325
-64.7649
-62.5408
-60.6899
-58.9192
-56.6942
-51.1095
35.8891
-15.0239
-48.9941
-79.3477
-79.7254
-79.6977
-79.6594
-79.6167
-79.5699
-79.5188
-79.4636
-76.6824
-74.668
-73.5352
-72.7467
-72.1088
-71.5501
-71.0421
-70.5734
-69.7532
-67.2116
-65.0667
-63.4708
-62.2168
-61.168
-60.222
-59.2823
-58.2188
-56.6453
-51.8733
41.4651
-12.557
-44.4572
-78.6466
-79.224
-79.1397
-79.0377
-78.8314
-77.1958
-76.3523
-75.9246
-75.5991
-75.3101
-75.0303
-74.7578
-74.4942
-74.2412
-74.0003
-73.7728
-73.5598
-73.3618
-73.1794
-73.0126
-72.8614
-72.7254
-72.7487
-72.9558
-73.1133
-73.2249
-73.3061
-73.3667
-73.4134
-73.4505
-73.4811
-73.5072
-73.5302
-73.5513
-73.571
-73.59
-73.6085
-73.6269
-73.6452
-73.6637
-73.6823
-73.7012
-73.7203
-73.7396
-73.7592
-73.779
-73.799
-73.8191
-73.8395
-73.8599
-73.8805
-73.9011
-73.9219
-73.9426
-73.9634
-73.9841
-72.1735
-68.2581
-65.1736
-62.8148
-60.8931
-59.1163
-57.0129
-52.5778
43.2399
-10.1519
-41.5442
-78.9424
-79.712
-79.6887
-78.3523
-77.8016
-77.5183
-77.2507
-76.9724
-76.6817
-76.3802
-76.0707
-75.7563
-73.2922
-70.9768
-69.3916
-68.23

