-70
-70.0758
-70.1508
-70.225
-70.2983
-70.3706
-70.4419
-70.5122
-70.5814
-70.6496
-70.7168
-70.7829
-70.848
-70.9121
-70.9752
-71.0373
-71.0984
-71.1586
-71.2178
-71.2761
-71.3334
-71.3899
-71.4455
-71.5003
-71.5543
-71.6074
-71.6598
-71.7114
-71.7623
-71.8124
-71.8619
-71.9106
-71.9587
-72.006
-72.0527
-72.0988
-72.1442
-72.1889
-72.2331
-72.2766
-72.3196
-72.362
-72.4038
-72.445
-72.4857
-72.5258
-72.5654
-72.6045
-72.6431
-72.6812
-72.7188
-72.756
-72.7927
-72.8289
-72.8647
-72.9
-72.9349
-72.9694
-73.0035
-73.0371
-73.0704
-73.1032
-73.1357
-73.1678
-73.1994
-73.2307
-73.2617
-73.2922
-73.3224
-73.3523
-73.3817
-73.4109
-73.4397
-73.4682
-73.4963
-73.5241
-73.5516
-73.5788
-73.6057
-73.6323
-73.6585
-73.6845
-73.7102
-73.7356
-73.7608
-73.7857
-73.8103
-73.8346
-73.8587
-73.8825
-73.9061
-73.9294
-73.9524
-73.9753
-73.9979
-74.0202
-74.0423
-74.0642
-74.0859
-74.1073
-74.1285
-74.1495
-74.1703
-74.1909
-74.2112
-74.2313
-74.2513
-74.271
-74.2905
-74.3098
-74.329
-74.3479
-74.3666
-74.3852
-74.4036
-74.4217
-74.4397
-74.4575
-74.4752
-74.4926
-74.5099
-74.527
-74.544
-74.5607
-74.5774
-74.5938
-74.6101
-74.6262
-74.6422
-74.658
-74.6736
-74.6891
-74.7045
-74.7197
-74.7347
-74.7496
-74.7644
-74.779
-74.7935
-74.8079
-74.8221
-74.8362
-74.8501
-74.864
-74.8777
-74.8913
-74.9047
-74.918
-74.9313
-74.9443
-74.9573
-74.9701
-74.9829
-74.9955
-75.008
-75.0204
-75.0327
-75.0448
-75.0569
-75.0688
-75.0806
-75.0924
-75.104
-75.1155
-75.1269
-75.1382
-75.1495
-75.1606
-75.1716
-75.1825
-75.1933
-75.204
-75.2147
-75.2252
-75.2356
-75.246
-75.2562
-75.2664
-75.2764
-75.2864
-75.2963
-75.3061
-75.3158
-75.3255
-75.335
-75.3445
-75.3538
-75.3631
-75.3724
-75.3815
-75.3906
-75.3995
-75.4084
-75.4172
-75.426
-75.4346
-75.4432
-75.4518
-75.4602
-75.4686
-75.4769
-75.4851
-75.4932
-75.5013
-75.5093
-75.5173
-75.5251
-75.533
-75.5407
-75.5484
-75.556
-75.5635
-75.571
-75.5784
-75.5858
-75.593
-75.6003
-75.6074
-75.6145
-75.6216
-75.6285
-75.6355
-75.6423
-75.6491
-75.6559
-75.6626
-75.6692
-75.6758
-75.6823
-75.6888
-75.6952
-75.7015
-75.7078
-75.7141
-75.7203
-75.7264
-75.7325
-75.7386
-75.7446
-75.7505
-75.7564
-75.7622
-75.768
-75.7738
-75.7795
-75.7851
-75.7907
-75.7963
-75.8018
-75.8072
-75.8127
-75.818
-75.8234
-75.8287
-75.8339
-75.8391
-75.8443
-75.8494
-75.8545
-75.8595
-75.8645
-75.8695
-75.8744
-75.8793
-75.8841
-75.8889
-75.8937
-75.8984
-75.9031
-75.9077
-75.9123
-75.9169
-75.9214
-75.9259
-75.9304
-75.9348
-75.9392
-75.9436
-75.9479
-75.9522
-75.9565
-75.9607
-75.9649
-75.969
-75.9731
-75.9772
-75.9813
-75.9853
-75.9893
-75.9933
-75.9972
-76.0011
-76.005
-76.0088
-76.0126
-76.0164
-76.0201
-76.0239
-76.0275
-76.0312
-76.0348
-76.0384
-76.042
-76.0456
-76.0491
-76.0526
-76.056
-76.0595
-76.0629
-76.0663
-76.0696
-76.0729
-76.0762
-76.0795
-76.0828
-76.086
-76.0892
-76.0924
-76.0955
-76.0986
-76.1017
-76.1048
-76.1079
-76.1109
-76.1139
-76.1169
-76.1198
-76.1228
-76.1257
-76.1286
-76.1314
-76.1343
-76.1371
-76.1399
-76.1427
-76.1455
-76.1482
-76.1509
-76.1536
-76.1563
-76.1589
-76.1615
-76.1642
-76.1667
-76.1693
-76.1719
-76.1744
-76.1769
-76.1794
-76.1819
-76.1843
-76.1868
-76.1892
-76.1916
-76.1939
-76.1963
-76.1986
-76.201
-76.2033
-76.2056
-76.2078
-76.2101
-76.2123
-76.2145
-76.2167
-76.2189
-76.2211
-76.2232
-76.2254
-76.2275
-76.2296
-76.2317
-76.2337
-76.2358
-76.2378
-76.2398
-76.2418
-76.2438
-76.2458
-76.2478
-76.2497
-76.2516
-76.2536
-76.2554
-76.2573
-76.2592
-76.2611
-76.2629
-76.2647
-76.2665
-76.2683
-76.2701
-76.2719
-76.2737
-76.2754
-76.2771
-76.2788
-76.2806
-76.2822
-76.2839
-76.2856
-76.2872
-76.2889
-76.2905
-76.2921
-76.2937
-76.2953
-76.2969
-76.2985
-76.3
-76.3016
-76.3031
-76.3046
-76.3061
-76.3076
-76.3091
-76.3106
-76.312
-76.3135
-76.3149
-76.3164
-76.3178
-76.3192
-76.3206
-76.322
-76.3233
-76.3247
-76.3261
-76.3274
-76.3287
-76.33
-76.3314
-76.3327
-76.334
-76.3352
-76.3365
-76.3378
-76.339
-76.3403
-76.3415
-76.3427
-76.3439
-76.3452
-76.3464
-76.3475
-76.3487
-76.3499
-76.351
-76.3522
-76.3533
-76.3545
-76.3556
-76.3567
-76.3578
-76.3589
-76.36
-76.3611
-76.3622
-76.3632
-76.3643
-76.3654
-76.3664
-76.3674
-76.3685
-76.3695
-76.3705
-76.3715
-76.3725
-76.3735
-76.3745
-76.3754
-76.3764
-76.3774
-76.3783
-76.3793
-76.3802
-76.3811
-76.382
-76.383
-76.3839
-76.3848
-76.3857
-76.3866
-76.3874
-76.3883
-76.3892
-76.39
-76.3909
-76.3917
-76.3926
-76.3934
-76.3943
-76.3951
-76.3959
-76.3967
-76.3975
-76.3983
-76.3991
-76.3999
-76.4007
-76.4014
-76.4022
-76.403
-76.4037
-76.4045
-76.4052
-76.406
-76.4067
-76.4074
-76.4082
-76.4089
-76.4096
-76.4103
-76.411
-76.4117
-76.4124
-76.4131
-76.4137
-76.4144
-76.4151
-76.4158
-76.4164
-76.4171
-76.4177
-76.4184
-76.419
-76.4196
-76.4203
-76.4209
-76.4215
-76.4221
-76.4227
-76.4234
-76.424
-76.4246
-76.4251
-76.4257
-76.4263
-76.4269
-76.4275
-76.4239
-76.3827
-76.3315
-76.2702
-76.2249
-76.1923
-76.1683
-76.1451
-76.1171
-76.0884
-76.0688
-76.0563
-76.0481
-76.0427
-76.0393
-76.0371
-76.0359
-76.0355
-76.0355
-76.036
-76.0368
-76.0379
-76.0392
-76.0407
-76.0424
-76.0443
-76.0463
-76.0484
-76.0506
-76.0529
-76.0552
-76.0577
-76.0602
-76.0628
-76.0654
-76.0681
-76.0708
-76.0736
-76.0763
-76.0792
-76.082
-76.0848
-76.0877
-76.0906
-76.0934
-76.0963
-76.0992
-76.1021
-76.105
-76.1079
-76.1107
-76.1136
-76.1165
-76.1193
-76.1222
-76.125
-76.1278
-76.1306
-76.1334
-76.1362
-76.1389
-76.1417
-76.1444
-76.1471
-76.1498
-76.1525
-76.1551
-76.1578
-76.1604
-76.163
-76.1656
-76.1543
-76.1278
-76.0987
-76.0772
-76.0631
-76.0506
-76.0403
-76.0304
-76.0225
-76.0182
-76.016
-76.015
-76.0148
-76.0151
-76.0157
-76.0166
-76.0177
-76.019
-76.0204
-76.0219
-76.0218
-76.0214
-76.0215
-76.022
-76.0228
-76.0238
-76.0251
-76.0265
-76.0281
-76.0299
-76.0317
-76.0337
-76.0357
-76.0379
-76.0401
-76.0425
-76.0449
-76.0473
-76.0499
-76.0524
-76.0551
-76.0578
-76.0605
-76.0633
-76.066
-76.0689
-76.0717
-76.0746
-76.0775
-76.0804
-76.0833
-76.0862
-76.0891
-76.0921
-76.095
-76.0979
-76.1008
-76.1038
-76.1067
-76.1096
-76.1125
-76.1154
-76.1182
-76.1211
-76.124
-76.1268
-76.1296
-76.1324
-76.1352
-76.138
-76.1407
-76.1435
-76.1462
-76.1489
-76.1516
-76.1542
-76.1569
-76.1595
-76.1621
-76.1647
-76.1673
-76.1698
-76.1724
-76.1749
-76.1774
-76.1799
-76.1823
-76.1848
-76.1872
-76.1896
-76.192
-76.1944
-76.1967
-76.1991
-76.2014
-76.2037
-76.206
-76.2082
-76.2105
-76.2127
-76.2149
-76.2171
-76.2193
-76.2215
-76.2236
-76.2257
-76.2278
-76.2263
-76.2072
-76.1882
-76.1591
-76.1358
-76.119
-76.1067
-76.0976
-76.0895
-76.0769
-76.0673
-76.0606
-76.0532
-76.0456
-76.0405
-76.0373
-76.0353
-76.0343
-76.0339
-76.034
-76.0346
-76.0354
-76.0366
-76.0379
-76.0395
-76.0412
-76.043
-76.045
-76.0471
-76.0494
-76.0517
-76.054
-76.0565
-76.059
-76.0616
-76.0642
-76.0669
-76.0696
-76.0724
-76.0752
-76.078
-76.0808
-76.0837
-76.0865
-76.0894
-76.0923
-76.0952
-76.0981
-76.101
-76.1038
-76.1067
-76.1096
-76.1125
-76.1154
-76.1182
-76.1211
-76.1239
-76.1267
-76.1295
-76.1323
-76.1351
-76.1379
-76.1406
-76.1434
-76.1461
-76.1488
-76.1514
-76.1541
-76.1568
-76.1594
-76.162
-76.1646
-76.1672
-76.1697
-76.1722
-76.1748
-76.1773
-76.1797
-76.1733
-76.147
-76.1241
-76.1049
-76.0841
-76.0695
-76.0597
-76.0514
-76.0429
-76.0372
-76.0336
-76.0304
-76.0257
-76.0215
-76.0191
-76.0179
-76.0176
-76.0177
-76.0183
-76.0191
-76.0202
-76.0215
-76.0229
-76.0244
-76.0261
-76.0279
-76.0277
-76.027
-76.0268
-76.0271
-76.0277
-76.0287
-76.0299
-76.0313
-76.0328
-76.0346
-76.0364
-76.0384
-76.0405
-76.0427
-76.0449
-76.0473
-76.0497
-76.0522
-76.0548
-76.0574
-76.06
-76.0627
-76.0655
-76.0683
-76.0711
-76.0739
-76.0768
-76.0796
-76.0825
-76.0854
-76.0883
-76.0912
-76.0942
-76.0971
-76.1
-76.1029
-76.1058
-76.1087
-76.1116
-76.1145
-76.1173
-76.1202
-76.1231
-76.1259
-76.1287
-76.1315
-76.1343
-76.1371
-76.1398
-76.1426
-76.1453
-76.148
-76.1507
-76.1534
-76.156
-76.1587
-76.1613
-76.1639
-76.1664
-76.169
-76.1715
-76.1741
-76.1766
-76.1791
-76.1815
-76.184
-76.1864
-76.1888
-76.1912
-76.1936
-76.1959
-76.1983
-76.2006
-76.2029
-76.2052
-76.2075
-76.2097
-76.212
-76.2142
-76.2164
-76.2186
-76.2207
-76.2229
-76.225
-76.2271
-76.2292
-76.2313
-76.2334
-76.2355
-76.2375
-76.2395
-76.2415
-76.2435
-76.2455
-76.2474
-76.2494
-76.2513
-76.2532
-76.2469
-76.2249
-76.2046
-76.1731
-76.1478
-76.1294
-76.1159
-76.1059
-76.0985
-76.093
-76.0837
-76.0683
-76.0558
-76.0476
-76.0423
-76.0388
-76.0367
-76.0355
-76.035
-76.0351
-76.0355
-76.0363
-76.0374
-76.0388
-76.0403
-76.042
-76.0438
-76.0458
-76.0479
-76.0501
-76.0524
-76.0548
-76.0572
-76.0597
-76.0623
-76.0649
-76.0676
-76.0703
-76.0731
-76.0758
-76.0786
-76.0815
-76.0843
-76.0872
-76.0901
-76.0929
-76.0958
-76.0987
-76.1016
-76.1045
-76.1074
-76.1102
-76.1131
-76.116
-76.1188
-76.1217
-76.1245
-76.1273
-76.1301
-76.1329
-76.1357
-76.1385
-76.1412
-76.1439
-76.1466
-76.1493
-76.152
-76.1547
-76.1573
-76.1599
-76.1625
-76.1651
-76.1677
-76.1702
-76.1728
-76.1753
-76.1778
-76.1803
-76.1827
-76.1852

