-70
-69.8623
-69.7285
-69.5983
-69.4718
-69.3487
-69.2291
-69.1128
-68.9997
-68.8897
-68.7828
-68.6789
-68.5778
-68.4795
-68.3839
-68.291
-68.2007
-68.1128
-68.0274
-67.9443
-67.8636
-67.7851
-67.7087
-67.6345
-67.5623
-67.4921
-67.4238
-67.3574
-67.2929
-67.2301
-67.1691
-67.1098
-67.0521
-66.996
-66.9414
-66.8884
-66.8368
-66.7866
-66.7378
-66.6904
-66.6443
-66.5994
-66.5558
-66.5133
-66.4721
-66.432
-66.393
-66.355
-66.3181
-66.2823
-66.2474
-66.2134
-66.1805
-66.1484
-66.1172
-66.0868
-66.0573
-66.0286
-66.0007
-65.9736
-65.9472
-65.9215
-65.8966
-65.8723
-65.8487
-65.8257
-65.8034
-65.7817
-65.7606
-65.74
-65.72
-65.7006
-65.6817
-65.6633
-65.6455
-65.6281
-65.6112
-65.5948
-65.5788
-65.5632
-65.5481
-65.5334
-65.5191
-65.5052
-65.4917
-65.4785
-65.4657
-65.4533
-65.4412
-65.4294
-65.418
-65.4068
-65.396
-65.3855
-65.3752
-65.3653
-65.3556
-65.3462
-65.337
-65.3281
-65.3194
-65.311
-65.3028
-65.2948
-65.2871
-65.2795
-65.2722
-65.2651
-65.2581
-65.2514
-65.2448
-65.2385
-65.2322
-65.2262
-65.2203
-65.2146
-65.2091
-65.2037
-65.1984
-65.1933
-65.1884
-65.1835
-65.1788
-65.1743
-65.1698
-65.1655
-65.1613
-65.1572
-65.1532
-65.1493
-65.1456
-65.1419
-65.1384
-65.1349
-65.1315
-65.1283
-65.1251
-65.122
-65.119
-65.1161
-65.1132
-65.1104
-65.1077
-65.1051
-65.1026
-65.1001
-65.0977
-65.0953
-65.0931
-65.0908
-65.0887
-65.0866
-65.0845
-65.0826
-65.0806
-65.0788
-65.0769
-65.0752
-65.0734
-65.0718
-65.0701
-65.0685
-65.067
-65.0655
-65.064
-65.0626
-65.0612
-65.0599
-65.0586
-65.0573
-65.0561
-65.0549
-65.0537
-65.0526
-65.0514
-65.0504
-65.0493
-65.0483
-65.0473
-65.0464
-65.0454
-65.0445
-65.0436
-65.0428
-65.0419
-65.0411
-65.0403
-65.0395
-65.0388
-65.0381
-65.0374
-65.0367
-65.036
-65.0353
-65.0347
-65.0341
-65.0335
-65.0329
-65.0323
-65.0318
-65.0313
-65.0307
-65.0302
-65.0297
-65.0293
-65.0288
-65.0283
-65.0279
-65.0275
-65.027
-65.0266
-65.0262
-65.0259
-65.0255
-65.0251
-65.0248
-65.0244
-65.0241
-65.0238
-65.0234
-65.0231
-65.0228
-65.0225
-65.0223
-65.022
-65.0217
-65.0215
-65.0212
-65.021
-65.0207
-65.0205
-65.0203
-65.02
-65.0198
-65.0196
-65.0194
-65.0192
-65.019
-65.0188
-65.0187
-65.0185
-65.0183
-65.0181
-65.018
-65.0178
-65.0177
-65.0175
-65.0174
-65.0172
-65.0171
-65.017
-65.0168
-65.0167
-65.0166
-65.0165
-65.0163
-65.0162
-65.0161
-65.016
-65.0159
-65.0158
-65.0157
-65.0156
-65.0155
-65.0154
-65.0153
-65.0153
-65.0152
-65.0151
-65.015
-65.0149
-65.0149
-65.0148
-65.0147
-65.0147
-65.0146
-65.0145
-65.0145
-65.0144
-65.0143
-65.0143
-65.0142
-65.0142
-65.0141
-65.0141
-65.014
-65.014
-65.0139
-65.0139
-65.0138
-65.0138
-65.0137
-65.0137
-65.0137
-65.0136
-65.0136
-65.0135
-65.0135
-65.0135
-65.0134
-65.0134
-65.0134
-65.0133
-65.0133
-65.0133
-65.0133
-65.0132
-65.0132
-65.0132
-65.0131
-65.0131
-65.0131
-65.0131
-65.0131
-65.013
-65.013
-65.013
-65.013
-65.0129
-65.0129
-65.0129
-65.0129
-65.0129
-65.0129
-65.0128
-65.0128
-65.0128
-65.0128
-65.0128
-65.0128
-65.0127
-65.0127
-65.0127
-65.0127
-65.0127
-65.0127
-65.0127
-65.0127
-65.0126
-65.0126
-65.0126
-65.0126
-65.0126
-65.0126
-65.0126
-65.0126
-65.0126
-65.0126
-65.0125
-65.0125
-65.0125
-65.0125
-65.0125
-65.0125
-65.0125
-65.0125
-65.0125
-65.0125
-65.0125
-65.0125
-65.0125
-65.0124
-65.0124
-65.0124
-65.0124
-65.0124
-65.0124
-65.0124
-65.0124
-65.0124
-65.0124
-65.0124
-65.0124
-65.0124
-65.0124
-65.0124
-65.0124
-65.0124
-65.0124
-65.0124
-65.0124
-65.0124
-65.0124
-65.0124
-65.0123
-65.0123
-65.0123
-65.0123
-65.0123
-65.0123
-65.0123
-65.0123
-65.0123
-65.0123
-65.0123
-65.0123
-65.0123
-65.0123
-65.0123
-65.0123
-65.0123
-65.0123
-65.0123
-65.0123
-65.0123
-65.0123
-65.0123
-65.0123
-65.0123
-65.0123
-65.0123
-65.0123
-65.0123
-65.0123
-65.0123
-65.0123
-65.0123
-65.0123
-65.0123
-65.0123
-65.0123
-65.0123
-65.0123
-65.0123
-65.0123
-65.0123
-65.0123
-65.0123
-65.0123
-65.0123
-65.0123
-65.0123
-65.0123
-65.0123
-65.0123
-65.0123
-65.0123
-65.0123
-65.0123
-65.0123
-65.0123
-65.0123
-65.0123
-65.0123
-65.0123
-65.0123
-65.0123
-65.0123
-65.0123
-65.0123
-65.0123
-65.0123
-65.0123
-65.0123
-65.0123
-65.0123
-65.0123
-65.0123
-64.7657
-64.5631
-64.4124
-64.305
-64.2215
-64.1548
-64.1013
-64.0585
-64.0247
-63.9986
-63.9789
-63.9648
-63.9553
-63.9499
-63.9479
-63.9489
-63.9525
-63.9582
-63.9658
-63.975
-63.9855
-63.9972
-64.0098
-64.0233
-64.0374
-64.052
-64.0671
-64.0826
-64.0983
-64.1142
-64.1302
-64.1463
-64.1624
-64.1784
-64.0651
-63.7692
-63.5744
-63.4314
-63.3312
-63.2546
-63.1959
-63.1516
-63.1191
-63.0967
-63.0825
-63.0755
-63.0745
-63.0786
-63.0871
-63.0992
-63.1145
-63.1325
-63.1526
-62.7152
-62.4093
-62.0772
-61.2415
-60.6591
-59.9779
-59.2603
-58.6632
-57.7993
-56.9883
-56.1199
-55.4697
-54.9087
-54.4936
-54.1727
-53.7282
-53.3165
-53.0105
-52.5597
-52.2317
-51.9848
-51.807
-51.6492
-51.5277
-51.4442
-51.3937
-51.3564
-51.2689
-51.1651
-51.1097
-51.09
-51.086
-51.0033
-50.953
-50.9136
-50.9133
-50.9163
-50.909
-50.9091
-50.9398
-50.994
-51.0675
-51.1569
-51.2605
-51.3769
-51.5049
-51.6064
-51.7049
-51.7588
-51.7935
-51.8579
-51.9493
-52.0612
-52.1531
-52.2608
-52.3847
-52.4905
-52.6007
-52.7286
-52.8186
-52.8821
-52.9245
-52.9245
-52.971
-53.0469
-53.0962
-53.1667
-53.212
-53.2503
-53.2437
-53.1584
-53.046
-53.0034
-52.978
-52.9817
-52.9749
-53.0042
-53.0485
-53.0751
-53.0483
-52.9861
-52.8973
-52.6296
-52.3543
-52.0725
-51.7893
-51.3641
-50.8975
-50.331
-49.7358
-49.1823
-48.6748
-48.2245
-47.7476
-47.242
-46.6859
-46.0032
-45.1587
-44.0294
-42.1015
-37.2268
24.9779
17.274
-23.2676
-49.7589
-58.6347
-60.9953
-61.6869
-61.8788
-61.8825
-61.817
-61.7321
-61.6491
-61.5761
-61.5156
-61.4678
-61.4319
-61.4066
-61.3907
-61.3831
-61.3826
-61.3884
-61.3997
-61.4157
-61.4358
-61.4594
-61.4861
-61.5153
-61.5468
-61.5803
-61.6153
-61.6516
-61.6891
-61.7275
-61.7666
-61.8063
-61.8465
-61.8869
-61.9274
-61.968
-62.0086
-62.0491
-62.0893
-62.1294
-62.1691
-62.2084
-62.2474
-62.2859
-62.3239
-62.3615
-62.3986
-62.4351
-62.471
-62.5064
-62.5413
-62.5755
-62.6092
-62.6423
-62.6748
-62.7067
-62.738
-62.7687
-62.7989
-62.8284
-62.8574
-62.8859
-62.9137
-62.9411
-62.9678
-62.9941
-63.0198
-62.9796
-62.8488
-62.7634
-62.7052
-62.6685
-62.6351
-62.2746
-61.9697
-61.7498
-61.5959
-61.4365
-61.0272
-60.6304
-60.3304
-60.0655
-59.5936
-58.8577
-57.8262
-56.8643
-55.8788
-55.1294
-54.5723
-54.1017
-53.7198
-53.386
-53.114
-52.9118
-52.753
-52.6206
-52.4727
-52.3271
-52.2371
-52.1884
-52.1736
-52.1649
-52.0888
-51.8922
-51.7355
-51.6329
-51.5485
-51.4881
-51.4669
-51.45
-51.4574
-51.4818
-51.4942
-51.509
-51.5397
-51.5711
-51.6266
-51.6688
-51.7389
-51.7419
-51.7598
-51.7758
-51.7939
-51.8224
-51.855
-51.9138
-51.9588
-51.9922
-52.0174
-52.0721
-52.1535
-52.2557
-52.3734
-52.5038
-52.6452
-52.7957
-52.9542
-53.1194
-53.2641
-53.3722
-53.4927
-53.6308
-53.7819
-53.9298
-54.0176
-54.1282
-54.2123
-54.2942
-54.3075
-54.2394
-54.1882
-54.1398
-54.0424
-53.9781
-53.948
-53.8963
-53.8277
-53.6994
-53.5687
-53.4369
-53.3569
-53.2782
-53.0456
-52.7023
-52.3956
-52.0178
-51.6299
-51.2306
-50.8114
-50.3619
-49.9271
-49.5175
-49.1827
-48.8526
-48.538
-48.2532
-47.9825
-47.6818
-47.3434
-46.9872
-46.5684
-46.0225
-45.278
-44.2696
-42.627
-38.8412
-2.56011
26.841
-18.7099
-48.6003
-59.9408
-62.9557
-63.8477
-64.1146
-64.1496
-64.0959
-64.0128
-63.9245
-63.8409
-63.7654
-63.6987
-63.6407
-63.5906
-63.5477
-63.5111
-63.4801
-63.4542
-63.4326
-63.4149
-63.4007
-63.3895
-63.3811
-63.375
-63.3711
-63.3692
-63.3689
-63.3701
-63.3726
-63.3763
-63.3811
-63.3868
-63.3933
-63.4005
-63.4083
-63.4167
-63.4255
-63.4347
-63.4443
-63.4542
-63.4643
-63.4746
-63.485
-63.4956
-63.5062
-63.517
-63.5277
-63.5385
-63.5493
-63.56
-63.5707
-63.5814
-63.592
-63.6026
-63.613
-63.6234
-63.6337
-63.6439
-63.654
-63.664
-63.6738
-63.6836
-63.6933
-63.7028
-63.7122
-63.7215
-63.7307
-63.7397
-63.7487
-63.7575
-63.7662
-63.7748
-63.7833
-63.7917
-63.7999
-63.8081
-63.8161
-63.8241
-63.8121
-63.7722
-63.7476
-63.7271
-63.4596
-63.1376
-62.8921
-62.4434
-62.0071
-61.6885
-61.4069
-60.9355
-60.5622
-60.2359
-59.7723
-59.4286
-59.1706
-58.8607
-57.5943
-56.4275
-55.5984
-55.0062
-54.5629
-54.1806
-53.8775
-53.6276
-53.4282
-53.2755
-53.1037
-52.9685
-52.8625
-52.7874
-52.7515
-52.7159
-52.6189
-52.4394
-52.3064
-52.0611
-51.8302
-51.6809
-51.5917
-51.5463
-51.5304
-51.4878
-51.4622
-51.4706
-51.5068
-51.5465
-51.5237
-51.5043
-51.5239
-51.5746
-51.6489
-51.7319
-51.8039
-51.8996
-52.0119
-52.1392
-52.278
-52.3995
-52.5294
-52.6466
-52.729
-52.7993
-52.8849
-52.9743
-53.0628
-53.175
-53.3028
-53.4433
-53.5931
-53.7503
-53.9133
-54.0813
-54.2529
-54.4276
-54.6047
-54.7834
-54.9632
-55.1433
-55.3234
-55.4727
-55.6165
-55.7688
-55.9262
-56.0863
-56.2473
-56.4084
-56.5693
-56.7294
-56.8885
-57.0461
-57.2021
-57.3563
-57.4923
-57.5565
-57.6359
-57.5872
-57.4926
-57.3327
-57.1105
-56.7026
-56.2668
-55.8137
-55.2827
-54.7363
-54.1161
-53.5246
-53.0346
-52.5878
-52.0663
-51.5718
-51.1264
-50.7965
-50.5406
-50.3397
-50.18
-50.0545

