-70
-70.0758
-70.1508
-70.225
-70.2983
-70.3706
-70.4419
-70.5122
-70.5814
-70.6496
-70.7168
-70.7829
-70.848
-70.9121
-70.9752
-71.0373
-71.0984
-71.1586
-71.2178
-71.2761
-71.3334
-71.3899
-71.4455
-71.5003
-71.5543
-71.6074
-71.6598
-71.7114
-71.7623
-71.8124
-71.8619
-71.9106
-71.9587
-72.006
-72.0527
-72.0988
-72.1442
-72.1889
-72.2331
-72.2766
-72.3196
-72.362
-72.4038
-72.445
-72.4857
-72.5258
-72.5654
-72.6045
-72.6431
-72.6812
-72.7188
-72.756
-72.7927
-72.8289
-72.8647
-72.9
-72.9349
-72.9694
-73.0035
-73.0371
-73.0704
-73.1032
-73.1357
-73.1678
-73.1994
-73.2307
-73.2617
-73.2922
-73.3224
-73.3523
-73.3817
-73.4109
-73.4397
-73.4682
-73.4963
-73.5241
-73.5516
-73.5788
-73.6057
-73.6323
-73.6585
-73.6845
-73.7102
-73.7356
-73.7608
-73.7857
-73.8103
-73.8346
-73.8587
-73.8825
-73.9061
-73.9294
-73.9524
-73.9753
-73.9979
-74.0202
-74.0423
-74.0642
-74.0859
-74.1073
-74.1285
-74.1495
-74.1703
-74.1909
-74.2112
-74.2313
-74.2513
-74.271
-74.2905
-74.3098
-74.329
-74.3479
-74.3666
-74.3852
-74.4036
-74.4217
-74.4397
-74.4575
-74.4752
-74.4926
-74.5099
-74.527
-74.544
-74.5607
-74.5774
-74.5938
-74.6101
-74.6262
-74.6422
-74.658
-74.6736
-74.6891
-74.7045
-74.7197
-74.7347
-74.7496
-74.7644
-74.779
-74.7935
-74.8079
-74.8221
-74.8362
-74.8501
-74.864
-74.8777
-74.8913
-74.9047
-74.918
-74.9313
-74.9443
-74.9573
-74.9701
-74.9829
-74.9955
-75.008
-75.0204
-75.0327
-75.0448
-75.0569
-75.0688
-75.0806
-75.0924
-75.104
-75.1155
-75.1269
-75.1382
-75.1495
-75.1606
-75.1716
-75.1825
-75.1933
-75.204
-75.2147
-75.2252
-75.2356
-75.246
-75.2562
-75.2664
-75.2764
-75.2864
-75.2963
-75.3061
-75.3158
-75.3255
-75.335
-75.3445
-75.3538
-75.3631
-75.3724
-75.3815
-75.3906
-75.3995
-75.4084
-75.4172
-75.426
-75.4346
-75.4432
-75.4518
-75.4602
-75.4686
-75.4769
-75.4851
-75.4932
-75.5013
-75.5093
-75.5173
-75.5251
-75.533
-75.5407
-75.5484
-75.556
-75.5635
-75.571
-75.5784
-75.5858
-75.593
-75.6003
-75.6074
-75.6145
-75.6216
-75.6285
-75.6355
-75.6423
-75.6491
-75.6559
-75.6626
-75.6692
-75.6758
-75.6823
-75.6888
-75.6952
-75.7015
-75.7078
-75.7141
-75.7203
-75.7264
-75.7325
-75.7386
-75.7446
-75.7505
-75.7564
-75.7622
-75.768
-75.7738
-75.7795
-75.7851
-75.7907
-75.7963
-75.8018
-75.8072
-75.8127
-75.818
-75.8234
-75.8287
-75.8339
-75.8391
-75.8443
-75.8494
-75.8545
-75.8595
-75.8645
-75.8695
-75.8744
-75.8793
-75.8841
-75.8889
-75.8937
-75.8984
-75.9031
-75.9077
-75.9123
-75.9169
-75.9214
-75.9259
-75.9304
-75.9348
-75.9392
-75.9436
-75.9479
-75.9522
-75.9565
-75.9607
-75.9649
-75.969
-75.9731
-75.9772
-75.9813
-75.9853
-75.9893
-75.9933
-75.9972
-76.0011
-76.005
-76.0088
-76.0126
-76.0164
-76.0201
-76.0239
-76.0275
-76.0312
-76.0348
-76.0384
-76.042
-76.0456
-76.0491
-76.0526
-76.056
-76.0595
-76.0629
-76.0663
-76.0696
-76.0729
-76.0762
-76.0795
-76.0828
-76.086
-76.0892
-76.0924
-76.0955
-76.0986
-76.1017
-76.1048
-76.1079
-76.1109
-76.1139
-76.1169
-76.1198
-76.1228
-76.1257
-76.1286
-76.1314
-76.1343
-76.1371
-76.1399
-76.1427
-76.1455
-76.1482
-76.1509
-76.1536
-76.1563
-76.1589
-76.1615
-76.1642
-76.1667
-76.1693
-76.1719
-76.1744
-76.1769
-76.1794
-76.1819
-76.1843
-76.1868
-76.1892
-76.1916
-76.1939
-76.1963
-76.1986
-76.201
-76.2033
-76.2056
-76.2078
-76.2101
-76.2123
-76.2145
-76.2167
-76.2189
-76.2211
-76.2232
-76.2254
-76.2275
-76.2296
-76.2317
-76.2337
-76.2358
-76.2378
-76.2398
-76.2418
-76.2438
-76.2458
-76.2478
-76.2497
-76.2516
-76.2536
-76.2554
-76.2573
-76.2592
-76.2611
-76.2629
-76.2647
-76.2665
-76.2683
-76.2701
-76.2719
-76.2737
-76.2754
-76.2771
-76.2788
-76.2806
-76.2822
-76.2839
-76.2856
-76.2872
-76.2889
-76.2905
-76.2921
-76.2937
-76.2953
-76.2969
-76.2985
-76.3
-76.3016
-76.3031
-76.3046
-76.3061
-76.3076
-76.3091
-76.3106
-76.312
-76.3135
-76.3149
-76.3164
-76.3178
-76.3192
-76.3206
-76.322
-76.3233
-76.3247
-76.3261
-76.3274
-76.3287
-76.33
-76.3314
-76.3327
-76.334
-76.3352
-76.3365
-76.3378
-76.339
-76.3403
-76.3415
-76.3427
-76.3439
-76.3452
-76.3464
-76.3475
-76.3487
-76.3499
-76.351
-76.3522
-76.3533
-76.3545
-76.3556
-76.3567
-76.3578
-76.3589
-76.36
-76.3611
-76.3622
-76.3632
-76.3643
-76.3654
-76.3664
-76.3674
-76.3685
-76.3695
-76.3705
-76.3715
-76.3725
-76.3735
-76.3745
-76.3754
-76.3764
-76.3774
-76.3783
-76.3793
-76.3802
-76.3811
-76.382
-76.383
-76.3839
-76.3848
-76.3857
-76.3866
-76.3874
-76.3883
-76.3892
-76.39
-76.3909
-76.3917
-76.3926
-76.3934
-76.3943
-76.3951
-76.3959
-76.3967
-76.3975
-76.3983
-76.3991
-76.3999
-76.4007
-76.4014
-76.4022
-75.9782
-71.7854
-68.0015
-65.1526
-62.9424
-61.119
-59.4235
-57.4436
-53.6142
46.3418
-5.06449
-36.4119
-78.3973
-79.7416
-79.7278
-78.7612
-77.878
-77.5291
-77.2515
-76.9694
-76.6756
-76.3706
-76.0571
-75.6434
-73.1384
-70.9957
-69.5344
-68.4537
-67.6019
-66.9015
-66.3101
-65.8029
-63.852
-61.8111
-60.146
-58.5926
-56.7459
-53.1517
44.0174
-6.02064
-37.4065
-77.6507
-78.8442
-78.655
-78.4671
-78.297
-78.1187
-77.9303
-77.7325
-77.5269
-77.3152
-77.0994
-76.8818
-76.6647
-76.4501
-76.2403
-76.0372
-75.1932
-71.5325
-68.5936
-66.5145
-64.9837
-63.8134
-62.8843
-62.1171
-61.457
-60.8602
-60.2926
-59.7142
-59.0797
-58.3061
-57.2147
-55.2186
-46.7694
20.8814
-23.0471
-65.5461
-78.926
-78.9721
-78.8511
-78.7144
-78.5656
-78.4048
-78.2326
-78.05
-77.8582
-77.6587
-77.4536
-76.3479
-73.0878
-70.7064
-69.0649
-67.8498
-66.9021
-66.1353
-65.4992
-64.963
-64.5061
-62.724
-60.5759
-58.6601
-56.4526
-51.6255
39.8176
-13.5138
-46.0746
-79.0007
-79.5653
-79.5236
-79.3683
-79.2345
-79.0062
-78.8408
-78.5733
-78.2383
-77.8804
-77.6422
-77.4717
-77.3231
-77.0988
-76.9203
-76.7839
-76.6714
-76.5745
-76.4892
-76.4132
-76.3454
-76.2847
-76.2305
-76.1821
-76.1391
-76.1009
-76.0672
-76.0376
-76.0116
-75.989
-75.9693
-75.9524
-75.9379
-75.9255
-75.9151
-75.9065
-75.8994
-75.8936
-75.8891
-75.8857
-75.8833
-75.8816
-75.8808
-75.8806
-75.881
-75.8819
-75.8833
-75.885
-75.8871
-75.8895
-75.8922
-75.895
-75.8981
-75.9014
-75.9048
-75.9083
-75.9119
-75.9156
-75.9194
-75.9232
-75.9271
-75.9311
-75.935
-75.939
-75.943
-75.947
-75.951
-75.9551
-75.9591
-75.9631
-75.9671
-75.9711
-75.9751
-75.979
-75.983
-75.9869
-75.9908
-75.9947
-74.4606
-70.2098
-66.7872
-64.1931
-62.1445
-60.389
-58.6276
-56.2227
-48.1177
25.551
-20.139
-60.3784
-79.2641
-78.8028
-78.5847
-78.4145
-78.2317
-78.0346
-77.8235
-77.5995
-77.364
-76.652
-74.1723
-72.4149
-71.2573
-70.3886
-69.6798
-69.0725
-68.5382
-68.0624
-67.1032
-64.7064
-62.7122
-61.1498
-59.7989
-58.449
-56.7556
-53.778
-24.1766
4.10271
-30.8012
-75.9698
-79.5552
-79.5544
-78.4718
-77.6935
-77.3659
-77.09
-76.769
-76.4613
-76.1727
-75.8891
-75.6085
-75.3321
-75.0621
-74.8006
-74.5496
-74.3109
-74.086
-73.8759
-73.6812
-73.5024
-73.3396
-72.5706
-69.0076
-66.0314
-63.8438
-62.1599
-60.7682
-59.4851
-58.084
-56.0499
-49.9865
31.4553
-17.7953
-54.4675
-79.4539
-79.7488
-79.7239
-79.689
-79.6502
-79.6075
-79.561
-79.5108
-77.7825
-75.0164
-73.4199
-72.3928
-71.6183
-70.9749
-70.4114
-69.905
-69.445
-69.0261
-67.1612
-64.6815
-62.7799
-61.2767
-59.9723
-58.6762
-57.0897
-54.2062
-14.19
2.83788
-31.3793
-75.8061
-78.9741
-78.896
-78.7635
-78.6098
-78.3465
-78.1384
-77.9451
-77.7479
-77.5126
-77.182
-76.8681
-76.6204
-76.3801
-76.1834
-76.0122
-75.8755
-75.7609
-75.6617
-75.5742
-75.4967
-75.4278
-75.3667
-75.3126
-75.2649
-75.2231
-75.1866
-75.1551
-75.128
-75.1049
-75.0855
-75.0695
-75.0564
-75.046
-75.0381
-75.0323
-75.0285
-75.0264
-75.0259
-75.0267
-75.0288
-75.0319
-75.036
-75.041
-75.0467
-75.053
-75.06
-75.0674
-75.0753
-75.0835
-75.0921
-75.1009
-75.11
-75.1192
-75.1287
-75.1382
-75.1479
-75.1577
-75.1675
-75.1774
-75.1873
-75.1973
-75.2072
-75.2172
-75.2271
-75.237
-75.2469
-75.2567
-75.2665
-75.2763
-75.286
-75.2957
-75.3052
-75.3148
-75.3243
-75.3337
-75.343
-75.3523
-75.3615
-75.3706
-75.3797
-75.3887
-75.3976
-75.4065
-75.4153
-75.424
-75.4326
-75.4412
-75.4497
-75.4582
-75.4665
-75.4748
-75.483
-75.4912
-75.4993
-75.5073
-75.5152
-75.5231
-71.8659
-67.988
-65.0552
-62.7882
-60.9178
-59.1615
-57.0398
-52.3641
41.7993
-11.0831
-42.7634
-79.0807
-79.1521
-78.5679
-78.3468
-78.1531
-77.9465
-77.7252
-77.4901
-77.2427
-76.9848
-76.0168
-73.4536
-71.654
-70.4355
-69.5166
-68.7726
-68.1435
-67.5981
-67.1196
-66.5027
-64.2032
-62.1123
-60.4434
-58.9274
-57.2253
-56.1057
-54.4624
-46.3613
19.7112
-23.2889
-66.3277
-79.4679
-79.5864
-79.5401
-79.4847
-78.4266
-76.8479
-76.1682
-75.7319
-75.344
-74.9665
-74.5922
-74.2216
-73.8572
-73.502
-73.1592
-72.8315
-72.5213
-72.2303
-71.9601
-71.7115
-71.485
-71.2806
-71.0981
-70.9369
-70.7962
-70.675
-70.5721
-70.4864
-70.4166
-70.3615
-70.3198
-70.2903
-70.2718
-70.2633
-70.2636
-70.2718
-70.2871
-70.3086
-70.3355
-70.3671
-70.2751
-67.0697
-63.9718
-61.5873
-59.5814
-57.523
-54.2628
0.612943
1.61051
-31.827
-76.5552
-79.6288
-79.6302
-79.5847
-79.0366
-77.4523
-76.7755
-76.374
-76.0126
-75.6529
-75.2892
-74.9224
-74.5555
-74.0959
-71.4216
-69.0224
-67.323
-66.057
-65.0702

