-70
-70.0758
-70.1508
-70.225
-70.2983
-70.3706
-70.4419
-70.5122
-70.5814
-70.6496
-70.7168
-70.7829
-70.848
-70.9121
-70.9752
-71.0373
-71.0984
-71.1586
-71.2178
-71.2761
-71.3334
-71.3899
-71.4455
-71.5003
-71.5543
-71.6074
-71.6598
-71.7114
-71.7623
-71.8124
-71.8619
-71.9106
-71.9587
-72.006
-72.0527
-72.0988
-72.1442
-72.1889
-72.2331
-72.2766
-72.3196
-72.362
-72.4038
-72.445
-72.4857
-72.5258
-72.5654
-72.6045
-72.6431
-72.6812
-72.7188
-72.756
-72.7927
-72.8289
-72.8647
-72.9
-72.9349
-72.9694
-73.0035
-73.0371
-73.0704
-73.1032
-73.1357
-73.1678
-73.1994
-73.2307
-73.2617
-73.2922
-73.3224
-73.3523
-73.3817
-73.4109
-73.4397
-73.4682
-73.4963
-73.5241
-73.5516
-73.5788
-73.6057
-73.6323
-73.6585
-73.6845
-73.7102
-73.7356
-73.7608
-73.7857
-73.8103
-73.8346
-73.8587
-73.8825
-73.9061
-73.9294
-73.9524
-73.9753
-73.9979
-74.0202
-74.0423
-74.0642
-74.0859
-74.1073
-74.1285
-74.1495
-74.1703
-74.1909
-74.2112
-74.2313
-74.2513
-74.271
-74.2905
-74.3098
-74.329
-74.3479
-74.3666
-74.3852
-74.4036
-74.4217
-74.4397
-74.4575
-74.4752
-74.4926
-74.5099
-74.527
-74.544
-74.5607
-74.5774
-74.5938
-74.6101
-74.6262
-74.6422
-74.658
-74.6736
-74.6891
-74.7045
-74.7197
-74.7347
-74.7496
-74.7644
-74.779
-74.7935
-74.8079
-74.8221
-74.8362
-74.8501
-74.864
-74.8777
-74.8913
-74.9047
-74.918
-74.9313
-74.9443
-74.9573
-74.9701
-74.9829
-74.9955
-75.008
-75.0204
-75.0327
-75.0448
-75.0569
-75.0688
-75.0806
-75.0924
-75.104
-75.1155
-75.1269
-75.1382
-75.1495
-75.1606
-75.1716
-75.1825
-75.1933
-75.204
-75.2147
-75.2252
-75.2356
-75.246
-75.2562
-75.2664
-75.2764
-75.2864
-75.2963
-75.3061
-75.3158
-75.3255
-75.335
-75.3445
-75.3538
-75.3631
-75.3724
-75.3815
-75.3906
-75.3995
-75.4084
-75.4172
-75.426
-75.4346
-75.4432
-75.4518
-75.4602
-75.4686
-75.4769
-75.4851
-75.4932
-75.5013
-75.5093
-75.5173
-75.5251
-75.533
-75.5407
-75.5484
-75.556
-75.5635
-75.571
-75.5784
-75.5858
-75.593
-75.6003
-75.6074
-75.6145
-75.6216
-75.6285
-75.6355
-75.6423
-75.6491
-75.6559
-75.6626
-75.6692
-75.6758
-75.6823
-75.6888
-75.6952
-75.7015
-75.7078
-75.7141
-75.7203
-75.7264
-75.7325
-75.7386
-75.7446
-75.7505
-75.7564
-75.7622
-75.768
-75.7738
-75.7795
-75.7851
-75.7907
-75.7963
-75.8018
-75.8072
-75.8127
-75.818
-75.8234
-75.8287
-75.8339
-75.8391
-75.8443
-75.8494
-75.8545
-75.8595
-75.8645
-75.8695
-75.8744
-75.8793
-75.8841
-75.8889
-75.8937
-75.8984
-75.9031
-75.9077
-75.9123
-75.9169
-75.9214
-75.9259
-75.9304
-75.9348
-75.9392
-75.9436
-75.9479
-75.9522
-75.9565
-75.9607
-75.9649
-75.969
-75.9731
-75.9772
-75.9813
-75.9853
-75.9893
-75.9933
-75.9972
-76.0011
-76.005
-76.0088
-76.0126
-76.0164
-76.0201
-76.0239
-76.0275
-76.0312
-76.0348
-76.0384
-76.042
-76.0456
-76.0491
-76.0526
-76.056
-76.0595
-76.0629
-76.0663
-76.0696
-76.0729
-76.0762
-76.0795
-76.0828
-76.086
-76.0892
-76.0924
-76.0955
-76.0986
-76.1017
-76.1048
-76.1079
-76.1109
-76.1139
-76.1169
-76.1198
-76.1228
-76.1257
-76.1286
-76.1314
-76.1343
-76.1371
-76.1399
-76.1427
-76.1455
-76.1482
-76.1509
-76.1536
-76.1563
-76.1589
-76.1615
-76.1642
-76.1667
-76.1693
-76.1719
-76.1744
-76.1769
-76.1794
-76.1819
-76.1843
-76.1868
-76.1892
-76.1916
-76.1939
-76.1963
-76.1986
-76.201
-76.2033
-76.2056
-76.2078
-76.2101
-76.2123
-76.2145
-76.2167
-76.2189
-76.2211
-76.2232
-76.2254
-76.2275
-76.2296
-76.2317
-76.2337
-76.2358
-76.2378
-76.2398
-76.2418
-76.2438
-76.2458
-76.2478
-76.2497
-76.2516
-76.2536
-76.2554
-76.2573
-76.2592
-76.2611
-76.2629
-76.2647
-76.2665
-76.2683
-76.2701
-76.2719
-76.2737
-76.2754
-76.2771
-76.2788
-76.2806
-76.2822
-76.2839
-76.2856
-76.2872
-76.2889
-76.2905
-76.2921
-76.2937
-76.2953
-76.2969
-76.2985
-76.3
-76.3016
-76.3031
-76.3046
-76.3061
-76.3076
-76.3091
-76.3106
-76.312
-76.3135
-76.3149
-76.3164
-76.3178
-76.3192
-76.3206
-76.322
-76.3233
-76.3247
-76.3261
-76.3274
-76.3287
-76.33
-76.3314
-76.3327
-76.334
-76.3352
-76.3365
-76.3378
-76.339
-76.3403
-76.3415
-76.3427
-76.3439
-76.3452
-76.3464
-76.3475
-76.3487
-76.3499
-76.351
-76.3522
-76.3533
-76.3545
-76.3556
-76.3567
-76.3578
-76.3589
-76.36
-76.3611
-76.3622
-76.3632
-76.3643
-76.3654
-76.3664
-76.3674
-76.3685
-76.3695
-76.3705
-76.3715
-76.3725
-76.3735
-76.3745
-76.3754
-76.3764
-76.3774
-76.3783
-76.3793
-76.3802
-76.3811
-76.382
-76.383
-76.3839
-76.3848
-76.3857
-76.3866
-76.3874
-76.3883
-76.3892
-76.39
-76.3909
-76.3917
-76.3926
-76.3934
-76.3943
-76.3951
-76.3959
-76.3967
-76.3975
-76.3983
-76.3991
-76.3999
-76.4007
-76.4014
-76.4022
-76.403
-76.4037
-76.4045
-76.4052
-76.406
-75.6444
-71.3632
-67.6824
-64.9095
-62.7487
-60.9504
-59.2505
-57.2008
-52.8624
43.9501
-9.03746
-40.2725
-78.4855
-77.9091
-77.4939
-77.2064
-76.9021
-76.577
-76.2322
-75.8697
-75.4922
-73.6912
-71.7888
-69.0097
-66.7264
-65.3031
-64.2986
-63.5103
-62.8473
-62.264
-61.7359
-61.2447
-60.7782
-59.4736
-58.4743
-58.2652
-58.0272
-58.9134
-60.5152
-61.0171
-61.509
-61.8407
-62.056
-62.2067
-62.3219
-62.4184
-62.5057
-62.5898
-62.6743
-62.7614
-62.8526
-62.9489
-63.0508
-63.1583
-63.271
-63.3889
-63.8367
-65.1828
-66.3104
-67.172
-67.8408
-68.3686
-68.7922
-69.1373
-69.4229
-69.6626
-69.8666
-70.0425
-68.9693
-65.7647
-63.2507
-61.3693
-59.8521
-58.4692
-56.9347
-54.5296
-43.6295
13.433
-26.422
-70.6931
-78.9396
-78.2438
-77.9596
-77.7253
-77.4775
-77.2136
-76.0773
-73.5807
-72.2026
-71.3334
-70.6444
-68.5649
-66.2681
-64.7401
-63.6488
-62.7983
-61.8034
-59.6147
-57.5199
-54.8916
-44.6782
16.0267
-25.2762
-69.5624
-79.121
-79.1519
-78.9341
-78.7206
-78.493
-78.2905
-78.0793
-77.8183
-77.6201
-77.4454
-77.2791
-77.1182
-76.9625
-76.7279
-76.4424
-76.2606
-76.1365
-76.0423
-75.9659
-75.9015
-75.8461
-75.7981
-75.7561
-75.7194
-75.6873
-75.6594
-75.6352
-75.6144
-75.5966
-75.5814
-75.5687
-75.5582
-75.5496
-75.5428
-75.5375
-75.5337
-75.5311
-75.5296
-75.5291
-75.5295
-75.5307
-75.5326
-75.5351
-75.5382
-75.5417
-75.5457
-75.55
-75.5547
-75.5596
-75.5648
-75.5702
-75.5758
-75.5815
-75.5874
-75.5934
-75.5995
-75.6056
-75.6119
-75.6181
-75.6244
-75.6308
-75.6371
-75.6435
-75.6498
-75.6562
-75.6625
-75.6688
-75.6752
-75.6814
-75.6877
-75.6939
-75.7001
-75.7063
-75.7125
-75.7185
-75.7246
-75.7306
-72.4967
-68.5213
-65.496
-63.1697
-61.2763
-59.5515
-57.6018
-52.0007
39.6145
-12.4097
-44.3303
-78.3753
-78.2614
-77.9994
-77.7674
-77.5176
-77.2493
-75.4005
-74.2388
-73.5593
-72.5952
-70.2954
-68.7426
-67.714
-66.9188
-66.2483
-65.6576
-64.6104
-62.3048
-59.9627
-57.0437
-53.0807
39.6034
-5.73347
-37.2687
-77.5638
-78.854
-78.6734
-78.4307
-78.2486
-75.7894
-73.7918
-73.0097
-72.4793
-72.0009
-71.5422
-71.0985
-70.6711
-70.2623
-69.8745
-69.5098
-69.1696
-68.8553
-68.5676
-68.3069
-68.0729
-67.8655
-67.684
-67.5276
-67.3953
-67.2857
-67.1977
-67.1299
-67.0808
-67.0491
-67.0335
-67.0325
-67.0448
-67.0692
-67.1044
-67.1493
-67.2028
-66.1794
-63.3531
-62.1795
-61.5626
-61.1153
-60.7792
-60.5181
-58.7066
-56.1978
-51.8048
42.9065
-12.1658
-43.7405
-78.372
-79.1458
-79.0628
-78.9511
-78.8284
-77.1109
-73.7092
-72.197
-71.3629
-70.6985
-70.0913
-69.5138
-68.9602
-68.4309
-67.9283
-67.0847
-64.6752
-62.7209
-59.9264
-57.028
-53.0915
40.1344
-5.61015
-36.7778
-77.4783
-79.046
-78.9619
-78.7892
-78.4949
-78.3009
-78.1262
-77.9215
-77.6429
-77.4152
-77.2118
-77.0178
-76.7872
-76.5566
-76.3649
-76.1984
-76.0497
-75.9152
-75.793
-75.6966
-75.6283
-75.5693
-75.5172
-75.501
-75.5046
-75.5038
-75.4999
-75.4948
-75.4894
-75.4841
-75.4795
-75.4756
-75.4906
-75.5379
-75.576
-75.6047
-75.6506
-75.6995
-75.7351
-75.7614
-75.7813
-75.7969
-75.8095
-75.8198
-75.8286
-75.8362
-75.8429
-75.849
-75.8545
-75.8598
-75.8647
-75.8695
-75.874
-75.8785
-75.8829
-75.8872
-75.8914
-75.8956
-75.8998
-75.904
-75.9081
-75.9123
-75.9164
-75.9205
-75.9247
-75.9288
-75.9329
-75.937
-75.9411
-75.9451
-75.9492
-75.9533
-75.9573
-75.9613
-75.9654
-75.9694
-75.9733
-75.9773
-75.9812
-75.9852
-75.9891
-75.9929
-75.9968
-76.0006
-76.0044
-76.0082
-76.012
-76.0157
-76.0194
-76.0231
-76.0268
-76.0304
-74.9022
-70.6418
-67.1147
-64.4493
-62.3566
-60.5846
-58.8478
-54.9898
4.76872
3.7545
-30.2758
-75.7696
-78.434
-78.1137
-77.8877
-77.6479
-77.3897
-75.9753
-74.5792
-73.8288
-73.2526
-71.3525
-69.3762
-68.1265
-67.2251
-66.495
-65.8656
-65.3058
-64.7262
-62.4644
-59.7395
-56.5705
-51.6418
41.24
-13.0254
-45.7751
-78.3722
-78.8044
-78.6592
-78.4417
-78.2636
-78.0862
-77.9005
-77.7068
-77.5067
-77.302
-77.0945
-76.5205
-73.1846
-70.735
-69.1823
-68.1048
-67.3025
-66.6743
-66.1658
-65.7453
-65.3934
-65.0982
-64.8506
-64.6445
-64.4755
-64.3402
-64.2356
-62.4426
-59.8578
-57.4897
-54.1902
-15.8984
2.45333
-31.3892
-75.9391
-79.3737
-79.329
-79.2478
-79.1592
-79.0631
-78.9595
-78.849
-78.7322
-78.6099
-78.4831
-78.3531
-78.2213
-78.089
-77.9576
-77.8286
-77.703
-76.0086
-71.7348
-68.4799
-66.1251
-64.3587
-62.9787
-61.8447
-60.8491
-59.8955
-58.866
-56.2348
-47.4156
23.1759
-21.221
-61.7213
-78.5587
-78.566
-78.3978
-78.2108
-78.008
-77.4291
-73.9996
-72.259
-71.3606

