-70
-70.0758
-70.1508
-70.225
-70.2983
-70.3706
-70.4419
-70.5122
-70.5814
-70.6496
-70.7168
-70.7829
-70.848
-70.9121
-70.9752
-71.0373
-71.0984
-71.1586
-71.2178
-71.2761
-71.3334
-71.3899
-71.4455
-71.5003
-71.5543
-71.6074
-71.6598
-71.7114
-71.7623
-71.8124
-71.8619
-71.9106
-71.9587
-72.006
-72.0527
-72.0988
-72.1442
-72.1889
-72.2331
-72.2766
-72.3196
-72.362
-72.4038
-72.445
-72.4857
-72.5258
-72.5654
-72.6045
-72.6431
-72.6812
-72.7188
-72.756
-72.7927
-72.8289
-72.8647
-72.9
-72.9349
-72.9694
-73.0035
-73.0371
-73.0704
-73.1032
-73.1357
-73.1678
-73.1994
-73.2307
-73.2617
-73.2922
-73.3224
-73.3523
-73.3817
-73.4109
-73.4397
-73.4682
-73.4963
-73.5241
-73.5516
-73.5788
-73.6057
-73.6323
-73.6585
-73.6845
-73.7102
-73.7356
-73.7608
-73.7857
-73.8103
-73.8346
-73.8587
-73.8825
-73.9061
-73.9294
-73.9524
-73.9753
-73.9979
-74.0202
-74.0423
-74.0642
-74.0859
-74.1073
-74.1285
-74.1495
-74.1703
-74.1909
-74.2112
-74.2313
-74.2513
-74.271
-74.2905
-74.3098
-74.329
-74.3479
-74.3666
-74.3852
-74.4036
-74.4217
-74.4397
-74.4575
-74.4752
-74.4926
-74.5099
-74.527
-74.544
-74.5607
-74.5774
-74.5938
-74.6101
-74.6262
-74.6422
-74.658
-74.6736
-74.6891
-74.7045
-74.7197
-74.7347
-74.7496
-74.7644
-74.779
-74.7935
-74.8079
-74.8221
-74.8362
-74.8501
-74.864
-74.8777
-74.8913
-74.9047
-74.918
-74.9313
-74.9443
-74.9573
-74.9701
-74.9829
-74.9955
-75.008
-75.0204
-75.0327
-75.0448
-75.0569
-75.0688
-75.0806
-75.0924
-75.104
-75.1155
-75.1269
-75.1382
-75.1495
-75.1606
-75.1716
-75.1825
-75.1933
-75.204
-75.2147
-75.2252
-75.2356
-75.246
-75.2562
-75.2664
-75.2764
-75.2864
-75.2963
-75.3061
-75.3158
-75.3255
-75.335
-75.3445
-75.3538
-75.3631
-75.3724
-75.3815
-75.3906
-75.3995
-75.4084
-75.4172
-75.426
-75.4346
-75.4432
-75.4518
-75.4602
-75.4686
-75.4769
-75.4851
-75.4932
-75.5013
-75.5093
-75.5173
-75.5251
-75.533
-75.5407
-75.5484
-75.556
-75.5635
-75.571
-75.5784
-75.5858
-75.593
-75.6003
-75.6074
-75.6145
-75.6216
-75.6285
-75.6355
-75.6423
-75.6491
-75.6559
-75.6626
-75.6692
-75.6758
-75.6823
-75.6888
-75.6952
-75.7015
-75.7078
-75.7141
-75.7203
-75.7264
-75.7325
-75.7386
-75.7446
-75.7505
-75.7564
-75.7622
-75.768
-75.7738
-75.7795
-75.7851
-75.7907
-75.7963
-75.8018
-75.8072
-75.8127
-75.818
-75.8234
-75.8287
-75.8339
-75.8391
-75.8443
-75.8494
-75.8545
-75.8595
-75.8645
-75.8695
-75.8744
-75.8793
-75.8841
-75.8889
-75.8937
-75.8984
-75.9031
-75.9077
-75.9123
-75.9169
-75.9214
-75.9259
-75.9304
-75.9348
-75.9392
-75.9436
-75.9479
-75.9522
-75.9565
-75.9607
-75.9649
-75.969
-75.9731
-75.9772
-75.9813
-75.9853
-75.9893
-75.9933
-75.9972
-76.0011
-76.005
-76.0088
-76.0126
-76.0164
-76.0201
-76.0239
-76.0275
-76.0312
-76.0348
-76.0384
-76.042
-76.0456
-76.0491
-76.0526
-76.056
-76.0595
-76.0629
-76.0663
-76.0696
-76.0729
-76.0762
-76.0795
-76.0828
-76.086
-76.0892
-76.0924
-76.0955
-76.0986
-76.1017
-76.1048
-76.1079
-76.1109
-76.1139
-76.1169
-76.1198
-76.1228
-76.1257
-76.1286
-76.1314
-76.1343
-76.1371
-76.1399
-76.1427
-76.1455
-76.1482
-76.1509
-76.1536
-76.1563
-76.1589
-76.1615
-76.1642
-76.1667
-76.1693
-76.1719
-76.1744
-76.1769
-76.1794
-76.1819
-76.1843
-76.1868
-76.1892
-76.1916
-76.1939
-76.1963
-76.1986
-76.201
-76.2033
-76.2056
-76.2078
-76.2101
-76.2123
-76.2145
-76.2167
-76.2189
-76.2211
-76.2232
-76.2254
-76.2275
-76.2296
-76.2317
-76.2337
-76.2358
-76.2378
-76.2398
-76.2418
-76.2438
-76.2458
-76.2478
-76.2497
-76.2516
-76.2536
-76.2554
-76.2573
-76.2592
-76.2611
-76.2629
-76.2647
-76.2665
-76.2683
-76.2701
-76.2719
-76.2737
-76.2754
-76.2771
-76.2788
-76.2806
-76.2822
-76.2839
-76.2856
-76.2872
-76.2889
-76.2905
-76.2921
-76.2937
-76.2953
-76.2969
-76.2985
-76.3
-76.3016
-76.3031
-76.3046
-76.3061
-76.3076
-76.3091
-76.3106
-76.312
-76.3135
-76.3149
-76.3164
-76.3178
-76.3192
-76.3206
-76.322
-76.3233
-76.3247
-76.3261
-76.3274
-76.3287
-76.33
-76.3314
-76.3327
-76.334
-76.3352
-76.3365
-76.3378
-76.339
-76.3403
-76.3415
-76.3427
-76.3439
-76.3452
-76.3464
-76.3475
-76.3487
-76.3499
-76.351
-76.3522
-76.3533
-76.3545
-76.3556
-76.3567
-76.3578
-76.3589
-76.36
-76.3611
-76.3622
-76.3632
-76.3643
-76.3654
-76.3664
-76.3674
-76.3685
-76.3695
-76.3705
-76.3715
-76.3725
-76.3735
-76.3745
-76.3754
-76.3764
-76.3774
-76.3783
-76.3793
-76.3802
-76.3811
-76.382
-76.383
-76.3839
-76.3848
-76.3857
-76.3866
-76.3874
-76.3883
-76.3892
-76.39
-76.3909
-76.3917
-76.3926
-76.3934
-76.3943
-76.3951
-76.3959
-76.3967
-76.3975
-76.3983
-76.3991
-76.3999
-76.4007
-76.4014
-76.4022
-75.9782
-71.7854
-68.0015
-65.1526
-62.9424
-61.119
-59.4235
-57.4436
-53.6142
46.3418
-5.06449
-36.4119
-78.3973
-79.7416
-79.7278
-78.7612
-77.878
-77.5291
-77.2515
-76.9694
-76.6756
-76.3706
-76.0571
-75.6434
-73.1384
-70.9957
-69.5344
-68.4537
-67.6019
-66.9015
-66.3101
-65.8029
-63.852
-61.8111
-60.146
-58.5926
-56.7459
-53.1517
44.0174
-6.02064
-37.4065
-77.6507
-78.9028
-78.7191
-78.5508
-78.3864
-78.082
-77.7723
-77.5249
-77.2418
-77.013
-76.8073
-76.6109
-76.4212
-76.2386
-76.0636
-75.8974
-75.0976
-71.6294
-69.0055
-67.2607
-66.0443
-65.1623
-64.5021
-63.996
-63.6009
-63.2888
-63.0425
-62.8491
-62.6985
-62.5847
-62.5032
-62.4507
-62.4247
-62.4229
-61.0132
-58.7727
-56.3686
-51.5587
40.35
-13.6811
-46.1835
-78.8688
-79.4777
-79.4282
-79.3581
-79.2805
-79.1959
-78.2958
-76.099
-74.9254
-74.2103
-73.6456
-73.1415
-72.6693
-72.22
-71.7917
-71.3851
-69.179
-66.6436
-64.7661
-63.3429
-62.2084
-61.2519
-60.3905
-59.5479
-58.6309
-57.4708
-55.5768
-49.4308
29.4493
-19.5362
-58.761
-79.4953
-79.7343
-79.7078
-79.6718
-79.6319
-79.4683
-79.2023
-78.9454
-78.6395
-78.3093
-77.899
-77.6559
-77.4946
-77.3675
-77.2582
-77.1605
-77.0718
-76.9909
-76.9169
-76.8495
-76.7882
-76.7326
-76.6823
-76.6371
-76.5964
-76.5601
-76.5276
-76.4988
-76.4732
-76.4505
-76.4305
-76.413
-76.3975
-76.384
-76.3723
-76.362
-76.3532
-76.3456
-76.339
-76.3334
-76.3287
-76.3247
-76.3214
-76.3186
-76.3164
-76.3146
-76.3133
-76.3122
-76.3115
-76.311
-76.3108
-76.3108
-76.311
-76.3113
-76.3118
-76.3123
-76.313
-76.3138
-76.3146
-76.3155
-76.3165
-76.3175
-76.3186
-76.3197
-76.3208
-76.3219
-76.3231
-76.3243
-76.3255
-76.3267
-76.3279
-74.7747
-70.4757
-67.0145
-64.393
-62.329
-60.575
-58.8483
-56.5913
-50.3393
32.6105
-16.6829
-52.4227
-79.1555
-78.8361
-78.6275
-78.462
-78.2839
-78.0915
-77.8851
-77.6658
-77.4349
-76.7276
-74.2659
-72.5328
-71.3951
-70.5406
-69.8414
-69.2401
-68.7094
-68.2352
-67.2724
-64.8624
-62.861
-61.3006
-59.9642
-58.6537
-57.0714
-54.4412
-44.0575
15.6303
-25.0158
-69.5461
-79.5541
-79.6413
-78.5888
-77.8379
-77.5224
-77.2066
-76.8503
-76.5592
-76.2854
-76.0152
-75.7557
-75.5177
-75.2923
-75.0781
-74.8753
-74.6846
-74.5064
-74.3413
-74.1893
-74.0505
-73.9247
-73.1776
-69.6291
-66.7361
-64.6705
-63.1362
-61.9378
-60.9384
-60.0312
-59.1111
-58.0248
-56.4073
-52.4176
43.8343
-10.3231
-41.766
-78.9315
-79.7997
-79.7917
-79.7655
-79.7358
-79.7031
-78.19
-76.1596
-75.1754
-74.5499
-74.0359
-73.5647
-73.1158
-72.6839
-72.2688
-71.8722
-69.8595
-67.2069
-65.233
-63.7498
-62.5803
-61.6089
-60.7519
-59.9395
-59.0961
-58.1039
-55.951
-48.9515
27.5096
-19.8973
-58.5551
-79.1104
-79.3047
-79.2253
-79.1309
-79.0274
-78.8939
-78.6396
-78.4487
-78.285
-78.1261
-77.967
-77.8075
-77.6483
-77.491
-77.337
-77.1875
-77.0438
-76.9069
-76.7776
-76.6565
-76.5044
-76.3388
-76.1954
-76.0887
-76.0075
-75.9442
-75.8939
-75.8598
-75.8405
-75.8261
-75.815
-75.8063
-75.7996
-75.7962
-75.8098
-75.8227
-75.8326
-75.8403
-75.8564
-75.8748
-75.8886
-75.8991
-75.9073
-75.9141
-75.9197
-75.9247
-75.9291
-75.9332
-75.937
-75.9406
-75.9441
-75.9475
-75.9509
-75.9543
-75.9576
-75.9609
-75.9643
-75.9676
-75.971
-75.9743
-75.9777
-75.9812
-75.9846
-75.988
-75.9915
-75.995
-75.9985
-76.0019
-76.0054
-76.009
-76.0125
-76.016
-76.0195
-76.023
-76.0264
-76.0299
-76.0334
-76.0369
-76.0403
-76.0437
-76.0472
-76.0506
-76.054
-76.0573
-76.0607
-76.064
-76.0673
-76.0706
-76.0739
-76.0771
-76.0804
-76.0836
-76.0868
-76.0899
-72.3607
-68.4071
-65.4183
-63.1156
-61.235
-59.5113
-57.5409
-53.883
45.583
-3.28222
-34.9899
-78.0755
-79.1754
-78.6372
-78.4296
-78.2447
-78.0464
-77.8335
-77.6068
-77.3676
-77.1176
-76.1577
-73.6232
-71.861
-70.6734
-69.7768
-69.0479
-68.4282
-67.8883
-67.4121
-66.793
-64.4699
-62.3651
-60.7018
-59.2243
-57.6388
-55.2697
-46.5518
20.4749
-22.8887
-65.6238
-79.4702
-79.5928
-79.5466
-79.4912
-79.4304
-78.282
-76.3275
-75.5031
-75.0411
-74.7146
-74.448
-74.1789
-73.9139
-73.6586
-73.4158
-73.1873
-72.9742
-72.7772
-72.5966
-72.4323
-72.2843
-72.152
-72.0349
-71.9323
-71.8435
-71.7677
-71.7039
-71.6513
-71.609
-71.5763
-71.5521
-71.5359
-71.5268
-71.5241
-71.5272
-71.5355
-71.5484
-71.5653
-71.5859
-71.6096
-71.6361
-71.5309
-68.1613
-64.9181
-62.4538
-60.4559
-58.5836
-56.236
-49.8717
30.9499
-17.986
-54.86
-79.3999
-79.6716
-79.6365
-79.1149
-77.6922
-77.117
-76.7671
-76.44
-76.1079
-75.768
-75.422
-75.0731
-74.6271
-71.9525
-69.5805
-67.9164
-66.6814
-65.7192

