-70
-69.8623
-69.7285
-69.5983
-69.4718
-69.3487
-69.2291
-69.1128
-68.9997
-68.8897
-68.7828
-68.6789
-68.5778
-68.4795
-68.3839
-68.291
-68.2007
-68.1128
-68.0274
-67.9443
-67.8636
-67.7851
-67.7087
-67.6345
-67.5623
-67.4921
-67.4238
-67.3574
-67.2929
-67.2301
-67.1691
-67.1098
-67.0521
-66.996
-66.9414
-66.8884
-66.8368
-66.7866
-66.7378
-66.6904
-66.6443
-66.5994
-66.5558
-66.5133
-66.4721
-66.432
-66.393
-66.355
-66.3181
-66.2823
-66.2474
-66.2134
-66.1805
-66.1484
-66.1172
-66.0868
-66.0573
-66.0286
-66.0007
-65.9736
-65.9472
-65.9215
-65.8966
-65.8723
-65.8487
-65.8257
-65.8034
-65.7817
-65.7606
-65.74
-65.72
-65.7006
-65.6817
-65.6633
-65.6455
-65.6281
-65.6112
-65.5948
-65.5788
-65.5632
-65.5481
-65.5334
-65.5191
-65.5052
-65.4917
-65.4785
-65.4657
-65.4533
-65.4412
-65.4294
-65.418
-65.4068
-65.396
-65.3855
-65.3752
-65.3653
-65.3556
-65.3462
-65.337
-65.3281
-65.3194
-65.311
-65.3028
-65.2948
-65.2871
-65.2795
-65.2722
-65.2651
-65.2581
-65.2514
-65.2448
-65.2385
-65.2322
-65.2262
-65.2203
-65.2146
-65.2091
-65.2037
-65.1984
-65.1933
-65.1884
-65.1835
-65.1788
-65.1743
-65.1698
-65.1655
-65.1613
-65.1572
-65.1532
-65.1493
-65.1456
-65.1419
-65.1384
-65.1349
-65.1315
-65.1283
-65.1251
-65.122
-65.119
-65.1161
-65.1132
-65.1104
-65.1077
-65.1051
-65.1026
-65.1001
-65.0977
-65.0953
-65.0931
-65.0908
-65.0887
-65.0866
-65.0845
-65.0826
-65.0806
-65.0788
-65.0769
-65.0752
-65.0734
-65.0718
-65.0701
-65.0685
-65.067
-65.0655
-65.064
-65.0626
-65.0612
-65.0599
-65.0586
-65.0573
-65.0561
-65.0549
-65.0537
-65.0526
-65.0514
-65.0504
-65.0493
-65.0483
-65.0473
-65.0464
-65.0454
-65.0445
-65.0436
-65.0428
-65.0419
-65.0411
-65.0403
-65.0395
-65.0388
-65.0381
-65.0374
-65.0367
-65.036
-65.0353
-65.0347
-65.0341
-65.0335
-65.0329
-65.0323
-65.0318
-65.0313
-65.0307
-65.0302
-65.0297
-65.0293
-65.0288
-65.0283
-65.0279
-65.0275
-65.027
-65.0266
-65.0262
-65.0259
-65.0255
-65.0251
-65.0248
-65.0244
-65.0241
-65.0238
-65.0234
-65.0231
-65.0228
-65.0225
-65.0223
-65.022
-65.0217
-65.0215
-65.0212
-65.021
-65.0207
-65.0205
-65.0203
-65.02
-65.0198
-65.0196
-65.0194
-65.0192
-65.019
-65.0188
-65.0187
-65.0185
-65.0183
-65.0181
-65.018
-65.0178
-65.0177
-65.0175
-65.0174
-65.0172
-65.0171
-65.017
-65.0168
-65.0167
-65.0166
-65.0165
-65.0163
-65.0162
-65.0161
-65.016
-65.0159
-65.0158
-65.0157
-65.0156
-65.0155
-65.0154
-65.0153
-65.0153
-65.0152
-65.0151
-65.015
-65.0149
-65.0149
-65.0148
-65.0147
-65.0147
-65.0146
-65.0145
-65.0145
-65.0144
-65.0143
-65.0143
-65.0142
-65.0142
-65.0141
-65.0141
-65.014
-65.014
-65.0139
-65.0139
-65.0138
-65.0138
-65.0137
-65.0137
-65.0137
-65.0136
-65.0136
-65.0135
-65.0135
-65.0135
-65.0134
-65.0134
-65.0134
-65.0133
-65.0133
-65.0133
-65.0133
-65.0132
-65.0132
-65.0132
-65.0131
-65.0131
-65.0131
-65.0131
-65.0131
-65.013
-65.013
-65.013
-65.013
-65.0129
-65.0129
-65.0129
-65.0129
-65.0129
-65.0129
-65.0128
-65.0128
-65.0128
-65.0128
-65.0128
-65.0128
-65.0127
-65.0127
-65.0127
-65.0127
-65.0127
-65.0127
-65.0127
-65.0127
-65.0126
-65.0126
-65.0126
-65.0126
-65.0126
-65.0126
-65.0126
-65.0126
-65.0126
-65.0126
-65.0125
-65.0125
-65.0125
-65.0125
-65.0125
-65.0125
-65.0125
-65.0125
-65.0125
-65.0125
-65.0125
-65.0125
-65.0125
-65.0124
-65.0124
-65.0124
-65.0124
-65.0124
-65.0124
-65.0124
-65.0124
-65.0124
-65.0124
-65.0124
-65.0124
-65.0124
-65.0124
-65.0124
-65.0124
-65.0124
-65.0124
-65.0124
-65.0124
-65.0124
-65.0124
-65.0124
-65.0123
-65.0123
-65.0123
-65.0123
-65.0123
-65.0123
-65.0123
-65.0123
-65.0123
-65.0123
-65.0123
-65.0123
-65.0123
-65.0123
-65.0123
-65.0123
-65.0123
-65.0123
-65.0123
-65.0123
-65.0123
-65.0123
-65.0123
-65.0123
-65.0123
-65.0123
-65.0123
-65.0123
-65.0123
-65.0123
-65.0123
-65.0123
-65.0123
-65.0123
-65.0123
-65.0123
-65.0123
-65.0123
-65.0123
-65.0123
-65.0123
-65.0123
-65.0123
-65.0123
-65.0123
-65.0123
-65.0123
-65.0123
-65.0123
-65.0123
-65.0123
-65.0123
-65.0123
-65.0123
-65.0123
-65.0123
-65.0123
-65.0123
-65.0123
-65.0123
-65.0123
-65.0123
-65.0123
-65.0123
-65.0123
-65.0123
-65.0123
-65.0123
-65.0123
-65.0123
-65.0123
-65.0123
-65.0123
-65.0123
-64.5204
-64.1184
-63.8206
-63.6087
-63.4445
-63.3133
-63.2081
-63.1242
-63.0579
-63.0067
-62.9681
-62.9403
-62.9217
-62.911
-62.9071
-62.909
-62.9159
-62.927
-62.9418
-62.9597
-62.9803
-63.0031
-63.0278
-63.0541
-63.0817
-63.1104
-63.1399
-63.1702
-63.2009
-63.2321
-63.2635
-63.295
-63.3266
-63.3582
-63.1343
-62.5536
-62.1733
-61.895
-61.7004
-61.5517
-61.4378
-61.3518
-61.2887
-61.2448
-61.2171
-61.2031
-61.2007
-61.2081
-61.224
-61.2469
-61.276
-61.3102
-61.3272
-61.1255
-60.9586
-60.7771
-60.1335
-59.6717
-59.0362
-58.3673
-57.7721
-56.7242
-55.8338
-54.6743
-53.6469
-52.6451
-51.8919
-51.3036
-50.7583
-50.2279
-49.7281
-49.0038
-48.3991
-47.7692
-47.1573
-46.5266
-45.7943
-44.8419
-43.4663
-40.9551
-31.5536
42.4765
-0.752766
-33.8415
-54.2318
-59.6142
-60.9621
-61.2544
-61.2113
-61.0557
-60.8671
-60.698
-60.5523
-60.3892
-60.2498
-60.1414
-60.0595
-59.9984
-59.9544
-59.9249
-59.8663
-59.778
-59.6745
-59.5924
-59.5423
-59.4697
-59.4208
-59.3437
-59.2516
-59.1973
-59.1687
-59.16
-59.1653
-59.1818
-59.1993
-59.1797
-59.184
-59.2023
-59.2329
-59.2281
-59.1066
-58.9066
-58.7101
-58.5518
-58.4
-58.2431
-58.0978
-57.9427
-57.6345
-57.2859
-56.9895
-56.713
-56.4918
-56.2456
-55.8058
-55.2338
-54.7118
-54.1424
-53.5832
-53.0444
-52.3082
-51.589
-50.8179
-50.104
-49.4467
-48.8368
-48.2206
-47.617
-46.9787
-46.2363
-45.3877
-44.2783
-42.5258
-38.6329
2.4622
26.2334
-17.8896
-47.5906
-59.2228
-62.1426
-62.8408
-62.9581
-62.8807
-62.7386
-62.5837
-62.4366
-62.3047
-62.1902
-62.0924
-62.0102
-61.9419
-61.886
-61.8409
-61.8054
-61.7783
-61.7586
-61.7455
-61.738
-61.7357
-61.7377
-61.7437
-61.7531
-61.7655
-61.7805
-61.7979
-61.8172
-61.8383
-61.8609
-61.8848
-61.9098
-61.9357
-61.9625
-61.9898
-62.0177
-62.046
-62.0746
-62.1034
-62.1324
-62.1614
-62.1905
-62.2195
-62.2484
-62.2772
-62.3059
-62.3343
-62.3625
-62.3904
-62.418
-62.4454
-62.4724
-62.4991
-62.5255
-62.5515
-62.5771
-62.6024
-62.6273
-62.6518
-62.676
-62.6998
-62.7232
-62.7463
-62.7689
-62.7912
-62.8132
-62.7728
-62.5772
-62.4519
-62.3619
-62.3021
-62.2549
-62.0656
-61.9166
-61.8082
-61.7182
-61.5945
-61.3183
-60.9605
-60.5863
-60.2043
-59.5149
-58.4332
-57.0911
-55.8861
-54.4964
-53.3668
-52.5256
-51.8715
-51.3178
-50.7177
-50.1621
-49.7087
-49.3233
-48.9857
-48.6402
-48.2857
-47.9509
-47.6187
-47.2483
-46.8318
-46.2981
-45.5679
-44.5663
-43.0455
-39.8882
-21.4287
35.6715
-11.8572
-44.3469
-59.5542
-63.3902
-64.2413
-64.3613
-64.2224
-64.0114
-63.7596
-63.4865
-63.1964
-62.8836
-62.6088
-62.324
-62.034
-61.8095
-61.6313
-61.49
-61.3069
-61.1304
-60.9555
-60.8259
-60.7279
-60.6299
-60.5308
-60.4612
-60.4126
-60.3814
-60.3275
-60.2905
-60.2701
-60.2643
-60.269
-60.282
-60.3021
-60.2605
-60.2197
-60.174
-60.0723
-59.938
-59.7394
-59.5237
-59.2822
-59.0541
-58.8477
-58.6615
-58.3616
-58.093
-57.8489
-57.5704
-57.2602
-56.9878
-56.6181
-56.0956
-55.6368
-55.2217
-54.8085
-54.3703
-53.8504
-53.1613
-52.4024
-51.6367
-50.9456
-50.363
-49.8564
-49.4092
-48.9943
-48.6033
-48.1723
-47.7637
-47.3585
-46.9346
-46.4003
-45.7739
-44.9705
-43.7965
-41.6596
-35.3315
39.4019
6.83004
-31.3498
-56.63
-63.66
-65.4157
-65.829
-65.8578
-65.7566
-65.6147
-65.4659
-65.3229
-65.1901
-65.0684
-64.9576
-64.8568
-64.7653
-64.6821
-64.6063
-64.5371
-64.474
-64.4162
-64.3633
-64.3147
-64.2702
-64.2292
-64.1916
-64.1569
-64.125
-64.0955
-64.0684
-64.0433
-64.0202
-63.9988
-63.9791
-63.9608
-63.944
-63.9284
-63.914
-63.9007
-63.8884
-63.8771
-63.8666
-63.8569
-63.8479
-63.8397
-63.8321
-63.825
-63.8186
-63.8127
-63.8072
-63.8023
-63.7977
-63.7936
-63.7898
-63.7864
-63.7834
-63.7806
-63.7782
-63.776
-63.7741
-63.7724
-63.771
-63.7698
-63.7689
-63.7681
-63.7675
-63.7672
-63.767
-63.7669
-63.767
-63.7673
-63.7677
-63.7683
-63.769
-63.7698
-63.7708
-63.7718
-63.773
-63.7743
-63.7757
-63.7772
-63.7788
-63.7136
-62.9563
-62.0071
-61.3358
-60.7596
-60.2537
-59.8697
-59.5608
-59.2041
-58.8422
-58.5645
-58.045
-57.6184
-57.3025
-56.8816
-55.5612
-54.2737
-53.3413
-52.6652
-52.1429
-51.6348
-51.2341
-50.8131
-50.4658
-50.0951
-49.6466
-49.2561
-48.9251
-48.6361
-48.3691
-48.1072
-47.6838
-47.0424
-46.3713
-45.5521
-44.4383
-42.8083
-39.4704
-16.358
32.7737
-14.5623
-47.4651
-61.4845
-64.8865
-65.5315
-65.4293
-65.1302
-64.757
-64.427
-64.1368
-63.8414
-63.5197
-63.2385
-62.9742
-62.7456
-62.5592
-62.4053
-62.2776
-62.171
-62.0824
-62.0092
-61.9495
-61.9013
-61.8634
-61.8342
-61.8129
-61.7985
-61.7901
-61.787
-61.7885
-61.7559
-61.7212
-61.702
-61.694
-61.694
-61.6996
-61.7098
-61.7238
-61.7323
-61.6975
-61.6289
-61.4316
-61.3037
-61.1883
-61.0845
-61.014
-60.9659
-60.9356
-60.9184
-60.9119
-60.8659
-60.7839
-60.7366
-60.7027
-60.6276
-60.4524
-60.1922
-59.7273
-59.1991
-58.666
-58.088
-57.4096
-56.7183
-56.0132
-55.2867
-54.5866
-53.9043
-53.0509
-52.1827
-51.4671
-50.9199
-50.4555
-50.0762
-49.7225
-49.3601

