-70
-69.8623
-69.7285
-69.5983
-69.4718
-69.3487
-69.2291
-69.1128
-68.9997
-68.8897
-68.7828
-68.6789
-68.5778
-68.4795
-68.3839
-68.291
-68.2007
-68.1128
-68.0274
-67.9443
-67.8636
-67.7851
-67.7087
-67.6345
-67.5623
-67.4921
-67.4238
-67.3574
-67.2929
-67.2301
-67.1691
-67.1098
-67.0521
-66.996
-66.9414
-66.8884
-66.8368
-66.7866
-66.7378
-66.6904
-66.6443
-66.5994
-66.5558
-66.5133
-66.4721
-66.432
-66.393
-66.355
-66.3181
-66.2823
-66.2474
-66.2134
-66.1805
-66.1484
-66.1172
-66.0868
-66.0573
-66.0286
-66.0007
-65.9736
-65.9472
-65.9215
-65.8966
-65.8723
-65.8487
-65.8257
-65.8034
-65.7817
-65.7606
-65.74
-65.72
-65.7006
-65.6817
-65.6633
-65.6455
-65.6281
-65.6112
-65.5948
-65.5788
-65.5632
-65.5481
-65.5334
-65.5191
-65.5052
-65.4917
-65.4785
-65.4657
-65.4533
-65.4412
-65.4294
-65.418
-65.4068
-65.396
-65.3855
-65.3752
-65.3653
-65.3556
-65.3462
-65.337
-65.3281
-65.3194
-65.311
-65.3028
-65.2948
-65.2871
-65.2795
-65.2722
-65.2651
-65.2581
-65.2514
-65.2448
-65.2385
-65.2322
-65.2262
-65.2203
-65.2146
-65.2091
-65.2037
-65.1984
-65.1933
-65.1884
-65.1835
-65.1788
-65.1743
-65.1698
-65.1655
-65.1613
-65.1572
-65.1532
-65.1493
-65.1456
-65.1419
-65.1384
-65.1349
-65.1315
-65.1283
-65.1251
-65.122
-65.119
-65.1161
-65.1132
-65.1104
-65.1077
-65.1051
-65.1026
-65.1001
-65.0977
-65.0953
-65.0931
-65.0908
-65.0887
-65.0866
-65.0845
-65.0826
-65.0806
-65.0788
-65.0769
-65.0752
-65.0734
-65.0718
-65.0701
-65.0685
-65.067
-65.0655
-65.064
-65.0626
-65.0612
-65.0599
-65.0586
-65.0573
-65.0561
-65.0549
-65.0537
-65.0526
-65.0514
-65.0504
-65.0493
-65.0483
-65.0473
-65.0464
-65.0454
-65.0445
-65.0436
-65.0428
-65.0419
-65.0411
-65.0403
-65.0395
-65.0388
-65.0381
-65.0374
-65.0367
-65.036
-65.0353
-65.0347
-65.0341
-65.0335
-65.0329
-65.0323
-65.0318
-65.0313
-65.0307
-65.0302
-65.0297
-65.0293
-65.0288
-65.0283
-65.0279
-65.0275
-65.027
-65.0266
-65.0262
-65.0259
-65.0255
-65.0251
-65.0248
-65.0244
-65.0241
-65.0238
-65.0234
-65.0231
-65.0228
-65.0225
-65.0223
-65.022
-65.0217
-65.0215
-65.0212
-65.021
-65.0207
-65.0205
-65.0203
-65.02
-65.0198
-65.0196
-65.0194
-65.0192
-65.019
-65.0188
-65.0187
-65.0185
-65.0183
-65.0181
-65.018
-65.0178
-65.0177
-65.0175
-65.0174
-65.0172
-65.0171
-65.017
-65.0168
-65.0167
-65.0166
-65.0165
-65.0163
-65.0162
-65.0161
-65.016
-65.0159
-65.0158
-65.0157
-65.0156
-65.0155
-65.0154
-65.0153
-65.0153
-65.0152
-65.0151
-65.015
-65.0149
-65.0149
-65.0148
-65.0147
-65.0147
-65.0146
-65.0145
-65.0145
-65.0144
-65.0143
-65.0143
-65.0142
-65.0142
-65.0141
-65.0141
-65.014
-65.014
-65.0139
-65.0139
-65.0138
-65.0138
-65.0137
-65.0137
-65.0137
-65.0136
-65.0136
-65.0135
-65.0135
-65.0135
-65.0134
-65.0134
-65.0134
-65.0133
-65.0133
-65.0133
-65.0133
-65.0132
-65.0132
-65.0132
-65.0131
-65.0131
-65.0131
-65.0131
-65.0131
-65.013
-65.013
-65.013
-65.013
-65.0129
-65.0129
-65.0129
-65.0129
-65.0129
-65.0129
-65.0128
-65.0128
-65.0128
-65.0128
-65.0128
-65.0128
-65.0127
-65.0127
-65.0127
-65.0127
-65.0127
-65.0127
-65.0127
-65.0127
-65.0126
-65.0126
-65.0126
-65.0126
-65.0126
-65.0126
-65.0126
-65.0126
-65.0126
-65.0126
-65.0125
-65.0125
-65.0125
-65.0125
-65.0125
-65.0125
-65.0125
-65.0125
-65.0125
-65.0125
-65.0125
-65.0125
-65.0125
-65.0124
-65.0124
-65.0124
-65.0124
-65.0124
-65.0124
-65.0124
-65.0124
-65.0124
-65.0124
-65.0124
-65.0124
-65.0124
-65.0124
-65.0124
-65.0124
-65.0124
-65.0124
-65.0124
-65.0124
-65.0124
-65.0124
-65.0124
-65.0123
-65.0123
-65.0123
-65.0123
-65.0123
-65.0123
-65.0123
-65.0123
-65.0123
-65.0123
-65.0123
-65.0123
-65.0123
-65.0123
-65.0123
-65.0123
-65.0123
-65.0123
-65.0123
-65.0123
-65.0123
-65.0123
-65.0123
-65.0123
-65.0123
-65.0123
-65.0123
-65.0123
-65.0123
-65.0123
-65.0123
-65.0123
-65.0123
-65.0123
-65.0123
-65.0123
-65.0123
-65.0123
-65.0123
-65.0123
-65.0123
-65.0123
-65.0123
-65.0123
-65.0123
-65.0123
-65.0123
-65.0123
-65.0123
-65.0123
-65.0123
-65.0123
-65.0123
-65.0123
-65.0123
-65.0123
-65.0123
-65.0123
-65.0123
-65.0123
-65.0123
-65.0123
-65.0123
-65.0123
-65.0123
-65.0123
-65.0123
-65.0123
-65.0123
-65.0123
-65.0123
-65.0123
-65.0123
-65.0123
-65.0123
-65.0123
-65.0123
-65.0123
-65.0123
-65.0123
-65.0123
-65.0123
-65.0122
-65.0122
-65.0122
-65.0122
-65.0122
-65.0122
-65.0122
-65.0122
-65.0122
-65.0122
-65.0122
-65.0122
-65.0122
-65.0122
-65.0122
-65.0122
-65.0122
-65.0122
-65.0122
-65.0122
-65.0122
-65.0122
-65.0122
-65.0122
-65.0122
-65.0122
-64.986
-64.9225
-64.8795
-64.847
-64.8232
-64.8044
-64.7892
-64.7771
-64.7674
-64.7598
-64.7541
-64.7498
-64.7468
-64.7449
-64.744
-64.7439
-64.7445
-64.7457
-64.7474
-64.7495
-64.7521
-64.6957
-64.4411
-64.1656
-63.8846
-63.609
-63.3711
-63.0047
-62.74
-62.5371
-62.35
-62.106
-61.9304
-61.7969
-61.5157
-61.2355
-61.0345
-60.84
-60.6997
-60.5454
-60.4247
-60.3405
-60.2853
-60.2212
-60.1736
-60.1236
-60.0656
-59.9701
-59.8726
-59.8094
-59.7359
-59.6515
-59.6028
-59.5825
-59.5843
-59.6018
-59.6316
-59.6716
-59.72
-59.7754
-59.8367
-59.9029
-59.9731
-60.0465
-60.1226
-60.2008
-60.2806
-60.3616
-60.4435
-60.526
-60.6003
-60.6293
-60.6756
-60.7302
-60.7922
-60.8577
-60.9256
-60.9951
-61.0657
-61.137
-61.2058
-61.2297
-61.2683
-61.3144
-61.3675
-61.387
-61.4031
-61.4325
-61.471
-61.4869
-61.4836
-61.4913
-61.4681
-61.4698
-61.4468
-61.315
-61.19
-61.099
-61.0071
-60.955
-60.8915
-60.8335
-60.7374
-60.5459
-60.4087
-60.2434
-60.0186
-59.8105
-59.5982
-59.46
-59.369
-59.314
-59.2849
-59.2764
-59.2852
-59.2677
-59.2729
-59.279
-59.2853
-59.2405
-59.2169
-59.1831
-59.1673
-59.1489
-59.1592
-59.1875
-59.2304
-59.2837
-59.3453
-59.4136
-59.4875
-59.5658
-59.6478
-59.7327
-59.8198
-59.9086
-59.9987
-60.0897
-60.1811
-60.2728
-60.3645
-60.4559
-60.5468
-60.6372
-60.7268
-60.8154
-60.9031
-60.9896
-61.075
-61.1591
-61.2419
-61.3233
-61.4034
-61.4821
-61.5593
-61.6351
-61.7095
-61.7824
-61.8538
-61.9238
-61.9923
-62.0594
-62.125
-62.1892
-62.252
-62.3133
-62.3733
-62.4319
-62.4891
-62.5451
-62.5997
-62.653
-62.7051
-62.7559
-62.8056
-62.854
-62.9013
-62.9474
-62.9924
-63.0363
-63.0791
-63.1209
-63.1616
-63.2013
-63.2401
-63.2778
-63.3147
-63.3506
-63.3856
-63.4198
-63.42
-63.4063
-63.4055
-63.4123
-63.4245
-63.4395
-63.4567
-63.4755
-63.4955
-63.5164
-63.5345
-63.5013
-63.3947
-63.2286
-63.0683
-62.8299
-62.4186
-61.9264
-61.5751
-61.3187
-61.1308
-60.9838
-60.7596
-60.5992
-60.4075
-60.2543
-60.1472
-60.0757
-60.0311
-60.007
-59.9999
-60.007
-59.9961
-59.9992
-60.0169
-60.0479
-60.0708
-60.0547
-60.0248
-60.0134
-60.025
-60.0317
-60.0316
-60.0515
-60.0848
-60.1046
-60.1186
-60.1066
-60.0933
-60.0846
-60.0997
-60.1299
-60.1717
-60.2214
-60.2775
-60.2999
-60.3367
-60.3835
-60.4394
-60.5006
-60.5658
-60.6339
-60.7045
-60.7767
-60.8503
-60.9247
-60.9998
-61.075
-61.1504
-61.2255
-61.3003
-61.3746
-61.4483
-61.5212
-61.5933
-61.6645
-61.7348
-61.7656
-61.7535
-61.754
-61.7576
-61.7501
-61.7181
-61.7098
-61.7171
-61.7218
-61.653
-61.6148
-61.5987
-61.6012
-61.5795
-61.5208
-61.4815
-61.4656
-61.3757
-61.2309
-61.0924
-60.9739
-60.834
-60.6753
-60.4985
-60.3273
-60.2155
-60.0674
-59.9478
-59.8061
-59.7005
-59.6357
-59.5698
-59.5344
-59.5217
-59.5288
-59.5361
-59.5341
-59.5531
-59.5864
-59.6316
-59.6854
-59.718
-59.7564
-59.8062
-59.8657
-59.9318
-59.9733
-60.0138
-60.0663
-60.1278
-60.1954
-60.2671
-60.3418
-60.4187
-60.4974
-60.5773
-60.658
-60.7393
-60.8207
-60.9021
-60.9833
-61.064
-61.1442
-61.2236
-61.3022
-61.3799
-61.4565
-61.5321
-61.6066
-61.6798
-61.7519
-61.8227
-61.8922
-61.9605
-62.0274
-62.093
-62.1573
-62.2203
-62.282
-62.3423
-62.4014
-62.4592
-62.5157
-62.5709
-62.6249
-62.6777
-62.7292
-62.7796
-62.8288
-62.8768
-62.9237
-62.9695
-63.0142
-63.0578
-63.1004
-63.1419
-63.1824
-63.2219
-63.2605
-63.2981
-63.3347
-63.3705
-63.4054
-63.4394
-63.4726
-63.5049
-63.5364
-63.5672
-63.5971
-63.6264
-63.6549
-63.6826
-63.7097
-63.7361
-63.7619
-63.787
-63.8114
-63.8353
-63.8585
-63.8812
-63.9033
-63.9249
-63.9459
-63.9664
-63.9863
-64.0058
-64.0086
-63.9024
-63.6163
-63.4164
-63.2723
-63.1713
-63.0951
-63.0218
-62.9238
-62.815
-62.6467
-62.4898
-62.3799
-62.3025
-62.2445
-61.9731
-61.5619
-61.2692
-61.0609
-60.9142
-60.8062
-60.7277
-60.6161
-60.5388
-60.4554
-60.3478
-60.2625
-60.211
-60.1859
-60.1799
-60.1816
-60.1583
-60.0543
-59.9627
-59.8496
-59.7833
-59.749
-59.7408
-59.7503
-59.7531
-59.7499
-59.7672
-59.7987
-59.8421
-59.8738
-59.87
-59.8557
-59.8394
-59.8509
-59.8797
-59.9216
-59.9724
-60.0301
-60.0934
-60.1612
-60.2326
-60.3069
-60.3835
-60.4618
-60.5413
-60.6218
-60.7028
-60.7841
-60.8654
-60.9464
-61.0271
-61.1073
-61.1868
-61.2441
-61.283
-61.3327
-61.3881
-61.4478
-61.5095
-61.5724
-61.6359
-61.6998
-61.7638
-61.8276
-61.8911
-61.921
-61.937
-61.966
-62.0026
-62.0447
-62.0895
-62.1363
-62.1844
-62.2334
-62.2831
-62.3331
-62.3832
-62.4333
-62.4831
-62.5327
-62.5569
-62.542
-62.4673
-62.3538
-62.1896
-62.0112
-61.7029
-61.3882
-61.1583
-60.9474
-60.7613
-60.5743
-60.3657
-60.1761
-60.0472
-59.96
-59.9045
-59.8724
-59.8594
-59.8357

