-70
-69.8623
-69.7285
-69.5983
-69.4718
-69.3487
-69.2291
-69.1128
-68.9997
-68.8897
-68.7828
-68.6789
-68.5778
-68.4795
-68.3839
-68.291
-68.2007
-68.1128
-68.0274
-67.9443
-67.8636
-67.7851
-67.7087
-67.6345
-67.5623
-67.4921
-67.4238
-67.3574
-67.2929
-67.2301
-67.1691
-67.1098
-67.0521
-66.996
-66.9414
-66.8884
-66.8368
-66.7866
-66.7378
-66.6904
-66.6443
-66.5994
-66.5558
-66.5133
-66.4721
-66.432
-66.393
-66.355
-66.3181
-66.2823
-66.2474
-66.2134
-66.1805
-66.1484
-66.1172
-66.0868
-66.0573
-66.0286
-66.0007
-65.9736
-65.9472
-65.9215
-65.8966
-65.8723
-65.8487
-65.8257
-65.8034
-65.7817
-65.7606
-65.74
-65.72
-65.7006
-65.6817
-65.6633
-65.6455
-65.6281
-65.6112
-65.5948
-65.5788
-65.5632
-65.5481
-65.5334
-65.5191
-65.5052
-65.4917
-65.4785
-65.4657
-65.4533
-65.4412
-65.4294
-65.418
-65.4068
-65.396
-65.3855
-65.3752
-65.3653
-65.3556
-65.3462
-65.337
-65.3281
-65.3194
-65.311
-65.3028
-65.2948
-65.2871
-65.2795
-65.2722
-65.2651
-65.2581
-65.2514
-65.2448
-65.2385
-65.2322
-65.2262
-65.2203
-65.2146
-65.2091
-65.2037
-65.1984
-65.1933
-65.1884
-65.1835
-65.1788
-65.1743
-65.1698
-65.1655
-65.1613
-65.1572
-65.1532
-65.1493
-65.1456
-65.1419
-65.1384
-65.1349
-65.1315
-65.1283
-65.1251
-65.122
-65.119
-65.1161
-65.1132
-65.1104
-65.1077
-65.1051
-65.1026
-65.1001
-65.0977
-65.0953
-65.0931
-65.0908
-65.0887
-65.0866
-65.0845
-65.0826
-65.0806
-65.0788
-65.0769
-65.0752
-65.0734
-65.0718
-65.0701
-65.0685
-65.067
-65.0655
-65.064
-65.0626
-65.0612
-65.0599
-65.0586
-65.0573
-65.0561
-65.0549
-65.0537
-65.0526
-65.0514
-65.0504
-65.0493
-65.0483
-65.0473
-65.0464
-65.0454
-65.0445
-65.0436
-65.0428
-65.0419
-65.0411
-65.0403
-65.0395
-65.0388
-65.0381
-65.0374
-65.0367
-65.036
-65.0353
-65.0347
-65.0341
-65.0335
-65.0329
-65.0323
-65.0318
-65.0313
-65.0307
-65.0302
-65.0297
-65.0293
-65.0288
-65.0283
-65.0279
-65.0275
-65.027
-65.0266
-65.0262
-65.0259
-65.0255
-65.0251
-65.0248
-65.0244
-65.0241
-65.0238
-65.0234
-65.0231
-65.0228
-65.0225
-65.0223
-65.022
-65.0217
-65.0215
-65.0212
-65.021
-65.0207
-65.0205
-65.0203
-65.02
-65.0198
-65.0196
-65.0194
-65.0192
-65.019
-65.0188
-65.0187
-65.0185
-65.0183
-65.0181
-65.018
-65.0178
-65.0177
-65.0175
-65.0174
-65.0172
-65.0171
-65.017
-65.0168
-65.0167
-65.0166
-65.0165
-65.0163
-65.0162
-65.0161
-65.016
-65.0159
-65.0158
-65.0157
-65.0156
-65.0155
-65.0154
-65.0153
-65.0153
-65.0152
-65.0151
-65.015
-65.0149
-65.0149
-65.0148
-65.0147
-65.0147
-65.0146
-65.0145
-65.0145
-65.0144
-65.0143
-65.0143
-65.0142
-65.0142
-65.0141
-65.0141
-65.014
-65.014
-65.0139
-65.0139
-65.0138
-65.0138
-65.0137
-65.0137
-65.0137
-65.0136
-65.0136
-65.0135
-65.0135
-65.0135
-65.0134
-65.0134
-65.0134
-65.0133
-65.0133
-65.0133
-65.0133
-65.0132
-65.0132
-65.0132
-65.0131
-65.0131
-65.0131
-65.0131
-65.0131
-65.013
-65.013
-65.013
-65.013
-65.0129
-65.0129
-65.0129
-65.0129
-65.0129
-65.0129
-65.0128
-65.0128
-65.0128
-65.0128
-65.0128
-65.0128
-65.0127
-65.0127
-65.0127
-65.0127
-65.0127
-65.0127
-65.0127
-65.0127
-65.0126
-65.0126
-65.0126
-65.0126
-65.0126
-65.0126
-65.0126
-65.0126
-65.0126
-65.0126
-65.0125
-65.0125
-65.0125
-65.0125
-65.0125
-65.0125
-65.0125
-65.0125
-65.0125
-65.0125
-65.0125
-65.0125
-65.0125
-65.0124
-65.0124
-65.0124
-65.0124
-65.0124
-65.0124
-65.0124
-65.0124
-65.0124
-65.0124
-65.0124
-65.0124
-65.0124
-65.0124
-65.0124
-65.0124
-65.0124
-65.0124
-65.0124
-65.0124
-65.0124
-65.0124
-65.0124
-65.0123
-65.0123
-65.0123
-65.0123
-65.0123
-65.0123
-65.0123
-65.0123
-65.0123
-65.0123
-65.0123
-65.0123
-65.0123
-65.0123
-65.0123
-65.0123
-65.0123
-65.0123
-65.0123
-65.0123
-65.0123
-65.0123
-65.0123
-65.0123
-65.0123
-65.0123
-65.0123
-65.0123
-65.0123
-65.0123
-65.0123
-65.0123
-65.0123
-65.0123
-65.0123
-65.0123
-65.0123
-65.0123
-65.0123
-65.0123
-65.0123
-65.0123
-65.0123
-65.0123
-65.0123
-65.0123
-65.0123
-65.0123
-65.0123
-65.0123
-65.0123
-65.0123
-65.0123
-65.0123
-65.0123
-65.0123
-65.0123
-65.0123
-65.0123
-65.0123
-65.0123
-65.0123
-65.0123
-65.0123
-65.0123
-65.0123
-65.0123
-65.0123
-65.0123
-65.0123
-65.0123
-65.0123
-65.0123
-65.0123
-64.8272
-64.6749
-64.5616
-64.4807
-64.4179
-64.3677
-64.3273
-64.2951
-64.2696
-64.2499
-64.2351
-64.2244
-64.2173
-64.2132
-64.2117
-64.2125
-64.2152
-64.2195
-64.2252
-64.2321
-64.2401
-64.2489
-64.2584
-64.2685
-64.2792
-64.2902
-64.3016
-64.3133
-64.3251
-64.3371
-64.3491
-64.3613
-64.3734
-64.3855
-64.2418
-63.879
-63.638
-63.4595
-63.3325
-63.2339
-63.1569
-63.0973
-63.052
-63.0187
-62.9955
-62.981
-62.9738
-62.9728
-62.9771
-62.9859
-62.9986
-63.0146
-63.0334
-62.8106
-62.5987
-62.3413
-61.7331
-61.2554
-60.8018
-60.3226
-59.8555
-59.0028
-58.2303
-57.4631
-56.7472
-56.0133
-55.4862
-55.0868
-54.6651
-54.214
-53.786
-53.1952
-52.7676
-52.3144
-51.9523
-51.651
-51.4128
-51.1649
-50.9517
-50.7818
-50.6567
-50.5665
-50.5046
-50.4415
-50.3934
-50.3187
-50.2512
-50.2179
-50.2109
-50.2256
-50.2577
-50.3058
-50.3632
-50.4003
-50.4608
-50.5382
-50.6317
-50.7382
-50.8565
-50.9858
-51.0895
-51.2015
-51.3297
-51.4339
-51.5487
-51.6804
-51.7647
-51.8504
-51.9533
-52.0225
-52.0858
-52.179
-52.2931
-52.4232
-52.5444
-52.5994
-52.6913
-52.8035
-52.9337
-53.0434
-53.0217
-52.9448
-52.8778
-52.7997
-52.7735
-52.7892
-52.8366
-52.8818
-52.7792
-52.6486
-52.5159
-52.4307
-52.3873
-52.2187
-51.8727
-51.4574
-51.0935
-50.7382
-50.349
-50.043
-49.5589
-48.9505
-48.3032
-47.6656
-47.0425
-46.3534
-45.4769
-44.3985
-42.7858
-39.4041
-16.3857
33.277
-13.1706
-43.0895
-56.7292
-60.2284
-61.142
-61.3661
-61.3046
-61.1705
-61.0223
-60.886
-60.7683
-60.6712
-60.5939
-60.5346
-60.4915
-60.4624
-60.4456
-60.4395
-60.4426
-60.4536
-60.4716
-60.4955
-60.5246
-60.5582
-60.5956
-60.6364
-60.6799
-60.7258
-60.7737
-60.8233
-60.8743
-60.9263
-60.9792
-61.0327
-61.0867
-61.141
-61.1954
-61.2499
-61.3042
-61.3583
-61.4122
-61.4657
-61.5187
-61.5712
-61.6232
-61.6746
-61.7253
-61.7753
-61.8246
-61.8732
-61.9211
-61.9681
-62.0144
-62.0599
-62.1046
-62.1485
-62.1916
-62.2339
-62.2753
-62.316
-62.3559
-62.3951
-62.4334
-62.471
-62.5078
-62.5439
-62.5792
-62.6138
-62.6477
-62.6809
-62.7134
-62.7452
-62.6921
-62.3399
-62.1115
-61.9457
-61.8341
-61.7121
-61.5083
-61.3514
-61.2383
-61.1292
-60.9655
-60.7155
-60.2627
-59.9079
-59.6543
-59.2001
-58.4221
-57.4261
-56.6338
-55.8438
-55.2086
-54.7363
-54.2792
-53.9328
-53.45
-52.9337
-52.5602
-52.2724
-52.0419
-51.831
-51.6043
-51.4453
-51.3333
-51.1876
-51.0443
-50.9362
-50.8054
-50.6913
-50.6188
-50.5815
-50.5414
-50.5123
-50.4574
-50.4362
-50.4248
-50.3596
-50.3265
-50.2523
-50.2246
-50.2255
-50.2523
-50.2969
-50.2877
-50.2336
-50.2223
-50.2421
-50.2876
-50.3516
-50.3706
-50.4034
-50.4463
-50.4493
-50.4839
-50.5082
-50.5625
-50.6378
-50.7317
-50.8405
-50.9627
-51.0968
-51.2417
-51.3966
-51.5609
-51.7336
-51.9133
-52.0992
-52.2902
-52.4858
-52.6854
-52.849
-52.9675
-53.0772
-53.1347
-52.9721
-52.7589
-52.5614
-52.4291
-52.3571
-52.1331
-51.8796
-51.6543
-51.4344
-51.2425
-51.0833
-50.941
-50.7435
-50.4166
-50.0177
-49.675
-49.3912
-49.0915
-48.671
-48.1991
-47.7383
-47.1884
-46.5714
-45.8703
-45.0165
-43.8097
-41.7394
-36.0676
34.5755
10.8932
-27.8617
-53.1251
-60.589
-62.483
-62.8836
-62.7261
-62.4096
-62.1034
-61.8325
-61.6011
-61.4057
-61.2431
-61.1099
-61.0023
-60.9169
-60.8507
-60.8013
-60.7662
-60.7437
-60.732
-60.7296
-60.7354
-60.7484
-60.7674
-60.7918
-60.8208
-60.8538
-60.8903
-60.9296
-60.9714
-61.0154
-61.0611
-61.1082
-61.1565
-61.2058
-61.2558
-61.3064
-61.3574
-61.4086
-61.46
-61.5113
-61.5626
-61.6136
-61.6643
-61.7147
-61.7646
-61.814
-61.8629
-61.9112
-61.9588
-62.0058
-62.0521
-62.0978
-62.1427
-62.1868
-62.2303
-62.2729
-62.3149
-62.356
-62.3964
-62.4361
-62.475
-62.5131
-62.5505
-62.5872
-62.6231
-62.6583
-62.6928
-62.7266
-62.7597
-62.7921
-62.8238
-62.8549
-62.8853
-62.9151
-62.9442
-62.9727
-63.0007
-63.028
-63.0547
-63.0809
-63.1065
-63.1315
-63.1561
-63.1801
-63.2036
-63.2266
-63.2491
-63.2711
-63.2926
-63.2663
-62.9816
-62.5438
-62.2332
-61.9313
-61.6274
-61.4054
-61.2373
-61.0804
-60.8317
-60.5828
-60.1749
-59.8007
-59.5333
-59.1898
-58.0148
-56.7958
-55.9138
-55.2814
-54.8056
-54.3384
-53.9863
-53.5808
-53.2685
-52.9891
-52.7451
-52.5646
-52.4374
-52.3539
-52.305
-52.2853
-52.1793
-51.9428
-51.715
-51.4844
-51.2207
-51.0194
-50.882
-50.7582
-50.6774
-50.6296
-50.6107
-50.6156
-50.6413
-50.6689
-50.6557
-50.6159
-50.5647
-50.559
-50.5835
-50.6327
-50.6698
-50.6977
-50.7034
-50.726
-50.7557
-50.8156
-50.8962
-50.9948
-51.108
-51.2042
-51.3063
-51.4273
-51.5638
-51.7125
-51.8708
-52.0375
-52.2114
-52.3917
-52.5778
-52.7688
-52.9634
-53.161
-53.3608
-53.5623
-53.765
-53.9683
-54.164
-54.2775
-54.3491
-54.3865
-54.3389
-54.3281
-54.3404
-54.3672
-54.4277
-54.5102
-54.6099
-54.7224
-54.845
-54.9456
-55.0406
-55.153
-55.2653
-55.2731
-55.2996
-55.193
-55.0019
-54.6837
-54.2887
-53.9145
-53.4926
-53.1252
-52.7806
-52.3532
-51.979
-51.5467
-51.0239
-50.4413
-49.9947
-49.6386
-49.2895
-48.9867
-48.6852
-48.33

