-70
-70.0758
-70.1508
-70.225
-70.2983
-70.3706
-70.4419
-70.5122
-70.5814
-70.6496
-70.7168
-70.7829
-70.848
-70.9121
-70.9752
-71.0373
-71.0984
-71.1586
-71.2178
-71.2761
-71.3334
-71.3899
-71.4455
-71.5003
-71.5543
-71.6074
-71.6598
-71.7114
-71.7623
-71.8124
-71.8619
-71.9106
-71.9587
-72.006
-72.0527
-72.0988
-72.1442
-72.1889
-72.2331
-72.2766
-72.3196
-72.362
-72.4038
-72.445
-72.4857
-72.5258
-72.5654
-72.6045
-72.6431
-72.6812
-72.7188
-72.756
-72.7927
-72.8289
-72.8647
-72.9
-72.9349
-72.9694
-73.0035
-73.0371
-73.0704
-73.1032
-73.1357
-73.1678
-73.1994
-73.2307
-73.2617
-73.2922
-73.3224
-73.3523
-73.3817
-73.4109
-73.4397
-73.4682
-73.4963
-73.5241
-73.5516
-73.5788
-73.6057
-73.6323
-73.6585
-73.6845
-73.7102
-73.7356
-73.7608
-73.7857
-73.8103
-73.8346
-73.8587
-73.8825
-73.9061
-73.9294
-73.9524
-73.9753
-73.9979
-74.0202
-74.0423
-74.0642
-74.0859
-74.1073
-74.1285
-74.1495
-74.1703
-74.1909
-74.2112
-74.2313
-74.2513
-74.271
-74.2905
-74.3098
-74.329
-74.3479
-74.3666
-74.3852
-74.4036
-74.4217
-74.4397
-74.4575
-74.4752
-74.4926
-74.5099
-74.527
-74.544
-74.5607
-74.5774
-74.5938
-74.6101
-74.6262
-74.6422
-74.658
-74.6736
-74.6891
-74.7045
-74.7197
-74.7347
-74.7496
-74.7644
-74.779
-74.7935
-74.8079
-74.8221
-74.8362
-74.8501
-74.864
-74.8777
-74.8913
-74.9047
-74.918
-74.9313
-74.9443
-74.9573
-74.9701
-74.9829
-74.9955
-75.008
-75.0204
-75.0327
-75.0448
-75.0569
-75.0688
-75.0806
-75.0924
-75.104
-75.1155
-75.1269
-75.1382
-75.1495
-75.1606
-75.1716
-75.1825
-75.1933
-75.204
-75.2147
-75.2252
-75.2356
-75.246
-75.2562
-75.2664
-75.2764
-75.2864
-75.2963
-75.3061
-75.3158
-75.3255
-75.335
-75.3445
-75.3538
-75.3631
-75.3724
-75.3815
-75.3906
-75.3995
-75.4084
-75.4172
-75.426
-75.4346
-75.4432
-75.4518
-75.4602
-75.4686
-75.4769
-75.4851
-75.4932
-75.5013
-75.5093
-75.5173
-75.5251
-75.533
-75.5407
-75.5484
-75.556
-75.5635
-75.571
-75.5784
-75.5858
-75.593
-75.6003
-75.6074
-75.6145
-75.6216
-75.6285
-75.6355
-75.6423
-75.6491
-75.6559
-75.6626
-75.6692
-75.6758
-75.6823
-75.6888
-75.6952
-75.7015
-75.7078
-75.7141
-75.7203
-75.7264
-75.7325
-75.7386
-75.7446
-75.7505
-75.7564
-75.7622
-75.768
-75.7738
-75.7795
-75.7851
-75.7907
-75.7963
-75.8018
-75.8072
-75.8127
-75.818
-75.8234
-75.8287
-75.8339
-75.8391
-75.8443
-75.8494
-75.8545
-75.8595
-75.8645
-75.8695
-75.8744
-75.8793
-75.8841
-75.8889
-75.8937
-75.8984
-75.9031
-75.9077
-75.9123
-75.9169
-75.9214
-75.9259
-75.9304
-75.9348
-75.9392
-75.9436
-75.9479
-75.9522
-75.9565
-75.9607
-75.9649
-75.969
-75.9731
-75.9772
-75.9813
-75.9853
-75.9893
-75.9933
-75.9972
-76.0011
-76.005
-76.0088
-76.0126
-76.0164
-76.0201
-76.0239
-76.0275
-76.0312
-76.0348
-76.0384
-76.042
-76.0456
-76.0491
-76.0526
-76.056
-76.0595
-76.0629
-76.0663
-76.0696
-76.0729
-76.0762
-76.0795
-76.0828
-76.086
-76.0892
-76.0924
-76.0955
-76.0986
-76.1017
-76.1048
-76.1079
-76.1109
-76.1139
-76.1169
-76.1198
-76.1228
-76.1257
-76.1286
-76.1314
-76.1343
-76.1371
-76.1399
-76.1427
-76.1455
-76.1482
-76.1509
-76.1536
-76.1563
-76.1589
-76.1615
-76.1642
-76.1667
-76.1693
-76.1719
-76.1744
-76.1769
-76.1794
-76.1819
-76.1843
-76.1868
-76.1892
-76.1916
-76.1939
-76.1963
-76.1986
-76.201
-76.2033
-76.2056
-76.2078
-76.2101
-76.2123
-76.2145
-76.2167
-76.2189
-76.2211
-76.2232
-76.2254
-76.2275
-76.2296
-76.2317
-76.2337
-76.2358
-76.2378
-76.2398
-76.2418
-76.2438
-76.2458
-76.2478
-76.2497
-76.2516
-76.2536
-76.2554
-76.2573
-76.2592
-76.2611
-76.2629
-76.2647
-76.2665
-76.2683
-76.2701
-76.2719
-76.2737
-76.2754
-76.2771
-76.2788
-76.2806
-76.2822
-76.2839
-76.2856
-76.2872
-76.2889
-76.2905
-76.2921
-76.2937
-76.2953
-76.2969
-76.2985
-76.3
-76.3016
-76.3031
-76.3046
-76.3061
-76.3076
-76.3091
-76.3106
-76.312
-76.3135
-76.3149
-76.3164
-76.3178
-76.3192
-76.3206
-76.322
-76.3233
-76.3247
-76.3261
-76.3274
-76.3287
-76.33
-76.3314
-76.3327
-76.334
-76.3352
-76.3365
-76.3378
-76.339
-76.3403
-76.3415
-76.3427
-76.3439
-76.3452
-76.3464
-76.3475
-76.3487
-76.3499
-76.351
-76.3522
-76.3533
-76.3545
-76.3556
-76.3567
-76.3578
-76.3589
-76.36
-76.3611
-76.3622
-76.3632
-76.3643
-76.3654
-76.3664
-76.3674
-76.3685
-76.3695
-76.3705
-76.3715
-76.3725
-76.3735
-76.3745
-76.3754
-76.3764
-76.3774
-76.3783
-76.3793
-76.3802
-76.3811
-76.382
-76.383
-76.3839
-76.3848
-76.3857
-76.3866
-76.3874
-76.3883
-76.3892
-76.39
-76.3909
-76.3917
-76.3926
-76.3934
-76.3943
-76.3951
-76.3959
-76.3967
-76.3975
-76.3983
-76.3991
-76.3999
-76.4007
-76.4014
-76.4022
-76.403
-76.4037
-76.4045
-76.4052
-76.406
-75.6444
-71.3632
-67.6824
-64.9095
-62.7487
-60.9504
-59.2505
-57.2008
-52.8624
43.9501
-9.03746
-40.2725
-78.4855
-78.8854
-78.7339
-78.5814
-78.4154
-78.2354
-78.042
-77.8357
-77.6179
-75.8395
-73.8578
-72.6306
-71.764
-71.0691
-70.4704
-69.9358
-69.4506
-69.0079
-68.6046
-68.2388
-67.9093
-67.6151
-67.3553
-67.1285
-66.9332
-66.7681
-66.6315
-64.4863
-61.8556
-59.7037
-57.6285
-54.6572
-33.9788
7.49483
-28.7423
-74.1557
-79.5416
-79.569
-79.5172
-79.4575
-79.392
-79.3206
-79.2436
-79.1612
-79.0739
-78.9823
-78.8874
-78.79
-78.6911
-78.5918
-78.4932
-78.3962
-78.3018
-78.2107
-78.1234
-78.0406
-77.9625
-77.8894
-77.8212
-77.7581
-77.6998
-77.6463
-77.5972
-77.5524
-77.5116
-77.4744
-77.4406
-77.4099
-76.2058
-71.7511
-68.0648
-65.285
-63.1242
-61.3463
-59.7154
-57.888
-54.7908
-0.489621
4.35043
-30.2753
-75.8093
-79.0829
-79.0048
-78.8837
-78.7502
-78.6046
-78.4473
-78.2009
-77.924
-77.6994
-77.4906
-77.2855
-77.082
-76.8807
-76.6829
-76.4903
-76.3045
-76.1269
-75.9585
-75.8003
-75.6529
-75.5166
-75.3916
-75.2777
-75.1747
-75.0823
-74.9998
-74.9268
-74.8626
-74.8067
-74.7583
-74.7168
-74.6817
-74.6522
-74.628
-74.6083
-74.5929
-74.5811
-74.5727
-74.5672
-74.5643
-74.5637
-74.5652
-74.5684
-74.5731
-74.5792
-74.5865
-74.5948
-74.604
-74.614
-74.6246
-74.6358
-74.6474
-74.6595
-74.6718
-74.6845
-74.6974
-74.7104
-74.7236
-74.737
-74.7504
-74.7638
-74.7773
-74.7908
-74.8043
-74.8178
-74.8312
-74.8447
-74.858
-74.8713
-74.8846
-74.8977
-74.9108
-74.9238
-74.9367
-74.9496
-74.9623
-74.9749
-74.9875
-74.9999
-75.0123
-75.0245
-75.0367
-75.0487
-75.0607
-75.0726
-75.0843
-75.096
-75.1075
-71.9447
-68.0549
-65.0934
-62.8086
-60.9288
-59.1718
-57.0664
-52.532
42.7178
-10.4107
-41.8852
-78.7224
-78.8685
-78.6743
-78.5142
-78.3412
-78.1539
-77.9528
-77.7388
-77.513
-76.8111
-74.3706
-72.6655
-71.5506
-70.7123
-70.0239
-69.4296
-68.9029
-68.4306
-67.2734
-64.8616
-62.916
-61.398
-60.1028
-58.8492
-57.384
-54.999
-43.3446
14.7713
-25.4245
-69.9528
-78.8186
-78.7803
-78.636
-78.4757
-78.3016
-78.1142
-77.9141
-77.7025
-77.4808
-77.2512
-77.0157
-76.7769
-76.5373
-76.2998
-76.0666
-75.8402
-75.6226
-75.4155
-75.2202
-75.0378
-74.8688
-74.7136
-74.5723
-74.4445
-74.33
-74.2281
-74.1383
-74.0598
-73.9918
-73.9335
-73.8841
-73.8429
-73.809
-73.9
-74.0935
-74.2535
-74.3817
-74.4861
-71.5442
-68.0495
-65.5311
-63.6938
-62.2904
-61.1466
-60.1269
-59.0987
-57.8637
-55.8934
-49.1621
28.1593
-19.2494
-57.5204
-78.9611
-79.0922
-78.9853
-78.8632
-78.7297
-78.5851
-78.4296
-77.7786
-75.5249
-74.1234
-73.255
-72.5905
-72.0199
-71.5028
-71.0238
-70.5771
-70.1609
-69.7751
-69.42
-69.0959
-68.8028
-68.5405
-68.3085
-68.1058
-67.9313
-67.7837
-67.6616
-67.5634
-67.4874
-67.432
-67.3953
-67.3759
-67.3719
-67.382
-67.4046
-67.4384
-67.482
-67.5343
-67.594
-67.6602
-67.732
-67.8084
-67.8887
-67.9723
-68.0585
-68.1468
-68.2367
-68.3278
-68.4198
-68.5123
-68.6051
-68.6978
-68.7903
-68.8823
-68.9737
-69.0644
-69.1542
-69.2431
-69.3309
-69.4178
-69.5036
-69.5882
-69.6717
-69.7541
-69.8352
-69.9152
-69.9939
-70.0714
-70.1476
-70.2227
-70.2965
-70.3692
-70.4408
-70.5111
-70.5804
-70.6486
-70.7158
-70.7819
-70.8469
-70.9109
-70.9739
-71.036
-71.097
-71.1571
-71.2163
-71.2745
-71.3318
-71.3883
-71.4439
-71.4986
-71.5526
-71.6057
-71.6581
-71.7097
-71.7606
-71.8107
-71.8602
-71.9089
-71.957
-72.0044
-72.0511
-72.0971
-72.1425
-72.1873
-72.2315
-72.2751
-72.318
-72.3604
-71.4036
-67.6812
-64.5958
-62.2329
-60.2831
-58.4077
-55.9468
-48.0603
24.8312
-20.778
-61.3684
-79.5126
-78.8267
-78.4509
-78.2539
-78.0542
-77.8402
-77.6118
-77.3703
-77.1172
-76.8548
-74.9214
-72.6157
-71.0947
-70.0129
-69.1705
-68.4751
-67.8808
-67.3633
-66.9084
-65.6041
-63.2834
-61.4018
-59.8322
-58.3008
-56.3575
-51.9796
42.212
-12.0855
-43.9635
-78.9171
-79.6451
-79.617
-79.5694
-79.5162
-79.458
-79.3948
-78.9589
-76.1246
-74.3679
-73.3424
-72.5989
-71.9833
-71.4379
-70.9394
-70.4785
-70.0515
-69.6572
-69.2953
-68.9656
-68.6679
-68.4019
-68.1669
-67.9617
-67.7854
-67.6654
-68.2911
-68.9432
-69.4518
-69.853
-70.1748
-70.437
-70.6541
-70.8364
-70.9917
-71.1259
-71.2432
-71.3472
-71.4403
-71.5247
-71.602
-71.6734
-71.74
-71.8026
-71.8619
-71.9183
-71.9723
-70.6946
-67.0762
-64.1734
-61.95
-60.1058
-58.3183
-55.9733
-48.9944
27.6262
-19.6366
-58.5635
-79.377
-78.7693
-78.4776
-78.2919
-78.0968
-77.8873
-77.6636
-77.4269
-77.1788
-76.8212
-74.342
-72.3434
-71.0367

