-70
-70.0758
-70.1508
-70.225
-70.2983
-70.3706
-70.4419
-70.5122
-70.5814
-70.6496
-70.7168
-70.7829
-70.848
-70.9121
-70.9752
-71.0373
-71.0984
-71.1586
-71.2178
-71.2761
-71.3334
-71.3899
-71.4455
-71.5003
-71.5543
-71.6074
-71.6598
-71.7114
-71.7623
-71.8124
-71.8619
-71.9106
-71.9587
-72.006
-72.0527
-72.0988
-72.1442
-72.1889
-72.2331
-72.2766
-72.3196
-72.362
-72.4038
-72.445
-72.4857
-72.5258
-72.5654
-72.6045
-72.6431
-72.6812
-72.7188
-72.756
-72.7927
-72.8289
-72.8647
-72.9
-72.9349
-72.9694
-73.0035
-73.0371
-73.0704
-73.1032
-73.1357
-73.1678
-73.1994
-73.2307
-73.2617
-73.2922
-73.3224
-73.3523
-73.3817
-73.4109
-73.4397
-73.4682
-73.4963
-73.5241
-73.5516
-73.5788
-73.6057
-73.6323
-73.6585
-73.6845
-73.7102
-73.7356
-73.7608
-73.7857
-73.8103
-73.8346
-73.8587
-73.8825
-73.9061
-73.9294
-73.9524
-73.9753
-73.9979
-74.0202
-74.0423
-74.0642
-74.0859
-74.1073
-74.1285
-74.1495
-74.1703
-74.1909
-74.2112
-74.2313
-74.2513
-74.271
-74.2905
-74.3098
-74.329
-74.3479
-74.3666
-74.3852
-74.4036
-74.4217
-74.4397
-74.4575
-74.4752
-74.4926
-74.5099
-74.527
-74.544
-74.5607
-74.5774
-74.5938
-74.6101
-74.6262
-74.6422
-74.658
-74.6736
-74.6891
-74.7045
-74.7197
-74.7347
-74.7496
-74.7644
-74.779
-74.7935
-74.8079
-74.8221
-74.8362
-74.8501
-74.864
-74.8777
-74.8913
-74.9047
-74.918
-74.9313
-74.9443
-74.9573
-74.9701
-74.9829
-74.9955
-75.008
-75.0204
-75.0327
-75.0448
-75.0569
-75.0688
-75.0806
-75.0924
-75.104
-75.1155
-75.1269
-75.1382
-75.1495
-75.1606
-75.1716
-75.1825
-75.1933
-75.204
-75.2147
-75.2252
-75.2356
-75.246
-75.2562
-75.2664
-75.2764
-75.2864
-75.2963
-75.3061
-75.3158
-75.3255
-75.335
-75.3445
-75.3538
-75.3631
-75.3724
-75.3815
-75.3906
-75.3995
-75.4084
-75.4172
-75.426
-75.4346
-75.4432
-75.4518
-75.4602
-75.4686
-75.4769
-75.4851
-75.4932
-75.5013
-75.5093
-75.5173
-75.5251
-75.533
-75.5407
-75.5484
-75.556
-75.5635
-75.571
-75.5784
-75.5858
-75.593
-75.6003
-75.6074
-75.6145
-75.6216
-75.6285
-75.6355
-75.6423
-75.6491
-75.6559
-75.6626
-75.6692
-75.6758
-75.6823
-75.6888
-75.6952
-75.7015
-75.7078
-75.7141
-75.7203
-75.7264
-75.7325
-75.7386
-75.7446
-75.7505
-75.7564
-75.7622
-75.768
-75.7738
-75.7795
-75.7851
-75.7907
-75.7963
-75.8018
-75.8072
-75.8127
-75.818
-75.8234
-75.8287
-75.8339
-75.8391
-75.8443
-75.8494
-75.8545
-75.8595
-75.8645
-75.8695
-75.8744
-75.8793
-75.8841
-75.8889
-75.8937
-75.8984
-75.9031
-75.9077
-75.9123
-75.9169
-75.9214
-75.9259
-75.9304
-75.9348
-75.9392
-75.9436
-75.9479
-75.9522
-75.9565
-75.9607
-75.9649
-75.969
-75.9731
-75.9772
-75.9813
-75.9853
-75.9893
-75.9933
-75.9972
-76.0011
-76.005
-76.0088
-76.0126
-76.0164
-76.0201
-76.0239
-76.0275
-76.0312
-76.0348
-76.0384
-76.042
-76.0456
-76.0491
-76.0526
-76.056
-76.0595
-76.0629
-76.0663
-76.0696
-76.0729
-76.0762
-76.0795
-76.0828
-76.086
-76.0892
-76.0924
-76.0955
-76.0986
-76.1017
-76.1048
-76.1079
-76.1109
-76.1139
-76.1169
-76.1198
-76.1228
-76.1257
-76.1286
-76.1314
-76.1343
-76.1371
-76.1399
-76.1427
-76.1455
-76.1482
-76.1509
-76.1536
-76.1563
-76.1589
-76.1615
-76.1642
-76.1667
-76.1693
-76.1719
-76.1744
-76.1769
-76.1794
-76.1819
-76.1843
-76.1868
-76.1892
-76.1916
-76.1939
-76.1963
-76.1986
-76.201
-76.2033
-76.2056
-76.2078
-76.2101
-76.2123
-76.2145
-76.2167
-76.2189
-76.2211
-76.2232
-76.2254
-76.2275
-76.2296
-76.2317
-76.2337
-76.2358
-76.2378
-76.2398
-76.2418
-76.2438
-76.2458
-76.2478
-76.2497
-76.2516
-76.2536
-76.2554
-76.2573
-76.2592
-76.2611
-76.2629
-76.2647
-76.2665
-76.2683
-76.2701
-76.2719
-76.2737
-76.2754
-76.2771
-76.2788
-76.2806
-76.2822
-76.2839
-76.2856
-76.2872
-76.2889
-76.2905
-76.2921
-76.2937
-76.2953
-76.2969
-76.2985
-76.3
-76.3016
-76.3031
-76.3046
-76.3061
-76.3076
-76.3091
-76.3106
-76.312
-76.3135
-76.3149
-76.3164
-76.3178
-76.3192
-76.3206
-76.322
-76.3233
-76.3247
-76.3261
-76.3274
-76.3287
-76.33
-76.3314
-76.3327
-76.334
-76.3352
-76.3365
-76.3378
-76.339
-76.3403
-76.3415
-76.3427
-76.3439
-76.3452
-76.3464
-76.3475
-76.3487
-76.3499
-76.351
-76.3522
-76.3533
-76.3545
-76.3556
-76.3567
-76.3578
-76.3589
-76.36
-76.3611
-76.3622
-76.3632
-76.3643
-76.3654
-76.3664
-76.3674
-76.3685
-76.3695
-76.3705
-76.3715
-76.3725
-76.3735
-76.3745
-76.3754
-76.3764
-76.3774
-76.3783
-76.3793
-76.3802
-76.3811
-76.382
-76.383
-76.3839
-76.3848
-76.3857
-76.3866
-76.3874
-76.3883
-76.3892
-76.39
-76.3909
-76.3917
-76.3926
-76.3934
-76.3943
-76.3951
-76.3959
-76.3967
-76.3975
-76.3983
-76.3991
-76.3999
-76.4007
-76.4014
-76.4022
-76.403
-76.4037
-76.4045
-76.4052
-76.406
-76.4067
-76.4074
-76.4082
-76.4089
-76.4096
-76.4103
-76.411
-76.4117
-76.4124
-76.4131
-76.4137
-76.4144
-76.4151
-76.4158
-76.4164
-76.4171
-76.4177
-76.4184
-76.419
-76.4196
-76.4203
-76.4209
-76.4215
-76.4221
-76.4227
-76.4234
-76.424
-76.4246
-76.4251
-76.4257
-76.4263
-76.4269
-76.4275
-76.428
-76.4286
-76.4292
-76.4256
-76.3842
-76.3361
-76.2743
-76.228
-76.1946
-76.1701
-76.1519
-76.1382
-76.1279
-76.12
-76.1141
-76.1096
-76.1064
-76.104
-76.1025
-76.1016
-76.1012
-76.1013
-76.1017
-76.1025
-76.1035
-76.1047
-76.1062
-76.1078
-76.1096
-76.1114
-76.1134
-76.1155
-76.1177
-76.1199
-76.1222
-76.1246
-76.127
-76.1294
-76.1319
-76.1343
-76.1368
-76.1394
-76.1419
-76.1444
-76.147
-76.1495
-76.1521
-76.1546
-76.1571
-76.1597
-76.1622
-76.1647
-76.1672
-76.1697
-76.1722
-76.1747
-76.1771
-76.1796
-76.182
-76.1844
-76.1868
-76.1892
-76.1916
-76.1939
-76.1963
-76.1986
-76.2009
-76.2032
-76.2055
-76.2077
-76.21
-76.2122
-76.2144
-76.1994
-76.1822
-76.1687
-76.1583
-76.1396
-76.121
-76.1073
-76.0973
-76.0899
-76.0807
-76.0691
-76.0608
-76.0551
-76.0512
-76.0486
-76.0471
-76.0463
-76.0461
-76.0463
-76.0469
-76.0479
-76.0491
-76.0505
-76.0521
-76.0539
-76.0559
-76.0579
-76.0601
-76.0623
-76.0647
-76.0671
-76.0696
-76.0722
-76.0748
-76.0774
-76.0801
-76.0829
-76.0856
-76.0884
-76.0912
-76.094
-76.0968
-76.0997
-76.1025
-76.1053
-76.1082
-76.111
-76.1139
-76.1167
-76.1195
-76.1223
-76.1251
-76.1279
-76.1307
-76.1335
-76.1363
-76.139
-76.1417
-76.1445
-76.1472
-76.1498
-76.1525
-76.1552
-76.1578
-76.1604
-76.163
-76.1656
-76.1681
-76.1707
-76.1732
-76.1757
-76.1782
-76.1807
-76.1831
-76.1856
-76.188
-76.1904
-76.1928
-76.1951
-76.1975
-76.1998
-76.2021
-76.2044
-76.2067
-76.2089
-76.2112
-76.2134
-76.2156
-76.2178
-76.22
-76.2221
-76.2243
-76.2264
-76.2285
-76.2306
-76.2327
-76.2347
-76.2368
-76.2388
-76.2408
-76.2428
-76.2448
-76.2468
-76.2487
-76.2506
-76.2526
-76.2545
-76.2564
-76.2582
-76.2601
-76.2511
-76.2284
-76.2097
-76.1951
-76.1708
-76.1469
-76.1292
-76.1162
-76.1066
-76.0994
-76.0941
-76.0902
-76.0875
-76.0856
-76.0845
-76.0839
-76.0839
-76.0842
-76.0849
-76.0859
-76.0871
-76.0885
-76.0902
-76.0919
-76.0938
-76.0959
-76.098
-76.1002
-76.1025
-76.1049
-76.1073
-76.1097
-76.1122
-76.1148
-76.1173
-76.1199
-76.1225
-76.1251
-76.1278
-76.1304
-76.1331
-76.1357
-76.1384
-76.141
-76.1436
-76.1463
-76.1489
-76.1515
-76.1541
-76.1567
-76.1593
-76.1619
-76.1644
-76.1669
-76.1695
-76.172
-76.1745
-76.177
-76.1794
-76.1819
-76.1843
-76.1867
-76.1891
-76.1915
-76.1939
-76.1962
-76.1986
-76.2009
-76.2032
-76.2054
-76.2077
-76.21
-76.2122
-76.2144
-76.2166
-76.2188
-76.2101
-76.1924
-76.178
-76.1668
-76.1581
-76.1514
-76.1461
-76.1376
-76.1223
-76.1102
-76.1012
-76.0876
-76.0749
-76.066
-76.0598
-76.0555
-76.0527
-76.0509
-76.0499
-76.0495
-76.0496
-76.0501
-76.0509
-76.052
-76.0534
-76.055
-76.0567
-76.0586
-76.0606
-76.0627
-76.065
-76.0673
-76.0697
-76.0722
-76.0747
-76.0773
-76.0799
-76.0826
-76.0853
-76.0881
-76.0908
-76.0936
-76.0964
-76.0992
-76.102
-76.1048
-76.1077
-76.1105
-76.1133
-76.1161
-76.119
-76.1218
-76.1246
-76.1274
-76.1302
-76.1329
-76.1357
-76.1384
-76.1412
-76.1439
-76.1466
-76.1493
-76.1519
-76.1546
-76.1572
-76.1598
-76.1624
-76.165
-76.1676
-76.1701
-76.1727
-76.1752
-76.1777
-76.1801
-76.1826
-76.185
-76.1874
-76.1898
-76.1922
-76.1946
-76.197
-76.1993
-76.2016
-76.2039
-76.2062
-76.2084
-76.2107
-76.2129
-76.2151
-76.2173
-76.2195
-76.2216
-76.2238
-76.2259
-76.228
-76.2301
-76.2322
-76.2343
-76.2363
-76.2383
-76.2404
-76.2424
-76.2443
-76.2463
-76.2483
-76.2502
-76.2521
-76.254
-76.2559
-76.2578
-76.2597
-76.2615
-76.2634
-76.2652
-76.267
-76.2688
-76.2706
-76.2724
-76.2741
-76.2759
-76.2776
-76.2793
-76.281
-76.2827
-76.2844
-76.286
-76.2757
-76.2506
-76.2298
-76.2135
-76.2
-76.1736
-76.1508
-76.1339
-76.1213
-76.1119
-76.1049
-76.0996
-76.0958
-76.0931
-76.0912
-76.09
-76.0895
-76.0894
-76.0897
-76.0904
-76.0913
-76.0925
-76.0939
-76.0955
-76.0973
-76.0991
-76.1011
-76.1033
-76.1054
-76.1077
-76.11
-76.1124
-76.1149
-76.1173
-76.1198
-76.1224
-76.1249
-76.1275
-76.1301
-76.1327
-76.1353
-76.1379
-76.1405
-76.1432
-76.1458
-76.1484
-76.151
-76.1536
-76.1561
-76.1587
-76.1613
-76.1638
-76.1664
-76.1689
-76.1714
-76.1739
-76.1764
-76.1788
-76.1813
-76.1837
-76.1861
-76.1885
-76.1909
-76.1933
-76.1956
-76.198
-76.2003
-76.2026
-76.2049
-76.2071
-76.2094
-76.2116
-76.2138
-76.216
-76.2182

