-70
-69.8623
-69.7285
-69.5983
-69.4718
-69.3487
-69.2291
-69.1128
-68.9997
-68.8897
-68.7828
-68.6789
-68.5778
-68.4795
-68.3839
-68.291
-68.2007
-68.1128
-68.0274
-67.9443
-67.8636
-67.7851
-67.7087
-67.6345
-67.5623
-67.4921
-67.4238
-67.3574
-67.2929
-67.2301
-67.1691
-67.1098
-67.0521
-66.996
-66.9414
-66.8884
-66.8368
-66.7866
-66.7378
-66.6904
-66.6443
-66.5994
-66.5558
-66.5133
-66.4721
-66.432
-66.393
-66.355
-66.3181
-66.2823
-66.2474
-66.2134
-66.1805
-66.1484
-66.1172
-66.0868
-66.0573
-66.0286
-66.0007
-65.9736
-65.9472
-65.9215
-65.8966
-65.8723
-65.8487
-65.8257
-65.8034
-65.7817
-65.7606
-65.74
-65.72
-65.7006
-65.6817
-65.6633
-65.6455
-65.6281
-65.6112
-65.5948
-65.5788
-65.5632
-65.5481
-65.5334
-65.5191
-65.5052
-65.4917
-65.4785
-65.4657
-65.4533
-65.4412
-65.4294
-65.418
-65.4068
-65.396
-65.3855
-65.3752
-65.3653
-65.3556
-65.3462
-65.337
-65.3281
-65.3194
-65.311
-65.3028
-65.2948
-65.2871
-65.2795
-65.2722
-65.2651
-65.2581
-65.2514
-65.2448
-65.2385
-65.2322
-65.2262
-65.2203
-65.2146
-65.2091
-65.2037
-65.1984
-65.1933
-65.1884
-65.1835
-65.1788
-65.1743
-65.1698
-65.1655
-65.1613
-65.1572
-65.1532
-65.1493
-65.1456
-65.1419
-65.1384
-65.1349
-65.1315
-65.1283
-65.1251
-65.122
-65.119
-65.1161
-65.1132
-65.1104
-65.1077
-65.1051
-65.1026
-65.1001
-65.0977
-65.0953
-65.0931
-65.0908
-65.0887
-65.0866
-65.0845
-65.0826
-65.0806
-65.0788
-65.0769
-65.0752
-65.0734
-65.0718
-65.0701
-65.0685
-65.067
-65.0655
-65.064
-65.0626
-65.0612
-65.0599
-65.0586
-65.0573
-65.0561
-65.0549
-65.0537
-65.0526
-65.0514
-65.0504
-65.0493
-65.0483
-65.0473
-65.0464
-65.0454
-65.0445
-65.0436
-65.0428
-65.0419
-65.0411
-65.0403
-65.0395
-65.0388
-65.0381
-65.0374
-65.0367
-65.036
-65.0353
-65.0347
-65.0341
-65.0335
-65.0329
-65.0323
-65.0318
-65.0313
-65.0307
-65.0302
-65.0297
-65.0293
-65.0288
-65.0283
-65.0279
-65.0275
-65.027
-65.0266
-65.0262
-65.0259
-65.0255
-65.0251
-65.0248
-65.0244
-65.0241
-65.0238
-65.0234
-65.0231
-65.0228
-65.0225
-65.0223
-65.022
-65.0217
-65.0215
-65.0212
-65.021
-65.0207
-65.0205
-65.0203
-65.02
-65.0198
-65.0196
-65.0194
-65.0192
-65.019
-65.0188
-65.0187
-65.0185
-65.0183
-65.0181
-65.018
-65.0178
-65.0177
-65.0175
-65.0174
-65.0172
-65.0171
-65.017
-65.0168
-65.0167
-65.0166
-65.0165
-65.0163
-65.0162
-65.0161
-65.016
-65.0159
-65.0158
-65.0157
-65.0156
-65.0155
-65.0154
-65.0153
-65.0153
-65.0152
-65.0151
-65.015
-65.0149
-65.0149
-65.0148
-65.0147
-65.0147
-65.0146
-65.0145
-65.0145
-65.0144
-65.0143
-65.0143
-65.0142
-65.0142
-65.0141
-65.0141
-65.014
-65.014
-65.0139
-65.0139
-65.0138
-65.0138
-65.0137
-65.0137
-65.0137
-65.0136
-65.0136
-65.0135
-65.0135
-65.0135
-65.0134
-65.0134
-65.0134
-65.0133
-65.0133
-65.0133
-65.0133
-65.0132
-65.0132
-65.0132
-65.0131
-65.0131
-65.0131
-65.0131
-65.0131
-65.013
-65.013
-65.013
-65.013
-65.0129
-65.0129
-65.0129
-65.0129
-65.0129
-65.0129
-65.0128
-65.0128
-65.0128
-65.0128
-65.0128
-65.0128
-65.0127
-65.0127
-65.0127
-65.0127
-65.0127
-65.0127
-65.0127
-65.0127
-65.0126
-65.0126
-65.0126
-65.0126
-65.0126
-65.0126
-65.0126
-65.0126
-65.0126
-65.0126
-65.0125
-65.0125
-65.0125
-65.0125
-65.0125
-65.0125
-65.0125
-65.0125
-65.0125
-65.0125
-65.0125
-65.0125
-65.0125
-65.0124
-65.0124
-65.0124
-65.0124
-65.0124
-65.0124
-65.0124
-65.0124
-65.0124
-65.0124
-65.0124
-65.0124
-65.0124
-65.0124
-65.0124
-65.0124
-65.0124
-65.0124
-65.0124
-65.0124
-65.0124
-65.0124
-65.0124
-65.0123
-65.0123
-65.0123
-65.0123
-65.0123
-65.0123
-65.0123
-65.0123
-65.0123
-65.0123
-65.0123
-65.0123
-65.0123
-65.0123
-65.0123
-65.0123
-65.0123
-65.0123
-65.0123
-65.0123
-65.0123
-65.0123
-65.0123
-65.0123
-65.0123
-65.0123
-65.0123
-65.0123
-65.0123
-65.0123
-65.0123
-65.0123
-65.0123
-65.0123
-65.0123
-65.0123
-65.0123
-65.0123
-65.0123
-65.0123
-65.0123
-65.0123
-65.0123
-65.0123
-65.0123
-65.0123
-65.0123
-65.0123
-65.0123
-65.0123
-65.0123
-65.0123
-65.0123
-65.0123
-65.0123
-65.0123
-65.0123
-65.0123
-65.0123
-65.0123
-65.0123
-65.0123
-65.0123
-65.0123
-65.0123
-65.0123
-65.0123
-65.0123
-65.0123
-65.0123
-65.0123
-65.0123
-65.0123
-65.0123
-64.7657
-64.5631
-64.4124
-64.305
-64.2215
-64.1548
-64.1013
-64.0585
-64.0247
-63.9986
-63.9789
-63.9648
-63.9553
-63.9499
-63.9479
-63.9489
-63.9525
-63.9582
-63.9658
-63.975
-63.9855
-63.9972
-64.0098
-64.0233
-64.0374
-64.052
-64.0671
-64.0826
-64.0983
-64.1142
-64.1302
-64.1463
-64.1624
-64.1784
-64.1686
-64.1219
-64.0952
-64.0788
-64.0709
-64.0676
-64.0678
-64.0707
-64.0759
-64.0829
-64.0915
-64.1013
-64.1121
-64.1237
-64.1361
-64.1154
-64.0689
-64.0411
-63.9791
-63.728
-63.5214
-63.2555
-62.2898
-61.5928
-60.9754
-60.2991
-59.6834
-58.8085
-58.0759
-57.1635
-56.4632
-55.8929
-55.4704
-55.1453
-54.693
-54.1627
-53.6494
-53.1225
-52.7083
-52.3086
-51.9899
-51.7486
-51.5208
-51.3011
-51.1051
-50.9421
-50.756
-50.6067
-50.4514
-50.3361
-50.2421
-50.048
-49.9003
-49.791
-49.7165
-49.6654
-49.6334
-49.6182
-49.6186
-49.6334
-49.6206
-49.6287
-49.6542
-49.6945
-49.7156
-49.7571
-49.814
-49.8862
-49.9405
-49.9994
-50.077
-50.1703
-50.2771
-50.3903
-50.4764
-50.5141
-50.5654
-50.6155
-50.6583
-50.7095
-50.7339
-50.7085
-50.6954
-50.7153
-50.7657
-50.7918
-50.8055
-50.8038
-50.8376
-50.8851
-50.9061
-50.881
-50.8243
-50.8054
-50.6388
-50.5188
-50.452
-50.3999
-50.3398
-50.2544
-50.0886
-49.7277
-49.3623
-48.9476
-48.535
-47.9855
-47.1643
-46.2748
-45.1525
-43.7211
-41.4539
-35.421
35.3851
10.291
-27.0646
-51.1701
-58.3912
-60.2146
-60.6516
-60.6353
-60.4494
-60.2062
-59.9536
-59.708
-59.507
-59.349
-59.2277
-59.1361
-59.0695
-59.0242
-58.9972
-58.9859
-58.9881
-59.002
-59.0258
-59.0583
-59.0983
-59.1447
-59.1965
-59.2531
-59.3138
-59.378
-59.445
-59.5145
-59.5859
-59.659
-59.7333
-59.8085
-59.8844
-59.9608
-60.0374
-60.114
-60.1905
-60.2667
-60.3426
-60.4179
-60.4926
-60.5667
-60.6399
-60.7123
-60.7838
-60.8543
-60.9239
-60.9924
-61.0598
-61.1262
-61.1914
-61.2555
-61.3185
-61.3803
-61.441
-61.5006
-61.559
-61.6163
-61.6725
-61.7275
-61.7815
-61.8343
-61.8861
-61.9368
-61.9864
-62.035
-62.0825
-62.129
-62.1746
-62.2191
-62.2627
-62.3053
-62.347
-62.3878
-62.3973
-62.3274
-62.2924
-62.2743
-62.2707
-62.2414
-62.0928
-61.9999
-61.9363
-61.8982
-61.8707
-61.7191
-61.2373
-60.7909
-60.3848
-59.9383
-59.1686
-58.0805
-57.2638
-56.2833
-55.4267
-54.794
-54.2197
-53.7821
-53.244
-52.7625
-52.4025
-52.124
-51.891
-51.6797
-51.4887
-51.3521
-51.2567
-51.1794
-51.1213
-51.0601
-50.9603
-50.851
-50.7445
-50.6216
-50.5192
-50.4431
-50.3841
-50.3596
-50.3603
-50.3397
-50.2831
-50.2365
-50.2164
-50.2264
-50.2538
-50.2682
-50.294
-50.2841
-50.2266
-50.1725
-50.1546
-50.1321
-50.1437
-50.1368
-50.1435
-50.0838
-50.0156
-49.9909
-49.9969
-50.027
-50.0752
-50.1394
-50.2185
-50.3116
-50.3877
-50.4546
-50.4976
-50.5617
-50.6493
-50.756
-50.8446
-50.8794
-50.8993
-50.8851
-50.8436
-50.8256
-50.8492
-50.8847
-50.8122
-50.675
-50.5356
-50.321
-50.1122
-49.9425
-49.8139
-49.6261
-49.4579
-49.3071
-49.1265
-48.7826
-48.3824
-47.9669
-47.4782
-46.7982
-45.9493
-44.791
-43.1816
-40.3584
-29.3847
40.5948
-4.73844
-37.9299
-56.373
-61.1746
-62.365
-62.578
-62.4895
-62.3023
-62.0855
-61.8507
-61.645
-61.412
-61.1705
-60.9851
-60.8387
-60.6652
-60.5217
-60.4141
-60.3363
-60.2809
-60.2433
-60.2204
-60.2102
-60.2108
-60.2207
-60.2386
-60.2633
-60.294
-60.3299
-60.3701
-60.4141
-60.4613
-60.5112
-60.5634
-60.6174
-60.6729
-60.7296
-60.7873
-60.8457
-60.9046
-60.9638
-61.0232
-61.0826
-61.1418
-61.2008
-61.2595
-61.3177
-61.3755
-61.4327
-61.4893
-61.5453
-61.6005
-61.655
-61.7087
-61.7616
-61.8136
-61.8649
-61.9152
-61.9647
-62.0133
-62.0611
-62.1079
-62.1539
-62.199
-62.2432
-62.2866
-62.329
-62.3707
-62.4115
-62.4514
-62.4906
-62.5289
-62.5664
-62.6031
-62.6391
-62.6743
-62.7087
-62.7424
-62.7754
-62.8077
-62.8393
-62.8702
-62.9004
-62.93
-62.9589
-62.9872
-63.0149
-63.042
-63.0685
-63.0945
-63.1198
-63.1447
-63.1689
-63.1927
-63.1964
-63.172
-63.1622
-63.0947
-62.9808
-62.7125
-62.5127
-62.2694
-62.0868
-61.9511
-61.8367
-61.5839
-61.3582
-61.188
-60.8692
-60.6348
-60.4619
-60.2463
-58.8065
-57.2994
-56.2201
-55.452
-54.8586
-54.2641
-53.8126
-53.3485
-52.9799
-52.646
-52.3401
-52.0634
-51.8597
-51.7111
-51.6069
-51.5376
-51.4965
-51.3567
-51.2284
-51.1208
-50.9957
-50.9252
-50.8467
-50.7778
-50.7476
-50.747
-50.7712
-50.8154
-50.8774
-50.8984
-50.8238
-50.772
-50.7638
-50.7905
-50.842
-50.9128
-51.0003
-51.1026
-51.2184
-51.3466
-51.4861
-51.6059
-51.7382
-51.8836
-52.0409
-52.2068
-52.3779
-52.5234
-52.6837
-52.8171
-52.9591
-53.1145
-53.2804
-53.4534
-53.6314
-53.8133
-53.998
-54.1846
-54.3725
-54.5612
-54.7502
-54.9391
-55.1116
-55.2601
-55.357
-55.4305
-55.4894
-55.5219
-55.5022
-55.5267
-55.5827
-55.6624
-55.7568
-55.8621
-55.9761
-56.0832
-56.1598
-56.2544
-56.3084
-56.3011
-56.3067
-56.2042
-56.093
-55.8622
-55.5558
-55.2148
-54.7566
-54.0857
-53.4419
-52.8127
-52.2204
-51.7333
-51.239
-50.7714
-50.3434
-49.9926
-49.6763
-49.3553
-49.048
-48.7139

