-70
-69.8623
-69.7285
-69.5983
-69.4718
-69.3487
-69.2291
-69.1128
-68.9997
-68.8897
-68.7828
-68.6789
-68.5778
-68.4795
-68.3839
-68.291
-68.2007
-68.1128
-68.0274
-67.9443
-67.8636
-67.7851
-67.7087
-67.6345
-67.5623
-67.4921
-67.4238
-67.3574
-67.2929
-67.2301
-67.1691
-67.1098
-67.0521
-66.996
-66.9414
-66.8884
-66.8368
-66.7866
-66.7378
-66.6904
-66.6443
-66.5994
-66.5558
-66.5133
-66.4721
-66.432
-66.393
-66.355
-66.3181
-66.2823
-66.2474
-66.2134
-66.1805
-66.1484
-66.1172
-66.0868
-66.0573
-66.0286
-66.0007
-65.9736
-65.9472
-65.9215
-65.8966
-65.8723
-65.8487
-65.8257
-65.8034
-65.7817
-65.7606
-65.74
-65.72
-65.7006
-65.6817
-65.6633
-65.6455
-65.6281
-65.6112
-65.5948
-65.5788
-65.5632
-65.5481
-65.5334
-65.5191
-65.5052
-65.4917
-65.4785
-65.4657
-65.4533
-65.4412
-65.4294
-65.418
-65.4068
-65.396
-65.3855
-65.3752
-65.3653
-65.3556
-65.3462
-65.337
-65.3281
-65.3194
-65.311
-65.3028
-65.2948
-65.2871
-65.2795
-65.2722
-65.2651
-65.2581
-65.2514
-65.2448
-65.2385
-65.2322
-65.2262
-65.2203
-65.2146
-65.2091
-65.2037
-65.1984
-65.1933
-65.1884
-65.1835
-65.1788
-65.1743
-65.1698
-65.1655
-65.1613
-65.1572
-65.1532
-65.1493
-65.1456
-65.1419
-65.1384
-65.1349
-65.1315
-65.1283
-65.1251
-65.122
-65.119
-65.1161
-65.1132
-65.1104
-65.1077
-65.1051
-65.1026
-65.1001
-65.0977
-65.0953
-65.0931
-65.0908
-65.0887
-65.0866
-65.0845
-65.0826
-65.0806
-65.0788
-65.0769
-65.0752
-65.0734
-65.0718
-65.0701
-65.0685
-65.067
-65.0655
-65.064
-65.0626
-65.0612
-65.0599
-65.0586
-65.0573
-65.0561
-65.0549
-65.0537
-65.0526
-65.0514
-65.0504
-65.0493
-65.0483
-65.0473
-65.0464
-65.0454
-65.0445
-65.0436
-65.0428
-65.0419
-65.0411
-65.0403
-65.0395
-65.0388
-65.0381
-65.0374
-65.0367
-65.036
-65.0353
-65.0347
-65.0341
-65.0335
-65.0329
-65.0323
-65.0318
-65.0313
-65.0307
-65.0302
-65.0297
-65.0293
-65.0288
-65.0283
-65.0279
-65.0275
-65.027
-65.0266
-65.0262
-65.0259
-65.0255
-65.0251
-65.0248
-65.0244
-65.0241
-65.0238
-65.0234
-65.0231
-65.0228
-65.0225
-65.0223
-65.022
-65.0217
-65.0215
-65.0212
-65.021
-65.0207
-65.0205
-65.0203
-65.02
-65.0198
-65.0196
-65.0194
-65.0192
-65.019
-65.0188
-65.0187
-65.0185
-65.0183
-65.0181
-65.018
-65.0178
-65.0177
-65.0175
-65.0174
-65.0172
-65.0171
-65.017
-65.0168
-65.0167
-65.0166
-65.0165
-65.0163
-65.0162
-65.0161
-65.016
-65.0159
-65.0158
-65.0157
-65.0156
-65.0155
-65.0154
-65.0153
-65.0153
-65.0152
-65.0151
-65.015
-65.0149
-65.0149
-65.0148
-65.0147
-65.0147
-65.0146
-65.0145
-65.0145
-65.0144
-65.0143
-65.0143
-65.0142
-65.0142
-65.0141
-65.0141
-65.014
-65.014
-65.0139
-65.0139
-65.0138
-65.0138
-65.0137
-65.0137
-65.0137
-65.0136
-65.0136
-65.0135
-65.0135
-65.0135
-65.0134
-65.0134
-65.0134
-65.0133
-65.0133
-65.0133
-65.0133
-65.0132
-65.0132
-65.0132
-65.0131
-65.0131
-65.0131
-65.0131
-65.0131
-65.013
-65.013
-65.013
-65.013
-65.0129
-65.0129
-65.0129
-65.0129
-65.0129
-65.0129
-65.0128
-65.0128
-65.0128
-65.0128
-65.0128
-65.0128
-65.0127
-65.0127
-65.0127
-65.0127
-65.0127
-65.0127
-65.0127
-65.0127
-65.0126
-65.0126
-65.0126
-65.0126
-65.0126
-65.0126
-65.0126
-65.0126
-65.0126
-65.0126
-65.0125
-65.0125
-65.0125
-65.0125
-65.0125
-65.0125
-65.0125
-65.0125
-65.0125
-65.0125
-65.0125
-65.0125
-65.0125
-65.0124
-65.0124
-65.0124
-65.0124
-65.0124
-65.0124
-65.0124
-65.0124
-65.0124
-65.0124
-65.0124
-65.0124
-65.0124
-65.0124
-65.0124
-65.0124
-65.0124
-65.0124
-65.0124
-65.0124
-65.0124
-65.0124
-65.0124
-65.0123
-65.0123
-65.0123
-65.0123
-65.0123
-65.0123
-65.0123
-65.0123
-65.0123
-65.0123
-65.0123
-65.0123
-65.0123
-65.0123
-65.0123
-65.0123
-65.0123
-65.0123
-65.0123
-65.0123
-65.0123
-65.0123
-65.0123
-65.0123
-65.0123
-65.0123
-65.0123
-65.0123
-65.0123
-65.0123
-65.0123
-65.0123
-65.0123
-65.0123
-65.0123
-65.0123
-65.0123
-65.0123
-65.0123
-65.0123
-65.0123
-65.0123
-65.0123
-65.0123
-65.0123
-65.0123
-65.0123
-65.0123
-65.0123
-65.0123
-65.0123
-65.0123
-65.0123
-65.0123
-65.0123
-65.0123
-65.0123
-65.0123
-65.0123
-65.0123
-65.0123
-65.0123
-65.0123
-65.0123
-65.0123
-65.0123
-65.0123
-65.0123
-65.0123
-65.0123
-65.0123
-65.0123
-65.0123
-65.0123
-64.8888
-64.7871
-64.7113
-64.6572
-64.6152
-64.5815
-64.5545
-64.5329
-64.5159
-64.5027
-64.4927
-64.4856
-64.4808
-64.478
-64.477
-64.4776
-64.4793
-64.4822
-64.4861
-64.4907
-64.496
-64.5019
-64.5083
-64.5151
-64.5223
-64.5297
-64.5373
-64.5451
-64.553
-64.5611
-64.5691
-64.5773
-64.5854
-64.5935
-64.4974
-64.2541
-64.0922
-63.972
-63.8864
-63.82
-63.7681
-63.7279
-63.6973
-63.6749
-63.6593
-63.6495
-63.6447
-63.644
-63.647
-63.653
-63.6616
-63.6724
-63.6851
-63.4341
-63.2588
-63.1141
-62.6389
-62.2515
-61.7702
-61.271
-60.7839
-59.678
-58.8551
-57.9112
-57.1494
-56.4709
-55.8696
-55.4211
-54.9556
-54.4724
-54.0073
-53.3133
-52.8176
-52.3548
-51.993
-51.7147
-51.5008
-51.3354
-51.2095
-51.112
-51.0107
-50.9462
-50.909
-50.8579
-50.7858
-50.6343
-50.5115
-50.4367
-50.3988
-50.3878
-50.3775
-50.367
-50.3828
-50.3791
-50.3722
-50.3812
-50.3588
-50.3434
-50.3595
-50.4001
-50.4541
-50.4102
-50.3202
-50.2772
-50.2653
-50.2437
-50.2546
-50.2878
-50.3413
-50.411
-50.4955
-50.5934
-50.7036
-50.8253
-50.9507
-51.0073
-51.0949
-51.2025
-51.3289
-51.437
-51.5142
-51.6091
-51.7256
-51.8589
-52.0043
-52.1348
-52.2227
-52.2982
-52.2991
-52.3012
-52.2783
-52.2914
-52.2499
-52.1321
-51.7785
-51.405
-51.0397
-50.6861
-50.3173
-49.8439
-49.1883
-48.2964
-47.4562
-46.6438
-45.7868
-44.7544
-43.3287
-40.7531
-31.4083
41.7276
-1.07697
-34.2547
-54.1606
-59.4598
-60.7755
-61.056
-61.0287
-60.896
-60.7023
-60.5153
-60.3559
-60.2262
-60.1228
-60.0426
-59.9827
-59.9404
-59.9136
-59.8999
-59.8978
-59.9056
-59.922
-59.9458
-59.976
-60.0118
-60.0523
-60.097
-60.1453
-60.1965
-60.2503
-60.3061
-60.3637
-60.4227
-60.4828
-60.5437
-60.6053
-60.6674
-60.7297
-60.792
-60.8544
-60.9166
-60.9784
-61.0399
-61.101
-61.1614
-61.2213
-61.2805
-61.339
-61.3967
-61.4536
-61.5097
-61.565
-61.6193
-61.6728
-61.7254
-61.7771
-61.8279
-61.8777
-61.9266
-61.9746
-62.0217
-62.0679
-62.1132
-62.1575
-62.201
-62.2436
-62.2853
-62.3262
-62.3662
-62.4054
-62.4437
-62.4813
-62.518
-62.554
-62.5893
-62.5862
-62.5161
-62.4785
-62.4576
-62.4504
-62.4075
-62.2278
-62.0725
-61.9651
-61.8931
-61.8154
-61.7088
-61.3244
-60.9948
-60.6407
-60.168
-59.2881
-58.0667
-57.1192
-56.1537
-55.4045
-54.841
-54.3372
-53.9447
-53.3662
-52.8681
-52.4975
-52.2221
-52.0143
-51.8236
-51.6467
-51.5213
-51.4359
-51.3849
-51.3523
-51.31
-51.2099
-51.1312
-51.0721
-51.0254
-50.9292
-50.7659
-50.6217
-50.5354
-50.4855
-50.3914
-50.2432
-50.0457
-49.8465
-49.6682
-49.5202
-49.4122
-49.3319
-49.2735
-49.216
-49.082
-48.981
-48.9024
-48.8379
-48.7512
-48.6692
-48.5748
-48.4987
-48.4319
-48.3721
-48.2956
-48.2009
-48.1123
-48.0232
-47.9308
-47.8303
-47.6946
-47.5365
-47.3606
-47.1547
-46.9043
-46.5186
-46.0496
-45.4146
-44.3473
-42.5989
-38.4297
8.35723
22.0993
-22.1297
-50.8416
-60.5881
-63.1224
-63.7244
-63.7892
-63.554
-63.1582
-62.6957
-62.3147
-61.8715
-61.4274
-60.9025
-60.4218
-59.844
-59.206
-58.6977
-58.0828
-57.5879
-57.1218
-56.72
-56.3976
-56.147
-55.9635
-55.7962
-55.6529
-55.5329
-55.4218
-55.3251
-55.1478
-54.9584
-54.7746
-54.5905
-54.4787
-54.3644
-54.2806
-54.1922
-54.1116
-54.04
-53.9769
-53.9468
-53.9533
-53.9874
-54.043
-54.1158
-54.2031
-54.3028
-54.413
-54.5324
-54.6594
-54.7929
-54.8955
-55.0083
-55.132
-55.2651
-55.4041
-55.5474
-55.6939
-55.8427
-55.9933
-56.145
-56.2973
-56.4499
-56.6024
-56.7545
-56.906
-57.0564
-57.2056
-57.3534
-57.4997
-57.6443
-57.7871
-57.9281
-58.067
-58.2037
-58.3383
-58.4708
-58.601
-58.7289
-58.8545
-58.9779
-59.0989
-59.2175
-59.3338
-59.4478
-59.5594
-59.6688
-59.776
-59.8809
-59.9836
-60.084
-60.1823
-60.2784
-60.3724
-60.4643
-60.5542
-60.642
-60.7279
-60.8118
-60.8938
-60.974
-61.0523
-61.1288
-61.2035
-61.2765
-61.3477
-61.4173
-61.4853
-61.5517
-61.6166
-61.6799
-61.7417
-61.8021
-61.861
-61.9186
-61.9748
-62.0104
-62.0177
-62.0351
-61.9562
-61.7847
-61.4603
-61.2324
-60.9624
-60.7058
-60.4963
-60.3482
-60.0982
-59.7461
-59.3963
-59.1407
-58.9603
-58.8209
-58.5236
-57.5828
-56.3586
-55.4876
-54.8628
-54.3858
-53.8031
-53.3627
-52.9124
-52.54
-52.2346
-52.0001
-51.8255
-51.6793
-51.5619
-51.484
-51.4388
-51.3816
-51.1973
-51.0413
-50.8165
-50.6186
-50.4788
-50.3859
-50.2544
-50.1273
-50.0233
-49.9583
-49.9217
-49.9032
-49.7967
-49.6418
-49.466
-49.3079
-49.1946
-49.1105
-49.0422
-48.9592
-48.8973
-48.8496
-48.8152
-48.7912
-48.7188
-48.6504
-48.5957
-48.5208
-48.4615
-48.3819
-48.3006
-48.2263
-48.1546
-48.0824
-47.9911
-47.8677
-47.7424
-47.6058
-47.4525
-47.272
-47.0544
-46.786
-46.4455
-45.9964
-45.3635
-44.388
-42.6988
-38.486
12.38
20.2684
-23.8198
-52.9589
-62.5065
-65.1371
-65.9549
-66.2068
-66.2363
-66.0974
-65.8728
-65.6045
-65.3131
-65.0863
-64.8246
-64.5356
-64.2459
-63.9282
-63.5353
-63.1353
-62.6851
-61.9957
-61.1113
-60.4026
-59.8451
-59.3406
-58.7964
-58.1069
-57.4707
-56.879
-56.3634
-55.874
-55.5105
-55.2352
-54.994

