-70
-70.0758
-70.1508
-70.225
-70.2983
-70.3706
-70.4419
-70.5122
-70.5814
-70.6496
-70.7168
-70.7829
-70.848
-70.9121
-70.9752
-71.0373
-71.0984
-71.1586
-71.2178
-71.2761
-71.3334
-71.3899
-71.4455
-71.5003
-71.5543
-71.6074
-71.6598
-71.7114
-71.7623
-71.8124
-71.8619
-71.9106
-71.9587
-72.006
-72.0527
-72.0988
-72.1442
-72.1889
-72.2331
-72.2766
-72.3196
-72.362
-72.4038
-72.445
-72.4857
-72.5258
-72.5654
-72.6045
-72.6431
-72.6812
-72.7188
-72.756
-72.7927
-72.8289
-72.8647
-72.9
-72.9349
-72.9694
-73.0035
-73.0371
-73.0704
-73.1032
-73.1357
-73.1678
-73.1994
-73.2307
-73.2617
-73.2922
-73.3224
-73.3523
-73.3817
-73.4109
-73.4397
-73.4682
-73.4963
-73.5241
-73.5516
-73.5788
-73.6057
-73.6323
-73.6585
-73.6845
-73.7102
-73.7356
-73.7608
-73.7857
-73.8103
-73.8346
-73.8587
-73.8825
-73.9061
-73.9294
-73.9524
-73.9753
-73.9979
-74.0202
-74.0423
-74.0642
-74.0859
-74.1073
-74.1285
-74.1495
-74.1703
-74.1909
-74.2112
-74.2313
-74.2513
-74.271
-74.2905
-74.3098
-74.329
-74.3479
-74.3666
-74.3852
-74.4036
-74.4217
-74.4397
-74.4575
-74.4752
-74.4926
-74.5099
-74.527
-74.544
-74.5607
-74.5774
-74.5938
-74.6101
-74.6262
-74.6422
-74.658
-74.6736
-74.6891
-74.7045
-74.7197
-74.7347
-74.7496
-74.7644
-74.779
-74.7935
-74.8079
-74.8221
-74.8362
-74.8501
-74.864
-74.8777
-74.8913
-74.9047
-74.918
-74.9313
-74.9443
-74.9573
-74.9701
-74.9829
-74.9955
-75.008
-75.0204
-75.0327
-75.0448
-75.0569
-75.0688
-75.0806
-75.0924
-75.104
-75.1155
-75.1269
-75.1382
-75.1495
-75.1606
-75.1716
-75.1825
-75.1933
-75.204
-75.2147
-75.2252
-75.2356
-75.246
-75.2562
-75.2664
-75.2764
-75.2864
-75.2963
-75.3061
-75.3158
-75.3255
-75.335
-75.3445
-75.3538
-75.3631
-75.3724
-75.3815
-75.3906
-75.3995
-75.4084
-75.4172
-75.426
-75.4346
-75.4432
-75.4518
-75.4602
-75.4686
-75.4769
-75.4851
-75.4932
-75.5013
-75.5093
-75.5173
-75.5251
-75.533
-75.5407
-75.5484
-75.556
-75.5635
-75.571
-75.5784
-75.5858
-75.593
-75.6003
-75.6074
-75.6145
-75.6216
-75.6285
-75.6355
-75.6423
-75.6491
-75.6559
-75.6626
-75.6692
-75.6758
-75.6823
-75.6888
-75.6952
-75.7015
-75.7078
-75.7141
-75.7203
-75.7264
-75.7325
-75.7386
-75.7446
-75.7505
-75.7564
-75.7622
-75.768
-75.7738
-75.7795
-75.7851
-75.7907
-75.7963
-75.8018
-75.8072
-75.8127
-75.818
-75.8234
-75.8287
-75.8339
-75.8391
-75.8443
-75.8494
-75.8545
-75.8595
-75.8645
-75.8695
-75.8744
-75.8793
-75.8841
-75.8889
-75.8937
-75.8984
-75.9031
-75.9077
-75.9123
-75.9169
-75.9214
-75.9259
-75.9304
-75.9348
-75.9392
-75.9436
-75.9479
-75.9522
-75.9565
-75.9607
-75.9649
-75.969
-75.9731
-75.9772
-75.9813
-75.9853
-75.9893
-75.9933
-75.9972
-76.0011
-76.005
-76.0088
-76.0126
-76.0164
-76.0201
-76.0239
-76.0275
-76.0312
-76.0348
-76.0384
-76.042
-76.0456
-76.0491
-76.0526
-76.056
-76.0595
-76.0629
-76.0663
-76.0696
-76.0729
-76.0762
-76.0795
-76.0828
-76.086
-76.0892
-76.0924
-76.0955
-76.0986
-76.1017
-76.1048
-76.1079
-76.1109
-76.1139
-76.1169
-76.1198
-76.1228
-76.1257
-76.1286
-76.1314
-76.1343
-76.1371
-76.1399
-76.1427
-76.1455
-76.1482
-76.1509
-76.1536
-76.1563
-76.1589
-76.1615
-76.1642
-76.1667
-76.1693
-76.1719
-76.1744
-76.1769
-76.1794
-76.1819
-76.1843
-76.1868
-76.1892
-76.1916
-76.1939
-76.1963
-76.1986
-76.201
-76.2033
-76.2056
-76.2078
-76.2101
-76.2123
-76.2145
-76.2167
-76.2189
-76.2211
-76.2232
-76.2254
-76.2275
-76.2296
-76.2317
-76.2337
-76.2358
-76.2378
-76.2398
-76.2418
-76.2438
-76.2458
-76.2478
-76.2497
-76.2516
-76.2536
-76.2554
-76.2573
-76.2592
-76.2611
-76.2629
-76.2647
-76.2665
-76.2683
-76.2701
-76.2719
-76.2737
-76.2754
-76.2771
-76.2788
-76.2806
-76.2822
-76.2839
-76.2856
-76.2872
-76.2889
-76.2905
-76.2921
-76.2937
-76.2953
-76.2969
-76.2985
-76.3
-76.3016
-76.3031
-76.3046
-76.3061
-76.3076
-76.3091
-76.3106
-76.312
-76.3135
-76.3149
-76.3164
-76.3178
-76.3192
-76.3206
-76.322
-76.3233
-76.3247
-76.3261
-76.3274
-76.3287
-76.33
-76.3314
-76.3327
-76.334
-76.3352
-76.3365
-76.3378
-76.339
-76.3403
-76.3415
-76.3427
-76.3439
-76.3452
-76.3464
-76.3475
-76.3487
-76.3499
-76.351
-76.3522
-76.3533
-76.3545
-76.3556
-76.3567
-76.3578
-76.3589
-76.36
-76.3611
-76.3622
-76.3632
-76.3643
-76.3654
-76.3664
-76.3674
-76.3685
-76.3695
-76.3705
-76.3715
-76.3725
-76.3735
-76.3745
-76.3754
-76.3764
-76.3774
-76.3783
-76.3793
-76.3802
-76.3811
-76.382
-76.383
-76.3839
-76.3848
-76.3857
-76.3866
-76.3874
-76.3883
-76.3892
-76.39
-76.3909
-76.3917
-76.3926
-76.3934
-76.3943
-76.3951
-76.3959
-76.3967
-76.3975
-76.3983
-76.3991
-76.3999
-76.4007
-76.4014
-76.4022
-76.403
-76.4037
-76.4045
-76.4052
-76.406
-75.9818
-71.7886
-68.0041
-65.1549
-62.9445
-61.1211
-59.4257
-57.4468
-53.6233
46.3408
-5.00849
-36.3651
-77.9876
-78.9065
-78.7642
-78.6151
-78.4524
-78.2759
-78.086
-77.8832
-77.6689
-76.0992
-74.0252
-72.7372
-71.8436
-71.1346
-70.5273
-69.9866
-69.4965
-69.0495
-68.6422
-68.2726
-68.419
-69.8512
-71.6136
-72.6581
-73.4582
-73.9489
-74.3947
-72.3814
-70.5193
-69.6235
-69.1796
-68.9476
-68.8232
-68.7574
-68.7257
-68.785
-69.4244
-69.9377
-70.2793
-70.5164
-70.688
-70.8173
-70.9186
-71.001
-71.0703
-71.1306
-71.1845
-71.234
-71.2803
-71.3244
-71.367
-71.4086
-71.4495
-71.4901
-71.5305
-71.5708
-71.6111
-71.6515
-71.6921
-68.9742
-65.647
-63.1277
-61.1527
-59.4306
-57.5986
-54.7029
-28.9996
6.7343
-29.0297
-74.7607
-79.6484
-79.6743
-79.6347
-78.0972
-77.402
-77.0532
-76.7425
-76.4274
-76.103
-75.7705
-75.433
-75.0937
-74.4866
-71.6458
-69.2686
-67.5925
-66.3423
-65.3669
-65.415
-65.6765
-66.4271
-68.4418
-70.0218
-71.2121
-72.0357
-72.7002
-73.4503
-74.1723
-74.5516
-74.7254
-74.8111
-74.8564
-74.8821
-74.8978
-74.9081
-74.9156
-74.9216
-74.9267
-74.9316
-74.9364
-74.9413
-74.9805
-75.0778
-75.1544
-75.2114
-75.3033
-75.4005
-75.4701
-75.5206
-75.5583
-75.5872
-75.61
-75.6285
-75.6437
-75.6566
-75.6678
-75.6776
-75.6864
-75.6945
-75.7019
-75.7089
-75.7155
-75.7218
-75.7278
-75.7338
-75.7395
-75.7452
-75.7507
-75.7562
-75.7617
-75.767
-75.7724
-75.7777
-75.783
-75.7882
-75.7935
-75.7987
-75.8039
-75.809
-75.8142
-75.8193
-75.8244
-75.8294
-75.8345
-75.8395
-75.8445
-75.8495
-75.8544
-75.8594
-75.8642
-75.8691
-75.8739
-75.8787
-75.8835
-75.8882
-75.893
-75.8976
-75.9023
-75.1569
-70.9491
-67.3323
-64.6063
-62.475
-60.6834
-58.9499
-56.7489
-51.1835
36.1158
-14.7949
-48.6249
-78.8955
-78.8411
-78.6767
-78.518
-78.3458
-78.1595
-77.9595
-77.7467
-77.5225
-76.1468
-73.9098
-72.4803
-71.5017
-70.7393
-70.0978
-69.5349
-69.0308
-68.9916
-68.0559
-67.0292
-67.1771
-67.9181
-68.3717
-68.614
-69.2609
-69.83
-70.5874
-71.0966
-71.7343
-72.0598
-69.9537
-68.2573
-67.2889
-66.7175
-66.3705
-66.1579
-66.0297
-65.9571
-65.923
-65.9164
-65.9304
-65.9602
-66.0025
-66.055
-66.116
-66.1841
-66.2585
-66.3381
-66.7347
-67.6904
-68.4821
-69.0989
-69.5873
-69.98
-70.3005
-70.5656
-70.7879
-70.9766
-71.1387
-71.2795
-71.4032
-71.513
-71.6114
-71.7004
-71.7817
-71.8566
-71.9261
-71.991
-72.052
-72.1098
-72.1647
-70.1307
-66.5629
-63.8021
-61.6688
-59.872
-58.0857
-55.6305
-46.9016
21.5762
-22.3411
-64.651
-78.8444
-78.7489
-78.5971
-78.4318
-78.2524
-78.0591
-77.8525
-77.6338
-77.4044
-77.1664
-74.6702
-72.6337
-71.4241
-70.9356
-70.6216
-70.6683
-71.0402
-71.3639
-71.5108
-71.58
-71.9793
-72.6932
-73.4231
-73.8463
-74.0861
-74.3272
-74.4657
-74.5403
-74.5826
-74.608
-74.6241
-74.635
-74.6431
-74.6496
-74.6554
-74.6609
-74.6665
-74.6722
-74.6782
-74.6846
-74.6914
-74.6986
-74.7063
-74.7143
-74.7228
-74.7316
-74.7408
-74.7503
-74.7602
-74.7703
-74.7807
-74.7913
-74.8022
-74.8132
-74.8244
-74.8358
-74.8473
-74.8589
-74.8706
-74.8824
-74.8942
-74.9061
-74.9181
-74.93
-74.942
-74.954
-74.9659
-74.9779
-74.9898
-75.0017
-75.0135
-75.0253
-75.0371
-75.0487
-75.0604
-75.0719
-75.0834
-75.0949
-75.1062
-75.1175
-75.1287
-75.1398
-75.1508
-75.1618
-75.1727
-75.1835
-75.1942
-75.2048
-75.2153
-75.2258
-75.2362
-75.2464
-75.2566
-75.2668
-74.5423
-70.4267
-66.8887
-64.2188
-62.1199
-60.3288
-58.5339
-56.0628
-47.1469
23.0928
-21.2832
-63.0378
-79.5979
-79.7267
-79.695
-79.6563
-79.6134
-79.5664
-79.5152
-76.9341
-75.1977
-74.2619
-73.5999
-73.0443
-72.5398
-72.0675
-71.6212
-71.1994
-69.2646
-66.72
-64.8163
-63.3761
-62.2293
-61.2621
-60.3894
-59.5322
-58.5921
-56.6705
-51.8192
41.2114
-12.7527
-44.7578
-78.6984
-79.2368
-79.0982
-78.9862
-77.959
-76.8612
-76.403
-76.084
-75.7848
-75.5061
-75.2503
-75.0486
-74.8633
-74.7732
-74.7539
-74.6936
-74.6123
-74.5269
-74.4442
-74.367
-74.2964
-74.2327
-74.176
-74.1259
-74.0821
-74.0443
-74.012
-73.9848
-73.9624
-73.9442
-73.9301
-73.9195
-73.9123
-73.908
-73.9064
-73.9073
-73.9103
-73.9153
-73.9221
-73.9304
-73.9402
-73.9511
-73.9632
-73.9763
-73.9902
-74.0049
-74.0203
-74.0362
-74.0525
-74.0694
-74.0865
-74.104
-74.1217
-74.1396
-74.1576
-74.1758
-74.1941
-74.2124
-74.2307
-74.2491
-74.2674
-74.2858
-74.304
-74.3222
-72.0768
-68.1583
-65.1157
-62.7799
-60.8672
-59.085
-56.945
-52.2382
41.4874
-11.5197
-43.6115
-78.5337
-79.0141
-78.9019
-78.7694
-78.6244
-78.467
-78.2975
-78.1168

