-70
-69.8623
-69.7285
-69.5983
-69.4718
-69.3487
-69.2291
-69.1128
-68.9997
-68.8897
-68.7828
-68.6789
-68.5778
-68.4795
-68.3839
-68.291
-68.2007
-68.1128
-68.0274
-67.9443
-67.8636
-67.7851
-67.7087
-67.6345
-67.5623
-67.4921
-67.4238
-67.3574
-67.2929
-67.2301
-67.1691
-67.1098
-67.0521
-66.996
-66.9414
-66.8884
-66.8368
-66.7866
-66.7378
-66.6904
-66.6443
-66.5994
-66.5558
-66.5133
-66.4721
-66.432
-66.393
-66.355
-66.3181
-66.2823
-66.2474
-66.2134
-66.1805
-66.1484
-66.1172
-66.0868
-66.0573
-66.0286
-66.0007
-65.9736
-65.9472
-65.9215
-65.8966
-65.8723
-65.8487
-65.8257
-65.8034
-65.7817
-65.7606
-65.74
-65.72
-65.7006
-65.6817
-65.6633
-65.6455
-65.6281
-65.6112
-65.5948
-65.5788
-65.5632
-65.5481
-65.5334
-65.5191
-65.5052
-65.4917
-65.4785
-65.4657
-65.4533
-65.4412
-65.4294
-65.418
-65.4068
-65.396
-65.3855
-65.3752
-65.3653
-65.3556
-65.3462
-65.337
-65.3281
-65.3194
-65.311
-65.3028
-65.2948
-65.2871
-65.2795
-65.2722
-65.2651
-65.2581
-65.2514
-65.2448
-65.2385
-65.2322
-65.2262
-65.2203
-65.2146
-65.2091
-65.2037
-65.1984
-65.1933
-65.1884
-65.1835
-65.1788
-65.1743
-65.1698
-65.1655
-65.1613
-65.1572
-65.1532
-65.1493
-65.1456
-65.1419
-65.1384
-65.1349
-65.1315
-65.1283
-65.1251
-65.122
-65.119
-65.1161
-65.1132
-65.1104
-65.1077
-65.1051
-65.1026
-65.1001
-65.0977
-65.0953
-65.0931
-65.0908
-65.0887
-65.0866
-65.0845
-65.0826
-65.0806
-65.0788
-65.0769
-65.0752
-65.0734
-65.0718
-65.0701
-65.0685
-65.067
-65.0655
-65.064
-65.0626
-65.0612
-65.0599
-65.0586
-65.0573
-65.0561
-65.0549
-65.0537
-65.0526
-65.0514
-65.0504
-65.0493
-65.0483
-65.0473
-65.0464
-65.0454
-65.0445
-65.0436
-65.0428
-65.0419
-65.0411
-65.0403
-65.0395
-65.0388
-65.0381
-65.0374
-65.0367
-65.036
-65.0353
-65.0347
-65.0341
-65.0335
-65.0329
-65.0323
-65.0318
-65.0313
-65.0307
-65.0302
-65.0297
-65.0293
-65.0288
-65.0283
-65.0279
-65.0275
-65.027
-65.0266
-65.0262
-65.0259
-65.0255
-65.0251
-65.0248
-65.0244
-65.0241
-65.0238
-65.0234
-65.0231
-65.0228
-65.0225
-65.0223
-65.022
-65.0217
-65.0215
-65.0212
-65.021
-65.0207
-65.0205
-65.0203
-65.02
-65.0198
-65.0196
-65.0194
-65.0192
-65.019
-65.0188
-65.0187
-65.0185
-65.0183
-65.0181
-65.018
-65.0178
-65.0177
-65.0175
-65.0174
-65.0172
-65.0171
-65.017
-65.0168
-65.0167
-65.0166
-65.0165
-65.0163
-65.0162
-65.0161
-65.016
-65.0159
-65.0158
-65.0157
-65.0156
-65.0155
-65.0154
-65.0153
-65.0153
-65.0152
-65.0151
-65.015
-65.0149
-65.0149
-65.0148
-65.0147
-65.0147
-65.0146
-65.0145
-65.0145
-65.0144
-65.0143
-65.0143
-65.0142
-65.0142
-65.0141
-65.0141
-65.014
-65.014
-65.0139
-65.0139
-65.0138
-65.0138
-65.0137
-65.0137
-65.0137
-65.0136
-65.0136
-65.0135
-65.0135
-65.0135
-65.0134
-65.0134
-65.0134
-65.0133
-65.0133
-65.0133
-65.0133
-65.0132
-65.0132
-65.0132
-65.0131
-65.0131
-65.0131
-65.0131
-65.0131
-65.013
-65.013
-65.013
-65.013
-65.0129
-65.0129
-65.0129
-65.0129
-65.0129
-65.0129
-65.0128
-65.0128
-65.0128
-65.0128
-65.0128
-65.0128
-65.0127
-65.0127
-65.0127
-65.0127
-65.0127
-65.0127
-65.0127
-65.0127
-65.0126
-65.0126
-65.0126
-65.0126
-65.0126
-65.0126
-65.0126
-65.0126
-65.0126
-65.0126
-65.0125
-65.0125
-65.0125
-65.0125
-65.0125
-65.0125
-65.0125
-65.0125
-65.0125
-65.0125
-65.0125
-65.0125
-65.0125
-65.0124
-65.0124
-65.0124
-65.0124
-65.0124
-65.0124
-65.0124
-65.0124
-65.0124
-65.0124
-65.0124
-65.0124
-65.0124
-65.0124
-65.0124
-65.0124
-65.0124
-65.0124
-65.0124
-65.0124
-65.0124
-65.0124
-65.0124
-65.0123
-65.0123
-65.0123
-65.0123
-65.0123
-65.0123
-65.0123
-65.0123
-65.0123
-65.0123
-65.0123
-65.0123
-65.0123
-65.0123
-65.0123
-65.0123
-65.0123
-65.0123
-65.0123
-65.0123
-65.0123
-65.0123
-65.0123
-65.0123
-65.0123
-65.0123
-65.0123
-65.0123
-65.0123
-65.0123
-65.0123
-65.0123
-65.0123
-65.0123
-65.0123
-65.0123
-65.0123
-65.0123
-65.0123
-65.0123
-65.0123
-65.0123
-65.0123
-65.0123
-65.0123
-65.0123
-65.0123
-65.0123
-65.0123
-65.0123
-65.0123
-65.0123
-65.0123
-65.0123
-65.0123
-65.0123
-65.0123
-65.0123
-65.0123
-65.0123
-65.0123
-65.0123
-65.0123
-65.0123
-65.0123
-65.0123
-65.0123
-65.0123
-65.0123
-65.0123
-65.0123
-65.0123
-65.0123
-65.0123
-64.7657
-64.5631
-64.4124
-64.305
-64.2215
-64.1548
-64.1013
-64.0585
-64.0247
-63.9986
-63.9789
-63.9648
-63.9553
-63.9499
-63.9479
-63.9489
-63.9525
-63.9582
-63.9658
-63.975
-63.9855
-63.9972
-64.0098
-64.0233
-64.0374
-64.052
-64.0671
-64.0826
-64.0983
-64.1142
-64.1302
-64.1463
-64.1624
-64.1784
-64.1168
-63.9452
-63.834
-63.7539
-63.6995
-63.6593
-63.6297
-63.6088
-63.595
-63.5872
-63.5843
-63.5856
-63.5904
-63.5983
-63.6087
-63.6212
-63.6355
-63.6513
-63.6684
-63.5537
-63.4767
-63.3698
-62.8839
-62.5483
-62.0738
-61.6227
-61.2225
-60.298
-59.6074
-58.7978
-58.2141
-57.6816
-57.2885
-56.9863
-56.6316
-56.2588
-55.9164
-55.4159
-55.0653
-54.7642
-54.5433
-54.3859
-54.2786
-54.1831
-54.119
-54.0871
-54.048
-54.0437
-54.0652
-54.1098
-54.1338
-54.1817
-54.249
-54.3337
-54.4313
-54.5396
-54.6347
-54.7185
-54.8206
-54.8967
-54.9835
-55.0387
-55.0776
-55.1475
-55.2371
-55.342
-55.4184
-55.4728
-55.537
-55.6233
-55.7008
-55.769
-55.844
-55.8547
-55.9051
-55.9768
-56.0641
-56.1141
-56.1885
-56.2777
-56.3798
-56.4901
-56.6067
-56.7281
-56.8532
-56.9812
-57.0768
-57.079
-57.1056
-57.133
-57.1071
-57.1225
-57.1604
-57.1689
-57.131
-57.0966
-57.0036
-56.8567
-56.7034
-56.5293
-56.3253
-56.0323
-55.7495
-55.5309
-55.3096
-54.9822
-54.6294
-54.2488
-53.7834
-53.3788
-53.0306
-52.7848
-52.5368
-52.362
-52.198
-52.0746
-51.9465
-51.8533
-51.7862
-51.73
-51.7038
-51.7104
-51.6987
-51.6868
-51.7105
-51.7615
-51.8349
-51.9259
-52.0322
-52.1519
-52.2834
-52.4256
-52.5772
-52.7368
-52.9032
-53.0756
-53.253
-53.4346
-53.62
-53.8082
-53.9985
-54.1902
-54.3829
-54.576
-54.7693
-54.9623
-55.1543
-55.3451
-55.5346
-55.7225
-55.9086
-56.0925
-56.2741
-56.4533
-56.63
-56.8041
-56.9756
-57.1442
-57.3098
-57.4726
-57.6324
-57.7893
-57.9433
-58.0943
-58.2422
-58.3871
-58.529
-58.668
-58.8041
-58.9373
-59.0676
-59.195
-59.3197
-59.4415
-59.5606
-59.677
-59.7909
-59.9021
-60.0107
-60.1169
-60.2205
-60.3217
-60.4206
-60.5171
-60.6113
-60.7034
-60.7932
-60.8809
-60.9665
-61.0501
-61.1161
-61.1398
-61.1799
-61.2272
-61.2804
-61.3324
-61.2859
-61.2607
-61.2572
-61.2714
-61.292
-61.1925
-61.0126
-60.8699
-60.765
-60.4272
-59.9553
-59.1513
-58.3917
-57.491
-56.7737
-56.2515
-55.763
-55.3992
-54.9894
-54.5954
-54.3
-54.0874
-53.9385
-53.8369
-53.7737
-53.7431
-53.7135
-53.7111
-53.7345
-53.7623
-53.755
-53.7488
-53.7759
-53.8256
-53.8663
-53.9009
-53.9174
-53.9697
-54.045
-54.1394
-54.2472
-54.3595
-54.4452
-54.5517
-54.671
-54.7608
-54.8618
-54.9035
-54.9209
-54.8503
-54.803
-54.8074
-54.849
-54.9155
-54.9995
-55.0537
-55.1308
-55.2246
-55.3256
-55.3973
-55.4917
-55.5995
-55.7189
-55.8457
-55.9782
-56.1151
-56.2555
-56.3985
-56.5357
-56.6335
-56.7478
-56.805
-56.8017
-56.8384
-56.9011
-56.9833
-57.0521
-57.0265
-56.909
-56.7195
-56.5557
-56.463
-56.3952
-56.3414
-56.272
-56.1519
-56.0484
-55.9329
-55.8599
-55.7791
-55.6624
-55.4811
-55.2569
-54.982
-54.689
-54.3907
-54.0567
-53.7518
-53.4061
-53.1447
-52.9661
-52.7781
-52.5393
-52.3755
-52.2714
-52.217
-52.1978
-52.1727
-52.1413
-52.0772
-52.0597
-52.0778
-52.1256
-52.1951
-52.2828
-52.3862
-52.478
-52.555
-52.6159
-52.6889
-52.7879
-52.9056
-53.0376
-53.1803
-53.3321
-53.4914
-53.6574
-53.8285
-54.0039
-54.1827
-54.364
-54.5475
-54.7324
-54.9182
-55.1042
-55.29
-55.4754
-55.6599
-55.8432
-56.0251
-56.2052
-56.3833
-56.5594
-56.7333
-56.9049
-57.0739
-57.2402
-57.4039
-57.5648
-57.7229
-57.8783
-58.0308
-58.1804
-58.3271
-58.4709
-58.6118
-58.7498
-58.8851
-59.0175
-59.147
-59.2737
-59.3977
-59.5189
-59.6375
-59.7534
-59.8667
-59.9774
-60.0856
-60.1913
-60.2945
-60.3953
-60.4937
-60.5899
-60.6838
-60.7754
-60.8649
-60.9523
-61.0376
-61.1208
-61.202
-61.2812
-61.3586
-61.434
-61.5077
-61.5795
-61.6496
-61.718
-61.7847
-61.8499
-61.9134
-61.9753
-62.0358
-62.0948
-62.1523
-62.2084
-62.2631
-62.3165
-62.3614
-62.1779
-61.8527
-61.6291
-61.4035
-61.2076
-61.0693
-60.9415
-60.6363
-60.3428
-60.1288
-59.8864
-59.7005
-59.5678
-59.4399
-58.567
-57.61
-56.9137
-56.4233
-56.0595
-55.6514
-55.3437
-55.1029
-54.893
-54.7058
-54.5561
-54.46
-54.4053
-54.384
-54.3894
-54.4175
-54.3908
-54.1934
-54.0398
-53.8761
-53.7793
-53.7344
-53.6916
-53.6084
-53.5668
-53.5305
-53.5076
-53.5233
-53.5673
-53.62
-53.6684
-53.7199
-53.769
-53.8141
-53.8885
-53.973
-54.0467
-54.1433
-54.2548
-54.3795
-54.5135
-54.655
-54.7713
-54.8874
-55.017
-55.1564
-55.3028
-55.4536
-55.6079
-55.7647
-55.9233
-56.0831
-56.2434
-56.4039
-56.5643
-56.724
-56.883
-57.0408
-57.1971
-57.3519
-57.479
-57.5935
-57.6682
-57.7604
-57.8638
-57.9672
-58.0125
-58.0489
-58.1098
-58.1864
-58.2736
-58.3672
-58.4653
-58.5668
-58.6708
-58.7249
-58.7303
-58.7298
-58.7361
-58.7348
-58.7189
-58.7316
-58.6776
-58.5246
-58.3166
-58.0356
-57.6805
-57.3168
-56.8046
-56.3713
-56.0716
-55.8125
-55.3395
-54.7691
-54.3373
-54.0338
-53.769
-53.5632
-53.4059
-53.2771

