-70
-69.8623
-69.7285
-69.5983
-69.4718
-69.3487
-69.2291
-69.1128
-68.9997
-68.8897
-68.7828
-68.6789
-68.5778
-68.4795
-68.3839
-68.291
-68.2007
-68.1128
-68.0274
-67.9443
-67.8636
-67.7851
-67.7087
-67.6345
-67.5623
-67.4921
-67.4238
-67.3574
-67.2929
-67.2301
-67.1691
-67.1098
-67.0521
-66.996
-66.9414
-66.8884
-66.8368
-66.7866
-66.7378
-66.6904
-66.6443
-66.5994
-66.5558
-66.5133
-66.4721
-66.432
-66.393
-66.355
-66.3181
-66.2823
-66.2474
-66.2134
-66.1805
-66.1484
-66.1172
-66.0868
-66.0573
-66.0286
-66.0007
-65.9736
-65.9472
-65.9215
-65.8966
-65.8723
-65.8487
-65.8257
-65.8034
-65.7817
-65.7606
-65.74
-65.72
-65.7006
-65.6817
-65.6633
-65.6455
-65.6281
-65.6112
-65.5948
-65.5788
-65.5632
-65.5481
-65.5334
-65.5191
-65.5052
-65.4917
-65.4785
-65.4657
-65.4533
-65.4412
-65.4294
-65.418
-65.4068
-65.396
-65.3855
-65.3752
-65.3653
-65.3556
-65.3462
-65.337
-65.3281
-65.3194
-65.311
-65.3028
-65.2948
-65.2871
-65.2795
-65.2722
-65.2651
-65.2581
-65.2514
-65.2448
-65.2385
-65.2322
-65.2262
-65.2203
-65.2146
-65.2091
-65.2037
-65.1984
-65.1933
-65.1884
-65.1835
-65.1788
-65.1743
-65.1698
-65.1655
-65.1613
-65.1572
-65.1532
-65.1493
-65.1456
-65.1419
-65.1384
-65.1349
-65.1315
-65.1283
-65.1251
-65.122
-65.119
-65.1161
-65.1132
-65.1104
-65.1077
-65.1051
-65.1026
-65.1001
-65.0977
-65.0953
-65.0931
-65.0908
-65.0887
-65.0866
-65.0845
-65.0826
-65.0806
-65.0788
-65.0769
-65.0752
-65.0734
-65.0718
-65.0701
-65.0685
-65.067
-65.0655
-65.064
-65.0626
-65.0612
-65.0599
-65.0586
-65.0573
-65.0561
-65.0549
-65.0537
-65.0526
-65.0514
-65.0504
-65.0493
-65.0483
-65.0473
-65.0464
-65.0454
-65.0445
-65.0436
-65.0428
-65.0419
-65.0411
-65.0403
-65.0395
-65.0388
-65.0381
-65.0374
-65.0367
-65.036
-65.0353
-65.0347
-65.0341
-65.0335
-65.0329
-65.0323
-65.0318
-65.0313
-65.0307
-65.0302
-65.0297
-65.0293
-65.0288
-65.0283
-65.0279
-65.0275
-65.027
-65.0266
-65.0262
-65.0259
-65.0255
-65.0251
-65.0248
-65.0244
-65.0241
-65.0238
-65.0234
-65.0231
-65.0228
-65.0225
-65.0223
-65.022
-65.0217
-65.0215
-65.0212
-65.021
-65.0207
-65.0205
-65.0203
-65.02
-65.0198
-65.0196
-65.0194
-65.0192
-65.019
-65.0188
-65.0187
-65.0185
-65.0183
-65.0181
-65.018
-65.0178
-65.0177
-65.0175
-65.0174
-65.0172
-65.0171
-65.017
-65.0168
-65.0167
-65.0166
-65.0165
-65.0163
-65.0162
-65.0161
-65.016
-65.0159
-65.0158
-65.0157
-65.0156
-65.0155
-65.0154
-65.0153
-65.0153
-65.0152
-65.0151
-65.015
-65.0149
-65.0149
-65.0148
-65.0147
-65.0147
-65.0146
-65.0145
-65.0145
-65.0144
-65.0143
-65.0143
-65.0142
-65.0142
-65.0141
-65.0141
-65.014
-65.014
-65.0139
-65.0139
-65.0138
-65.0138
-65.0137
-65.0137
-65.0137
-65.0136
-65.0136
-65.0135
-65.0135
-65.0135
-65.0134
-65.0134
-65.0134
-65.0133
-65.0133
-65.0133
-65.0133
-65.0132
-65.0132
-65.0132
-65.0131
-65.0131
-65.0131
-65.0131
-65.0131
-65.013
-65.013
-65.013
-65.013
-65.0129
-65.0129
-65.0129
-65.0129
-65.0129
-65.0129
-65.0128
-65.0128
-65.0128
-65.0128
-65.0128
-65.0128
-65.0127
-65.0127
-65.0127
-65.0127
-65.0127
-65.0127
-65.0127
-65.0127
-65.0126
-65.0126
-65.0126
-65.0126
-65.0126
-65.0126
-65.0126
-65.0126
-65.0126
-65.0126
-65.0125
-65.0125
-65.0125
-65.0125
-65.0125
-65.0125
-65.0125
-65.0125
-65.0125
-65.0125
-65.0125
-65.0125
-65.0125
-65.0124
-65.0124
-65.0124
-65.0124
-65.0124
-65.0124
-65.0124
-65.0124
-65.0124
-65.0124
-65.0124
-65.0124
-65.0124
-65.0124
-65.0124
-65.0124
-65.0124
-65.0124
-65.0124
-65.0124
-65.0124
-65.0124
-65.0124
-65.0123
-65.0123
-65.0123
-65.0123
-65.0123
-65.0123
-65.0123
-65.0123
-65.0123
-65.0123
-65.0123
-65.0123
-65.0123
-65.0123
-65.0123
-65.0123
-65.0123
-65.0123
-65.0123
-65.0123
-65.0123
-65.0123
-65.0123
-65.0123
-65.0123
-65.0123
-65.0123
-65.0123
-65.0123
-65.0123
-65.0123
-65.0123
-65.0123
-65.0123
-65.0123
-65.0123
-65.0123
-65.0123
-65.0123
-65.0123
-65.0123
-65.0123
-65.0123
-65.0123
-65.0123
-65.0123
-65.0123
-65.0123
-65.0123
-65.0123
-65.0123
-65.0123
-65.0123
-65.0123
-65.0123
-65.0123
-65.0123
-65.0123
-65.0123
-65.0123
-65.0123
-65.0123
-65.0123
-65.0123
-65.0123
-65.0123
-65.0123
-65.0123
-65.0123
-65.0123
-65.0123
-65.0123
-65.0123
-65.0123
-64.8272
-64.6749
-64.5616
-64.4807
-64.4179
-64.3677
-64.3273
-64.2951
-64.2696
-64.2499
-64.2351
-64.2244
-64.2173
-64.2132
-64.2117
-64.2125
-64.2152
-64.2195
-64.2252
-64.2321
-64.2401
-64.2489
-64.2584
-64.2685
-64.2792
-64.2902
-64.3016
-64.3133
-64.3251
-64.3371
-64.3491
-64.3613
-64.3734
-64.3855
-64.2937
-64.0552
-63.8977
-63.7818
-63.7003
-63.6379
-63.5899
-63.5534
-63.5266
-63.5078
-63.4957
-63.4894
-63.488
-63.4906
-63.4968
-63.506
-63.5177
-63.5316
-63.5473
-63.2997
-63.0947
-62.8947
-62.1255
-61.581
-61.0398
-60.4885
-59.9757
-58.8955
-57.9569
-57.0143
-56.2217
-55.5434
-55.0397
-54.6521
-54.273
-53.9232
-53.6285
-53.2274
-52.9371
-52.723
-52.5729
-52.4401
-52.3426
-52.2824
-52.2296
-52.1977
-52.161
-52.1167
-52.1117
-52.1347
-52.1822
-52.2161
-52.2654
-52.336
-52.4253
-52.5291
-52.645
-52.7361
-52.8361
-52.9524
-53.0825
-53.2227
-53.3447
-53.4612
-53.5865
-53.6453
-53.7273
-53.7934
-53.8782
-53.9833
-54.1038
-54.2352
-54.2682
-54.2547
-54.2903
-54.358
-54.4416
-54.4979
-54.5811
-54.6809
-54.7949
-54.9184
-55.0298
-55.1183
-55.2268
-55.3012
-55.3196
-55.3167
-55.3213
-55.3156
-55.2674
-55.2479
-55.1949
-55.1165
-55.0097
-54.8754
-54.8057
-54.7841
-54.7394
-54.6636
-54.4312
-54.1122
-53.7513
-53.3614
-52.9627
-52.5843
-52.1312
-51.6826
-51.1949
-50.7909
-50.4212
-50.1078
-49.8089
-49.5309
-49.3043
-49.0263
-48.7217
-48.4225
-48.0696
-47.7209
-47.3481
-46.9565
-46.5217
-46.0055
-45.3445
-44.4167
-42.9133
-39.6439
-16.8149
33.0728
-14.1452
-44.5448
-57.9143
-61.5313
-62.6873
-63.1367
-63.3149
-63.378
-63.392
-63.3862
-63.3734
-63.3594
-63.3466
-63.3358
-63.3273
-63.3211
-63.317
-63.3148
-63.3144
-63.3155
-63.318
-63.3217
-63.3266
-63.3324
-63.339
-63.3464
-63.3544
-63.363
-63.3721
-63.3816
-63.3915
-63.4017
-63.4121
-63.4228
-63.4336
-63.4445
-63.4556
-63.4667
-63.4779
-63.4891
-63.5002
-63.5114
-63.5225
-63.5336
-63.5446
-63.5555
-63.5664
-63.5771
-63.5878
-63.5983
-63.6088
-63.6191
-63.6293
-63.6394
-63.6494
-63.6592
-63.6689
-63.6785
-63.688
-63.6973
-63.6662
-63.5066
-63.4028
-63.3263
-63.2735
-63.2299
-62.989
-62.7997
-62.6599
-62.5605
-62.4855
-62.3502
-61.9413
-61.6392
-61.3615
-60.9678
-60.2245
-59.1486
-58.1773
-57.068
-56.1838
-55.5315
-55.0418
-54.6641
-54.3332
-54.0293
-53.804
-53.6268
-53.4812
-53.3514
-53.2231
-53.1476
-53.1098
-53.1042
-53.1234
-53.1127
-53.0065
-52.9592
-52.9525
-52.9803
-52.9977
-52.9961
-52.8999
-52.8615
-52.8648
-52.9043
-52.946
-52.9526
-52.9958
-53.0142
-53.0378
-53.0642
-52.9927
-52.9419
-52.8893
-52.8574
-52.8707
-52.9153
-52.9843
-53.0717
-53.1746
-53.2906
-53.4109
-53.5028
-53.617
-53.7446
-53.8843
-54.0319
-54.1859
-54.3451
-54.5085
-54.6754
-54.8448
-55.016
-55.1883
-55.3614
-55.5147
-55.6515
-55.7986
-55.9509
-56.0727
-56.1636
-56.1509
-56.0189
-55.8121
-55.6686
-55.587
-55.4979
-55.3472
-55.1733
-54.9124
-54.6394
-54.4647
-54.3126
-54.175
-54.0152
-53.8061
-53.5851
-53.4204
-53.2578
-53.0621
-52.6179
-52.1433
-51.7685
-51.4212
-51.1741
-50.9575
-50.7797
-50.6508
-50.5404
-50.4453
-50.3491
-50.2108
-50.0347
-49.8488
-49.6811
-49.5619
-49.4765
-49.412
-49.3301
-49.249
-49.1946
-49.1364
-49.0892
-49.0608
-49.0478
-49.0482
-49.0603
-49.0835
-49.1175
-49.1621
-49.2173
-49.283
-49.3595
-49.4468
-49.5452
-49.6547
-49.7748
-49.905
-50.0451
-50.1948
-50.354
-50.5225
-50.7001
-50.8862
-51.0797
-51.2794
-51.485
-51.6962
-51.9124
-52.1322
-52.3547
-52.5795
-52.8062
-53.0342
-53.2622
-53.49
-53.7173
-53.9437
-54.1684
-54.391
-54.6115
-54.8296
-55.045
-55.2573
-55.4664
-55.6722
-55.8747
-56.0738
-56.2691
-56.4608
-56.6487
-56.8331
-57.0137
-57.1906
-57.3637
-57.5331
-57.6988
-57.861
-58.0196
-58.1745
-58.3259
-58.4739
-58.6184
-58.7596
-58.8976
-59.0323
-59.1638
-59.2921
-59.4174
-59.5397
-59.659
-59.7755
-59.8892
-60.0002
-60.1084
-60.214
-60.317
-60.4175
-60.5155
-60.6111
-60.7044
-60.7954
-60.8345
-60.622
-60.3086
-60.077
-59.8039
-59.5582
-59.3909
-59.2687
-59.139
-59.056
-58.9449
-58.6416
-58.4089
-58.2486
-57.9756
-56.7523
-55.5669
-54.7241
-54.1274
-53.6827
-53.2905
-52.9918
-52.7632
-52.591
-52.4202
-52.2592
-52.1472
-52.0783
-52.0455
-52.0409
-52.0604
-52.0136
-51.856
-51.7235
-51.5839
-51.4604
-51.3568
-51.3049
-51.29
-51.2721
-51.2089
-51.1585
-51.1498
-51.1448
-51.1143
-51.0717
-51.0049
-50.9567
-50.9214
-50.9272
-50.9613
-50.9878
-51.0328
-51.1008
-51.189
-51.2937
-51.4127
-51.5444
-51.6874
-51.8401
-52.0018
-52.1712
-52.3475
-52.5299
-52.7178
-52.9099
-53.1055
-53.3036
-53.5038
-53.7057
-53.9086
-54.1117
-54.3146
-54.5169
-54.7184
-54.8846
-55.0435
-55.2035
-55.2576
-55.3158
-55.3822
-55.3868
-55.4328
-55.506
-55.6008
-55.7087
-55.8263
-55.9514
-56.0823
-56.2179
-56.357
-56.485
-56.5786
-56.6897
-56.7663
-56.6995
-56.6478
-56.5704
-56.4442
-56.2903
-56.1178
-55.8593
-55.5628
-55.0935
-54.5408
-54.0587
-53.5385
-52.8299
-52.158
-51.6402
-51.2585
-50.9323
-50.6773
-50.4751
-50.317

