-70
-69.8623
-69.7285
-69.5983
-69.4718
-69.3487
-69.2291
-69.1128
-68.9997
-68.8897
-68.7828
-68.6789
-68.5778
-68.4795
-68.3839
-68.291
-68.2007
-68.1128
-68.0274
-67.9443
-67.8636
-67.7851
-67.7087
-67.6345
-67.5623
-67.4921
-67.4238
-67.3574
-67.2929
-67.2301
-67.1691
-67.1098
-67.0521
-66.996
-66.9414
-66.8884
-66.8368
-66.7866
-66.7378
-66.6904
-66.6443
-66.5994
-66.5558
-66.5133
-66.4721
-66.432
-66.393
-66.355
-66.3181
-66.2823
-66.2474
-66.2134
-66.1805
-66.1484
-66.1172
-66.0868
-66.0573
-66.0286
-66.0007
-65.9736
-65.9472
-65.9215
-65.8966
-65.8723
-65.8487
-65.8257
-65.8034
-65.7817
-65.7606
-65.74
-65.72
-65.7006
-65.6817
-65.6633
-65.6455
-65.6281
-65.6112
-65.5948
-65.5788
-65.5632
-65.5481
-65.5334
-65.5191
-65.5052
-65.4917
-65.4785
-65.4657
-65.4533
-65.4412
-65.4294
-65.418
-65.4068
-65.396
-65.3855
-65.3752
-65.3653
-65.3556
-65.3462
-65.337
-65.3281
-65.3194
-65.311
-65.3028
-65.2948
-65.2871
-65.2795
-65.2722
-65.2651
-65.2581
-65.2514
-65.2448
-65.2385
-65.2322
-65.2262
-65.2203
-65.2146
-65.2091
-65.2037
-65.1984
-65.1933
-65.1884
-65.1835
-65.1788
-65.1743
-65.1698
-65.1655
-65.1613
-65.1572
-65.1532
-65.1493
-65.1456
-65.1419
-65.1384
-65.1349
-65.1315
-65.1283
-65.1251
-65.122
-65.119
-65.1161
-65.1132
-65.1104
-65.1077
-65.1051
-65.1026
-65.1001
-65.0977
-65.0953
-65.0931
-65.0908
-65.0887
-65.0866
-65.0845
-65.0826
-65.0806
-65.0788
-65.0769
-65.0752
-65.0734
-65.0718
-65.0701
-65.0685
-65.067
-65.0655
-65.064
-65.0626
-65.0612
-65.0599
-65.0586
-65.0573
-65.0561
-65.0549
-65.0537
-65.0526
-65.0514
-65.0504
-65.0493
-65.0483
-65.0473
-65.0464
-65.0454
-65.0445
-65.0436
-65.0428
-65.0419
-65.0411
-65.0403
-65.0395
-65.0388
-65.0381
-65.0374
-65.0367
-65.036
-65.0353
-65.0347
-65.0341
-65.0335
-65.0329
-65.0323
-65.0318
-65.0313
-65.0307
-65.0302
-65.0297
-65.0293
-65.0288
-65.0283
-65.0279
-65.0275
-65.027
-65.0266
-65.0262
-65.0259
-65.0255
-65.0251
-65.0248
-65.0244
-65.0241
-65.0238
-65.0234
-65.0231
-65.0228
-65.0225
-65.0223
-65.022
-65.0217
-65.0215
-65.0212
-65.021
-65.0207
-65.0205
-65.0203
-65.02
-65.0198
-65.0196
-65.0194
-65.0192
-65.019
-65.0188
-65.0187
-65.0185
-65.0183
-65.0181
-65.018
-65.0178
-65.0177
-65.0175
-65.0174
-65.0172
-65.0171
-65.017
-65.0168
-65.0167
-65.0166
-65.0165
-65.0163
-65.0162
-65.0161
-65.016
-65.0159
-65.0158
-65.0157
-65.0156
-65.0155
-65.0154
-65.0153
-65.0153
-65.0152
-65.0151
-65.015
-65.0149
-65.0149
-65.0148
-65.0147
-65.0147
-65.0146
-65.0145
-65.0145
-65.0144
-65.0143
-65.0143
-65.0142
-65.0142
-65.0141
-65.0141
-65.014
-65.014
-65.0139
-65.0139
-65.0138
-65.0138
-65.0137
-65.0137
-65.0137
-65.0136
-65.0136
-65.0135
-65.0135
-65.0135
-65.0134
-65.0134
-65.0134
-65.0133
-65.0133
-65.0133
-65.0133
-65.0132
-65.0132
-65.0132
-65.0131
-65.0131
-65.0131
-65.0131
-65.0131
-65.013
-65.013
-65.013
-65.013
-65.0129
-65.0129
-65.0129
-65.0129
-65.0129
-65.0129
-65.0128
-65.0128
-65.0128
-65.0128
-65.0128
-65.0128
-65.0127
-65.0127
-65.0127
-65.0127
-65.0127
-65.0127
-65.0127
-65.0127
-65.0126
-65.0126
-65.0126
-65.0126
-65.0126
-65.0126
-65.0126
-65.0126
-65.0126
-65.0126
-65.0125
-65.0125
-65.0125
-65.0125
-65.0125
-65.0125
-65.0125
-65.0125
-65.0125
-65.0125
-65.0125
-65.0125
-65.0125
-65.0124
-65.0124
-65.0124
-65.0124
-65.0124
-65.0124
-65.0124
-65.0124
-65.0124
-65.0124
-65.0124
-65.0124
-65.0124
-65.0124
-65.0124
-65.0124
-65.0124
-65.0124
-65.0124
-65.0124
-65.0124
-65.0124
-65.0124
-65.0123
-65.0123
-65.0123
-65.0123
-65.0123
-65.0123
-65.0123
-65.0123
-65.0123
-65.0123
-65.0123
-65.0123
-65.0123
-65.0123
-65.0123
-65.0123
-65.0123
-65.0123
-65.0123
-65.0123
-65.0123
-65.0123
-65.0123
-65.0123
-65.0123
-65.0123
-65.0123
-65.0123
-65.0123
-65.0123
-65.0123
-65.0123
-65.0123
-65.0123
-65.0123
-65.0123
-65.0123
-65.0123
-65.0123
-65.0123
-65.0123
-65.0123
-65.0123
-65.0123
-65.0123
-65.0123
-65.0123
-65.0123
-65.0123
-65.0123
-65.0123
-65.0123
-65.0123
-65.0123
-65.0123
-65.0123
-65.0123
-65.0123
-65.0123
-65.0123
-65.0123
-65.0123
-65.0123
-65.0123
-65.0123
-65.0123
-65.0123
-65.0123
-65.0123
-65.0123
-65.0123
-65.0123
-65.0123
-65.0123
-64.7043
-64.4515
-64.2637
-64.1299
-64.026
-63.943
-63.8763
-63.8231
-63.7811
-63.7486
-63.7241
-63.7065
-63.6948
-63.688
-63.6856
-63.6868
-63.6912
-63.6983
-63.7077
-63.7191
-63.7322
-63.7467
-63.7624
-63.7792
-63.7967
-63.8149
-63.8337
-63.8529
-63.8724
-63.8922
-63.9121
-63.9321
-63.9522
-63.9722
-63.9147
-63.7476
-63.6407
-63.5647
-63.5142
-63.4779
-63.4522
-63.435
-63.4248
-63.4205
-63.4211
-63.4259
-63.4341
-63.4452
-63.4588
-63.4745
-63.4919
-63.5108
-63.5085
-63.4752
-63.4602
-63.3466
-62.6384
-62.1582
-61.6187
-60.9767
-60.3818
-59.3497
-58.4644
-57.4126
-56.5861
-55.8907
-55.3769
-54.9801
-54.6327
-54.2928
-53.9645
-53.4228
-53.0391
-52.6654
-52.3617
-52.1181
-51.9404
-51.8111
-51.721
-51.6563
-51.5525
-51.4935
-51.4661
-51.4684
-51.4912
-51.4188
-51.3911
-51.3957
-51.4307
-51.4867
-51.5599
-51.6484
-51.7447
-51.8187
-51.9152
-52.0271
-52.1535
-52.2906
-52.4369
-52.5537
-52.6772
-52.7487
-52.831
-52.9372
-53.0622
-53.1997
-53.3465
-53.5006
-53.661
-53.8263
-53.9878
-54.1107
-54.2512
-54.4009
-54.5512
-54.6642
-54.7657
-54.8654
-54.9473
-55.0032
-55.0479
-55.0872
-55.1121
-55.1002
-55.0842
-55.0936
-55.1379
-55.1739
-55.1298
-55.0487
-54.856
-54.7381
-54.5592
-54.3517
-54.0785
-53.7125
-53.3468
-52.944
-52.5253
-52.1312
-51.6643
-51.138
-50.5339
-50.0272
-49.6062
-49.2285
-48.8615
-48.5192
-48.1726
-47.8048
-47.4111
-47.0077
-46.5449
-45.9481
-45.173
-44.0942
-42.273
-37.7645
19.7473
19.4201
-22.3695
-49.6291
-59.0395
-61.6248
-62.4618
-62.7679
-62.8656
-62.8775
-62.8561
-62.8243
-62.7919
-62.763
-62.739
-62.7201
-62.7061
-62.6965
-62.6909
-62.6889
-62.69
-62.6938
-62.7
-62.7083
-62.7185
-62.7302
-62.7433
-62.7577
-62.773
-62.7893
-62.8063
-62.824
-62.8422
-62.8609
-62.8799
-62.8992
-62.9187
-62.9383
-62.9581
-62.9779
-62.9977
-63.0174
-63.0371
-63.0567
-63.0762
-63.0955
-63.1146
-63.1336
-63.1524
-63.1709
-63.1892
-63.2073
-63.2252
-63.2428
-63.2602
-63.2773
-63.2941
-63.3107
-63.327
-63.3431
-63.3589
-63.3745
-63.3898
-63.4048
-63.4196
-63.4342
-63.4189
-63.3208
-63.2553
-63.2093
-63.1796
-63.1588
-63.1445
-63.1354
-63.1307
-63.1294
-63.1273
-62.8685
-62.4163
-62.016
-61.6482
-61.126
-60.3186
-59.2425
-58.306
-57.2944
-56.4319
-55.7939
-55.2616
-54.8513
-54.2751
-53.8062
-53.4559
-53.1974
-53.0048
-52.8348
-52.6647
-52.5503
-52.4774
-52.4405
-52.4081
-52.383
-52.3051
-52.2642
-52.2368
-52.2435
-52.215
-52.1688
-52.1518
-52.1717
-52.2104
-52.2044
-52.1773
-52.1446
-52.1486
-52.1866
-52.251
-52.3348
-52.4051
-52.4505
-52.514
-52.5117
-52.4811
-52.5015
-52.5559
-52.6366
-52.7188
-52.7443
-52.7644
-52.822
-52.8992
-52.9586
-53.046
-53.1514
-53.2725
-53.4051
-53.5472
-53.6971
-53.8535
-54.0151
-54.181
-54.3505
-54.5227
-54.6724
-54.7837
-54.8931
-54.9752
-54.9993
-54.9544
-54.848
-54.6635
-54.479
-54.3401
-54.2261
-54.1124
-54.0118
-53.9454
-53.8374
-53.7883
-53.6989
-53.5384
-53.3346
-53.1969
-52.9937
-52.7785
-52.4598
-52.1466
-51.7085
-51.2468
-50.7606
-50.3359
-49.9861
-49.6975
-49.4185
-49.1081
-48.833
-48.5905
-48.3048
-48.0295
-47.6863
-47.3384
-46.9151
-46.4086
-45.8097
-45.022
-43.9006
-41.939
-36.5471
32.8246
12.1476
-27.4312
-53.4135
-61.3244
-63.5269
-64.2328
-64.4594
-64.4998
-64.4669
-64.4078
-64.3421
-64.2779
-64.2183
-64.1644
-64.116
-64.0729
-64.0347
-64.0007
-63.9707
-63.9442
-63.9209
-63.9003
-63.8823
-63.8666
-63.853
-63.8411
-63.831
-63.8224
-63.8151
-63.8091
-63.8042
-63.8002
-63.7972
-63.795
-63.7936
-63.7928
-63.7926
-63.7929
-63.7937
-63.795
-63.7966
-63.7986
-63.8009
-63.8035
-63.8064
-63.8094
-63.8127
-63.8161
-63.8197
-63.8234
-63.8272
-63.8312
-63.8352
-63.8393
-63.8435
-63.8478
-63.8521
-63.8564
-63.8608
-63.8652
-63.8697
-63.8741
-63.8786
-63.8831
-63.8876
-63.8921
-63.8966
-63.9011
-63.9056
-63.9101
-63.9146
-63.919
-63.9235
-63.928
-63.9324
-63.9368
-63.9413
-63.9457
-63.9501
-63.9544
-63.9588
-63.6329
-63.1516
-62.813
-62.5662
-62.3839
-62.2405
-62.1121
-61.8969
-61.7008
-61.5532
-61.1463
-60.768
-60.4942
-60.1259
-58.8069
-57.5908
-56.7121
-56.0838
-55.5838
-55.0313
-54.6101
-54.1933
-53.8812
-53.6368
-53.3694
-53.1776
-53.0405
-52.9519
-52.8993
-52.8769
-52.8131
-52.583
-52.3871
-52.2636
-52.1546
-52.0428
-51.9781
-51.9202
-51.9003
-51.8663
-51.8072
-51.795
-51.8151
-51.8282
-51.7961
-51.8068
-51.8475
-51.9147
-52.0009
-52.0632
-52.1127
-52.1914
-52.2913
-52.4086
-52.5387
-52.6794
-52.799
-52.921
-53.0585
-53.2078
-53.3659
-53.5033
-53.6411
-53.7913
-53.9506
-54.1163
-54.2862
-54.4595
-54.6351
-54.8126
-54.991
-55.1699
-55.3487
-55.4964
-55.6438
-55.7977
-55.9563
-56.0756
-56.1625
-56.2558
-56.2966
-56.353
-56.4331
-56.5301
-56.6379
-56.7164
-56.7947
-56.8884
-56.9898
-57.0506
-57.0835
-57.1003
-57.1497
-57.2184
-57.2638
-57.2345
-57.0447
-56.8763
-56.6252
-56.3771
-56.0808
-55.6763
-55.2952
-54.8718
-54.4009
-53.8759
-53.2086
-52.5205
-51.9791
-51.5765
-51.2078
-50.9123
-50.6653
-50.4242

