-70
-70.0758
-70.1508
-70.225
-70.2983
-70.3706
-70.4419
-70.5122
-70.5814
-70.6496
-70.7168
-70.7829
-70.848
-70.9121
-70.9752
-71.0373
-71.0984
-71.1586
-71.2178
-71.2761
-71.3334
-71.3899
-71.4455
-71.5003
-71.5543
-71.6074
-71.6598
-71.7114
-71.7623
-71.8124
-71.8619
-71.9106
-71.9587
-72.006
-72.0527
-72.0988
-72.1442
-72.1889
-72.2331
-72.2766
-72.3196
-72.362
-72.4038
-72.445
-72.4857
-72.5258
-72.5654
-72.6045
-72.6431
-72.6812
-72.7188
-72.756
-72.7927
-72.8289
-72.8647
-72.9
-72.9349
-72.9694
-73.0035
-73.0371
-73.0704
-73.1032
-73.1357
-73.1678
-73.1994
-73.2307
-73.2617
-73.2922
-73.3224
-73.3523
-73.3817
-73.4109
-73.4397
-73.4682
-73.4963
-73.5241
-73.5516
-73.5788
-73.6057
-73.6323
-73.6585
-73.6845
-73.7102
-73.7356
-73.7608
-73.7857
-73.8103
-73.8346
-73.8587
-73.8825
-73.9061
-73.9294
-73.9524
-73.9753
-73.9979
-74.0202
-74.0423
-74.0642
-74.0859
-74.1073
-74.1285
-74.1495
-74.1703
-74.1909
-74.2112
-74.2313
-74.2513
-74.271
-74.2905
-74.3098
-74.329
-74.3479
-74.3666
-74.3852
-74.4036
-74.4217
-74.4397
-74.4575
-74.4752
-74.4926
-74.5099
-74.527
-74.544
-74.5607
-74.5774
-74.5938
-74.6101
-74.6262
-74.6422
-74.658
-74.6736
-74.6891
-74.7045
-74.7197
-74.7347
-74.7496
-74.7644
-74.779
-74.7935
-74.8079
-74.8221
-74.8362
-74.8501
-74.864
-74.8777
-74.8913
-74.9047
-74.918
-74.9313
-74.9443
-74.9573
-74.9701
-74.9829
-74.9955
-75.008
-75.0204
-75.0327
-75.0448
-75.0569
-75.0688
-75.0806
-75.0924
-75.104
-75.1155
-75.1269
-75.1382
-75.1495
-75.1606
-75.1716
-75.1825
-75.1933
-75.204
-75.2147
-75.2252
-75.2356
-75.246
-75.2562
-75.2664
-75.2764
-75.2864
-75.2963
-75.3061
-75.3158
-75.3255
-75.335
-75.3445
-75.3538
-75.3631
-75.3724
-75.3815
-75.3906
-75.3995
-75.4084
-75.4172
-75.426
-75.4346
-75.4432
-75.4518
-75.4602
-75.4686
-75.4769
-75.4851
-75.4932
-75.5013
-75.5093
-75.5173
-75.5251
-75.533
-75.5407
-75.5484
-75.556
-75.5635
-75.571
-75.5784
-75.5858
-75.593
-75.6003
-75.6074
-75.6145
-75.6216
-75.6285
-75.6355
-75.6423
-75.6491
-75.6559
-75.6626
-75.6692
-75.6758
-75.6823
-75.6888
-75.6952
-75.7015
-75.7078
-75.7141
-75.7203
-75.7264
-75.7325
-75.7386
-75.7446
-75.7505
-75.7564
-75.7622
-75.768
-75.7738
-75.7795
-75.7851
-75.7907
-75.7963
-75.8018
-75.8072
-75.8127
-75.818
-75.8234
-75.8287
-75.8339
-75.8391
-75.8443
-75.8494
-75.8545
-75.8595
-75.8645
-75.8695
-75.8744
-75.8793
-75.8841
-75.8889
-75.8937
-75.8984
-75.9031
-75.9077
-75.9123
-75.9169
-75.9214
-75.9259
-75.9304
-75.9348
-75.9392
-75.9436
-75.9479
-75.9522
-75.9565
-75.9607
-75.9649
-75.969
-75.9731
-75.9772
-75.9813
-75.9853
-75.9893
-75.9933
-75.9972
-76.0011
-76.005
-76.0088
-76.0126
-76.0164
-76.0201
-76.0239
-76.0275
-76.0312
-76.0348
-76.0384
-76.042
-76.0456
-76.0491
-76.0526
-76.056
-76.0595
-76.0629
-76.0663
-76.0696
-76.0729
-76.0762
-76.0795
-76.0828
-76.086
-76.0892
-76.0924
-76.0955
-76.0986
-76.1017
-76.1048
-76.1079
-76.1109
-76.1139
-76.1169
-76.1198
-76.1228
-76.1257
-76.1286
-76.1314
-76.1343
-76.1371
-76.1399
-76.1427
-76.1455
-76.1482
-76.1509
-76.1536
-76.1563
-76.1589
-76.1615
-76.1642
-76.1667
-76.1693
-76.1719
-76.1744
-76.1769
-76.1794
-76.1819
-76.1843
-76.1868
-76.1892
-76.1916
-76.1939
-76.1963
-76.1986
-76.201
-76.2033
-76.2056
-76.2078
-76.2101
-76.2123
-76.2145
-76.2167
-76.2189
-76.2211
-76.2232
-76.2254
-76.2275
-76.2296
-76.2317
-76.2337
-76.2358
-76.2378
-76.2398
-76.2418
-76.2438
-76.2458
-76.2478
-76.2497
-76.2516
-76.2536
-76.2554
-76.2573
-76.2592
-76.2611
-76.2629
-76.2647
-76.2665
-76.2683
-76.2701
-76.2719
-76.2737
-76.2754
-76.2771
-76.2788
-76.2806
-76.2822
-76.2839
-76.2856
-76.2872
-76.2889
-76.2905
-76.2921
-76.2937
-76.2953
-76.2969
-76.2985
-76.3
-76.3016
-76.3031
-76.3046
-76.3061
-76.3076
-76.3091
-76.3106
-76.312
-76.3135
-76.3149
-76.3164
-76.3178
-76.3192
-76.3206
-76.322
-76.3233
-76.3247
-76.3261
-76.3274
-76.3287
-76.33
-76.3314
-76.3327
-76.334
-76.3352
-76.3365
-76.3378
-76.339
-76.3403
-76.3415
-76.3427
-76.3439
-76.3452
-76.3464
-76.3475
-76.3487
-76.3499
-76.351
-76.3522
-76.3533
-76.3545
-76.3556
-76.3567
-76.3578
-76.3589
-76.36
-76.3611
-76.3622
-76.3632
-76.3643
-76.3654
-76.3664
-76.3674
-76.3685
-76.3695
-76.3705
-76.3715
-76.3725
-76.3735
-76.3745
-76.3754
-76.3764
-76.3774
-76.3783
-76.3793
-76.3802
-76.3811
-76.382
-76.383
-76.3839
-76.3848
-76.3857
-76.3866
-76.3874
-76.3883
-76.3892
-76.39
-76.3909
-76.3917
-76.3926
-76.3934
-76.3943
-76.3951
-76.3959
-76.3967
-76.3975
-76.3983
-76.3991
-76.3999
-76.4007
-76.4014
-76.4022
-76.403
-76.4037
-76.4045
-76.4052
-76.406
-75.6444
-71.3632
-67.6824
-64.9095
-62.7487
-60.9504
-59.2505
-57.2008
-52.8624
43.9501
-9.03746
-40.2725
-78.4855
-78.8854
-78.7339
-78.5814
-78.4154
-78.2354
-78.042
-77.8357
-77.6179
-75.8395
-73.8578
-72.6306
-71.764
-71.0691
-70.4704
-69.9358
-69.4506
-69.0079
-68.7298
-69.0721
-69.3612
-69.5414
-69.6541
-69.7249
-69.7699
-69.7994
-69.8202
-67.5277
-64.7653
-62.7182
-61.1415
-59.8062
-58.5005
-56.9031
-53.932
-0.522017
0.639668
-32.5041
-76.7366
-79.6792
-79.6908
-79.6533
-79.4696
-79.3624
-79.2839
-79.2059
-79.1247
-79.0398
-78.9519
-78.8617
-78.77
-78.6779
-78.5863
-78.496
-78.4079
-78.3226
-78.2408
-78.1629
-78.0893
-78.0201
-77.9555
-77.8954
-77.8398
-77.7885
-77.7414
-77.6982
-77.6586
-77.6225
-76.4066
-71.9332
-68.2455
-65.4755
-63.3331
-61.5868
-60.0178
-58.3405
-55.8375
-44.5092
18.7883
-23.3094
-67.2553
-79.0642
-79.0596
-78.9458
-78.8188
-78.6801
-78.5298
-78.3682
-78.1515
-77.8566
-77.6163
-77.4009
-77.1023
-76.8397
-76.6208
-76.4275
-76.252
-76.0906
-75.9418
-75.8048
-75.6792
-75.5644
-75.4602
-75.3661
-75.2816
-75.2482
-75.3295
-75.3949
-75.4375
-75.466
-75.4856
-75.5044
-75.5599
-75.6055
-75.6377
-75.6612
-75.679
-75.6928
-75.7039
-75.7131
-75.7209
-75.7278
-75.734
-75.7397
-75.7451
-75.7502
-75.7551
-75.7599
-75.7646
-75.7693
-75.774
-75.7787
-75.7833
-75.788
-75.7927
-75.7973
-75.8021
-75.8068
-75.8115
-75.8163
-75.821
-75.8258
-75.8306
-75.8353
-75.8401
-75.8449
-75.8497
-75.8544
-75.8592
-75.8639
-75.8687
-75.8734
-75.8781
-75.8828
-75.8874
-75.892
-75.8967
-75.9012
-75.9058
-75.9103
-75.9148
-75.9193
-75.9238
-75.9282
-75.9326
-75.937
-75.9413
-75.9456
-75.9499
-72.6911
-68.6855
-65.6376
-63.2962
-61.3971
-59.681
-57.7769
-54.5104
22.0896
1.79056
-31.5878
-76.6411
-78.9288
-78.771
-78.622
-78.4597
-78.2835
-78.0936
-77.8908
-77.6761
-76.986
-74.594
-72.9518
-71.8872
-71.0843
-70.4196
-69.8404
-69.6351
-69.7105
-68.9399
-66.826
-65.2278
-64.1029
-63.2733
-62.6363
-62.1287
-61.7131
-61.3617
-61.0575
-60.7904
-59.8144
-57.7491
-56.9159
-56.2022
-54.6884
-48.4048
25.6092
-21.1481
-61.0773
-79.2898
-79.5096
-79.4573
-79.3916
-79.3194
-79.2409
-79.1565
-79.0666
-78.9715
-78.8722
-78.7695
-78.6645
-78.5582
-78.4518
-78.3464
-78.243
-78.1426
-78.0459
-77.9537
-77.8663
-77.7841
-77.7073
-77.636
-77.5701
-77.5094
-77.4539
-77.4032
-77.3571
-77.3152
-77.2772
-73.8675
-69.6967
-66.5296
-64.1122
-62.1892
-60.5343
-58.8871
-56.7357
-51.1529
35.9193
-14.8581
-48.7868
-78.7378
-78.9222
-78.7945
-78.6499
-78.4918
-78.3205
-78.1364
-77.9403
-77.7332
-77.0184
-74.4493
-72.6652
-71.5965
-71.0837
-70.6767
-70.3066
-69.9677
-69.9204
-70.1814
-70.3342
-70.4042
-70.428
-70.4266
-70.4122
-70.3924
-70.3719
-70.3533
-70.3384
-70.3282
-70.3231
-70.3233
-70.3288
-70.3393
-70.3547
-70.3746
-70.3987
-70.4267
-70.4581
-70.4927
-70.5301
-70.57
-70.6121
-70.6562
-70.7019
-70.7491
-70.7974
-70.8468
-70.897
-70.9478
-70.9992
-71.2228
-71.7599
-72.2139
-72.5751
-73.0702
-73.5765
-73.9548
-74.239
-74.4568
-74.6399
-74.8929
-75.0935
-75.2404
-75.3503
-75.4345
-75.5002
-75.5524
-75.5946
-75.6292
-75.6579
-75.6822
-75.7029
-75.7208
-75.7364
-75.7502
-75.7625
-75.7736
-75.7837
-75.793
-75.8015
-75.8095
-75.8171
-75.8242
-75.8309
-75.8374
-75.8435
-75.8495
-75.8553
-75.8609
-75.8664
-75.8718
-75.877
-75.8821
-75.8872
-75.8921
-75.897
-75.9019
-75.9066
-75.9113
-75.916
-75.9206
-75.9251
-75.9296
-75.9341
-75.9385
-75.9429
-75.9472
-75.9515
-75.9558
-75.96
-74.8349
-70.5848
-67.0667
-64.408
-62.3197
-60.549
-58.808
-56.5279
-50.0869
31.6655
-17.2062
-53.5171
-78.8483
-78.8581
-78.7182
-78.5651
-78.3982
-78.2176
-78.0238
-77.8176
-77.6004
-75.7602
-73.6862
-72.3914
-71.4797
-70.755
-70.1372
-69.8871
-69.9092
-69.8644
-68.7576
-66.5356
-64.8909
-63.7181
-62.8412
-62.1557
-61.598
-61.1238
-60.7066
-60.3225
-59.9519
-59.5809
-60.2742
-61.6978
-62.9491
-63.9741
-64.8041
-65.234
-63.3888
-61.6758
-60.3809
-59.3018
-58.2753
-57.1081
-55.3726
-50.7433
37.8888
-16.1487
-50.2251
-79.0746
-79.6595
-79.6364
-79.5921
-79.5424
-79.488
-79.4291
-79.366
-79.2988
-79.2281
-79.1545
-79.0787
-79.0015
-78.9236
-78.8459
-78.7691
-78.6939
-78.621
-78.5508
-78.4837
-78.4201
-78.36
-78.3037
-78.251
-78.202
-78.1565
-78.1144
-78.0754
-76.411
-71.8793
-68.2363
-65.4874
-63.3529
-61.6073
-60.0353
-58.3522
-55.8367
-44.3135
18.5588
-23.3035
-67.5798
-78.9931
-78.9738
-78.8498
-78.7119
-78.5615
-78.3987
-78.2239
-77.9375
-75.7371
-74.1741
-73.2268

