-70
-70.0758
-70.1508
-70.225
-70.2983
-70.3706
-70.4419
-70.5122
-70.5814
-70.6496
-70.7168
-70.7829
-70.848
-70.9121
-70.9752
-71.0373
-71.0984
-71.1586
-71.2178
-71.2761
-71.3334
-71.3899
-71.4455
-71.5003
-71.5543
-71.6074
-71.6598
-71.7114
-71.7623
-71.8124
-71.8619
-71.9106
-71.9587
-72.006
-72.0527
-72.0988
-72.1442
-72.1889
-72.2331
-72.2766
-72.3196
-72.362
-72.4038
-72.445
-72.4857
-72.5258
-72.5654
-72.6045
-72.6431
-72.6812
-72.7188
-72.756
-72.7927
-72.8289
-72.8647
-72.9
-72.9349
-72.9694
-73.0035
-73.0371
-73.0704
-73.1032
-73.1357
-73.1678
-73.1994
-73.2307
-73.2617
-73.2922
-73.3224
-73.3523
-73.3817
-73.4109
-73.4397
-73.4682
-73.4963
-73.5241
-73.5516
-73.5788
-73.6057
-73.6323
-73.6585
-73.6845
-73.7102
-73.7356
-73.7608
-73.7857
-73.8103
-73.8346
-73.8587
-73.8825
-73.9061
-73.9294
-73.9524
-73.9753
-73.9979
-74.0202
-74.0423
-74.0642
-74.0859
-74.1073
-74.1285
-74.1495
-74.1703
-74.1909
-74.2112
-74.2313
-74.2513
-74.271
-74.2905
-74.3098
-74.329
-74.3479
-74.3666
-74.3852
-74.4036
-74.4217
-74.4397
-74.4575
-74.4752
-74.4926
-74.5099
-74.527
-74.544
-74.5607
-74.5774
-74.5938
-74.6101
-74.6262
-74.6422
-74.658
-74.6736
-74.6891
-74.7045
-74.7197
-74.7347
-74.7496
-74.7644
-74.779
-74.7935
-74.8079
-74.8221
-74.8362
-74.8501
-74.864
-74.8777
-74.8913
-74.9047
-74.918
-74.9313
-74.9443
-74.9573
-74.9701
-74.9829
-74.9955
-75.008
-75.0204
-75.0327
-75.0448
-75.0569
-75.0688
-75.0806
-75.0924
-75.104
-75.1155
-75.1269
-75.1382
-75.1495
-75.1606
-75.1716
-75.1825
-75.1933
-75.204
-75.2147
-75.2252
-75.2356
-75.246
-75.2562
-75.2664
-75.2764
-75.2864
-75.2963
-75.3061
-75.3158
-75.3255
-75.335
-75.3445
-75.3538
-75.3631
-75.3724
-75.3815
-75.3906
-75.3995
-75.4084
-75.4172
-75.426
-75.4346
-75.4432
-75.4518
-75.4602
-75.4686
-75.4769
-75.4851
-75.4932
-75.5013
-75.5093
-75.5173
-75.5251
-75.533
-75.5407
-75.5484
-75.556
-75.5635
-75.571
-75.5784
-75.5858
-75.593
-75.6003
-75.6074
-75.6145
-75.6216
-75.6285
-75.6355
-75.6423
-75.6491
-75.6559
-75.6626
-75.6692
-75.6758
-75.6823
-75.6888
-75.6952
-75.7015
-75.7078
-75.7141
-75.7203
-75.7264
-75.7325
-75.7386
-75.7446
-75.7505
-75.7564
-75.7622
-75.768
-75.7738
-75.7795
-75.7851
-75.7907
-75.7963
-75.8018
-75.8072
-75.8127
-75.818
-75.8234
-75.8287
-75.8339
-75.8391
-75.8443
-75.8494
-75.8545
-75.8595
-75.8645
-75.8695
-75.8744
-75.8793
-75.8841
-75.8889
-75.8937
-75.8984
-75.9031
-75.9077
-75.9123
-75.9169
-75.9214
-75.9259
-75.9304
-75.9348
-75.9392
-75.9436
-75.9479
-75.9522
-75.9565
-75.9607
-75.9649
-75.969
-75.9731
-75.9772
-75.9813
-75.9853
-75.9893
-75.9933
-75.9972
-76.0011
-76.005
-76.0088
-76.0126
-76.0164
-76.0201
-76.0239
-76.0275
-76.0312
-76.0348
-76.0384
-76.042
-76.0456
-76.0491
-76.0526
-76.056
-76.0595
-76.0629
-76.0663
-76.0696
-76.0729
-76.0762
-76.0795
-76.0828
-76.086
-76.0892
-76.0924
-76.0955
-76.0986
-76.1017
-76.1048
-76.1079
-76.1109
-76.1139
-76.1169
-76.1198
-76.1228
-76.1257
-76.1286
-76.1314
-76.1343
-76.1371
-76.1399
-76.1427
-76.1455
-76.1482
-76.1509
-76.1536
-76.1563
-76.1589
-76.1615
-76.1642
-76.1667
-76.1693
-76.1719
-76.1744
-76.1769
-76.1794
-76.1819
-76.1843
-76.1868
-76.1892
-76.1916
-76.1939
-76.1963
-76.1986
-76.201
-76.2033
-76.2056
-76.2078
-76.2101
-76.2123
-76.2145
-76.2167
-76.2189
-76.2211
-76.2232
-76.2254
-76.2275
-76.2296
-76.2317
-76.2337
-76.2358
-76.2378
-76.2398
-76.2418
-76.2438
-76.2458
-76.2478
-76.2497
-76.2516
-76.2536
-76.2554
-76.2573
-76.2592
-76.2611
-76.2629
-76.2647
-76.2665
-76.2683
-76.2701
-76.2719
-76.2737
-76.2754
-76.2771
-76.2788
-76.2806
-76.2822
-76.2839
-76.2856
-76.2872
-76.2889
-76.2905
-76.2921
-76.2937
-76.2953
-76.2969
-76.2985
-76.3
-76.3016
-76.3031
-76.3046
-76.3061
-76.3076
-76.3091
-76.3106
-76.312
-76.3135
-76.3149
-76.3164
-76.3178
-76.3192
-76.3206
-76.322
-76.3233
-76.3247
-76.3261
-76.3274
-76.3287
-76.33
-76.3314
-76.3327
-76.334
-76.3352
-76.3365
-76.3378
-76.339
-76.3403
-76.3415
-76.3427
-76.3439
-76.3452
-76.3464
-76.3475
-76.3487
-76.3499
-76.351
-76.3522
-76.3533
-76.3545
-76.3556
-76.3567
-76.3578
-76.3589
-76.36
-76.3611
-76.3622
-76.3632
-76.3643
-76.3654
-76.3664
-76.3674
-76.3685
-76.3695
-76.3705
-76.3715
-76.3725
-76.3735
-76.3745
-76.3754
-76.3764
-76.3774
-76.3783
-76.3793
-76.3802
-76.3811
-76.382
-76.383
-76.3839
-76.3848
-76.3857
-76.3866
-76.3874
-76.3883
-76.3892
-76.39
-76.3909
-76.3917
-76.3926
-76.3934
-76.3943
-76.3951
-76.3959
-76.3967
-76.3975
-76.3983
-76.3991
-76.3999
-76.4007
-76.4014
-76.4022
-76.403
-76.4037
-76.4045
-76.4052
-76.406
-76.4067
-76.4074
-75.6458
-71.3644
-67.6835
-64.9104
-62.7495
-60.9512
-59.2514
-57.2021
-52.8667
43.9686
-9.01768
-40.4998
-78.3979
-79.0597
-78.9539
-78.8271
-78.688
-78.5369
-78.3739
-77.9444
-75.8546
-74.5108
-73.6947
-73.0675
-72.5215
-72.0196
-71.5488
-71.1048
-70.6873
-70.2969
-69.9346
-69.6013
-69.2976
-69.0236
-68.779
-68.5634
-68.3759
-66.0046
-64.3271
-63.2737
-62.5342
-61.9917
-61.5801
-61.2558
-60.9948
-60.7822
-60.6051
-60.4539
-60.324
-60.2121
-60.1161
-60.0346
-59.9667
-59.9121
-59.8707
-59.8427
-59.8288
-59.8296
-59.8459
-59.8787
-59.9291
-59.998
-60.0863
-60.1946
-60.3236
-60.4732
-60.6435
-60.8338
-61.0419
-61.2636
-61.497
-61.7403
-61.9917
-62.248
-62.506
-62.7644
-63.022
-63.2775
-63.0828
-60.7781
-58.6394
-56.6178
-53.8316
-40.9264
7.90222
-29.3369
-72.9172
-79.3445
-79.4426
-78.1294
-77.5107
-77.1858
-76.8883
-76.5836
-76.2683
-75.944
-75.6137
-75.2807
-72.7996
-70.4318
-68.7889
-68.2
-67.9352
-67.6967
-67.4785
-67.2823
-67.1082
-66.9563
-66.8262
-67.5165
-69.0108
-70.5522
-71.5674
-72.518
-73.1468
-73.7335
-74.1092
-74.331
-74.4684
-74.5575
-74.6179
-74.6606
-74.692
-74.716
-74.7353
-74.7513
-74.7651
-74.7774
-74.7888
-74.7995
-74.8098
-74.8198
-74.8297
-74.8396
-74.8495
-74.8595
-74.8695
-74.8797
-74.8899
-74.9003
-74.9108
-74.9214
-74.9321
-74.9428
-74.9537
-74.9646
-74.9756
-74.9867
-74.9977
-75.0088
-75.02
-75.0311
-75.0423
-75.0534
-75.0645
-75.0757
-75.0867
-75.0978
-75.1088
-75.1198
-75.1307
-75.1416
-75.1524
-75.1631
-75.1738
-75.1845
-75.195
-75.2055
-75.2159
-75.2263
-75.2366
-75.2467
-75.2569
-75.2669
-75.2769
-75.2868
-75.2966
-75.3063
-75.316
-75.3256
-75.3351
-73.8391
-69.684
-66.3387
-63.7991
-61.7797
-60.0172
-58.175
-55.3947
-37.5556
12.2111
-26.3077
-72.1421
-79.0141
-78.9616
-78.836
-78.6969
-78.5454
-78.3815
-78.2058
-77.3566
-75.2579
-73.9749
-73.1489
-72.5016
-71.9386
-71.4254
-70.9484
-70.5031
-68.8635
-66.3793
-64.4883
-63.0551
-61.9078
-60.9298
-60.0306
-59.1204
-58.0699
-56.5893
-53.4674
30.2641
-3.46463
-35.3843
-77.3242
-79.0499
-78.9654
-78.8435
-78.7098
-78.5652
-78.4101
-78.2454
-78.0719
-77.8912
-77.7048
-77.5147
-77.3229
-77.1314
-76.9423
-76.7575
-76.5787
-76.4074
-76.2448
-76.0918
-75.9491
-75.817
-75.6957
-75.5851
-75.4849
-75.3948
-75.3143
-75.2429
-75.18
-75.1249
-75.0771
-75.0359
-75.0007
-74.971
-74.9462
-74.9258
-74.9094
-73.8124
-69.7209
-66.3367
-63.7744
-61.7413
-59.9684
-58.112
-55.2838
-35.2983
10.8706
-26.8316
-72.7732
-78.9444
-78.8717
-78.7357
-78.5855
-78.422
-78.2456
-78.0566
-77.8561
-77.6454
-76.4182
-73.8639
-72.1791
-71.0442
-70.5008
-70.254
-70.0026
-69.7503
-69.5076
-69.2805
-69.0719
-68.8835
-68.7159
-68.5691
-68.4427
-68.3359
-68.2478
-68.1774
-68.7171
-69.4932
-70.5469
-71.3325
-71.8933
-72.7956
-73.6064
-74.1139
-74.4396
-74.6571
-74.8075
-74.9151
-74.9942
-75.054
-75.1004
-75.1372
-75.1671
-75.192
-75.213
-75.2312
-75.2473
-75.2617
-75.2747
-75.2868
-75.2981
-75.3088
-75.319
-75.3288
-75.3445
-75.4158
-75.4817
-75.5338
-75.5757
-75.6098
-75.6381
-75.6619
-75.6822
-75.6997
-75.715
-75.7285
-75.7406
-75.7515
-75.7615
-75.7706
-75.7791
-75.787
-75.7945
-75.8016
-75.8083
-75.8148
-75.821
-75.8271
-75.8329
-75.8386
-75.8442
-75.8496
-75.8549
-75.8602
-75.8653
-75.8704
-75.8754
-75.8804
-75.8853
-75.8901
-75.8949
-75.8996
-75.9043
-75.909
-75.9136
-75.9182
-75.9227
-75.9272
-75.9316
-75.936
-75.9404
-75.9448
-75.9491
-75.9533
-75.9576
-75.9618
-75.966
-73.1422
-69.0553
-65.9192
-63.519
-61.5867
-59.8668
-58.0135
-55.0484
-23.1753
7.42184
-28.5035
-74.8188
-79.0193
-78.7322
-78.5691
-78.4003
-78.2174
-78.0204
-77.8099
-77.587
-77.3534
-75.7057
-73.4529
-72.0051
-70.9962
-70.2088
-69.5501
-68.9774
-68.4692
-68.0147
-66.6675
-64.2724
-62.3673
-60.8489
-59.502
-58.099
-56.2011
-51.5804
40.0514
-13.6207
-46.2554
-79.0803
-79.6848
-79.5877
-78.2095
-77.5366
-77.2186
-76.9344
-76.6446
-76.3458
-76.0398
-75.7291
-75.4169
-75.1065
-74.8011
-74.5036
-74.2168
-73.943
-73.6841
-73.4415
-73.2165
-73.0095
-72.8209
-72.6506
-72.4983
-72.3633
-72.2449
-72.1422
-72.0544
-71.9803
-71.9189
-71.8692
-71.8302
-71.8008
-71.7801
-71.7673
-71.7615
-71.7619
-71.7678
-71.7787
-71.7938
-71.8127
-71.8348
-71.8599
-71.8873
-71.9169
-71.9483
-71.9811
-72.0153
-72.0505
-69.2433
-65.782
-63.1317
-61.0265
-59.1447
-57.0068
-52.7672
44.5677
-9.14963
-40.3569
-78.297
-78.8401
-78.6949
-78.5389
-78.3689
-78.1849
-77.9874
-77.7773
-77.5557
-76.1745
-73.9281

