-70
-69.8623
-69.7285
-69.5983
-69.4718
-69.3487
-69.2291
-69.1128
-68.9997
-68.8897
-68.7828
-68.6789
-68.5778
-68.4795
-68.3839
-68.291
-68.2007
-68.1128
-68.0274
-67.9443
-67.8636
-67.7851
-67.7087
-67.6345
-67.5623
-67.4921
-67.4238
-67.3574
-67.2929
-67.2301
-67.1691
-67.1098
-67.0521
-66.996
-66.9414
-66.8884
-66.8368
-66.7866
-66.7378
-66.6904
-66.6443
-66.5994
-66.5558
-66.5133
-66.4721
-66.432
-66.393
-66.355
-66.3181
-66.2823
-66.2474
-66.2134
-66.1805
-66.1484
-66.1172
-66.0868
-66.0573
-66.0286
-66.0007
-65.9736
-65.9472
-65.9215
-65.8966
-65.8723
-65.8487
-65.8257
-65.8034
-65.7817
-65.7606
-65.74
-65.72
-65.7006
-65.6817
-65.6633
-65.6455
-65.6281
-65.6112
-65.5948
-65.5788
-65.5632
-65.5481
-65.5334
-65.5191
-65.5052
-65.4917
-65.4785
-65.4657
-65.4533
-65.4412
-65.4294
-65.418
-65.4068
-65.396
-65.3855
-65.3752
-65.3653
-65.3556
-65.3462
-65.337
-65.3281
-65.3194
-65.311
-65.3028
-65.2948
-65.2871
-65.2795
-65.2722
-65.2651
-65.2581
-65.2514
-65.2448
-65.2385
-65.2322
-65.2262
-65.2203
-65.2146
-65.2091
-65.2037
-65.1984
-65.1933
-65.1884
-65.1835
-65.1788
-65.1743
-65.1698
-65.1655
-65.1613
-65.1572
-65.1532
-65.1493
-65.1456
-65.1419
-65.1384
-65.1349
-65.1315
-65.1283
-65.1251
-65.122
-65.119
-65.1161
-65.1132
-65.1104
-65.1077
-65.1051
-65.1026
-65.1001
-65.0977
-65.0953
-65.0931
-65.0908
-65.0887
-65.0866
-65.0845
-65.0826
-65.0806
-65.0788
-65.0769
-65.0752
-65.0734
-65.0718
-65.0701
-65.0685
-65.067
-65.0655
-65.064
-65.0626
-65.0612
-65.0599
-65.0586
-65.0573
-65.0561
-65.0549
-65.0537
-65.0526
-65.0514
-65.0504
-65.0493
-65.0483
-65.0473
-65.0464
-65.0454
-65.0445
-65.0436
-65.0428
-65.0419
-65.0411
-65.0403
-65.0395
-65.0388
-65.0381
-65.0374
-65.0367
-65.036
-65.0353
-65.0347
-65.0341
-65.0335
-65.0329
-65.0323
-65.0318
-65.0313
-65.0307
-65.0302
-65.0297
-65.0293
-65.0288
-65.0283
-65.0279
-65.0275
-65.027
-65.0266
-65.0262
-65.0259
-65.0255
-65.0251
-65.0248
-65.0244
-65.0241
-65.0238
-65.0234
-65.0231
-65.0228
-65.0225
-65.0223
-65.022
-65.0217
-65.0215
-65.0212
-65.021
-65.0207
-65.0205
-65.0203
-65.02
-65.0198
-65.0196
-65.0194
-65.0192
-65.019
-65.0188
-65.0187
-65.0185
-65.0183
-65.0181
-65.018
-65.0178
-65.0177
-65.0175
-65.0174
-65.0172
-65.0171
-65.017
-65.0168
-65.0167
-65.0166
-65.0165
-65.0163
-65.0162
-65.0161
-65.016
-65.0159
-65.0158
-65.0157
-65.0156
-65.0155
-65.0154
-65.0153
-65.0153
-65.0152
-65.0151
-65.015
-65.0149
-65.0149
-65.0148
-65.0147
-65.0147
-65.0146
-65.0145
-65.0145
-65.0144
-65.0143
-65.0143
-65.0142
-65.0142
-65.0141
-65.0141
-65.014
-65.014
-65.0139
-65.0139
-65.0138
-65.0138
-65.0137
-65.0137
-65.0137
-65.0136
-65.0136
-65.0135
-65.0135
-65.0135
-65.0134
-65.0134
-65.0134
-65.0133
-65.0133
-65.0133
-65.0133
-65.0132
-65.0132
-65.0132
-65.0131
-65.0131
-65.0131
-65.0131
-65.0131
-65.013
-65.013
-65.013
-65.013
-65.0129
-65.0129
-65.0129
-65.0129
-65.0129
-65.0129
-65.0128
-65.0128
-65.0128
-65.0128
-65.0128
-65.0128
-65.0127
-65.0127
-65.0127
-65.0127
-65.0127
-65.0127
-65.0127
-65.0127
-65.0126
-65.0126
-65.0126
-65.0126
-65.0126
-65.0126
-65.0126
-65.0126
-65.0126
-65.0126
-65.0125
-65.0125
-65.0125
-65.0125
-65.0125
-65.0125
-65.0125
-65.0125
-65.0125
-65.0125
-65.0125
-65.0125
-65.0125
-65.0124
-65.0124
-65.0124
-65.0124
-65.0124
-65.0124
-65.0124
-65.0124
-65.0124
-65.0124
-65.0124
-65.0124
-65.0124
-65.0124
-65.0124
-65.0124
-65.0124
-65.0124
-65.0124
-65.0124
-65.0124
-65.0124
-65.0124
-65.0123
-65.0123
-65.0123
-65.0123
-65.0123
-65.0123
-65.0123
-65.0123
-65.0123
-65.0123
-65.0123
-65.0123
-65.0123
-65.0123
-65.0123
-65.0123
-65.0123
-65.0123
-65.0123
-65.0123
-65.0123
-65.0123
-65.0123
-65.0123
-65.0123
-65.0123
-65.0123
-65.0123
-65.0123
-65.0123
-65.0123
-65.0123
-65.0123
-65.0123
-65.0123
-65.0123
-65.0123
-65.0123
-65.0123
-65.0123
-65.0123
-65.0123
-65.0123
-65.0123
-65.0123
-65.0123
-65.0123
-65.0123
-65.0123
-65.0123
-65.0123
-65.0123
-65.0123
-65.0123
-65.0123
-65.0123
-65.0123
-65.0123
-65.0123
-65.0123
-65.0123
-65.0123
-65.0123
-65.0123
-65.0123
-65.0123
-65.0123
-65.0123
-65.0123
-65.0123
-65.0123
-65.0123
-65.0123
-65.0123
-64.8272
-64.6749
-64.5616
-64.4807
-64.4179
-64.3677
-64.3273
-64.2951
-64.2696
-64.2499
-64.2351
-64.2244
-64.2173
-64.2132
-64.2117
-64.2125
-64.2152
-64.2195
-64.2252
-64.2321
-64.2401
-64.2489
-64.2584
-64.2685
-64.2792
-64.2902
-64.3016
-64.3133
-64.3251
-64.3371
-64.3491
-64.3613
-64.3734
-64.3855
-64.3716
-64.3208
-64.2901
-64.2697
-64.2579
-64.2507
-64.2471
-64.2463
-64.2479
-64.2513
-64.2563
-64.2626
-64.27
-64.2783
-64.2873
-64.297
-64.3072
-64.3177
-64.3286
-64.2726
-64.2353
-64.0837
-63.2947
-62.6941
-62.0418
-61.4704
-60.9653
-59.8312
-58.7744
-57.7093
-56.8519
-56.0347
-55.4363
-54.9731
-54.4954
-54.0809
-53.7561
-53.3499
-53.0572
-52.7479
-52.5035
-52.3243
-52.1974
-52.0239
-51.8876
-51.796
-51.7447
-51.7235
-51.727
-51.7258
-51.6988
-51.5888
-51.5335
-51.463
-51.4185
-51.4117
-51.4345
-51.4805
-51.5452
-51.6262
-51.7218
-51.7641
-51.7444
-51.7534
-51.7986
-51.836
-51.8733
-51.8787
-51.8394
-51.8448
-51.8575
-51.8856
-51.9434
-52.0231
-52.121
-52.2332
-52.3579
-52.4935
-52.6387
-52.7919
-52.9519
-53.1178
-53.2887
-53.4638
-53.6425
-53.8242
-54.0077
-54.1104
-54.2259
-54.3585
-54.5051
-54.6593
-54.787
-54.9126
-55.0331
-55.1337
-55.1615
-55.2215
-55.2035
-54.9948
-54.6709
-54.2406
-53.7404
-53.2253
-52.7025
-52.1263
-51.4985
-50.8792
-50.2206
-49.5308
-48.9407
-48.4203
-47.9549
-47.5058
-47.0451
-46.5436
-45.9581
-45.2078
-44.1219
-42.3315
-37.9621
16.9365
20.8288
-21.3632
-48.947
-58.7353
-61.3787
-62.1994
-62.4811
-62.5554
-62.5466
-62.5076
-62.4612
-62.417
-62.3789
-62.3478
-62.3237
-62.3061
-62.2945
-62.2881
-62.2864
-62.2887
-62.2946
-62.3036
-62.3154
-62.3295
-62.3456
-62.3635
-62.383
-62.4037
-62.4255
-62.4483
-62.4719
-62.4961
-62.5208
-62.546
-62.5714
-62.5971
-62.623
-62.649
-62.6749
-62.7009
-62.7268
-62.7525
-62.7781
-62.8035
-62.8287
-62.8536
-62.8783
-62.9026
-62.9267
-62.9505
-62.9739
-62.997
-63.0198
-63.0422
-63.0642
-63.0859
-63.1073
-63.1283
-63.1489
-63.1692
-63.1891
-63.2087
-63.2279
-63.2468
-63.2653
-63.2835
-63.3014
-63.3189
-63.1912
-62.7287
-62.4097
-62.1749
-62.0095
-61.8825
-61.7368
-61.6159
-61.5256
-61.4603
-61.4027
-61.1735
-60.699
-60.319
-60.0457
-59.7148
-59.2028
-58.3819
-57.6298
-56.7275
-56.022
-55.5
-54.9952
-54.595
-54.0846
-53.6072
-53.2594
-53.0034
-52.8169
-52.5757
-52.2836
-52.0794
-51.912
-51.7813
-51.6821
-51.6191
-51.5123
-51.4304
-51.39
-51.3838
-51.4043
-51.3789
-51.3477
-51.3553
-51.3924
-51.4429
-51.4909
-51.489
-51.5254
-51.5549
-51.6119
-51.6913
-51.7584
-51.8155
-51.8656
-51.8655
-51.8801
-51.8911
-51.9101
-51.9146
-51.917
-51.9068
-51.8643
-51.8341
-51.8495
-51.8976
-51.9702
-52.0615
-52.1685
-52.2892
-52.4219
-52.5652
-52.7176
-52.8777
-53.0444
-53.2139
-53.3476
-53.4648
-53.5862
-53.6495
-53.7258
-53.8002
-53.8555
-53.91
-53.8632
-53.7945
-53.6901
-53.6538
-53.5464
-53.4671
-53.2662
-53.0813
-52.9646
-52.7939
-52.649
-52.4645
-52.158
-51.8109
-51.5171
-51.1547
-50.7191
-50.2955
-49.8059
-49.3739
-48.9848
-48.6176
-48.2822
-47.9487
-47.5649
-47.1516
-46.7148
-46.2148
-45.5715
-44.6896
-43.3563
-40.724
-29.9988
41.2322
-5.06079
-38.8083
-57.3923
-62.3367
-63.7164
-64.1482
-64.2497
-64.2259
-64.1558
-64.073
-63.9912
-63.9157
-63.8481
-63.7886
-63.7366
-63.6915
-63.6526
-63.6192
-63.5907
-63.5665
-63.5462
-63.5293
-63.5155
-63.5043
-63.4956
-63.4891
-63.4844
-63.4815
-63.48
-63.48
-63.4811
-63.4833
-63.4865
-63.4905
-63.4953
-63.5007
-63.5067
-63.5131
-63.5201
-63.5274
-63.535
-63.543
-63.5511
-63.5595
-63.568
-63.5767
-63.5854
-63.5943
-63.6032
-63.6121
-63.6211
-63.6301
-63.639
-63.648
-63.6569
-63.6658
-63.6746
-63.6834
-63.6921
-63.7008
-63.7094
-63.7179
-63.7263
-63.7347
-63.7429
-63.7511
-63.7592
-63.7672
-63.7751
-63.783
-63.7907
-63.7984
-63.8059
-63.8134
-63.8208
-63.8281
-63.8354
-63.8425
-63.8496
-63.8565
-63.8634
-63.8702
-63.8484
-63.8041
-63.7754
-63.7291
-63.6268
-63.3078
-63.081
-62.8898
-62.7149
-62.5848
-62.4686
-62.2915
-62.0557
-61.8665
-61.5182
-61.2593
-61.0579
-60.6312
-59.1569
-57.7681
-56.7899
-56.0873
-55.5564
-54.999
-54.5677
-54.1044
-53.7568
-53.439
-53.1996
-53.0224
-52.8973
-52.813
-52.7626
-52.7309
-52.692
-52.5211
-52.3612
-52.2318
-52.1196
-52.0622
-52.0426
-52.0385
-52.0442
-52.0631
-52.0452
-52.0688
-52.1185
-52.1122
-51.9565
-51.8461
-51.7955
-51.7931
-51.8223
-51.851
-51.8511
-51.8702
-51.9057
-51.9706
-52.0387
-52.0824
-52.1469
-52.2352
-52.3436
-52.4666
-52.5995
-52.7036
-52.7529
-52.8285
-52.9298
-53.0515
-53.1863
-53.3313
-53.4846
-53.6449
-53.8108
-53.9811
-54.1551
-54.3318
-54.5107
-54.6912
-54.8726
-55.0544
-55.1625
-55.2648
-55.3871
-55.5232
-55.6675
-55.8164
-55.9684
-56.1224
-56.2706
-56.3827
-56.509
-56.6062
-56.6737
-56.6953
-56.7542
-56.8332
-56.9277
-57.001
-56.9875
-56.7437
-56.3871
-56.0275
-55.5751
-55.0899
-54.4865
-53.7841
-53.2179
-52.6661
-52.0213
-51.5044
-51.0745
-50.7486
-50.4631
-50.2368
-50.0545
-49.8383

