-70
-70.0758
-70.1508
-70.225
-70.2983
-70.3706
-70.4419
-70.5122
-70.5814
-70.6496
-70.7168
-70.7829
-70.848
-70.9121
-70.9752
-71.0373
-71.0984
-71.1586
-71.2178
-71.2761
-71.3334
-71.3899
-71.4455
-71.5003
-71.5543
-71.6074
-71.6598
-71.7114
-71.7623
-71.8124
-71.8619
-71.9106
-71.9587
-72.006
-72.0527
-72.0988
-72.1442
-72.1889
-72.2331
-72.2766
-72.3196
-72.362
-72.4038
-72.445
-72.4857
-72.5258
-72.5654
-72.6045
-72.6431
-72.6812
-72.7188
-72.756
-72.7927
-72.8289
-72.8647
-72.9
-72.9349
-72.9694
-73.0035
-73.0371
-73.0704
-73.1032
-73.1357
-73.1678
-73.1994
-73.2307
-73.2617
-73.2922
-73.3224
-73.3523
-73.3817
-73.4109
-73.4397
-73.4682
-73.4963
-73.5241
-73.5516
-73.5788
-73.6057
-73.6323
-73.6585
-73.6845
-73.7102
-73.7356
-73.7608
-73.7857
-73.8103
-73.8346
-73.8587
-73.8825
-73.9061
-73.9294
-73.9524
-73.9753
-73.9979
-74.0202
-74.0423
-74.0642
-74.0859
-74.1073
-74.1285
-74.1495
-74.1703
-74.1909
-74.2112
-74.2313
-74.2513
-74.271
-74.2905
-74.3098
-74.329
-74.3479
-74.3666
-74.3852
-74.4036
-74.4217
-74.4397
-74.4575
-74.4752
-74.4926
-74.5099
-74.527
-74.544
-74.5607
-74.5774
-74.5938
-74.6101
-74.6262
-74.6422
-74.658
-74.6736
-74.6891
-74.7045
-74.7197
-74.7347
-74.7496
-74.7644
-74.779
-74.7935
-74.8079
-74.8221
-74.8362
-74.8501
-74.864
-74.8777
-74.8913
-74.9047
-74.918
-74.9313
-74.9443
-74.9573
-74.9701
-74.9829
-74.9955
-75.008
-75.0204
-75.0327
-75.0448
-75.0569
-75.0688
-75.0806
-75.0924
-75.104
-75.1155
-75.1269
-75.1382
-75.1495
-75.1606
-75.1716
-75.1825
-75.1933
-75.204
-75.2147
-75.2252
-75.2356
-75.246
-75.2562
-75.2664
-75.2764
-75.2864
-75.2963
-75.3061
-75.3158
-75.3255
-75.335
-75.3445
-75.3538
-75.3631
-75.3724
-75.3815
-75.3906
-75.3995
-75.4084
-75.4172
-75.426
-75.4346
-75.4432
-75.4518
-75.4602
-75.4686
-75.4769
-75.4851
-75.4932
-75.5013
-75.5093
-75.5173
-75.5251
-75.533
-75.5407
-75.5484
-75.556
-75.5635
-75.571
-75.5784
-75.5858
-75.593
-75.6003
-75.6074
-75.6145
-75.6216
-75.6285
-75.6355
-75.6423
-75.6491
-75.6559
-75.6626
-75.6692
-75.6758
-75.6823
-75.6888
-75.6952
-75.7015
-75.7078
-75.7141
-75.7203
-75.7264
-75.7325
-75.7386
-75.7446
-75.7505
-75.7564
-75.7622
-75.768
-75.7738
-75.7795
-75.7851
-75.7907
-75.7963
-75.8018
-75.8072
-75.8127
-75.818
-75.8234
-75.8287
-75.8339
-75.8391
-75.8443
-75.8494
-75.8545
-75.8595
-75.8645
-75.8695
-75.8744
-75.8793
-75.8841
-75.8889
-75.8937
-75.8984
-75.9031
-75.9077
-75.9123
-75.9169
-75.9214
-75.9259
-75.9304
-75.9348
-75.9392
-75.9436
-75.9479
-75.9522
-75.9565
-75.9607
-75.9649
-75.969
-75.9731
-75.9772
-75.9813
-75.9853
-75.9893
-75.9933
-75.9972
-76.0011
-76.005
-76.0088
-76.0126
-76.0164
-76.0201
-76.0239
-76.0275
-76.0312
-76.0348
-76.0384
-76.042
-76.0456
-76.0491
-76.0526
-76.056
-76.0595
-76.0629
-76.0663
-76.0696
-76.0729
-76.0762
-76.0795
-76.0828
-76.086
-76.0892
-76.0924
-76.0955
-76.0986
-76.1017
-76.1048
-76.1079
-76.1109
-76.1139
-76.1169
-76.1198
-76.1228
-76.1257
-76.1286
-76.1314
-76.1343
-76.1371
-76.1399
-76.1427
-76.1455
-76.1482
-76.1509
-76.1536
-76.1563
-76.1589
-76.1615
-76.1642
-76.1667
-76.1693
-76.1719
-76.1744
-76.1769
-76.1794
-76.1819
-76.1843
-76.1868
-76.1892
-76.1916
-76.1939
-76.1963
-76.1986
-76.201
-76.2033
-76.2056
-76.2078
-76.2101
-76.2123
-76.2145
-76.2167
-76.2189
-76.2211
-76.2232
-76.2254
-76.2275
-76.2296
-76.2317
-76.2337
-76.2358
-76.2378
-76.2398
-76.2418
-76.2438
-76.2458
-76.2478
-76.2497
-76.2516
-76.2536
-76.2554
-76.2573
-76.2592
-76.2611
-76.2629
-76.2647
-76.2665
-76.2683
-76.2701
-76.2719
-76.2737
-76.2754
-76.2771
-76.2788
-76.2806
-76.2822
-76.2839
-76.2856
-76.2872
-76.2889
-76.2905
-76.2921
-76.2937
-76.2953
-76.2969
-76.2985
-76.3
-76.3016
-76.3031
-76.3046
-76.3061
-76.3076
-76.3091
-76.3106
-76.312
-76.3135
-76.3149
-76.3164
-76.3178
-76.3192
-76.3206
-76.322
-76.3233
-76.3247
-76.3261
-76.3274
-76.3287
-76.33
-76.3314
-76.3327
-76.334
-76.3352
-76.3365
-76.3378
-76.339
-76.3403
-76.3415
-76.3427
-76.3439
-76.3452
-76.3464
-76.3475
-76.3487
-76.3499
-76.351
-76.3522
-76.3533
-76.3545
-76.3556
-76.3567
-76.3578
-76.3589
-76.36
-76.3611
-76.3622
-76.3632
-76.3643
-76.3654
-76.3664
-76.3674
-76.3685
-76.3695
-76.3705
-76.3715
-76.3725
-76.3735
-76.3745
-76.3754
-76.3764
-76.3774
-76.3783
-76.3793
-76.3802
-76.3811
-76.382
-76.383
-76.3839
-76.3848
-76.3857
-76.3866
-76.3874
-76.3883
-76.3892
-76.39
-76.3909
-76.3917
-76.3926
-76.3934
-76.3943
-76.3951
-76.3959
-76.3967
-76.3975
-76.3983
-76.3991
-76.3999
-76.4007
-76.4014
-76.4022
-76.403
-76.4037
-76.4045
-76.4052
-76.406
-76.4067
-76.4074
-76.4082
-76.4089
-76.4096
-76.4103
-76.411
-76.4117
-76.4124
-76.4131
-76.4137
-76.4144
-76.4151
-76.4158
-76.4164
-76.4171
-76.4177
-76.4184
-76.419
-76.4196
-76.4203
-76.4209
-76.4215
-76.4221
-76.4227
-76.4234
-76.424
-76.4246
-76.4251
-76.4257
-76.4263
-76.4269
-76.4275
-76.428
-76.4286
-76.4292
-76.4282
-76.3886
-76.3487
-76.3174
-76.2928
-76.2733
-76.2576
-76.2289
-76.1963
-76.1718
-76.1536
-76.1399
-76.1295
-76.1216
-76.1156
-76.1111
-76.1078
-76.1055
-76.1039
-76.103
-76.1026
-76.1026
-76.103
-76.1037
-76.1047
-76.106
-76.1074
-76.109
-76.1108
-76.1126
-76.1146
-76.1167
-76.1188
-76.1211
-76.1234
-76.1257
-76.1281
-76.1305
-76.133
-76.1354
-76.1379
-76.1404
-76.143
-76.1455
-76.148
-76.1506
-76.1531
-76.1556
-76.1582
-76.1607
-76.1632
-76.1657
-76.1682
-76.1707
-76.1732
-76.1756
-76.1781
-76.1805
-76.183
-76.1854
-76.1878
-76.1901
-76.1925
-76.1949
-76.1972
-76.1988
-76.1823
-76.1656
-76.1527
-76.1427
-76.1347
-76.1178
-76.1031
-76.0925
-76.0848
-76.0792
-76.0752
-76.0724
-76.0705
-76.0617
-76.0499
-76.0421
-76.0372
-76.0341
-76.0322
-76.0313
-76.031
-76.0312
-76.0318
-76.0327
-76.0338
-76.0352
-76.0368
-76.0385
-76.0404
-76.0424
-76.0445
-76.0467
-76.049
-76.0514
-76.0538
-76.0563
-76.0589
-76.0615
-76.0642
-76.0669
-76.0697
-76.0725
-76.0753
-76.0781
-76.081
-76.0838
-76.0867
-76.0896
-76.0925
-76.0954
-76.0983
-76.1012
-76.1041
-76.107
-76.1099
-76.1128
-76.1157
-76.1185
-76.1214
-76.1242
-76.127
-76.1298
-76.1326
-76.1354
-76.1382
-76.1409
-76.1437
-76.1464
-76.1491
-76.1518
-76.1544
-76.1571
-76.1597
-76.1623
-76.1649
-76.1675
-76.17
-76.1725
-76.1751
-76.1776
-76.18
-76.1825
-76.1849
-76.1874
-76.1898
-76.1922
-76.1945
-76.1969
-76.1992
-76.2015
-76.2038
-76.2061
-76.2084
-76.2106
-76.2128
-76.2151
-76.2172
-76.2194
-76.2216
-76.2237
-76.2259
-76.228
-76.2301
-76.2321
-76.2342
-76.2363
-76.2383
-76.2403
-76.2423
-76.2443
-76.2463
-76.2482
-76.2502
-76.2521
-76.2434
-76.2216
-76.2036
-76.1895
-76.1785
-76.1699
-76.1631
-76.1579
-76.1538
-76.1508
-76.1486
-76.147
-76.1461
-76.1456
-76.1455
-76.1458
-76.1464
-76.1472
-76.1482
-76.1495
-76.1509
-76.1524
-76.1418
-76.1299
-76.1207
-76.1138
-76.1086
-76.1047
-76.1019
-76.1
-76.0988
-76.0982
-76.098
-76.0983
-76.0989
-76.0997
-76.1009
-76.1022
-76.1038
-76.1055
-76.0995
-76.0914
-76.0853
-76.0809
-76.0778
-76.0756
-76.0743
-76.0736
-76.0734
-76.0737
-76.0743
-76.0753
-76.0764
-76.0778
-76.0794
-76.0812
-76.0831
-76.0851
-76.0873
-76.0895
-76.0918
-76.0942
-76.0966
-76.0991
-76.1016
-76.1042
-76.1068
-76.1095
-76.1121
-76.1148
-76.1175
-76.1202
-76.1229
-76.1256
-76.1283
-76.1299
-76.1211
-76.1127
-76.1063
-76.1016
-76.0981
-76.0957
-76.094
-76.093
-76.0926
-76.0926
-76.0931
-76.0938
-76.0948
-76.096
-76.0975
-76.0991
-76.1009
-76.1028
-76.1048
-76.1069
-76.1091
-76.1114
-76.1137
-76.1161
-76.1185
-76.121
-76.1235
-76.1248
-76.1153
-76.1062
-76.0994
-76.0944
-76.0908
-76.0882
-76.0865
-76.0855
-76.085
-76.085
-76.0854
-76.0861
-76.0871
-76.0884
-76.0898
-76.0915
-76.0933
-76.0952
-76.0972
-76.0994
-76.1016
-76.1039
-76.1062
-76.1086
-76.1111
-76.1136
-76.1161
-76.1187
-76.1213
-76.1239
-76.1265
-76.1291
-76.1318
-76.1344
-76.137
-76.1397
-76.1423
-76.145
-76.1476
-76.1502
-76.1528
-76.1554
-76.158
-76.1606
-76.1631
-76.1657
-76.1682
-76.1707
-76.1732
-76.1757
-76.1782
-76.1806
-76.1831
-76.1855
-76.1879
-76.1903
-76.1927
-76.195
-76.1974
-76.1997
-76.202
-76.2043
-76.2066
-76.2088
-76.211
-76.2133
-76.2155
-76.2177
-76.2198
-76.222
-76.2241
-76.2263
-76.2284
-76.2305
-76.2325
-76.2346
-76.2366
-76.2387
-76.2407
-76.2427
-76.2447
-76.2466
-76.2486
-76.2505
-76.2524
-76.2543
-76.2562
-76.2581
-76.26
-76.2618
-76.2637
-76.2655
-76.2673
-76.2691
-76.2709
-76.2726
-76.2744
-76.2672
-76.2431
-76.2228
-76.2069
-76.1944
-76.1747
-76.1506
-76.1324
-76.119
-76.109
-76.1016
-76.0961
-76.0921
-76.0892
-76.0872
-76.086
-76.0854
-76.0853
-76.0856
-76.0862
-76.0871
-76.0883
-76.0897
-76.0913
-76.0931
-76.0949
-76.0969
-76.0991
-76.1013
-76.1035
-76.1059
-76.1083
-76.1107
-76.105
-76.0967
-76.0905
-76.086
-76.0827
-76.0805
-76.0791
-76.0783
-76.078
-76.0782
-76.0788
-76.0796
-76.0808
-76.0821
-76.0837
-76.0854
-76.0873
-76.0893
-76.0914
-76.0936
-76.0959
-76.0982
-76.1006
-76.1031
-76.1056
-76.1081
-76.1107
-76.1133
-76.116
-76.1186
-76.1213
-76.1239
-76.1266
-76.1293
-76.132
-76.1346
-76.1373
-76.14
-76.1426
-76.1453
-76.1479
-76.1506
-76.1532

