-70
-70.0758
-70.1508
-70.225
-70.2983
-70.3706
-70.4419
-70.5122
-70.5814
-70.6496
-70.7168
-70.7829
-70.848
-70.9121
-70.9752
-71.0373
-71.0984
-71.1586
-71.2178
-71.2761
-71.3334
-71.3899
-71.4455
-71.5003
-71.5543
-71.6074
-71.6598
-71.7114
-71.7623
-71.8124
-71.8619
-71.9106
-71.9587
-72.006
-72.0527
-72.0988
-72.1442
-72.1889
-72.2331
-72.2766
-72.3196
-72.362
-72.4038
-72.445
-72.4857
-72.5258
-72.5654
-72.6045
-72.6431
-72.6812
-72.7188
-72.756
-72.7927
-72.8289
-72.8647
-72.9
-72.9349
-72.9694
-73.0035
-73.0371
-73.0704
-73.1032
-73.1357
-73.1678
-73.1994
-73.2307
-73.2617
-73.2922
-73.3224
-73.3523
-73.3817
-73.4109
-73.4397
-73.4682
-73.4963
-73.5241
-73.5516
-73.5788
-73.6057
-73.6323
-73.6585
-73.6845
-73.7102
-73.7356
-73.7608
-73.7857
-73.8103
-73.8346
-73.8587
-73.8825
-73.9061
-73.9294
-73.9524
-73.9753
-73.9979
-74.0202
-74.0423
-74.0642
-74.0859
-74.1073
-74.1285
-74.1495
-74.1703
-74.1909
-74.2112
-74.2313
-74.2513
-74.271
-74.2905
-74.3098
-74.329
-74.3479
-74.3666
-74.3852
-74.4036
-74.4217
-74.4397
-74.4575
-74.4752
-74.4926
-74.5099
-74.527
-74.544
-74.5607
-74.5774
-74.5938
-74.6101
-74.6262
-74.6422
-74.658
-74.6736
-74.6891
-74.7045
-74.7197
-74.7347
-74.7496
-74.7644
-74.779
-74.7935
-74.8079
-74.8221
-74.8362
-74.8501
-74.864
-74.8777
-74.8913
-74.9047
-74.918
-74.9313
-74.9443
-74.9573
-74.9701
-74.9829
-74.9955
-75.008
-75.0204
-75.0327
-75.0448
-75.0569
-75.0688
-75.0806
-75.0924
-75.104
-75.1155
-75.1269
-75.1382
-75.1495
-75.1606
-75.1716
-75.1825
-75.1933
-75.204
-75.2147
-75.2252
-75.2356
-75.246
-75.2562
-75.2664
-75.2764
-75.2864
-75.2963
-75.3061
-75.3158
-75.3255
-75.335
-75.3445
-75.3538
-75.3631
-75.3724
-75.3815
-75.3906
-75.3995
-75.4084
-75.4172
-75.426
-75.4346
-75.4432
-75.4518
-75.4602
-75.4686
-75.4769
-75.4851
-75.4932
-75.5013
-75.5093
-75.5173
-75.5251
-75.533
-75.5407
-75.5484
-75.556
-75.5635
-75.571
-75.5784
-75.5858
-75.593
-75.6003
-75.6074
-75.6145
-75.6216
-75.6285
-75.6355
-75.6423
-75.6491
-75.6559
-75.6626
-75.6692
-75.6758
-75.6823
-75.6888
-75.6952
-75.7015
-75.7078
-75.7141
-75.7203
-75.7264
-75.7325
-75.7386
-75.7446
-75.7505
-75.7564
-75.7622
-75.768
-75.7738
-75.7795
-75.7851
-75.7907
-75.7963
-75.8018
-75.8072
-75.8127
-75.818
-75.8234
-75.8287
-75.8339
-75.8391
-75.8443
-75.8494
-75.8545
-75.8595
-75.8645
-75.8695
-75.8744
-75.8793
-75.8841
-75.8889
-75.8937
-75.8984
-75.9031
-75.9077
-75.9123
-75.9169
-75.9214
-75.9259
-75.9304
-75.9348
-75.9392
-75.9436
-75.9479
-75.9522
-75.9565
-75.9607
-75.9649
-75.969
-75.9731
-75.9772
-75.9813
-75.9853
-75.9893
-75.9933
-75.9972
-76.0011
-76.005
-76.0088
-76.0126
-76.0164
-76.0201
-76.0239
-76.0275
-76.0312
-76.0348
-76.0384
-76.042
-76.0456
-76.0491
-76.0526
-76.056
-76.0595
-76.0629
-76.0663
-76.0696
-76.0729
-76.0762
-76.0795
-76.0828
-76.086
-76.0892
-76.0924
-76.0955
-76.0986
-76.1017
-76.1048
-76.1079
-76.1109
-76.1139
-76.1169
-76.1198
-76.1228
-76.1257
-76.1286
-76.1314
-76.1343
-76.1371
-76.1399
-76.1427
-76.1455
-76.1482
-76.1509
-76.1536
-76.1563
-76.1589
-76.1615
-76.1642
-76.1667
-76.1693
-76.1719
-76.1744
-76.1769
-76.1794
-76.1819
-76.1843
-76.1868
-76.1892
-76.1916
-76.1939
-76.1963
-76.1986
-76.201
-76.2033
-76.2056
-76.2078
-76.2101
-76.2123
-76.2145
-76.2167
-76.2189
-76.2211
-76.2232
-76.2254
-76.2275
-76.2296
-76.2317
-76.2337
-76.2358
-76.2378
-76.2398
-76.2418
-76.2438
-76.2458
-76.2478
-76.2497
-76.2516
-76.2536
-76.2554
-76.2573
-76.2592
-76.2611
-76.2629
-76.2647
-76.2665
-76.2683
-76.2701
-76.2719
-76.2737
-76.2754
-76.2771
-76.2788
-76.2806
-76.2822
-76.2839
-76.2856
-76.2872
-76.2889
-76.2905
-76.2921
-76.2937
-76.2953
-76.2969
-76.2985
-76.3
-76.3016
-76.3031
-76.3046
-76.3061
-76.3076
-76.3091
-76.3106
-76.312
-76.3135
-76.3149
-76.3164
-76.3178
-76.3192
-76.3206
-76.322
-76.3233
-76.3247
-76.3261
-76.3274
-76.3287
-76.33
-76.3314
-76.3327
-76.334
-76.3352
-76.3365
-76.3378
-76.339
-76.3403
-76.3415
-76.3427
-76.3439
-76.3452
-76.3464
-76.3475
-76.3487
-76.3499
-76.351
-76.3522
-76.3533
-76.3545
-76.3556
-76.3567
-76.3578
-76.3589
-76.36
-76.3611
-76.3622
-76.3632
-76.3643
-76.3654
-76.3664
-76.3674
-76.3685
-76.3695
-76.3705
-76.3715
-76.3725
-76.3735
-76.3745
-76.3754
-76.3764
-76.3774
-76.3783
-76.3793
-76.3802
-76.3811
-76.382
-76.383
-76.3839
-76.3848
-76.3857
-76.3866
-76.3874
-76.3883
-76.3892
-76.39
-76.3909
-76.3917
-76.3926
-76.3934
-76.3943
-76.3951
-76.3959
-76.3967
-76.3975
-76.3983
-76.3991
-76.3999
-76.4007
-76.4014
-76.4022
-76.403
-76.4037
-76.4045
-76.4052
-76.406
-76.4067
-76.4074
-73.0964
-69.0272
-65.9309
-63.5565
-61.6425
-59.9397
-58.1142
-55.2494
-31.3797
9.73798
-27.4461
-73.5564
-79.0274
-78.9617
-78.8359
-78.6967
-78.5451
-78.3812
-78.2055
-77.1501
-75.153
-73.9654
-73.1817
-72.5563
-72.0065
-71.5018
-71.031
-70.5904
-70.179
-69.7973
-69.6711
-69.9846
-70.2196
-70.3692
-70.4651
-70.5271
-69.7526
-66.7825
-64.4243
-62.9335
-63.1544
-65.0917
-66.8944
-67.9688
-68.622
-69.0393
-69.3191
-69.5157
-69.6603
-69.7716
-69.861
-69.936
-70.0013
-70.0601
-70.1147
-70.1664
-70.2164
-70.5241
-71.1234
-71.5985
-71.9615
-72.2443
-72.4688
-72.6501
-72.7989
-72.9227
-73.0273
-73.1169
-73.1945
-73.2625
-73.3229
-73.3771
-73.4262
-73.4711
-73.5126
-70.9744
-67.3176
-64.5462
-62.4336
-60.7106
-59.1215
-57.2954
-54.0112
28.7336
-0.846983
-33.3705
-76.89
-78.9263
-78.8237
-78.6827
-78.5278
-78.3598
-78.179
-77.986
-77.3289
-75.0965
-73.6319
-72.7006
-71.989
-71.3852
-71.0811
-70.9926
-70.8525
-70.6806
-70.4987
-70.319
-70.1481
-69.9901
-69.8471
-70.1403
-71.5072
-72.7919
-73.5215
-73.9396
-74.1919
-74.3512
-74.456
-74.5277
-74.5784
-74.6157
-74.6442
-74.6666
-74.6851
-74.7008
-74.7146
-74.7272
-74.7389
-74.75
-74.7608
-74.7714
-74.7819
-74.7924
-74.8029
-74.8135
-74.8242
-74.835
-74.8458
-74.8568
-74.8679
-74.8791
-74.8904
-74.9017
-74.9131
-74.9246
-74.9361
-74.9477
-74.9593
-74.9709
-74.9825
-74.9941
-75.0057
-75.0172
-75.0288
-75.0403
-75.0518
-75.0632
-75.0746
-75.086
-75.0973
-75.1085
-75.1196
-75.1307
-74.9895
-71.1357
-67.4207
-64.6178
-62.4364
-60.6098
-58.8438
-56.583
-50.5604
33.4863
-16.31
-51.5581
-79.4209
-79.7278
-79.6992
-79.661
-79.6186
-79.5721
-79.5213
-79.4664
-79.4075
-79.3451
-79.2794
-78.4683
-74.6848
-71.906
-70.0467
-68.6997
-67.6652
-66.8367
-66.1541
-65.5809
-63.7426
-61.5962
-59.7961
-58.0168
-55.5355
-45.8853
19.5907
-23.1011
-66.2871
-78.8512
-78.7852
-78.6396
-78.479
-78.3044
-78.066
-77.7911
-77.5561
-75.5506
-74.0088
-73.1039
-72.452
-71.9128
-71.4356
-71.0004
-70.5993
-70.2292
-69.8888
-69.3135
-68.0688
-67.7769
-67.6606
-67.5813
-67.7214
-68.3392
-68.7654
-69.0311
-69.2056
-69.3266
-69.4153
-69.4843
-69.5412
-69.5909
-69.6364
-69.6796
-69.7219
-69.7641
-69.8068
-69.8503
-69.8949
-69.9407
-69.9877
-70.0359
-69.5017
-66.2972
-63.5717
-61.5047
-59.7898
-58.116
-55.9148
-49.8173
30.9363
-18.3551
-55.3815
-79.3653
-79.664
-79.6298
-79.5836
-79.5324
-79.4764
-77.9946
-75.9401
-74.9013
-74.2357
-73.6941
-73.2034
-72.7404
-72.2983
-71.8762
-70.6247
-67.9483
-65.8584
-64.3117
-63.1114
-62.1344
-61.2976
-60.5382
-59.7986
-59.0151
-57.46
-53.9395
5.62465
-0.317754
-33.0022
-76.7067
-79.2909
-79.2475
-79.1575
-79.0577
-78.9492
-78.8324
-78.7075
-78.5754
-78.4371
-78.2936
-78.1465
-77.9973
-77.802
-77.468
-77.1171
-76.8569
-76.6586
-76.4994
-76.3514
-76.2151
-76.1093
-76.0255
-75.9574
-75.9065
-75.869
-75.8396
-75.816
-75.7969
-75.7812
-75.7684
-75.7579
-75.7494
-75.7426
-75.7373
-75.7332
-75.7303
-75.7283
-75.7273
-75.7269
-75.7273
-75.7282
-75.7297
-75.7316
-75.734
-75.7367
-75.7398
-75.7431
-75.7467
-75.7505
-75.7545
-75.7586
-75.7629
-75.7674
-75.7719
-75.7765
-75.7812
-75.786
-75.7908
-75.7957
-75.8006
-75.8056
-75.8105
-75.8155
-75.8204
-75.8254
-75.8304
-75.8353
-75.8403
-75.8452
-75.8502
-75.8551
-75.86
-75.8648
-75.8697
-75.8745
-75.8792
-75.884
-75.8887
-75.8934
-75.8981
-75.9027
-75.9073
-75.9119
-75.9165
-75.921
-75.9255
-75.9299
-75.9343
-75.9387
-75.943
-75.9474
-75.5299
-71.3735
-67.6267
-64.8072
-62.6138
-60.7844
-59.0351
-56.8533
-51.5782
37.9318
-13.7057
-46.6915
-78.9005
-78.8405
-78.6612
-78.5003
-78.326
-78.1375
-77.9352
-77.7199
-77.4931
-76.5633
-74.1468
-72.5249
-71.4487
-70.6308
-69.9545
-69.3682
-68.8473
-68.3796
-68.0047
-66.4165
-64.961
-63.9558
-63.2338
-62.6936
-62.2747
-61.9423
-61.674
-61.4529
-61.2698
-60.8317
-58.9781
-56.8877
-53.5659
-4.79702
-0.322679
-33.1028
-76.8142
-79.2595
-79.2106
-79.0449
-78.8982
-78.7777
-78.6551
-78.5273
-78.3946
-78.2581
-78.1191
-77.9791
-77.8393
-77.7013
-77.5662
-77.4353
-77.3096
-77.19
-77.0769
-76.971
-76.8724
-76.7812
-76.6975
-76.621
-76.5515
-76.4886
-76.4321
-76.3814
-76.3363
-76.2962
-76.2607
-76.2295
-76.2021
-76.1781
-76.1573
-76.1392
-76.1237
-76.1104
-76.0991
-76.0895
-76.0815
-75.3169
-71.0604
-67.4114
-64.6681
-62.5293
-60.7383
-59.0163
-56.8573
-51.6414
38.2265
-13.5151
-46.5308
-78.6548
-78.9595
-78.838
-78.6982
-78.5454
-78.3796
-78.2013
-78.0112
-77.1238
-74.8778
-73.4594

