-70
-69.8623
-69.7285
-69.5983
-69.4718
-69.3487
-69.2291
-69.1128
-68.9997
-68.8897
-68.7828
-68.6789
-68.5778
-68.4795
-68.3839
-68.291
-68.2007
-68.1128
-68.0274
-67.9443
-67.8636
-67.7851
-67.7087
-67.6345
-67.5623
-67.4921
-67.4238
-67.3574
-67.2929
-67.2301
-67.1691
-67.1098
-67.0521
-66.996
-66.9414
-66.8884
-66.8368
-66.7866
-66.7378
-66.6904
-66.6443
-66.5994
-66.5558
-66.5133
-66.4721
-66.432
-66.393
-66.355
-66.3181
-66.2823
-66.2474
-66.2134
-66.1805
-66.1484
-66.1172
-66.0868
-66.0573
-66.0286
-66.0007
-65.9736
-65.9472
-65.9215
-65.8966
-65.8723
-65.8487
-65.8257
-65.8034
-65.7817
-65.7606
-65.74
-65.72
-65.7006
-65.6817
-65.6633
-65.6455
-65.6281
-65.6112
-65.5948
-65.5788
-65.5632
-65.5481
-65.5334
-65.5191
-65.5052
-65.4917
-65.4785
-65.4657
-65.4533
-65.4412
-65.4294
-65.418
-65.4068
-65.396
-65.3855
-65.3752
-65.3653
-65.3556
-65.3462
-65.337
-65.3281
-65.3194
-65.311
-65.3028
-65.2948
-65.2871
-65.2795
-65.2722
-65.2651
-65.2581
-65.2514
-65.2448
-65.2385
-65.2322
-65.2262
-65.2203
-65.2146
-65.2091
-65.2037
-65.1984
-65.1933
-65.1884
-65.1835
-65.1788
-65.1743
-65.1698
-65.1655
-65.1613
-65.1572
-65.1532
-65.1493
-65.1456
-65.1419
-65.1384
-65.1349
-65.1315
-65.1283
-65.1251
-65.122
-65.119
-65.1161
-65.1132
-65.1104
-65.1077
-65.1051
-65.1026
-65.1001
-65.0977
-65.0953
-65.0931
-65.0908
-65.0887
-65.0866
-65.0845
-65.0826
-65.0806
-65.0788
-65.0769
-65.0752
-65.0734
-65.0718
-65.0701
-65.0685
-65.067
-65.0655
-65.064
-65.0626
-65.0612
-65.0599
-65.0586
-65.0573
-65.0561
-65.0549
-65.0537
-65.0526
-65.0514
-65.0504
-65.0493
-65.0483
-65.0473
-65.0464
-65.0454
-65.0445
-65.0436
-65.0428
-65.0419
-65.0411
-65.0403
-65.0395
-65.0388
-65.0381
-65.0374
-65.0367
-65.036
-65.0353
-65.0347
-65.0341
-65.0335
-65.0329
-65.0323
-65.0318
-65.0313
-65.0307
-65.0302
-65.0297
-65.0293
-65.0288
-65.0283
-65.0279
-65.0275
-65.027
-65.0266
-65.0262
-65.0259
-65.0255
-65.0251
-65.0248
-65.0244
-65.0241
-65.0238
-65.0234
-65.0231
-65.0228
-65.0225
-65.0223
-65.022
-65.0217
-65.0215
-65.0212
-65.021
-65.0207
-65.0205
-65.0203
-65.02
-65.0198
-65.0196
-65.0194
-65.0192
-65.019
-65.0188
-65.0187
-65.0185
-65.0183
-65.0181
-65.018
-65.0178
-65.0177
-65.0175
-65.0174
-65.0172
-65.0171
-65.017
-65.0168
-65.0167
-65.0166
-65.0165
-65.0163
-65.0162
-65.0161
-65.016
-65.0159
-65.0158
-65.0157
-65.0156
-65.0155
-65.0154
-65.0153
-65.0153
-65.0152
-65.0151
-65.015
-65.0149
-65.0149
-65.0148
-65.0147
-65.0147
-65.0146
-65.0145
-65.0145
-65.0144
-65.0143
-65.0143
-65.0142
-65.0142
-65.0141
-65.0141
-65.014
-65.014
-65.0139
-65.0139
-65.0138
-65.0138
-65.0137
-65.0137
-65.0137
-65.0136
-65.0136
-65.0135
-65.0135
-65.0135
-65.0134
-65.0134
-65.0134
-65.0133
-65.0133
-65.0133
-65.0133
-65.0132
-65.0132
-65.0132
-65.0131
-65.0131
-65.0131
-65.0131
-65.0131
-65.013
-65.013
-65.013
-65.013
-65.0129
-65.0129
-65.0129
-65.0129
-65.0129
-65.0129
-65.0128
-65.0128
-65.0128
-65.0128
-65.0128
-65.0128
-65.0127
-65.0127
-65.0127
-65.0127
-65.0127
-65.0127
-65.0127
-65.0127
-65.0126
-65.0126
-65.0126
-65.0126
-65.0126
-65.0126
-65.0126
-65.0126
-65.0126
-65.0126
-65.0125
-65.0125
-65.0125
-65.0125
-65.0125
-65.0125
-65.0125
-65.0125
-65.0125
-65.0125
-65.0125
-65.0125
-65.0125
-65.0124
-65.0124
-65.0124
-65.0124
-65.0124
-65.0124
-65.0124
-65.0124
-65.0124
-65.0124
-65.0124
-65.0124
-65.0124
-65.0124
-65.0124
-65.0124
-65.0124
-65.0124
-65.0124
-65.0124
-65.0124
-65.0124
-65.0124
-65.0123
-65.0123
-65.0123
-65.0123
-65.0123
-65.0123
-65.0123
-65.0123
-65.0123
-65.0123
-65.0123
-65.0123
-65.0123
-65.0123
-65.0123
-65.0123
-65.0123
-65.0123
-65.0123
-65.0123
-65.0123
-65.0123
-65.0123
-65.0123
-65.0123
-65.0123
-65.0123
-65.0123
-65.0123
-65.0123
-65.0123
-65.0123
-65.0123
-65.0123
-65.0123
-65.0123
-65.0123
-65.0123
-65.0123
-65.0123
-65.0123
-65.0123
-65.0123
-65.0123
-65.0123
-65.0123
-65.0123
-65.0123
-65.0123
-65.0123
-65.0123
-65.0123
-65.0123
-65.0123
-65.0123
-65.0123
-65.0123
-65.0123
-65.0123
-65.0123
-65.0123
-65.0123
-65.0123
-65.0123
-65.0123
-65.0123
-65.0123
-65.0123
-65.0123
-65.0123
-65.0123
-65.0123
-65.0123
-65.0123
-64.8888
-64.7871
-64.7113
-64.6572
-64.6152
-64.5815
-64.5545
-64.5329
-64.5159
-64.5027
-64.4927
-64.4856
-64.4808
-64.478
-64.477
-64.4776
-64.4793
-64.4822
-64.4861
-64.4907
-64.496
-64.5019
-64.5083
-64.5151
-64.5223
-64.5297
-64.5373
-64.5451
-64.553
-64.5611
-64.5691
-64.5773
-64.5854
-64.5935
-64.4193
-63.9893
-63.7021
-63.488
-63.3342
-63.2137
-63.1185
-63.0435
-62.9854
-62.9414
-62.9092
-62.8872
-62.8738
-62.8677
-62.8679
-62.8734
-62.8835
-62.8975
-62.9149
-62.4125
-62.0612
-61.7427
-61.0274
-60.4779
-59.8881
-59.2185
-58.5529
-57.019
-55.6528
-54.2215
-53.1011
-51.9921
-51.1613
-50.4877
-49.8194
-49.1282
-48.4354
-47.4149
-46.481
-45.374
-44.022
-41.968
-36.8751
30.5042
16.7489
-22.1309
-48.6696
-57.6718
-59.7287
-60.0449
-59.9303
-59.6653
-59.3511
-59.0315
-58.739
-58.504
-58.292
-58.1001
-57.9535
-57.842
-57.7603
-57.7025
-57.6651
-57.6452
-57.6404
-57.5681
-57.4694
-57.3703
-57.3003
-57.2651
-57.2219
-57.1083
-57.0186
-56.9705
-56.9455
-56.868
-56.7702
-56.7075
-56.681
-56.6813
-56.686
-56.6287
-56.5646
-56.5279
-56.5244
-56.544
-56.5427
-56.3923
-56.2206
-56.0074
-55.7515
-55.5475
-55.2987
-55.1115
-54.9135
-54.6962
-54.4954
-54.3093
-54.0127
-53.5302
-53.0101
-52.3621
-51.6462
-50.9705
-50.2617
-49.6378
-48.7951
-47.6286
-46.2831
-44.862
-43.119
-40.1497
-27.3432
40.0154
-5.01832
-37.1439
-55.7335
-60.2743
-61.0715
-60.9479
-60.5511
-60.0662
-59.6134
-59.2282
-58.9064
-58.64
-58.4212
-58.244
-58.1028
-57.9926
-57.9093
-57.8492
-57.8091
-57.7865
-57.779
-57.7847
-57.8019
-57.8291
-57.865
-57.9085
-57.9587
-58.0147
-58.0757
-58.1411
-58.2102
-58.2824
-58.3573
-58.4344
-58.5133
-58.5937
-58.6753
-58.7577
-58.8407
-58.9241
-59.0078
-59.0914
-59.1749
-59.2582
-59.341
-59.4233
-59.5049
-59.5858
-59.666
-59.7453
-59.8236
-59.901
-59.9773
-60.0526
-60.1268
-60.1999
-60.2718
-60.3426
-60.4123
-60.4808
-60.5481
-60.6142
-60.6791
-60.7429
-60.8056
-60.867
-60.9273
-60.9865
-61.0445
-61.1014
-61.1572
-61.2119
-61.2655
-61.3181
-61.3696
-61.42
-61.3984
-61.0245
-60.7605
-60.5737
-60.4511
-60.3565
-59.9123
-59.5356
-59.2643
-59.0756
-58.9269
-58.5849
-58.0252
-57.5471
-57.1495
-56.4645
-55.3103
-53.7527
-52.5111
-51.3094
-50.3475
-49.5731
-48.8741
-48.2175
-47.3366
-46.4422
-45.4926
-44.3303
-42.5928
-38.7414
0.900608
27.2052
-16.9407
-47.5122
-59.7943
-62.6109
-62.7172
-62.3033
-61.811
-61.3223
-60.8226
-60.3574
-59.8792
-59.4852
-59.1174
-58.7175
-58.2835
-57.876
-57.4726
-57.1366
-56.8512
-56.6417
-56.4135
-56.1382
-55.9287
-55.7101
-55.5206
-55.3908
-55.3065
-55.2574
-55.2352
-55.1566
-55.1064
-55.0107
-54.9671
-54.9561
-54.9729
-55.009
-55.0607
-55.1255
-55.2016
-55.2872
-55.3809
-55.4816
-55.5881
-55.6995
-55.8151
-55.9341
-56.0559
-56.172
-56.2064
-56.2232
-56.1705
-55.8663
-55.5316
-55.1823
-54.8155
-54.4931
-54.0528
-53.6763
-53.1683
-52.6041
-52.0127
-51.4059
-50.793
-50.0991
-49.3859
-48.6111
-47.821
-47.0083
-46.0825
-44.9176
-43.3615
-40.603
-30.3547
41.4573
-2.74134
-37.1878
-57.7276
-62.8072
-63.7296
-63.651
-63.3315
-62.9155
-62.4474
-61.9487
-61.4449
-60.9704
-60.4573
-60.065
-59.6995
-59.392
-59.091
-58.8377
-58.6429
-58.4937
-58.3802
-58.2955
-58.2348
-58.1948
-58.1725
-58.1656
-58.1718
-58.1895
-58.2171
-58.2534
-58.2971
-58.3473
-58.4031
-58.4636
-58.5282
-58.5963
-58.6673
-58.7408
-58.8163
-58.8934
-58.9718
-59.0512
-59.1314
-59.212
-59.293
-59.3741
-59.4551
-59.5359
-59.6164
-59.6964
-59.7759
-59.8547
-59.9327
-60.01
-60.0863
-60.1617
-60.2361
-60.3095
-60.3818
-60.453
-60.5232
-60.5922
-60.6601
-60.7268
-60.7924
-60.8569
-60.9201
-60.9823
-61.0432
-61.103
-61.1617
-61.2193
-61.2757
-61.331
-61.3853
-61.4384
-61.4905
-61.5416
-61.5916
-61.6406
-61.6886
-61.7356
-61.7817
-61.8268
-61.871
-61.9143
-61.9566
-61.9981
-62.0388
-62.0785
-62.1175
-62.1556
-62.193
-62.2295
-62.2125
-62.2093
-62.1637
-62.1272
-61.6645
-60.9481
-60.4526
-59.8579
-59.2795
-58.8584
-58.542
-58.1578
-57.7074
-57.2842
-56.7015
-56.1807
-55.7861
-55.2875
-53.7527
-52.2842
-51.1957
-50.366
-49.6633
-48.9122
-48.2471
-47.4955
-46.7659
-45.9561
-44.949
-43.5695
-41.1755
-33.1119
42.3608
1.70973
-34.354
-57.482
-63.1876
-63.8171
-63.3556
-62.703
-62.0893
-61.5169
-61.0115
-60.5407
-60.0874
-59.7051
-59.382
-59.0495
-58.685
-58.3437
-58.0815
-57.8829
-57.733
-57.6137
-57.4907
-57.406
-57.3493
-57.2952
-57.2426
-57.2182
-57.182
-57.1581
-57.1578
-57.0997
-57.0582
-57.0398
-57.0058
-57.004
-57.0222
-57.0575
-57.105
-57.1623
-57.2279
-57.3004
-57.3438
-57.3932
-57.4553
-57.5275
-57.6065
-57.6904
-57.778
-57.8606
-57.8054
-57.7833
-57.7097
-57.6764
-57.5899
-57.4971
-57.4534
-57.4418
-57.4545
-57.4835
-57.4895
-57.5009
-57.5162
-57.4774
-57.4512
-57.3313
-57.0696
-56.721
-56.2836
-55.8455
-55.2653
-54.6951
-54.0985
-53.3859
-52.6987
-51.7972
-50.9982
-50.1065
-49.1389
-48.1088
-47.1722
-46.2772
-45.2785
-44.0128
-41.9777
-36.7953

