-70
-69.8623
-69.7285
-69.5983
-69.4718
-69.3487
-69.2291
-69.1128
-68.9997
-68.8897
-68.7828
-68.6789
-68.5778
-68.4795
-68.3839
-68.291
-68.2007
-68.1128
-68.0274
-67.9443
-67.8636
-67.7851
-67.7087
-67.6345
-67.5623
-67.4921
-67.4238
-67.3574
-67.2929
-67.2301
-67.1691
-67.1098
-67.0521
-66.996
-66.9414
-66.8884
-66.8368
-66.7866
-66.7378
-66.6904
-66.6443
-66.5994
-66.5558
-66.5133
-66.4721
-66.432
-66.393
-66.355
-66.3181
-66.2823
-66.2474
-66.2134
-66.1805
-66.1484
-66.1172
-66.0868
-66.0573
-66.0286
-66.0007
-65.9736
-65.9472
-65.9215
-65.8966
-65.8723
-65.8487
-65.8257
-65.8034
-65.7817
-65.7606
-65.74
-65.72
-65.7006
-65.6817
-65.6633
-65.6455
-65.6281
-65.6112
-65.5948
-65.5788
-65.5632
-65.5481
-65.5334
-65.5191
-65.5052
-65.4917
-65.4785
-65.4657
-65.4533
-65.4412
-65.4294
-65.418
-65.4068
-65.396
-65.3855
-65.3752
-65.3653
-65.3556
-65.3462
-65.337
-65.3281
-65.3194
-65.311
-65.3028
-65.2948
-65.2871
-65.2795
-65.2722
-65.2651
-65.2581
-65.2514
-65.2448
-65.2385
-65.2322
-65.2262
-65.2203
-65.2146
-65.2091
-65.2037
-65.1984
-65.1933
-65.1884
-65.1835
-65.1788
-65.1743
-65.1698
-65.1655
-65.1613
-65.1572
-65.1532
-65.1493
-65.1456
-65.1419
-65.1384
-65.1349
-65.1315
-65.1283
-65.1251
-65.122
-65.119
-65.1161
-65.1132
-65.1104
-65.1077
-65.1051
-65.1026
-65.1001
-65.0977
-65.0953
-65.0931
-65.0908
-65.0887
-65.0866
-65.0845
-65.0826
-65.0806
-65.0788
-65.0769
-65.0752
-65.0734
-65.0718
-65.0701
-65.0685
-65.067
-65.0655
-65.064
-65.0626
-65.0612
-65.0599
-65.0586
-65.0573
-65.0561
-65.0549
-65.0537
-65.0526
-65.0514
-65.0504
-65.0493
-65.0483
-65.0473
-65.0464
-65.0454
-65.0445
-65.0436
-65.0428
-65.0419
-65.0411
-65.0403
-65.0395
-65.0388
-65.0381
-65.0374
-65.0367
-65.036
-65.0353
-65.0347
-65.0341
-65.0335
-65.0329
-65.0323
-65.0318
-65.0313
-65.0307
-65.0302
-65.0297
-65.0293
-65.0288
-65.0283
-65.0279
-65.0275
-65.027
-65.0266
-65.0262
-65.0259
-65.0255
-65.0251
-65.0248
-65.0244
-65.0241
-65.0238
-65.0234
-65.0231
-65.0228
-65.0225
-65.0223
-65.022
-65.0217
-65.0215
-65.0212
-65.021
-65.0207
-65.0205
-65.0203
-65.02
-65.0198
-65.0196
-65.0194
-65.0192
-65.019
-65.0188
-65.0187
-65.0185
-65.0183
-65.0181
-65.018
-65.0178
-65.0177
-65.0175
-65.0174
-65.0172
-65.0171
-65.017
-65.0168
-65.0167
-65.0166
-65.0165
-65.0163
-65.0162
-65.0161
-65.016
-65.0159
-65.0158
-65.0157
-65.0156
-65.0155
-65.0154
-65.0153
-65.0153
-65.0152
-65.0151
-65.015
-65.0149
-65.0149
-65.0148
-65.0147
-65.0147
-65.0146
-65.0145
-65.0145
-65.0144
-65.0143
-65.0143
-65.0142
-65.0142
-65.0141
-65.0141
-65.014
-65.014
-65.0139
-65.0139
-65.0138
-65.0138
-65.0137
-65.0137
-65.0137
-65.0136
-65.0136
-65.0135
-65.0135
-65.0135
-65.0134
-65.0134
-65.0134
-65.0133
-65.0133
-65.0133
-65.0133
-65.0132
-65.0132
-65.0132
-65.0131
-65.0131
-65.0131
-65.0131
-65.0131
-65.013
-65.013
-65.013
-65.013
-65.0129
-65.0129
-65.0129
-65.0129
-65.0129
-65.0129
-65.0128
-65.0128
-65.0128
-65.0128
-65.0128
-65.0128
-65.0127
-65.0127
-65.0127
-65.0127
-65.0127
-65.0127
-65.0127
-65.0127
-65.0126
-65.0126
-65.0126
-65.0126
-65.0126
-65.0126
-65.0126
-65.0126
-65.0126
-65.0126
-65.0125
-65.0125
-65.0125
-65.0125
-65.0125
-65.0125
-65.0125
-65.0125
-65.0125
-65.0125
-65.0125
-65.0125
-65.0125
-65.0124
-65.0124
-65.0124
-65.0124
-65.0124
-65.0124
-65.0124
-65.0124
-65.0124
-65.0124
-65.0124
-65.0124
-65.0124
-65.0124
-65.0124
-65.0124
-65.0124
-65.0124
-65.0124
-65.0124
-65.0124
-65.0124
-65.0124
-65.0123
-65.0123
-65.0123
-65.0123
-65.0123
-65.0123
-65.0123
-65.0123
-65.0123
-65.0123
-65.0123
-65.0123
-65.0123
-65.0123
-65.0123
-65.0123
-65.0123
-65.0123
-65.0123
-65.0123
-65.0123
-65.0123
-65.0123
-65.0123
-65.0123
-65.0123
-65.0123
-65.0123
-65.0123
-65.0123
-65.0123
-65.0123
-65.0123
-65.0123
-65.0123
-65.0123
-65.0123
-65.0123
-65.0123
-65.0123
-65.0123
-65.0123
-65.0123
-65.0123
-65.0123
-65.0123
-65.0123
-65.0123
-65.0123
-65.0123
-65.0123
-65.0123
-65.0123
-65.0123
-65.0123
-65.0123
-65.0123
-65.0123
-65.0123
-65.0123
-65.0123
-65.0123
-65.0123
-65.0123
-65.0123
-65.0123
-65.0123
-65.0123
-65.0123
-65.0123
-65.0123
-65.0123
-65.0123
-65.0123
-64.7657
-64.5631
-64.4124
-64.305
-64.2215
-64.1548
-64.1013
-64.0585
-64.0247
-63.9986
-63.9789
-63.9648
-63.9553
-63.9499
-63.9479
-63.9489
-63.9525
-63.9582
-63.9658
-63.975
-63.9855
-63.9972
-64.0098
-64.0233
-64.0374
-64.052
-64.0671
-64.0826
-64.0983
-64.1142
-64.1302
-64.1463
-64.1624
-64.1784
-64.1168
-63.9452
-63.834
-63.7539
-63.6995
-63.6593
-63.6297
-63.6088
-63.595
-63.5872
-63.5843
-63.5856
-63.5904
-63.5983
-63.6087
-63.6212
-63.5814
-63.5453
-63.5199
-63.3106
-63.1342
-62.8603
-62.3128
-61.8818
-61.298
-60.7317
-60.2652
-59.3906
-58.7131
-57.9395
-57.348
-56.8583
-56.4962
-56.2197
-55.8859
-55.5028
-55.126
-54.6081
-54.2203
-53.745
-53.3655
-53.0888
-52.8907
-52.7481
-52.6231
-52.5025
-52.2832
-52.0809
-51.9478
-51.8415
-51.7667
-51.692
-51.658
-51.6363
-51.625
-51.6439
-51.6863
-51.7491
-51.8273
-51.891
-51.9492
-52.0181
-52.1098
-52.2188
-52.3415
-52.4754
-52.6188
-52.7411
-52.8642
-53.0019
-53.1438
-53.2538
-53.3847
-53.5277
-53.6814
-53.7966
-53.9236
-54.0634
-54.19
-54.3123
-54.4485
-54.5944
-54.7474
-54.9049
-55.0657
-55.179
-55.2689
-55.3284
-55.3892
-55.4466
-55.5319
-55.6157
-55.6172
-55.609
-55.498
-55.3309
-55.1972
-55.0541
-54.8944
-54.6275
-54.2814
-53.9038
-53.5589
-53.2381
-52.9215
-52.6892
-52.298
-51.8565
-51.3249
-50.8382
-50.4406
-50.1378
-49.887
-49.6185
-49.385
-49.0847
-48.7927
-48.5076
-48.207
-47.9087
-47.5885
-47.2645
-46.915
-46.5135
-46.0267
-45.3959
-44.5071
-43.074
-40.0422
-22.3828
36.1566
-11.7443
-42.915
-57.5634
-61.5219
-62.7866
-63.2854
-63.4922
-63.5738
-63.601
-63.6049
-63.5995
-63.591
-63.5822
-63.5742
-63.5675
-63.5622
-63.5583
-63.5556
-63.5541
-63.5537
-63.5543
-63.5558
-63.558
-63.561
-63.5645
-63.5687
-63.5733
-63.5784
-63.5839
-63.5897
-63.5958
-63.6022
-63.6088
-63.6156
-63.6225
-63.6296
-63.6368
-63.6441
-63.6515
-63.6589
-63.6664
-63.6738
-63.6813
-63.6888
-63.6963
-63.7037
-63.7112
-63.7186
-63.7259
-63.7332
-63.7405
-63.7477
-63.7548
-63.7619
-63.7689
-63.7759
-63.7828
-63.7896
-63.7963
-63.7691
-63.5545
-63.4106
-63.3034
-63.2284
-63.1528
-62.9209
-62.7222
-62.5759
-62.47
-62.3473
-62.0769
-61.5963
-61.2518
-60.9949
-60.6227
-60.1207
-59.1606
-58.3083
-57.4564
-56.7795
-56.2798
-55.8769
-55.5207
-54.9149
-54.428
-54.0712
-53.8072
-53.5907
-53.4163
-53.2543
-53.1335
-53.0584
-53.0206
-53.0044
-52.9194
-52.7504
-52.648
-52.5977
-52.5907
-52.6123
-52.6228
-52.6321
-52.6596
-52.7054
-52.7172
-52.7024
-52.5891
-52.4991
-52.4374
-52.4289
-52.4293
-52.4595
-52.5149
-52.58
-52.562
-52.5577
-52.5783
-52.6348
-52.7152
-52.814
-52.888
-52.9801
-53.0903
-53.2089
-53.301
-53.4161
-53.5094
-53.6204
-53.7469
-53.8861
-54.034
-54.1887
-54.3486
-54.5129
-54.6807
-54.8197
-54.9144
-54.9946
-55.0846
-55.1481
-55.2111
-55.2109
-55.2296
-55.2121
-55.1729
-55.176
-55.2082
-55.1232
-54.9623
-54.7785
-54.6131
-54.5065
-54.3723
-54.1887
-53.9884
-53.7268
-53.5054
-53.2503
-53.0313
-52.7126
-52.2719
-51.7763
-51.3284
-50.9058
-50.5888
-50.3261
-50.0775
-49.8758
-49.7152
-49.557
-49.4282
-49.313
-49.1705
-49.0595
-48.9695
-48.8654
-48.7807
-48.71
-48.6518
-48.6028
-48.5615
-48.4832
-48.393
-48.3168
-48.2478
-48.1824
-48.1168
-48.0491
-47.9777
-47.9
-47.8138
-47.7166
-47.6053
-47.4751
-47.3188
-47.1282
-46.8923
-46.5925
-46.2
-45.6627
-44.8793
-43.6027
-40.9757
-28.012
38.7301
-8.531
-42.4793
-59.2118
-63.808
-65.3001
-65.8942
-66.1483
-66.257
-66.3
-66.3113
-66.3061
-66.2914
-66.2706
-66.2454
-66.2172
-66.1865
-66.1539
-66.1199
-66.0847
-66.0486
-66.0119
-65.9748
-65.9374
-65.8998
-65.8623
-65.8249
-65.7877
-65.7508
-65.7142
-65.6781
-65.6424
-65.6072
-65.5726
-65.5385
-65.5051
-65.4722
-65.44
-65.4084
-65.3775
-65.3472
-65.3176
-65.2887
-65.2604
-65.2328
-65.2058
-65.1795
-65.1539
-65.1289
-65.1045
-65.0807
-65.0576
-65.0351
-65.0131
-64.9918
-64.942
-64.87
-64.753
-64.5655
-64.2287
-63.8741
-63.6163
-63.268
-62.9902
-62.774
-62.5712
-62.2082
-61.8437
-61.5292
-61.0734
-60.7231
-60.4593
-60.1901
-59.2625
-58.2615
-57.5359
-57.0135
-56.584
-56.1373
-55.8012
-55.3114
-54.915
-54.5708
-54.2948
-54.0667
-53.9059
-53.796
-53.7275
-53.6615
-53.5678
-53.3758
-53.2202
-53.0433
-52.9106
-52.8361
-52.8054
-52.8057
-52.7781
-52.7534
-52.7404
-52.7649
-52.8159
-52.8864
-52.8754
-52.8031
-52.7713
-52.7849
-52.833
-52.8474
-52.8745
-52.9235
-52.9742
-53.0524
-53.1491
-53.262
-53.3871
-53.5226
-53.6667
-53.7867
-53.8857
-53.9813
-54.0991
-54.2311
-54.3735
-54.5232
-54.6784
-54.8379
-55.0007
-55.166
-55.333
-55.5012
-55.6701
-55.8393
-56.0052
-56.1246
-56.258
-56.3981
-56.4988
-56.6091
-56.7297
-56.7931
-56.8003
-56.757
-56.7667
-56.7712
-56.7938
-56.8421
-56.8847
-56.931
-56.9969
-57.0552
-57.0782
-57.0802
-57.0587
-56.9701
-56.7364
-56.4031
-56.1115
-55.9219
-55.6636
-55.324
-54.9731
-54.6598
-54.3853
-54.0432
-53.5025
-52.9685
-52.5297
-52.1981
-51.9579
-51.7539
-51.5422
-51.3395

