-70
-69.8623
-69.7285
-69.5983
-69.4718
-69.3487
-69.2291
-69.1128
-68.9997
-68.8897
-68.7828
-68.6789
-68.5778
-68.4795
-68.3839
-68.291
-68.2007
-68.1128
-68.0274
-67.9443
-67.8636
-67.7851
-67.7087
-67.6345
-67.5623
-67.4921
-67.4238
-67.3574
-67.2929
-67.2301
-67.1691
-67.1098
-67.0521
-66.996
-66.9414
-66.8884
-66.8368
-66.7866
-66.7378
-66.6904
-66.6443
-66.5994
-66.5558
-66.5133
-66.4721
-66.432
-66.393
-66.355
-66.3181
-66.2823
-66.2474
-66.2134
-66.1805
-66.1484
-66.1172
-66.0868
-66.0573
-66.0286
-66.0007
-65.9736
-65.9472
-65.9215
-65.8966
-65.8723
-65.8487
-65.8257
-65.8034
-65.7817
-65.7606
-65.74
-65.72
-65.7006
-65.6817
-65.6633
-65.6455
-65.6281
-65.6112
-65.5948
-65.5788
-65.5632
-65.5481
-65.5334
-65.5191
-65.5052
-65.4917
-65.4785
-65.4657
-65.4533
-65.4412
-65.4294
-65.418
-65.4068
-65.396
-65.3855
-65.3752
-65.3653
-65.3556
-65.3462
-65.337
-65.3281
-65.3194
-65.311
-65.3028
-65.2948
-65.2871
-65.2795
-65.2722
-65.2651
-65.2581
-65.2514
-65.2448
-65.2385
-65.2322
-65.2262
-65.2203
-65.2146
-65.2091
-65.2037
-65.1984
-65.1933
-65.1884
-65.1835
-65.1788
-65.1743
-65.1698
-65.1655
-65.1613
-65.1572
-65.1532
-65.1493
-65.1456
-65.1419
-65.1384
-65.1349
-65.1315
-65.1283
-65.1251
-65.122
-65.119
-65.1161
-65.1132
-65.1104
-65.1077
-65.1051
-65.1026
-65.1001
-65.0977
-65.0953
-65.0931
-65.0908
-65.0887
-65.0866
-65.0845
-65.0826
-65.0806
-65.0788
-65.0769
-65.0752
-65.0734
-65.0718
-65.0701
-65.0685
-65.067
-65.0655
-65.064
-65.0626
-65.0612
-65.0599
-65.0586
-65.0573
-65.0561
-65.0549
-65.0537
-65.0526
-65.0514
-65.0504
-65.0493
-65.0483
-65.0473
-65.0464
-65.0454
-65.0445
-65.0436
-65.0428
-65.0419
-65.0411
-65.0403
-65.0395
-65.0388
-65.0381
-65.0374
-65.0367
-65.036
-65.0353
-65.0347
-65.0341
-65.0335
-65.0329
-65.0323
-65.0318
-65.0313
-65.0307
-65.0302
-65.0297
-65.0293
-65.0288
-65.0283
-65.0279
-65.0275
-65.027
-65.0266
-65.0262
-65.0259
-65.0255
-65.0251
-65.0248
-65.0244
-65.0241
-65.0238
-65.0234
-65.0231
-65.0228
-65.0225
-65.0223
-65.022
-65.0217
-65.0215
-65.0212
-65.021
-65.0207
-65.0205
-65.0203
-65.02
-65.0198
-65.0196
-65.0194
-65.0192
-65.019
-65.0188
-65.0187
-65.0185
-65.0183
-65.0181
-65.018
-65.0178
-65.0177
-65.0175
-65.0174
-65.0172
-65.0171
-65.017
-65.0168
-65.0167
-65.0166
-65.0165
-65.0163
-65.0162
-65.0161
-65.016
-65.0159
-65.0158
-65.0157
-65.0156
-65.0155
-65.0154
-65.0153
-65.0153
-65.0152
-65.0151
-65.015
-65.0149
-65.0149
-65.0148
-65.0147
-65.0147
-65.0146
-65.0145
-65.0145
-65.0144
-65.0143
-65.0143
-65.0142
-65.0142
-65.0141
-65.0141
-65.014
-65.014
-65.0139
-65.0139
-65.0138
-65.0138
-65.0137
-65.0137
-65.0137
-65.0136
-65.0136
-65.0135
-65.0135
-65.0135
-65.0134
-65.0134
-65.0134
-65.0133
-65.0133
-65.0133
-65.0133
-65.0132
-65.0132
-65.0132
-65.0131
-65.0131
-65.0131
-65.0131
-65.0131
-65.013
-65.013
-65.013
-65.013
-65.0129
-65.0129
-65.0129
-65.0129
-65.0129
-65.0129
-65.0128
-65.0128
-65.0128
-65.0128
-65.0128
-65.0128
-65.0127
-65.0127
-65.0127
-65.0127
-65.0127
-65.0127
-65.0127
-65.0127
-65.0126
-65.0126
-65.0126
-65.0126
-65.0126
-65.0126
-65.0126
-65.0126
-65.0126
-65.0126
-65.0125
-65.0125
-65.0125
-65.0125
-65.0125
-65.0125
-65.0125
-65.0125
-65.0125
-65.0125
-65.0125
-65.0125
-65.0125
-65.0124
-65.0124
-65.0124
-65.0124
-65.0124
-65.0124
-65.0124
-65.0124
-65.0124
-65.0124
-65.0124
-65.0124
-65.0124
-65.0124
-65.0124
-65.0124
-65.0124
-65.0124
-65.0124
-65.0124
-65.0124
-65.0124
-65.0124
-65.0123
-65.0123
-65.0123
-65.0123
-65.0123
-65.0123
-65.0123
-65.0123
-65.0123
-65.0123
-65.0123
-65.0123
-65.0123
-65.0123
-65.0123
-65.0123
-65.0123
-65.0123
-65.0123
-65.0123
-65.0123
-65.0123
-65.0123
-65.0123
-65.0123
-65.0123
-65.0123
-65.0123
-65.0123
-65.0123
-65.0123
-65.0123
-65.0123
-65.0123
-65.0123
-65.0123
-65.0123
-65.0123
-65.0123
-65.0123
-65.0123
-65.0123
-65.0123
-65.0123
-65.0123
-65.0123
-65.0123
-65.0123
-65.0123
-65.0123
-65.0123
-65.0123
-65.0123
-65.0123
-65.0123
-65.0123
-65.0123
-65.0123
-65.0123
-65.0123
-65.0123
-65.0123
-65.0123
-65.0123
-65.0123
-65.0123
-65.0123
-65.0123
-65.0123
-65.0123
-65.0123
-65.0123
-65.0123
-65.0123
-64.7657
-64.5631
-64.4124
-64.305
-64.2215
-64.1548
-64.1013
-64.0585
-64.0247
-63.9986
-63.9789
-63.9648
-63.9553
-63.9499
-63.9479
-63.9489
-63.9525
-63.9582
-63.9658
-63.975
-63.9855
-63.9972
-64.0098
-64.0233
-64.0374
-64.052
-64.0671
-64.0826
-64.0983
-64.1142
-64.1302
-64.1463
-64.1624
-64.1784
-64.1427
-64.0335
-63.9644
-63.9161
-63.8848
-63.863
-63.8483
-63.8392
-63.8349
-63.8344
-63.8372
-63.8427
-63.8505
-63.8603
-63.8717
-63.8844
-63.8982
-63.9129
-63.8994
-63.6637
-63.5006
-63.3361
-62.6662
-62.1349
-61.6049
-60.9676
-60.3644
-59.0907
-58.1807
-57.2158
-56.4442
-55.7256
-55.1963
-54.7875
-54.2722
-53.7752
-53.3624
-52.8008
-52.3957
-51.9983
-51.6827
-51.4404
-51.2289
-51.0342
-50.8789
-50.7637
-50.682
-50.6146
-50.5488
-50.5129
-50.5002
-50.3933
-50.3283
-50.2773
-50.24
-50.2315
-50.2385
-50.2279
-50.2385
-50.2315
-50.2547
-50.2981
-50.36
-50.4369
-50.5274
-50.6301
-50.7444
-50.8172
-50.8788
-50.9292
-50.9694
-50.9744
-51.0213
-51.0933
-51.1614
-51.2274
-51.28
-51.3621
-51.4362
-51.5141
-51.6145
-51.7315
-51.8623
-51.9915
-52.0959
-52.222
-52.342
-52.4324
-52.4955
-52.5163
-52.4879
-52.4146
-52.363
-52.3651
-52.3591
-52.3067
-52.0651
-51.8942
-51.7068
-51.4841
-51.1775
-50.9121
-50.6076
-50.2553
-49.9422
-49.6164
-49.0806
-48.4825
-47.744
-47.0012
-46.2415
-45.38
-44.2158
-42.402
-38.3563
2.74217
25.7016
-18.1716
-46.452
-57.4648
-60.2035
-60.8418
-60.9035
-60.7556
-60.5635
-60.3722
-60.2021
-60.0579
-59.9402
-59.8472
-59.7764
-59.7252
-59.6909
-59.6714
-59.6646
-59.6689
-59.6827
-59.7048
-59.734
-59.7693
-59.8099
-59.8552
-59.9043
-59.9569
-60.0122
-60.0699
-60.1296
-60.191
-60.2536
-60.3172
-60.3816
-60.4466
-60.5119
-60.5774
-60.6429
-60.7083
-60.7734
-60.8383
-60.9026
-60.9665
-61.0297
-61.0922
-61.154
-61.2151
-61.2753
-61.3346
-61.3931
-61.4507
-61.5073
-61.563
-61.6178
-61.6716
-61.7244
-61.7763
-61.8272
-61.8772
-61.9261
-61.9742
-62.0212
-62.0674
-62.1126
-62.1569
-62.2002
-62.2427
-62.2843
-62.325
-62.3649
-62.4039
-62.4421
-62.4795
-62.5161
-62.5519
-62.587
-62.6212
-62.6548
-62.6724
-62.5782
-62.4726
-62.4049
-62.3626
-62.2703
-62.0082
-61.5844
-61.2557
-60.9909
-60.659
-59.8518
-58.5656
-57.5297
-56.4147
-55.5343
-54.875
-54.2767
-53.8116
-53.1969
-52.698
-52.3193
-52.0329
-51.8124
-51.6426
-51.5147
-51.4225
-51.336
-51.2795
-51.2239
-51.1577
-51.0115
-50.9036
-50.8415
-50.8176
-50.8208
-50.806
-50.783
-50.788
-50.7875
-50.7398
-50.6391
-50.5441
-50.4409
-50.3126
-50.1998
-50.1115
-50.0433
-49.9078
-49.8177
-49.7248
-49.6715
-49.6427
-49.599
-49.5763
-49.5327
-49.5164
-49.464
-49.4232
-49.4084
-49.3943
-49.3783
-49.3843
-49.407
-49.4448
-49.4956
-49.5586
-49.5987
-49.6487
-49.7159
-49.7986
-49.8942
-50.0015
-50.0928
-50.1683
-50.2277
-50.2556
-50.136
-49.9244
-49.7348
-49.6149
-49.4925
-49.3761
-49.2259
-49.0744
-48.884
-48.6171
-48.3725
-48.1307
-47.8384
-47.4786
-46.9113
-46.2335
-45.4338
-44.277
-42.418
-38.2136
2.18671
24.7771
-19.6449
-48.4481
-58.9651
-61.6078
-62.1642
-62.1194
-61.8842
-61.6093
-61.2559
-60.7905
-60.431
-60.1063
-59.841
-59.5712
-59.3021
-59.1018
-58.9492
-58.7979
-58.6593
-58.5159
-58.4195
-58.3563
-58.3205
-58.305
-58.3064
-58.3219
-58.3495
-58.3875
-58.4342
-58.4886
-58.5493
-58.6156
-58.6866
-58.7615
-58.8396
-58.9205
-59.0036
-59.0884
-59.1746
-59.2618
-59.3497
-59.4381
-59.5266
-59.6152
-59.7035
-59.7915
-59.879
-59.9659
-60.052
-60.1373
-60.2216
-60.3049
-60.3872
-60.4683
-60.5483
-60.6271
-60.7046
-60.7808
-60.8558
-60.9295
-61.0018
-61.0728
-61.1425
-61.2109
-61.2779
-61.3436
-61.408
-61.4711
-61.5329
-61.5934
-61.6527
-61.7107
-61.7675
-61.823
-61.8774
-61.9306
-61.9827
-62.0336
-62.0834
-62.132
-62.1796
-62.2262
-62.2717
-62.3162
-62.3597
-62.4022
-62.4437
-62.4844
-62.5241
-62.5629
-62.6009
-62.6379
-62.6742
-62.7097
-62.7443
-62.7782
-62.8113
-62.8436
-62.8753
-62.9062
-62.6638
-62.1367
-61.7747
-61.378
-61.0639
-60.8298
-60.6286
-60.3172
-60.0016
-59.7318
-59.3443
-59.0363
-58.8125
-58.5327
-57.3586
-56.1756
-55.3266
-54.721
-54.2385
-53.7004
-53.2993
-52.9061
-52.5989
-52.3298
-52.1059
-51.9422
-51.8254
-51.7473
-51.7007
-51.6815
-51.6209
-51.3066
-51.0827
-50.8329
-50.6068
-50.4383
-50.3152
-50.1656
-50.0452
-49.9414
-49.8739
-49.8321
-49.8128
-49.7033
-49.4781
-49.2666
-49.0647
-48.9125
-48.7863
-48.6522
-48.523
-48.4019
-48.2563
-48.1237
-47.9931
-47.86
-47.6907
-47.5003
-47.295
-47.0615
-46.7836
-46.4166
-45.9446
-45.3119
-44.3905
-42.8436
-39.3159
-9.44567
28.7779
-18.4922
-49.9241
-61.8736
-65.1804
-66.2524
-66.6461
-66.7813
-66.81
-66.793
-66.7554
-66.6612
-66.5641
-66.4766
-66.3973
-66.3228
-66.252
-66.1841
-66.119
-66.0469
-65.8788
-65.6146
-65.4138
-65.2526
-65.1216
-64.9761
-64.8319
-64.5861
-64.249
-63.9077
-63.2597
-62.7012
-62.0393
-61.3388
-60.7069
-60.0222
-59.3975
-58.7304
-57.8803
-57.0188
-56.3069
-55.7214
-55.2215
-54.8295
-54.5317
-54.3063

