-70
-70.0758
-70.1508
-70.225
-70.2983
-70.3706
-70.4419
-70.5122
-70.5814
-70.6496
-70.7168
-70.7829
-70.848
-70.9121
-70.9752
-71.0373
-71.0984
-71.1586
-71.2178
-71.2761
-71.3334
-71.3899
-71.4455
-71.5003
-71.5543
-71.6074
-71.6598
-71.7114
-71.7623
-71.8124
-71.8619
-71.9106
-71.9587
-72.006
-72.0527
-72.0988
-72.1442
-72.1889
-72.2331
-72.2766
-72.3196
-72.362
-72.4038
-72.445
-72.4857
-72.5258
-72.5654
-72.6045
-72.6431
-72.6812
-72.7188
-72.756
-72.7927
-72.8289
-72.8647
-72.9
-72.9349
-72.9694
-73.0035
-73.0371
-73.0704
-73.1032
-73.1357
-73.1678
-73.1994
-73.2307
-73.2617
-73.2922
-73.3224
-73.3523
-73.3817
-73.4109
-73.4397
-73.4682
-73.4963
-73.5241
-73.5516
-73.5788
-73.6057
-73.6323
-73.6585
-73.6845
-73.7102
-73.7356
-73.7608
-73.7857
-73.8103
-73.8346
-73.8587
-73.8825
-73.9061
-73.9294
-73.9524
-73.9753
-73.9979
-74.0202
-74.0423
-74.0642
-74.0859
-74.1073
-74.1285
-74.1495
-74.1703
-74.1909
-74.2112
-74.2313
-74.2513
-74.271
-74.2905
-74.3098
-74.329
-74.3479
-74.3666
-74.3852
-74.4036
-74.4217
-74.4397
-74.4575
-74.4752
-74.4926
-74.5099
-74.527
-74.544
-74.5607
-74.5774
-74.5938
-74.6101
-74.6262
-74.6422
-74.658
-74.6736
-74.6891
-74.7045
-74.7197
-74.7347
-74.7496
-74.7644
-74.779
-74.7935
-74.8079
-74.8221
-74.8362
-74.8501
-74.864
-74.8777
-74.8913
-74.9047
-74.918
-74.9313
-74.9443
-74.9573
-74.9701
-74.9829
-74.9955
-75.008
-75.0204
-75.0327
-75.0448
-75.0569
-75.0688
-75.0806
-75.0924
-75.104
-75.1155
-75.1269
-75.1382
-75.1495
-75.1606
-75.1716
-75.1825
-75.1933
-75.204
-75.2147
-75.2252
-75.2356
-75.246
-75.2562
-75.2664
-75.2764
-75.2864
-75.2963
-75.3061
-75.3158
-75.3255
-75.335
-75.3445
-75.3538
-75.3631
-75.3724
-75.3815
-75.3906
-75.3995
-75.4084
-75.4172
-75.426
-75.4346
-75.4432
-75.4518
-75.4602
-75.4686
-75.4769
-75.4851
-75.4932
-75.5013
-75.5093
-75.5173
-75.5251
-75.533
-75.5407
-75.5484
-75.556
-75.5635
-75.571
-75.5784
-75.5858
-75.593
-75.6003
-75.6074
-75.6145
-75.6216
-75.6285
-75.6355
-75.6423
-75.6491
-75.6559
-75.6626
-75.6692
-75.6758
-75.6823
-75.6888
-75.6952
-75.7015
-75.7078
-75.7141
-75.7203
-75.7264
-75.7325
-75.7386
-75.7446
-75.7505
-75.7564
-75.7622
-75.768
-75.7738
-75.7795
-75.7851
-75.7907
-75.7963
-75.8018
-75.8072
-75.8127
-75.818
-75.8234
-75.8287
-75.8339
-75.8391
-75.8443
-75.8494
-75.8545
-75.8595
-75.8645
-75.8695
-75.8744
-75.8793
-75.8841
-75.8889
-75.8937
-75.8984
-75.9031
-75.9077
-75.9123
-75.9169
-75.9214
-75.9259
-75.9304
-75.9348
-75.9392
-75.9436
-75.9479
-75.9522
-75.9565
-75.9607
-75.9649
-75.969
-75.9731
-75.9772
-75.9813
-75.9853
-75.9893
-75.9933
-75.9972
-76.0011
-76.005
-76.0088
-76.0126
-76.0164
-76.0201
-76.0239
-76.0275
-76.0312
-76.0348
-76.0384
-76.042
-76.0456
-76.0491
-76.0526
-76.056
-76.0595
-76.0629
-76.0663
-76.0696
-76.0729
-76.0762
-76.0795
-76.0828
-76.086
-76.0892
-76.0924
-76.0955
-76.0986
-76.1017
-76.1048
-76.1079
-76.1109
-76.1139
-76.1169
-76.1198
-76.1228
-76.1257
-76.1286
-76.1314
-76.1343
-76.1371
-76.1399
-76.1427
-76.1455
-76.1482
-76.1509
-76.1536
-76.1563
-76.1589
-76.1615
-76.1642
-76.1667
-76.1693
-76.1719
-76.1744
-76.1769
-76.1794
-76.1819
-76.1843
-76.1868
-76.1892
-76.1916
-76.1939
-76.1963
-76.1986
-76.201
-76.2033
-76.2056
-76.2078
-76.2101
-76.2123
-76.2145
-76.2167
-76.2189
-76.2211
-76.2232
-76.2254
-76.2275
-76.2296
-76.2317
-76.2337
-76.2358
-76.2378
-76.2398
-76.2418
-76.2438
-76.2458
-76.2478
-76.2497
-76.2516
-76.2536
-76.2554
-76.2573
-76.2592
-76.2611
-76.2629
-76.2647
-76.2665
-76.2683
-76.2701
-76.2719
-76.2737
-76.2754
-76.2771
-76.2788
-76.2806
-76.2822
-76.2839
-76.2856
-76.2872
-76.2889
-76.2905
-76.2921
-76.2937
-76.2953
-76.2969
-76.2985
-76.3
-76.3016
-76.3031
-76.3046
-76.3061
-76.3076
-76.3091
-76.3106
-76.312
-76.3135
-76.3149
-76.3164
-76.3178
-76.3192
-76.3206
-76.322
-76.3233
-76.3247
-76.3261
-76.3274
-76.3287
-76.33
-76.3314
-76.3327
-76.334
-76.3352
-76.3365
-76.3378
-76.339
-76.3403
-76.3415
-76.3427
-76.3439
-76.3452
-76.3464
-76.3475
-76.3487
-76.3499
-76.351
-76.3522
-76.3533
-76.3545
-76.3556
-76.3567
-76.3578
-76.3589
-76.36
-76.3611
-76.3622
-76.3632
-76.3643
-76.3654
-76.3664
-76.3674
-76.3685
-76.3695
-76.3705
-76.3715
-76.3725
-76.3735
-76.3745
-76.3754
-76.3764
-76.3774
-76.3783
-76.3793
-76.3802
-76.3811
-76.382
-76.383
-76.3839
-76.3848
-76.3857
-76.3866
-76.3874
-76.3883
-76.3892
-76.39
-76.3909
-76.3917
-76.3926
-76.3934
-76.3943
-76.3951
-76.3959
-76.3967
-76.3975
-76.3983
-76.3991
-76.3999
-76.4007
-76.4014
-76.4022
-75.9782
-71.7854
-68.0015
-65.1526
-62.9424
-61.119
-59.4235
-57.4436
-53.6142
46.3418
-5.06449
-36.4119
-78.3973
-79.7416
-79.7278
-79.053
-77.9079
-77.4784
-75.0472
-73.7108
-72.978
-72.3803
-71.8186
-71.0646
-68.7564
-66.982
-65.7802
-64.8763
-62.7972
-60.67
-58.9922
-57.3512
-55.0382
-46.4919
19.9142
-23.3179
-65.8175
-79.233
-78.5981
-78.0467
-76.4187
-75.5267
-75.0216
-74.5575
-74.1278
-73.7789
-73.3938
-72.992
-72.7751
-72.8805
-72.8438
-72.7216
-72.5694
-72.4105
-72.2554
-72.1094
-71.9747
-71.8526
-71.7434
-71.6468
-71.5626
-71.4903
-71.4291
-71.3785
-71.3377
-71.3059
-71.2825
-71.2668
-71.2582
-71.2559
-71.2593
-71.268
-71.2813
-70.0116
-66.497
-63.6913
-61.5376
-59.7203
-57.8809
-55.2084
-38.2756
10.8468
-26.8708
-72.0219
-78.938
-78.8952
-78.7634
-78.617
-78.4578
-78.2862
-78.1026
-76.0078
-71.5841
-69.3576
-68.1155
-67.2345
-66.5153
-65.8863
-65.3183
-64.7993
-64.1504
-61.776
-58.4196
-55.0594
-43.2794
14.2663
-25.5516
-69.7137
-78.7918
-78.7434
-78.6015
-78.4464
-78.2798
-78.1025
-77.8261
-77.5788
-77.3628
-77.1547
-76.9462
-76.6743
-76.4083
-76.2023
-76.0325
-75.8849
-75.7535
-75.6351
-75.5283
-75.4319
-75.3451
-75.2674
-75.1981
-75.1365
-75.0823
-75.0347
-74.9933
-74.9575
-74.927
-74.9011
-74.8794
-74.8617
-74.8474
-74.8362
-74.8278
-74.8219
-74.8182
-74.8166
-74.8167
-74.8183
-74.8214
-74.8256
-74.831
-74.8372
-74.8443
-74.8521
-74.8605
-74.8695
-74.879
-74.8888
-74.899
-74.9094
-74.9201
-74.931
-74.9421
-74.9533
-74.9646
-74.976
-74.9875
-74.999
-75.0105
-75.022
-75.0335
-75.045
-75.0565
-75.068
-75.0793
-75.0907
-75.102
-75.1132
-75.1244
-75.1355
-75.1465
-75.1575
-75.1683
-75.1791
-75.1899
-75.2005
-75.211
-75.2215
-72.8968
-68.8453
-65.6996
-63.2937
-61.3506
-57.6744
-51.237
36.1593
-14.5408
-47.8425
-78.4075
-78.3131
-78.0921
-77.8707
-77.6314
-75.9695
-75.0089
-74.4405
-73.9405
-72.4679
-70.3878
-69.0734
-68.1522
-67.4124
-66.7737
-65.6633
-63.2763
-61.4329
-58.8489
-56.0729
-50.7306
36.2114
-15.9917
-49.8841
-78.6286
-79.0122
-78.9035
-78.7727
-77.2681
-76.1827
-74.9809
-73.0232
-72.1145
-71.5271
-71.0245
-70.6041
-70.5495
-70.4156
-70.2063
-69.9736
-69.7404
-69.5173
-69.3095
-69.1197
-68.9489
-68.7975
-68.6655
-68.5522
-68.457
-68.3788
-68.3169
-68.27
-68.2373
-68.2177
-68.21
-68.2134
-68.2267
-68.2491
-68.2797
-68.3176
-67.2248
-64.138
-61.6353
-59.6068
-57.6396
-54.88
-41.0976
11.8029
-26.7808
-71.8792
-79.5314
-79.5933
-78.1061
-77.4267
-77.0962
-76.7887
-76.4699
-76.1378
-74.3438
-71.7093
-70.1486
-69.1121
-67.3393
-64.8825
-63.1867
-61.9697
-61.0006
-60.1525
-59.3372
-58.4651
-57.394
-54.5952
-38.3121
8.70218
-28.0512
-72.3615
-78.489
-78.4059
-78.1866
-77.9073
-77.6185
-77.373
-77.1306
-76.8825
-76.6293
-76.373
-76.1161
-75.8629
-75.6324
-75.4185
-75.2184
-75.0313
-74.8572
-74.696
-74.5477
-74.4123
-74.2895
-74.1788
-74.08
-74.1241
-74.2166
-74.3245
-74.5161
-74.6619
-74.766
-74.8423
-74.8998
-74.9442
-74.9793
-75.0078
-75.0314
-75.0515
-75.0689
-75.0843
-75.0983
-75.1112
-75.1232
-75.1346
-75.1455
-75.156
-75.1663
-75.1763
-75.1862
-75.1959
-75.2056
-75.2152
-75.2247
-75.2342
-75.2437
-75.2531
-75.2625
-75.2718
-75.2812
-75.2905
-75.2997
-75.3089
-75.3181
-75.3273
-75.3364
-75.3455
-75.3545
-75.3635
-75.3724
-75.3813
-75.3901
-75.3989
-75.4076
-75.4162
-75.4248
-75.4334
-75.4418
-75.4503
-75.4586
-75.4669
-75.4751
-75.4833
-75.4914
-75.4994
-75.5074
-75.5153
-75.5232
-75.531
-75.5387
-75.5464
-75.554
-75.5615
-75.569
-75.5764
-75.5837
-72.3677
-68.4135
-65.4038
-63.0876
-61.1981
-59.4672
-57.486
-52.0796
39.9958
-12.1713
-43.9785
-78.2645
-78.2474
-78.0069
-77.7763
-77.5274
-77.2601
-75.7992
-74.3073
-73.4963
-72.1163
-69.9486
-68.5697
-67.6211
-66.8671
-66.2198
-65.643
-65.1209
-64.571
-62.0558
-58.5669
-55.2138
-45.2416
17.1884
-24.3447
-67.5099
-78.8614
-78.8897
-78.7599
-78.6135
-78.4543
-78.1856
-77.9474
-77.7369
-77.5288
-77.3183
-77.0888
-76.8052
-76.5602
-76.3451
-76.1436
-75.9598
-75.8045
-75.6698
-75.5512
-75.446
-75.3524
-75.2692
-75.1955
-75.1303
-75.073
-75.0229
-74.9793
-72.2758
-68.5038
-65.717
-63.6566
-62.0584
-60.7218
-59.4663
-58.0562
-55.9079
-48.2611
25.5772
-20.3299
-60.572
-79.585
-79.7623
-79.7363
-79.7028
-79.6656
-79.6248
-79.5802
-79.5321
-79.4806
-79.426
-79.3686
-78.8638
-74.8654
-71.7844
-69.7335
-68.2633
-67.1466
-66.2619
-65.5395
-64.9373
-64.4277
-62.2998
-59.4787
-55.6002
-39.8053
12.4482
-26.0428
-71.059
-78.8685
-78.8203
-78.6795
-78.1876
-75.5014
-74.3449
-73.7281

