-70
-69.8623
-69.7285
-69.5983
-69.4718
-69.3487
-69.2291
-69.1128
-68.9997
-68.8897
-68.7828
-68.6789
-68.5778
-68.4795
-68.3839
-68.291
-68.2007
-68.1128
-68.0274
-67.9443
-67.8636
-67.7851
-67.7087
-67.6345
-67.5623
-67.4921
-67.4238
-67.3574
-67.2929
-67.2301
-67.1691
-67.1098
-67.0521
-66.996
-66.9414
-66.8884
-66.8368
-66.7866
-66.7378
-66.6904
-66.6443
-66.5994
-66.5558
-66.5133
-66.4721
-66.432
-66.393
-66.355
-66.3181
-66.2823
-66.2474
-66.2134
-66.1805
-66.1484
-66.1172
-66.0868
-66.0573
-66.0286
-66.0007
-65.9736
-65.9472
-65.9215
-65.8966
-65.8723
-65.8487
-65.8257
-65.8034
-65.7817
-65.7606
-65.74
-65.72
-65.7006
-65.6817
-65.6633
-65.6455
-65.6281
-65.6112
-65.5948
-65.5788
-65.5632
-65.5481
-65.5334
-65.5191
-65.5052
-65.4917
-65.4785
-65.4657
-65.4533
-65.4412
-65.4294
-65.418
-65.4068
-65.396
-65.3855
-65.3752
-65.3653
-65.3556
-65.3462
-65.337
-65.3281
-65.3194
-65.311
-65.3028
-65.2948
-65.2871
-65.2795
-65.2722
-65.2651
-65.2581
-65.2514
-65.2448
-65.2385
-65.2322
-65.2262
-65.2203
-65.2146
-65.2091
-65.2037
-65.1984
-65.1933
-65.1884
-65.1835
-65.1788
-65.1743
-65.1698
-65.1655
-65.1613
-65.1572
-65.1532
-65.1493
-65.1456
-65.1419
-65.1384
-65.1349
-65.1315
-65.1283
-65.1251
-65.122
-65.119
-65.1161
-65.1132
-65.1104
-65.1077
-65.1051
-65.1026
-65.1001
-65.0977
-65.0953
-65.0931
-65.0908
-65.0887
-65.0866
-65.0845
-65.0826
-65.0806
-65.0788
-65.0769
-65.0752
-65.0734
-65.0718
-65.0701
-65.0685
-65.067
-65.0655
-65.064
-65.0626
-65.0612
-65.0599
-65.0586
-65.0573
-65.0561
-65.0549
-65.0537
-65.0526
-65.0514
-65.0504
-65.0493
-65.0483
-65.0473
-65.0464
-65.0454
-65.0445
-65.0436
-65.0428
-65.0419
-65.0411
-65.0403
-65.0395
-65.0388
-65.0381
-65.0374
-65.0367
-65.036
-65.0353
-65.0347
-65.0341
-65.0335
-65.0329
-65.0323
-65.0318
-65.0313
-65.0307
-65.0302
-65.0297
-65.0293
-65.0288
-65.0283
-65.0279
-65.0275
-65.027
-65.0266
-65.0262
-65.0259
-65.0255
-65.0251
-65.0248
-65.0244
-65.0241
-65.0238
-65.0234
-65.0231
-65.0228
-65.0225
-65.0223
-65.022
-65.0217
-65.0215
-65.0212
-65.021
-65.0207
-65.0205
-65.0203
-65.02
-65.0198
-65.0196
-65.0194
-65.0192
-65.019
-65.0188
-65.0187
-65.0185
-65.0183
-65.0181
-65.018
-65.0178
-65.0177
-65.0175
-65.0174
-65.0172
-65.0171
-65.017
-65.0168
-65.0167
-65.0166
-65.0165
-65.0163
-65.0162
-65.0161
-65.016
-65.0159
-65.0158
-65.0157
-65.0156
-65.0155
-65.0154
-65.0153
-65.0153
-65.0152
-65.0151
-65.015
-65.0149
-65.0149
-65.0148
-65.0147
-65.0147
-65.0146
-65.0145
-65.0145
-65.0144
-65.0143
-65.0143
-65.0142
-65.0142
-65.0141
-65.0141
-65.014
-65.014
-65.0139
-65.0139
-65.0138
-65.0138
-65.0137
-65.0137
-65.0137
-65.0136
-65.0136
-65.0135
-65.0135
-65.0135
-65.0134
-65.0134
-65.0134
-65.0133
-65.0133
-65.0133
-65.0133
-65.0132
-65.0132
-65.0132
-65.0131
-65.0131
-65.0131
-65.0131
-65.0131
-65.013
-65.013
-65.013
-65.013
-65.0129
-65.0129
-65.0129
-65.0129
-65.0129
-65.0129
-65.0128
-65.0128
-65.0128
-65.0128
-65.0128
-65.0128
-65.0127
-65.0127
-65.0127
-65.0127
-65.0127
-65.0127
-65.0127
-65.0127
-65.0126
-65.0126
-65.0126
-65.0126
-65.0126
-65.0126
-65.0126
-65.0126
-65.0126
-65.0126
-65.0125
-65.0125
-65.0125
-65.0125
-65.0125
-65.0125
-65.0125
-65.0125
-65.0125
-65.0125
-65.0125
-65.0125
-65.0125
-65.0124
-65.0124
-65.0124
-65.0124
-65.0124
-65.0124
-65.0124
-65.0124
-65.0124
-65.0124
-65.0124
-65.0124
-65.0124
-65.0124
-65.0124
-65.0124
-65.0124
-65.0124
-65.0124
-65.0124
-65.0124
-65.0124
-65.0124
-65.0123
-65.0123
-65.0123
-65.0123
-65.0123
-65.0123
-65.0123
-65.0123
-65.0123
-65.0123
-65.0123
-65.0123
-65.0123
-65.0123
-65.0123
-65.0123
-65.0123
-65.0123
-65.0123
-65.0123
-65.0123
-65.0123
-65.0123
-65.0123
-65.0123
-65.0123
-65.0123
-65.0123
-65.0123
-65.0123
-65.0123
-65.0123
-65.0123
-65.0123
-65.0123
-65.0123
-65.0123
-65.0123
-65.0123
-65.0123
-65.0123
-65.0123
-65.0123
-65.0123
-65.0123
-65.0123
-65.0123
-65.0123
-65.0123
-65.0123
-65.0123
-65.0123
-65.0123
-65.0123
-65.0123
-65.0123
-65.0123
-65.0123
-65.0123
-65.0123
-65.0123
-65.0123
-65.0123
-65.0123
-65.0123
-65.0123
-65.0123
-65.0123
-65.0123
-65.0123
-65.0123
-65.0123
-65.0123
-65.0123
-64.8272
-64.6749
-64.5616
-64.4807
-64.4179
-64.3677
-64.3273
-64.2951
-64.2696
-64.2499
-64.2351
-64.2244
-64.2173
-64.2132
-64.2117
-64.2125
-64.2152
-64.2195
-64.2252
-64.2321
-64.2401
-64.2489
-64.2584
-64.2685
-64.2792
-64.2902
-64.3016
-64.3133
-64.3251
-64.3371
-64.3491
-64.3613
-64.3734
-64.3855
-64.3197
-64.1436
-64.0281
-63.9438
-63.8854
-63.8412
-63.8079
-63.7833
-63.7658
-63.7543
-63.7479
-63.7457
-63.7472
-63.7518
-63.7589
-63.7682
-63.7252
-63.6859
-63.6106
-63.294
-63.0015
-62.613
-61.4666
-60.5382
-59.7251
-58.9355
-58.2279
-57.0251
-56.037
-55.0301
-54.2039
-53.3274
-52.6376
-52.1013
-51.4124
-50.7406
-50.1657
-49.323
-48.6243
-47.8283
-47.0505
-46.2393
-45.2865
-44.0479
-42.0525
-37.0758
28.9998
17.0542
-22.218
-48.7598
-57.7017
-59.6682
-59.9593
-59.8532
-59.6352
-59.3936
-59.1417
-58.8982
-58.6978
-58.503
-58.3523
-58.2357
-58.1149
-57.9666
-57.8644
-57.7557
-57.6757
-57.6075
-57.4937
-57.3643
-57.2859
-57.2166
-57.1391
-56.9581
-56.7808
-56.6211
-56.5073
-56.4402
-56.4062
-56.3973
-56.4079
-56.3958
-56.3728
-56.3646
-56.3828
-56.3862
-56.3985
-56.4061
-56.3886
-56.3063
-56.2279
-56.1125
-55.9294
-55.7118
-55.4109
-54.984
-54.5379
-54.1992
-53.8673
-53.4067
-52.8627
-52.2488
-51.6808
-51.0541
-50.3912
-49.717
-48.8315
-47.9186
-46.953
-45.9105
-44.6935
-43.0295
-39.9822
-24.9812
38.4637
-7.71203
-39.5295
-56.6255
-60.7101
-61.4578
-61.3627
-60.9437
-60.4852
-60.0777
-59.6879
-59.3655
-59.0699
-58.8206
-58.6224
-58.4666
-58.3457
-58.2537
-58.1865
-58.1405
-58.1128
-58.1009
-58.1028
-58.1166
-58.1408
-58.1741
-58.2152
-58.2631
-58.317
-58.3759
-58.4393
-58.5064
-58.5766
-58.6495
-58.7247
-58.8016
-58.8801
-58.9596
-59.0401
-59.1212
-59.2027
-59.2844
-59.3661
-59.4477
-59.529
-59.61
-59.6903
-59.7701
-59.8492
-59.9274
-60.0048
-60.0813
-60.1567
-60.2312
-60.3046
-60.377
-60.4482
-60.5183
-60.5873
-60.6551
-60.7218
-60.7873
-60.8516
-60.9148
-60.9768
-61.0377
-61.0974
-61.1559
-61.2133
-61.2696
-61.3248
-61.3789
-61.4319
-61.4839
-61.5348
-61.5847
-61.5607
-61.3668
-61.2195
-61.1219
-61.062
-61.0068
-60.7889
-60.6204
-60.5021
-60.4001
-60.1773
-59.7866
-59.1628
-58.6227
-58.1846
-57.5396
-56.3909
-55.0281
-53.9801
-52.9609
-52.1228
-51.4675
-50.7599
-50.1727
-49.3291
-48.5368
-47.8524
-47.2054
-46.5237
-45.7397
-44.6616
-43.1131
-40.1432
-24.6626
38.1599
-8.70741
-41.4426
-58.4306
-62.517
-63.3031
-63.2289
-62.8819
-62.4117
-61.9939
-61.6046
-61.1809
-60.7881
-60.3991
-60.0704
-59.7676
-59.5344
-59.2471
-59.0125
-58.7411
-58.4378
-58.123
-57.8859
-57.6267
-57.439
-57.3029
-57.2094
-57.1048
-56.9977
-56.9297
-56.8932
-56.8587
-56.8246
-56.8187
-56.8331
-56.8644
-56.9084
-56.963
-57.0266
-57.0977
-57.1752
-57.2582
-57.325
-57.3433
-57.3707
-57.3765
-57.2864
-57.1571
-57.0044
-56.7151
-56.4006
-56.0612
-55.7267
-55.4314
-55.0872
-54.8282
-54.5552
-54.1992
-53.8227
-53.4679
-53.0488
-52.5775
-51.9433
-51.2451
-50.6715
-50.0743
-49.4601
-48.6995
-47.9153
-47.1249
-46.3337
-45.4116
-44.2401
-42.4342
-38.451
4.49585
25.241
-19.0863
-49.8755
-61.2385
-63.8401
-64.082
-63.796
-63.3529
-62.8008
-62.3074
-61.8959
-61.5208
-61.1844
-60.8572
-60.5974
-60.3659
-60.173
-60.0191
-59.8976
-59.8027
-59.7298
-59.6759
-59.6381
-59.6145
-59.6031
-59.6023
-59.6109
-59.6274
-59.651
-59.6807
-59.7157
-59.7552
-59.7987
-59.8455
-59.8953
-59.9474
-60.0017
-60.0577
-60.1151
-60.1737
-60.2332
-60.2934
-60.3541
-60.4151
-60.4763
-60.5376
-60.5987
-60.6596
-60.7203
-60.7805
-60.8403
-60.8996
-60.9582
-61.0162
-61.0736
-61.1302
-61.186
-61.241
-61.2953
-61.3487
-61.4013
-61.453
-61.5039
-61.5539
-61.6031
-61.6513
-61.6988
-61.7453
-61.791
-61.8359
-61.8799
-61.923
-61.9654
-62.0069
-62.0476
-62.0875
-62.1266
-62.1649
-62.2024
-62.2392
-62.2753
-62.3107
-62.3453
-62.3792
-62.4125
-62.4451
-62.477
-62.5082
-62.5389
-62.5689
-62.5983
-62.6271
-62.6039
-62.5416
-62.2694
-61.6758
-61.2706
-60.8623
-60.5185
-60.2626
-60.0542
-59.8244
-59.5737
-59.2558
-58.6944
-58.2037
-57.8451
-57.3344
-55.693
-54.0992
-52.9569
-52.1246
-51.4419
-50.6898
-50.0859
-49.4109
-48.8254
-48.2538
-47.7093
-47.135
-46.5372
-45.859
-45.0136
-43.7999
-41.6011
-34.6656
40.7145
5.55564
-31.6473
-56.5023
-63.0464
-64.321
-64.2791
-63.9104
-63.4987
-63.1082
-62.76
-62.2995
-61.8103
-61.3706
-60.9894
-60.6561
-60.3936
-60.1826
-60.0134
-59.8679
-59.6794
-59.5153
-59.3669
-59.2616
-59.1801
-59.0644
-58.9661
-58.8564
-58.7804
-58.7255
-58.6526
-58.6126
-58.5598
-58.531
-58.5225
-58.5313
-58.5527
-58.548
-58.5465
-58.5636
-58.5948
-58.6363
-58.6224
-58.5986
-58.6023
-58.6116
-58.4918
-58.3017
-58.0821
-57.948
-57.844
-57.769
-57.7279
-57.7121
-57.7167
-57.729
-57.6751
-57.6439
-57.5623
-57.4812
-57.4319
-57.358
-57.2119
-57.0159
-56.8478
-56.6485
-56.1593
-55.4783
-54.8123
-54.22
-53.3963
-52.4415
-51.674
-50.9513
-50.0234
-49.0844
-48.316
-47.6253
-46.9089
-46.1493
-45.2547
-43.9588

