-70
-69.8623
-69.7285
-69.5983
-69.4718
-69.3487
-69.2291
-69.1128
-68.9997
-68.8897
-68.7828
-68.6789
-68.5778
-68.4795
-68.3839
-68.291
-68.2007
-68.1128
-68.0274
-67.9443
-67.8636
-67.7851
-67.7087
-67.6345
-67.5623
-67.4921
-67.4238
-67.3574
-67.2929
-67.2301
-67.1691
-67.1098
-67.0521
-66.996
-66.9414
-66.8884
-66.8368
-66.7866
-66.7378
-66.6904
-66.6443
-66.5994
-66.5558
-66.5133
-66.4721
-66.432
-66.393
-66.355
-66.3181
-66.2823
-66.2474
-66.2134
-66.1805
-66.1484
-66.1172
-66.0868
-66.0573
-66.0286
-66.0007
-65.9736
-65.9472
-65.9215
-65.8966
-65.8723
-65.8487
-65.8257
-65.8034
-65.7817
-65.7606
-65.74
-65.72
-65.7006
-65.6817
-65.6633
-65.6455
-65.6281
-65.6112
-65.5948
-65.5788
-65.5632
-65.5481
-65.5334
-65.5191
-65.5052
-65.4917
-65.4785
-65.4657
-65.4533
-65.4412
-65.4294
-65.418
-65.4068
-65.396
-65.3855
-65.3752
-65.3653
-65.3556
-65.3462
-65.337
-65.3281
-65.3194
-65.311
-65.3028
-65.2948
-65.2871
-65.2795
-65.2722
-65.2651
-65.2581
-65.2514
-65.2448
-65.2385
-65.2322
-65.2262
-65.2203
-65.2146
-65.2091
-65.2037
-65.1984
-65.1933
-65.1884
-65.1835
-65.1788
-65.1743
-65.1698
-65.1655
-65.1613
-65.1572
-65.1532
-65.1493
-65.1456
-65.1419
-65.1384
-65.1349
-65.1315
-65.1283
-65.1251
-65.122
-65.119
-65.1161
-65.1132
-65.1104
-65.1077
-65.1051
-65.1026
-65.1001
-65.0977
-65.0953
-65.0931
-65.0908
-65.0887
-65.0866
-65.0845
-65.0826
-65.0806
-65.0788
-65.0769
-65.0752
-65.0734
-65.0718
-65.0701
-65.0685
-65.067
-65.0655
-65.064
-65.0626
-65.0612
-65.0599
-65.0586
-65.0573
-65.0561
-65.0549
-65.0537
-65.0526
-65.0514
-65.0504
-65.0493
-65.0483
-65.0473
-65.0464
-65.0454
-65.0445
-65.0436
-65.0428
-65.0419
-65.0411
-65.0403
-65.0395
-65.0388
-65.0381
-65.0374
-65.0367
-65.036
-65.0353
-65.0347
-65.0341
-65.0335
-65.0329
-65.0323
-65.0318
-65.0313
-65.0307
-65.0302
-65.0297
-65.0293
-65.0288
-65.0283
-65.0279
-65.0275
-65.027
-65.0266
-65.0262
-65.0259
-65.0255
-65.0251
-65.0248
-65.0244
-65.0241
-65.0238
-65.0234
-65.0231
-65.0228
-65.0225
-65.0223
-65.022
-65.0217
-65.0215
-65.0212
-65.021
-65.0207
-65.0205
-65.0203
-65.02
-65.0198
-65.0196
-65.0194
-65.0192
-65.019
-65.0188
-65.0187
-65.0185
-65.0183
-65.0181
-65.018
-65.0178
-65.0177
-65.0175
-65.0174
-65.0172
-65.0171
-65.017
-65.0168
-65.0167
-65.0166
-65.0165
-65.0163
-65.0162
-65.0161
-65.016
-65.0159
-65.0158
-65.0157
-65.0156
-65.0155
-65.0154
-65.0153
-65.0153
-65.0152
-65.0151
-65.015
-65.0149
-65.0149
-65.0148
-65.0147
-65.0147
-65.0146
-65.0145
-65.0145
-65.0144
-65.0143
-65.0143
-65.0142
-65.0142
-65.0141
-65.0141
-65.014
-65.014
-65.0139
-65.0139
-65.0138
-65.0138
-65.0137
-65.0137
-65.0137
-65.0136
-65.0136
-65.0135
-65.0135
-65.0135
-65.0134
-65.0134
-65.0134
-65.0133
-65.0133
-65.0133
-65.0133
-65.0132
-65.0132
-65.0132
-65.0131
-65.0131
-65.0131
-65.0131
-65.0131
-65.013
-65.013
-65.013
-65.013
-65.0129
-65.0129
-65.0129
-65.0129
-65.0129
-65.0129
-65.0128
-65.0128
-65.0128
-65.0128
-65.0128
-65.0128
-65.0127
-65.0127
-65.0127
-65.0127
-65.0127
-65.0127
-65.0127
-65.0127
-65.0126
-65.0126
-65.0126
-65.0126
-65.0126
-65.0126
-65.0126
-65.0126
-65.0126
-65.0126
-65.0125
-65.0125
-65.0125
-65.0125
-65.0125
-65.0125
-65.0125
-65.0125
-65.0125
-65.0125
-65.0125
-65.0125
-65.0125
-65.0124
-65.0124
-65.0124
-65.0124
-65.0124
-65.0124
-65.0124
-65.0124
-65.0124
-65.0124
-65.0124
-65.0124
-65.0124
-65.0124
-65.0124
-65.0124
-65.0124
-65.0124
-65.0124
-65.0124
-65.0124
-65.0124
-65.0124
-65.0123
-65.0123
-65.0123
-65.0123
-65.0123
-65.0123
-65.0123
-65.0123
-65.0123
-65.0123
-65.0123
-65.0123
-65.0123
-65.0123
-65.0123
-65.0123
-65.0123
-65.0123
-65.0123
-65.0123
-65.0123
-65.0123
-65.0123
-65.0123
-65.0123
-65.0123
-65.0123
-65.0123
-65.0123
-65.0123
-65.0123
-65.0123
-65.0123
-65.0123
-65.0123
-65.0123
-65.0123
-65.0123
-65.0123
-65.0123
-65.0123
-65.0123
-65.0123
-65.0123
-65.0123
-65.0123
-65.0123
-65.0123
-65.0123
-65.0123
-65.0123
-65.0123
-65.0123
-65.0123
-65.0123
-65.0123
-65.0123
-65.0123
-65.0123
-65.0123
-65.0123
-65.0123
-65.0123
-65.0123
-65.0123
-65.0123
-65.0123
-65.0123
-65.0123
-65.0123
-65.0123
-65.0123
-65.0123
-65.0123
-64.5816
-64.2291
-63.9678
-63.7817
-63.6375
-63.5222
-63.4298
-63.356
-63.2977
-63.2527
-63.2187
-63.1943
-63.178
-63.1686
-63.1652
-63.1668
-63.1729
-63.1827
-63.1957
-63.2115
-63.2296
-63.2497
-63.2714
-63.2946
-63.3189
-63.3441
-63.3701
-63.3967
-63.4238
-63.4511
-63.4788
-63.5065
-63.5343
-63.562
-63.5128
-63.3545
-63.256
-63.1881
-63.1455
-63.1168
-63.0987
-63.0888
-63.0859
-63.0887
-63.0962
-63.1077
-63.1226
-63.1402
-63.1602
-63.1821
-63.2057
-63.2305
-63.2277
-63.0052
-62.8547
-62.6628
-61.9204
-61.3796
-60.7088
-59.8158
-58.9759
-57.8655
-56.9306
-55.7803
-54.8084
-53.9979
-53.3945
-52.9253
-52.477
-52.0659
-51.7169
-51.4042
-51.16
-50.925
-50.7335
-50.5851
-50.4463
-50.32
-50.2079
-50.1168
-49.949
-49.7981
-49.6865
-49.6072
-49.5514
-49.4755
-49.4227
-49.3366
-49.2178
-49.1128
-48.997
-48.8862
-48.7979
-48.7244
-48.6211
-48.5131
-48.396
-48.2932
-48.1949
-48.097
-47.961
-47.7985
-47.6022
-47.3984
-47.1386
-46.7837
-46.37
-45.8211
-45.0711
-43.9555
-41.9815
-36.4659
33.0856
11.02
-27.9255
-52.6705
-60.1035
-62.1987
-62.9226
-63.1201
-63.0887
-62.9406
-62.7657
-62.4964
-62.1654
-61.9126
-61.6737
-61.4825
-61.2098
-60.9078
-60.6894
-60.5123
-60.3381
-60.0985
-59.8967
-59.4986
-59.1351
-58.6332
-58.0684
-57.5386
-56.9731
-56.3819
-55.6367
-54.9489
-54.362
-53.8751
-53.3957
-52.9833
-52.65
-52.3581
-52.1144
-51.9368
-51.7877
-51.6193
-51.4706
-51.2903
-51.1558
-51.0387
-50.9644
-50.9247
-50.9137
-50.9262
-50.9593
-51.0108
-51.0791
-51.1625
-51.2599
-51.3701
-51.4921
-51.6245
-51.7665
-51.9171
-52.0757
-52.2411
-52.4128
-52.5901
-52.7722
-52.958
-53.1468
-53.338
-53.5312
-53.726
-53.9216
-54.1175
-54.3131
-54.5083
-54.7028
-54.8963
-55.0883
-55.2785
-55.4668
-55.6531
-55.8373
-56.019
-56.1981
-56.3745
-56.5483
-56.7193
-56.8874
-57.0527
-57.2149
-57.3741
-57.5304
-57.6837
-57.834
-57.9814
-58.1258
-58.2671
-58.4055
-58.5411
-58.6737
-58.8035
-58.9306
-59.0548
-59.1763
-59.2951
-59.4112
-59.5247
-59.6357
-59.7441
-59.8501
-59.9537
-60.0549
-60.1537
-60.2081
-60.1149
-60.055
-60.0317
-60.0372
-60.0551
-59.9376
-59.8618
-59.8214
-59.8107
-59.6809
-59.5155
-59.2287
-59.0157
-58.8709
-58.5002
-57.634
-56.6106
-55.6225
-54.4598
-53.5447
-52.8652
-52.3048
-51.8472
-51.4231
-51.0604
-50.7729
-50.5426
-50.3575
-50.1836
-49.9724
-49.8037
-49.6702
-49.5562
-49.4194
-49.2701
-49.0555
-48.8582
-48.6905
-48.5285
-48.2991
-48.0655
-47.8424
-47.6194
-47.3615
-47.0455
-46.6211
-46.1104
-45.4069
-44.4026
-42.8207
-39.3897
-14.1676
31.3366
-15.748
-46.5972
-59.3632
-62.6815
-63.6019
-63.8396
-63.7916
-63.5782
-63.3357
-63.1273
-62.9535
-62.8088
-62.6875
-62.5863
-62.5023
-62.4334
-62.3774
-62.3327
-62.2977
-62.2711
-62.252
-62.2393
-62.2322
-62.2299
-62.1326
-62.0107
-61.8915
-61.7858
-61.6707
-61.5856
-61.3836
-61.1461
-60.9174
-60.6538
-60.4001
-60.1149
-59.7508
-59.2014
-58.762
-58.4463
-58.0902
-57.7353
-57.1393
-56.6043
-56.1619
-55.7816
-55.3615
-54.9014
-54.449
-54.0064
-53.5533
-53.2313
-52.9969
-52.8016
-52.516
-52.295
-52.1361
-52.0098
-51.9095
-51.821
-51.7511
-51.658
-51.6102
-51.5769
-51.4948
-51.4631
-51.4463
-51.4502
-51.4808
-51.5053
-51.5576
-51.6304
-51.7218
-51.8282
-51.9476
-52.0786
-52.2198
-52.3701
-52.5287
-52.6942
-52.8656
-53.042
-53.2225
-53.4065
-53.5936
-53.7829
-53.9738
-54.1655
-54.3577
-54.55
-54.7421
-54.9335
-55.1237
-55.3126
-55.4998
-55.6853
-55.8688
-56.0501
-56.229
-56.4054
-56.5793
-56.7505
-56.9191
-57.0848
-57.2475
-57.4074
-57.5643
-57.7184
-57.8695
-58.0177
-58.1629
-58.3051
-58.4444
-58.5808
-58.7144
-58.8452
-58.9731
-59.0982
-59.2206
-59.3402
-59.4572
-59.5716
-59.6834
-59.7927
-59.8995
-60.0038
-60.1058
-60.2053
-60.3026
-60.3975
-60.4903
-60.5809
-60.6693
-60.7557
-60.8401
-60.9224
-61.0028
-61.0813
-61.158
-61.2327
-61.3057
-61.377
-61.4466
-61.5145
-61.5807
-61.6454
-61.7086
-61.7702
-61.7797
-61.7673
-61.6322
-61.3908
-61.2325
-61.0593
-60.898
-60.7883
-60.6897
-60.3815
-60.0584
-59.7827
-59.298
-58.9207
-58.6279
-58.2005
-56.7972
-55.3814
-54.3822
-53.663
-53.1232
-52.698
-52.3599
-52.0467
-51.7866
-51.5253
-51.2917
-51.1003
-50.9613
-50.862
-50.7949
-50.735
-50.6739
-50.5315
-50.4148
-50.2579
-50.0377
-49.8735
-49.7281
-49.5438
-49.3887
-49.2158
-49.054
-48.9245
-48.8167
-48.6285
-48.2974
-48.0028
-47.7305
-47.4631
-47.18
-46.8644
-46.4691
-45.9554
-45.2818
-44.3319
-42.7692
-39.252
-10.2504
29.3136
-17.8025
-49.1712
-61.3656
-64.6601
-65.6465
-65.9711
-66.0505
-66.0344
-65.9806
-65.9133
-65.8425
-65.7723
-65.7045
-65.6396
-65.5777
-65.4824
-65.3615
-65.2406
-65.1419
-65.0356
-64.9087
-64.8067
-64.6691
-64.5139
-64.3786
-64.2702
-64.1812
-64.1059
-64.0413
-63.9855
-63.9372
-63.8955
-63.8594
-63.8282
-63.8013
-63.6966
-63.4946
-63.2836
-63.0781
-62.8079
-62.3845
-61.8712
-61.1957
-60.5078
-59.8425
-59.0574
-58.1883
-57.3981
-56.5843
-55.7478
-55.0312
-54.5039
-54.103
-53.7613
-53.4983
-53.2597

