-70
-70.0758
-70.1508
-70.225
-70.2983
-70.3706
-70.4419
-70.5122
-70.5814
-70.6496
-70.7168
-70.7829
-70.848
-70.9121
-70.9752
-71.0373
-71.0984
-71.1586
-71.2178
-71.2761
-71.3334
-71.3899
-71.4455
-71.5003
-71.5543
-71.6074
-71.6598
-71.7114
-71.7623
-71.8124
-71.8619
-71.9106
-71.9587
-72.006
-72.0527
-72.0988
-72.1442
-72.1889
-72.2331
-72.2766
-72.3196
-72.362
-72.4038
-72.445
-72.4857
-72.5258
-72.5654
-72.6045
-72.6431
-72.6812
-72.7188
-72.756
-72.7927
-72.8289
-72.8647
-72.9
-72.9349
-72.9694
-73.0035
-73.0371
-73.0704
-73.1032
-73.1357
-73.1678
-73.1994
-73.2307
-73.2617
-73.2922
-73.3224
-73.3523
-73.3817
-73.4109
-73.4397
-73.4682
-73.4963
-73.5241
-73.5516
-73.5788
-73.6057
-73.6323
-73.6585
-73.6845
-73.7102
-73.7356
-73.7608
-73.7857
-73.8103
-73.8346
-73.8587
-73.8825
-73.9061
-73.9294
-73.9524
-73.9753
-73.9979
-74.0202
-74.0423
-74.0642
-74.0859
-74.1073
-74.1285
-74.1495
-74.1703
-74.1909
-74.2112
-74.2313
-74.2513
-74.271
-74.2905
-74.3098
-74.329
-74.3479
-74.3666
-74.3852
-74.4036
-74.4217
-74.4397
-74.4575
-74.4752
-74.4926
-74.5099
-74.527
-74.544
-74.5607
-74.5774
-74.5938
-74.6101
-74.6262
-74.6422
-74.658
-74.6736
-74.6891
-74.7045
-74.7197
-74.7347
-74.7496
-74.7644
-74.779
-74.7935
-74.8079
-74.8221
-74.8362
-74.8501
-74.864
-74.8777
-74.8913
-74.9047
-74.918
-74.9313
-74.9443
-74.9573
-74.9701
-74.9829
-74.9955
-75.008
-75.0204
-75.0327
-75.0448
-75.0569
-75.0688
-75.0806
-75.0924
-75.104
-75.1155
-75.1269
-75.1382
-75.1495
-75.1606
-75.1716
-75.1825
-75.1933
-75.204
-75.2147
-75.2252
-75.2356
-75.246
-75.2562
-75.2664
-75.2764
-75.2864
-75.2963
-75.3061
-75.3158
-75.3255
-75.335
-75.3445
-75.3538
-75.3631
-75.3724
-75.3815
-75.3906
-75.3995
-75.4084
-75.4172
-75.426
-75.4346
-75.4432
-75.4518
-75.4602
-75.4686
-75.4769
-75.4851
-75.4932
-75.5013
-75.5093
-75.5173
-75.5251
-75.533
-75.5407
-75.5484
-75.556
-75.5635
-75.571
-75.5784
-75.5858
-75.593
-75.6003
-75.6074
-75.6145
-75.6216
-75.6285
-75.6355
-75.6423
-75.6491
-75.6559
-75.6626
-75.6692
-75.6758
-75.6823
-75.6888
-75.6952
-75.7015
-75.7078
-75.7141
-75.7203
-75.7264
-75.7325
-75.7386
-75.7446
-75.7505
-75.7564
-75.7622
-75.768
-75.7738
-75.7795
-75.7851
-75.7907
-75.7963
-75.8018
-75.8072
-75.8127
-75.818
-75.8234
-75.8287
-75.8339
-75.8391
-75.8443
-75.8494
-75.8545
-75.8595
-75.8645
-75.8695
-75.8744
-75.8793
-75.8841
-75.8889
-75.8937
-75.8984
-75.9031
-75.9077
-75.9123
-75.9169
-75.9214
-75.9259
-75.9304
-75.9348
-75.9392
-75.9436
-75.9479
-75.9522
-75.9565
-75.9607
-75.9649
-75.969
-75.9731
-75.9772
-75.9813
-75.9853
-75.9893
-75.9933
-75.9972
-76.0011
-76.005
-76.0088
-76.0126
-76.0164
-76.0201
-76.0239
-76.0275
-76.0312
-76.0348
-76.0384
-76.042
-76.0456
-76.0491
-76.0526
-76.056
-76.0595
-76.0629
-76.0663
-76.0696
-76.0729
-76.0762
-76.0795
-76.0828
-76.086
-76.0892
-76.0924
-76.0955
-76.0986
-76.1017
-76.1048
-76.1079
-76.1109
-76.1139
-76.1169
-76.1198
-76.1228
-76.1257
-76.1286
-76.1314
-76.1343
-76.1371
-76.1399
-76.1427
-76.1455
-76.1482
-76.1509
-76.1536
-76.1563
-76.1589
-76.1615
-76.1642
-76.1667
-76.1693
-76.1719
-76.1744
-76.1769
-76.1794
-76.1819
-76.1843
-76.1868
-76.1892
-76.1916
-76.1939
-76.1963
-76.1986
-76.201
-76.2033
-76.2056
-76.2078
-76.2101
-76.2123
-76.2145
-76.2167
-76.2189
-76.2211
-76.2232
-76.2254
-76.2275
-76.2296
-76.2317
-76.2337
-76.2358
-76.2378
-76.2398
-76.2418
-76.2438
-76.2458
-76.2478
-76.2497
-76.2516
-76.2536
-76.2554
-76.2573
-76.2592
-76.2611
-76.2629
-76.2647
-76.2665
-76.2683
-76.2701
-76.2719
-76.2737
-76.2754
-76.2771
-76.2788
-76.2806
-76.2822
-76.2839
-76.2856
-76.2872
-76.2889
-76.2905
-76.2921
-76.2937
-76.2953
-76.2969
-76.2985
-76.3
-76.3016
-76.3031
-76.3046
-76.3061
-76.3076
-76.3091
-76.3106
-76.312
-76.3135
-76.3149
-76.3164
-76.3178
-76.3192
-76.3206
-76.322
-76.3233
-76.3247
-76.3261
-76.3274
-76.3287
-76.33
-76.3314
-76.3327
-76.334
-76.3352
-76.3365
-76.3378
-76.339
-76.3403
-76.3415
-76.3427
-76.3439
-76.3452
-76.3464
-76.3475
-76.3487
-76.3499
-76.351
-76.3522
-76.3533
-76.3545
-76.3556
-76.3567
-76.3578
-76.3589
-76.36
-76.3611
-76.3622
-76.3632
-76.3643
-76.3654
-76.3664
-76.3674
-76.3685
-76.3695
-76.3705
-76.3715
-76.3725
-76.3735
-76.3745
-76.3754
-76.3764
-76.3774
-76.3783
-76.3793
-76.3802
-76.3811
-76.382
-76.383
-76.3839
-76.3848
-76.3857
-76.3866
-76.3874
-76.3883
-76.3892
-76.39
-76.3909
-76.3917
-76.3926
-76.3934
-76.3943
-76.3951
-76.3959
-76.3967
-76.3975
-76.3983
-76.3991
-76.3999
-76.4007
-76.4014
-76.4022
-76.403
-76.4037
-76.4045
-76.4052
-76.406
-76.4067
-76.4074
-76.4082
-76.4089
-76.4096
-76.4103
-76.411
-76.4117
-76.4124
-73.9857
-69.7641
-66.4866
-63.9897
-62.0028
-60.2797
-58.5179
-56.0299
-46.3611
21.6001
-21.8092
-63.9917
-79.1502
-79.1926
-79.095
-78.9849
-78.8645
-78.7336
-78.5927
-78.4423
-78.2832
-78.1166
-77.9441
-77.6924
-77.3796
-77.0103
-76.6661
-76.4262
-76.2276
-76.0777
-75.9656
-75.8809
-75.8212
-75.774
-75.7348
-75.7016
-75.6733
-75.6491
-75.6283
-75.6105
-75.617
-75.6415
-75.2529
-71.5475
-68.6238
-66.7225
-65.4434
-64.5546
-63.9199
-63.4565
-63.1135
-62.8592
-62.6707
-62.5336
-62.4386
-62.3789
-62.3496
-62.3469
-62.3681
-62.4106
-62.4725
-62.5521
-62.6479
-62.1015
-61.3367
-60.7796
-60.3543
-60.0068
-59.7089
-59.4383
-59.1731
-58.8993
-58.6028
-58.2586
-57.8205
-56.0859
-52.06
43.7947
-10.7017
-41.9264
-78.2158
-79.2817
-79.2244
-79.1318
-77.681
-76.884
-76.4602
-76.0978
-75.7407
-75.3798
-75.0154
-74.6503
-74.3743
-74.2927
-74.1816
-74.1184
-74.1234
-74.1802
-74.2631
-74.2988
-74.4383
-74.583
-74.7396
-74.8297
-74.8788
-74.9058
-74.9208
-74.9289
-74.9334
-74.9359
-74.9376
-74.939
-74.9405
-75.0053
-75.0969
-75.1663
-75.2188
-75.2594
-75.2917
-75.3179
-75.3397
-75.3581
-75.3741
-75.3881
-75.4007
-75.4122
-75.4228
-75.4327
-75.4421
-75.451
-75.4596
-75.468
-75.4761
-75.484
-75.4918
-75.4995
-75.5071
-75.5146
-75.522
-75.5294
-75.5367
-75.544
-75.5513
-75.5585
-75.5656
-75.5728
-75.5798
-75.5869
-75.5939
-75.6009
-75.6078
-75.6147
-75.6215
-75.6283
-75.6351
-75.6418
-75.6485
-75.6551
-75.6617
-75.6682
-75.6747
-75.6812
-75.6876
-75.6939
-75.7003
-75.7065
-75.7127
-75.7189
-75.725
-75.7311
-75.7371
-75.3273
-71.2286
-67.5301
-64.7438
-62.5733
-60.7597
-59.0227
-56.8558
-51.6582
38.3344
-13.4754
-46.319
-78.6993
-78.8743
-78.7364
-78.585
-78.4199
-78.241
-78.0489
-77.8443
-77.6285
-75.4295
-73.6177
-72.4935
-71.6754
-71.0068
-70.4249
-69.9022
-69.4265
-68.4411
-66.0104
-65.2871
-65.5485
-66.3785
-67.1394
-67.5951
-68.3958
-69.1064
-69.5478
-69.5951
-67.5985
-65.9648
-64.9246
-64.2397
-64.2633
-64.9518
-65.48
-65.8603
-66.1454
-66.4013
-67.3834
-68.2381
-68.841
-69.2773
-69.6027
-69.8524
-70.0491
-70.2082
-70.34
-70.4518
-70.5488
-70.6347
-70.7122
-70.7833
-70.8495
-70.9118
-70.9712
-71.3779
-68.9087
-66.3749
-64.6494
-63.4474
-62.5771
-61.9215
-61.4094
-60.9929
-60.6446
-60.3395
-60.0618
-59.8012
-59.5481
-59.2853
-58.9988
-58.6733
-58.2826
-57.7088
-55.2247
-47.7609
23.1269
-22.3689
-63.1817
-79.091
-79.2712
-79.1905
-79.0001
-77.4798
-76.6938
-76.2565
-75.879
-75.5086
-75.1361
-74.7617
-74.3881
-74.0189
-73.6575
-71.5363
-68.7609
-67.5126
-67.4045
-67.6049
-68.1617
-68.5101
-68.7091
-69.1013
-69.7602
-70.6565
-71.2602
-71.6293
-71.8653
-72.0229
-72.1326
-72.2123
-72.2727
-72.3205
-72.3718
-72.6938
-72.9911
-73.2103
-73.3754
-73.5029
-73.6036
-73.6849
-73.7518
-73.8081
-73.8563
-73.8983
-73.9355
-73.9689
-73.9993
-74.0275
-74.0537
-74.0785
-74.102
-74.1246
-74.1464
-74.1675
-74.1881
-74.2082
-74.2279
-74.2473
-74.2664
-74.2853
-74.3039
-74.3223
-74.3406
-74.3587
-74.3766
-74.4518
-74.631
-74.7823
-74.9026
-74.9998
-75.0793
-75.1452
-75.2004
-75.2472
-75.2872
-75.3218
-75.3519
-75.3784
-75.4019
-75.4229
-75.4418
-75.459
-75.4747
-75.4892
-75.5026
-75.5151
-75.5268
-75.5379
-75.5484
-75.5583
-75.5679
-75.5771
-75.5859
-75.5945
-75.6028
-75.6108
-75.6187
-75.6264
-75.6339
-75.6413
-75.6485
-75.6556
-75.6626
-75.6695
-75.6763
-75.6831
-75.6897
-75.6962
-75.7027
-75.7091
-75.7154
-72.9115
-68.8538
-65.7412
-63.3573
-61.4315
-59.7008
-57.7944
-54.5607
16.1782
2.32686
-31.2791
-76.3674
-78.9221
-78.7999
-78.6551
-78.4964
-78.324
-78.1382
-77.9397
-77.7294
-76.5954
-74.3313
-72.8871
-71.9207
-71.1726
-70.5416
-69.9847
-69.4824
-69.0256
-68.0709
-66.4355
-65.999
-65.8134
-66.2466
-66.8671
-67.5297
-68.421
-68.9949
-69.3527
-69.5866
-69.7469
-69.862
-70.2444
-70.7908
-71.1823
-71.8176
-72.3436
-72.6988
-72.9453
-73.1224
-73.2536
-73.3538
-73.4323
-73.4957
-73.548
-73.5924
-73.6308
-73.6648
-73.6955
-73.7237
-73.75
-73.9163
-74.1453
-74.3259
-74.4671
-71.9737
-68.5036
-66.0405
-64.2942
-63.0074
-62.0135
-61.2011
-60.4908
-59.8152
-59.1094
-58.2708
-57.0854
-54.8015
-39.9585
11.6224
-26.7813
-72.3518
-79.7615
-79.8395
-79.8216
-79.7988
-79.7733
-79.7452
-79.0355
-76.2808
-74.7664
-73.8945
-73.2469
-72.694
-72.1909
-71.7214
-71.2799
-70.8652
-70.4776
-68.0067
-65.4856
-63.6073
-62.1509
-60.9423
-59.8451
-58.718
-57.3288
-54.9287
-38.4097
10.1649

