-70
-70.0758
-70.1508
-70.225
-70.2983
-70.3706
-70.4419
-70.5122
-70.5814
-70.6496
-70.7168
-70.7829
-70.848
-70.9121
-70.9752
-71.0373
-71.0984
-71.1586
-71.2178
-71.2761
-71.3334
-71.3899
-71.4455
-71.5003
-71.5543
-71.6074
-71.6598
-71.7114
-71.7623
-71.8124
-71.8619
-71.9106
-71.9587
-72.006
-72.0527
-72.0988
-72.1442
-72.1889
-72.2331
-72.2766
-72.3196
-72.362
-72.4038
-72.445
-72.4857
-72.5258
-72.5654
-72.6045
-72.6431
-72.6812
-72.7188
-72.756
-72.7927
-72.8289
-72.8647
-72.9
-72.9349
-72.9694
-73.0035
-73.0371
-73.0704
-73.1032
-73.1357
-73.1678
-73.1994
-73.2307
-73.2617
-73.2922
-73.3224
-73.3523
-73.3817
-73.4109
-73.4397
-73.4682
-73.4963
-73.5241
-73.5516
-73.5788
-73.6057
-73.6323
-73.6585
-73.6845
-73.7102
-73.7356
-73.7608
-73.7857
-73.8103
-73.8346
-73.8587
-73.8825
-73.9061
-73.9294
-73.9524
-73.9753
-73.9979
-74.0202
-74.0423
-74.0642
-74.0859
-74.1073
-74.1285
-74.1495
-74.1703
-74.1909
-74.2112
-74.2313
-74.2513
-74.271
-74.2905
-74.3098
-74.329
-74.3479
-74.3666
-74.3852
-74.4036
-74.4217
-74.4397
-74.4575
-74.4752
-74.4926
-74.5099
-74.527
-74.544
-74.5607
-74.5774
-74.5938
-74.6101
-74.6262
-74.6422
-74.658
-74.6736
-74.6891
-74.7045
-74.7197
-74.7347
-74.7496
-74.7644
-74.779
-74.7935
-74.8079
-74.8221
-74.8362
-74.8501
-74.864
-74.8777
-74.8913
-74.9047
-74.918
-74.9313
-74.9443
-74.9573
-74.9701
-74.9829
-74.9955
-75.008
-75.0204
-75.0327
-75.0448
-75.0569
-75.0688
-75.0806
-75.0924
-75.104
-75.1155
-75.1269
-75.1382
-75.1495
-75.1606
-75.1716
-75.1825
-75.1933
-75.204
-75.2147
-75.2252
-75.2356
-75.246
-75.2562
-75.2664
-75.2764
-75.2864
-75.2963
-75.3061
-75.3158
-75.3255
-75.335
-75.3445
-75.3538
-75.3631
-75.3724
-75.3815
-75.3906
-75.3995
-75.4084
-75.4172
-75.426
-75.4346
-75.4432
-75.4518
-75.4602
-75.4686
-75.4769
-75.4851
-75.4932
-75.5013
-75.5093
-75.5173
-75.5251
-75.533
-75.5407
-75.5484
-75.556
-75.5635
-75.571
-75.5784
-75.5858
-75.593
-75.6003
-75.6074
-75.6145
-75.6216
-75.6285
-75.6355
-75.6423
-75.6491
-75.6559
-75.6626
-75.6692
-75.6758
-75.6823
-75.6888
-75.6952
-75.7015
-75.7078
-75.7141
-75.7203
-75.7264
-75.7325
-75.7386
-75.7446
-75.7505
-75.7564
-75.7622
-75.768
-75.7738
-75.7795
-75.7851
-75.7907
-75.7963
-75.8018
-75.8072
-75.8127
-75.818
-75.8234
-75.8287
-75.8339
-75.8391
-75.8443
-75.8494
-75.8545
-75.8595
-75.8645
-75.8695
-75.8744
-75.8793
-75.8841
-75.8889
-75.8937
-75.8984
-75.9031
-75.9077
-75.9123
-75.9169
-75.9214
-75.9259
-75.9304
-75.9348
-75.9392
-75.9436
-75.9479
-75.9522
-75.9565
-75.9607
-75.9649
-75.969
-75.9731
-75.9772
-75.9813
-75.9853
-75.9893
-75.9933
-75.9972
-76.0011
-76.005
-76.0088
-76.0126
-76.0164
-76.0201
-76.0239
-76.0275
-76.0312
-76.0348
-76.0384
-76.042
-76.0456
-76.0491
-76.0526
-76.056
-76.0595
-76.0629
-76.0663
-76.0696
-76.0729
-76.0762
-76.0795
-76.0828
-76.086
-76.0892
-76.0924
-76.0955
-76.0986
-76.1017
-76.1048
-76.1079
-76.1109
-76.1139
-76.1169
-76.1198
-76.1228
-76.1257
-76.1286
-76.1314
-76.1343
-76.1371
-76.1399
-76.1427
-76.1455
-76.1482
-76.1509
-76.1536
-76.1563
-76.1589
-76.1615
-76.1642
-76.1667
-76.1693
-76.1719
-76.1744
-76.1769
-76.1794
-76.1819
-76.1843
-76.1868
-76.1892
-76.1916
-76.1939
-76.1963
-76.1986
-76.201
-76.2033
-76.2056
-76.2078
-76.2101
-76.2123
-76.2145
-76.2167
-76.2189
-76.2211
-76.2232
-76.2254
-76.2275
-76.2296
-76.2317
-76.2337
-76.2358
-76.2378
-76.2398
-76.2418
-76.2438
-76.2458
-76.2478
-76.2497
-76.2516
-76.2536
-76.2554
-76.2573
-76.2592
-76.2611
-76.2629
-76.2647
-76.2665
-76.2683
-76.2701
-76.2719
-76.2737
-76.2754
-76.2771
-76.2788
-76.2806
-76.2822
-76.2839
-76.2856
-76.2872
-76.2889
-76.2905
-76.2921
-76.2937
-76.2953
-76.2969
-76.2985
-76.3
-76.3016
-76.3031
-76.3046
-76.3061
-76.3076
-76.3091
-76.3106
-76.312
-76.3135
-76.3149
-76.3164
-76.3178
-76.3192
-76.3206
-76.322
-76.3233
-76.3247
-76.3261
-76.3274
-76.3287
-76.33
-76.3314
-76.3327
-76.334
-76.3352
-76.3365
-76.3378
-76.339
-76.3403
-76.3415
-76.3427
-76.3439
-76.3452
-76.3464
-76.3475
-76.3487
-76.3499
-76.351
-76.3522
-76.3533
-76.3545
-76.3556
-76.3567
-76.3578
-76.3589
-76.36
-76.3611
-76.3622
-76.3632
-76.3643
-76.3654
-76.3664
-76.3674
-76.3685
-76.3695
-76.3705
-76.3715
-76.3725
-76.3735
-76.3745
-76.3754
-76.3764
-76.3774
-76.3783
-76.3793
-76.3802
-76.3811
-76.382
-76.383
-76.3839
-76.3848
-76.3857
-76.3866
-76.3874
-76.3883
-76.3892
-76.39
-76.3909
-76.3917
-76.3926
-76.3934
-76.3943
-76.3951
-76.3959
-76.3967
-76.3975
-76.3983
-76.3991
-76.3999
-76.4007
-76.4014
-76.4022
-75.9782
-71.7854
-68.0015
-65.1526
-62.9424
-61.119
-59.4235
-57.4436
-53.6142
46.3418
-5.06449
-36.4119
-78.3973
-79.7416
-79.7278
-78.7612
-77.878
-77.5291
-77.2515
-76.9694
-76.6756
-76.3706
-76.0571
-75.6434
-73.1384
-70.9957
-69.5344
-68.4537
-67.6019
-66.9015
-66.3101
-65.8029
-63.852
-61.8111
-60.146
-58.5926
-56.7459
-53.1517
44.0174
-6.28661
-37.9963
-77.7863
-78.8469
-78.7278
-78.5794
-78.4178
-78.2436
-78.0573
-77.8601
-77.6531
-77.4382
-77.2172
-76.9926
-76.7665
-76.5416
-76.3201
-76.1042
-75.2444
-71.518
-68.4718
-66.2757
-64.6309
-63.3506
-62.3106
-61.4225
-60.6159
-59.8247
-58.9687
-57.9034
-56.246
-51.882
41.3376
-12.5686
-44.7767
-79.1603
-78.9216
-78.4963
-78.2984
-78.1025
-77.8924
-77.668
-77.4302
-77.1806
-76.9214
-76.6549
-76.3839
-76.1114
-75.8402
-74.6978
-71.3045
-68.6667
-66.7727
-65.3496
-64.2383
-63.34
-62.5902
-61.943
-61.3657
-59.6319
-57.2335
-53.3804
43.6284
-5.13188
-36.4605
-77.9029
-79.4557
-79.3666
-79.2215
-79.1201
-78.9373
-78.7395
-78.5931
-78.3209
-78.0862
-77.9064
-77.7469
-77.5966
-77.4526
-77.3143
-77.1821
-77.0564
-76.9376
-76.8263
-76.7226
-76.6266
-76.5383
-76.4576
-76.3842
-76.3179
-76.2582
-76.2047
-76.157
-76.1147
-76.0774
-76.0445
-76.0158
-75.9908
-75.9692
-75.9506
-75.9347
-75.9212
-75.9098
-75.9004
-75.8927
-75.8866
-75.8817
-75.878
-75.8754
-75.8737
-75.8728
-75.8726
-75.873
-75.8739
-75.8753
-75.8772
-75.8793
-75.8818
-75.8846
-75.8876
-75.8908
-75.8941
-75.8976
-75.9012
-75.9049
-75.9087
-75.9126
-75.9166
-75.9205
-75.9246
-75.9286
-75.9327
-75.9368
-75.9408
-75.9449
-75.949
-75.9531
-75.9572
-75.9613
-75.9653
-75.9694
-75.9734
-75.9774
-75.9814
-75.9853
-74.4518
-70.2021
-66.7804
-64.1867
-62.1382
-60.3822
-58.6189
-56.2069
-48.0006
25.2506
-20.277
-60.7159
-79.2676
-78.8015
-78.583
-78.4126
-78.2297
-78.0323
-77.821
-77.5968
-77.3612
-76.649
-74.1686
-72.4102
-71.2518
-70.3826
-69.6734
-69.0658
-68.5314
-68.0555
-67.0964
-64.7002
-62.7062
-61.1438
-60.8738
-61.1666
-61.4212
-61.6332
-61.8163
-61.9804
-62.1312
-62.2731
-62.4103
-62.5459
-61.5688
-59.6456
-57.852
-55.6882
-50.4754
35.3019
-16.9851
-51.9138
-79.0555
-79.5004
-79.4525
-79.3857
-79.3118
-79.2314
-79.1446
-79.0517
-78.9534
-78.8502
-78.7433
-77.9225
-74.2023
-71.4088
-69.5121
-68.1302
-67.069
-66.2224
-65.5283
-64.9489
-64.4589
-64.042
-63.6858
-63.3811
-63.1221
-62.9042
-62.7222
-62.5726
-62.4535
-62.363
-62.2996
-62.262
-61.2301
-58.8709
-56.3322
-51.3025
39.0585
-14.581
-47.625
-78.909
-79.4608
-79.4086
-78.2817
-77.524
-77.166
-76.8601
-76.5508
-76.2314
-75.903
-75.5684
-75.231
-74.8942
-73.0365
-70.234
-68.2062
-66.7324
-65.6065
-65.2835
-65.8856
-66.8834
-67.5612
-67.9999
-68.2931
-68.4959
-68.6412
-68.7496
-68.8343
-68.9037
-68.9636
-69.5235
-70.1824
-70.6791
-71.0553
-71.3464
-71.5762
-71.7613
-71.9131
-72.0397
-72.147
-72.2395
-72.3203
-72.3919
-72.4562
-72.5147
-72.5684
-72.6184
-72.6652
-72.7094
-72.7516
-72.7919
-72.8308
-72.8684
-72.9049
-72.9405
-72.9753
-73.0094
-73.0429
-73.0758
-73.1082
-73.1401
-73.1716
-73.2027
-73.2334
-73.2638
-73.2938
-73.3234
-73.3528
-73.3818
-73.4105
-73.4388
-73.4669
-73.4947
-73.5222
-73.5494
-73.5763
-73.603
-73.6293
-73.6554
-73.6812
-73.7068
-73.7321
-73.7571
-73.7819
-73.8064
-73.8307
-73.8547
-73.8785
-73.902
-73.9253
-73.9483
-73.9711
-73.9937
-74.0161
-74.0382
-74.0601
-74.0818
-74.1032
-74.1244
-74.1455
-74.1662
-74.1868
-74.2072
-74.2274
-74.2473
-74.2671
-74.2866
-74.306
-74.3251
-74.3441
-74.3629
-74.3815
-70.8739
-67.1529
-64.3349
-62.1392
-60.2835
-58.4385
-55.8935
-46.0545
20.7454
-22.3825
-65.3947
-79.6026
-79.0947
-78.4327
-78.1841
-77.9735
-77.7508
-77.5136
-77.2628
-77.0001
-76.7277
-75.7464
-73.1364
-71.2727
-69.9998
-69.0413
-68.2704
-67.6242
-67.0692
-66.5862
-65.9739
-63.7186
-61.6524
-59.9665
-59.4016
-59.5908
-59.793
-59.9774
-60.1473
-60.3081
-60.4644
-60.6202
-60.7784
-60.9409
-61.1067
-61.2764
-60.7474
-58.8326
-56.8355
-53.8983
-31.7718
3.88765
-30.8681
-75.0108
-79.3966
-79.4176
-79.3494
-79.2708
-79.185
-79.0921
-78.9924
-78.8865
-78.7752
-78.6593
-78.54
-78.4186
-78.2963
-78.1745
-78.0544
-77.9373
-77.8241
-77.7157
-77.6127
-77.5157
-77.425
-77.3407
-77.2628
-77.1912
-77.1258
-77.0662
-77.0123
-76.9635
-76.759
-72.6492
-68.6999
-65.7296
-63.4445
-61.5941
-59.9401
-58.1654
-55.4213
-37.3058
12.2969
-26.1301
-72.2259
-79.7003
-79.3489
-78.4281
-78.1069
-77.8831
-77.6514
-77.4054
-77.1459
-76.8744
-76.5935
-76.2042
-73.5999
-71.4152
-69.9466
-68.8679
-68.0189

