-70
-70.0758
-70.1508
-70.225
-70.2983
-70.3706
-70.4419
-70.5122
-70.5814
-70.6496
-70.7168
-70.7829
-70.848
-70.9121
-70.9752
-71.0373
-71.0984
-71.1586
-71.2178
-71.2761
-71.3334
-71.3899
-71.4455
-71.5003
-71.5543
-71.6074
-71.6598
-71.7114
-71.7623
-71.8124
-71.8619
-71.9106
-71.9587
-72.006
-72.0527
-72.0988
-72.1442
-72.1889
-72.2331
-72.2766
-72.3196
-72.362
-72.4038
-72.445
-72.4857
-72.5258
-72.5654
-72.6045
-72.6431
-72.6812
-72.7188
-72.756
-72.7927
-72.8289
-72.8647
-72.9
-72.9349
-72.9694
-73.0035
-73.0371
-73.0704
-73.1032
-73.1357
-73.1678
-73.1994
-73.2307
-73.2617
-73.2922
-73.3224
-73.3523
-73.3817
-73.4109
-73.4397
-73.4682
-73.4963
-73.5241
-73.5516
-73.5788
-73.6057
-73.6323
-73.6585
-73.6845
-73.7102
-73.7356
-73.7608
-73.7857
-73.8103
-73.8346
-73.8587
-73.8825
-73.9061
-73.9294
-73.9524
-73.9753
-73.9979
-74.0202
-74.0423
-74.0642
-74.0859
-74.1073
-74.1285
-74.1495
-74.1703
-74.1909
-74.2112
-74.2313
-74.2513
-74.271
-74.2905
-74.3098
-74.329
-74.3479
-74.3666
-74.3852
-74.4036
-74.4217
-74.4397
-74.4575
-74.4752
-74.4926
-74.5099
-74.527
-74.544
-74.5607
-74.5774
-74.5938
-74.6101
-74.6262
-74.6422
-74.658
-74.6736
-74.6891
-74.7045
-74.7197
-74.7347
-74.7496
-74.7644
-74.779
-74.7935
-74.8079
-74.8221
-74.8362
-74.8501
-74.864
-74.8777
-74.8913
-74.9047
-74.918
-74.9313
-74.9443
-74.9573
-74.9701
-74.9829
-74.9955
-75.008
-75.0204
-75.0327
-75.0448
-75.0569
-75.0688
-75.0806
-75.0924
-75.104
-75.1155
-75.1269
-75.1382
-75.1495
-75.1606
-75.1716
-75.1825
-75.1933
-75.204
-75.2147
-75.2252
-75.2356
-75.246
-75.2562
-75.2664
-75.2764
-75.2864
-75.2963
-75.3061
-75.3158
-75.3255
-75.335
-75.3445
-75.3538
-75.3631
-75.3724
-75.3815
-75.3906
-75.3995
-75.4084
-75.4172
-75.426
-75.4346
-75.4432
-75.4518
-75.4602
-75.4686
-75.4769
-75.4851
-75.4932
-75.5013
-75.5093
-75.5173
-75.5251
-75.533
-75.5407
-75.5484
-75.556
-75.5635
-75.571
-75.5784
-75.5858
-75.593
-75.6003
-75.6074
-75.6145
-75.6216
-75.6285
-75.6355
-75.6423
-75.6491
-75.6559
-75.6626
-75.6692
-75.6758
-75.6823
-75.6888
-75.6952
-75.7015
-75.7078
-75.7141
-75.7203
-75.7264
-75.7325
-75.7386
-75.7446
-75.7505
-75.7564
-75.7622
-75.768
-75.7738
-75.7795
-75.7851
-75.7907
-75.7963
-75.8018
-75.8072
-75.8127
-75.818
-75.8234
-75.8287
-75.8339
-75.8391
-75.8443
-75.8494
-75.8545
-75.8595
-75.8645
-75.8695
-75.8744
-75.8793
-75.8841
-75.8889
-75.8937
-75.8984
-75.9031
-75.9077
-75.9123
-75.9169
-75.9214
-75.9259
-75.9304
-75.9348
-75.9392
-75.9436
-75.9479
-75.9522
-75.9565
-75.9607
-75.9649
-75.969
-75.9731
-75.9772
-75.9813
-75.9853
-75.9893
-75.9933
-75.9972
-76.0011
-76.005
-76.0088
-76.0126
-76.0164
-76.0201
-76.0239
-76.0275
-76.0312
-76.0348
-76.0384
-76.042
-76.0456
-76.0491
-76.0526
-76.056
-76.0595
-76.0629
-76.0663
-76.0696
-76.0729
-76.0762
-76.0795
-76.0828
-76.086
-76.0892
-76.0924
-76.0955
-76.0986
-76.1017
-76.1048
-76.1079
-76.1109
-76.1139
-76.1169
-76.1198
-76.1228
-76.1257
-76.1286
-76.1314
-76.1343
-76.1371
-76.1399
-76.1427
-76.1455
-76.1482
-76.1509
-76.1536
-76.1563
-76.1589
-76.1615
-76.1642
-76.1667
-76.1693
-76.1719
-76.1744
-76.1769
-76.1794
-76.1819
-76.1843
-76.1868
-76.1892
-76.1916
-76.1939
-76.1963
-76.1986
-76.201
-76.2033
-76.2056
-76.2078
-76.2101
-76.2123
-76.2145
-76.2167
-76.2189
-76.2211
-76.2232
-76.2254
-76.2275
-76.2296
-76.2317
-76.2337
-76.2358
-76.2378
-76.2398
-76.2418
-76.2438
-76.2458
-76.2478
-76.2497
-76.2516
-76.2536
-76.2554
-76.2573
-76.2592
-76.2611
-76.2629
-76.2647
-76.2665
-76.2683
-76.2701
-76.2719
-76.2737
-76.2754
-76.2771
-76.2788
-76.2806
-76.2822
-76.2839
-76.2856
-76.2872
-76.2889
-76.2905
-76.2921
-76.2937
-76.2953
-76.2969
-76.2985
-76.3
-76.3016
-76.3031
-76.3046
-76.3061
-76.3076
-76.3091
-76.3106
-76.312
-76.3135
-76.3149
-76.3164
-76.3178
-76.3192
-76.3206
-76.322
-76.3233
-76.3247
-76.3261
-76.3274
-76.3287
-76.33
-76.3314
-76.3327
-76.334
-76.3352
-76.3365
-76.3378
-76.339
-76.3403
-76.3415
-76.3427
-76.3439
-76.3452
-76.3464
-76.3475
-76.3487
-76.3499
-76.351
-76.3522
-76.3533
-76.3545
-76.3556
-76.3567
-76.3578
-76.3589
-76.36
-76.3611
-76.3622
-76.3632
-76.3643
-76.3654
-76.3664
-76.3674
-76.3685
-76.3695
-76.3705
-76.3715
-76.3725
-76.3735
-76.3745
-76.3754
-76.3764
-76.3774
-76.3783
-76.3793
-76.3802
-76.3811
-76.382
-76.383
-76.3839
-76.3848
-76.3857
-76.3866
-76.3874
-76.3883
-76.3892
-76.39
-76.3909
-76.3917
-76.3926
-76.3934
-76.3943
-76.3951
-76.3959
-76.3967
-76.3975
-76.3983
-76.3991
-76.3999
-76.4007
-76.4014
-76.4022
-76.403
-76.4037
-76.4045
-76.4052
-73.0945
-69.0255
-65.9295
-63.5553
-61.6413
-59.9385
-58.1125
-55.246
-31.2515
9.69463
-27.5804
-73.5175
-78.2054
-77.841
-77.5842
-77.3138
-77.0233
-76.7134
-76.3855
-74.5428
-73.0061
-70.472
-68.6229
-67.4744
-66.6261
-65.925
-65.3112
-64.7595
-64.2573
-63.799
-63.3798
-62.9976
-62.65
-62.3338
-62.0481
-61.7917
-62.3551
-63.9557
-63.9725
-63.5907
-63.3528
-63.6454
-64.6581
-65.3741
-66.3832
-67.4968
-68.214
-68.6785
-68.9931
-69.2157
-69.3801
-69.5067
-69.2819
-66.3133
-63.8729
-62.7843
-62.8635
-63.0058
-63.1334
-63.2518
-63.3652
-63.4761
-63.5866
-63.6977
-63.8105
-63.2626
-60.9315
-58.9575
-57.1481
-54.7514
-46.5412
19.3011
-24.0285
-66.3296
-78.2658
-78.2532
-78.0561
-77.8369
-77.6008
-77.3487
-77.082
-76.8026
-74.4964
-72.097
-70.6768
-67.9632
-65.5472
-63.9903
-62.8842
-62.0174
-61.2845
-59.9684
-57.8137
-55.2021
-44.9732
16.6668
-24.5151
-67.653
-78.6537
-78.6498
-77.5798
-76.9743
-76.6146
-76.2495
-75.9003
-75.5703
-75.2775
-74.9877
-74.6999
-74.4186
-74.2442
-74.2433
-74.1946
-74.1471
-74.1846
-74.1781
-74.143
-74.0969
-74.048
-74.0004
-74.2523
-74.4951
-74.636
-74.7192
-74.7702
-74.8025
-74.8238
-74.8384
-74.8489
-74.8571
-74.8639
-74.8699
-74.8756
-74.8813
-74.887
-74.8931
-74.8994
-74.906
-74.913
-74.9203
-74.928
-74.936
-74.9443
-74.9529
-74.9618
-74.9709
-74.9802
-74.9898
-74.9995
-75.0094
-75.0195
-75.0296
-75.0399
-75.0502
-75.0607
-75.0711
-75.0817
-75.0922
-75.1028
-75.1134
-75.124
-75.1345
-75.1451
-75.1556
-75.1661
-75.1766
-75.187
-75.1974
-75.2077
-75.218
-75.2282
-75.2383
-75.2484
-75.2585
-75.2684
-75.2783
-75.2881
-75.2979
-75.3076
-75.3172
-75.3267
-72.1878
-65.0529
-59.8269
-55.1811
2.07417
4.72025
-29.7027
-75.5396
-79.1498
-79.0814
-78.9691
-78.845
-76.1906
-74.4096
-73.648
-73.0689
-72.519
-71.9747
-71.4344
-70.9016
-70.3807
-66.6471
-63.2214
-61.0615
-59.4808
-58.0502
-56.34
-52.993
39.5964
-5.80439
-37.074
-76.8165
-78.0641
-77.8196
-77.5289
-77.2466
-76.9723
-76.6882
-76.3934
-75.8197
-72.1534
-69.6271
-68.6386
-68.3797
-68.1089
-67.8195
-67.5371
-67.2714
-67.2308
-67.7027
-67.9951
-68.1389
-68.2043
-68.2284
-68.2315
-68.2253
-68.2167
-68.2095
-68.2062
-68.2081
-68.2159
-68.2299
-68.2502
-68.2765
-68.3086
-68.3462
-68.3889
-68.4363
-65.7845
-62.9914
-60.2741
-56.2892
-48.7285
26.6795
-20.2351
-58.9999
-78.7491
-78.8535
-78.7229
-78.5759
-78.4167
-78.2459
-78.0642
-77.8726
-77.6727
-77.3261
-74.1345
-71.7453
-68.9519
-65.6703
-63.5856
-62.1808
-61.1141
-60.2084
-59.3014
-57.096
-53.3943
38.1766
-4.04397
-35.3409
-76.9508
-78.6251
-78.4894
-78.3122
-78.1187
-76.6484
-75.4795
-74.7618
-72.4352
-70.9033
-70.2337
-70.2126
-70.0293
-69.7479
-69.4399
-69.133
-69.0494
-69.3068
-69.4336
-69.4641
-69.446
-69.6833
-70.1902
-70.5356
-70.7605
-70.9117
-71.0169
-71.0929
-71.1502
-71.1956
-71.2335
-71.2667
-71.2974
-71.6816
-72.0856
-72.395
-72.6346
-72.8237
-72.9758
-73.1001
-73.2035
-73.2907
-73.3654
-73.4302
-73.4872
-73.5379
-73.5836
-73.6253
-73.6635
-73.6991
-73.7324
-73.7637
-73.7935
-73.822
-73.8494
-73.8758
-73.9014
-73.9263
-73.9506
-73.9743
-73.9975
-74.0204
-74.0428
-74.0649
-74.0867
-74.1081
-74.1293
-74.1503
-74.171
-74.1914
-74.2116
-74.2316
-74.2514
-74.271
-74.2904
-74.3096
-74.3286
-74.3475
-74.3661
-74.3846
-74.4028
-74.4209
-74.4389
-74.4566
-74.4742
-74.4916
-74.5088
-74.5259
-74.5428
-74.5595
-74.5761
-74.5925
-74.6088
-74.6249
-74.6408
-74.6566
-74.6723
-74.6878
-74.7031
-74.7183
-74.7333
-74.7483
-72.0415
-65.9744
-60.4834
-55.9743
-37.5991
12.9086
-25.653
-71.2771
-79.1159
-79.0808
-78.969
-78.8447
-76.5356
-74.5572
-73.7285
-73.1385
-72.5866
-72.0417
-71.5008
-70.967
-70.4446
-67.4443
-63.7409
-61.3541
-59.6681
-58.1981
-56.5094
-53.4147
16.6527
-2.14492
-34.6095
-76.1656
-77.9177
-77.707
-77.3888
-77.0725
-76.7801
-76.481
-76.1715
-75.8536
-75.5302
-74.2615
-71.9646
-70.6473
-70.2455
-70.0017
-69.7597
-69.5287
-69.3137
-69.1169
-69.2729
-69.6513
-69.888
-70.0275
-70.1109
-70.1616
-70.1934
-70.2148
-70.2309
-70.245
-70.2593
-70.2749
-70.2926
-70.313
-70.3361
-70.3621
-68.119
-64.9323
-63.4139
-62.8017
-62.4012
-62.1235
-61.9319
-61.8027
-61.7197
-61.6737
-61.6584
-61.6696
-61.7041
-61.7596
-61.8343
-61.9267
-62.0349
-62.1567
-62.2905
-62.4353
-62.5898
-62.753
-62.9238
-62.6849
-59.4733
-55.1774
-44.5512
14.9469
-25.5718
-68.7897
-78.6784
-78.6951
-78.5453
-78.3766
-76.4421
-74.0044
-72.8485
-72.1377
-71.526
-70.9446
-70.3796
-69.8303
-69.2213
-66.6998
-63.0946

