-70
-69.8623
-69.7285
-69.5983
-69.4718
-69.3487
-69.2291
-69.1128
-68.9997
-68.8897
-68.7828
-68.6789
-68.5778
-68.4795
-68.3839
-68.291
-68.2007
-68.1128
-68.0274
-67.9443
-67.8636
-67.7851
-67.7087
-67.6345
-67.5623
-67.4921
-67.4238
-67.3574
-67.2929
-67.2301
-67.1691
-67.1098
-67.0521
-66.996
-66.9414
-66.8884
-66.8368
-66.7866
-66.7378
-66.6904
-66.6443
-66.5994
-66.5558
-66.5133
-66.4721
-66.432
-66.393
-66.355
-66.3181
-66.2823
-66.2474
-66.2134
-66.1805
-66.1484
-66.1172
-66.0868
-66.0573
-66.0286
-66.0007
-65.9736
-65.9472
-65.9215
-65.8966
-65.8723
-65.8487
-65.8257
-65.8034
-65.7817
-65.7606
-65.74
-65.72
-65.7006
-65.6817
-65.6633
-65.6455
-65.6281
-65.6112
-65.5948
-65.5788
-65.5632
-65.5481
-65.5334
-65.5191
-65.5052
-65.4917
-65.4785
-65.4657
-65.4533
-65.4412
-65.4294
-65.418
-65.4068
-65.396
-65.3855
-65.3752
-65.3653
-65.3556
-65.3462
-65.337
-65.3281
-65.3194
-65.311
-65.3028
-65.2948
-65.2871
-65.2795
-65.2722
-65.2651
-65.2581
-65.2514
-65.2448
-65.2385
-65.2322
-65.2262
-65.2203
-65.2146
-65.2091
-65.2037
-65.1984
-65.1933
-65.1884
-65.1835
-65.1788
-65.1743
-65.1698
-65.1655
-65.1613
-65.1572
-65.1532
-65.1493
-65.1456
-65.1419
-65.1384
-65.1349
-65.1315
-65.1283
-65.1251
-65.122
-65.119
-65.1161
-65.1132
-65.1104
-65.1077
-65.1051
-65.1026
-65.1001
-65.0977
-65.0953
-65.0931
-65.0908
-65.0887
-65.0866
-65.0845
-65.0826
-65.0806
-65.0788
-65.0769
-65.0752
-65.0734
-65.0718
-65.0701
-65.0685
-65.067
-65.0655
-65.064
-65.0626
-65.0612
-65.0599
-65.0586
-65.0573
-65.0561
-65.0549
-65.0537
-65.0526
-65.0514
-65.0504
-65.0493
-65.0483
-65.0473
-65.0464
-65.0454
-65.0445
-65.0436
-65.0428
-65.0419
-65.0411
-65.0403
-65.0395
-65.0388
-65.0381
-65.0374
-65.0367
-65.036
-65.0353
-65.0347
-65.0341
-65.0335
-65.0329
-65.0323
-65.0318
-65.0313
-65.0307
-65.0302
-65.0297
-65.0293
-65.0288
-65.0283
-65.0279
-65.0275
-65.027
-65.0266
-65.0262
-65.0259
-65.0255
-65.0251
-65.0248
-65.0244
-65.0241
-65.0238
-65.0234
-65.0231
-65.0228
-65.0225
-65.0223
-65.022
-65.0217
-65.0215
-65.0212
-65.021
-65.0207
-65.0205
-65.0203
-65.02
-65.0198
-65.0196
-65.0194
-65.0192
-65.019
-65.0188
-65.0187
-65.0185
-65.0183
-65.0181
-65.018
-65.0178
-65.0177
-65.0175
-65.0174
-65.0172
-65.0171
-65.017
-65.0168
-65.0167
-65.0166
-65.0165
-65.0163
-65.0162
-65.0161
-65.016
-65.0159
-65.0158
-65.0157
-65.0156
-65.0155
-65.0154
-65.0153
-65.0153
-65.0152
-65.0151
-65.015
-65.0149
-65.0149
-65.0148
-65.0147
-65.0147
-65.0146
-65.0145
-65.0145
-65.0144
-65.0143
-65.0143
-65.0142
-65.0142
-65.0141
-65.0141
-65.014
-65.014
-65.0139
-65.0139
-65.0138
-65.0138
-65.0137
-65.0137
-65.0137
-65.0136
-65.0136
-65.0135
-65.0135
-65.0135
-65.0134
-65.0134
-65.0134
-65.0133
-65.0133
-65.0133
-65.0133
-65.0132
-65.0132
-65.0132
-65.0131
-65.0131
-65.0131
-65.0131
-65.0131
-65.013
-65.013
-65.013
-65.013
-65.0129
-65.0129
-65.0129
-65.0129
-65.0129
-65.0129
-65.0128
-65.0128
-65.0128
-65.0128
-65.0128
-65.0128
-65.0127
-65.0127
-65.0127
-65.0127
-65.0127
-65.0127
-65.0127
-65.0127
-65.0126
-65.0126
-65.0126
-65.0126
-65.0126
-65.0126
-65.0126
-65.0126
-65.0126
-65.0126
-65.0125
-65.0125
-65.0125
-65.0125
-65.0125
-65.0125
-65.0125
-65.0125
-65.0125
-65.0125
-65.0125
-65.0125
-65.0125
-65.0124
-65.0124
-65.0124
-65.0124
-65.0124
-65.0124
-65.0124
-65.0124
-65.0124
-65.0124
-65.0124
-65.0124
-65.0124
-65.0124
-65.0124
-65.0124
-65.0124
-65.0124
-65.0124
-65.0124
-65.0124
-65.0124
-65.0124
-65.0123
-65.0123
-65.0123
-65.0123
-65.0123
-65.0123
-65.0123
-65.0123
-65.0123
-65.0123
-65.0123
-65.0123
-65.0123
-65.0123
-65.0123
-65.0123
-65.0123
-65.0123
-65.0123
-65.0123
-65.0123
-65.0123
-65.0123
-65.0123
-65.0123
-65.0123
-65.0123
-65.0123
-65.0123
-65.0123
-65.0123
-65.0123
-65.0123
-65.0123
-65.0123
-65.0123
-65.0123
-65.0123
-65.0123
-65.0123
-65.0123
-65.0123
-65.0123
-65.0123
-65.0123
-65.0123
-65.0123
-65.0123
-65.0123
-65.0123
-65.0123
-65.0123
-65.0123
-65.0123
-65.0123
-65.0123
-65.0123
-65.0123
-65.0123
-65.0123
-65.0123
-65.0123
-65.0123
-65.0123
-65.0123
-65.0123
-65.0123
-65.0123
-65.0123
-65.0123
-65.0123
-65.0123
-65.0123
-65.0123
-64.8272
-64.6749
-64.5616
-64.4807
-64.4179
-64.3677
-64.3273
-64.2951
-64.2696
-64.2499
-64.2351
-64.2244
-64.2173
-64.2132
-64.2117
-64.2125
-64.2152
-64.2195
-64.2252
-64.2321
-64.2401
-64.2489
-64.2584
-64.2685
-64.2792
-64.2902
-64.3016
-64.3133
-64.3251
-64.3371
-64.3491
-64.3613
-64.3734
-64.3855
-64.3456
-64.2321
-64.1589
-64.1065
-64.0712
-64.0455
-64.027
-64.0142
-64.0062
-64.0021
-64.0014
-64.0034
-64.0079
-64.0143
-64.0224
-63.9985
-63.9494
-63.9198
-63.879
-63.6818
-63.5043
-63.2505
-62.4616
-61.8882
-61.3717
-60.8511
-60.3538
-59.6457
-58.9959
-58.2257
-57.6147
-56.9763
-56.5207
-56.1729
-55.8297
-55.5386
-55.3168
-54.9556
-54.6678
-54.368
-54.1402
-53.9833
-53.8562
-53.7356
-53.5882
-53.4914
-53.4391
-53.4244
-53.4372
-53.4724
-53.5248
-53.5159
-53.5423
-53.575
-53.6147
-53.6803
-53.7645
-53.8642
-53.9394
-54.0247
-54.1272
-54.2221
-54.3086
-54.4127
-54.4948
-54.5983
-54.7146
-54.7949
-54.8089
-54.8576
-54.933
-55.0053
-55.0703
-55.1583
-55.2537
-55.2728
-55.3236
-55.398
-55.4927
-55.5997
-55.7156
-55.8387
-55.9222
-55.9786
-56.0606
-56.1253
-56.1584
-56.2106
-56.2649
-56.3033
-56.3172
-56.3638
-56.3964
-56.3907
-56.3953
-56.3721
-56.3841
-56.3577
-56.3337
-56.3424
-56.1722
-55.8498
-55.4977
-55.1724
-54.7597
-54.2974
-53.7975
-53.1847
-52.5975
-52.1573
-51.7989
-51.5354
-51.3362
-51.1885
-51.082
-50.9534
-50.8246
-50.7427
-50.6633
-50.6042
-50.5525
-50.5057
-50.4771
-50.4533
-50.4619
-50.4938
-50.5466
-50.6168
-50.7027
-50.8031
-50.917
-51.0434
-51.1812
-51.3295
-51.4877
-51.655
-51.83
-52.0116
-52.1991
-52.3917
-52.589
-52.7904
-52.9946
-53.201
-53.4089
-53.6179
-53.8276
-54.0372
-54.2461
-54.4542
-54.6611
-54.8666
-55.0702
-55.2716
-55.4706
-55.6673
-55.8613
-56.0526
-56.2408
-56.426
-56.6081
-56.787
-56.9629
-57.1354
-57.3046
-57.4705
-57.6331
-57.7925
-57.9487
-58.1016
-58.2511
-58.3975
-58.5407
-58.6808
-58.8178
-58.9518
-59.0827
-59.2106
-59.3356
-59.4578
-59.5771
-59.6936
-59.8075
-59.9187
-60.0273
-60.1333
-60.2367
-60.3377
-60.4363
-60.5325
-60.5835
-60.4746
-60.4137
-60.3883
-60.3918
-60.4003
-60.2666
-60.1931
-60.1531
-60.1272
-60.0763
-59.825
-59.4755
-59.1279
-58.8745
-58.5627
-57.9641
-57.3265
-56.7856
-56.0507
-55.4389
-54.9963
-54.6764
-54.4127
-54.0414
-53.7479
-53.5396
-53.3908
-53.269
-53.1443
-53.0036
-52.9229
-52.8841
-52.8275
-52.7996
-52.7684
-52.7178
-52.6482
-52.6066
-52.6079
-52.6414
-52.6629
-52.6716
-52.7154
-52.7597
-52.8255
-52.8699
-52.903
-52.9321
-52.9961
-53.0838
-53.1628
-53.2503
-53.2868
-53.301
-53.3145
-53.3456
-53.3694
-53.4224
-53.4631
-53.5367
-53.6306
-53.7418
-53.8285
-53.9347
-54.0555
-54.1476
-54.2551
-54.3777
-54.5132
-54.6571
-54.8073
-54.9625
-55.1214
-55.2833
-55.4447
-55.5502
-55.6231
-55.7047
-55.7293
-55.7704
-55.841
-55.8695
-55.8196
-55.7715
-55.73
-55.6617
-55.6182
-55.5179
-55.3906
-55.2643
-55.1172
-55.0223
-54.887
-54.7678
-54.57
-54.2997
-53.9797
-53.6923
-53.4547
-53.1779
-52.8162
-52.5436
-52.276
-52.0328
-51.845
-51.6838
-51.5794
-51.5079
-51.4458
-51.4183
-51.3963
-51.3946
-51.3586
-51.2756
-51.2382
-51.2399
-51.2583
-51.2461
-51.2725
-51.3251
-51.4015
-51.4709
-51.5505
-51.6268
-51.7093
-51.8147
-51.937
-52.0736
-52.2214
-52.3789
-52.5451
-52.7187
-52.8983
-53.0831
-53.2719
-53.4643
-53.6596
-53.857
-54.0558
-54.2552
-54.4548
-54.6544
-54.8535
-55.0516
-55.2482
-55.4432
-55.6365
-55.8277
-56.0167
-56.2031
-56.3869
-56.568
-56.7463
-56.9218
-57.0943
-57.2637
-57.43
-57.5933
-57.7534
-57.9105
-58.0645
-58.2153
-58.3629
-58.5075
-58.649
-58.7875
-58.9231
-59.0556
-59.1852
-59.3118
-59.4356
-59.5566
-59.6748
-59.7904
-59.9032
-60.0135
-60.1211
-60.2262
-60.3288
-60.429
-60.5268
-60.6223
-60.7154
-60.8064
-60.8952
-60.9818
-61.0664
-61.1488
-61.2293
-61.3078
-61.3844
-61.4592
-61.5321
-61.6032
-61.6726
-61.7403
-61.8063
-61.8708
-61.9336
-61.9949
-62.0547
-62.1131
-62.1543
-61.9671
-61.6358
-61.4155
-61.1229
-60.9016
-60.7421
-60.6308
-60.4385
-60.2367
-60.0645
-59.7998
-59.6061
-59.4705
-59.238
-58.1174
-57.1541
-56.4655
-55.9818
-55.61
-55.2394
-54.9575
-54.6893
-54.4639
-54.307
-54.1465
-54.035
-53.9671
-53.937
-53.9361
-53.9324
-53.8241
-53.6173
-53.4747
-53.3034
-53.1308
-53.0305
-52.9715
-52.9263
-52.9211
-52.9448
-52.9938
-53.0626
-53.1483
-53.1804
-53.0428
-52.9549
-52.8769
-52.8623
-52.8842
-52.9085
-52.9492
-53.0091
-53.0544
-53.109
-53.1662
-53.1868
-53.2192
-53.2626
-53.3379
-53.3935
-53.472
-53.5708
-53.6866
-53.8146
-53.9525
-54.0985
-54.2186
-54.339
-54.474
-54.6196
-54.7726
-54.9306
-55.0922
-55.2567
-55.4231
-55.591
-55.7131
-55.8479
-55.9416
-56.055
-56.18
-56.3141
-56.4533
-56.5956
-56.7402
-56.8861
-57.0328
-57.1796
-57.3011
-57.4019
-57.5156
-57.6116
-57.6053
-57.5945
-57.615
-57.5814
-57.43
-57.2555
-56.9102
-56.521
-56.0995
-55.6718
-55.1854
-54.6889
-54.2377
-53.8579
-53.4427
-53.0879
-52.8008
-52.6014
-52.4628
-52.3717
-52.3037
-52.2073

