-70
-69.8623
-69.7285
-69.5983
-69.4718
-69.3487
-69.2291
-69.1128
-68.9997
-68.8897
-68.7828
-68.6789
-68.5778
-68.4795
-68.3839
-68.291
-68.2007
-68.1128
-68.0274
-67.9443
-67.8636
-67.7851
-67.7087
-67.6345
-67.5623
-67.4921
-67.4238
-67.3574
-67.2929
-67.2301
-67.1691
-67.1098
-67.0521
-66.996
-66.9414
-66.8884
-66.8368
-66.7866
-66.7378
-66.6904
-66.6443
-66.5994
-66.5558
-66.5133
-66.4721
-66.432
-66.393
-66.355
-66.3181
-66.2823
-66.2474
-66.2134
-66.1805
-66.1484
-66.1172
-66.0868
-66.0573
-66.0286
-66.0007
-65.9736
-65.9472
-65.9215
-65.8966
-65.8723
-65.8487
-65.8257
-65.8034
-65.7817
-65.7606
-65.74
-65.72
-65.7006
-65.6817
-65.6633
-65.6455
-65.6281
-65.6112
-65.5948
-65.5788
-65.5632
-65.5481
-65.5334
-65.5191
-65.5052
-65.4917
-65.4785
-65.4657
-65.4533
-65.4412
-65.4294
-65.418
-65.4068
-65.396
-65.3855
-65.3752
-65.3653
-65.3556
-65.3462
-65.337
-65.3281
-65.3194
-65.311
-65.3028
-65.2948
-65.2871
-65.2795
-65.2722
-65.2651
-65.2581
-65.2514
-65.2448
-65.2385
-65.2322
-65.2262
-65.2203
-65.2146
-65.2091
-65.2037
-65.1984
-65.1933
-65.1884
-65.1835
-65.1788
-65.1743
-65.1698
-65.1655
-65.1613
-65.1572
-65.1532
-65.1493
-65.1456
-65.1419
-65.1384
-65.1349
-65.1315
-65.1283
-65.1251
-65.122
-65.119
-65.1161
-65.1132
-65.1104
-65.1077
-65.1051
-65.1026
-65.1001
-65.0977
-65.0953
-65.0931
-65.0908
-65.0887
-65.0866
-65.0845
-65.0826
-65.0806
-65.0788
-65.0769
-65.0752
-65.0734
-65.0718
-65.0701
-65.0685
-65.067
-65.0655
-65.064
-65.0626
-65.0612
-65.0599
-65.0586
-65.0573
-65.0561
-65.0549
-65.0537
-65.0526
-65.0514
-65.0504
-65.0493
-65.0483
-65.0473
-65.0464
-65.0454
-65.0445
-65.0436
-65.0428
-65.0419
-65.0411
-65.0403
-65.0395
-65.0388
-65.0381
-65.0374
-65.0367
-65.036
-65.0353
-65.0347
-65.0341
-65.0335
-65.0329
-65.0323
-65.0318
-65.0313
-65.0307
-65.0302
-65.0297
-65.0293
-65.0288
-65.0283
-65.0279
-65.0275
-65.027
-65.0266
-65.0262
-65.0259
-65.0255
-65.0251
-65.0248
-65.0244
-65.0241
-65.0238
-65.0234
-65.0231
-65.0228
-65.0225
-65.0223
-65.022
-65.0217
-65.0215
-65.0212
-65.021
-65.0207
-65.0205
-65.0203
-65.02
-65.0198
-65.0196
-65.0194
-65.0192
-65.019
-65.0188
-65.0187
-65.0185
-65.0183
-65.0181
-65.018
-65.0178
-65.0177
-65.0175
-65.0174
-65.0172
-65.0171
-65.017
-65.0168
-65.0167
-65.0166
-65.0165
-65.0163
-65.0162
-65.0161
-65.016
-65.0159
-65.0158
-65.0157
-65.0156
-65.0155
-65.0154
-65.0153
-65.0153
-65.0152
-65.0151
-65.015
-65.0149
-65.0149
-65.0148
-65.0147
-65.0147
-65.0146
-65.0145
-65.0145
-65.0144
-65.0143
-65.0143
-65.0142
-65.0142
-65.0141
-65.0141
-65.014
-65.014
-65.0139
-65.0139
-65.0138
-65.0138
-65.0137
-65.0137
-65.0137
-65.0136
-65.0136
-65.0135
-65.0135
-65.0135
-65.0134
-65.0134
-65.0134
-65.0133
-65.0133
-65.0133
-65.0133
-65.0132
-65.0132
-65.0132
-65.0131
-65.0131
-65.0131
-65.0131
-65.0131
-65.013
-65.013
-65.013
-65.013
-65.0129
-65.0129
-65.0129
-65.0129
-65.0129
-65.0129
-65.0128
-65.0128
-65.0128
-65.0128
-65.0128
-65.0128
-65.0127
-65.0127
-65.0127
-65.0127
-65.0127
-65.0127
-65.0127
-65.0127
-65.0126
-65.0126
-65.0126
-65.0126
-65.0126
-65.0126
-65.0126
-65.0126
-65.0126
-65.0126
-65.0125
-65.0125
-65.0125
-65.0125
-65.0125
-65.0125
-65.0125
-65.0125
-65.0125
-65.0125
-65.0125
-65.0125
-65.0125
-65.0124
-65.0124
-65.0124
-65.0124
-65.0124
-65.0124
-65.0124
-65.0124
-65.0124
-65.0124
-65.0124
-65.0124
-65.0124
-65.0124
-65.0124
-65.0124
-65.0124
-65.0124
-65.0124
-65.0124
-65.0124
-65.0124
-65.0124
-65.0123
-65.0123
-65.0123
-65.0123
-65.0123
-65.0123
-65.0123
-65.0123
-65.0123
-65.0123
-65.0123
-65.0123
-65.0123
-65.0123
-65.0123
-65.0123
-65.0123
-65.0123
-65.0123
-65.0123
-65.0123
-65.0123
-65.0123
-65.0123
-65.0123
-65.0123
-65.0123
-65.0123
-65.0123
-65.0123
-65.0123
-65.0123
-65.0123
-65.0123
-65.0123
-65.0123
-65.0123
-65.0123
-65.0123
-65.0123
-65.0123
-65.0123
-65.0123
-65.0123
-65.0123
-65.0123
-65.0123
-65.0123
-65.0123
-65.0123
-65.0123
-65.0123
-65.0123
-65.0123
-65.0123
-65.0123
-65.0123
-65.0123
-65.0123
-65.0123
-65.0123
-65.0123
-65.0123
-65.0123
-65.0123
-65.0123
-65.0123
-65.0123
-65.0123
-65.0123
-65.0123
-65.0123
-65.0123
-65.0123
-64.6429
-64.3402
-64.1155
-63.9555
-63.8313
-63.7321
-63.6525
-63.5889
-63.5388
-63.5
-63.4707
-63.4497
-63.4356
-63.4276
-63.4246
-63.4261
-63.4313
-63.4398
-63.451
-63.4646
-63.4802
-63.4976
-63.5163
-63.5362
-63.5572
-63.5789
-63.6013
-63.6243
-63.6476
-63.6712
-63.695
-63.7189
-63.7428
-63.7667
-63.6106
-63.2015
-62.9333
-62.737
-62.6
-62.4957
-62.4161
-62.3563
-62.3129
-62.2832
-62.2649
-62.2565
-62.2563
-62.2631
-62.2759
-62.2938
-62.316
-62.3021
-62.2754
-61.8795
-61.6057
-61.2954
-60.1087
-59.2712
-58.3526
-57.3518
-56.4709
-55.3912
-54.5074
-53.4355
-52.6495
-51.9888
-51.4326
-50.9872
-50.507
-49.9385
-49.33
-48.4455
-47.6957
-46.7713
-45.7849
-44.6546
-43.0888
-40.0901
-24.7064
38.5222
-7.41968
-38.2992
-55.1972
-59.3834
-60.3167
-60.2861
-60.0628
-59.7562
-59.4319
-59.1589
-58.9315
-58.7468
-58.5901
-58.3957
-58.2328
-58.0666
-57.8648
-57.71
-57.6014
-57.5297
-57.4845
-57.3709
-57.2435
-57.0921
-56.9571
-56.7966
-56.6884
-56.5809
-56.5082
-56.4226
-56.3721
-56.3517
-56.3557
-56.3639
-56.3335
-56.3079
-56.313
-56.3341
-56.336
-56.2646
-56.0077
-55.7899
-55.6158
-55.3719
-55.0456
-54.7393
-54.4537
-54.1436
-53.763
-53.2566
-52.7946
-52.4485
-52.121
-51.7847
-51.4231
-51.0734
-50.651
-50.1428
-49.5723
-49.0392
-48.3762
-47.4452
-46.408
-45.2314
-43.741
-41.4516
-35.1694
37.84
9.33547
-27.5792
-52.3635
-59.5083
-61.0226
-61.0575
-60.6273
-60.109
-59.588
-59.1501
-58.7832
-58.4806
-58.2323
-58.0311
-57.8708
-57.7455
-57.6505
-57.5815
-57.5351
-57.508
-57.4978
-57.5023
-57.5194
-57.5476
-57.5854
-57.6316
-57.6851
-57.745
-57.8103
-57.8804
-57.9546
-58.0321
-58.1125
-58.1954
-58.2801
-58.3666
-58.4543
-58.543
-58.6324
-58.7223
-58.8124
-58.9026
-58.9926
-59.0823
-59.1715
-59.2602
-59.3482
-59.4354
-59.5217
-59.6071
-59.6915
-59.7749
-59.8571
-59.9381
-60.018
-60.0966
-60.174
-60.2501
-60.325
-60.3985
-60.4708
-60.5418
-60.6116
-60.68
-60.7472
-60.8131
-60.8777
-60.9411
-61.0033
-61.0642
-61.1239
-61.1824
-61.2397
-61.2958
-61.3508
-61.4047
-61.4335
-61.3769
-61.3547
-61.3489
-61.3574
-61.3341
-61.0811
-60.8588
-60.7061
-60.5692
-60.4414
-60.1376
-59.7308
-59.4132
-59.1396
-58.4244
-57.1377
-55.6533
-54.3823
-52.9873
-51.8568
-50.9939
-50.2554
-49.6043
-48.7434
-47.9942
-47.2995
-46.6082
-45.8457
-44.879
-43.4906
-40.9772
-31.712
42.4452
-0.777551
-35.3225
-56.7657
-62.1934
-63.3168
-63.4053
-63.2169
-62.9137
-62.5273
-62.1789
-61.8534
-61.4205
-60.9906
-60.6027
-60.2309
-59.8625
-59.4929
-59.2073
-58.9879
-58.7765
-58.5703
-58.2749
-57.9673
-57.6731
-57.4671
-57.3194
-57.2162
-57.1004
-56.9946
-56.9072
-56.8576
-56.8352
-56.7911
-56.7334
-56.7052
-56.7045
-56.7252
-56.7612
-56.8096
-56.8682
-56.9356
-57.0102
-57.0911
-57.1701
-57.1316
-57.0467
-56.9538
-56.8
-56.6124
-56.266
-55.8395
-55.5182
-55.2495
-54.9859
-54.6819
-54.3786
-54.0985
-53.7652
-53.4755
-53.209
-52.8426
-52.4187
-52.0761
-51.826
-51.4536
-51.0435
-50.495
-49.7786
-48.9996
-48.1698
-47.3375
-46.5044
-45.6195
-44.5545
-42.9946
-39.9462
-23.4128
37.0422
-10.2108
-43.2545
-59.3963
-63.2118
-63.8951
-63.7534
-63.3265
-62.8433
-62.399
-61.9511
-61.5493
-61.215
-60.9419
-60.7179
-60.5334
-60.3821
-60.259
-60.1602
-60.0824
-60.0226
-59.9787
-59.9485
-59.9302
-59.9225
-59.9239
-59.9334
-59.9498
-59.9724
-60.0002
-60.0327
-60.0691
-60.109
-60.1519
-60.1974
-60.245
-60.2945
-60.3455
-60.3978
-60.4512
-60.5053
-60.56
-60.6152
-60.6707
-60.7264
-60.782
-60.8376
-60.893
-60.9481
-61.0028
-61.0571
-61.1109
-61.1642
-61.2169
-61.269
-61.3204
-61.3712
-61.4212
-61.4706
-61.5192
-61.567
-61.6141
-61.6604
-61.7059
-61.7506
-61.7946
-61.8378
-61.8802
-61.9219
-61.9628
-62.0029
-62.0423
-62.0809
-62.1188
-62.1559
-62.1924
-62.2281
-62.2632
-62.2975
-62.3312
-62.3642
-62.3966
-62.4283
-62.4594
-62.4899
-62.5198
-62.5491
-62.5778
-62.606
-62.6336
-62.6606
-62.6871
-62.7131
-62.2813
-61.6782
-61.2396
-60.7211
-60.2744
-59.9431
-59.6938
-59.2777
-58.8366
-58.4645
-58.0758
-57.796
-57.5848
-57.2175
-55.6035
-53.9035
-52.6583
-51.7575
-51.054
-50.3996
-49.8513
-49.158
-48.5528
-47.9907
-47.4144
-46.7865
-46.1093
-45.3048
-44.2295
-42.4913
-38.2932
11.5964
22.8023
-20.6778
-51.2922
-61.9736
-64.339
-64.4918
-64.1731
-63.7034
-63.2116
-62.7873
-62.4237
-62.0279
-61.4713
-60.9851
-60.5921
-60.2881
-60.0456
-59.7949
-59.5734
-59.3939
-59.2152
-59.0833
-58.9838
-58.8952
-58.7808
-58.6888
-58.6284
-58.5931
-58.5529
-58.4849
-58.4233
-58.3928
-58.3846
-58.3932
-58.3793
-58.3706
-58.3816
-58.3715
-58.3673
-58.383
-58.4135
-58.4551
-58.5047
-58.5608
-58.5711
-58.5522
-58.4464
-58.3686
-58.2251
-58.1305
-58.0376
-57.99
-57.9702
-57.9354
-57.9116
-57.9126
-57.9129
-57.8996
-57.9123
-57.9199
-57.8484
-57.6832
-57.5524
-57.2027
-56.772
-56.1955
-55.6805
-55.2159
-54.7048
-54.106
-53.4277
-52.6022
-51.9164
-51.1873
-50.4316
-49.5249
-48.745
-48.0814
-47.392
-46.6718
-45.8587
-44.7664

