-70
-69.8623
-69.7285
-69.5983
-69.4718
-69.3487
-69.2291
-69.1128
-68.9997
-68.8897
-68.7828
-68.6789
-68.5778
-68.4795
-68.3839
-68.291
-68.2007
-68.1128
-68.0274
-67.9443
-67.8636
-67.7851
-67.7087
-67.6345
-67.5623
-67.4921
-67.4238
-67.3574
-67.2929
-67.2301
-67.1691
-67.1098
-67.0521
-66.996
-66.9414
-66.8884
-66.8368
-66.7866
-66.7378
-66.6904
-66.6443
-66.5994
-66.5558
-66.5133
-66.4721
-66.432
-66.393
-66.355
-66.3181
-66.2823
-66.2474
-66.2134
-66.1805
-66.1484
-66.1172
-66.0868
-66.0573
-66.0286
-66.0007
-65.9736
-65.9472
-65.9215
-65.8966
-65.8723
-65.8487
-65.8257
-65.8034
-65.7817
-65.7606
-65.74
-65.72
-65.7006
-65.6817
-65.6633
-65.6455
-65.6281
-65.6112
-65.5948
-65.5788
-65.5632
-65.5481
-65.5334
-65.5191
-65.5052
-65.4917
-65.4785
-65.4657
-65.4533
-65.4412
-65.4294
-65.418
-65.4068
-65.396
-65.3855
-65.3752
-65.3653
-65.3556
-65.3462
-65.337
-65.3281
-65.3194
-65.311
-65.3028
-65.2948
-65.2871
-65.2795
-65.2722
-65.2651
-65.2581
-65.2514
-65.2448
-65.2385
-65.2322
-65.2262
-65.2203
-65.2146
-65.2091
-65.2037
-65.1984
-65.1933
-65.1884
-65.1835
-65.1788
-65.1743
-65.1698
-65.1655
-65.1613
-65.1572
-65.1532
-65.1493
-65.1456
-65.1419
-65.1384
-65.1349
-65.1315
-65.1283
-65.1251
-65.122
-65.119
-65.1161
-65.1132
-65.1104
-65.1077
-65.1051
-65.1026
-65.1001
-65.0977
-65.0953
-65.0931
-65.0908
-65.0887
-65.0866
-65.0845
-65.0826
-65.0806
-65.0788
-65.0769
-65.0752
-65.0734
-65.0718
-65.0701
-65.0685
-65.067
-65.0655
-65.064
-65.0626
-65.0612
-65.0599
-65.0586
-65.0573
-65.0561
-65.0549
-65.0537
-65.0526
-65.0514
-65.0504
-65.0493
-65.0483
-65.0473
-65.0464
-65.0454
-65.0445
-65.0436
-65.0428
-65.0419
-65.0411
-65.0403
-65.0395
-65.0388
-65.0381
-65.0374
-65.0367
-65.036
-65.0353
-65.0347
-65.0341
-65.0335
-65.0329
-65.0323
-65.0318
-65.0313
-65.0307
-65.0302
-65.0297
-65.0293
-65.0288
-65.0283
-65.0279
-65.0275
-65.027
-65.0266
-65.0262
-65.0259
-65.0255
-65.0251
-65.0248
-65.0244
-65.0241
-65.0238
-65.0234
-65.0231
-65.0228
-65.0225
-65.0223
-65.022
-65.0217
-65.0215
-65.0212
-65.021
-65.0207
-65.0205
-65.0203
-65.02
-65.0198
-65.0196
-65.0194
-65.0192
-65.019
-65.0188
-65.0187
-65.0185
-65.0183
-65.0181
-65.018
-65.0178
-65.0177
-65.0175
-65.0174
-65.0172
-65.0171
-65.017
-65.0168
-65.0167
-65.0166
-65.0165
-65.0163
-65.0162
-65.0161
-65.016
-65.0159
-65.0158
-65.0157
-65.0156
-65.0155
-65.0154
-65.0153
-65.0153
-65.0152
-65.0151
-65.015
-65.0149
-65.0149
-65.0148
-65.0147
-65.0147
-65.0146
-65.0145
-65.0145
-65.0144
-65.0143
-65.0143
-65.0142
-65.0142
-65.0141
-65.0141
-65.014
-65.014
-65.0139
-65.0139
-65.0138
-65.0138
-65.0137
-65.0137
-65.0137
-65.0136
-65.0136
-65.0135
-65.0135
-65.0135
-65.0134
-65.0134
-65.0134
-65.0133
-65.0133
-65.0133
-65.0133
-65.0132
-65.0132
-65.0132
-65.0131
-65.0131
-65.0131
-65.0131
-65.0131
-65.013
-65.013
-65.013
-65.013
-65.0129
-65.0129
-65.0129
-65.0129
-65.0129
-65.0129
-65.0128
-65.0128
-65.0128
-65.0128
-65.0128
-65.0128
-65.0127
-65.0127
-65.0127
-65.0127
-65.0127
-65.0127
-65.0127
-65.0127
-65.0126
-65.0126
-65.0126
-65.0126
-65.0126
-65.0126
-65.0126
-65.0126
-65.0126
-65.0126
-65.0125
-65.0125
-65.0125
-65.0125
-65.0125
-65.0125
-65.0125
-65.0125
-65.0125
-65.0125
-65.0125
-65.0125
-65.0125
-65.0124
-65.0124
-65.0124
-65.0124
-65.0124
-65.0124
-65.0124
-65.0124
-65.0124
-65.0124
-65.0124
-65.0124
-65.0124
-65.0124
-65.0124
-65.0124
-65.0124
-65.0124
-65.0124
-65.0124
-65.0124
-65.0124
-65.0124
-65.0123
-65.0123
-65.0123
-65.0123
-65.0123
-65.0123
-65.0123
-65.0123
-65.0123
-65.0123
-65.0123
-65.0123
-65.0123
-65.0123
-65.0123
-65.0123
-65.0123
-65.0123
-65.0123
-65.0123
-65.0123
-65.0123
-65.0123
-65.0123
-65.0123
-65.0123
-65.0123
-65.0123
-65.0123
-65.0123
-65.0123
-65.0123
-65.0123
-65.0123
-65.0123
-65.0123
-65.0123
-65.0123
-65.0123
-65.0123
-65.0123
-65.0123
-65.0123
-65.0123
-65.0123
-65.0123
-65.0123
-65.0123
-65.0123
-65.0123
-65.0123
-65.0123
-65.0123
-65.0123
-65.0123
-65.0123
-65.0123
-65.0123
-65.0123
-65.0123
-65.0123
-65.0123
-65.0123
-65.0123
-65.0123
-65.0123
-65.0123
-65.0123
-65.0123
-65.0123
-65.0123
-65.0123
-65.0123
-65.0123
-64.7657
-64.5631
-64.4124
-64.305
-64.2215
-64.1548
-64.1013
-64.0585
-64.0247
-63.9986
-63.9789
-63.9648
-63.9553
-63.9499
-63.9479
-63.9489
-63.9525
-63.9582
-63.9658
-63.975
-63.9855
-63.9972
-64.0098
-64.0233
-64.0374
-64.052
-64.0671
-64.0826
-64.0983
-64.1142
-64.1302
-64.1463
-64.1624
-64.1784
-64.1427
-64.0335
-63.9644
-63.9161
-63.8848
-63.863
-63.8483
-63.8392
-63.8349
-63.8344
-63.8372
-63.8427
-63.8505
-63.8603
-63.8717
-63.8844
-63.8982
-63.9129
-63.9284
-63.8111
-63.7314
-63.6577
-63.3601
-63.1514
-62.8078
-62.4733
-62.2087
-61.8239
-61.5221
-60.9629
-60.4355
-59.9201
-59.5552
-59.282
-58.9032
-58.5219
-58.202
-57.7987
-57.5172
-57.2632
-57.0737
-56.9396
-56.8495
-56.7936
-56.7656
-56.7609
-56.7762
-56.7889
-56.7984
-56.8313
-56.8812
-56.9455
-57.0204
-57.0841
-57.1379
-57.2088
-57.2682
-57.3176
-57.3797
-57.4165
-57.4009
-57.4058
-57.44
-57.4465
-57.4805
-57.5332
-57.6018
-57.6492
-57.6989
-57.7208
-57.7623
-57.8221
-57.8962
-57.9796
-58.0699
-58.1656
-58.2655
-58.3353
-58.408
-58.4909
-58.5821
-58.6784
-58.7779
-58.8796
-58.983
-59.0341
-59.0539
-59.0913
-59.1467
-59.2144
-59.2893
-59.3692
-59.4528
-59.5094
-59.5183
-59.4988
-59.4215
-59.3702
-59.31
-59.278
-59.2043
-59.1281
-59.0124
-58.8676
-58.7066
-58.3845
-57.9596
-57.5048
-57.0704
-56.7202
-56.404
-56.1839
-55.9856
-55.7802
-55.61
-55.4406
-55.3272
-55.2624
-55.2371
-55.2411
-55.2688
-55.3075
-55.3379
-55.3597
-55.4041
-55.4705
-55.5544
-55.6509
-55.7575
-55.8724
-55.9942
-56.1217
-56.2537
-56.3896
-56.5284
-56.6696
-56.8124
-56.9564
-57.1011
-57.2461
-57.391
-57.5356
-57.6796
-57.8228
-57.9648
-58.1056
-58.2448
-58.3824
-58.5183
-58.6524
-58.7845
-58.9147
-59.0428
-59.1687
-59.2925
-59.414
-59.5334
-59.6505
-59.7653
-59.878
-59.9884
-60.0965
-60.2024
-60.306
-60.4074
-60.5067
-60.6038
-60.6987
-60.7916
-60.8824
-60.9711
-61.0578
-61.1425
-61.2253
-61.3061
-61.385
-61.4621
-61.5374
-61.6109
-61.6826
-61.7526
-61.821
-61.8877
-61.9528
-62.0164
-62.0784
-62.1389
-62.1979
-62.2555
-62.3117
-62.3437
-62.2941
-62.2772
-62.2757
-62.2876
-62.3024
-62.2244
-62.1631
-62.1279
-62.113
-62.0824
-62.0296
-61.9536
-61.9099
-61.8863
-61.839
-61.5734
-61.1507
-60.6799
-59.9857
-59.4257
-59.0192
-58.534
-58.174
-57.7478
-57.3472
-57.0606
-56.8537
-56.7078
-56.6065
-56.5414
-56.5066
-56.4974
-56.5099
-56.5409
-56.575
-56.566
-56.584
-56.6181
-56.6359
-56.6466
-56.6829
-56.7399
-56.813
-56.8975
-56.9886
-56.9985
-56.986
-56.9761
-56.9746
-56.9682
-56.9961
-57.0463
-57.1139
-57.1935
-57.2458
-57.3113
-57.359
-57.4135
-57.4858
-57.571
-57.6654
-57.7663
-57.872
-57.9817
-58.0943
-58.1647
-58.2441
-58.3338
-58.4321
-58.535
-58.6409
-58.7489
-58.8583
-58.9685
-59.079
-59.1897
-59.2735
-59.3459
-59.3856
-59.3991
-59.4249
-59.4284
-59.4459
-59.4389
-59.418
-59.3722
-59.3176
-59.2182
-59.1437
-59.0721
-59.0405
-58.9889
-58.9731
-58.9799
-58.9472
-58.8651
-58.7371
-58.597
-58.4262
-58.2019
-57.8139
-57.4185
-57.0354
-56.6647
-56.411
-56.2359
-56.1213
-56.0308
-55.9664
-55.938
-55.8869
-55.8504
-55.8318
-55.847
-55.8862
-55.9446
-56.0156
-56.0641
-56.1242
-56.172
-56.2419
-56.29
-56.3625
-56.4498
-56.5497
-56.6582
-56.7733
-56.8937
-57.0181
-57.1459
-57.2762
-57.4084
-57.5419
-57.6763
-57.8111
-57.946
-58.0806
-58.2147
-58.3479
-58.4802
-58.6112
-58.7408
-58.869
-58.9955
-59.1203
-59.2432
-59.3642
-59.4832
-59.6003
-59.7153
-59.8283
-59.9392
-60.048
-60.1546
-60.2592
-60.3616
-60.4619
-60.5602
-60.6563
-60.7505
-60.8425
-60.9326
-61.0207
-61.1067
-61.1909
-61.2731
-61.3534
-61.4319
-61.5086
-61.5834
-61.6566
-61.728
-61.7977
-61.8657
-61.9322
-61.997
-62.0603
-62.122
-62.1823
-62.2411
-62.2984
-62.3544
-62.409
-62.4623
-62.5142
-62.5649
-62.6143
-62.6626
-62.7096
-62.7555
-62.8003
-62.8439
-62.8865
-62.9281
-62.9686
-63.0081
-63.0466
-63.0842
-63.1209
-63.1567
-63.1915
-63.2221
-63.1805
-63.0902
-62.8288
-62.6563
-62.4838
-62.3006
-62.1722
-62.0783
-61.9367
-61.7951
-61.681
-61.5058
-61.3296
-61.2077
-61.0766
-60.4434
-59.6923
-59.1582
-58.7785
-58.4854
-58.1239
-57.8596
-57.5932
-57.3901
-57.2223
-57.0975
-57.0164
-56.9698
-56.9511
-56.955
-56.9779
-57.017
-56.9234
-56.8634
-56.8161
-56.7516
-56.7097
-56.6993
-56.6835
-56.6898
-56.6872
-56.7166
-56.766
-56.8323
-56.8724
-56.8248
-56.7861
-56.7728
-56.7556
-56.7748
-56.8075
-56.8312
-56.8806
-56.9467
-57.0271
-57.1175
-57.2159
-57.3208
-57.431
-57.5454
-57.6631
-57.7834
-57.9056
-58.0291
-58.1535
-58.2783
-58.4033
-58.493
-58.5769
-58.6712
-58.7723
-58.8775
-58.9847
-59.0929
-59.2018
-59.3107
-59.4194
-59.5106
-59.5685
-59.5945
-59.6434
-59.678
-59.7109
-59.76
-59.8195
-59.8866
-59.92
-59.9513
-59.9976
-60.0288
-60.0238
-60.0034
-59.9823
-59.99
-59.991
-59.9512
-59.879
-59.8461
-59.8409
-59.8077
-59.7093
-59.6063
-59.4972
-59.1841
-58.905
-58.598
-58.2616
-57.826
-57.3657
-56.9732
-56.6765
-56.468
-56.3235
-56.2275
-56.128

