-70
-69.8623
-69.7285
-69.5983
-69.4718
-69.3487
-69.2291
-69.1128
-68.9997
-68.8897
-68.7828
-68.6789
-68.5778
-68.4795
-68.3839
-68.291
-68.2007
-68.1128
-68.0274
-67.9443
-67.8636
-67.7851
-67.7087
-67.6345
-67.5623
-67.4921
-67.4238
-67.3574
-67.2929
-67.2301
-67.1691
-67.1098
-67.0521
-66.996
-66.9414
-66.8884
-66.8368
-66.7866
-66.7378
-66.6904
-66.6443
-66.5994
-66.5558
-66.5133
-66.4721
-66.432
-66.393
-66.355
-66.3181
-66.2823
-66.2474
-66.2134
-66.1805
-66.1484
-66.1172
-66.0868
-66.0573
-66.0286
-66.0007
-65.9736
-65.9472
-65.9215
-65.8966
-65.8723
-65.8487
-65.8257
-65.8034
-65.7817
-65.7606
-65.74
-65.72
-65.7006
-65.6817
-65.6633
-65.6455
-65.6281
-65.6112
-65.5948
-65.5788
-65.5632
-65.5481
-65.5334
-65.5191
-65.5052
-65.4917
-65.4785
-65.4657
-65.4533
-65.4412
-65.4294
-65.418
-65.4068
-65.396
-65.3855
-65.3752
-65.3653
-65.3556
-65.3462
-65.337
-65.3281
-65.3194
-65.311
-65.3028
-65.2948
-65.2871
-65.2795
-65.2722
-65.2651
-65.2581
-65.2514
-65.2448
-65.2385
-65.2322
-65.2262
-65.2203
-65.2146
-65.2091
-65.2037
-65.1984
-65.1933
-65.1884
-65.1835
-65.1788
-65.1743
-65.1698
-65.1655
-65.1613
-65.1572
-65.1532
-65.1493
-65.1456
-65.1419
-65.1384
-65.1349
-65.1315
-65.1283
-65.1251
-65.122
-65.119
-65.1161
-65.1132
-65.1104
-65.1077
-65.1051
-65.1026
-65.1001
-65.0977
-65.0953
-65.0931
-65.0908
-65.0887
-65.0866
-65.0845
-65.0826
-65.0806
-65.0788
-65.0769
-65.0752
-65.0734
-65.0718
-65.0701
-65.0685
-65.067
-65.0655
-65.064
-65.0626
-65.0612
-65.0599
-65.0586
-65.0573
-65.0561
-65.0549
-65.0537
-65.0526
-65.0514
-65.0504
-65.0493
-65.0483
-65.0473
-65.0464
-65.0454
-65.0445
-65.0436
-65.0428
-65.0419
-65.0411
-65.0403
-65.0395
-65.0388
-65.0381
-65.0374
-65.0367
-65.036
-65.0353
-65.0347
-65.0341
-65.0335
-65.0329
-65.0323
-65.0318
-65.0313
-65.0307
-65.0302
-65.0297
-65.0293
-65.0288
-65.0283
-65.0279
-65.0275
-65.027
-65.0266
-65.0262
-65.0259
-65.0255
-65.0251
-65.0248
-65.0244
-65.0241
-65.0238
-65.0234
-65.0231
-65.0228
-65.0225
-65.0223
-65.022
-65.0217
-65.0215
-65.0212
-65.021
-65.0207
-65.0205
-65.0203
-65.02
-65.0198
-65.0196
-65.0194
-65.0192
-65.019
-65.0188
-65.0187
-65.0185
-65.0183
-65.0181
-65.018
-65.0178
-65.0177
-65.0175
-65.0174
-65.0172
-65.0171
-65.017
-65.0168
-65.0167
-65.0166
-65.0165
-65.0163
-65.0162
-65.0161
-65.016
-65.0159
-65.0158
-65.0157
-65.0156
-65.0155
-65.0154
-65.0153
-65.0153
-65.0152
-65.0151
-65.015
-65.0149
-65.0149
-65.0148
-65.0147
-65.0147
-65.0146
-65.0145
-65.0145
-65.0144
-65.0143
-65.0143
-65.0142
-65.0142
-65.0141
-65.0141
-65.014
-65.014
-65.0139
-65.0139
-65.0138
-65.0138
-65.0137
-65.0137
-65.0137
-65.0136
-65.0136
-65.0135
-65.0135
-65.0135
-65.0134
-65.0134
-65.0134
-65.0133
-65.0133
-65.0133
-65.0133
-65.0132
-65.0132
-65.0132
-65.0131
-65.0131
-65.0131
-65.0131
-65.0131
-65.013
-65.013
-65.013
-65.013
-65.0129
-65.0129
-65.0129
-65.0129
-65.0129
-65.0129
-65.0128
-65.0128
-65.0128
-65.0128
-65.0128
-65.0128
-65.0127
-65.0127
-65.0127
-65.0127
-65.0127
-65.0127
-65.0127
-65.0127
-65.0126
-65.0126
-65.0126
-65.0126
-65.0126
-65.0126
-65.0126
-65.0126
-65.0126
-65.0126
-65.0125
-65.0125
-65.0125
-65.0125
-65.0125
-65.0125
-65.0125
-65.0125
-65.0125
-65.0125
-65.0125
-65.0125
-65.0125
-65.0124
-65.0124
-65.0124
-65.0124
-65.0124
-65.0124
-65.0124
-65.0124
-65.0124
-65.0124
-65.0124
-65.0124
-65.0124
-65.0124
-65.0124
-65.0124
-65.0124
-65.0124
-65.0124
-65.0124
-65.0124
-65.0124
-65.0124
-65.0123
-65.0123
-65.0123
-65.0123
-65.0123
-65.0123
-65.0123
-65.0123
-65.0123
-65.0123
-65.0123
-65.0123
-65.0123
-65.0123
-65.0123
-65.0123
-65.0123
-65.0123
-65.0123
-65.0123
-65.0123
-65.0123
-65.0123
-65.0123
-65.0123
-65.0123
-65.0123
-65.0123
-65.0123
-65.0123
-65.0123
-65.0123
-65.0123
-65.0123
-65.0123
-65.0123
-65.0123
-65.0123
-65.0123
-65.0123
-65.0123
-65.0123
-65.0123
-65.0123
-65.0123
-65.0123
-65.0123
-65.0123
-65.0123
-65.0123
-65.0123
-65.0123
-65.0123
-65.0123
-65.0123
-65.0123
-65.0123
-65.0123
-65.0123
-65.0123
-65.0123
-65.0123
-65.0123
-65.0123
-65.0123
-65.0123
-65.0123
-65.0123
-65.0123
-65.0123
-65.0123
-65.0123
-65.0123
-65.0123
-64.8888
-64.7871
-64.7113
-64.6572
-64.6152
-64.5815
-64.5545
-64.5329
-64.5159
-64.5027
-64.4927
-64.4856
-64.4808
-64.478
-64.477
-64.4776
-64.4793
-64.4822
-64.4861
-64.4907
-64.496
-64.5019
-64.5083
-64.5151
-64.5223
-64.5297
-64.5373
-64.5451
-64.553
-64.5611
-64.5691
-64.5773
-64.5854
-64.5935
-64.4713
-64.1657
-63.9618
-63.8101
-63.7016
-63.617
-63.5505
-63.4986
-63.4588
-63.4291
-63.4079
-63.394
-63.3863
-63.3838
-63.3858
-63.3917
-63.4008
-63.4127
-63.427
-63.245
-63.12
-62.9856
-62.4066
-61.8903
-61.4095
-61.046
-60.7635
-60.1428
-59.5294
-58.8464
-58.2615
-57.7818
-57.4297
-57.1647
-56.7128
-56.2812
-55.9569
-55.3657
-54.9538
-54.512
-54.1692
-53.9196
-53.7399
-53.579
-53.4692
-53.3992
-53.3465
-53.2918
-53.2484
-53.2148
-53.2038
-53.1915
-53.2033
-53.2239
-53.2507
-53.3049
-53.3791
-53.4347
-53.4673
-53.5198
-53.5973
-53.6941
-53.8048
-53.9264
-54.057
-54.1579
-54.2655
-54.3193
-54.3847
-54.4747
-54.5838
-54.7056
-54.8361
-54.971
-55.0619
-55.1272
-55.2114
-55.2703
-55.3283
-55.3753
-55.4108
-55.4779
-55.5644
-55.666
-55.7297
-55.7806
-55.8406
-55.9232
-56.0138
-56.0767
-56.1273
-56.1855
-56.2656
-56.2674
-56.1929
-56.1274
-55.9796
-55.8838
-55.7506
-55.6298
-55.5443
-55.291
-54.9767
-54.6697
-54.4039
-54.0068
-53.6049
-53.2509
-52.7965
-52.3833
-51.9409
-51.5826
-51.2837
-51.0565
-50.8883
-50.6851
-50.5112
-50.3675
-50.2539
-50.1725
-50.0897
-50.0408
-50.0166
-50.0153
-49.9966
-50.0027
-50.0296
-50.076
-50.1389
-50.2167
-50.3086
-50.414
-50.5319
-50.6616
-50.8019
-50.9525
-51.1125
-51.2811
-51.4579
-51.6423
-51.8333
-52.0298
-52.2308
-52.4357
-52.6441
-52.8554
-53.0685
-53.2827
-53.4975
-53.7127
-53.9278
-54.1421
-54.355
-54.5664
-54.7762
-54.984
-55.1893
-55.392
-55.5921
-55.7893
-55.9837
-56.1748
-56.3627
-56.5473
-56.7287
-56.9068
-57.0815
-57.2527
-57.4205
-57.5848
-57.7459
-57.9036
-58.0579
-58.2089
-58.3566
-58.501
-58.6423
-58.7804
-58.9154
-59.0473
-59.1762
-59.3021
-59.425
-59.5451
-59.6624
-59.777
-59.8889
-59.9981
-60.1047
-60.2088
-60.2537
-60.0807
-59.9952
-59.9512
-59.9434
-59.9454
-59.8358
-59.7428
-59.6924
-59.6739
-59.6729
-59.533
-59.39
-59.2779
-59.1343
-58.8538
-58.4485
-57.7099
-57.0692
-56.3684
-55.8494
-55.4686
-55.0825
-54.763
-54.2188
-53.7444
-53.3925
-53.1432
-52.9654
-52.808
-52.6555
-52.5583
-52.502
-52.4808
-52.4826
-52.4721
-52.4036
-52.3709
-52.343
-52.3519
-52.3902
-52.4231
-52.4417
-52.4871
-52.5073
-52.5432
-52.5774
-52.5467
-52.5311
-52.5278
-52.531
-52.5371
-52.567
-52.6275
-52.6867
-52.6682
-52.6836
-52.7051
-52.7651
-52.8483
-52.9506
-53.036
-53.1279
-53.2396
-53.3667
-53.4839
-53.592
-53.6827
-53.7913
-53.917
-54.0559
-54.2036
-54.3207
-54.444
-54.5807
-54.728
-54.8819
-55.0403
-55.1891
-55.2708
-55.3528
-55.4017
-55.4161
-55.3375
-55.2034
-55.0731
-54.941
-54.8236
-54.6079
-54.4698
-54.3472
-54.2391
-54.1449
-54.0943
-53.9762
-53.8423
-53.6895
-53.4745
-53.3069
-53.1149
-52.8947
-52.5752
-52.2855
-51.9739
-51.6728
-51.4425
-51.23
-51.0681
-50.8876
-50.732
-50.6282
-50.5646
-50.5026
-50.3622
-50.2071
-50.0762
-49.9952
-49.9487
-49.912
-49.8811
-49.846
-49.8353
-49.8481
-49.8814
-49.9318
-49.9979
-50.0785
-50.1729
-50.2805
-50.4009
-50.5336
-50.6778
-50.8322
-50.9961
-51.1687
-51.3494
-51.5377
-51.733
-51.9342
-52.1401
-52.3499
-52.5631
-52.7792
-52.9974
-53.2166
-53.4364
-53.6565
-53.8764
-54.0955
-54.3132
-54.5293
-54.7435
-54.9558
-55.1655
-55.3724
-55.5765
-55.7777
-55.9759
-56.1708
-56.3622
-56.5502
-56.7349
-56.9161
-57.0938
-57.268
-57.4385
-57.6056
-57.7692
-57.9294
-58.0861
-58.2393
-58.3892
-58.5356
-58.6788
-58.8188
-58.9556
-59.0893
-59.2198
-59.3472
-59.4717
-59.5932
-59.7118
-59.8277
-59.9408
-60.0512
-60.1589
-60.264
-60.3665
-60.4666
-60.5642
-60.6595
-60.7525
-60.8432
-60.9316
-61.018
-61.1022
-61.1843
-61.2644
-61.3425
-61.4187
-61.4503
-61.4818
-61.5223
-61.5539
-61.2863
-60.9278
-60.6923
-60.4115
-60.1742
-60.0071
-59.8646
-59.6598
-59.437
-59.2857
-59.1
-58.9558
-58.8559
-58.6424
-57.7859
-56.939
-56.3504
-55.9369
-55.6149
-55.2031
-54.8877
-54.4908
-54.1919
-53.9526
-53.7626
-53.6338
-53.551
-53.5064
-53.4925
-53.4987
-53.4185
-53.2027
-53.0509
-52.8984
-52.7966
-52.717
-52.6399
-52.5403
-52.4683
-52.4007
-52.383
-52.3983
-52.4121
-52.4072
-52.3061
-52.2512
-52.2433
-52.2739
-52.3307
-52.3805
-52.4119
-52.4754
-52.5614
-52.6668
-52.7865
-52.918
-53.0599
-53.2104
-53.3684
-53.5328
-53.6811
-53.7591
-53.7915
-53.867
-53.9687
-54.0902
-54.2234
-54.3658
-54.5154
-54.6709
-54.831
-54.9947
-55.1611
-55.3294
-55.4992
-55.6697
-55.8406
-55.9573
-55.9562
-55.955
-55.9985
-56.0717
-56.1639
-56.2679
-56.3807
-56.5004
-56.6255
-56.7468
-56.8255
-56.8751
-56.9342
-56.9867
-57.042
-56.9868
-56.9508
-56.8859
-56.7115
-56.5416
-56.2817
-56.0306
-55.5877
-55.1059
-54.6004
-54.1672
-53.8181
-53.5309
-53.1469
-52.8129
-52.5071
-52.2995
-52.1558
-52.0622
-52.0045
-51.8687

