-70
-70.0758
-70.1508
-70.225
-70.2983
-70.3706
-70.4419
-70.5122
-70.5814
-70.6496
-70.7168
-70.7829
-70.848
-70.9121
-70.9752
-71.0373
-71.0984
-71.1586
-71.2178
-71.2761
-71.3334
-71.3899
-71.4455
-71.5003
-71.5543
-71.6074
-71.6598
-71.7114
-71.7623
-71.8124
-71.8619
-71.9106
-71.9587
-72.006
-72.0527
-72.0988
-72.1442
-72.1889
-72.2331
-72.2766
-72.3196
-72.362
-72.4038
-72.445
-72.4857
-72.5258
-72.5654
-72.6045
-72.6431
-72.6812
-72.7188
-72.756
-72.7927
-72.8289
-72.8647
-72.9
-72.9349
-72.9694
-73.0035
-73.0371
-73.0704
-73.1032
-73.1357
-73.1678
-73.1994
-73.2307
-73.2617
-73.2922
-73.3224
-73.3523
-73.3817
-73.4109
-73.4397
-73.4682
-73.4963
-73.5241
-73.5516
-73.5788
-73.6057
-73.6323
-73.6585
-73.6845
-73.7102
-73.7356
-73.7608
-73.7857
-73.8103
-73.8346
-73.8587
-73.8825
-73.9061
-73.9294
-73.9524
-73.9753
-73.9979
-74.0202
-74.0423
-74.0642
-74.0859
-74.1073
-74.1285
-74.1495
-74.1703
-74.1909
-74.2112
-74.2313
-74.2513
-74.271
-74.2905
-74.3098
-74.329
-74.3479
-74.3666
-74.3852
-74.4036
-74.4217
-74.4397
-74.4575
-74.4752
-74.4926
-74.5099
-74.527
-74.544
-74.5607
-74.5774
-74.5938
-74.6101
-74.6262
-74.6422
-74.658
-74.6736
-74.6891
-74.7045
-74.7197
-74.7347
-74.7496
-74.7644
-74.779
-74.7935
-74.8079
-74.8221
-74.8362
-74.8501
-74.864
-74.8777
-74.8913
-74.9047
-74.918
-74.9313
-74.9443
-74.9573
-74.9701
-74.9829
-74.9955
-75.008
-75.0204
-75.0327
-75.0448
-75.0569
-75.0688
-75.0806
-75.0924
-75.104
-75.1155
-75.1269
-75.1382
-75.1495
-75.1606
-75.1716
-75.1825
-75.1933
-75.204
-75.2147
-75.2252
-75.2356
-75.246
-75.2562
-75.2664
-75.2764
-75.2864
-75.2963
-75.3061
-75.3158
-75.3255
-75.335
-75.3445
-75.3538
-75.3631
-75.3724
-75.3815
-75.3906
-75.3995
-75.4084
-75.4172
-75.426
-75.4346
-75.4432
-75.4518
-75.4602
-75.4686
-75.4769
-75.4851
-75.4932
-75.5013
-75.5093
-75.5173
-75.5251
-75.533
-75.5407
-75.5484
-75.556
-75.5635
-75.571
-75.5784
-75.5858
-75.593
-75.6003
-75.6074
-75.6145
-75.6216
-75.6285
-75.6355
-75.6423
-75.6491
-75.6559
-75.6626
-75.6692
-75.6758
-75.6823
-75.6888
-75.6952
-75.7015
-75.7078
-75.7141
-75.7203
-75.7264
-75.7325
-75.7386
-75.7446
-75.7505
-75.7564
-75.7622
-75.768
-75.7738
-75.7795
-75.7851
-75.7907
-75.7963
-75.8018
-75.8072
-75.8127
-75.818
-75.8234
-75.8287
-75.8339
-75.8391
-75.8443
-75.8494
-75.8545
-75.8595
-75.8645
-75.8695
-75.8744
-75.8793
-75.8841
-75.8889
-75.8937
-75.8984
-75.9031
-75.9077
-75.9123
-75.9169
-75.9214
-75.9259
-75.9304
-75.9348
-75.9392
-75.9436
-75.9479
-75.9522
-75.9565
-75.9607
-75.9649
-75.969
-75.9731
-75.9772
-75.9813
-75.9853
-75.9893
-75.9933
-75.9972
-76.0011
-76.005
-76.0088
-76.0126
-76.0164
-76.0201
-76.0239
-76.0275
-76.0312
-76.0348
-76.0384
-76.042
-76.0456
-76.0491
-76.0526
-76.056
-76.0595
-76.0629
-76.0663
-76.0696
-76.0729
-76.0762
-76.0795
-76.0828
-76.086
-76.0892
-76.0924
-76.0955
-76.0986
-76.1017
-76.1048
-76.1079
-76.1109
-76.1139
-76.1169
-76.1198
-76.1228
-76.1257
-76.1286
-76.1314
-76.1343
-76.1371
-76.1399
-76.1427
-76.1455
-76.1482
-76.1509
-76.1536
-76.1563
-76.1589
-76.1615
-76.1642
-76.1667
-76.1693
-76.1719
-76.1744
-76.1769
-76.1794
-76.1819
-76.1843
-76.1868
-76.1892
-76.1916
-76.1939
-76.1963
-76.1986
-76.201
-76.2033
-76.2056
-76.2078
-76.2101
-76.2123
-76.2145
-76.2167
-76.2189
-76.2211
-76.2232
-76.2254
-76.2275
-76.2296
-76.2317
-76.2337
-76.2358
-76.2378
-76.2398
-76.2418
-76.2438
-76.2458
-76.2478
-76.2497
-76.2516
-76.2536
-76.2554
-76.2573
-76.2592
-76.2611
-76.2629
-76.2647
-76.2665
-76.2683
-76.2701
-76.2719
-76.2737
-76.2754
-76.2771
-76.2788
-76.2806
-76.2822
-76.2839
-76.2856
-76.2872
-76.2889
-76.2905
-76.2921
-76.2937
-76.2953
-76.2969
-76.2985
-76.3
-76.3016
-76.3031
-76.3046
-76.3061
-76.3076
-76.3091
-76.3106
-76.312
-76.3135
-76.3149
-76.3164
-76.3178
-76.3192
-76.3206
-76.322
-76.3233
-76.3247
-76.3261
-76.3274
-76.3287
-76.33
-76.3314
-76.3327
-76.334
-76.3352
-76.3365
-76.3378
-76.339
-76.3403
-76.3415
-76.3427
-76.3439
-76.3452
-76.3464
-76.3475
-76.3487
-76.3499
-76.351
-76.3522
-76.3533
-76.3545
-76.3556
-76.3567
-76.3578
-76.3589
-76.36
-76.3611
-76.3622
-76.3632
-76.3643
-76.3654
-76.3664
-76.3674
-76.3685
-76.3695
-76.3705
-76.3715
-76.3725
-76.3735
-76.3745
-76.3754
-76.3764
-76.3774
-76.3783
-76.3793
-76.3802
-76.3811
-76.382
-76.383
-76.3839
-76.3848
-76.3857
-76.3866
-76.3874
-76.3883
-76.3892
-76.39
-76.3909
-76.3917
-76.3926
-76.3934
-76.3943
-76.3951
-76.3959
-76.3967
-76.3975
-76.3983
-76.3991
-76.3999
-76.4007
-76.4014
-76.4022
-76.403
-76.4037
-76.4045
-76.4052
-76.406
-76.4067
-76.4074
-76.4082
-76.4089
-76.4096
-76.4103
-76.411
-76.4117
-76.4124
-76.4131
-76.4137
-76.4144
-76.4151
-76.4158
-76.4164
-76.4171
-76.4177
-76.4184
-76.419
-76.4196
-76.4203
-76.4209
-76.4215
-76.4221
-76.4227
-76.4234
-76.424
-76.4246
-76.4251
-76.4257
-76.4263
-76.4269
-76.4275
-76.428
-76.4286
-76.4292
-76.4297
-76.4303
-76.4308
-76.4314
-76.4319
-76.4325
-76.433
-76.4335
-76.4341
-76.4346
-76.4351
-76.4356
-76.4361
-76.4366
-76.4371
-76.4376
-76.4381
-76.4386
-76.4391
-76.4396
-76.4401
-76.4405
-76.441
-76.4415
-76.4419
-76.4424
-76.4429
-76.4433
-76.4438
-76.4442
-76.4447
-76.4451
-76.4455
-76.446
-76.4464
-76.4468
-76.4473
-76.4477
-76.4481
-76.4485
-76.4489
-76.4493
-76.4497
-76.4501
-76.4505
-76.4509
-76.4513
-76.4517
-76.4521
-76.4525
-76.4529
-76.4533
-76.4536
-76.454
-76.4544
-76.4548
-76.4551
-76.4555
-76.4558
-76.4562
-76.4566
-76.4569
-76.4573
-76.4576
-76.4579
-76.4583
-76.4189
-76.3753
-76.3409
-76.3138
-76.2923
-76.2751
-76.2613
-76.2492
-76.2177
-76.1894
-76.1682
-76.1522
-76.1401
-76.1249
-76.1059
-76.0919
-76.0819
-76.0748
-76.0697
-76.0661
-76.0637
-76.0622
-76.0614
-76.0611
-76.0613
-76.0619
-76.0628
-76.064
-76.0654
-76.067
-76.0688
-76.0707
-76.0727
-76.0749
-76.0771
-76.0794
-76.0818
-76.0843
-76.0868
-76.0894
-76.092
-76.0947
-76.0974
-76.1001
-76.1028
-76.1055
-76.1083
-76.1111
-76.1138
-76.1166
-76.1194
-76.1221
-76.1249
-76.1276
-76.1304
-76.1331
-76.1359
-76.1386
-76.1413
-76.144
-76.1467
-76.1494
-76.152
-76.1547
-76.1573
-76.1599
-76.1625
-76.1651
-76.1676
-76.1702
-76.1727
-76.1752
-76.1777
-76.1802
-76.1826
-76.185
-76.1875
-76.1899
-76.1922
-76.1946
-76.197
-76.1993
-76.2016
-76.2039
-76.2062
-76.2084
-76.2107
-76.2129
-76.2151
-76.2173
-76.2195
-76.2217
-76.2238
-76.2259
-76.228
-76.2301
-76.2322
-76.2343
-76.2363
-76.2383
-76.2404
-76.2424
-76.2443
-76.2463
-76.2483
-76.2502
-76.2521
-76.254
-76.2559
-76.2578
-76.2597
-76.2615
-76.2634
-76.2652
-76.267
-76.2688
-76.2706
-76.2724
-76.2741
-76.2758
-76.2776
-76.2793
-76.281
-76.2827
-76.2844
-76.286
-76.2877
-76.2893
-76.2909
-76.2925
-76.2941
-76.2957
-76.2973
-76.2989
-76.3004
-76.302
-76.3035
-76.305
-76.3065
-76.308
-76.3095
-76.311
-76.3124
-76.3139
-76.3153
-76.3167
-76.3181
-76.3195
-76.3209
-76.3223
-76.3237
-76.325
-76.3264
-76.3277
-76.3291
-76.3304
-76.3317
-76.333
-76.3343
-76.3356
-76.3368
-76.3381
-76.3394
-76.3406
-76.3418
-76.343
-76.3443
-76.3455
-76.3467
-76.3478
-76.349
-76.3502
-76.3513
-76.3525
-76.3536
-76.3548
-76.3559
-76.357
-76.3581
-76.3592
-76.3603
-76.3614
-76.3625
-76.3635
-76.3646
-76.3656
-76.3667
-76.3677
-76.3687
-76.3697
-76.3614
-76.3258
-76.295
-76.2709
-76.2519
-76.2368
-76.2248
-76.2151
-76.2074
-76.1924
-76.1686
-76.1389
-76.1133
-76.0955
-76.083
-76.0742
-76.068
-76.0636
-76.0606
-76.0586
-76.0575
-76.057
-76.057
-76.0574
-76.0582
-76.0592
-76.0605
-76.062
-76.0637
-76.0656
-76.0676
-76.0697
-76.0719
-76.0742
-76.0766
-76.079
-76.0815
-76.0841
-76.0867
-76.0893
-76.092
-76.0947
-76.0975
-76.1002
-76.103
-76.1057
-76.1085
-76.1113
-76.1141
-76.1169
-76.1197
-76.1225
-76.1253
-76.128
-76.1308
-76.1335
-76.1363
-76.139
-76.1417
-76.1444
-76.1471
-76.1498
-76.1525
-76.1551
-76.1577
-76.1603
-76.1629
-76.1655
-76.1681
-76.1706
-76.1731
-76.1756
-76.1781
-76.1806
-76.183
-76.1855
-76.1879
-76.1903
-76.1927
-76.195
-76.1974
-76.1997
-76.202
-76.2043
-76.2066
-76.2088
-76.2111
-76.2133
-76.2155
-76.2177
-76.2199
-76.222
-76.2242
-76.2263
-76.2284
-76.2305
-76.2326
-76.2346
-76.2367
-76.2387
-76.2407
-76.2427
-76.2447
-76.2467
-76.2486
-76.2506
-76.2525
-76.2544
-76.2563
-76.2582
-76.26
-76.2619
-76.2637
-76.2655
-76.2673
-76.2691
-76.2709
-76.2727
-76.2744
-76.2762
-76.2779
-76.2796
-76.2813
-76.283
-76.2847
-76.2863
-76.288
-76.2896
-76.2912
-76.2928
-76.2944
-76.296
-76.2976
-76.2991
-76.3007
-76.3022
-76.3038
-76.3053
-76.3068
-76.3083
-76.3097
-76.3112
-76.3127
-76.3141
-76.3156
-76.317
-76.3184
-76.3198
-76.3212
-76.3226
-76.3239
-76.3253
-76.3266
-76.328
-76.3293
-76.3306
-76.3319
-76.3332
-76.3345
-76.3358
-76.3371
-76.3383
-76.3396
-76.3408
-76.342
-76.3433
-76.3445
-76.3457
-76.3469
-76.3481
-76.3492
-76.3504
-76.3516
-76.3527
-76.3538
-76.355
-76.3561
-76.3572
-76.3583
-76.3594
-76.3605
-76.3616
-76.3626
-76.3637
-76.3648
-76.3658
-76.3669
-76.3679
-76.3689
-76.3699
-76.3709
-76.3719
-76.3729
-76.3739
-76.3749
-76.3759
-76.3768
-76.3778
-76.3787
-76.3797
-76.3806

