-70
-70.0758
-70.1508
-70.225
-70.2983
-70.3706
-70.4419
-70.5122
-70.5814
-70.6496
-70.7168
-70.7829
-70.848
-70.9121
-70.9752
-71.0373
-71.0984
-71.1586
-71.2178
-71.2761
-71.3334
-71.3899
-71.4455
-71.5003
-71.5543
-71.6074
-71.6598
-71.7114
-71.7623
-71.8124
-71.8619
-71.9106
-71.9587
-72.006
-72.0527
-72.0988
-72.1442
-72.1889
-72.2331
-72.2766
-72.3196
-72.362
-72.4038
-72.445
-72.4857
-72.5258
-72.5654
-72.6045
-72.6431
-72.6812
-72.7188
-72.756
-72.7927
-72.8289
-72.8647
-72.9
-72.9349
-72.9694
-73.0035
-73.0371
-73.0704
-73.1032
-73.1357
-73.1678
-73.1994
-73.2307
-73.2617
-73.2922
-73.3224
-73.3523
-73.3817
-73.4109
-73.4397
-73.4682
-73.4963
-73.5241
-73.5516
-73.5788
-73.6057
-73.6323
-73.6585
-73.6845
-73.7102
-73.7356
-73.7608
-73.7857
-73.8103
-73.8346
-73.8587
-73.8825
-73.9061
-73.9294
-73.9524
-73.9753
-73.9979
-74.0202
-74.0423
-74.0642
-74.0859
-74.1073
-74.1285
-74.1495
-74.1703
-74.1909
-74.2112
-74.2313
-74.2513
-74.271
-74.2905
-74.3098
-74.329
-74.3479
-74.3666
-74.3852
-74.4036
-74.4217
-74.4397
-74.4575
-74.4752
-74.4926
-74.5099
-74.527
-74.544
-74.5607
-74.5774
-74.5938
-74.6101
-74.6262
-74.6422
-74.658
-74.6736
-74.6891
-74.7045
-74.7197
-74.7347
-74.7496
-74.7644
-74.779
-74.7935
-74.8079
-74.8221
-74.8362
-74.8501
-74.864
-74.8777
-74.8913
-74.9047
-74.918
-74.9313
-74.9443
-74.9573
-74.9701
-74.9829
-74.9955
-75.008
-75.0204
-75.0327
-75.0448
-75.0569
-75.0688
-75.0806
-75.0924
-75.104
-75.1155
-75.1269
-75.1382
-75.1495
-75.1606
-75.1716
-75.1825
-75.1933
-75.204
-75.2147
-75.2252
-75.2356
-75.246
-75.2562
-75.2664
-75.2764
-75.2864
-75.2963
-75.3061
-75.3158
-75.3255
-75.335
-75.3445
-75.3538
-75.3631
-75.3724
-75.3815
-75.3906
-75.3995
-75.4084
-75.4172
-75.426
-75.4346
-75.4432
-75.4518
-75.4602
-75.4686
-75.4769
-75.4851
-75.4932
-75.5013
-75.5093
-75.5173
-75.5251
-75.533
-75.5407
-75.5484
-75.556
-75.5635
-75.571
-75.5784
-75.5858
-75.593
-75.6003
-75.6074
-75.6145
-75.6216
-75.6285
-75.6355
-75.6423
-75.6491
-75.6559
-75.6626
-75.6692
-75.6758
-75.6823
-75.6888
-75.6952
-75.7015
-75.7078
-75.7141
-75.7203
-75.7264
-75.7325
-75.7386
-75.7446
-75.7505
-75.7564
-75.7622
-75.768
-75.7738
-75.7795
-75.7851
-75.7907
-75.7963
-75.8018
-75.8072
-75.8127
-75.818
-75.8234
-75.8287
-75.8339
-75.8391
-75.8443
-75.8494
-75.8545
-75.8595
-75.8645
-75.8695
-75.8744
-75.8793
-75.8841
-75.8889
-75.8937
-75.8984
-75.9031
-75.9077
-75.9123
-75.9169
-75.9214
-75.9259
-75.9304
-75.9348
-75.9392
-75.9436
-75.9479
-75.9522
-75.9565
-75.9607
-75.9649
-75.969
-75.9731
-75.9772
-75.9813
-75.9853
-75.9893
-75.9933
-75.9972
-76.0011
-76.005
-76.0088
-76.0126
-76.0164
-76.0201
-76.0239
-76.0275
-76.0312
-76.0348
-76.0384
-76.042
-76.0456
-76.0491
-76.0526
-76.056
-76.0595
-76.0629
-76.0663
-76.0696
-76.0729
-76.0762
-76.0795
-76.0828
-76.086
-76.0892
-76.0924
-76.0955
-76.0986
-76.1017
-76.1048
-76.1079
-76.1109
-76.1139
-76.1169
-76.1198
-76.1228
-76.1257
-76.1286
-76.1314
-76.1343
-76.1371
-76.1399
-76.1427
-76.1455
-76.1482
-76.1509
-76.1536
-76.1563
-76.1589
-76.1615
-76.1642
-76.1667
-76.1693
-76.1719
-76.1744
-76.1769
-76.1794
-76.1819
-76.1843
-76.1868
-76.1892
-76.1916
-76.1939
-76.1963
-76.1986
-76.201
-76.2033
-76.2056
-76.2078
-76.2101
-76.2123
-76.2145
-76.2167
-76.2189
-76.2211
-76.2232
-76.2254
-76.2275
-76.2296
-76.2317
-76.2337
-76.2358
-76.2378
-76.2398
-76.2418
-76.2438
-76.2458
-76.2478
-76.2497
-76.2516
-76.2536
-76.2554
-76.2573
-76.2592
-76.2611
-76.2629
-76.2647
-76.2665
-76.2683
-76.2701
-76.2719
-76.2737
-76.2754
-76.2771
-76.2788
-76.2806
-76.2822
-76.2839
-76.2856
-76.2872
-76.2889
-76.2905
-76.2921
-76.2937
-76.2953
-76.2969
-76.2985
-76.3
-76.3016
-76.3031
-76.3046
-76.3061
-76.3076
-76.3091
-76.3106
-76.312
-76.3135
-76.3149
-76.3164
-76.3178
-76.3192
-76.3206
-76.322
-76.3233
-76.3247
-76.3261
-76.3274
-76.3287
-76.33
-76.3314
-76.3327
-76.334
-76.3352
-76.3365
-76.3378
-76.339
-76.3403
-76.3415
-76.3427
-76.3439
-76.3452
-76.3464
-76.3475
-76.3487
-76.3499
-76.351
-76.3522
-76.3533
-76.3545
-76.3556
-76.3567
-76.3578
-76.3589
-76.36
-76.3611
-76.3622
-76.3632
-76.3643
-76.3654
-76.3664
-76.3674
-76.3685
-76.3695
-76.3705
-76.3715
-76.3725
-76.3735
-76.3745
-76.3754
-76.3764
-76.3774
-76.3783
-76.3793
-76.3802
-76.3811
-76.382
-76.383
-76.3839
-76.3848
-76.3857
-76.3866
-76.3874
-76.3883
-76.3892
-76.39
-76.3909
-76.3917
-76.3926
-76.3934
-76.3943
-76.3951
-76.3959
-76.3967
-76.3975
-76.3983
-76.3991
-76.3999
-76.4007
-76.4014
-76.4022
-76.403
-76.4037
-76.4045
-76.4052
-76.406
-76.4067
-76.4074
-75.6458
-71.3644
-67.6835
-64.9104
-62.7495
-60.9512
-59.2514
-57.2021
-52.8667
43.9686
-9.01768
-40.4998
-78.3979
-79.0597
-78.9539
-78.8271
-78.688
-78.5369
-78.3739
-77.9444
-75.8546
-74.5108
-73.6947
-73.0675
-72.5215
-72.0196
-71.5488
-71.1048
-70.6873
-70.2969
-70.0373
-70.2893
-70.5035
-70.6321
-70.7082
-70.7519
-70.911
-68.8254
-66.7547
-66.1129
-66.0611
-66.0546
-66.0642
-66.0853
-66.1153
-66.1527
-66.1964
-66.2458
-66.3003
-66.3597
-66.4234
-66.4912
-66.5628
-66.638
-66.7164
-66.7978
-66.8821
-66.9688
-67.0579
-67.1489
-67.2418
-67.3363
-67.4322
-67.5291
-67.6269
-67.7253
-67.824
-67.9229
-68.0219
-68.1207
-68.2193
-68.3175
-68.4152
-68.5123
-68.6088
-68.7044
-68.7991
-68.8928
-68.4068
-65.2433
-62.5024
-60.3469
-58.4126
-56.1399
-50.9706
37.0703
-15.65
-49.6215
-79.1287
-78.7627
-78.4359
-78.2423
-78.0421
-77.8274
-77.5984
-77.3563
-77.1029
-76.8403
-74.4644
-72.3521
-70.9686
-70.5224
-71.0365
-71.298
-71.3609
-71.3371
-71.276
-71.3117
-71.9006
-72.3726
-72.639
-72.7928
-72.8846
-72.9411
-72.977
-73.001
-73.0179
-73.031
-73.0421
-73.0525
-73.0628
-73.0736
-73.0851
-73.0975
-73.111
-73.1255
-73.141
-73.1575
-73.1749
-73.1933
-73.2124
-73.2324
-73.253
-73.2742
-73.2961
-73.3184
-73.3411
-73.3643
-73.3877
-73.4114
-73.4354
-73.4596
-73.4838
-73.5082
-73.5327
-73.5572
-73.5817
-73.6062
-73.6306
-73.655
-73.6794
-73.7036
-73.7277
-73.7517
-73.7756
-73.7993
-73.8229
-73.8463
-73.8696
-73.8927
-73.9156
-73.9383
-73.9608
-73.9832
-74.0053
-74.0273
-74.0491
-74.0707
-74.092
-74.1132
-74.1342
-74.155
-74.1756
-74.1959
-74.2161
-74.2361
-74.2559
-74.2755
-74.2949
-74.3142
-74.3332
-72.8963
-68.8874
-65.6591
-63.2001
-61.2194
-59.4322
-57.4174
-53.6994
45.596
-4.19479
-35.8083
-77.6736
-78.9753
-78.8678
-78.7313
-78.5815
-78.4188
-78.2436
-78.0564
-77.1895
-75.0169
-73.6558
-72.7738
-72.0888
-71.5009
-70.9713
-70.4843
-70.0335
-68.7352
-66.9535
-65.7078
-64.8403
-64.208
-63.7311
-63.3616
-63.0719
-62.8436
-63.5677
-64.5578
-65.8714
-65.3059
-64.5152
-64.0166
-63.6999
-63.4978
-63.3723
-63.3009
-63.2692
-63.2679
-63.2907
-63.3331
-63.392
-63.4648
-63.5498
-63.6454
-63.7503
-63.8635
-63.984
-64.1111
-64.2437
-64.3807
-64.5213
-64.6649
-64.811
-64.959
-65.1085
-65.2591
-65.4102
-65.5612
-65.7118
-65.8616
-66.0105
-66.1582
-66.3046
-66.4496
-66.5927
-66.7338
-66.8729
-67.0099
-66.3437
-63.4437
-60.9941
-58.9802
-56.9743
-53.9887
-31.601
3.94649
-30.8608
-75.1108
-79.5177
-78.7154
-78.095
-77.8225
-77.5787
-77.324
-77.0556
-76.7748
-76.484
-76.1858
-75.8834
-74.5683
-71.6943
-69.591
-68.102
-66.9794
-66.0933
-65.3706
-65.5714
-66.8785
-68.6002
-69.6752
-70.3266
-70.738
-71.0079
-71.1913
-71.3204
-71.5568
-72.0002
-72.3642
-72.8821
-73.2707
-73.5361
-73.7234
-73.8597
-73.9619
-74.0406
-74.1029
-74.1532
-74.195
-74.2305
-74.2612
-74.2884
-74.3129
-74.3353
-74.3561
-74.3757
-74.3943
-74.4122
-74.4295
-74.4464
-74.4629
-74.4791
-74.4951
-74.5109
-74.5265
-74.5421
-74.5575
-74.5728
-74.5881
-74.6032
-74.6183
-74.6333
-74.6483
-74.6631
-74.6779
-74.6926
-74.7073
-74.7218
-74.7363
-74.7506
-74.7649
-74.7791
-74.7932
-74.8072
-74.8211
-74.8349
-74.8486
-74.8623
-74.8758
-74.8892
-74.9025
-74.9157
-74.9288
-74.9417
-74.9546
-74.9674
-74.9801
-74.9926
-75.0051
-75.0174
-75.0297
-75.0418
-75.0539
-75.0658
-75.0776
-75.0893
-75.101
-75.1125
-75.1239
-75.1352
-75.1464
-75.1576
-75.1686
-75.1795
-75.1903
-75.2011
-75.2117
-75.2223
-75.2327
-72.4821
-68.4977
-65.4392
-63.091
-61.1799
-59.4326
-57.4317
-53.6573
46.1078
-4.64423
-36.0646
-78.2849
-78.9951
-78.6508
-78.476
-78.2977
-78.1052
-77.8985
-77.6782
-77.4457
-77.2028
-75.5389
-73.2401
-71.745
-70.7
-69.8876
-69.2123
-68.6292
-68.1155
-67.6588
-66.3257
-64.7605
-63.8431
-63.2038
-62.7327
-62.3729
-62.0921
-61.8711
-61.6956
-61.556
-61.4948
-62.6459
-63.8395
-65.0433
-64.9931
-64.2347
-63.7332
-63.4162
-63.2157
-63.0933
-63.0257
-62.9982
-63.0012
-63.0287
-63.0763
-63.1404
-63.2185
-63.3089
-63.4098
-63.52
-63.6384
-63.764
-63.8959
-64.0336
-64.1761
-64.3224
-64.4716
-64.6231
-64.7763
-64.9309
-65.0863
-65.2422
-65.3982
-65.5535
-65.708
-65.8613
-66.0132
-66.1637
-66.3125
-66.4595
-66.6044
-66.7471
-66.8876
-67.0257
-67.1614
-67.2948
-67.4259
-67.5547
-67.681
-67.8049
-65.526
-62.6686
-60.4253
-58.4911
-56.391
-52.5977
42.4275
-8.31774
-39.4811
-78.173
-78.9233
-78.3869
-78.1524
-77.9403
-77.7153
-77.4758
-77.223
-76.9586
-76.6849
-75.2311
-72.7537

