-70
-70.0758
-70.1508
-70.225
-70.2983
-70.3706
-70.4419
-70.5122
-70.5814
-70.6496
-70.7168
-70.7829
-70.848
-70.9121
-70.9752
-71.0373
-71.0984
-71.1586
-71.2178
-71.2761
-71.3334
-71.3899
-71.4455
-71.5003
-71.5543
-71.6074
-71.6598
-71.7114
-71.7623
-71.8124
-71.8619
-71.9106
-71.9587
-72.006
-72.0527
-72.0988
-72.1442
-72.1889
-72.2331
-72.2766
-72.3196
-72.362
-72.4038
-72.445
-72.4857
-72.5258
-72.5654
-72.6045
-72.6431
-72.6812
-72.7188
-72.756
-72.7927
-72.8289
-72.8647
-72.9
-72.9349
-72.9694
-73.0035
-73.0371
-73.0704
-73.1032
-73.1357
-73.1678
-73.1994
-73.2307
-73.2617
-73.2922
-73.3224
-73.3523
-73.3817
-73.4109
-73.4397
-73.4682
-73.4963
-73.5241
-73.5516
-73.5788
-73.6057
-73.6323
-73.6585
-73.6845
-73.7102
-73.7356
-73.7608
-73.7857
-73.8103
-73.8346
-73.8587
-73.8825
-73.9061
-73.9294
-73.9524
-73.9753
-73.9979
-74.0202
-74.0423
-74.0642
-74.0859
-74.1073
-74.1285
-74.1495
-74.1703
-74.1909
-74.2112
-74.2313
-74.2513
-74.271
-74.2905
-74.3098
-74.329
-74.3479
-74.3666
-74.3852
-74.4036
-74.4217
-74.4397
-74.4575
-74.4752
-74.4926
-74.5099
-74.527
-74.544
-74.5607
-74.5774
-74.5938
-74.6101
-74.6262
-74.6422
-74.658
-74.6736
-74.6891
-74.7045
-74.7197
-74.7347
-74.7496
-74.7644
-74.779
-74.7935
-74.8079
-74.8221
-74.8362
-74.8501
-74.864
-74.8777
-74.8913
-74.9047
-74.918
-74.9313
-74.9443
-74.9573
-74.9701
-74.9829
-74.9955
-75.008
-75.0204
-75.0327
-75.0448
-75.0569
-75.0688
-75.0806
-75.0924
-75.104
-75.1155
-75.1269
-75.1382
-75.1495
-75.1606
-75.1716
-75.1825
-75.1933
-75.204
-75.2147
-75.2252
-75.2356
-75.246
-75.2562
-75.2664
-75.2764
-75.2864
-75.2963
-75.3061
-75.3158
-75.3255
-75.335
-75.3445
-75.3538
-75.3631
-75.3724
-75.3815
-75.3906
-75.3995
-75.4084
-75.4172
-75.426
-75.4346
-75.4432
-75.4518
-75.4602
-75.4686
-75.4769
-75.4851
-75.4932
-75.5013
-75.5093
-75.5173
-75.5251
-75.533
-75.5407
-75.5484
-75.556
-75.5635
-75.571
-75.5784
-75.5858
-75.593
-75.6003
-75.6074
-75.6145
-75.6216
-75.6285
-75.6355
-75.6423
-75.6491
-75.6559
-75.6626
-75.6692
-75.6758
-75.6823
-75.6888
-75.6952
-75.7015
-75.7078
-75.7141
-75.7203
-75.7264
-75.7325
-75.7386
-75.7446
-75.7505
-75.7564
-75.7622
-75.768
-75.7738
-75.7795
-75.7851
-75.7907
-75.7963
-75.8018
-75.8072
-75.8127
-75.818
-75.8234
-75.8287
-75.8339
-75.8391
-75.8443
-75.8494
-75.8545
-75.8595
-75.8645
-75.8695
-75.8744
-75.8793
-75.8841
-75.8889
-75.8937
-75.8984
-75.9031
-75.9077
-75.9123
-75.9169
-75.9214
-75.9259
-75.9304
-75.9348
-75.9392
-75.9436
-75.9479
-75.9522
-75.9565
-75.9607
-75.9649
-75.969
-75.9731
-75.9772
-75.9813
-75.9853
-75.9893
-75.9933
-75.9972
-76.0011
-76.005
-76.0088
-76.0126
-76.0164
-76.0201
-76.0239
-76.0275
-76.0312
-76.0348
-76.0384
-76.042
-76.0456
-76.0491
-76.0526
-76.056
-76.0595
-76.0629
-76.0663
-76.0696
-76.0729
-76.0762
-76.0795
-76.0828
-76.086
-76.0892
-76.0924
-76.0955
-76.0986
-76.1017
-76.1048
-76.1079
-76.1109
-76.1139
-76.1169
-76.1198
-76.1228
-76.1257
-76.1286
-76.1314
-76.1343
-76.1371
-76.1399
-76.1427
-76.1455
-76.1482
-76.1509
-76.1536
-76.1563
-76.1589
-76.1615
-76.1642
-76.1667
-76.1693
-76.1719
-76.1744
-76.1769
-76.1794
-76.1819
-76.1843
-76.1868
-76.1892
-76.1916
-76.1939
-76.1963
-76.1986
-76.201
-76.2033
-76.2056
-76.2078
-76.2101
-76.2123
-76.2145
-76.2167
-76.2189
-76.2211
-76.2232
-76.2254
-76.2275
-76.2296
-76.2317
-76.2337
-76.2358
-76.2378
-76.2398
-76.2418
-76.2438
-76.2458
-76.2478
-76.2497
-76.2516
-76.2536
-76.2554
-76.2573
-76.2592
-76.2611
-76.2629
-76.2647
-76.2665
-76.2683
-76.2701
-76.2719
-76.2737
-76.2754
-76.2771
-76.2788
-76.2806
-76.2822
-76.2839
-76.2856
-76.2872
-76.2889
-76.2905
-76.2921
-76.2937
-76.2953
-76.2969
-76.2985
-76.3
-76.3016
-76.3031
-76.3046
-76.3061
-76.3076
-76.3091
-76.3106
-76.312
-76.3135
-76.3149
-76.3164
-76.3178
-76.3192
-76.3206
-76.322
-76.3233
-76.3247
-76.3261
-76.3274
-76.3287
-76.33
-76.3314
-76.3327
-76.334
-76.3352
-76.3365
-76.3378
-76.339
-76.3403
-76.3415
-76.3427
-76.3439
-76.3452
-76.3464
-76.3475
-76.3487
-76.3499
-76.351
-76.3522
-76.3533
-76.3545
-76.3556
-76.3567
-76.3578
-76.3589
-76.36
-76.3611
-76.3622
-76.3632
-76.3643
-76.3654
-76.3664
-76.3674
-76.3685
-76.3695
-76.3705
-76.3715
-76.3725
-76.3735
-76.3745
-76.3754
-76.3764
-76.3774
-76.3783
-76.3793
-76.3802
-76.3811
-76.382
-76.383
-76.3839
-76.3848
-76.3857
-76.3866
-76.3874
-76.3883
-76.3892
-76.39
-76.3909
-76.3917
-76.3926
-76.3934
-76.3943
-76.3951
-76.3959
-76.3967
-76.3975
-76.3983
-76.3991
-76.3999
-76.4007
-76.4014
-76.4022
-76.403
-76.4037
-76.4045
-76.4052
-76.406
-75.9818
-71.7886
-68.0041
-65.1549
-62.9445
-61.1211
-59.4257
-57.4468
-53.6233
46.3408
-5.00849
-36.5335
-77.8894
-79.0176
-78.9118
-78.78
-78.6355
-78.4783
-78.3089
-78.1277
-76.6415
-74.785
-73.6945
-72.9403
-72.3251
-71.7798
-71.2785
-70.8115
-70.3755
-69.9696
-69.617
-69.8573
-70.1216
-70.2867
-70.3882
-70.4503
-70.4881
-68.1975
-65.4612
-63.4702
-61.9818
-60.7889
-59.7377
-59.4669
-60.3455
-61.232
-62.0058
-63.3972
-65.1335
-66.4058
-67.6284
-69.0409
-70.0279
-70.704
-71.1822
-71.5465
-72.1858
-72.7034
-73.0643
-73.3227
-73.5131
-73.6571
-73.7686
-73.857
-73.9286
-73.9877
-74.0375
-74.0802
-74.1175
-74.1506
-74.1804
-74.2076
-74.2328
-72.8239
-68.933
-65.8632
-63.5782
-61.796
-60.2876
-58.8212
-57.0189
-53.4124
45.2849
-5.28782
-36.6499
-78.2615
-78.8954
-78.6214
-78.4508
-78.2709
-78.0767
-77.8684
-77.6468
-77.4134
-77.1699
-74.8424
-72.8269
-71.5327
-70.5944
-69.8453
-69.4189
-69.4351
-69.4017
-69.3145
-69.2028
-69.0834
-68.9657
-68.8556
-68.7561
-68.6691
-68.5954
-68.5353
-68.4884
-68.4793
-69.0969
-70.2544
-71.6912
-72.6323
-73.2437
-73.8565
-74.3002
-74.587
-74.8297
-75.0518
-75.1989
-75.2971
-75.3653
-75.4142
-75.4504
-75.4781
-75.4998
-75.5173
-75.5319
-75.5442
-75.5549
-75.5645
-75.5732
-75.5812
-75.5886
-75.5957
-75.6025
-75.6091
-75.6156
-75.6219
-75.6281
-75.6342
-75.6403
-75.6464
-75.6524
-75.6584
-75.6644
-75.6704
-75.6764
-75.6823
-75.6883
-75.6942
-75.7001
-75.706
-75.7119
-75.7178
-75.7236
-75.7294
-75.7353
-75.741
-75.7468
-75.7525
-75.7582
-75.7639
-75.7695
-75.7751
-75.7807
-75.7862
-75.7917
-75.7972
-75.8026
-75.808
-75.8133
-75.8186
-75.8239
-75.8291
-75.8344
-72.157
-68.2553
-65.3031
-63.0251
-61.1593
-59.4403
-57.4562
-53.6893
46.1845
-4.52326
-36.0174
-77.7857
-78.978
-78.8683
-78.7316
-78.5817
-78.4189
-78.2434
-78.0558
-77.4013
-75.1732
-73.7221
-72.8022
-72.0985
-71.4998
-70.9631
-70.4709
-70.3926
-69.0376
-67.1022
-65.7448
-64.7891
-64.0855
-63.5491
-63.1289
-62.7948
-62.5248
-61.7292
-59.8474
-58.6137
-58.6559
-58.7861
-58.9026
-59.7157
-61.7792
-64.3205
-66.0769
-67.2302
-68.0106
-68.556
-68.9495
-69.2423
-69.4666
-69.6436
-69.7872
-69.9069
-70.0093
-70.099
-70.1795
-70.2531
-70.3215
-70.3862
-70.448
-70.5078
-70.566
-70.6231
-70.6792
-70.7348
-70.7898
-70.8445
-70.8987
-70.9528
-71.0065
-71.06
-71.1132
-71.1661
-71.2188
-68.9148
-66.2531
-64.5707
-63.4165
-62.5896
-61.9731
-61.4975
-61.1161
-60.8025
-60.5369
-60.3023
-60.0897
-59.6083
-57.6272
-54.8463
-43.363
13.8595
-25.9569
-70.3066
-79.3127
-79.3769
-79.3043
-79.1192
-77.5131
-76.6938
-76.2403
-75.8777
-75.5327
-75.1906
-74.8504
-74.514
-74.1841
-73.8637
-73.5554
-73.2616
-72.9843
-72.725
-72.4847
-72.264
-72.0633
-71.8824
-71.7211
-71.5785
-71.454
-71.3467
-71.2554
-71.1791
-71.1167
-71.0671
-71.0292
-71.0019
-70.9842
-70.9751
-70.9737
-71.5996
-72.4012
-72.9889
-73.42
-73.7436
-73.9916
-74.1852
-74.3547
-74.624
-74.8432
-75.0052
-75.1277
-75.2222
-75.3468
-75.4608
-75.5446
-75.6072
-75.655
-75.6924
-75.7221
-75.7463
-75.7663
-75.7831
-75.7974
-75.8098
-75.8206
-75.8303
-75.8391
-75.847
-75.8544
-75.8612
-75.8676
-75.8737
-75.8795
-75.885
-75.8903
-75.8955
-75.9005
-75.9055
-75.9103
-75.915
-75.9196
-75.9242
-75.9287
-75.9331
-75.9375
-75.9419
-75.9462
-75.9505
-75.9547
-75.9589
-75.9631
-75.9672
-75.9713
-75.9753
-75.9794
-75.9834
-75.9874
-75.9913
-75.9952
-75.9991
-76.003
-76.0068
-76.0106
-76.0144
-76.0181
-72.7528
-68.7393
-65.6855
-63.3404
-61.4403
-59.7286
-57.8424
-54.666
7.73385
3.26888
-30.7261
-76.4274
-79.2734
-78.6869
-78.4684
-78.2866
-78.092
-77.8828
-77.6598
-77.4241
-77.1775
-75.3499
-73.2362
-71.8804
-70.9185
-70.1581
-69.5165
-68.9555
-68.4562
-68.0086
-66.0562
-63.9703
-63.3259
-62.9952
-62.7452
-62.5524
-62.4035
-62.2901
-62.2069
-60.787
-59.1186
-57.4709
-55.1833
-47.2319
21.7722
-22.5871
-64.4308
-79.3574
-79.5123
-79.4577
-79.3136
-79.0218
-78.8678
-78.746
-78.5244
-78.2913
-78.1175
-77.9664
-77.8247
-77.6888
-77.558
-77.4324
-77.3126
-77.1991
-77.0922
-76.9923
-76.8996
-76.8139
-76.7353
-76.6636
-76.5984
-76.5396
-76.4866
-76.4391
-76.3967
-76.3591
-76.3257
-76.2963
-76.2705
-76.2478
-76.2281
-76.2109
-76.1961
-76.1834
-76.1725
-76.1632
-76.1554
-76.1489
-76.1436
-76.1392
-76.1357
-76.133
-76.131
-76.1296
-76.1287
-75.3738
-71.1376
-67.4987
-64.7587
-62.6217
-60.8363
-59.1338
-57.0432
-52.3658
41.7054
-11.2374
-42.9366
-78.5874
-79.0925
-78.9891
-78.8664
-78.7319
-78.5857
-78.428
-77.8052

