-70
-69.8623
-69.7285
-69.5983
-69.4718
-69.3487
-69.2291
-69.1128
-68.9997
-68.8897
-68.7828
-68.6789
-68.5778
-68.4795
-68.3839
-68.291
-68.2007
-68.1128
-68.0274
-67.9443
-67.8636
-67.7851
-67.7087
-67.6345
-67.5623
-67.4921
-67.4238
-67.3574
-67.2929
-67.2301
-67.1691
-67.1098
-67.0521
-66.996
-66.9414
-66.8884
-66.8368
-66.7866
-66.7378
-66.6904
-66.6443
-66.5994
-66.5558
-66.5133
-66.4721
-66.432
-66.393
-66.355
-66.3181
-66.2823
-66.2474
-66.2134
-66.1805
-66.1484
-66.1172
-66.0868
-66.0573
-66.0286
-66.0007
-65.9736
-65.9472
-65.9215
-65.8966
-65.8723
-65.8487
-65.8257
-65.8034
-65.7817
-65.7606
-65.74
-65.72
-65.7006
-65.6817
-65.6633
-65.6455
-65.6281
-65.6112
-65.5948
-65.5788
-65.5632
-65.5481
-65.5334
-65.5191
-65.5052
-65.4917
-65.4785
-65.4657
-65.4533
-65.4412
-65.4294
-65.418
-65.4068
-65.396
-65.3855
-65.3752
-65.3653
-65.3556
-65.3462
-65.337
-65.3281
-65.3194
-65.311
-65.3028
-65.2948
-65.2871
-65.2795
-65.2722
-65.2651
-65.2581
-65.2514
-65.2448
-65.2385
-65.2322
-65.2262
-65.2203
-65.2146
-65.2091
-65.2037
-65.1984
-65.1933
-65.1884
-65.1835
-65.1788
-65.1743
-65.1698
-65.1655
-65.1613
-65.1572
-65.1532
-65.1493
-65.1456
-65.1419
-65.1384
-65.1349
-65.1315
-65.1283
-65.1251
-65.122
-65.119
-65.1161
-65.1132
-65.1104
-65.1077
-65.1051
-65.1026
-65.1001
-65.0977
-65.0953
-65.0931
-65.0908
-65.0887
-65.0866
-65.0845
-65.0826
-65.0806
-65.0788
-65.0769
-65.0752
-65.0734
-65.0718
-65.0701
-65.0685
-65.067
-65.0655
-65.064
-65.0626
-65.0612
-65.0599
-65.0586
-65.0573
-65.0561
-65.0549
-65.0537
-65.0526
-65.0514
-65.0504
-65.0493
-65.0483
-65.0473
-65.0464
-65.0454
-65.0445
-65.0436
-65.0428
-65.0419
-65.0411
-65.0403
-65.0395
-65.0388
-65.0381
-65.0374
-65.0367
-65.036
-65.0353
-65.0347
-65.0341
-65.0335
-65.0329
-65.0323
-65.0318
-65.0313
-65.0307
-65.0302
-65.0297
-65.0293
-65.0288
-65.0283
-65.0279
-65.0275
-65.027
-65.0266
-65.0262
-65.0259
-65.0255
-65.0251
-65.0248
-65.0244
-65.0241
-65.0238
-65.0234
-65.0231
-65.0228
-65.0225
-65.0223
-65.022
-65.0217
-65.0215
-65.0212
-65.021
-65.0207
-65.0205
-65.0203
-65.02
-65.0198
-65.0196
-65.0194
-65.0192
-65.019
-65.0188
-65.0187
-65.0185
-65.0183
-65.0181
-65.018
-65.0178
-65.0177
-65.0175
-65.0174
-65.0172
-65.0171
-65.017
-65.0168
-65.0167
-65.0166
-65.0165
-65.0163
-65.0162
-65.0161
-65.016
-65.0159
-65.0158
-65.0157
-65.0156
-65.0155
-65.0154
-65.0153
-65.0153
-65.0152
-65.0151
-65.015
-65.0149
-65.0149
-65.0148
-65.0147
-65.0147
-65.0146
-65.0145
-65.0145
-65.0144
-65.0143
-65.0143
-65.0142
-65.0142
-65.0141
-65.0141
-65.014
-65.014
-65.0139
-65.0139
-65.0138
-65.0138
-65.0137
-65.0137
-65.0137
-65.0136
-65.0136
-65.0135
-65.0135
-65.0135
-65.0134
-65.0134
-65.0134
-65.0133
-65.0133
-65.0133
-65.0133
-65.0132
-65.0132
-65.0132
-65.0131
-65.0131
-65.0131
-65.0131
-65.0131
-65.013
-65.013
-65.013
-65.013
-65.0129
-65.0129
-65.0129
-65.0129
-65.0129
-65.0129
-65.0128
-65.0128
-65.0128
-65.0128
-65.0128
-65.0128
-65.0127
-65.0127
-65.0127
-65.0127
-65.0127
-65.0127
-65.0127
-65.0127
-65.0126
-65.0126
-65.0126
-65.0126
-65.0126
-65.0126
-65.0126
-65.0126
-65.0126
-65.0126
-65.0125
-65.0125
-65.0125
-65.0125
-65.0125
-65.0125
-65.0125
-65.0125
-65.0125
-65.0125
-65.0125
-65.0125
-65.0125
-65.0124
-65.0124
-65.0124
-65.0124
-65.0124
-65.0124
-65.0124
-65.0124
-65.0124
-65.0124
-65.0124
-65.0124
-65.0124
-65.0124
-65.0124
-65.0124
-65.0124
-65.0124
-65.0124
-65.0124
-65.0124
-65.0124
-65.0124
-65.0123
-65.0123
-65.0123
-65.0123
-65.0123
-65.0123
-65.0123
-65.0123
-65.0123
-65.0123
-65.0123
-65.0123
-65.0123
-65.0123
-65.0123
-65.0123
-65.0123
-65.0123
-65.0123
-65.0123
-65.0123
-65.0123
-65.0123
-65.0123
-65.0123
-65.0123
-65.0123
-65.0123
-65.0123
-65.0123
-65.0123
-65.0123
-65.0123
-65.0123
-65.0123
-65.0123
-65.0123
-65.0123
-65.0123
-65.0123
-65.0123
-65.0123
-65.0123
-65.0123
-65.0123
-65.0123
-65.0123
-65.0123
-65.0123
-65.0123
-65.0123
-65.0123
-65.0123
-65.0123
-65.0123
-65.0123
-65.0123
-65.0123
-65.0123
-65.0123
-65.0123
-65.0123
-65.0123
-65.0123
-65.0123
-65.0123
-65.0123
-65.0123
-65.0123
-65.0123
-65.0123
-65.0123
-65.0123
-65.0123
-64.9505
-64.8995
-64.8615
-64.8344
-64.8133
-64.7964
-64.7828
-64.772
-64.7634
-64.7568
-64.7518
-64.7482
-64.7458
-64.7444
-64.7439
-64.7441
-64.745
-64.7465
-64.7484
-64.7508
-64.7534
-64.7564
-64.7596
-64.763
-64.7666
-64.7703
-64.7742
-64.7781
-64.7821
-64.7861
-64.7902
-64.7942
-64.7983
-64.8024
-64.728
-64.5428
-64.4186
-64.326
-64.2594
-64.2073
-64.1662
-64.1339
-64.109
-64.0903
-64.0767
-64.0676
-64.0622
-64.06
-64.0606
-64.0635
-64.0685
-64.0751
-64.0832
-63.9588
-63.8727
-63.7752
-63.3703
-62.9381
-62.4297
-61.8536
-61.3088
-60.269
-59.3671
-58.5423
-57.8018
-57.0714
-56.5374
-56.1283
-55.5291
-54.8823
-54.3062
-53.5855
-53.0657
-52.5817
-52.2001
-51.9051
-51.6772
-51.5005
-51.3649
-51.2645
-51.1947
-51.1065
-50.9994
-50.8827
-50.7369
-50.5666
-50.4498
-50.3749
-50.333
-50.3154
-50.3184
-50.3397
-50.3713
-50.3812
-50.3916
-50.4147
-50.4621
-50.5283
-50.6104
-50.6697
-50.7405
-50.8303
-50.9368
-51.0189
-51.1117
-51.2228
-51.3496
-51.4886
-51.6378
-51.7637
-51.8803
-51.9267
-52.0074
-52.0779
-52.179
-52.2977
-52.4313
-52.5759
-52.7296
-52.8065
-52.9018
-53.0184
-53.1431
-53.1662
-53.1079
-53.0377
-52.9782
-52.9329
-52.83
-52.648
-52.5398
-52.4488
-52.2848
-51.9937
-51.6291
-51.2355
-50.7908
-50.3317
-49.8754
-49.4492
-48.9654
-48.3612
-47.6826
-46.925
-46.1353
-45.2459
-44.0834
-42.2513
-37.9708
12.9409
22.2609
-20.2346
-47.8795
-57.9444
-60.5072
-61.1487
-61.226
-61.1208
-60.9216
-60.7318
-60.565
-60.4265
-60.314
-60.225
-60.157
-60.1074
-60.0737
-60.0539
-60.0461
-60.0486
-60.0602
-60.0794
-60.1054
-60.1371
-60.1738
-60.2148
-60.2596
-60.3074
-60.358
-60.4107
-60.4653
-60.5214
-60.5788
-60.6371
-60.6961
-60.7556
-60.8155
-60.8755
-60.9356
-60.9956
-61.0553
-61.1147
-61.1738
-61.2323
-61.2903
-61.3477
-61.4044
-61.4604
-61.5157
-61.5701
-61.6238
-61.6767
-61.7287
-61.7798
-61.8301
-61.8795
-61.928
-61.9756
-62.0223
-62.0682
-62.1131
-62.1572
-62.2004
-62.2428
-62.2843
-62.325
-62.3648
-62.4038
-62.442
-62.4795
-62.5161
-62.552
-62.5871
-62.6215
-62.6068
-62.4197
-62.3048
-62.2249
-62.1755
-62.1271
-61.9936
-61.9038
-61.8408
-61.801
-61.7718
-61.5739
-61.2121
-60.8803
-60.452
-59.8582
-58.8754
-57.6188
-56.6907
-55.9265
-55.3429
-54.8902
-54.3147
-53.885
-53.3052
-52.8008
-52.4263
-52.1472
-51.9369
-51.7462
-51.5608
-51.4297
-51.3254
-51.243
-51.1955
-51.1306
-51.0731
-51.0254
-50.9967
-50.9688
-50.8623
-50.7285
-50.6351
-50.5832
-50.5355
-50.4565
-50.2725
-50.0756
-49.9104
-49.7506
-49.6404
-49.5623
-49.4821
-49.3886
-49.3091
-49.1923
-49.1103
-49.0497
-49.0084
-48.9806
-48.9644
-48.9589
-48.9634
-48.9775
-49.001
-49.0336
-49.0752
-49.0921
-49.1208
-49.1628
-49.2176
-49.283
-49.3585
-49.4441
-49.5332
-49.5952
-49.6786
-49.7185
-49.752
-49.7597
-49.7724
-49.7714
-49.6756
-49.5712
-49.3614
-49.1358
-48.954
-48.6943
-48.3772
-48.1062
-47.7964
-47.384
-46.8747
-46.2922
-45.5433
-44.375
-42.5044
-38.6468
-5.95266
27.7491
-17.9611
-47.4477
-58.6519
-61.3726
-61.9685
-61.9157
-61.6215
-61.2346
-60.8864
-60.5876
-60.3393
-60.1005
-59.881
-59.6287
-59.3949
-59.089
-58.8038
-58.5341
-58.2189
-57.9777
-57.787
-57.6348
-57.5068
-57.4041
-57.3403
-57.3057
-57.295
-57.3034
-57.3277
-57.3656
-57.4151
-57.4745
-57.5422
-57.6171
-57.6982
-57.7843
-57.8748
-57.9689
-58.0659
-58.1653
-58.2665
-58.3691
-58.4728
-58.5772
-58.6819
-58.7868
-58.8916
-58.996
-59.0998
-59.203
-59.3054
-59.4069
-59.5074
-59.6067
-59.7048
-59.8016
-59.8971
-59.9912
-60.0837
-60.1748
-60.2644
-60.3524
-60.4389
-60.5238
-60.6071
-60.6889
-60.7691
-60.8477
-60.9247
-61.0002
-61.0741
-61.1465
-61.2174
-61.2868
-61.3547
-61.4211
-61.4861
-61.5497
-61.6118
-61.6727
-61.7321
-61.7903
-61.8471
-61.9027
-61.957
-62.0101
-62.062
-62.1127
-62.1622
-62.2106
-62.2579
-62.3041
-62.3493
-62.3934
-62.4365
-62.4787
-62.5198
-62.56
-62.5993
-62.6377
-62.6752
-62.7118
-62.7442
-62.7258
-62.5747
-62.1111
-61.7992
-61.4839
-61.2401
-61.0596
-60.8843
-60.6362
-60.3174
-60.011
-59.6689
-59.3875
-59.1853
-58.9228
-57.9151
-56.6262
-55.7045
-55.0429
-54.5403
-53.9747
-53.5419
-53.107
-52.7517
-52.4706
-52.2617
-52.0823
-51.9466
-51.8526
-51.7944
-51.766
-51.7141
-51.4494
-51.2125
-50.8968
-50.6435
-50.4251
-50.259
-50.1153
-50.0141
-49.9374
-49.8544
-49.8024
-49.7735
-49.704
-49.5111
-49.3257
-49.1778
-49.07
-48.9868
-48.892
-48.8081
-48.7398
-48.6459
-48.5686
-48.5022
-48.416
-48.3374
-48.2402
-48.133
-48.0309
-47.9079
-47.7599
-47.6073
-47.4403
-47.2502
-47.0243
-46.7488
-46.3869
-45.9001
-45.2391
-44.2533
-42.5374
-38.2252
14.7258
19.4997
-24.4044
-53.3998
-62.7609
-65.2686
-66.0389
-66.2477
-66.1579
-65.9779
-65.8086
-65.6569
-65.5222
-65.4014
-65.2931
-65.1396
-64.9061
-64.6622
-64.4743
-64.3235
-64.1996
-64.0565
-63.8531
-63.5672
-63.2347
-62.6908
-62.0993
-61.3107
-60.5654
-59.8989
-59.2779
-58.6962
-58.202
-57.3845
-56.6443
-56.069
-55.6228
-55.2665
-54.909
-54.6354
-54.3542

