-70
-69.8623
-69.7285
-69.5983
-69.4718
-69.3487
-69.2291
-69.1128
-68.9997
-68.8897
-68.7828
-68.6789
-68.5778
-68.4795
-68.3839
-68.291
-68.2007
-68.1128
-68.0274
-67.9443
-67.8636
-67.7851
-67.7087
-67.6345
-67.5623
-67.4921
-67.4238
-67.3574
-67.2929
-67.2301
-67.1691
-67.1098
-67.0521
-66.996
-66.9414
-66.8884
-66.8368
-66.7866
-66.7378
-66.6904
-66.6443
-66.5994
-66.5558
-66.5133
-66.4721
-66.432
-66.393
-66.355
-66.3181
-66.2823
-66.2474
-66.2134
-66.1805
-66.1484
-66.1172
-66.0868
-66.0573
-66.0286
-66.0007
-65.9736
-65.9472
-65.9215
-65.8966
-65.8723
-65.8487
-65.8257
-65.8034
-65.7817
-65.7606
-65.74
-65.72
-65.7006
-65.6817
-65.6633
-65.6455
-65.6281
-65.6112
-65.5948
-65.5788
-65.5632
-65.5481
-65.5334
-65.5191
-65.5052
-65.4917
-65.4785
-65.4657
-65.4533
-65.4412
-65.4294
-65.418
-65.4068
-65.396
-65.3855
-65.3752
-65.3653
-65.3556
-65.3462
-65.337
-65.3281
-65.3194
-65.311
-65.3028
-65.2948
-65.2871
-65.2795
-65.2722
-65.2651
-65.2581
-65.2514
-65.2448
-65.2385
-65.2322
-65.2262
-65.2203
-65.2146
-65.2091
-65.2037
-65.1984
-65.1933
-65.1884
-65.1835
-65.1788
-65.1743
-65.1698
-65.1655
-65.1613
-65.1572
-65.1532
-65.1493
-65.1456
-65.1419
-65.1384
-65.1349
-65.1315
-65.1283
-65.1251
-65.122
-65.119
-65.1161
-65.1132
-65.1104
-65.1077
-65.1051
-65.1026
-65.1001
-65.0977
-65.0953
-65.0931
-65.0908
-65.0887
-65.0866
-65.0845
-65.0826
-65.0806
-65.0788
-65.0769
-65.0752
-65.0734
-65.0718
-65.0701
-65.0685
-65.067
-65.0655
-65.064
-65.0626
-65.0612
-65.0599
-65.0586
-65.0573
-65.0561
-65.0549
-65.0537
-65.0526
-65.0514
-65.0504
-65.0493
-65.0483
-65.0473
-65.0464
-65.0454
-65.0445
-65.0436
-65.0428
-65.0419
-65.0411
-65.0403
-65.0395
-65.0388
-65.0381
-65.0374
-65.0367
-65.036
-65.0353
-65.0347
-65.0341
-65.0335
-65.0329
-65.0323
-65.0318
-65.0313
-65.0307
-65.0302
-65.0297
-65.0293
-65.0288
-65.0283
-65.0279
-65.0275
-65.027
-65.0266
-65.0262
-65.0259
-65.0255
-65.0251
-65.0248
-65.0244
-65.0241
-65.0238
-65.0234
-65.0231
-65.0228
-65.0225
-65.0223
-65.022
-65.0217
-65.0215
-65.0212
-65.021
-65.0207
-65.0205
-65.0203
-65.02
-65.0198
-65.0196
-65.0194
-65.0192
-65.019
-65.0188
-65.0187
-65.0185
-65.0183
-65.0181
-65.018
-65.0178
-65.0177
-65.0175
-65.0174
-65.0172
-65.0171
-65.017
-65.0168
-65.0167
-65.0166
-65.0165
-65.0163
-65.0162
-65.0161
-65.016
-65.0159
-65.0158
-65.0157
-65.0156
-65.0155
-65.0154
-65.0153
-65.0153
-65.0152
-65.0151
-65.015
-65.0149
-65.0149
-65.0148
-65.0147
-65.0147
-65.0146
-65.0145
-65.0145
-65.0144
-65.0143
-65.0143
-65.0142
-65.0142
-65.0141
-65.0141
-65.014
-65.014
-65.0139
-65.0139
-65.0138
-65.0138
-65.0137
-65.0137
-65.0137
-65.0136
-65.0136
-65.0135
-65.0135
-65.0135
-65.0134
-65.0134
-65.0134
-65.0133
-65.0133
-65.0133
-65.0133
-65.0132
-65.0132
-65.0132
-65.0131
-65.0131
-65.0131
-65.0131
-65.0131
-65.013
-65.013
-65.013
-65.013
-65.0129
-65.0129
-65.0129
-65.0129
-65.0129
-65.0129
-65.0128
-65.0128
-65.0128
-65.0128
-65.0128
-65.0128
-65.0127
-65.0127
-65.0127
-65.0127
-65.0127
-65.0127
-65.0127
-65.0127
-65.0126
-65.0126
-65.0126
-65.0126
-65.0126
-65.0126
-65.0126
-65.0126
-65.0126
-65.0126
-65.0125
-65.0125
-65.0125
-65.0125
-65.0125
-65.0125
-65.0125
-65.0125
-65.0125
-65.0125
-65.0125
-65.0125
-65.0125
-65.0124
-65.0124
-65.0124
-65.0124
-65.0124
-65.0124
-65.0124
-65.0124
-65.0124
-65.0124
-65.0124
-65.0124
-65.0124
-65.0124
-65.0124
-65.0124
-65.0124
-65.0124
-65.0124
-65.0124
-65.0124
-65.0124
-65.0124
-65.0123
-65.0123
-65.0123
-65.0123
-65.0123
-65.0123
-65.0123
-65.0123
-65.0123
-65.0123
-65.0123
-65.0123
-65.0123
-65.0123
-65.0123
-65.0123
-65.0123
-65.0123
-65.0123
-65.0123
-65.0123
-65.0123
-65.0123
-65.0123
-65.0123
-65.0123
-65.0123
-65.0123
-65.0123
-65.0123
-65.0123
-65.0123
-65.0123
-65.0123
-65.0123
-65.0123
-65.0123
-65.0123
-65.0123
-65.0123
-65.0123
-65.0123
-65.0123
-65.0123
-65.0123
-65.0123
-65.0123
-65.0123
-65.0123
-65.0123
-65.0123
-65.0123
-65.0123
-65.0123
-65.0123
-65.0123
-65.0123
-65.0123
-65.0123
-65.0123
-65.0123
-65.0123
-65.0123
-65.0123
-65.0123
-65.0123
-65.0123
-65.0123
-65.0123
-65.0123
-65.0123
-65.0123
-65.0123
-65.0123
-64.7657
-64.5631
-64.4124
-64.305
-64.2215
-64.1548
-64.1013
-64.0585
-64.0247
-63.9986
-63.9789
-63.9648
-63.9553
-63.9499
-63.9479
-63.9489
-63.9525
-63.9582
-63.9658
-63.975
-63.9855
-63.9972
-64.0098
-64.0233
-64.0374
-64.052
-64.0671
-64.0826
-64.0983
-64.1142
-64.1302
-64.1463
-64.1624
-64.1784
-64.1168
-63.9452
-63.834
-63.7539
-63.6995
-63.6593
-63.6297
-63.6088
-63.595
-63.5872
-63.5843
-63.5856
-63.5904
-63.5983
-63.6087
-63.6212
-63.6355
-63.6513
-63.6395
-63.4068
-63.2067
-62.975
-62.1783
-61.5943
-61.026
-60.4094
-59.8578
-59.096
-58.4454
-57.6358
-57.0634
-56.6307
-56.3084
-56.0608
-55.707
-55.3524
-55.0615
-54.6129
-54.2987
-53.7984
-53.3841
-53.0725
-52.8015
-52.5834
-52.4056
-52.2757
-52.1184
-52.0178
-51.9439
-51.8848
-51.8614
-51.7156
-51.6206
-51.5705
-51.561
-51.579
-51.619
-51.6781
-51.754
-51.8449
-51.9068
-51.9909
-52.0899
-52.1628
-52.2602
-52.374
-52.5027
-52.6421
-52.7901
-52.9456
-53.0843
-53.2088
-53.3499
-53.487
-53.5836
-53.6917
-53.8175
-53.9573
-54.1061
-54.2612
-54.4054
-54.5299
-54.6691
-54.8104
-54.9232
-55.0453
-55.0989
-55.1428
-55.1506
-55.1961
-55.2178
-55.2284
-55.2253
-55.1858
-54.9738
-54.743
-54.4723
-54.2731
-54.1185
-54.0335
-53.9419
-53.8586
-53.6577
-53.2874
-53.0073
-52.6929
-52.061
-51.4045
-50.8301
-50.3725
-49.9815
-49.6577
-49.3876
-49.1564
-48.9183
-48.6648
-48.3597
-48.0402
-47.7081
-47.3679
-46.9872
-46.5083
-45.925
-45.1157
-43.973
-42.0454
-37.0056
28.7786
15.0459
-24.9889
-51.0449
-59.4393
-61.7818
-62.5619
-62.8502
-62.9425
-62.954
-62.9341
-62.9046
-62.8747
-62.8481
-62.8263
-62.8093
-62.7969
-62.7888
-62.7844
-62.7833
-62.7851
-62.7895
-62.7962
-62.8047
-62.8151
-62.8268
-62.8399
-62.8541
-62.8693
-62.8853
-62.9021
-62.9194
-62.9372
-62.9555
-62.974
-62.9928
-63.0118
-63.0309
-63.0501
-63.0693
-63.0886
-63.1077
-63.1268
-63.1458
-63.1646
-63.1833
-63.2018
-63.2202
-63.2383
-63.2562
-63.2739
-63.2914
-63.3086
-63.3256
-63.3423
-63.3588
-63.375
-63.391
-63.4067
-63.4222
-63.4374
-63.4524
-63.4671
-63.4625
-63.3146
-63.2078
-63.1309
-63.0795
-63.0209
-62.8588
-62.7088
-62.601
-62.4986
-62.351
-62.0871
-61.8517
-61.6477
-61.4995
-61.0682
-60.3057
-59.5067
-58.8392
-58.069
-57.3925
-56.8861
-56.3019
-55.8322
-55.1534
-54.5892
-54.176
-53.8733
-53.6483
-53.4337
-53.2147
-53.0385
-52.915
-52.8384
-52.7699
-52.7345
-52.6651
-52.6219
-52.5861
-52.5851
-52.5521
-52.5561
-52.5887
-52.6472
-52.7003
-52.6987
-52.6147
-52.519
-52.4851
-52.4952
-52.5377
-52.564
-52.5828
-52.5827
-52.6157
-52.6327
-52.6212
-52.6516
-52.6701
-52.7252
-52.8034
-52.9013
-52.9814
-53.0816
-53.1974
-53.3051
-53.4049
-53.5246
-53.6576
-53.8015
-53.953
-54.1106
-54.273
-54.4393
-54.6089
-54.7809
-54.9546
-55.1225
-55.2551
-55.3889
-55.4611
-55.551
-55.4791
-55.3624
-55.1722
-54.9263
-54.7198
-54.4712
-54.2183
-53.9572
-53.6949
-53.5307
-53.4058
-53.3199
-53.2616
-53.1173
-52.9853
-52.7924
-52.6032
-52.2925
-51.9935
-51.5677
-51.1726
-50.8534
-50.5535
-50.3163
-50.1233
-49.9617
-49.8127
-49.6932
-49.5377
-49.3913
-49.2553
-49.0901
-48.9371
-48.7242
-48.5094
-48.295
-47.9505
-47.6114
-47.2785
-46.9045
-46.4835
-45.9513
-45.2524
-44.2391
-42.577
-38.7376
-0.443491
25.8166
-19.636
-49.401
-60.4404
-63.4827
-64.4629
-64.8151
-64.9247
-64.935
-64.9055
-64.8615
-64.8135
-64.7661
-64.7211
-64.679
-64.6399
-64.6038
-64.5704
-64.5395
-64.5109
-64.4845
-64.46
-64.4373
-64.4162
-64.3967
-64.3785
-64.3616
-64.3459
-64.3313
-64.3177
-64.3051
-64.2933
-64.2823
-64.2721
-64.2625
-64.2537
-64.2454
-64.2376
-64.2304
-64.2237
-64.2174
-64.2115
-64.206
-64.2009
-64.1962
-64.1917
-64.1876
-64.1838
-64.1802
-64.1769
-64.1739
-64.171
-64.1684
-64.166
-64.1638
-64.1618
-64.1599
-64.1582
-64.1567
-64.1554
-64.1541
-64.1531
-64.1521
-64.1513
-64.1506
-64.1501
-64.1496
-64.1493
-64.1491
-64.1489
-64.1489
-64.149
-64.1491
-64.1494
-64.1458
-63.9854
-63.8229
-63.6863
-63.5181
-63.3455
-63.2186
-63.1066
-62.9068
-62.7016
-62.4464
-62.1511
-61.9014
-61.7186
-61.4434
-60.0976
-58.7808
-57.841
-57.1681
-56.6558
-56.1601
-55.7739
-55.2416
-54.7891
-54.4559
-54.2118
-54.0019
-53.8513
-53.7464
-53.6811
-53.6271
-53.5019
-53.3496
-53.2613
-53.1287
-52.9901
-52.8999
-52.8496
-52.8106
-52.808
-52.7974
-52.8215
-52.8702
-52.9406
-52.9663
-52.7974
-52.7013
-52.662
-52.6716
-52.7112
-52.7736
-52.8546
-52.9517
-53.0626
-53.1853
-53.3182
-53.4602
-53.5441
-53.5976
-53.6842
-53.7925
-53.9176
-54.0532
-54.1942
-54.299
-54.4231
-54.5587
-54.7042
-54.8559
-55.0119
-55.1713
-55.3333
-55.497
-55.6619
-55.8276
-55.9934
-56.1588
-56.2765
-56.3745
-56.3099
-56.2524
-56.2226
-56.1967
-56.2067
-56.2458
-56.3067
-56.3829
-56.4709
-56.5684
-56.6736
-56.777
-56.8431
-56.9038
-56.964
-56.984
-56.9684
-56.87
-56.7034
-56.4343
-56.0958
-55.8214
-55.5125
-55.1909
-54.7361
-54.3174
-53.9119
-53.5234
-53.0115
-52.5166
-52.1322
-51.8437
-51.6098
-51.4395
-51.2937
-51.0004

