-70
-70.0758
-70.1508
-70.225
-70.2983
-70.3706
-70.4419
-70.5122
-70.5814
-70.6496
-70.7168
-70.7829
-70.848
-70.9121
-70.9752
-71.0373
-71.0984
-71.1586
-71.2178
-71.2761
-71.3334
-71.3899
-71.4455
-71.5003
-71.5543
-71.6074
-71.6598
-71.7114
-71.7623
-71.8124
-71.8619
-71.9106
-71.9587
-72.006
-72.0527
-72.0988
-72.1442
-72.1889
-72.2331
-72.2766
-72.3196
-72.362
-72.4038
-72.445
-72.4857
-72.5258
-72.5654
-72.6045
-72.6431
-72.6812
-72.7188
-72.756
-72.7927
-72.8289
-72.8647
-72.9
-72.9349
-72.9694
-73.0035
-73.0371
-73.0704
-73.1032
-73.1357
-73.1678
-73.1994
-73.2307
-73.2617
-73.2922
-73.3224
-73.3523
-73.3817
-73.4109
-73.4397
-73.4682
-73.4963
-73.5241
-73.5516
-73.5788
-73.6057
-73.6323
-73.6585
-73.6845
-73.7102
-73.7356
-73.7608
-73.7857
-73.8103
-73.8346
-73.8587
-73.8825
-73.9061
-73.9294
-73.9524
-73.9753
-73.9979
-74.0202
-74.0423
-74.0642
-74.0859
-74.1073
-74.1285
-74.1495
-74.1703
-74.1909
-74.2112
-74.2313
-74.2513
-74.271
-74.2905
-74.3098
-74.329
-74.3479
-74.3666
-74.3852
-74.4036
-74.4217
-74.4397
-74.4575
-74.4752
-74.4926
-74.5099
-74.527
-74.544
-74.5607
-74.5774
-74.5938
-74.6101
-74.6262
-74.6422
-74.658
-74.6736
-74.6891
-74.7045
-74.7197
-74.7347
-74.7496
-74.7644
-74.779
-74.7935
-74.8079
-74.8221
-74.8362
-74.8501
-74.864
-74.8777
-74.8913
-74.9047
-74.918
-74.9313
-74.9443
-74.9573
-74.9701
-74.9829
-74.9955
-75.008
-75.0204
-75.0327
-75.0448
-75.0569
-75.0688
-75.0806
-75.0924
-75.104
-75.1155
-75.1269
-75.1382
-75.1495
-75.1606
-75.1716
-75.1825
-75.1933
-75.204
-75.2147
-75.2252
-75.2356
-75.246
-75.2562
-75.2664
-75.2764
-75.2864
-75.2963
-75.3061
-75.3158
-75.3255
-75.335
-75.3445
-75.3538
-75.3631
-75.3724
-75.3815
-75.3906
-75.3995
-75.4084
-75.4172
-75.426
-75.4346
-75.4432
-75.4518
-75.4602
-75.4686
-75.4769
-75.4851
-75.4932
-75.5013
-75.5093
-75.5173
-75.5251
-75.533
-75.5407
-75.5484
-75.556
-75.5635
-75.571
-75.5784
-75.5858
-75.593
-75.6003
-75.6074
-75.6145
-75.6216
-75.6285
-75.6355
-75.6423
-75.6491
-75.6559
-75.6626
-75.6692
-75.6758
-75.6823
-75.6888
-75.6952
-75.7015
-75.7078
-75.7141
-75.7203
-75.7264
-75.7325
-75.7386
-75.7446
-75.7505
-75.7564
-75.7622
-75.768
-75.7738
-75.7795
-75.7851
-75.7907
-75.7963
-75.8018
-75.8072
-75.8127
-75.818
-75.8234
-75.8287
-75.8339
-75.8391
-75.8443
-75.8494
-75.8545
-75.8595
-75.8645
-75.8695
-75.8744
-75.8793
-75.8841
-75.8889
-75.8937
-75.8984
-75.9031
-75.9077
-75.9123
-75.9169
-75.9214
-75.9259
-75.9304
-75.9348
-75.9392
-75.9436
-75.9479
-75.9522
-75.9565
-75.9607
-75.9649
-75.969
-75.9731
-75.9772
-75.9813
-75.9853
-75.9893
-75.9933
-75.9972
-76.0011
-76.005
-76.0088
-76.0126
-76.0164
-76.0201
-76.0239
-76.0275
-76.0312
-76.0348
-76.0384
-76.042
-76.0456
-76.0491
-76.0526
-76.056
-76.0595
-76.0629
-76.0663
-76.0696
-76.0729
-76.0762
-76.0795
-76.0828
-76.086
-76.0892
-76.0924
-76.0955
-76.0986
-76.1017
-76.1048
-76.1079
-76.1109
-76.1139
-76.1169
-76.1198
-76.1228
-76.1257
-76.1286
-76.1314
-76.1343
-76.1371
-76.1399
-76.1427
-76.1455
-76.1482
-76.1509
-76.1536
-76.1563
-76.1589
-76.1615
-76.1642
-76.1667
-76.1693
-76.1719
-76.1744
-76.1769
-76.1794
-76.1819
-76.1843
-76.1868
-76.1892
-76.1916
-76.1939
-76.1963
-76.1986
-76.201
-76.2033
-76.2056
-76.2078
-76.2101
-76.2123
-76.2145
-76.2167
-76.2189
-76.2211
-76.2232
-76.2254
-76.2275
-76.2296
-76.2317
-76.2337
-76.2358
-76.2378
-76.2398
-76.2418
-76.2438
-76.2458
-76.2478
-76.2497
-76.2516
-76.2536
-76.2554
-76.2573
-76.2592
-76.2611
-76.2629
-76.2647
-76.2665
-76.2683
-76.2701
-76.2719
-76.2737
-76.2754
-76.2771
-76.2788
-76.2806
-76.2822
-76.2839
-76.2856
-76.2872
-76.2889
-76.2905
-76.2921
-76.2937
-76.2953
-76.2969
-76.2985
-76.3
-76.3016
-76.3031
-76.3046
-76.3061
-76.3076
-76.3091
-76.3106
-76.312
-76.3135
-76.3149
-76.3164
-76.3178
-76.3192
-76.3206
-76.322
-76.3233
-76.3247
-76.3261
-76.3274
-76.3287
-76.33
-76.3314
-76.3327
-76.334
-76.3352
-76.3365
-76.3378
-76.339
-76.3403
-76.3415
-76.3427
-76.3439
-76.3452
-76.3464
-76.3475
-76.3487
-76.3499
-76.351
-76.3522
-76.3533
-76.3545
-76.3556
-76.3567
-76.3578
-76.3589
-76.36
-76.3611
-76.3622
-76.3632
-76.3643
-76.3654
-76.3664
-76.3674
-76.3685
-76.3695
-76.3705
-76.3715
-76.3725
-76.3735
-76.3745
-76.3754
-76.3764
-76.3774
-76.3783
-76.3793
-76.3802
-76.3811
-76.382
-76.383
-76.3839
-76.3848
-76.3857
-76.3866
-76.3874
-76.3883
-76.3892
-76.39
-76.3909
-76.3917
-76.3926
-76.3934
-76.3943
-76.3951
-76.3959
-76.3967
-76.3975
-76.3983
-76.3991
-76.3999
-76.4007
-76.4014
-76.4022
-76.403
-76.4037
-76.4045
-76.4052
-76.406
-76.4067
-76.4074
-73.0964
-69.0272
-65.9309
-63.5565
-61.6425
-59.9397
-58.1142
-55.2494
-31.3797
9.73798
-27.4461
-73.5564
-79.0274
-78.9617
-78.8359
-78.6967
-78.5451
-78.3812
-78.2055
-77.1501
-75.153
-73.9654
-73.1817
-72.5563
-72.0065
-71.5018
-71.031
-70.5904
-70.179
-69.7973
-69.4457
-69.6224
-69.9598
-70.192
-70.7647
-71.3447
-71.2677
-69.6821
-69.163
-69.4142
-69.7257
-69.89
-69.9814
-70.0383
-70.0779
-70.1091
-70.1361
-70.1615
-70.1866
-70.2122
-70.2387
-70.2666
-70.2959
-70.3267
-70.3591
-70.3931
-70.4287
-70.4658
-70.5043
-70.5442
-70.5855
-70.6279
-70.6715
-70.7161
-70.7617
-70.8081
-70.8553
-70.9031
-70.9514
-71.0002
-71.0494
-71.0989
-71.1486
-71.1985
-71.2484
-68.9184
-65.5279
-62.9171
-60.8502
-59.0049
-56.9137
-52.8472
45.2984
-8.46027
-39.615
-78.5262
-78.8406
-78.5888
-78.4167
-78.2337
-78.0362
-77.8246
-77.5999
-77.3634
-76.6581
-74.2231
-72.5035
-71.6751
-71.1603
-70.7274
-70.4724
-70.5833
-70.6211
-70.5893
-70.6989
-71.4678
-72.2565
-72.8708
-73.3948
-73.7479
-74.2274
-74.5156
-74.6635
-74.7436
-74.7894
-74.8171
-74.8346
-74.8466
-74.8553
-74.8621
-74.8681
-74.8735
-74.8788
-74.8842
-74.8898
-74.8956
-74.9017
-74.9082
-74.915
-74.9221
-74.9296
-74.9374
-74.9455
-74.9538
-74.9625
-74.9714
-74.9805
-74.9898
-74.9993
-75.0089
-75.0188
-75.0287
-75.0388
-75.0489
-75.0592
-75.0695
-75.0798
-75.0903
-75.1007
-75.1112
-75.1216
-75.1321
-75.1426
-75.153
-75.1635
-75.1739
-75.1842
-75.1946
-75.2049
-75.2151
-75.2253
-75.2354
-75.0927
-71.2248
-67.4962
-64.6837
-62.4963
-60.6689
-58.9112
-56.6878
-51.0352
35.5026
-15.2045
-49.3639
-79.3663
-79.7295
-79.7019
-79.6641
-79.6221
-79.5759
-79.5255
-79.4709
-79.4125
-79.3504
-79.2852
-78.4747
-74.6969
-71.9264
-70.0744
-68.7332
-67.7028
-66.8773
-66.1968
-65.6252
-63.7852
-61.6378
-59.8412
-58.0757
-55.6488
-46.9219
21.7957
-22.1552
-64.2723
-78.8355
-78.7929
-78.6486
-78.4889
-78.3153
-78.128
-77.857
-77.5797
-75.5674
-74.0376
-73.2219
-72.8134
-72.6776
-72.5147
-72.3174
-72.1132
-71.9496
-72.3033
-71.5491
-69.981
-69.123
-68.658
-68.3864
-68.2183
-68.1104
-68.0404
-67.9959
-68.1654
-68.8449
-69.3612
-69.7182
-69.9743
-70.1647
-70.3112
-70.4278
-70.5237
-70.605
-70.6759
-70.7396
-70.7979
-70.8524
-70.9043
-70.9542
-70.3981
-67.0859
-64.2907
-62.2041
-60.5324
-59.0168
-57.3223
-54.5067
-28.3496
5.89395
-29.5246
-75.0146
-79.6523
-79.6805
-79.642
-79.5973
-79.5481
-78.1363
-76.2928
-75.4094
-74.8378
-74.3557
-73.9053
-73.4709
-73.049
-72.6407
-71.3773
-68.6679
-66.5698
-65.0292
-63.8442
-62.8935
-62.0989
-61.407
-60.7756
-60.1697
-58.8815
-56.336
-50.939
36.5633
-15.7985
-50.7729
-78.9923
-79.3332
-79.2605
-79.1433
-78.8416
-78.6686
-78.5291
-78.3897
-78.2466
-78.0932
-77.7403
-77.3103
-76.9642
-76.7472
-76.5941
-76.4722
-76.3685
-76.2776
-76.1967
-76.1243
-76.0594
-76.0014
-75.9496
-75.9034
-75.8626
-75.8265
-75.7948
-75.767
-75.7429
-75.7221
-75.7043
-75.6892
-75.6764
-75.6658
-75.6572
-75.6503
-75.645
-75.641
-75.6382
-75.6366
-75.6359
-75.6361
-75.637
-75.6386
-75.6407
-75.6434
-75.6465
-75.6501
-75.6539
-75.6581
-75.6625
-75.6672
-75.672
-75.677
-75.6821
-75.6874
-75.6927
-75.6982
-75.7037
-75.7092
-75.7148
-75.7204
-75.7261
-75.7317
-75.7374
-75.743
-75.7487
-75.7543
-75.7599
-75.7655
-75.7711
-75.7766
-75.7822
-75.7877
-75.7931
-75.7986
-75.804
-75.8094
-75.8147
-75.82
-75.8253
-75.8305
-75.8357
-75.8408
-75.8459
-75.851
-75.8561
-75.8611
-75.866
-75.871
-75.8758
-75.4599
-71.3128
-67.5744
-64.7612
-62.5714
-60.7422
-58.9865
-56.7778
-51.265
36.4963
-14.5729
-48.2198
-78.9498
-78.8336
-78.6523
-78.4904
-78.3152
-78.1257
-77.9223
-77.7061
-77.4782
-76.5471
-74.1259
-72.4985
-71.4181
-70.5973
-69.919
-69.3315
-68.8098
-68.3418
-67.8432
-65.5108
-63.9722
-63.3605
-62.9425
-62.6286
-62.3869
-62.1997
-63.4204
-65.438
-66.8477
-67.3871
-65.8895
-64.8321
-65.6428
-67.3165
-68.2784
-68.8074
-69.1184
-69.3137
-69.4446
-69.8096
-70.4018
-70.807
-71.0784
-71.2681
-71.4063
-71.5111
-71.5936
-71.661
-71.7181
-71.768
-71.8128
-71.8541
-71.8929
-71.93
-71.966
-72.0012
-72.0359
-72.0704
-72.1048
-72.1391
-72.1735
-72.208
-72.2426
-72.2773
-72.3121
-72.3471
-72.3821
-72.4172
-72.4523
-72.4875
-72.5226
-72.5577
-72.5927
-72.6277
-72.6625
-72.6973
-72.7319
-72.0891
-68.3248
-65.0946
-62.6433
-60.6569
-58.8148
-56.5798
-51.2911
37.2561
-14.6301
-48.1325
-78.7872
-78.7884
-78.6179
-78.4531
-78.2745
-78.0815
-77.8749
-77.6554
-77.4245
-76.4842
-74.0258
-72.362

