-70
-70.0758
-70.1508
-70.225
-70.2983
-70.3706
-70.4419
-70.5122
-70.5814
-70.6496
-70.7168
-70.7829
-70.848
-70.9121
-70.9752
-71.0373
-71.0984
-71.1586
-71.2178
-71.2761
-71.3334
-71.3899
-71.4455
-71.5003
-71.5543
-71.6074
-71.6598
-71.7114
-71.7623
-71.8124
-71.8619
-71.9106
-71.9587
-72.006
-72.0527
-72.0988
-72.1442
-72.1889
-72.2331
-72.2766
-72.3196
-72.362
-72.4038
-72.445
-72.4857
-72.5258
-72.5654
-72.6045
-72.6431
-72.6812
-72.7188
-72.756
-72.7927
-72.8289
-72.8647
-72.9
-72.9349
-72.9694
-73.0035
-73.0371
-73.0704
-73.1032
-73.1357
-73.1678
-73.1994
-73.2307
-73.2617
-73.2922
-73.3224
-73.3523
-73.3817
-73.4109
-73.4397
-73.4682
-73.4963
-73.5241
-73.5516
-73.5788
-73.6057
-73.6323
-73.6585
-73.6845
-73.7102
-73.7356
-73.7608
-73.7857
-73.8103
-73.8346
-73.8587
-73.8825
-73.9061
-73.9294
-73.9524
-73.9753
-73.9979
-74.0202
-74.0423
-74.0642
-74.0859
-74.1073
-74.1285
-74.1495
-74.1703
-74.1909
-74.2112
-74.2313
-74.2513
-74.271
-74.2905
-74.3098
-74.329
-74.3479
-74.3666
-74.3852
-74.4036
-74.4217
-74.4397
-74.4575
-74.4752
-74.4926
-74.5099
-74.527
-74.544
-74.5607
-74.5774
-74.5938
-74.6101
-74.6262
-74.6422
-74.658
-74.6736
-74.6891
-74.7045
-74.7197
-74.7347
-74.7496
-74.7644
-74.779
-74.7935
-74.8079
-74.8221
-74.8362
-74.8501
-74.864
-74.8777
-74.8913
-74.9047
-74.918
-74.9313
-74.9443
-74.9573
-74.9701
-74.9829
-74.9955
-75.008
-75.0204
-75.0327
-75.0448
-75.0569
-75.0688
-75.0806
-75.0924
-75.104
-75.1155
-75.1269
-75.1382
-75.1495
-75.1606
-75.1716
-75.1825
-75.1933
-75.204
-75.2147
-75.2252
-75.2356
-75.246
-75.2562
-75.2664
-75.2764
-75.2864
-75.2963
-75.3061
-75.3158
-75.3255
-75.335
-75.3445
-75.3538
-75.3631
-75.3724
-75.3815
-75.3906
-75.3995
-75.4084
-75.4172
-75.426
-75.4346
-75.4432
-75.4518
-75.4602
-75.4686
-75.4769
-75.4851
-75.4932
-75.5013
-75.5093
-75.5173
-75.5251
-75.533
-75.5407
-75.5484
-75.556
-75.5635
-75.571
-75.5784
-75.5858
-75.593
-75.6003
-75.6074
-75.6145
-75.6216
-75.6285
-75.6355
-75.6423
-75.6491
-75.6559
-75.6626
-75.6692
-75.6758
-75.6823
-75.6888
-75.6952
-75.7015
-75.7078
-75.7141
-75.7203
-75.7264
-75.7325
-75.7386
-75.7446
-75.7505
-75.7564
-75.7622
-75.768
-75.7738
-75.7795
-75.7851
-75.7907
-75.7963
-75.8018
-75.8072
-75.8127
-75.818
-75.8234
-75.8287
-75.8339
-75.8391
-75.8443
-75.8494
-75.8545
-75.8595
-75.8645
-75.8695
-75.8744
-75.8793
-75.8841
-75.8889
-75.8937
-75.8984
-75.9031
-75.9077
-75.9123
-75.9169
-75.9214
-75.9259
-75.9304
-75.9348
-75.9392
-75.9436
-75.9479
-75.9522
-75.9565
-75.9607
-75.9649
-75.969
-75.9731
-75.9772
-75.9813
-75.9853
-75.9893
-75.9933
-75.9972
-76.0011
-76.005
-76.0088
-76.0126
-76.0164
-76.0201
-76.0239
-76.0275
-76.0312
-76.0348
-76.0384
-76.042
-76.0456
-76.0491
-76.0526
-76.056
-76.0595
-76.0629
-76.0663
-76.0696
-76.0729
-76.0762
-76.0795
-76.0828
-76.086
-76.0892
-76.0924
-76.0955
-76.0986
-76.1017
-76.1048
-76.1079
-76.1109
-76.1139
-76.1169
-76.1198
-76.1228
-76.1257
-76.1286
-76.1314
-76.1343
-76.1371
-76.1399
-76.1427
-76.1455
-76.1482
-76.1509
-76.1536
-76.1563
-76.1589
-76.1615
-76.1642
-76.1667
-76.1693
-76.1719
-76.1744
-76.1769
-76.1794
-76.1819
-76.1843
-76.1868
-76.1892
-76.1916
-76.1939
-76.1963
-76.1986
-76.201
-76.2033
-76.2056
-76.2078
-76.2101
-76.2123
-76.2145
-76.2167
-76.2189
-76.2211
-76.2232
-76.2254
-76.2275
-76.2296
-76.2317
-76.2337
-76.2358
-76.2378
-76.2398
-76.2418
-76.2438
-76.2458
-76.2478
-76.2497
-76.2516
-76.2536
-76.2554
-76.2573
-76.2592
-76.2611
-76.2629
-76.2647
-76.2665
-76.2683
-76.2701
-76.2719
-76.2737
-76.2754
-76.2771
-76.2788
-76.2806
-76.2822
-76.2839
-76.2856
-76.2872
-76.2889
-76.2905
-76.2921
-76.2937
-76.2953
-76.2969
-76.2985
-76.3
-76.3016
-76.3031
-76.3046
-76.3061
-76.3076
-76.3091
-76.3106
-76.312
-76.3135
-76.3149
-76.3164
-76.3178
-76.3192
-76.3206
-76.322
-76.3233
-76.3247
-76.3261
-76.3274
-76.3287
-76.33
-76.3314
-76.3327
-76.334
-76.3352
-76.3365
-76.3378
-76.339
-76.3403
-76.3415
-76.3427
-76.3439
-76.3452
-76.3464
-76.3475
-76.3487
-76.3499
-76.351
-76.3522
-76.3533
-76.3545
-76.3556
-76.3567
-76.3578
-76.3589
-76.36
-76.3611
-76.3622
-76.3632
-76.3643
-76.3654
-76.3664
-76.3674
-76.3685
-76.3695
-76.3705
-76.3715
-76.3725
-76.3735
-76.3745
-76.3754
-76.3764
-76.3774
-76.3783
-76.3793
-76.3802
-76.3811
-76.382
-76.383
-76.3839
-76.3848
-76.3857
-76.3866
-76.3874
-76.3883
-76.3892
-76.39
-76.3909
-76.3917
-76.3926
-76.3934
-76.3943
-76.3951
-76.3959
-76.3967
-76.3975
-76.3983
-76.3991
-76.3999
-76.4007
-76.4014
-76.4022
-76.403
-76.4037
-76.4045
-76.4052
-76.406
-76.4067
-76.4074
-76.4082
-76.4089
-76.4096
-76.4103
-76.411
-76.4117
-76.4124
-76.4131
-76.4137
-76.4144
-76.4151
-76.4158
-76.4164
-76.4171
-76.4177
-76.4184
-76.419
-76.4196
-76.4203
-76.4209
-76.4215
-76.4221
-76.4227
-76.4234
-76.424
-76.4246
-76.4251
-76.4257
-76.4263
-76.4269
-76.4275
-76.428
-76.4286
-76.4292
-76.4297
-76.4303
-76.4308
-76.4314
-76.4319
-76.4325
-76.433
-76.4335
-76.4341
-76.4346
-76.4351
-76.4356
-76.4361
-76.4366
-76.4371
-76.4376
-76.4381
-76.4386
-76.4391
-76.4396
-76.4401
-76.4405
-76.441
-76.4415
-76.4419
-76.4424
-76.4429
-76.4433
-76.4438
-76.4442
-76.4447
-76.4451
-76.4455
-76.446
-76.4464
-76.4468
-76.4473
-76.4477
-76.4481
-76.4485
-76.4489
-76.4493
-76.4497
-76.4501
-76.4505
-76.4509
-76.4513
-76.4517
-76.4443
-76.3994
-76.3592
-76.3277
-76.3028
-76.283
-76.2672
-76.2544
-76.2441
-76.2358
-76.2291
-76.2238
-76.2195
-76.2162
-76.2137
-76.2118
-76.2104
-76.2096
-76.2071
-76.1867
-76.1679
-76.1536
-76.1427
-76.132
-76.113
-76.098
-76.0873
-76.0796
-76.0741
-76.0701
-76.0674
-76.0657
-76.0646
-76.0642
-76.0643
-76.0647
-76.0655
-76.0666
-76.0679
-76.0695
-76.0712
-76.073
-76.075
-76.0771
-76.0794
-76.0817
-76.084
-76.0865
-76.089
-76.0915
-76.0941
-76.0967
-76.0994
-76.1021
-76.1048
-76.1075
-76.1103
-76.113
-76.1157
-76.1185
-76.1213
-76.124
-76.1268
-76.1295
-76.1322
-76.135
-76.1377
-76.1404
-76.1431
-76.1458
-76.1484
-76.1511
-76.1537
-76.1564
-76.159
-76.1616
-76.1642
-76.1667
-76.1693
-76.1718
-76.1743
-76.1768
-76.1793
-76.1817
-76.1842
-76.1866
-76.189
-76.1914
-76.1938
-76.1961
-76.1985
-76.2008
-76.2031
-76.2054
-76.2076
-76.2099
-76.2121
-76.2143
-76.2165
-76.2187
-76.2209
-76.223
-76.2252
-76.2273
-76.2294
-76.2315
-76.2335
-76.2356
-76.2376
-76.2396
-76.2416
-76.2436
-76.2456
-76.2476
-76.2495
-76.2514
-76.2534
-76.2553
-76.2571
-76.259
-76.2609
-76.2627
-76.2645
-76.2664
-76.2682
-76.2699
-76.2717
-76.2735
-76.2752
-76.277
-76.2787
-76.2804
-76.2821
-76.2838
-76.2854
-76.2871
-76.2887
-76.2903
-76.292
-76.2936
-76.2952
-76.2967
-76.2983
-76.2999
-76.3014
-76.3029
-76.3045
-76.306
-76.3075
-76.3089
-76.2969
-76.2681
-76.2443
-76.2258
-76.2112
-76.1997
-76.1905
-76.1833
-76.1776
-76.1732
-76.1698
-76.1673
-76.1654
-76.1642
-76.1635
-76.1632
-76.1632
-76.1636
-76.1642
-76.1651
-76.1662
-76.1674
-76.1688
-76.1704
-76.172
-76.1737
-76.1755
-76.1774
-76.1793
-76.1813
-76.1833
-76.1854
-76.1874
-76.1896
-76.1917
-76.1938
-76.196
-76.1981
-76.2003
-76.2025
-76.2046
-76.2068
-76.2089
-76.2111
-76.2132
-76.2154
-76.2175
-76.2196
-76.2217
-76.2238
-76.2259
-76.228
-76.2301
-76.2321
-76.2342
-76.2362
-76.2382
-76.2402
-76.2381
-76.2157
-76.1784
-76.1483
-76.1269
-76.1114
-76.1002
-76.092
-76.0859
-76.0816
-76.0785
-76.0764
-76.075
-76.0744
-76.0742
-76.0745
-76.0751
-76.076
-76.0772
-76.0787
-76.0803
-76.082
-76.0839
-76.086
-76.0881
-76.0903
-76.0926
-76.095
-76.0975
-76.1
-76.1025
-76.1051
-76.1077
-76.1103
-76.113
-76.1156
-76.1183
-76.121
-76.1237
-76.1264
-76.1291
-76.1318
-76.1345
-76.1372
-76.1398
-76.1425
-76.1452
-76.1478
-76.1505
-76.1531
-76.1557
-76.1583
-76.1609
-76.1635
-76.1661
-76.1686
-76.1711
-76.1736
-76.1761
-76.1786
-76.1811
-76.1835
-76.1859
-76.1883
-76.1907
-76.1931
-76.1955
-76.1978
-76.2001
-76.2024
-76.2047
-76.207
-76.2092
-76.2115
-76.2137
-76.2159
-76.2181
-76.2203
-76.2224
-76.2246
-76.2267
-76.2288
-76.2309
-76.2329
-76.235
-76.237
-76.2391
-76.2411
-76.2431
-76.245
-76.247
-76.249
-76.2509
-76.2528
-76.2547
-76.2566
-76.2585
-76.2603
-76.2622
-76.264
-76.2658
-76.2676
-76.2694
-76.2712
-76.273
-76.2747
-76.2765
-76.2782
-76.2799
-76.2816
-76.2833
-76.2849
-76.2866
-76.2882
-76.2899
-76.2915
-76.2931
-76.2947
-76.2963
-76.2979
-76.2994
-76.301
-76.3025
-76.304
-76.3055
-76.307
-76.3085
-76.31
-76.3115
-76.3129
-76.3144
-76.3158
-76.3172
-76.3186
-76.32
-76.3214
-76.3228
-76.3242
-76.3255
-76.3269
-76.3282
-76.3295
-76.3253
-76.2946
-76.2669
-76.2453
-76.2283
-76.2148
-76.2042
-76.1957
-76.189
-76.1837
-76.1796
-76.1764
-76.174
-76.1724
-76.1712
-76.1706
-76.1704
-76.1705
-76.1709
-76.1716
-76.1725
-76.1736
-76.1748
-76.1762
-76.1777
-76.1793
-76.181
-76.1828
-76.1846
-76.1865
-76.1885
-76.1905
-76.1925
-76.1945
-76.1966
-76.1987
-76.2008
-76.2029
-76.205
-76.2071
-76.2092
-76.2113
-76.2135
-76.2156
-76.2177
-76.2198
-76.2219
-76.224
-76.226
-76.2281
-76.2302
-76.2322
-76.2342
-76.2363
-76.2383
-76.2403
-76.2422
-76.2442
-76.2462

