-70
-70.0758
-70.1508
-70.225
-70.2983
-70.3706
-70.4419
-70.5122
-70.5814
-70.6496
-70.7168
-70.7829
-70.848
-70.9121
-70.9752
-71.0373
-71.0984
-71.1586
-71.2178
-71.2761
-71.3334
-71.3899
-71.4455
-71.5003
-71.5543
-71.6074
-71.6598
-71.7114
-71.7623
-71.8124
-71.8619
-71.9106
-71.9587
-72.006
-72.0527
-72.0988
-72.1442
-72.1889
-72.2331
-72.2766
-72.3196
-72.362
-72.4038
-72.445
-72.4857
-72.5258
-72.5654
-72.6045
-72.6431
-72.6812
-72.7188
-72.756
-72.7927
-72.8289
-72.8647
-72.9
-72.9349
-72.9694
-73.0035
-73.0371
-73.0704
-73.1032
-73.1357
-73.1678
-73.1994
-73.2307
-73.2617
-73.2922
-73.3224
-73.3523
-73.3817
-73.4109
-73.4397
-73.4682
-73.4963
-73.5241
-73.5516
-73.5788
-73.6057
-73.6323
-73.6585
-73.6845
-73.7102
-73.7356
-73.7608
-73.7857
-73.8103
-73.8346
-73.8587
-73.8825
-73.9061
-73.9294
-73.9524
-73.9753
-73.9979
-74.0202
-74.0423
-74.0642
-74.0859
-74.1073
-74.1285
-74.1495
-74.1703
-74.1909
-74.2112
-74.2313
-74.2513
-74.271
-74.2905
-74.3098
-74.329
-74.3479
-74.3666
-74.3852
-74.4036
-74.4217
-74.4397
-74.4575
-74.4752
-74.4926
-74.5099
-74.527
-74.544
-74.5607
-74.5774
-74.5938
-74.6101
-74.6262
-74.6422
-74.658
-74.6736
-74.6891
-74.7045
-74.7197
-74.7347
-74.7496
-74.7644
-74.779
-74.7935
-74.8079
-74.8221
-74.8362
-74.8501
-74.864
-74.8777
-74.8913
-74.9047
-74.918
-74.9313
-74.9443
-74.9573
-74.9701
-74.9829
-74.9955
-75.008
-75.0204
-75.0327
-75.0448
-75.0569
-75.0688
-75.0806
-75.0924
-75.104
-75.1155
-75.1269
-75.1382
-75.1495
-75.1606
-75.1716
-75.1825
-75.1933
-75.204
-75.2147
-75.2252
-75.2356
-75.246
-75.2562
-75.2664
-75.2764
-75.2864
-75.2963
-75.3061
-75.3158
-75.3255
-75.335
-75.3445
-75.3538
-75.3631
-75.3724
-75.3815
-75.3906
-75.3995
-75.4084
-75.4172
-75.426
-75.4346
-75.4432
-75.4518
-75.4602
-75.4686
-75.4769
-75.4851
-75.4932
-75.5013
-75.5093
-75.5173
-75.5251
-75.533
-75.5407
-75.5484
-75.556
-75.5635
-75.571
-75.5784
-75.5858
-75.593
-75.6003
-75.6074
-75.6145
-75.6216
-75.6285
-75.6355
-75.6423
-75.6491
-75.6559
-75.6626
-75.6692
-75.6758
-75.6823
-75.6888
-75.6952
-75.7015
-75.7078
-75.7141
-75.7203
-75.7264
-75.7325
-75.7386
-75.7446
-75.7505
-75.7564
-75.7622
-75.768
-75.7738
-75.7795
-75.7851
-75.7907
-75.7963
-75.8018
-75.8072
-75.8127
-75.818
-75.8234
-75.8287
-75.8339
-75.8391
-75.8443
-75.8494
-75.8545
-75.8595
-75.8645
-75.8695
-75.8744
-75.8793
-75.8841
-75.8889
-75.8937
-75.8984
-75.9031
-75.9077
-75.9123
-75.9169
-75.9214
-75.9259
-75.9304
-75.9348
-75.9392
-75.9436
-75.9479
-75.9522
-75.9565
-75.9607
-75.9649
-75.969
-75.9731
-75.9772
-75.9813
-75.9853
-75.9893
-75.9933
-75.9972
-76.0011
-76.005
-76.0088
-76.0126
-76.0164
-76.0201
-76.0239
-76.0275
-76.0312
-76.0348
-76.0384
-76.042
-76.0456
-76.0491
-76.0526
-76.056
-76.0595
-76.0629
-76.0663
-76.0696
-76.0729
-76.0762
-76.0795
-76.0828
-76.086
-76.0892
-76.0924
-76.0955
-76.0986
-76.1017
-76.1048
-76.1079
-76.1109
-76.1139
-76.1169
-76.1198
-76.1228
-76.1257
-76.1286
-76.1314
-76.1343
-76.1371
-76.1399
-76.1427
-76.1455
-76.1482
-76.1509
-76.1536
-76.1563
-76.1589
-76.1615
-76.1642
-76.1667
-76.1693
-76.1719
-76.1744
-76.1769
-76.1794
-76.1819
-76.1843
-76.1868
-76.1892
-76.1916
-76.1939
-76.1963
-76.1986
-76.201
-76.2033
-76.2056
-76.2078
-76.2101
-76.2123
-76.2145
-76.2167
-76.2189
-76.2211
-76.2232
-76.2254
-76.2275
-76.2296
-76.2317
-76.2337
-76.2358
-76.2378
-76.2398
-76.2418
-76.2438
-76.2458
-76.2478
-76.2497
-76.2516
-76.2536
-76.2554
-76.2573
-76.2592
-76.2611
-76.2629
-76.2647
-76.2665
-76.2683
-76.2701
-76.2719
-76.2737
-76.2754
-76.2771
-76.2788
-76.2806
-76.2822
-76.2839
-76.2856
-76.2872
-76.2889
-76.2905
-76.2921
-76.2937
-76.2953
-76.2969
-76.2985
-76.3
-76.3016
-76.3031
-76.3046
-76.3061
-76.3076
-76.3091
-76.3106
-76.312
-76.3135
-76.3149
-76.3164
-76.3178
-76.3192
-76.3206
-76.322
-76.3233
-76.3247
-76.3261
-76.3274
-76.3287
-76.33
-76.3314
-76.3327
-76.334
-76.3352
-76.3365
-76.3378
-76.339
-76.3403
-76.3415
-76.3427
-76.3439
-76.3452
-76.3464
-76.3475
-76.3487
-76.3499
-76.351
-76.3522
-76.3533
-76.3545
-76.3556
-76.3567
-76.3578
-76.3589
-76.36
-76.3611
-76.3622
-76.3632
-76.3643
-76.3654
-76.3664
-76.3674
-76.3685
-76.3695
-76.3705
-76.3715
-76.3725
-76.3735
-76.3745
-76.3754
-76.3764
-76.3774
-76.3783
-76.3793
-76.3802
-76.3811
-76.382
-76.383
-76.3839
-76.3848
-76.3857
-76.3866
-76.3874
-76.3883
-76.3892
-76.39
-76.3909
-76.3917
-76.3926
-76.3934
-76.3943
-76.3951
-76.3959
-76.3967
-76.3975
-76.3983
-76.3991
-76.3999
-75.9759
-71.7835
-67.9998
-65.1512
-62.9411
-61.1178
-59.4221
-57.4417
-53.6086
46.342
-5.09883
-36.4406
-78.4022
-79.7416
-79.7277
-79.6933
-79.6545
-79.6119
-79.4263
-76.9333
-75.5056
-74.7403
-74.1734
-73.6764
-73.2109
-72.7654
-72.3374
-71.9279
-71.5388
-71.1719
-70.8293
-70.5123
-70.2218
-69.9582
-69.7217
-69.5119
-69.3279
-69.1689
-69.0335
-68.9206
-68.8286
-68.7561
-69.1797
-68.3967
-65.9258
-64.9128
-64.6588
-64.5284
-64.4614
-64.4362
-64.4402
-65.0853
-66.1436
-66.9187
-67.4757
-67.8882
-67.0582
-64.9214
-63.3542
-62.2497
-61.4295
-60.7851
-60.2489
-59.7723
-59.3219
-58.8566
-58.3397
-57.6944
-56.7794
-55.1531
-50.0106
33.3636
-18.2801
-54.6063
-79.3812
-79.8383
-79.8336
-79.813
-79.7893
-79.7632
-79.7346
-79.7036
-79.6704
-79.635
-79.5977
-79.5588
-79.5187
-79.4777
-79.4362
-79.3945
-76.3394
-72.1103
-68.9939
-66.692
-64.9377
-63.5553
-62.4213
-61.4419
-60.5365
-59.6196
-57.4187
-52.8751
44.6252
-8.74381
-39.8063
-78.519
-79.4075
-79.3485
-79.2588
-77.9195
-77.1771
-76.8132
-76.499
-76.1852
-75.8684
-75.6054
-75.3698
-75.1468
-74.9349
-74.7343
-74.5456
-74.3692
-74.2212
-74.2961
-74.4303
-74.572
-74.7059
-74.7751
-74.808
-74.822
-74.826
-74.825
-74.8216
-74.8174
-74.8133
-74.8097
-74.807
-74.8053
-74.8046
-74.805
-74.8064
-74.8088
-74.8121
-74.8163
-74.8213
-74.8271
-74.8335
-74.8405
-74.8481
-74.8562
-74.8647
-74.8737
-74.883
-74.8927
-74.9026
-74.9128
-74.9232
-74.9337
-74.9445
-74.9553
-74.9663
-74.9774
-74.9885
-74.9997
-75.011
-75.0222
-75.0335
-75.0448
-75.056
-75.0673
-75.0785
-75.0897
-75.1008
-75.1119
-75.123
-75.134
-75.1449
-75.1558
-73.258
-69.1639
-65.936
-63.4765
-61.5037
-59.7495
-57.8465
-54.7084
-1.97076
3.96653
-30.3439
-76.1499
-79.7088
-79.7163
-79.681
-79.6407
-79.5963
-79.5477
-79.4948
-79.438
-76.5311
-74.3343
-73.0649
-72.1854
-71.4876
-70.8895
-70.3562
-69.8721
-68.269
-65.8623
-64.0187
-62.6079
-61.4593
-60.4518
-59.4803
-58.4171
-56.9088
-52.6391
44.8419
-9.24881
-40.3062
-78.3357
-79.3091
-79.2438
-79.1311
-78.6924
-77.1354
-76.4278
-76.0361
-75.6952
-75.3632
-75.0338
-74.7077
-74.3873
-74.0752
-73.7741
-73.4863
-73.3886
-73.5764
-73.6994
-73.7471
-73.7548
-73.7419
-73.7187
-73.6915
-73.6635
-73.6369
-73.6127
-73.5916
-73.5738
-73.5595
-73.5485
-73.5408
-73.5362
-73.5344
-73.5353
-73.5386
-73.5442
-73.5517
-73.5611
-73.5721
-73.5846
-73.5984
-73.6134
-70.2473
-66.6957
-64.0209
-61.9414
-60.1821
-58.4335
-56.0646
-48.3663
25.8756
-20.1746
-60.1708
-79.5358
-79.7103
-78.9506
-78.0715
-77.7387
-77.4805
-77.2162
-76.9389
-76.6496
-76.3503
-76.044
-75.7338
-73.913
-71.216
-69.3126
-67.9457
-66.9025
-66.0707
-65.9259
-66.3019
-66.5649
-66.7308
-65.4796
-63.606
-62.2134
-61.1522
-60.275
-59.8885
-61.4683
-64.5621
-66.7126
-68.0307
-68.8674
-69.4201
-69.7996
-70.0697
-70.2688
-70.4206
-70.9311
-71.4761
-71.869
-72.1556
-72.3704
-72.5357
-72.8435
-73.2382
-73.5306
-73.7455
-73.9074
-74.0323
-74.24
-74.4665
-74.6346
-74.7598
-74.8553
-74.9298
-74.9892
-75.0373
-75.0771
-75.1104
-75.1389
-75.1636
-75.1853
-75.2046
-75.2219
-75.2378
-75.2524
-75.266
-75.2788
-75.2909
-75.3025
-75.3135
-75.3242
-75.3345
-75.3445
-75.3543
-75.3639
-75.3733
-75.3826
-75.3917
-75.4007
-75.4095
-75.4183
-75.427
-75.4356
-75.444
-75.4525
-75.4608
-75.4691
-75.4773
-75.4854
-75.4935
-75.5015
-75.5094
-75.5173
-75.5251
-75.5328
-75.5405
-75.5481
-75.5557
-75.5632
-75.5706
-75.578
-75.5853
-75.5926
-75.5998
-74.4886
-70.2834
-66.8032
-64.1716
-62.0974
-60.3211
-58.533
-56.0562
-46.9489
22.7116
-21.4331
-63.4329
-79.607
-79.7303
-79.6989
-79.6607
-78.2981
-77.1244
-76.6155
-76.239
-75.8803
-75.5197
-75.1552
-74.7887
-74.4236
-72.6638
-70.0331
-68.1261
-66.7367
-65.6708
-64.8206
-64.1222
-63.5355
-63.034
-61.6901
-59.5822
-57.4775
-54.3741
-22.5569
4.19026
-30.4044
-75.4635
-79.4893
-78.7717
-78.2305
-77.9839
-77.7011
-77.3879
-77.0843
-76.8172
-76.5574
-76.2984
-76.0402
-75.7849
-75.5346
-74.9778
-71.8811
-69.3908
-67.955
-67.4572
-67.1424
-66.8993
-66.7071
-66.5538
-66.432
-66.3365
-66.2639
-66.2114
-66.1769
-66.1587
-66.1554
-66.1655
-66.188
-66.2217
-66.2656
-66.3186
-66.38
-66.4486
-66.5238
-66.6046
-66.6904
-66.7804
-66.8742
-66.9711
-67.0705
-67.1721
-67.2755
-67.3801
-67.4858
-67.592
-67.6985
-67.8049
-66.1572
-63.1929
-60.8291
-58.8171
-56.6585
-52.7464
44.5004
-8.21457
-39.3574
-78.3241
-79.5876
-79.5651
-79.5118
-79.4519
-79.3864
-79.3154
-78.6097
-75.882
-74.269
-73.3067
-72.5939
-71.9954
-71.4606
-70.9694
-70.5138
-69.6957
-67.1139
-64.9354
-63.3133
-62.0366

