-70
-69.8623
-69.7285
-69.5983
-69.4718
-69.3487
-69.2291
-69.1128
-68.9997
-68.8897
-68.7828
-68.6789
-68.5778
-68.4795
-68.3839
-68.291
-68.2007
-68.1128
-68.0274
-67.9443
-67.8636
-67.7851
-67.7087
-67.6345
-67.5623
-67.4921
-67.4238
-67.3574
-67.2929
-67.2301
-67.1691
-67.1098
-67.0521
-66.996
-66.9414
-66.8884
-66.8368
-66.7866
-66.7378
-66.6904
-66.6443
-66.5994
-66.5558
-66.5133
-66.4721
-66.432
-66.393
-66.355
-66.3181
-66.2823
-66.2474
-66.2134
-66.1805
-66.1484
-66.1172
-66.0868
-66.0573
-66.0286
-66.0007
-65.9736
-65.9472
-65.9215
-65.8966
-65.8723
-65.8487
-65.8257
-65.8034
-65.7817
-65.7606
-65.74
-65.72
-65.7006
-65.6817
-65.6633
-65.6455
-65.6281
-65.6112
-65.5948
-65.5788
-65.5632
-65.5481
-65.5334
-65.5191
-65.5052
-65.4917
-65.4785
-65.4657
-65.4533
-65.4412
-65.4294
-65.418
-65.4068
-65.396
-65.3855
-65.3752
-65.3653
-65.3556
-65.3462
-65.337
-65.3281
-65.3194
-65.311
-65.3028
-65.2948
-65.2871
-65.2795
-65.2722
-65.2651
-65.2581
-65.2514
-65.2448
-65.2385
-65.2322
-65.2262
-65.2203
-65.2146
-65.2091
-65.2037
-65.1984
-65.1933
-65.1884
-65.1835
-65.1788
-65.1743
-65.1698
-65.1655
-65.1613
-65.1572
-65.1532
-65.1493
-65.1456
-65.1419
-65.1384
-65.1349
-65.1315
-65.1283
-65.1251
-65.122
-65.119
-65.1161
-65.1132
-65.1104
-65.1077
-65.1051
-65.1026
-65.1001
-65.0977
-65.0953
-65.0931
-65.0908
-65.0887
-65.0866
-65.0845
-65.0826
-65.0806
-65.0788
-65.0769
-65.0752
-65.0734
-65.0718
-65.0701
-65.0685
-65.067
-65.0655
-65.064
-65.0626
-65.0612
-65.0599
-65.0586
-65.0573
-65.0561
-65.0549
-65.0537
-65.0526
-65.0514
-65.0504
-65.0493
-65.0483
-65.0473
-65.0464
-65.0454
-65.0445
-65.0436
-65.0428
-65.0419
-65.0411
-65.0403
-65.0395
-65.0388
-65.0381
-65.0374
-65.0367
-65.036
-65.0353
-65.0347
-65.0341
-65.0335
-65.0329
-65.0323
-65.0318
-65.0313
-65.0307
-65.0302
-65.0297
-65.0293
-65.0288
-65.0283
-65.0279
-65.0275
-65.027
-65.0266
-65.0262
-65.0259
-65.0255
-65.0251
-65.0248
-65.0244
-65.0241
-65.0238
-65.0234
-65.0231
-65.0228
-65.0225
-65.0223
-65.022
-65.0217
-65.0215
-65.0212
-65.021
-65.0207
-65.0205
-65.0203
-65.02
-65.0198
-65.0196
-65.0194
-65.0192
-65.019
-65.0188
-65.0187
-65.0185
-65.0183
-65.0181
-65.018
-65.0178
-65.0177
-65.0175
-65.0174
-65.0172
-65.0171
-65.017
-65.0168
-65.0167
-65.0166
-65.0165
-65.0163
-65.0162
-65.0161
-65.016
-65.0159
-65.0158
-65.0157
-65.0156
-65.0155
-65.0154
-65.0153
-65.0153
-65.0152
-65.0151
-65.015
-65.0149
-65.0149
-65.0148
-65.0147
-65.0147
-65.0146
-65.0145
-65.0145
-65.0144
-65.0143
-65.0143
-65.0142
-65.0142
-65.0141
-65.0141
-65.014
-65.014
-65.0139
-65.0139
-65.0138
-65.0138
-65.0137
-65.0137
-65.0137
-65.0136
-65.0136
-65.0135
-65.0135
-65.0135
-65.0134
-65.0134
-65.0134
-65.0133
-65.0133
-65.0133
-65.0133
-65.0132
-65.0132
-65.0132
-65.0131
-65.0131
-65.0131
-65.0131
-65.0131
-65.013
-65.013
-65.013
-65.013
-65.0129
-65.0129
-65.0129
-65.0129
-65.0129
-65.0129
-65.0128
-65.0128
-65.0128
-65.0128
-65.0128
-65.0128
-65.0127
-65.0127
-65.0127
-65.0127
-65.0127
-65.0127
-65.0127
-65.0127
-65.0126
-65.0126
-65.0126
-65.0126
-65.0126
-65.0126
-65.0126
-65.0126
-65.0126
-65.0126
-65.0125
-65.0125
-65.0125
-65.0125
-65.0125
-65.0125
-65.0125
-65.0125
-65.0125
-65.0125
-65.0125
-65.0125
-65.0125
-65.0124
-65.0124
-65.0124
-65.0124
-65.0124
-65.0124
-65.0124
-65.0124
-65.0124
-65.0124
-65.0124
-65.0124
-65.0124
-65.0124
-65.0124
-65.0124
-65.0124
-65.0124
-65.0124
-65.0124
-65.0124
-65.0124
-65.0124
-65.0123
-65.0123
-65.0123
-65.0123
-65.0123
-65.0123
-65.0123
-65.0123
-65.0123
-65.0123
-65.0123
-65.0123
-65.0123
-65.0123
-65.0123
-65.0123
-65.0123
-65.0123
-65.0123
-65.0123
-65.0123
-65.0123
-65.0123
-65.0123
-65.0123
-65.0123
-65.0123
-65.0123
-65.0123
-65.0123
-65.0123
-65.0123
-65.0123
-65.0123
-65.0123
-65.0123
-65.0123
-65.0123
-65.0123
-65.0123
-65.0123
-65.0123
-65.0123
-65.0123
-65.0123
-65.0123
-65.0123
-65.0123
-65.0123
-65.0123
-65.0123
-65.0123
-65.0123
-65.0123
-65.0123
-65.0123
-65.0123
-65.0123
-65.0123
-65.0123
-65.0123
-65.0123
-65.0123
-65.0123
-65.0123
-65.0123
-65.0123
-65.0123
-65.0123
-65.0123
-65.0123
-65.0123
-65.0123
-65.0123
-64.7657
-64.5631
-64.4124
-64.305
-64.2215
-64.1548
-64.1013
-64.0585
-64.0247
-63.9986
-63.9789
-63.9648
-63.9553
-63.9499
-63.9479
-63.9489
-63.9525
-63.9582
-63.9658
-63.975
-63.9855
-63.9972
-64.0098
-64.0233
-64.0374
-64.052
-64.0671
-64.0826
-64.0983
-64.1142
-64.1302
-64.1463
-64.1624
-64.1784
-64.0909
-63.8571
-63.704
-63.5923
-63.5149
-63.4565
-63.4123
-63.3796
-63.3565
-63.3413
-63.3327
-63.3299
-63.3318
-63.3377
-63.3472
-63.3595
-63.3743
-63.3912
-63.4098
-63.2976
-63.2234
-63.1266
-62.8479
-62.6263
-62.2362
-61.7816
-61.3464
-60.6927
-60.1415
-59.6257
-59.1195
-58.5745
-58.1846
-57.8913
-57.5037
-57.0306
-56.5668
-56.0574
-55.6894
-55.2348
-54.8679
-54.6014
-54.4127
-54.2796
-54.1894
-54.1129
-54.0377
-53.9806
-53.9594
-53.9302
-53.9364
-53.9677
-54.0214
-54.0921
-54.1772
-54.2745
-54.3824
-54.4994
-54.6181
-54.7073
-54.8151
-54.9118
-54.9999
-55.1063
-55.2245
-55.3522
-55.4789
-55.5704
-55.6805
-55.8009
-55.9302
-56.0647
-56.2029
-56.3439
-56.4869
-56.6313
-56.7733
-56.8666
-56.9758
-57.0931
-57.2068
-57.2382
-57.3015
-57.3812
-57.4756
-57.5256
-57.5869
-57.6198
-57.5806
-57.5211
-57.5121
-57.5075
-57.5039
-57.5016
-57.4226
-57.2457
-57.0174
-56.8524
-56.6747
-56.4092
-56.239
-56.1225
-55.7988
-55.5077
-55.1565
-54.8748
-54.5925
-54.2208
-53.7828
-53.4221
-53.1101
-52.877
-52.6987
-52.5806
-52.5071
-52.4268
-52.3555
-52.2886
-52.1619
-52.0917
-52.0554
-52.0205
-51.9989
-52.0133
-52.0557
-52.1212
-52.205
-52.3048
-52.4185
-52.5446
-52.6813
-52.8273
-52.9815
-53.1428
-53.3102
-53.4828
-53.66
-53.8407
-54.0241
-54.2095
-54.3964
-54.5844
-54.773
-54.9617
-55.1499
-55.3374
-55.5238
-55.7089
-55.8925
-56.0742
-56.2539
-56.4313
-56.6065
-56.7793
-56.9496
-57.1172
-57.282
-57.4441
-57.6033
-57.7597
-57.9133
-58.064
-58.2117
-58.3565
-58.4983
-58.6373
-58.7735
-58.9068
-59.0372
-59.1648
-59.2897
-59.4118
-59.5312
-59.6479
-59.762
-59.8735
-59.9826
-60.089
-60.1931
-60.2947
-60.3939
-60.4908
-60.5854
-60.6779
-60.7681
-60.8562
-60.9422
-61.0262
-61.1081
-61.1881
-61.2305
-61.2035
-61.2063
-61.225
-61.2565
-61.2908
-61.2334
-61.1921
-61.1762
-61.1798
-61.1955
-61.1877
-61.0552
-60.9699
-60.8644
-60.4948
-59.7236
-58.8276
-57.998
-57.2512
-56.6709
-56.2436
-55.7665
-55.4099
-54.9205
-54.5536
-54.2848
-54.0949
-53.9611
-53.8613
-53.7705
-53.7223
-53.7064
-53.7187
-53.7536
-53.8078
-53.8438
-53.8993
-53.9681
-54.0155
-53.967
-53.939
-53.8959
-53.9039
-53.9339
-53.9622
-54.0202
-54.0984
-54.1941
-54.3027
-54.4223
-54.5509
-54.6709
-54.7728
-54.8923
-54.9869
-55.0995
-55.2237
-55.358
-55.4985
-55.6267
-55.7335
-55.8559
-55.987
-56.1251
-56.267
-56.4117
-56.5583
-56.7061
-56.8545
-57.0031
-57.1514
-57.2992
-57.446
-57.5919
-57.7365
-57.8796
-57.9907
-58.0876
-58.195
-58.2954
-58.3298
-58.2794
-58.2071
-58.0546
-57.9324
-57.8695
-57.8021
-57.7343
-57.6328
-57.4525
-57.2157
-56.9936
-56.794
-56.54
-56.2521
-55.9772
-55.6411
-55.4009
-55.2414
-55.093
-54.7886
-54.4074
-54.1214
-53.8405
-53.5903
-53.4244
-53.2826
-53.179
-53.1082
-53.0504
-53.0245
-52.9938
-52.9362
-52.8853
-52.8497
-52.8525
-52.87
-52.8287
-52.8143
-52.7937
-52.7991
-52.8389
-52.9049
-52.9913
-53.0938
-53.2099
-53.3376
-53.4754
-53.6219
-53.7756
-53.9353
-54.1001
-54.269
-54.4413
-54.6164
-54.7936
-54.9721
-55.1514
-55.3311
-55.5107
-55.6899
-55.8684
-56.0458
-56.2217
-56.396
-56.5685
-56.7392
-56.9077
-57.0739
-57.2377
-57.399
-57.5578
-57.7141
-57.8677
-58.0186
-58.1668
-58.3121
-58.4547
-58.5945
-58.7316
-58.8659
-58.9975
-59.1263
-59.2524
-59.3758
-59.4965
-59.6146
-59.73
-59.843
-59.9534
-60.0613
-60.1667
-60.2697
-60.3704
-60.4687
-60.5647
-60.6585
-60.7501
-60.8395
-60.9268
-61.0121
-61.0953
-61.1765
-61.2558
-61.3332
-61.4087
-61.4824
-61.5543
-61.6244
-61.6929
-61.7597
-61.8249
-61.8886
-61.9506
-62.0112
-62.0703
-62.1279
-62.1841
-62.239
-62.2925
-62.3447
-62.3957
-62.4454
-62.264
-61.8578
-61.5823
-61.3417
-61.0928
-60.8829
-60.7322
-60.5752
-60.4445
-60.2862
-60.0438
-59.82
-59.667
-59.5342
-58.8044
-57.7989
-57.0667
-56.5475
-56.1751
-55.8943
-55.6733
-55.3213
-55.0589
-54.8728
-54.7296
-54.6209
-54.5555
-54.5248
-54.4972
-54.493
-54.4209
-54.2112
-54.0559
-53.8964
-53.7354
-53.6202
-53.5477
-53.4963
-53.4602
-53.4052
-53.363
-53.3635
-53.3961
-53.4438
-53.4832
-53.5498
-53.6354
-53.7377
-53.8529
-53.9787
-54.1135
-54.2558
-54.4046
-54.5587
-54.7173
-54.8794
-55.0442
-55.211
-55.3792
-55.5485
-55.6862
-55.8188
-55.9581
-56.0596
-56.1793
-56.3082
-56.4449
-56.5856
-56.7288
-56.8736
-57.0194
-57.1654
-57.3114
-57.457
-57.6018
-57.7455
-57.8881
-58.0095
-58.0501
-58.1097
-58.1113
-58.0818
-58.0689
-58.0628
-58.0895
-58.0981
-58.1161
-58.156
-58.212
-58.2797
-58.3558
-58.4385
-58.5265
-58.595
-58.5905
-58.5704
-58.4718
-58.2937
-58.1294
-57.896
-57.6452
-57.4164
-57.084
-56.7802
-56.5478
-56.2129
-55.6629
-55.1149
-54.7129
-54.3881
-54.084
-53.8128
-53.5889
-53.3588

