-70
-70.0758
-70.1508
-70.225
-70.2983
-70.3706
-70.4419
-70.5122
-70.5814
-70.6496
-70.7168
-70.7829
-70.848
-70.9121
-70.9752
-71.0373
-71.0984
-71.1586
-71.2178
-71.2761
-71.3334
-71.3899
-71.4455
-71.5003
-71.5543
-71.6074
-71.6598
-71.7114
-71.7623
-71.8124
-71.8619
-71.9106
-71.9587
-72.006
-72.0527
-72.0988
-72.1442
-72.1889
-72.2331
-72.2766
-72.3196
-72.362
-72.4038
-72.445
-72.4857
-72.5258
-72.5654
-72.6045
-72.6431
-72.6812
-72.7188
-72.756
-72.7927
-72.8289
-72.8647
-72.9
-72.9349
-72.9694
-73.0035
-73.0371
-73.0704
-73.1032
-73.1357
-73.1678
-73.1994
-73.2307
-73.2617
-73.2922
-73.3224
-73.3523
-73.3817
-73.4109
-73.4397
-73.4682
-73.4963
-73.5241
-73.5516
-73.5788
-73.6057
-73.6323
-73.6585
-73.6845
-73.7102
-73.7356
-73.7608
-73.7857
-73.8103
-73.8346
-73.8587
-73.8825
-73.9061
-73.9294
-73.9524
-73.9753
-73.9979
-74.0202
-74.0423
-74.0642
-74.0859
-74.1073
-74.1285
-74.1495
-74.1703
-74.1909
-74.2112
-74.2313
-74.2513
-74.271
-74.2905
-74.3098
-74.329
-74.3479
-74.3666
-74.3852
-74.4036
-74.4217
-74.4397
-74.4575
-74.4752
-74.4926
-74.5099
-74.527
-74.544
-74.5607
-74.5774
-74.5938
-74.6101
-74.6262
-74.6422
-74.658
-74.6736
-74.6891
-74.7045
-74.7197
-74.7347
-74.7496
-74.7644
-74.779
-74.7935
-74.8079
-74.8221
-74.8362
-74.8501
-74.864
-74.8777
-74.8913
-74.9047
-74.918
-74.9313
-74.9443
-74.9573
-74.9701
-74.9829
-74.9955
-75.008
-75.0204
-75.0327
-75.0448
-75.0569
-75.0688
-75.0806
-75.0924
-75.104
-75.1155
-75.1269
-75.1382
-75.1495
-75.1606
-75.1716
-75.1825
-75.1933
-75.204
-75.2147
-75.2252
-75.2356
-75.246
-75.2562
-75.2664
-75.2764
-75.2864
-75.2963
-75.3061
-75.3158
-75.3255
-75.335
-75.3445
-75.3538
-75.3631
-75.3724
-75.3815
-75.3906
-75.3995
-75.4084
-75.4172
-75.426
-75.4346
-75.4432
-75.4518
-75.4602
-75.4686
-75.4769
-75.4851
-75.4932
-75.5013
-75.5093
-75.5173
-75.5251
-75.533
-75.5407
-75.5484
-75.556
-75.5635
-75.571
-75.5784
-75.5858
-75.593
-75.6003
-75.6074
-75.6145
-75.6216
-75.6285
-75.6355
-75.6423
-75.6491
-75.6559
-75.6626
-75.6692
-75.6758
-75.6823
-75.6888
-75.6952
-75.7015
-75.7078
-75.7141
-75.7203
-75.7264
-75.7325
-75.7386
-75.7446
-75.7505
-75.7564
-75.7622
-75.768
-75.7738
-75.7795
-75.7851
-75.7907
-75.7963
-75.8018
-75.8072
-75.8127
-75.818
-75.8234
-75.8287
-75.8339
-75.8391
-75.8443
-75.8494
-75.8545
-75.8595
-75.8645
-75.8695
-75.8744
-75.8793
-75.8841
-75.8889
-75.8937
-75.8984
-75.9031
-75.9077
-75.9123
-75.9169
-75.9214
-75.9259
-75.9304
-75.9348
-75.9392
-75.9436
-75.9479
-75.9522
-75.9565
-75.9607
-75.9649
-75.969
-75.9731
-75.9772
-75.9813
-75.9853
-75.9893
-75.9933
-75.9972
-76.0011
-76.005
-76.0088
-76.0126
-76.0164
-76.0201
-76.0239
-76.0275
-76.0312
-76.0348
-76.0384
-76.042
-76.0456
-76.0491
-76.0526
-76.056
-76.0595
-76.0629
-76.0663
-76.0696
-76.0729
-76.0762
-76.0795
-76.0828
-76.086
-76.0892
-76.0924
-76.0955
-76.0986
-76.1017
-76.1048
-76.1079
-76.1109
-76.1139
-76.1169
-76.1198
-76.1228
-76.1257
-76.1286
-76.1314
-76.1343
-76.1371
-76.1399
-76.1427
-76.1455
-76.1482
-76.1509
-76.1536
-76.1563
-76.1589
-76.1615
-76.1642
-76.1667
-76.1693
-76.1719
-76.1744
-76.1769
-76.1794
-76.1819
-76.1843
-76.1868
-76.1892
-76.1916
-76.1939
-76.1963
-76.1986
-76.201
-76.2033
-76.2056
-76.2078
-76.2101
-76.2123
-76.2145
-76.2167
-76.2189
-76.2211
-76.2232
-76.2254
-76.2275
-76.2296
-76.2317
-76.2337
-76.2358
-76.2378
-76.2398
-76.2418
-76.2438
-76.2458
-76.2478
-76.2497
-76.2516
-76.2536
-76.2554
-76.2573
-76.2592
-76.2611
-76.2629
-76.2647
-76.2665
-76.2683
-76.2701
-76.2719
-76.2737
-76.2754
-76.2771
-76.2788
-76.2806
-76.2822
-76.2839
-76.2856
-76.2872
-76.2889
-76.2905
-76.2921
-76.2937
-76.2953
-76.2969
-76.2985
-76.3
-76.3016
-76.3031
-76.3046
-76.3061
-76.3076
-76.3091
-76.3106
-76.312
-76.3135
-76.3149
-76.3164
-76.3178
-76.3192
-76.3206
-76.322
-76.3233
-76.3247
-76.3261
-76.3274
-76.3287
-76.33
-76.3314
-76.3327
-76.334
-76.3352
-76.3365
-76.3378
-76.339
-76.3403
-76.3415
-76.3427
-76.3439
-76.3452
-76.3464
-76.3475
-76.3487
-76.3499
-76.351
-76.3522
-76.3533
-76.3545
-76.3556
-76.3567
-76.3578
-76.3589
-76.36
-76.3611
-76.3622
-76.3632
-76.3643
-76.3654
-76.3664
-76.3674
-76.3685
-76.3695
-76.3705
-76.3715
-76.3725
-76.3735
-76.3745
-76.3754
-76.3764
-76.3774
-76.3783
-76.3793
-76.3802
-76.3811
-76.382
-76.383
-76.3839
-76.3848
-76.3857
-76.3866
-76.3874
-76.3883
-76.3892
-76.39
-76.3909
-76.3917
-76.3926
-76.3934
-76.3943
-76.3951
-76.3959
-76.3967
-76.3975
-76.3983
-76.3991
-76.3999
-76.4007
-76.4014
-76.4022
-74.8446
-70.5341
-67.0631
-64.4343
-62.3657
-60.6103
-58.888
-56.6535
-50.6465
33.7769
-16.042
-51.0817
-79.4364
-79.7448
-79.718
-78.7039
-77.7425
-77.3594
-77.063
-76.7661
-76.4587
-76.1412
-75.8161
-75.0514
-72.4933
-70.5197
-69.1545
-68.1283
-67.3111
-66.6352
-66.0627
-65.5711
-65.1464
-64.7788
-64.4612
-64.2314
-65.093
-66.444
-67.9956
-68.1094
-66.2999
-64.9818
-64.1216
-63.5407
-63.1391
-62.8592
-62.6645
-62.5327
-62.4497
-62.4056
-62.3938
-61.3791
-59.4971
-57.7253
-55.5427
-49.9879
32.7489
-18.2181
-54.4182
-79.1173
-79.4929
-79.4427
-79.3748
-79.2998
-79.2182
-79.1302
-79.0362
-78.9366
-78.8323
-78.7242
-78.6134
-78.5011
-78.3884
-78.2766
-78.1668
-78.06
-77.9571
-77.8588
-77.7656
-77.678
-77.5961
-77.5201
-77.4498
-77.3853
-75.3114
-70.9397
-67.5068
-64.9136
-62.8882
-61.2083
-59.6531
-57.9025
-54.9888
-21.9521
7.0825
-28.8174
-74.7022
-79.0966
-79.0322
-78.9146
-78.7845
-78.6427
-78.4893
-77.8891
-75.9147
-74.8484
-74.391
-74.0564
-73.7505
-73.4628
-73.191
-72.9351
-72.6958
-72.4734
-72.2684
-72.0808
-71.9107
-71.7576
-71.6212
-71.5008
-71.3956
-71.305
-71.2279
-71.1635
-71.111
-71.0695
-71.0379
-71.0156
-71.0016
-70.9952
-70.9957
-71.0023
-71.0144
-71.0313
-71.0527
-71.0778
-71.1064
-71.1378
-71.1719
-71.2081
-71.2463
-71.2861
-71.3272
-71.3695
-71.4127
-71.4567
-71.5012
-71.5463
-71.5916
-71.6372
-71.683
-71.7288
-71.7745
-71.8202
-71.8657
-71.911
-71.956
-72.0008
-72.0452
-72.0893
-72.133
-72.1763
-72.2192
-72.2617
-72.3038
-72.3454
-72.3865
-72.4272
-72.4675
-72.5073
-72.5466
-72.5855
-72.6239
-72.6619
-72.6994
-72.7365
-72.7732
-72.8095
-72.8453
-72.8807
-69.9767
-66.3968
-63.6629
-61.5158
-59.6546
-57.688
-54.5199
-4.72488
3.16341
-30.8663
-76.2427
-79.6728
-79.6794
-79.6397
-79.5946
-77.8827
-76.8422
-76.3477
-75.958
-75.5846
-75.2111
-74.8358
-74.4608
-73.6558
-70.9889
-68.8441
-67.3193
-66.1696
-65.2638
-64.5263
-63.9113
-63.3888
-62.9395
-63.461
-64.3067
-65.2333
-66.6681
-67.7543
-68.53
-69.0979
-69.5237
-67.8956
-65.4417
-63.6929
-62.4409
-61.4975
-60.7434
-60.0998
-59.5082
-58.913
-58.2522
-57.4112
-56.1255
-53.2795
7.87544
-2.50078
-34.7502
-77.3053
-79.7843
-79.8151
-79.7938
-79.7677
-79.7388
-79.7072
-79.6729
-79.6359
-79.5965
-79.5549
-79.5115
-79.4665
-79.4205
-79.3738
-79.327
-79.2803
-79.2343
-79.1892
-79.1454
-79.1029
-79.0621
-79.023
-78.9857
-78.9502
-78.8164
-78.502
-77.7905
-73.3693
-69.6904
-67.1287
-65.2949
-63.9389
-62.897
-62.0591
-61.3487
-60.7063
-60.0801
-59.2682
-56.7798
-51.0359
35.7685
-15.1459
-48.9963
-79.0692
-79.4086
-79.3417
-79.2607
-78.2784
-77.1784
-76.6632
-76.2777
-75.9364
-75.6032
-75.271
-74.9403
-74.6605
-74.4477
-74.2309
-74.0146
-73.8057
-73.6077
-73.4227
-73.2518
-73.0954
-72.9538
-72.8268
-72.7138
-72.6144
-72.5278
-72.4534
-72.3902
-72.3376
-72.2946
-72.2604
-72.2344
-72.2157
-72.2036
-72.1976
-72.1968
-72.2008
-72.2091
-72.2212
-72.2365
-72.2548
-72.2756
-72.2986
-72.3236
-72.3502
-72.3782
-72.4075
-72.4377
-72.4688
-72.5006
-72.533
-72.5658
-72.599
-72.6324
-72.6661
-72.6998
-72.7336
-72.7674
-72.8012
-72.8348
-72.8684
-72.9017
-72.9349
-72.9679
-73.0007
-73.0332
-73.0655
-73.0975
-73.1293
-73.1607
-73.1918
-73.2227
-73.2532
-73.2835
-73.3134
-73.343
-73.3724
-73.4014
-73.4301
-73.4585
-73.4865
-73.5143
-73.5418
-73.569
-73.5959
-73.6225
-73.6488
-73.6748
-73.7005
-73.726
-73.7512
-73.7761
-73.8008
-73.8252
-73.8493
-73.8732
-73.8969
-73.9203
-73.9434
-73.9663
-73.989
-74.0114
-74.0336
-74.0556
-74.0774
-73.7056
-69.8443
-66.3589
-63.7251
-61.6425
-59.8286
-57.9176
-54.9188
-23.6755
6.81711
-28.8659
-74.9574
-79.1579
-78.6822
-78.484
-78.3049
-78.1123
-77.9052
-77.6843
-77.4509
-77.2066
-75.5792
-73.3462
-71.9009
-70.8901
-70.1004
-69.4401
-68.8665
-68.4753
-68.6802
-67.4812
-65.6555
-65.0682
-65.0149
-64.9838
-64.9587
-64.9419
-64.9345
-64.9369
-64.9494
-64.9717
-65.0037
-64.0689
-61.9935
-60.3073
-58.8616
-57.346
-55.1215
-47.1074
21.358
-22.8266
-64.8966
-79.4334
-79.5986
-79.5548
-79.5
-79.4395
-79.3736
-79.3023
-79.2261
-79.1452
-79.0603
-78.9722
-78.8817
-78.7897
-78.6972
-78.6052
-78.5146
-78.4263
-78.3409
-78.2591
-78.1812
-78.1077
-78.0386
-77.9742
-77.9143
-77.8589
-77.8078
-77.7163
-77.5036
-77.3215
-77.1767
-77.0602
-76.9653
-76.8873
-74.8364
-70.6372
-67.4631
-65.1517
-63.4108
-62.0328
-60.8585
-59.7443
-58.5078
-56.7452
-52.3426
42.058
-11.0137
-43.0101
-78.5245
-79.0305
-78.9204
-78.7901
-78.6475
-78.4927
-78.3261
-78.049
-75.9188
-74.443
-73.5597
-72.8977
-72.3315

