-70
-70.0758
-70.1508
-70.225
-70.2983
-70.3706
-70.4419
-70.5122
-70.5814
-70.6496
-70.7168
-70.7829
-70.848
-70.9121
-70.9752
-71.0373
-71.0984
-71.1586
-71.2178
-71.2761
-71.3334
-71.3899
-71.4455
-71.5003
-71.5543
-71.6074
-71.6598
-71.7114
-71.7623
-71.8124
-71.8619
-71.9106
-71.9587
-72.006
-72.0527
-72.0988
-72.1442
-72.1889
-72.2331
-72.2766
-72.3196
-72.362
-72.4038
-72.445
-72.4857
-72.5258
-72.5654
-72.6045
-72.6431
-72.6812
-72.7188
-72.756
-72.7927
-72.8289
-72.8647
-72.9
-72.9349
-72.9694
-73.0035
-73.0371
-73.0704
-73.1032
-73.1357
-73.1678
-73.1994
-73.2307
-73.2617
-73.2922
-73.3224
-73.3523
-73.3817
-73.4109
-73.4397
-73.4682
-73.4963
-73.5241
-73.5516
-73.5788
-73.6057
-73.6323
-73.6585
-73.6845
-73.7102
-73.7356
-73.7608
-73.7857
-73.8103
-73.8346
-73.8587
-73.8825
-73.9061
-73.9294
-73.9524
-73.9753
-73.9979
-74.0202
-74.0423
-74.0642
-74.0859
-74.1073
-74.1285
-74.1495
-74.1703
-74.1909
-74.2112
-74.2313
-74.2513
-74.271
-74.2905
-74.3098
-74.329
-74.3479
-74.3666
-74.3852
-74.4036
-74.4217
-74.4397
-74.4575
-74.4752
-74.4926
-74.5099
-74.527
-74.544
-74.5607
-74.5774
-74.5938
-74.6101
-74.6262
-74.6422
-74.658
-74.6736
-74.6891
-74.7045
-74.7197
-74.7347
-74.7496
-74.7644
-74.779
-74.7935
-74.8079
-74.8221
-74.8362
-74.8501
-74.864
-74.8777
-74.8913
-74.9047
-74.918
-74.9313
-74.9443
-74.9573
-74.9701
-74.9829
-74.9955
-75.008
-75.0204
-75.0327
-75.0448
-75.0569
-75.0688
-75.0806
-75.0924
-75.104
-75.1155
-75.1269
-75.1382
-75.1495
-75.1606
-75.1716
-75.1825
-75.1933
-75.204
-75.2147
-75.2252
-75.2356
-75.246
-75.2562
-75.2664
-75.2764
-75.2864
-75.2963
-75.3061
-75.3158
-75.3255
-75.335
-75.3445
-75.3538
-75.3631
-75.3724
-75.3815
-75.3906
-75.3995
-75.4084
-75.4172
-75.426
-75.4346
-75.4432
-75.4518
-75.4602
-75.4686
-75.4769
-75.4851
-75.4932
-75.5013
-75.5093
-75.5173
-75.5251
-75.533
-75.5407
-75.5484
-75.556
-75.5635
-75.571
-75.5784
-75.5858
-75.593
-75.6003
-75.6074
-75.6145
-75.6216
-75.6285
-75.6355
-75.6423
-75.6491
-75.6559
-75.6626
-75.6692
-75.6758
-75.6823
-75.6888
-75.6952
-75.7015
-75.7078
-75.7141
-75.7203
-75.7264
-75.7325
-75.7386
-75.7446
-75.7505
-75.7564
-75.7622
-75.768
-75.7738
-75.7795
-75.7851
-75.7907
-75.7963
-75.8018
-75.8072
-75.8127
-75.818
-75.8234
-75.8287
-75.8339
-75.8391
-75.8443
-75.8494
-75.8545
-75.8595
-75.8645
-75.8695
-75.8744
-75.8793
-75.8841
-75.8889
-75.8937
-75.8984
-75.9031
-75.9077
-75.9123
-75.9169
-75.9214
-75.9259
-75.9304
-75.9348
-75.9392
-75.9436
-75.9479
-75.9522
-75.9565
-75.9607
-75.9649
-75.969
-75.9731
-75.9772
-75.9813
-75.9853
-75.9893
-75.9933
-75.9972
-76.0011
-76.005
-76.0088
-76.0126
-76.0164
-76.0201
-76.0239
-76.0275
-76.0312
-76.0348
-76.0384
-76.042
-76.0456
-76.0491
-76.0526
-76.056
-76.0595
-76.0629
-76.0663
-76.0696
-76.0729
-76.0762
-76.0795
-76.0828
-76.086
-76.0892
-76.0924
-76.0955
-76.0986
-76.1017
-76.1048
-76.1079
-76.1109
-76.1139
-76.1169
-76.1198
-76.1228
-76.1257
-76.1286
-76.1314
-76.1343
-76.1371
-76.1399
-76.1427
-76.1455
-76.1482
-76.1509
-76.1536
-76.1563
-76.1589
-76.1615
-76.1642
-76.1667
-76.1693
-76.1719
-76.1744
-76.1769
-76.1794
-76.1819
-76.1843
-76.1868
-76.1892
-76.1916
-76.1939
-76.1963
-76.1986
-76.201
-76.2033
-76.2056
-76.2078
-76.2101
-76.2123
-76.2145
-76.2167
-76.2189
-76.2211
-76.2232
-76.2254
-76.2275
-76.2296
-76.2317
-76.2337
-76.2358
-76.2378
-76.2398
-76.2418
-76.2438
-76.2458
-76.2478
-76.2497
-76.2516
-76.2536
-76.2554
-76.2573
-76.2592
-76.2611
-76.2629
-76.2647
-76.2665
-76.2683
-76.2701
-76.2719
-76.2737
-76.2754
-76.2771
-76.2788
-76.2806
-76.2822
-76.2839
-76.2856
-76.2872
-76.2889
-76.2905
-76.2921
-76.2937
-76.2953
-76.2969
-76.2985
-76.3
-76.3016
-76.3031
-76.3046
-76.3061
-76.3076
-76.3091
-76.3106
-76.312
-76.3135
-76.3149
-76.3164
-76.3178
-76.3192
-76.3206
-76.322
-76.3233
-76.3247
-76.3261
-76.3274
-76.3287
-76.33
-76.3314
-76.3327
-76.334
-76.3352
-76.3365
-76.3378
-76.339
-76.3403
-76.3415
-76.3427
-76.3439
-76.3452
-76.3464
-76.3475
-76.3487
-76.3499
-76.351
-76.3522
-76.3533
-76.3545
-76.3556
-76.3567
-76.3578
-76.3589
-76.36
-76.3611
-76.3622
-76.3632
-76.3643
-76.3654
-76.3664
-76.3674
-76.3685
-76.3695
-76.3705
-76.3715
-76.3725
-76.3735
-76.3745
-76.3754
-76.3764
-76.3774
-76.3783
-76.3793
-76.3802
-76.3811
-76.382
-76.383
-76.3839
-76.3848
-76.3857
-76.3866
-76.3874
-76.3883
-76.3892
-76.39
-76.3909
-76.3917
-76.3926
-76.3934
-76.3943
-76.3951
-76.3959
-76.3967
-76.3975
-76.3983
-76.3991
-76.3999
-75.9759
-71.7835
-67.9998
-65.1512
-62.9411
-61.1178
-59.4221
-57.4417
-53.6086
46.342
-5.09883
-36.4406
-78.4022
-79.7416
-79.7277
-79.6933
-79.6545
-79.6119
-79.4263
-76.9333
-75.5056
-74.7403
-74.1734
-73.6764
-73.2109
-72.7654
-72.3374
-71.9279
-71.5388
-71.1719
-70.8293
-70.5123
-70.2218
-69.9582
-69.7217
-69.5119
-69.3279
-69.1689
-69.0335
-68.9206
-68.8286
-68.7561
-68.7015
-67.2318
-64.1187
-61.6163
-59.5995
-59.2428
-59.2584
-59.2757
-59.2922
-59.3086
-59.3253
-59.3433
-59.3637
-59.3878
-58.6736
-56.7338
-53.6203
-13.6665
0.178358
-32.8742
-76.3594
-79.2849
-79.2535
-79.1664
-79.0696
-78.9648
-78.8524
-78.7329
-78.6069
-78.4756
-78.3401
-78.2017
-78.062
-77.9223
-77.7842
-77.6491
-77.5181
-77.3923
-77.2726
-77.1596
-77.0537
-76.9553
-76.8644
-76.7809
-76.7047
-76.6355
-76.573
-76.5168
-73.6327
-69.5078
-66.3588
-63.965
-62.0645
-60.4279
-58.7928
-56.6426
-50.9801
35.2424
-15.4302
-49.5811
-78.8669
-79.1211
-79.0181
-78.899
-78.7684
-78.6266
-78.4739
-76.6911
-75.2083
-74.3735
-73.7636
-73.2371
-72.7499
-72.3983
-72.2618
-72.0917
-71.8945
-71.6903
-71.4899
-71.2995
-71.1225
-70.9607
-70.8153
-70.6863
-70.5736
-70.4767
-70.3948
-70.3273
-70.2731
-70.2312
-70.2009
-70.181
-70.1706
-70.1689
-70.175
-70.1881
-70.2074
-70.2322
-70.2618
-70.2958
-70.3335
-70.3744
-70.4181
-70.4642
-70.5123
-70.5622
-70.6134
-70.6659
-70.7192
-70.7732
-70.8278
-70.8827
-70.9379
-70.9931
-71.0484
-71.1035
-71.1584
-71.2131
-71.2674
-71.3213
-71.3749
-71.4279
-71.4805
-71.5326
-71.5842
-71.6352
-71.6857
-71.7357
-71.785
-71.8339
-71.8821
-71.9298
-71.9768
-72.0233
-72.0693
-72.1146
-70.4425
-66.7914
-63.905
-61.665
-59.76
-57.809
-54.8538
-30.4271
7.53826
-28.5877
-74.4571
-79.6428
-79.6688
-79.6285
-79.5819
-79.5307
-79.4746
-79.4139
-79.3488
-79.2794
-76.1813
-73.6515
-72.1078
-71.0348
-70.2057
-69.5205
-68.9314
-68.4141
-66.8558
-64.5277
-62.7125
-61.2749
-60.0246
-58.7853
-57.2914
-54.7234
-36.82
9.30824
-27.73
-72.9714
-79.1346
-79.1145
-79.0083
-78.8894
-78.7599
-78.3674
-76.4785
-75.3732
-74.7256
-74.3061
-73.9362
-73.5734
-73.3052
-73.1902
-73.0406
-72.8682
-72.6914
-72.5192
-72.3565
-72.2058
-72.0683
-71.9446
-71.8347
-71.7382
-71.6547
-71.5835
-71.5239
-71.4751
-71.4363
-71.4067
-71.3856
-71.3722
-71.3658
-71.3656
-71.3711
-71.3817
-71.3968
-71.4159
-71.4386
-71.4644
-71.4929
-71.5238
-71.5568
-71.5915
-68.4782
-65.1737
-62.6557
-60.6312
-58.7693
-56.5284
-51.2779
37.3565
-14.6852
-48.1862
-79.2205
-79.6739
-79.6425
-78.7845
-77.677
-77.2365
-76.9206
-76.6109
-76.2926
-75.9651
-75.6307
-75.2927
-74.9546
-73.1247
-70.377
-68.396
-66.9585
-65.86
-64.9869
-64.2722
-63.6742
-63.1646
-62.7254
-61.2144
-59.0592
-56.7796
-52.6196
44.9116
-9.25616
-40.3948
-78.491
-79.5001
-79.3869
-79.2766
-79.1876
-79.0947
-78.9954
-78.8896
-78.7779
-78.6612
-78.5406
-78.4172
-78.2923
-78.1673
-78.0433
-77.9218
-77.8037
-77.6901
-77.5817
-77.4792
-77.3828
-77.293
-77.2098
-77.1331
-77.0629
-76.9989
-76.9407
-76.8882
-76.8408
-76.7983
-76.7602
-76.7262
-76.6959
-76.6689
-76.6451
-76.6239
-76.6052
-76.5887
-76.5741
-76.5613
-76.5501
-76.5402
-76.5315
-76.5239
-76.5172
-76.5114
-76.5063
-76.5019
-76.4981
-76.4947
-76.4918
-76.4893
-76.4871
-76.4852
-76.4836
-76.4822
-76.481
-76.48
-76.4791
-76.4784
-76.4778
-76.4773
-76.4769
-76.4765
-76.4763
-76.4761
-76.4759
-76.4758
-76.4757
-76.4757
-76.4757
-76.4757
-76.4758
-76.4758
-76.4759
-76.476
-76.4761
-75.3265
-70.9955
-67.4101
-64.7026
-62.584
-60.8061
-59.0989
-56.977
-52.0501
40.0427
-12.2254
-44.3897
-79.2062
-79.7458
-79.7224
-79.6871
-78.3793
-77.2982
-76.8371
-76.4871
-76.1473
-75.8025
-75.4514
-75.0966
-74.7414
-72.9826
-70.3633
-68.4773
-67.1078
-66.0579
-65.22
-64.5315
-63.9539
-63.4614
-62.1079
-59.9999
-57.9899
-55.378
-45.699
18.6838
-23.645
-67.0256
-79.4206
-78.8328
-78.3323
-78.1026
-77.8867
-77.6574
-77.4138
-77.1328
-76.8109
-76.5217
-76.2473
-75.9798
-75.7191
-75.1832
-72.2334
-70.017
-68.6242
-67.6849
-67.0137
-66.513
-66.1281
-65.8264
-65.5878
-65.3995
-65.2526
-65.1405
-65.0582
-65.0021
-64.9692
-64.9571
-64.9637
-64.987
-65.0254
-65.0774
-65.1416
-65.2165
-65.3011
-65.3939
-65.4937
-65.5996
-65.7107
-65.8261
-65.9452
-66.0671
-66.1913
-66.3174
-66.4447
-66.5726
-66.7006
-66.8286
-65.2765
-62.4512
-60.166
-58.1408
-55.7477
-49.8439
31.6484
-18.592
-55.3729
-79.2176
-79.5667
-79.524
-79.4655
-79.4007
-79.33
-79.2536
-78.5361
-75.7102
-73.9877
-72.9471
-72.1824
-71.5497
-70.9925
-70.4871
-70.0232
-69.2088
-66.6613
-64.5033
-62.8858
-61.5978

