-70
-70.0758
-70.1508
-70.225
-70.2983
-70.3706
-70.4419
-70.5122
-70.5814
-70.6496
-70.7168
-70.7829
-70.848
-70.9121
-70.9752
-71.0373
-71.0984
-71.1586
-71.2178
-71.2761
-71.3334
-71.3899
-71.4455
-71.5003
-71.5543
-71.6074
-71.6598
-71.7114
-71.7623
-71.8124
-71.8619
-71.9106
-71.9587
-72.006
-72.0527
-72.0988
-72.1442
-72.1889
-72.2331
-72.2766
-72.3196
-72.362
-72.4038
-72.445
-72.4857
-72.5258
-72.5654
-72.6045
-72.6431
-72.6812
-72.7188
-72.756
-72.7927
-72.8289
-72.8647
-72.9
-72.9349
-72.9694
-73.0035
-73.0371
-73.0704
-73.1032
-73.1357
-73.1678
-73.1994
-73.2307
-73.2617
-73.2922
-73.3224
-73.3523
-73.3817
-73.4109
-73.4397
-73.4682
-73.4963
-73.5241
-73.5516
-73.5788
-73.6057
-73.6323
-73.6585
-73.6845
-73.7102
-73.7356
-73.7608
-73.7857
-73.8103
-73.8346
-73.8587
-73.8825
-73.9061
-73.9294
-73.9524
-73.9753
-73.9979
-74.0202
-74.0423
-74.0642
-74.0859
-74.1073
-74.1285
-74.1495
-74.1703
-74.1909
-74.2112
-74.2313
-74.2513
-74.271
-74.2905
-74.3098
-74.329
-74.3479
-74.3666
-74.3852
-74.4036
-74.4217
-74.4397
-74.4575
-74.4752
-74.4926
-74.5099
-74.527
-74.544
-74.5607
-74.5774
-74.5938
-74.6101
-74.6262
-74.6422
-74.658
-74.6736
-74.6891
-74.7045
-74.7197
-74.7347
-74.7496
-74.7644
-74.779
-74.7935
-74.8079
-74.8221
-74.8362
-74.8501
-74.864
-74.8777
-74.8913
-74.9047
-74.918
-74.9313
-74.9443
-74.9573
-74.9701
-74.9829
-74.9955
-75.008
-75.0204
-75.0327
-75.0448
-75.0569
-75.0688
-75.0806
-75.0924
-75.104
-75.1155
-75.1269
-75.1382
-75.1495
-75.1606
-75.1716
-75.1825
-75.1933
-75.204
-75.2147
-75.2252
-75.2356
-75.246
-75.2562
-75.2664
-75.2764
-75.2864
-75.2963
-75.3061
-75.3158
-75.3255
-75.335
-75.3445
-75.3538
-75.3631
-75.3724
-75.3815
-75.3906
-75.3995
-75.4084
-75.4172
-75.426
-75.4346
-75.4432
-75.4518
-75.4602
-75.4686
-75.4769
-75.4851
-75.4932
-75.5013
-75.5093
-75.5173
-75.5251
-75.533
-75.5407
-75.5484
-75.556
-75.5635
-75.571
-75.5784
-75.5858
-75.593
-75.6003
-75.6074
-75.6145
-75.6216
-75.6285
-75.6355
-75.6423
-75.6491
-75.6559
-75.6626
-75.6692
-75.6758
-75.6823
-75.6888
-75.6952
-75.7015
-75.7078
-75.7141
-75.7203
-75.7264
-75.7325
-75.7386
-75.7446
-75.7505
-75.7564
-75.7622
-75.768
-75.7738
-75.7795
-75.7851
-75.7907
-75.7963
-75.8018
-75.8072
-75.8127
-75.818
-75.8234
-75.8287
-75.8339
-75.8391
-75.8443
-75.8494
-75.8545
-75.8595
-75.8645
-75.8695
-75.8744
-75.8793
-75.8841
-75.8889
-75.8937
-75.8984
-75.9031
-75.9077
-75.9123
-75.9169
-75.9214
-75.9259
-75.9304
-75.9348
-75.9392
-75.9436
-75.9479
-75.9522
-75.9565
-75.9607
-75.9649
-75.969
-75.9731
-75.9772
-75.9813
-75.9853
-75.9893
-75.9933
-75.9972
-76.0011
-76.005
-76.0088
-76.0126
-76.0164
-76.0201
-76.0239
-76.0275
-76.0312
-76.0348
-76.0384
-76.042
-76.0456
-76.0491
-76.0526
-76.056
-76.0595
-76.0629
-76.0663
-76.0696
-76.0729
-76.0762
-76.0795
-76.0828
-76.086
-76.0892
-76.0924
-76.0955
-76.0986
-76.1017
-76.1048
-76.1079
-76.1109
-76.1139
-76.1169
-76.1198
-76.1228
-76.1257
-76.1286
-76.1314
-76.1343
-76.1371
-76.1399
-76.1427
-76.1455
-76.1482
-76.1509
-76.1536
-76.1563
-76.1589
-76.1615
-76.1642
-76.1667
-76.1693
-76.1719
-76.1744
-76.1769
-76.1794
-76.1819
-76.1843
-76.1868
-76.1892
-76.1916
-76.1939
-76.1963
-76.1986
-76.201
-76.2033
-76.2056
-76.2078
-76.2101
-76.2123
-76.2145
-76.2167
-76.2189
-76.2211
-76.2232
-76.2254
-76.2275
-76.2296
-76.2317
-76.2337
-76.2358
-76.2378
-76.2398
-76.2418
-76.2438
-76.2458
-76.2478
-76.2497
-76.2516
-76.2536
-76.2554
-76.2573
-76.2592
-76.2611
-76.2629
-76.2647
-76.2665
-76.2683
-76.2701
-76.2719
-76.2737
-76.2754
-76.2771
-76.2788
-76.2806
-76.2822
-76.2839
-76.2856
-76.2872
-76.2889
-76.2905
-76.2921
-76.2937
-76.2953
-76.2969
-76.2985
-76.3
-76.3016
-76.3031
-76.3046
-76.3061
-76.3076
-76.3091
-76.3106
-76.312
-76.3135
-76.3149
-76.3164
-76.3178
-76.3192
-76.3206
-76.322
-76.3233
-76.3247
-76.3261
-76.3274
-76.3287
-76.33
-76.3314
-76.3327
-76.334
-76.3352
-76.3365
-76.3378
-76.339
-76.3403
-76.3415
-76.3427
-76.3439
-76.3452
-76.3464
-76.3475
-76.3487
-76.3499
-76.351
-76.3522
-76.3533
-76.3545
-76.3556
-76.3567
-76.3578
-76.3589
-76.36
-76.3611
-76.3622
-76.3632
-76.3643
-76.3654
-76.3664
-76.3674
-76.3685
-76.3695
-76.3705
-76.3715
-76.3725
-76.3735
-76.3745
-76.3754
-76.3764
-76.3774
-76.3783
-76.3793
-76.3802
-76.3811
-76.382
-76.383
-76.3839
-76.3848
-76.3857
-76.3866
-76.3874
-76.3883
-76.3892
-76.39
-76.3909
-76.3917
-76.3926
-76.3934
-76.3943
-76.3951
-76.3959
-76.3967
-76.3975
-76.3983
-76.3991
-76.3999
-76.4007
-76.4014
-76.4022
-75.9782
-71.7854
-68.0015
-65.1526
-62.9424
-61.119
-59.4235
-57.4436
-53.6142
46.3418
-5.06449
-36.4119
-78.3973
-79.7416
-79.7278
-79.053
-77.9079
-77.4784
-77.1845
-76.8943
-76.5937
-76.2823
-75.9624
-75.3937
-72.8836
-70.8652
-69.4832
-68.4515
-67.6318
-66.9533
-66.3775
-65.8819
-65.4522
-65.0796
-64.7569
-64.4791
-64.2427
-66.2379
-68.7989
-70.3898
-69.1906
-67.487
-66.443
-65.8017
-65.396
-65.1364
-65.5554
-66.4017
-67.0084
-67.4348
-67.7462
-67.9821
-68.1673
-68.3179
-68.4445
-68.5543
-68.652
-69.2116
-69.9566
-70.5224
-70.9499
-71.28
-71.5401
-71.7488
-71.9194
-72.0611
-72.1806
-72.283
-72.3719
-72.4502
-72.52
-72.5829
-72.6403
-72.6932
-72.7425
-72.7886
-72.8323
-72.8738
-72.9135
-72.9517
-70.0654
-66.5265
-63.8465
-61.768
-60.0126
-58.2706
-55.9148
-48.3857
25.6915
-20.4306
-60.523
-79.019
-78.7352
-78.5506
-78.3786
-78.1931
-77.9931
-77.7794
-77.553
-77.3156
-76.7981
-74.2389
-72.318
-71.0602
-70.1296
-69.5811
-69.9652
-71.1779
-71.8392
-72.1391
-72.2723
-72.325
-72.338
-72.3316
-72.3296
-72.6281
-73.0523
-73.46
-73.717
-73.9668
-74.2325
-74.4906
-74.7207
-74.8634
-74.9536
-75.0132
-75.0544
-75.084
-75.1142
-75.2056
-75.2807
-75.334
-75.373
-75.4026
-75.4256
-75.4441
-75.4594
-75.4724
-75.4836
-75.4936
-75.5027
-75.5111
-75.519
-75.5265
-75.5337
-75.5406
-75.5474
-75.5541
-75.5607
-75.5673
-75.5738
-75.5802
-75.5867
-75.5931
-75.5995
-75.6059
-75.6123
-75.6187
-75.6251
-75.6315
-75.6378
-75.6442
-75.6505
-75.6569
-75.6632
-75.6694
-75.6757
-75.6819
-75.6882
-75.6943
-75.7005
-75.7066
-75.7127
-75.7188
-75.7248
-75.7308
-75.7367
-75.7426
-75.7485
-75.7543
-75.7601
-75.7658
-75.7715
-75.7772
-75.7828
-75.7884
-75.7939
-75.7994
-73.4253
-69.2916
-66.0826
-63.6336
-61.6713
-59.9383
-58.0947
-55.2214
-31.5962
9.62937
-27.5603
-73.5919
-79.0451
-78.9827
-78.8593
-78.7229
-78.5742
-78.4134
-78.241
-76.9723
-75.0636
-73.9503
-73.1987
-72.5899
-72.05
-71.552
-71.0862
-71.3701
-70.2677
-69.0891
-68.3934
-67.9591
-67.668
-67.4626
-67.3131
-67.2024
-67.1208
-67.0621
-67.0223
-66.9985
-66.3624
-64.0265
-62.1275
-61.1582
-61.3897
-61.6801
-61.9316
-62.1548
-62.3558
-62.5411
-62.7156
-62.883
-63.0458
-63.2056
-64.2368
-65.4634
-66.4152
-67.1504
-67.7275
-68.1878
-68.561
-68.8685
-69.1255
-69.3437
-69.5314
-69.6952
-69.8399
-69.9694
-70.0864
-70.1934
-70.2922
-70.3841
-70.4704
-70.552
-70.6296
-70.7039
-70.7754
-70.8443
-70.9111
-70.976
-71.0392
-71.1009
-68.4249
-65.122
-62.5969
-60.5855
-58.7714
-56.6865
-52.5379
44.6171
-9.79228
-41.0732
-78.2146
-78.7823
-78.6318
-78.4694
-78.2927
-78.1018
-77.8974
-77.6803
-77.452
-77.2143
-75.6904
-73.3404
-72.1818
-71.9755
-71.8501
-71.698
-71.5425
-71.3938
-71.2559
-71.1304
-71.0179
-70.9184
-70.8314
-70.7566
-70.6932
-70.6407
-70.8823
-71.3339
-71.987
-72.5678
-72.9941
-73.5185
-73.8957
-74.1466
-74.3196
-74.4429
-74.5335
-74.602
-74.6551
-74.6975
-74.7945
-74.9281
-75.0299
-75.1067
-75.1661
-75.2129
-75.2507
-75.2818
-75.3078
-75.3299
-75.3491
-75.366
-75.3811
-75.3948
-75.4073
-75.4188
-75.4297
-75.4399
-75.4497
-75.459
-75.468
-75.4767
-75.4852
-75.4936
-75.5017
-75.5097
-75.5176
-75.5253
-75.533
-75.5406
-75.5481
-75.5555
-75.5629
-75.5702
-75.5775
-75.5847
-75.5918
-75.5989
-75.606
-75.6129
-75.6199
-75.6268
-75.6336
-75.6404
-75.6471
-75.6538
-75.6604
-75.667
-75.6735
-75.68
-75.6865
-75.6929
-75.6992
-75.7055
-75.7117
-75.7179
-75.724
-75.7301
-75.7362
-75.7422
-75.7481
-75.754
-75.7598
-75.7656
-75.7714
-75.7771
-75.7828
-72.5439
-68.5621
-65.5317
-63.2018
-61.307
-59.5845
-57.6466
-54.1957
39.8637
-0.874019
-33.2762
-77.2509
-78.9163
-78.7708
-78.6222
-78.4601
-78.2841
-78.0946
-77.8922
-77.6781
-76.5479
-74.2889
-72.8411
-71.8702
-71.1187
-70.4853
-69.9268
-69.4238
-68.9669
-68.6168
-67.4547
-67.2473
-67.254
-67.242
-67.2224
-67.203
-67.1875
-67.1777
-67.1746
-67.1784
-67.1894
-67.3512
-68.1604
-68.8338
-69.3251
-69.6932
-69.9961
-70.6952
-71.2983
-71.7359
-72.0606
-72.3075
-72.4995
-72.652
-72.7755
-72.8774
-72.9631
-73.0364
-73.0999
-73.156
-73.2061
-73.2516
-73.2932
-73.3318
-73.3679
-73.4021
-73.4345
-73.4656
-73.4956
-73.5246
-73.5528
-73.5803
-73.6072
-73.6336
-73.6596
-73.6851
-73.7103
-73.7352
-73.7598
-73.7841
-73.8081
-73.8319
-73.8555
-73.8788
-73.9019
-73.9248
-73.9475
-73.5786
-69.739
-66.2755
-63.6599
-61.5917
-59.789
-57.8876
-54.9038
-24.727
6.89623
-28.8388
-74.8985
-78.9639
-78.7146
-78.5533
-78.3832
-78.199
-78.0006
-77.7889
-77.5649
-77.2313
-74.8685
-73.0359
-71.8673

