-70
-69.8623
-69.7285
-69.5983
-69.4718
-69.3487
-69.2291
-69.1128
-68.9997
-68.8897
-68.7828
-68.6789
-68.5778
-68.4795
-68.3839
-68.291
-68.2007
-68.1128
-68.0274
-67.9443
-67.8636
-67.7851
-67.7087
-67.6345
-67.5623
-67.4921
-67.4238
-67.3574
-67.2929
-67.2301
-67.1691
-67.1098
-67.0521
-66.996
-66.9414
-66.8884
-66.8368
-66.7866
-66.7378
-66.6904
-66.6443
-66.5994
-66.5558
-66.5133
-66.4721
-66.432
-66.393
-66.355
-66.3181
-66.2823
-66.2474
-66.2134
-66.1805
-66.1484
-66.1172
-66.0868
-66.0573
-66.0286
-66.0007
-65.9736
-65.9472
-65.9215
-65.8966
-65.8723
-65.8487
-65.8257
-65.8034
-65.7817
-65.7606
-65.74
-65.72
-65.7006
-65.6817
-65.6633
-65.6455
-65.6281
-65.6112
-65.5948
-65.5788
-65.5632
-65.5481
-65.5334
-65.5191
-65.5052
-65.4917
-65.4785
-65.4657
-65.4533
-65.4412
-65.4294
-65.418
-65.4068
-65.396
-65.3855
-65.3752
-65.3653
-65.3556
-65.3462
-65.337
-65.3281
-65.3194
-65.311
-65.3028
-65.2948
-65.2871
-65.2795
-65.2722
-65.2651
-65.2581
-65.2514
-65.2448
-65.2385
-65.2322
-65.2262
-65.2203
-65.2146
-65.2091
-65.2037
-65.1984
-65.1933
-65.1884
-65.1835
-65.1788
-65.1743
-65.1698
-65.1655
-65.1613
-65.1572
-65.1532
-65.1493
-65.1456
-65.1419
-65.1384
-65.1349
-65.1315
-65.1283
-65.1251
-65.122
-65.119
-65.1161
-65.1132
-65.1104
-65.1077
-65.1051
-65.1026
-65.1001
-65.0977
-65.0953
-65.0931
-65.0908
-65.0887
-65.0866
-65.0845
-65.0826
-65.0806
-65.0788
-65.0769
-65.0752
-65.0734
-65.0718
-65.0701
-65.0685
-65.067
-65.0655
-65.064
-65.0626
-65.0612
-65.0599
-65.0586
-65.0573
-65.0561
-65.0549
-65.0537
-65.0526
-65.0514
-65.0504
-65.0493
-65.0483
-65.0473
-65.0464
-65.0454
-65.0445
-65.0436
-65.0428
-65.0419
-65.0411
-65.0403
-65.0395
-65.0388
-65.0381
-65.0374
-65.0367
-65.036
-65.0353
-65.0347
-65.0341
-65.0335
-65.0329
-65.0323
-65.0318
-65.0313
-65.0307
-65.0302
-65.0297
-65.0293
-65.0288
-65.0283
-65.0279
-65.0275
-65.027
-65.0266
-65.0262
-65.0259
-65.0255
-65.0251
-65.0248
-65.0244
-65.0241
-65.0238
-65.0234
-65.0231
-65.0228
-65.0225
-65.0223
-65.022
-65.0217
-65.0215
-65.0212
-65.021
-65.0207
-65.0205
-65.0203
-65.02
-65.0198
-65.0196
-65.0194
-65.0192
-65.019
-65.0188
-65.0187
-65.0185
-65.0183
-65.0181
-65.018
-65.0178
-65.0177
-65.0175
-65.0174
-65.0172
-65.0171
-65.017
-65.0168
-65.0167
-65.0166
-65.0165
-65.0163
-65.0162
-65.0161
-65.016
-65.0159
-65.0158
-65.0157
-65.0156
-65.0155
-65.0154
-65.0153
-65.0153
-65.0152
-65.0151
-65.015
-65.0149
-65.0149
-65.0148
-65.0147
-65.0147
-65.0146
-65.0145
-65.0145
-65.0144
-65.0143
-65.0143
-65.0142
-65.0142
-65.0141
-65.0141
-65.014
-65.014
-65.0139
-65.0139
-65.0138
-65.0138
-65.0137
-65.0137
-65.0137
-65.0136
-65.0136
-65.0135
-65.0135
-65.0135
-65.0134
-65.0134
-65.0134
-65.0133
-65.0133
-65.0133
-65.0133
-65.0132
-65.0132
-65.0132
-65.0131
-65.0131
-65.0131
-65.0131
-65.0131
-65.013
-65.013
-65.013
-65.013
-65.0129
-65.0129
-65.0129
-65.0129
-65.0129
-65.0129
-65.0128
-65.0128
-65.0128
-65.0128
-65.0128
-65.0128
-65.0127
-65.0127
-65.0127
-65.0127
-65.0127
-65.0127
-65.0127
-65.0127
-65.0126
-65.0126
-65.0126
-65.0126
-65.0126
-65.0126
-65.0126
-65.0126
-65.0126
-65.0126
-65.0125
-65.0125
-65.0125
-65.0125
-65.0125
-65.0125
-65.0125
-65.0125
-65.0125
-65.0125
-65.0125
-65.0125
-65.0125
-65.0124
-65.0124
-65.0124
-65.0124
-65.0124
-65.0124
-65.0124
-65.0124
-65.0124
-65.0124
-65.0124
-65.0124
-65.0124
-65.0124
-65.0124
-65.0124
-65.0124
-65.0124
-65.0124
-65.0124
-65.0124
-65.0124
-65.0124
-65.0123
-65.0123
-65.0123
-65.0123
-65.0123
-65.0123
-65.0123
-65.0123
-65.0123
-65.0123
-65.0123
-65.0123
-65.0123
-65.0123
-65.0123
-65.0123
-65.0123
-65.0123
-65.0123
-65.0123
-65.0123
-65.0123
-65.0123
-65.0123
-65.0123
-65.0123
-65.0123
-65.0123
-65.0123
-65.0123
-65.0123
-65.0123
-65.0123
-65.0123
-65.0123
-65.0123
-65.0123
-65.0123
-65.0123
-65.0123
-65.0123
-65.0123
-65.0123
-65.0123
-65.0123
-65.0123
-65.0123
-65.0123
-65.0123
-65.0123
-65.0123
-65.0123
-65.0123
-65.0123
-65.0123
-65.0123
-65.0123
-65.0123
-65.0123
-65.0123
-65.0123
-65.0123
-65.0123
-65.0123
-65.0123
-65.0123
-65.0123
-65.0123
-65.0123
-65.0123
-65.0123
-65.0123
-65.0123
-65.0123
-65.0123
-65.0123
-65.0123
-65.0123
-65.0123
-65.0123
-65.0123
-65.0123
-65.0122
-65.0122
-65.0122
-65.0122
-65.0122
-65.0122
-65.0122
-65.0122
-65.0122
-65.0122
-65.0122
-65.0122
-65.0122
-65.0122
-65.0122
-65.0122
-65.0122
-65.0122
-65.0122
-65.0122
-65.0122
-65.0122
-65.0122
-65.0122
-65.0122
-65.0122
-65.0122
-65.0122
-65.0122
-65.0122
-65.0122
-65.0122
-65.0122
-65.0122
-65.0122
-65.0122
-65.0122
-65.0122
-65.0122
-65.0122
-65.0122
-65.0122
-65.0122
-65.0122
-65.0122
-65.0122
-65.0122
-64.9938
-64.6161
-64.3207
-64.1018
-63.897
-63.7104
-63.3101
-63.0101
-62.6549
-62.3655
-62.0445
-61.8129
-61.6345
-61.4542
-61.299
-61.1797
-61.031
-60.9275
-60.8539
-60.8059
-60.7765
-60.7624
-60.7427
-60.7161
-60.709
-60.7161
-60.7352
-60.763
-60.7977
-60.8383
-60.8462
-60.8584
-60.8835
-60.9193
-60.9621
-61.0099
-61.0616
-61.1084
-61.0852
-61.0679
-61.0723
-61.0933
-61.1249
-61.1635
-61.2074
-61.2554
-61.2874
-61.2783
-61.2479
-61.2122
-61.1799
-61.1734
-61.183
-61.2045
-61.2343
-61.2704
-61.3118
-61.3574
-61.4064
-61.4581
-61.512
-61.5675
-61.6244
-61.6822
-61.7407
-61.7995
-61.8586
-61.902
-61.9043
-61.925
-61.9388
-61.919
-61.8914
-61.8405
-61.78
-61.7509
-61.7042
-61.6031
-61.4821
-61.3334
-61.1603
-61.0235
-60.904
-60.8054
-60.7431
-60.5491
-60.3579
-60.1606
-60.0066
-59.906
-59.8427
-59.807
-59.7921
-59.7942
-59.8104
-59.8384
-59.8762
-59.8874
-59.906
-59.9392
-59.9488
-59.9755
-60.0144
-60.0645
-60.1218
-60.1845
-60.2516
-60.3221
-60.3954
-60.4708
-60.5478
-60.626
-60.7051
-60.7847
-60.8646
-60.9445
-61.0241
-61.1034
-61.1821
-61.2602
-61.3376
-61.414
-61.4896
-61.5641
-61.6376
-61.7099
-61.781
-61.851
-61.9197
-61.9872
-62.0534
-62.1183
-62.1819
-62.2443
-62.3053
-62.3651
-62.4236
-62.4809
-62.5369
-62.5917
-62.6452
-62.6975
-62.7487
-62.7986
-62.8474
-62.8951
-62.9416
-62.9871
-63.0314
-63.0747
-63.117
-63.1582
-63.1984
-63.2376
-63.2759
-63.3133
-63.3497
-63.3852
-63.4198
-63.4536
-63.4865
-63.5187
-63.55
-63.5805
-63.6103
-63.6393
-63.6676
-63.6952
-63.7221
-63.7484
-63.7307
-63.7142
-63.7081
-63.71
-63.7163
-63.7255
-63.7369
-63.7498
-63.764
-63.7324
-63.7036
-63.6327
-63.5812
-63.5471
-63.4417
-63.1042
-62.6768
-62.38
-61.9892
-61.6519
-61.4025
-61.2184
-61.0527
-60.8795
-60.7352
-60.6331
-60.5627
-60.5168
-60.4901
-60.4793
-60.4819
-60.4959
-60.5196
-60.5514
-60.5901
-60.6347
-60.6842
-60.7379
-60.795
-60.855
-60.9173
-60.9415
-60.9732
-60.9862
-60.9691
-60.8907
-60.8449
-60.8273
-60.811
-60.7904
-60.7915
-60.7703
-60.762
-60.7713
-60.7948
-60.8281
-60.8237
-60.8328
-60.807
-60.8064
-60.8221
-60.8512
-60.8889
-60.9331
-60.9824
-61.0358
-61.0925
-61.1519
-61.2133
-61.2764
-61.3406
-61.4057
-61.4714
-61.5373
-61.6033
-61.6693
-61.7349
-61.8002
-61.826
-61.8455
-61.8768
-61.916
-61.8939
-61.8587
-61.7989
-61.7371
-61.6861
-61.6275
-61.588
-61.5673
-61.5156
-61.4914
-61.4843
-61.4918
-61.4919
-61.4122
-61.2869
-61.1806
-61.1151
-60.984
-60.7838
-60.6021
-60.4376
-60.3326
-60.265
-60.2259
-60.2074
-60.2055
-60.2175
-60.2362
-60.2373
-60.2563
-60.2664
-60.2546
-60.2015
-60.1783
-60.1643
-60.1475
-60.1547
-60.1772
-60.2125
-60.2567
-60.308
-60.365
-60.4267
-60.4922
-60.5607
-60.6316
-60.7045
-60.7787
-60.854
-60.93
-61.0064
-61.083
-61.1595
-61.2358
-61.3117
-61.387
-61.4616
-61.5355
-61.6085
-61.6805
-61.7516
-61.8215
-61.8904
-61.9582
-62.0247
-62.0901
-62.1543
-62.2172
-62.2789
-62.3394
-62.3987
-62.4567
-62.5136
-62.5692
-62.6235
-62.6767
-62.7287
-62.7796
-62.8293
-62.8778
-62.9252
-62.9715
-63.0167
-63.0609
-63.104
-63.146
-63.1871
-63.2271
-63.2662
-63.3043
-63.3415
-63.3778
-63.4131
-63.4476
-63.4813
-63.5141
-63.5461
-63.5773
-63.6077
-63.6374
-63.6663
-63.6945
-63.722
-63.7487
-63.7749
-63.8003
-63.8252
-63.8494
-63.8729
-63.8959
-63.9184
-63.9402
-63.9615
-63.9823
-64.0025
-64.0223
-64.0415
-64.0602
-64.0785
-64.0963
-64.1137
-64.053
-63.8456
-63.7115
-63.614
-63.5474
-63.4977
-63.4606
-63.3249
-63.1664
-63.0559
-62.9257
-62.8282
-62.757
-62.6369
-62.2156
-61.8634
-61.6108
-61.4329
-61.3018
-61.1487
-61.0377
-60.9581
-60.9052
-60.872
-60.8549
-60.8513
-60.859
-60.8764
-60.9019
-60.9105
-60.9042
-60.7511
-60.6612
-60.6077
-60.5867
-60.5842
-60.5892
-60.5704
-60.5738
-60.5847
-60.5716
-60.5805
-60.6029
-60.6146
-60.574
-60.5657
-60.5757
-60.6019
-60.6379
-60.6814
-60.7308
-60.785
-60.843
-60.8805
-60.9012
-60.937
-60.9818
-61.0336
-61.0896
-61.1486
-61.21
-61.2731
-61.3376
-61.4029
-61.4688
-61.5351
-61.6015
-61.6679
-61.7339
-61.7995
-61.8647
-61.9291
-61.9929
-62.0559
-62.118
-62.1792
-62.2394
-62.2987
-62.3569
-62.4142
-62.4703
-62.5254
-62.5795
-62.6324
-62.6843
-62.7351
-62.7849
-62.8335
-62.8812
-62.8882
-62.8885
-62.9005
-62.9203
-62.9449
-62.932
-62.9154
-62.9037
-62.8388
-62.7166
-62.573
-62.3469
-62.0495
-61.7962
-61.6018
-61.426
-61.24
-60.9947
-60.7817
-60.6324
-60.5292
-60.459
-60.4133
-60.3875
-60.3781

