-70
-70.0758
-70.1508
-70.225
-70.2983
-70.3706
-70.4419
-70.5122
-70.5814
-70.6496
-70.7168
-70.7829
-70.848
-70.9121
-70.9752
-71.0373
-71.0984
-71.1586
-71.2178
-71.2761
-71.3334
-71.3899
-71.4455
-71.5003
-71.5543
-71.6074
-71.6598
-71.7114
-71.7623
-71.8124
-71.8619
-71.9106
-71.9587
-72.006
-72.0527
-72.0988
-72.1442
-72.1889
-72.2331
-72.2766
-72.3196
-72.362
-72.4038
-72.445
-72.4857
-72.5258
-72.5654
-72.6045
-72.6431
-72.6812
-72.7188
-72.756
-72.7927
-72.8289
-72.8647
-72.9
-72.9349
-72.9694
-73.0035
-73.0371
-73.0704
-73.1032
-73.1357
-73.1678
-73.1994
-73.2307
-73.2617
-73.2922
-73.3224
-73.3523
-73.3817
-73.4109
-73.4397
-73.4682
-73.4963
-73.5241
-73.5516
-73.5788
-73.6057
-73.6323
-73.6585
-73.6845
-73.7102
-73.7356
-73.7608
-73.7857
-73.8103
-73.8346
-73.8587
-73.8825
-73.9061
-73.9294
-73.9524
-73.9753
-73.9979
-74.0202
-74.0423
-74.0642
-74.0859
-74.1073
-74.1285
-74.1495
-74.1703
-74.1909
-74.2112
-74.2313
-74.2513
-74.271
-74.2905
-74.3098
-74.329
-74.3479
-74.3666
-74.3852
-74.4036
-74.4217
-74.4397
-74.4575
-74.4752
-74.4926
-74.5099
-74.527
-74.544
-74.5607
-74.5774
-74.5938
-74.6101
-74.6262
-74.6422
-74.658
-74.6736
-74.6891
-74.7045
-74.7197
-74.7347
-74.7496
-74.7644
-74.779
-74.7935
-74.8079
-74.8221
-74.8362
-74.8501
-74.864
-74.8777
-74.8913
-74.9047
-74.918
-74.9313
-74.9443
-74.9573
-74.9701
-74.9829
-74.9955
-75.008
-75.0204
-75.0327
-75.0448
-75.0569
-75.0688
-75.0806
-75.0924
-75.104
-75.1155
-75.1269
-75.1382
-75.1495
-75.1606
-75.1716
-75.1825
-75.1933
-75.204
-75.2147
-75.2252
-75.2356
-75.246
-75.2562
-75.2664
-75.2764
-75.2864
-75.2963
-75.3061
-75.3158
-75.3255
-75.335
-75.3445
-75.3538
-75.3631
-75.3724
-75.3815
-75.3906
-75.3995
-75.4084
-75.4172
-75.426
-75.4346
-75.4432
-75.4518
-75.4602
-75.4686
-75.4769
-75.4851
-75.4932
-75.5013
-75.5093
-75.5173
-75.5251
-75.533
-75.5407
-75.5484
-75.556
-75.5635
-75.571
-75.5784
-75.5858
-75.593
-75.6003
-75.6074
-75.6145
-75.6216
-75.6285
-75.6355
-75.6423
-75.6491
-75.6559
-75.6626
-75.6692
-75.6758
-75.6823
-75.6888
-75.6952
-75.7015
-75.7078
-75.7141
-75.7203
-75.7264
-75.7325
-75.7386
-75.7446
-75.7505
-75.7564
-75.7622
-75.768
-75.7738
-75.7795
-75.7851
-75.7907
-75.7963
-75.8018
-75.8072
-75.8127
-75.818
-75.8234
-75.8287
-75.8339
-75.8391
-75.8443
-75.8494
-75.8545
-75.8595
-75.8645
-75.8695
-75.8744
-75.8793
-75.8841
-75.8889
-75.8937
-75.8984
-75.9031
-75.9077
-75.9123
-75.9169
-75.9214
-75.9259
-75.9304
-75.9348
-75.9392
-75.9436
-75.9479
-75.9522
-75.9565
-75.9607
-75.9649
-75.969
-75.9731
-75.9772
-75.9813
-75.9853
-75.9893
-75.9933
-75.9972
-76.0011
-76.005
-76.0088
-76.0126
-76.0164
-76.0201
-76.0239
-76.0275
-76.0312
-76.0348
-76.0384
-76.042
-76.0456
-76.0491
-76.0526
-76.056
-76.0595
-76.0629
-76.0663
-76.0696
-76.0729
-76.0762
-76.0795
-76.0828
-76.086
-76.0892
-76.0924
-76.0955
-76.0986
-76.1017
-76.1048
-76.1079
-76.1109
-76.1139
-76.1169
-76.1198
-76.1228
-76.1257
-76.1286
-76.1314
-76.1343
-76.1371
-76.1399
-76.1427
-76.1455
-76.1482
-76.1509
-76.1536
-76.1563
-76.1589
-76.1615
-76.1642
-76.1667
-76.1693
-76.1719
-76.1744
-76.1769
-76.1794
-76.1819
-76.1843
-76.1868
-76.1892
-76.1916
-76.1939
-76.1963
-76.1986
-76.201
-76.2033
-76.2056
-76.2078
-76.2101
-76.2123
-76.2145
-76.2167
-76.2189
-76.2211
-76.2232
-76.2254
-76.2275
-76.2296
-76.2317
-76.2337
-76.2358
-76.2378
-76.2398
-76.2418
-76.2438
-76.2458
-76.2478
-76.2497
-76.2516
-76.2536
-76.2554
-76.2573
-76.2592
-76.2611
-76.2629
-76.2647
-76.2665
-76.2683
-76.2701
-76.2719
-76.2737
-76.2754
-76.2771
-76.2788
-76.2806
-76.2822
-76.2839
-76.2856
-76.2872
-76.2889
-76.2905
-76.2921
-76.2937
-76.2953
-76.2969
-76.2985
-76.3
-76.3016
-76.3031
-76.3046
-76.3061
-76.3076
-76.3091
-76.3106
-76.312
-76.3135
-76.3149
-76.3164
-76.3178
-76.3192
-76.3206
-76.322
-76.3233
-76.3247
-76.3261
-76.3274
-76.3287
-76.33
-76.3314
-76.3327
-76.334
-76.3352
-76.3365
-76.3378
-76.339
-76.3403
-76.3415
-76.3427
-76.3439
-76.3452
-76.3464
-76.3475
-76.3487
-76.3499
-76.351
-76.3522
-76.3533
-76.3545
-76.3556
-76.3567
-76.3578
-76.3589
-76.36
-76.3611
-76.3622
-76.3632
-76.3643
-76.3654
-76.3664
-76.3674
-76.3685
-76.3695
-76.3705
-76.3715
-76.3725
-76.3735
-76.3745
-76.3754
-76.3764
-76.3774
-76.3783
-76.3793
-76.3802
-76.3811
-76.382
-76.383
-76.3839
-76.3848
-76.3857
-76.3866
-76.3874
-76.3883
-76.3892
-76.39
-76.3909
-76.3917
-76.3926
-76.3934
-76.3943
-76.3951
-76.3959
-76.3967
-76.3975
-76.3983
-76.3991
-76.3999
-76.4007
-76.4014
-76.4022
-76.403
-76.4037
-76.4045
-76.4052
-76.406
-76.4067
-76.4074
-76.4082
-76.4089
-76.4096
-76.4103
-76.411
-76.4117
-76.4124
-73.9857
-69.7641
-66.4866
-63.9897
-62.0028
-60.2797
-58.5179
-56.0299
-46.3611
21.6001
-21.8092
-63.9917
-79.1502
-79.1926
-79.095
-78.9849
-78.8645
-78.7336
-78.5927
-78.4423
-78.2832
-78.1166
-77.9441
-77.7674
-77.5884
-77.4091
-77.2313
-77.0571
-76.8879
-76.7254
-76.5552
-76.3611
-76.198
-76.0627
-75.9494
-75.8634
-75.8115
-75.7762
-75.7495
-75.7286
-75.7121
-75.6989
-75.2806
-71.4516
-68.2999
-66.1515
-64.6397
-63.5369
-62.7007
-62.0393
-61.494
-61.0206
-60.5916
-60.1766
-59.751
-59.2854
-58.724
-57.9807
-56.8207
-54.3531
-28.1058
5.67444
-29.7041
-74.8246
-78.8504
-78.7597
-78.6122
-78.3853
-78.152
-77.9494
-77.7443
-77.5313
-77.3111
-77.0856
-76.8568
-74.3712
-71.7996
-70.119
-68.9446
-68.0615
-67.3625
-66.7899
-66.3108
-65.9054
-63.9452
-61.8934
-60.2416
-58.7268
-56.9754
-53.8098
17.5465
-0.950076
-33.4751
-77.1234
-79.6145
-79.61
-79.5623
-79.5081
-79.4486
-79.3839
-79.1243
-78.8644
-78.4965
-78.1439
-77.902
-77.4719
-77.1051
-76.8875
-76.7436
-76.6344
-76.5012
-76.3947
-76.3159
-76.2539
-76.203
-76.16
-76.1232
-76.0914
-76.0639
-76.04
-76.0193
-76.0013
-75.9859
-75.9726
-75.9613
-75.9517
-75.9437
-75.937
-75.9316
-75.9273
-75.924
-75.9216
-75.9199
-75.9189
-75.9185
-75.9187
-75.9193
-75.9204
-75.9218
-75.9236
-75.9257
-75.928
-75.9305
-75.9332
-75.9361
-75.9392
-75.9423
-75.9456
-75.949
-75.9525
-75.956
-75.9595
-75.9632
-75.9668
-75.9705
-75.9742
-75.9779
-75.9817
-75.9854
-75.9892
-75.9929
-75.9967
-76.0004
-76.0041
-76.0078
-76.0115
-76.0152
-76.0189
-76.0225
-76.0262
-76.0298
-75.6136
-71.4738
-67.738
-64.9248
-62.7375
-60.9207
-59.2046
-57.1293
-52.6528
43.0969
-9.93911
-41.3228
-78.4504
-78.9002
-78.7689
-78.621
-78.4595
-78.2843
-78.0959
-77.895
-77.6829
-75.4971
-73.7084
-72.6034
-71.7988
-71.1394
-70.5634
-70.0443
-69.5706
-68.5828
-66.1102
-64.0835
-62.5492
-61.3106
-60.2269
-59.173
-57.9858
-56.3009
-52.3557
44.2018
-10.386
-41.5456
-78.2645
-79.0692
-78.9204
-78.701
-78.5355
-78.3718
-78.0381
-77.7568
-77.5493
-77.3604
-77.177
-76.9971
-76.8212
-76.6505
-76.4862
-76.3294
-76.1809
-76.0413
-75.9112
-75.7908
-75.6801
-75.5791
-75.4875
-75.4049
-75.331
-75.2653
-71.7364
-68.0912
-65.4047
-63.383
-61.7824
-60.4054
-59.0523
-57.4033
-54.3471
12.4177
1.77567
-31.6655
-76.7778
-79.7432
-79.752
-79.7212
-79.686
-79.513
-77.3227
-76.2099
-75.6331
-75.18
-74.7589
-74.3478
-73.9426
-73.5444
-73.0646
-70.4561
-68.0767
-66.3666
-65.0825
-64.0763
-63.2588
-62.5733
-61.9801
-61.4526
-60.9666
-59.4515
-57.0758
-53.2284
42.9407
-5.67595
-36.9417
-77.8991
-79.4338
-79.3935
-79.2533
-79.091
-78.9752
-78.8623
-78.7439
-78.6197
-78.4903
-78.2081
-77.8635
-77.5473
-77.2677
-77.0064
-76.8136
-76.6623
-76.5366
-76.4288
-76.3344
-76.2511
-76.1771
-76.1115
-76.0531
-76.0003
-75.9566
-75.9215
-75.8928
-75.8692
-75.8496
-75.8334
-75.8199
-75.8088
-75.7998
-75.7925
-75.7867
-75.7823
-75.779
-75.7767
-75.7754
-75.7748
-75.7749
-75.7756
-75.7769
-75.7786
-75.7808
-75.7833
-75.7861
-75.7893
-75.7926
-75.7962
-75.8
-75.8039
-75.808
-75.8122
-75.8165
-75.8209
-75.8253
-75.8298
-75.8344
-75.839
-75.8436
-75.8483
-75.853
-75.8576
-75.8623
-75.867
-75.8717
-75.8764
-75.881
-75.8857
-75.8903
-75.8949
-75.8995
-75.9041
-75.9086
-75.9131
-75.9176
-75.9221
-75.9265
-75.9309
-75.9353
-75.9396
-75.944
-75.9483
-75.9525
-75.9567
-75.9609
-75.9651
-75.9692
-75.9734
-75.9774
-73.1481
-69.0536
-65.9121
-63.508
-61.5721
-59.8472
-57.9828
-54.9736
-18.6364
6.53546
-28.9542
-74.9243
-78.9347
-78.8276
-78.6859
-78.5304
-78.3612
-78.1788
-77.9836
-77.7766
-76.648
-74.4026
-72.9781
-72.0263
-71.2883
-70.6639
-70.1112
-69.6114
-69.1558
-68.1733
-65.6684
-63.6077
-62.0326
-60.7361
-59.5556
-58.3161
-56.6938
-53.4032
37.6152
-4.00322
-35.6845
-77.8393
-79.6517
-79.6083
-79.5352
-79.37
-79.2003
-79.011
-78.7758
-78.5559
-78.4039
-78.274
-78.1517
-78.0337
-77.9192
-77.8088
-77.7028
-77.6018
-77.5063
-77.4165
-77.3327
-77.2549
-77.1831
-77.1172
-77.0569
-74.1441
-70.0841
-67.0801
-64.8656
-63.1746
-61.8153
-60.635
-59.4876
-58.1673
-56.1518
-49.6616
30.1444
-18.153
-55.5299
-79.545
-79.7972
-79.7767
-79.7482
-79.7163
-79.6813
-79.6431
-79.6016
-79.5571
-78.7807
-75.3354
-73.0344
-71.5843
-70.5448
-69.73
-69.0539
-68.4736
-67.9663
-67.5191
-67.1243
-64.9152
-62.6134
-60.7911
-59.179
-57.4197
-54.5607
-27.9914
6.06702
-29.4253
-74.6621
-78.9126

