-70
-70.0758
-70.1508
-70.225
-70.2983
-70.3706
-70.4419
-70.5122
-70.5814
-70.6496
-70.7168
-70.7829
-70.848
-70.9121
-70.9752
-71.0373
-71.0984
-71.1586
-71.2178
-71.2761
-71.3334
-71.3899
-71.4455
-71.5003
-71.5543
-71.6074
-71.6598
-71.7114
-71.7623
-71.8124
-71.8619
-71.9106
-71.9587
-72.006
-72.0527
-72.0988
-72.1442
-72.1889
-72.2331
-72.2766
-72.3196
-72.362
-72.4038
-72.445
-72.4857
-72.5258
-72.5654
-72.6045
-72.6431
-72.6812
-72.7188
-72.756
-72.7927
-72.8289
-72.8647
-72.9
-72.9349
-72.9694
-73.0035
-73.0371
-73.0704
-73.1032
-73.1357
-73.1678
-73.1994
-73.2307
-73.2617
-73.2922
-73.3224
-73.3523
-73.3817
-73.4109
-73.4397
-73.4682
-73.4963
-73.5241
-73.5516
-73.5788
-73.6057
-73.6323
-73.6585
-73.6845
-73.7102
-73.7356
-73.7608
-73.7857
-73.8103
-73.8346
-73.8587
-73.8825
-73.9061
-73.9294
-73.9524
-73.9753
-73.9979
-74.0202
-74.0423
-74.0642
-74.0859
-74.1073
-74.1285
-74.1495
-74.1703
-74.1909
-74.2112
-74.2313
-74.2513
-74.271
-74.2905
-74.3098
-74.329
-74.3479
-74.3666
-74.3852
-74.4036
-74.4217
-74.4397
-74.4575
-74.4752
-74.4926
-74.5099
-74.527
-74.544
-74.5607
-74.5774
-74.5938
-74.6101
-74.6262
-74.6422
-74.658
-74.6736
-74.6891
-74.7045
-74.7197
-74.7347
-74.7496
-74.7644
-74.779
-74.7935
-74.8079
-74.8221
-74.8362
-74.8501
-74.864
-74.8777
-74.8913
-74.9047
-74.918
-74.9313
-74.9443
-74.9573
-74.9701
-74.9829
-74.9955
-75.008
-75.0204
-75.0327
-75.0448
-75.0569
-75.0688
-75.0806
-75.0924
-75.104
-75.1155
-75.1269
-75.1382
-75.1495
-75.1606
-75.1716
-75.1825
-75.1933
-75.204
-75.2147
-75.2252
-75.2356
-75.246
-75.2562
-75.2664
-75.2764
-75.2864
-75.2963
-75.3061
-75.3158
-75.3255
-75.335
-75.3445
-75.3538
-75.3631
-75.3724
-75.3815
-75.3906
-75.3995
-75.4084
-75.4172
-75.426
-75.4346
-75.4432
-75.4518
-75.4602
-75.4686
-75.4769
-75.4851
-75.4932
-75.5013
-75.5093
-75.5173
-75.5251
-75.533
-75.5407
-75.5484
-75.556
-75.5635
-75.571
-75.5784
-75.5858
-75.593
-75.6003
-75.6074
-75.6145
-75.6216
-75.6285
-75.6355
-75.6423
-75.6491
-75.6559
-75.6626
-75.6692
-75.6758
-75.6823
-75.6888
-75.6952
-75.7015
-75.7078
-75.7141
-75.7203
-75.7264
-75.7325
-75.7386
-75.7446
-75.7505
-75.7564
-75.7622
-75.768
-75.7738
-75.7795
-75.7851
-75.7907
-75.7963
-75.8018
-75.8072
-75.8127
-75.818
-75.8234
-75.8287
-75.8339
-75.8391
-75.8443
-75.8494
-75.8545
-75.8595
-75.8645
-75.8695
-75.8744
-75.8793
-75.8841
-75.8889
-75.8937
-75.8984
-75.9031
-75.9077
-75.9123
-75.9169
-75.9214
-75.9259
-75.9304
-75.9348
-75.9392
-75.9436
-75.9479
-75.9522
-75.9565
-75.9607
-75.9649
-75.969
-75.9731
-75.9772
-75.9813
-75.9853
-75.9893
-75.9933
-75.9972
-76.0011
-76.005
-76.0088
-76.0126
-76.0164
-76.0201
-76.0239
-76.0275
-76.0312
-76.0348
-76.0384
-76.042
-76.0456
-76.0491
-76.0526
-76.056
-76.0595
-76.0629
-76.0663
-76.0696
-76.0729
-76.0762
-76.0795
-76.0828
-76.086
-76.0892
-76.0924
-76.0955
-76.0986
-76.1017
-76.1048
-76.1079
-76.1109
-76.1139
-76.1169
-76.1198
-76.1228
-76.1257
-76.1286
-76.1314
-76.1343
-76.1371
-76.1399
-76.1427
-76.1455
-76.1482
-76.1509
-76.1536
-76.1563
-76.1589
-76.1615
-76.1642
-76.1667
-76.1693
-76.1719
-76.1744
-76.1769
-76.1794
-76.1819
-76.1843
-76.1868
-76.1892
-76.1916
-76.1939
-76.1963
-76.1986
-76.201
-76.2033
-76.2056
-76.2078
-76.2101
-76.2123
-76.2145
-76.2167
-76.2189
-76.2211
-76.2232
-76.2254
-76.2275
-76.2296
-76.2317
-76.2337
-76.2358
-76.2378
-76.2398
-76.2418
-76.2438
-76.2458
-76.2478
-76.2497
-76.2516
-76.2536
-76.2554
-76.2573
-76.2592
-76.2611
-76.2629
-76.2647
-76.2665
-76.2683
-76.2701
-76.2719
-76.2737
-76.2754
-76.2771
-76.2788
-76.2806
-76.2822
-76.2839
-76.2856
-76.2872
-76.2889
-76.2905
-76.2921
-76.2937
-76.2953
-76.2969
-76.2985
-76.3
-76.3016
-76.3031
-76.3046
-76.3061
-76.3076
-76.3091
-76.3106
-76.312
-76.3135
-76.3149
-76.3164
-76.3178
-76.3192
-76.3206
-76.322
-76.3233
-76.3247
-76.3261
-76.3274
-76.3287
-76.33
-76.3314
-76.3327
-76.334
-76.3352
-76.3365
-76.3378
-76.339
-76.3403
-76.3415
-76.3427
-76.3439
-76.3452
-76.3464
-76.3475
-76.3487
-76.3499
-76.351
-76.3522
-76.3533
-76.3545
-76.3556
-76.3567
-76.3578
-76.3589
-76.36
-76.3611
-76.3622
-76.3632
-76.3643
-76.3654
-76.3664
-76.3674
-76.3685
-76.3695
-76.3705
-76.3715
-76.3725
-76.3735
-76.3745
-76.3754
-76.3764
-76.3774
-76.3783
-76.3793
-76.3802
-76.3811
-76.382
-76.383
-76.3839
-76.3848
-76.3857
-76.3866
-76.3874
-76.3883
-76.3892
-76.39
-76.3909
-76.3917
-76.3926
-76.3934
-76.3943
-76.3951
-76.3959
-76.3967
-76.3975
-76.3983
-76.3991
-76.3999
-76.4007
-76.4014
-76.4022
-76.403
-76.4037
-76.4045
-76.4052
-76.406
-76.4067
-76.4074
-76.4082
-76.4089
-76.4096
-76.4103
-76.411
-76.4117
-73.1002
-69.0304
-65.9337
-63.559
-61.6448
-59.9422
-58.1173
-55.256
-31.589
9.72996
-27.2264
-73.2679
-79.2295
-79.1955
-79.0971
-78.9876
-78.8679
-78.7381
-78.5985
-78.4497
-78.2926
-78.1284
-77.9587
-77.7852
-77.5244
-77.2279
-76.9097
-76.6404
-76.4275
-76.2053
-76.051
-75.9434
-75.8708
-75.8207
-75.7944
-75.781
-72.6214
-70.0076
-68.5274
-67.659
-67.1282
-66.7948
-66.5832
-66.4505
-66.3713
-66.3296
-66.3152
-66.3215
-66.344
-66.3793
-66.4251
-66.4796
-66.5415
-66.6096
-66.6831
-66.7613
-66.8435
-66.9293
-67.018
-67.1094
-67.203
-67.2985
-67.3955
-67.4939
-67.9761
-68.9103
-69.6775
-70.2829
-70.7673
-71.1599
-71.482
-71.7493
-71.9736
-72.1635
-70.2534
-66.8536
-64.2885
-62.3708
-60.8447
-59.5012
-58.1135
-56.2501
-51.7979
41.237
-12.8911
-44.8812
-78.5089
-79.0748
-78.9751
-78.8522
-78.7174
-78.5713
-78.4144
-78.1728
-77.8948
-77.584
-77.2072
-76.9274
-76.7073
-76.4406
-76.2439
-76.0969
-75.977
-75.8803
-75.8078
-75.7589
-75.7174
-75.6807
-75.6482
-75.6196
-75.5945
-75.5726
-75.5536
-75.5372
-75.5233
-75.5115
-75.5018
-75.4937
-75.4874
-75.4824
-75.4788
-75.4764
-75.475
-75.4746
-75.4751
-75.4763
-75.4782
-75.4808
-75.4838
-75.4874
-75.4914
-75.4958
-75.5006
-75.5056
-75.5483
-75.6008
-75.643
-75.677
-75.7048
-75.7279
-75.7474
-75.764
-75.7785
-75.7911
-75.8024
-75.8125
-75.8216
-75.83
-75.8378
-75.8451
-75.8519
-75.8583
-75.8645
-75.8704
-75.876
-75.8815
-75.8868
-75.892
-75.8971
-75.902
-75.9069
-75.9117
-75.9164
-75.921
-75.9256
-75.9301
-75.9346
-75.939
-75.9434
-75.9477
-75.952
-75.9562
-75.5417
-71.4135
-67.6903
-64.8878
-62.7092
-60.8989
-59.1868
-57.1121
-52.618
42.9619
-10.0776
-41.4842
-78.5179
-78.8787
-78.7346
-78.5826
-78.4169
-78.2373
-78.0443
-77.8386
-77.6215
-75.8288
-73.8273
-72.5863
-71.7108
-71.0101
-70.4077
-69.8708
-69.3842
-68.5781
-66.6494
-65.4117
-64.5827
-63.9856
-63.9297
-64.6425
-65.6306
-67.4471
-68.8146
-69.6413
-70.3935
-71.1513
-69.6283
-67.8099
-66.7105
-66.0425
-65.6243
-66.0453
-67.4613
-68.4901
-69.6614
-70.4465
-70.9154
-71.2098
-71.4042
-71.5391
-71.6371
-71.7118
-71.7714
-71.8208
-71.8637
-71.902
-71.9373
-71.9707
-72.0028
-72.0343
-72.0653
-72.0962
-72.1272
-72.1583
-72.1896
-72.2213
-72.2532
-72.2854
-72.318
-72.3508
-72.3838
-72.4518
-72.8308
-73.1831
-73.4601
-73.6811
-73.473
-69.9074
-66.8425
-64.667
-63.0674
-61.8308
-60.8073
-59.88
-58.9337
-57.7947
-56.0207
-50.3392
33.0123
-17.0764
-52.4663
-78.9541
-79.2302
-79.1428
-79.039
-78.9251
-78.1819
-76.5544
-75.7185
-75.1884
-74.7736
-74.4322
-74.0917
-73.8391
-73.6867
-73.635
-73.7806
-73.8485
-73.9842
-74.0479
-74.0574
-74.0418
-74.0153
-74.0622
-74.1858
-74.2666
-74.3159
-74.3467
-74.3666
-74.3798
-74.3892
-74.3964
-74.4025
-74.4081
-74.4138
-74.4197
-74.4261
-74.4329
-74.4404
-74.4485
-74.4571
-74.4664
-74.4762
-74.4865
-74.5326
-74.6792
-74.8063
-74.9073
-74.9888
-75.0556
-75.111
-75.1576
-75.1972
-75.2313
-75.261
-75.287
-75.3101
-75.3307
-75.3494
-75.3664
-75.382
-75.3964
-75.4099
-75.4225
-75.4344
-75.4457
-75.4565
-75.4668
-75.4768
-75.4863
-75.4956
-75.5047
-75.5135
-75.5221
-75.5305
-75.5387
-75.5468
-75.5548
-75.5626
-75.5704
-75.578
-75.5855
-75.5929
-75.6003
-75.6075
-75.6147
-75.6218
-75.6289
-75.6358
-75.6427
-75.6495
-75.6563
-75.663
-75.6697
-75.6762
-75.6828
-75.6892
-75.6957
-75.702
-75.7083
-75.7146
-75.7208
-75.7269
-75.733
-75.739
-75.745
-72.9433
-68.8871
-65.7742
-63.3895
-61.4637
-59.7361
-57.8418
-54.6698
5.78281
3.37738
-30.668
-76.1565
-78.9318
-78.7797
-78.6318
-78.4704
-78.2952
-78.1064
-77.9046
-77.691
-76.7879
-74.4675
-72.9412
-71.9355
-71.1661
-70.5221
-69.9565
-69.448
-68.9865
-68.4271
-66.6362
-65.2376
-64.2703
-63.5693
-63.0413
-63.357
-65.2011
-66.5598
-68.103
-69.183
-70.1603
-71.0206
-71.5604
-71.9051
-71.0379
-68.4203
-66.6126
-65.459
-64.7947
-65.2108
-65.6566
-65.9763
-66.216
-66.4041
-66.5582
-66.6893
-66.8051
-66.9104
-67.0086
-67.1021
-67.1927
-67.2814
-67.914
-68.7818
-69.4559
-69.975
-70.3823
-70.7075
-70.9714
-71.1888
-71.3706
-71.5247
-71.657
-71.7721
-71.8733
-71.9635
-72.0445
-72.1182
-72.1857
-72.2482
-72.3064
-72.3611
-72.4128
-72.462
-72.509
-72.5541
-72.5976
-72.6398
-70.5551
-66.9058
-64.079
-61.8974
-60.0708
-58.2777
-55.8732
-48.0908
24.8285
-20.837
-61.425
-79.3146
-78.7494
-78.4886
-78.3063
-78.113
-77.9052
-77.6832
-77.4484
-77.2023
-76.2674
-73.8276
-72.1475

