-70
-70.0758
-70.1508
-70.225
-70.2983
-70.3706
-70.4419
-70.5122
-70.5814
-70.6496
-70.7168
-70.7829
-70.848
-70.9121
-70.9752
-71.0373
-71.0984
-71.1586
-71.2178
-71.2761
-71.3334
-71.3899
-71.4455
-71.5003
-71.5543
-71.6074
-71.6598
-71.7114
-71.7623
-71.8124
-71.8619
-71.9106
-71.9587
-72.006
-72.0527
-72.0988
-72.1442
-72.1889
-72.2331
-72.2766
-72.3196
-72.362
-72.4038
-72.445
-72.4857
-72.5258
-72.5654
-72.6045
-72.6431
-72.6812
-72.7188
-72.756
-72.7927
-72.8289
-72.8647
-72.9
-72.9349
-72.9694
-73.0035
-73.0371
-73.0704
-73.1032
-73.1357
-73.1678
-73.1994
-73.2307
-73.2617
-73.2922
-73.3224
-73.3523
-73.3817
-73.4109
-73.4397
-73.4682
-73.4963
-73.5241
-73.5516
-73.5788
-73.6057
-73.6323
-73.6585
-73.6845
-73.7102
-73.7356
-73.7608
-73.7857
-73.8103
-73.8346
-73.8587
-73.8825
-73.9061
-73.9294
-73.9524
-73.9753
-73.9979
-74.0202
-74.0423
-74.0642
-74.0859
-74.1073
-74.1285
-74.1495
-74.1703
-74.1909
-74.2112
-74.2313
-74.2513
-74.271
-74.2905
-74.3098
-74.329
-74.3479
-74.3666
-74.3852
-74.4036
-74.4217
-74.4397
-74.4575
-74.4752
-74.4926
-74.5099
-74.527
-74.544
-74.5607
-74.5774
-74.5938
-74.6101
-74.6262
-74.6422
-74.658
-74.6736
-74.6891
-74.7045
-74.7197
-74.7347
-74.7496
-74.7644
-74.779
-74.7935
-74.8079
-74.8221
-74.8362
-74.8501
-74.864
-74.8777
-74.8913
-74.9047
-74.918
-74.9313
-74.9443
-74.9573
-74.9701
-74.9829
-74.9955
-75.008
-75.0204
-75.0327
-75.0448
-75.0569
-75.0688
-75.0806
-75.0924
-75.104
-75.1155
-75.1269
-75.1382
-75.1495
-75.1606
-75.1716
-75.1825
-75.1933
-75.204
-75.2147
-75.2252
-75.2356
-75.246
-75.2562
-75.2664
-75.2764
-75.2864
-75.2963
-75.3061
-75.3158
-75.3255
-75.335
-75.3445
-75.3538
-75.3631
-75.3724
-75.3815
-75.3906
-75.3995
-75.4084
-75.4172
-75.426
-75.4346
-75.4432
-75.4518
-75.4602
-75.4686
-75.4769
-75.4851
-75.4932
-75.5013
-75.5093
-75.5173
-75.5251
-75.533
-75.5407
-75.5484
-75.556
-75.5635
-75.571
-75.5784
-75.5858
-75.593
-75.6003
-75.6074
-75.6145
-75.6216
-75.6285
-75.6355
-75.6423
-75.6491
-75.6559
-75.6626
-75.6692
-75.6758
-75.6823
-75.6888
-75.6952
-75.7015
-75.7078
-75.7141
-75.7203
-75.7264
-75.7325
-75.7386
-75.7446
-75.7505
-75.7564
-75.7622
-75.768
-75.7738
-75.7795
-75.7851
-75.7907
-75.7963
-75.8018
-75.8072
-75.8127
-75.818
-75.8234
-75.8287
-75.8339
-75.8391
-75.8443
-75.8494
-75.8545
-75.8595
-75.8645
-75.8695
-75.8744
-75.8793
-75.8841
-75.8889
-75.8937
-75.8984
-75.9031
-75.9077
-75.9123
-75.9169
-75.9214
-75.9259
-75.9304
-75.9348
-75.9392
-75.9436
-75.9479
-75.9522
-75.9565
-75.9607
-75.9649
-75.969
-75.9731
-75.9772
-75.9813
-75.9853
-75.9893
-75.9933
-75.9972
-76.0011
-76.005
-76.0088
-76.0126
-76.0164
-76.0201
-76.0239
-76.0275
-76.0312
-76.0348
-76.0384
-76.042
-76.0456
-76.0491
-76.0526
-76.056
-76.0595
-76.0629
-76.0663
-76.0696
-76.0729
-76.0762
-76.0795
-76.0828
-76.086
-76.0892
-76.0924
-76.0955
-76.0986
-76.1017
-76.1048
-76.1079
-76.1109
-76.1139
-76.1169
-76.1198
-76.1228
-76.1257
-76.1286
-76.1314
-76.1343
-76.1371
-76.1399
-76.1427
-76.1455
-76.1482
-76.1509
-76.1536
-76.1563
-76.1589
-76.1615
-76.1642
-76.1667
-76.1693
-76.1719
-76.1744
-76.1769
-76.1794
-76.1819
-76.1843
-76.1868
-76.1892
-76.1916
-76.1939
-76.1963
-76.1986
-76.201
-76.2033
-76.2056
-76.2078
-76.2101
-76.2123
-76.2145
-76.2167
-76.2189
-76.2211
-76.2232
-76.2254
-76.2275
-76.2296
-76.2317
-76.2337
-76.2358
-76.2378
-76.2398
-76.2418
-76.2438
-76.2458
-76.2478
-76.2497
-76.2516
-76.2536
-76.2554
-76.2573
-76.2592
-76.2611
-76.2629
-76.2647
-76.2665
-76.2683
-76.2701
-76.2719
-76.2737
-76.2754
-76.2771
-76.2788
-76.2806
-76.2822
-76.2839
-76.2856
-76.2872
-76.2889
-76.2905
-76.2921
-76.2937
-76.2953
-76.2969
-76.2985
-76.3
-76.3016
-76.3031
-76.3046
-76.3061
-76.3076
-76.3091
-76.3106
-76.312
-76.3135
-76.3149
-76.3164
-76.3178
-76.3192
-76.3206
-76.322
-76.3233
-76.3247
-76.3261
-76.3274
-76.3287
-76.33
-76.3314
-76.3327
-76.334
-76.3352
-76.3365
-76.3378
-76.339
-76.3403
-76.3415
-76.3427
-76.3439
-76.3452
-76.3464
-76.3475
-76.3487
-76.3499
-76.351
-76.3522
-76.3533
-76.3545
-76.3556
-76.3567
-76.3578
-76.3589
-76.36
-76.3611
-76.3622
-76.3632
-76.3643
-76.3654
-76.3664
-76.3674
-76.3685
-76.3695
-76.3705
-76.3715
-76.3725
-76.3735
-76.3745
-76.3754
-76.3764
-76.3774
-76.3783
-76.3793
-76.3802
-76.3811
-76.382
-76.383
-76.3839
-76.3848
-76.3857
-76.3866
-76.3874
-76.3883
-76.3892
-76.39
-76.3909
-76.3917
-76.3926
-76.3934
-76.3943
-76.3951
-76.3959
-76.3967
-76.3975
-76.3983
-76.3991
-76.3999
-76.4007
-76.4014
-76.4022
-76.403
-76.4037
-76.4045
-76.4052
-76.406
-75.9818
-71.7886
-67.4378
-61.8514
-57.3919
-49.6155
30.047
-17.5987
-54.2691
-79.014
-79.1466
-78.434
-77.6405
-76.0704
-75.2639
-74.758
-74.2817
-73.8001
-73.3114
-72.8188
-71.1181
-68.6895
-65.532
-63.3487
-61.9023
-60.8078
-59.8722
-58.9728
-57.9864
-56.6921
-54.3547
-40.3584
9.96666
-27.784
-72.8647
-79.428
-79.467
-78.1061
-77.4528
-75.4281
-74.3806
-73.7832
-73.262
-72.9403
-72.697
-72.5368
-72.2899
-72.0078
-71.7218
-71.4446
-71.1818
-70.9367
-70.7106
-70.5044
-70.3181
-70.1517
-70.0046
-69.8763
-69.7659
-69.6725
-69.5952
-69.5328
-69.4843
-69.4487
-69.4249
-69.4119
-69.4088
-69.4146
-69.4284
-69.4494
-69.4769
-69.5101
-69.9072
-69.3603
-66.6684
-64.6667
-63.2811
-62.2775
-61.5139
-60.9006
-60.0097
-57.3565
-53.57
28.6755
-2.84952
-34.6619
-76.6096
-78.309
-78.1375
-77.9236
-77.6913
-75.9933
-75.0136
-74.4415
-73.9434
-71.7612
-70.0528
-68.9795
-68.1745
-67.91
-66.4682
-65.756
-65.3889
-65.0997
-64.8591
-64.6547
-64.4803
-64.3324
-65.0455
-65.8891
-66.453
-67.3629
-68.2984
-69.2715
-70.1975
-70.7962
-71.1875
-71.4975
-72.0776
-72.515
-72.807
-73.0089
-73.1537
-73.2609
-73.3428
-73.4074
-73.4597
-73.5033
-73.5407
-73.5736
-73.6031
-73.6301
-73.6553
-73.6792
-73.7021
-73.7242
-73.7459
-73.7671
-73.7881
-73.8089
-73.8296
-73.8502
-73.8707
-73.8911
-73.9116
-73.932
-73.9524
-73.9728
-73.9931
-74.0134
-74.0337
-74.0539
-74.074
-74.0941
-74.1141
-74.134
-74.1538
-74.1735
-74.1931
-74.2126
-74.232
-74.2513
-74.2704
-74.2894
-74.3082
-74.3269
-74.3455
-74.3639
-74.3821
-74.4002
-74.4182
-74.436
-74.4536
-74.4711
-74.4885
-74.5056
-74.5227
-74.5395
-74.5562
-74.5728
-74.5892
-71.0718
-67.3382
-63.5283
-58.8798
-53.8442
46.2298
-4.50275
-35.7382
-77.8146
-79.133
-78.8233
-77.769
-76.9426
-75.502
-74.7844
-74.2683
-73.7729
-73.275
-72.7738
-71.8708
-69.438
-67.1485
-64.3195
-62.3846
-61.0293
-59.9381
-58.9293
-57.8413
-55.6228
-49.8416
32.3616
-17.8629
-53.2013
-78.1874
-78.3827
-78.2033
-78.0002
-77.0536
-75.7141
-75.0426
-74.5514
-73.9872
-71.5573
-70.0804
-69.2209
-68.5893
-68.5273
-68.8435
-69.2562
-69.4109
-69.4282
-69.3837
-69.3129
-69.2336
-69.1552
-69.0826
-69.0182
-68.9635
-68.919
-68.9499
-69.5612
-70.1076
-70.5107
-70.8151
-71.0505
-71.2367
-71.3872
-71.5115
-71.6161
-71.706
-71.7846
-71.8545
-71.9177
-71.9756
-72.0294
-72.0799
-72.1278
-69.723
-66.2614
-63.6393
-61.6227
-59.3784
-55.3553
-37.6101
10.5796
-26.9978
-72.2996
-79.0376
-79.0039
-78.4666
-77.2416
-76.725
-75.2183
-73.767
-72.9733
-72.3579
-71.7887
-71.2377
-70.7004
-70.0908
-67.5727
-65.4469
-63.3352
-60.6428
-58.5237
-56.4047
-52.5665
44.3356
-8.37666
-39.3452
-78.0573
-79.1705
-79.0937
-78.9862
-78.8681
-78.7403
-78.5819
-78.2964
-78.0766
-77.8893
-77.7109
-77.5357
-77.3629
-77.1163
-76.8796
-76.6837
-76.5154
-76.3671
-76.2346
-76.1155
-76.0084
-75.912
-75.8261
-75.7663
-75.7206
-75.6822
-75.6498
-75.6224
-75.5991
-75.5795
-75.5631
-75.5495
-75.5383
-75.5292
-75.5221
-75.5473
-75.5889
-75.6221
-75.6483
-75.6696
-75.6871
-75.7018
-75.7145
-75.7255
-75.7353
-75.7441
-75.7521
-75.7596
-75.7665
-75.7731
-75.7793
-75.7854
-75.7912
-75.7968
-75.8023
-75.8077
-75.813
-75.8183
-75.8234
-75.8286
-75.8336
-75.8386
-75.8436
-75.8485
-75.8534
-75.8583
-75.8632
-75.868
-75.8728
-75.8775
-75.8822
-75.8869
-75.8916
-75.8963
-75.9009
-75.9055
-75.91
-75.9145
-75.919
-75.9235
-75.9279
-75.9323
-75.9367
-75.941
-75.9453
-75.9496
-75.9539
-72.6958
-68.691
-65.6437
-63.3028
-59.8516
-55.398
-17.9116
7.04175
-28.4972
-74.5718
-79.1541
-79.0956
-78.4229
-77.3772
-76.9408
-76.6062
-74.8025
-73.239
-72.3685
-71.7065
-71.1116
-69.2392
-67.1541
-65.7593
-64.7527
-63.0335
-60.8899
-59.2041
-57.6234
-55.5664
-48.9483
27.6653
-19.981
-58.1033
-78.1508
-77.888
-77.6233
-77.3641
-77.0883
-75.4173
-74.3943
-73.7902
-73.2754
-72.7827
-72.2997
-71.826
-71.3645
-70.9186
-68.8028
-66.8266
-65.5855
-64.7525
-64.1913
-65.2362
-66.5142
-67.2703
-67.7167
-67.9912
-68.167
-68.2849
-68.3682
-68.4311
-68.4821
-68.5267
-68.5681
-68.7317
-69.4508
-70.0592
-70.5122
-70.8576
-71.1269
-71.3411
-71.5149
-71.6585
-71.7793
-71.8826
-71.9724
-72.0516
-72.1224
-72.1866
-72.2454
-72.3
-72.351
-72.3992
-72.4451
-72.4889
-72.5312
-72.5721
-72.6118
-72.6506
-72.6885
-72.7256
-72.7621
-72.798
-69.9152
-65.8458
-60.608
-56.2143
-44.7804
18.4466
-23.3238
-66.7655
-79.0269
-79.0379
-78.187
-76.89
-75.583
-74.9534
-74.4628
-73.9795
-73.4892
-72.9932
-72.4955
-70.9841
-68.27

