-70
-69.8623
-69.7285
-69.5983
-69.4718
-69.3487
-69.2291
-69.1128
-68.9997
-68.8897
-68.7828
-68.6789
-68.5778
-68.4795
-68.3839
-68.291
-68.2007
-68.1128
-68.0274
-67.9443
-67.8636
-67.7851
-67.7087
-67.6345
-67.5623
-67.4921
-67.4238
-67.3574
-67.2929
-67.2301
-67.1691
-67.1098
-67.0521
-66.996
-66.9414
-66.8884
-66.8368
-66.7866
-66.7378
-66.6904
-66.6443
-66.5994
-66.5558
-66.5133
-66.4721
-66.432
-66.393
-66.355
-66.3181
-66.2823
-66.2474
-66.2134
-66.1805
-66.1484
-66.1172
-66.0868
-66.0573
-66.0286
-66.0007
-65.9736
-65.9472
-65.9215
-65.8966
-65.8723
-65.8487
-65.8257
-65.8034
-65.7817
-65.7606
-65.74
-65.72
-65.7006
-65.6817
-65.6633
-65.6455
-65.6281
-65.6112
-65.5948
-65.5788
-65.5632
-65.5481
-65.5334
-65.5191
-65.5052
-65.4917
-65.4785
-65.4657
-65.4533
-65.4412
-65.4294
-65.418
-65.4068
-65.396
-65.3855
-65.3752
-65.3653
-65.3556
-65.3462
-65.337
-65.3281
-65.3194
-65.311
-65.3028
-65.2948
-65.2871
-65.2795
-65.2722
-65.2651
-65.2581
-65.2514
-65.2448
-65.2385
-65.2322
-65.2262
-65.2203
-65.2146
-65.2091
-65.2037
-65.1984
-65.1933
-65.1884
-65.1835
-65.1788
-65.1743
-65.1698
-65.1655
-65.1613
-65.1572
-65.1532
-65.1493
-65.1456
-65.1419
-65.1384
-65.1349
-65.1315
-65.1283
-65.1251
-65.122
-65.119
-65.1161
-65.1132
-65.1104
-65.1077
-65.1051
-65.1026
-65.1001
-65.0977
-65.0953
-65.0931
-65.0908
-65.0887
-65.0866
-65.0845
-65.0826
-65.0806
-65.0788
-65.0769
-65.0752
-65.0734
-65.0718
-65.0701
-65.0685
-65.067
-65.0655
-65.064
-65.0626
-65.0612
-65.0599
-65.0586
-65.0573
-65.0561
-65.0549
-65.0537
-65.0526
-65.0514
-65.0504
-65.0493
-65.0483
-65.0473
-65.0464
-65.0454
-65.0445
-65.0436
-65.0428
-65.0419
-65.0411
-65.0403
-65.0395
-65.0388
-65.0381
-65.0374
-65.0367
-65.036
-65.0353
-65.0347
-65.0341
-65.0335
-65.0329
-65.0323
-65.0318
-65.0313
-65.0307
-65.0302
-65.0297
-65.0293
-65.0288
-65.0283
-65.0279
-65.0275
-65.027
-65.0266
-65.0262
-65.0259
-65.0255
-65.0251
-65.0248
-65.0244
-65.0241
-65.0238
-65.0234
-65.0231
-65.0228
-65.0225
-65.0223
-65.022
-65.0217
-65.0215
-65.0212
-65.021
-65.0207
-65.0205
-65.0203
-65.02
-65.0198
-65.0196
-65.0194
-65.0192
-65.019
-65.0188
-65.0187
-65.0185
-65.0183
-65.0181
-65.018
-65.0178
-65.0177
-65.0175
-65.0174
-65.0172
-65.0171
-65.017
-65.0168
-65.0167
-65.0166
-65.0165
-65.0163
-65.0162
-65.0161
-65.016
-65.0159
-65.0158
-65.0157
-65.0156
-65.0155
-65.0154
-65.0153
-65.0153
-65.0152
-65.0151
-65.015
-65.0149
-65.0149
-65.0148
-65.0147
-65.0147
-65.0146
-65.0145
-65.0145
-65.0144
-65.0143
-65.0143
-65.0142
-65.0142
-65.0141
-65.0141
-65.014
-65.014
-65.0139
-65.0139
-65.0138
-65.0138
-65.0137
-65.0137
-65.0137
-65.0136
-65.0136
-65.0135
-65.0135
-65.0135
-65.0134
-65.0134
-65.0134
-65.0133
-65.0133
-65.0133
-65.0133
-65.0132
-65.0132
-65.0132
-65.0131
-65.0131
-65.0131
-65.0131
-65.0131
-65.013
-65.013
-65.013
-65.013
-65.0129
-65.0129
-65.0129
-65.0129
-65.0129
-65.0129
-65.0128
-65.0128
-65.0128
-65.0128
-65.0128
-65.0128
-65.0127
-65.0127
-65.0127
-65.0127
-65.0127
-65.0127
-65.0127
-65.0127
-65.0126
-65.0126
-65.0126
-65.0126
-65.0126
-65.0126
-65.0126
-65.0126
-65.0126
-65.0126
-65.0125
-65.0125
-65.0125
-65.0125
-65.0125
-65.0125
-65.0125
-65.0125
-65.0125
-65.0125
-65.0125
-65.0125
-65.0125
-65.0124
-65.0124
-65.0124
-65.0124
-65.0124
-65.0124
-65.0124
-65.0124
-65.0124
-65.0124
-65.0124
-65.0124
-65.0124
-65.0124
-65.0124
-65.0124
-65.0124
-65.0124
-65.0124
-65.0124
-65.0124
-65.0124
-65.0124
-65.0123
-65.0123
-65.0123
-65.0123
-65.0123
-65.0123
-65.0123
-65.0123
-65.0123
-65.0123
-65.0123
-65.0123
-65.0123
-65.0123
-65.0123
-65.0123
-65.0123
-65.0123
-65.0123
-65.0123
-65.0123
-65.0123
-65.0123
-65.0123
-65.0123
-65.0123
-65.0123
-65.0123
-65.0123
-65.0123
-65.0123
-65.0123
-65.0123
-65.0123
-65.0123
-65.0123
-65.0123
-65.0123
-65.0123
-65.0123
-65.0123
-65.0123
-65.0123
-65.0123
-65.0123
-65.0123
-65.0123
-65.0123
-65.0123
-65.0123
-65.0123
-65.0123
-65.0123
-65.0123
-65.0123
-65.0123
-65.0123
-65.0123
-65.0123
-65.0123
-65.0123
-65.0123
-65.0123
-65.0123
-65.0123
-65.0123
-65.0123
-65.0123
-65.0123
-65.0123
-65.0123
-65.0123
-65.0123
-65.0123
-64.8888
-64.7871
-64.7113
-64.6572
-64.6152
-64.5815
-64.5545
-64.5329
-64.5159
-64.5027
-64.4927
-64.4856
-64.4808
-64.478
-64.477
-64.4776
-64.4793
-64.4822
-64.4861
-64.4907
-64.496
-64.5019
-64.5083
-64.5151
-64.5223
-64.5297
-64.5373
-64.5451
-64.553
-64.5611
-64.5691
-64.5773
-64.5854
-64.5935
-64.4193
-63.9893
-63.7021
-63.488
-63.3342
-63.2137
-63.1185
-63.0435
-62.9854
-62.9414
-62.9092
-62.8872
-62.8738
-62.8677
-62.8679
-62.8734
-62.8835
-62.8975
-62.8886
-62.7228
-62.6164
-62.4062
-61.8717
-61.4803
-61.0778
-60.6813
-60.3026
-59.3791
-58.6398
-57.8777
-57.2223
-56.5272
-56.0298
-55.6521
-55.247
-54.8656
-54.5479
-54.0317
-53.6637
-53.3473
-53.114
-52.9453
-52.7687
-52.601
-52.4865
-52.4148
-52.344
-52.2999
-52.233
-52.2051
-52.2088
-52.2408
-52.2939
-52.3508
-52.4011
-52.4755
-52.5673
-52.6747
-52.794
-52.9236
-53.0622
-53.2086
-53.3619
-53.5211
-53.6853
-53.8211
-53.9342
-54.0496
-54.1688
-54.2647
-54.3759
-54.4587
-54.5606
-54.5997
-54.6584
-54.6475
-54.6427
-54.68
-54.7465
-54.8336
-54.9348
-55.047
-55.1303
-55.227
-55.2852
-55.319
-55.2678
-55.2086
-55.132
-55.0747
-55.0691
-55.0715
-55.078
-55.1165
-55.1225
-55.0415
-54.9513
-54.8962
-54.7741
-54.6233
-54.4205
-54.1486
-53.6992
-53.2897
-52.9334
-52.6499
-52.2131
-51.7151
-51.1904
-50.7861
-50.4244
-50.1361
-49.8789
-49.6686
-49.4659
-49.2419
-48.999
-48.7992
-48.5724
-48.3237
-48.0877
-47.8338
-47.5836
-47.301
-46.9868
-46.6268
-46.1925
-45.6386
-44.8743
-43.7013
-41.5034
-34.3215
41.1172
3.23827
-32.5504
-54.5567
-60.7706
-62.6393
-63.3483
-63.6509
-63.7817
-63.8366
-63.8575
-63.8635
-63.863
-63.8599
-63.856
-63.8521
-63.8486
-63.8456
-63.8432
-63.8414
-63.8401
-63.8393
-63.839
-63.8391
-63.8396
-63.8406
-63.8418
-63.8434
-63.8453
-63.8474
-63.8498
-63.8524
-63.8552
-63.8582
-63.8613
-63.8646
-63.868
-63.8715
-63.8751
-63.8787
-63.8825
-63.8863
-63.8902
-63.8941
-63.8981
-63.9021
-63.9061
-63.9101
-63.9141
-63.9182
-63.9223
-63.9263
-63.9304
-63.9345
-63.9385
-63.9426
-63.9466
-63.9294
-63.8196
-63.5727
-63.4045
-63.2794
-63.1889
-63.1182
-63.0067
-62.9229
-62.8592
-62.8125
-62.6859
-62.3947
-61.9617
-61.5935
-61.2793
-60.7531
-59.9228
-58.8594
-58.065
-57.2974
-56.6482
-56.1565
-55.6885
-55.3219
-54.9142
-54.5574
-54.2978
-54.1107
-53.9794
-53.8583
-53.7352
-53.6629
-53.6014
-53.5752
-53.5666
-53.565
-53.5784
-53.5587
-53.5534
-53.5683
-53.5822
-53.5681
-53.5784
-53.6208
-53.6651
-53.6686
-53.671
-53.648
-53.6154
-53.5817
-53.5725
-53.5633
-53.5919
-53.6194
-53.664
-53.7339
-53.8233
-53.8883
-53.9717
-54.073
-54.1896
-54.3169
-54.4529
-54.5959
-54.7446
-54.8979
-55.0548
-55.2146
-55.3765
-55.5401
-55.7047
-55.8699
-56.0351
-56.2
-56.3643
-56.5276
-56.6742
-56.7585
-56.8261
-56.8795
-56.9403
-57.0089
-56.8984
-56.67
-56.3314
-56.0771
-55.9209
-55.8002
-55.7252
-55.6382
-55.548
-55.4181
-55.3459
-55.1963
-54.9626
-54.5866
-54.1984
-53.9287
-53.721
-53.4681
-53.182
-52.7829
-52.4349
-52.0807
-51.7573
-51.5044
-51.3251
-51.2008
-51.0919
-51.0194
-50.9797
-50.9355
-50.8379
-50.7279
-50.6709
-50.5892
-50.5511
-50.4971
-50.4213
-50.3885
-50.3879
-50.4142
-50.4611
-50.5261
-50.6074
-50.7038
-50.8141
-50.9374
-51.0727
-51.219
-51.3755
-51.5415
-51.7161
-51.8979
-52.0859
-52.2793
-52.4775
-52.6799
-52.8857
-53.0938
-53.3036
-53.5145
-53.7262
-53.9382
-54.1496
-54.36
-54.5693
-54.7772
-54.9834
-55.1874
-55.389
-55.5881
-55.7846
-55.9784
-56.1691
-56.3567
-56.5412
-56.7225
-56.9006
-57.0754
-57.2469
-57.4149
-57.5796
-57.741
-57.8992
-58.054
-58.2055
-58.3537
-58.4987
-58.6405
-58.7791
-58.9147
-59.0473
-59.1768
-59.3033
-59.4268
-59.5476
-59.6655
-59.7806
-59.8931
-60.0029
-60.1101
-60.2147
-60.3169
-60.4165
-60.5138
-60.6088
-60.7014
-60.7919
-60.8801
-60.9662
-61.0502
-61.1322
-61.2122
-61.2902
-61.3662
-61.4405
-61.5129
-61.5835
-61.6525
-61.6674
-61.6951
-61.7306
-61.752
-61.4031
-60.848
-60.4651
-60.1169
-59.8477
-59.6508
-59.4935
-59.3142
-59.1267
-58.9393
-58.6557
-58.4452
-58.3009
-58.0719
-57.1066
-56.1757
-55.5118
-55.0274
-54.6403
-54.2676
-53.9937
-53.7502
-53.5673
-53.4092
-53.226
-53.086
-52.9987
-52.9543
-52.9428
-52.9471
-52.8581
-52.5472
-52.3116
-52.1376
-51.9917
-51.9074
-51.8642
-51.8203
-51.7896
-51.7285
-51.6513
-51.6081
-51.5926
-51.6106
-51.6188
-51.659
-51.7222
-51.8063
-51.9071
-52.0223
-52.1502
-52.2891
-52.4381
-52.5753
-52.6845
-52.8019
-52.9372
-53.06
-53.1809
-53.3192
-53.4388
-53.5627
-53.7024
-53.8263
-53.9469
-54.084
-54.2322
-54.3887
-54.5509
-54.6835
-54.8138
-54.9568
-55.1085
-55.2353
-55.3412
-55.4464
-55.5693
-55.703
-55.844
-55.9895
-56.1381
-56.2499
-56.3644
-56.4894
-56.6224
-56.7598
-56.8997
-57.0412
-57.164
-57.2593
-57.3694
-57.4867
-57.5636
-57.5808
-57.5908
-57.4524
-57.2087
-56.9813
-56.6695
-56.3533
-56.0984
-55.8065
-55.4514
-55.0704
-54.6852
-54.2609
-53.7539
-53.1657
-52.7002
-52.3219
-52.0387
-51.7967
-51.6213
-51.4729

