-70
-69.8623
-69.7285
-69.5983
-69.4718
-69.3487
-69.2291
-69.1128
-68.9997
-68.8897
-68.7828
-68.6789
-68.5778
-68.4795
-68.3839
-68.291
-68.2007
-68.1128
-68.0274
-67.9443
-67.8636
-67.7851
-67.7087
-67.6345
-67.5623
-67.4921
-67.4238
-67.3574
-67.2929
-67.2301
-67.1691
-67.1098
-67.0521
-66.996
-66.9414
-66.8884
-66.8368
-66.7866
-66.7378
-66.6904
-66.6443
-66.5994
-66.5558
-66.5133
-66.4721
-66.432
-66.393
-66.355
-66.3181
-66.2823
-66.2474
-66.2134
-66.1805
-66.1484
-66.1172
-66.0868
-66.0573
-66.0286
-66.0007
-65.9736
-65.9472
-65.9215
-65.8966
-65.8723
-65.8487
-65.8257
-65.8034
-65.7817
-65.7606
-65.74
-65.72
-65.7006
-65.6817
-65.6633
-65.6455
-65.6281
-65.6112
-65.5948
-65.5788
-65.5632
-65.5481
-65.5334
-65.5191
-65.5052
-65.4917
-65.4785
-65.4657
-65.4533
-65.4412
-65.4294
-65.418
-65.4068
-65.396
-65.3855
-65.3752
-65.3653
-65.3556
-65.3462
-65.337
-65.3281
-65.3194
-65.311
-65.3028
-65.2948
-65.2871
-65.2795
-65.2722
-65.2651
-65.2581
-65.2514
-65.2448
-65.2385
-65.2322
-65.2262
-65.2203
-65.2146
-65.2091
-65.2037
-65.1984
-65.1933
-65.1884
-65.1835
-65.1788
-65.1743
-65.1698
-65.1655
-65.1613
-65.1572
-65.1532
-65.1493
-65.1456
-65.1419
-65.1384
-65.1349
-65.1315
-65.1283
-65.1251
-65.122
-65.119
-65.1161
-65.1132
-65.1104
-65.1077
-65.1051
-65.1026
-65.1001
-65.0977
-65.0953
-65.0931
-65.0908
-65.0887
-65.0866
-65.0845
-65.0826
-65.0806
-65.0788
-65.0769
-65.0752
-65.0734
-65.0718
-65.0701
-65.0685
-65.067
-65.0655
-65.064
-65.0626
-65.0612
-65.0599
-65.0586
-65.0573
-65.0561
-65.0549
-65.0537
-65.0526
-65.0514
-65.0504
-65.0493
-65.0483
-65.0473
-65.0464
-65.0454
-65.0445
-65.0436
-65.0428
-65.0419
-65.0411
-65.0403
-65.0395
-65.0388
-65.0381
-65.0374
-65.0367
-65.036
-65.0353
-65.0347
-65.0341
-65.0335
-65.0329
-65.0323
-65.0318
-65.0313
-65.0307
-65.0302
-65.0297
-65.0293
-65.0288
-65.0283
-65.0279
-65.0275
-65.027
-65.0266
-65.0262
-65.0259
-65.0255
-65.0251
-65.0248
-65.0244
-65.0241
-65.0238
-65.0234
-65.0231
-65.0228
-65.0225
-65.0223
-65.022
-65.0217
-65.0215
-65.0212
-65.021
-65.0207
-65.0205
-65.0203
-65.02
-65.0198
-65.0196
-65.0194
-65.0192
-65.019
-65.0188
-65.0187
-65.0185
-65.0183
-65.0181
-65.018
-65.0178
-65.0177
-65.0175
-65.0174
-65.0172
-65.0171
-65.017
-65.0168
-65.0167
-65.0166
-65.0165
-65.0163
-65.0162
-65.0161
-65.016
-65.0159
-65.0158
-65.0157
-65.0156
-65.0155
-65.0154
-65.0153
-65.0153
-65.0152
-65.0151
-65.015
-65.0149
-65.0149
-65.0148
-65.0147
-65.0147
-65.0146
-65.0145
-65.0145
-65.0144
-65.0143
-65.0143
-65.0142
-65.0142
-65.0141
-65.0141
-65.014
-65.014
-65.0139
-65.0139
-65.0138
-65.0138
-65.0137
-65.0137
-65.0137
-65.0136
-65.0136
-65.0135
-65.0135
-65.0135
-65.0134
-65.0134
-65.0134
-65.0133
-65.0133
-65.0133
-65.0133
-65.0132
-65.0132
-65.0132
-65.0131
-65.0131
-65.0131
-65.0131
-65.0131
-65.013
-65.013
-65.013
-65.013
-65.0129
-65.0129
-65.0129
-65.0129
-65.0129
-65.0129
-65.0128
-65.0128
-65.0128
-65.0128
-65.0128
-65.0128
-65.0127
-65.0127
-65.0127
-65.0127
-65.0127
-65.0127
-65.0127
-65.0127
-65.0126
-65.0126
-65.0126
-65.0126
-65.0126
-65.0126
-65.0126
-65.0126
-65.0126
-65.0126
-65.0125
-65.0125
-65.0125
-65.0125
-65.0125
-65.0125
-65.0125
-65.0125
-65.0125
-65.0125
-65.0125
-65.0125
-65.0125
-65.0124
-65.0124
-65.0124
-65.0124
-65.0124
-65.0124
-65.0124
-65.0124
-65.0124
-65.0124
-65.0124
-65.0124
-65.0124
-65.0124
-65.0124
-65.0124
-65.0124
-65.0124
-65.0124
-65.0124
-65.0124
-65.0124
-65.0124
-65.0123
-65.0123
-65.0123
-65.0123
-65.0123
-65.0123
-65.0123
-65.0123
-65.0123
-65.0123
-65.0123
-65.0123
-65.0123
-65.0123
-65.0123
-65.0123
-65.0123
-65.0123
-65.0123
-65.0123
-65.0123
-65.0123
-65.0123
-65.0123
-65.0123
-65.0123
-65.0123
-65.0123
-65.0123
-65.0123
-65.0123
-65.0123
-65.0123
-65.0123
-65.0123
-65.0123
-65.0123
-65.0123
-65.0123
-65.0123
-65.0123
-65.0123
-65.0123
-65.0123
-65.0123
-65.0123
-65.0123
-65.0123
-65.0123
-65.0123
-65.0123
-65.0123
-65.0123
-65.0123
-65.0123
-65.0123
-65.0123
-65.0123
-65.0123
-65.0123
-65.0123
-65.0123
-65.0123
-65.0123
-65.0123
-65.0123
-65.0123
-65.0123
-65.0123
-65.0123
-65.0123
-65.0123
-65.0123
-65.0123
-64.5816
-64.2291
-63.9678
-63.7817
-63.6375
-63.5222
-63.4298
-63.356
-63.2977
-63.2527
-63.2187
-63.1943
-63.178
-63.1686
-63.1652
-63.1668
-63.1729
-63.1827
-63.1957
-63.2115
-63.2296
-63.2497
-63.2714
-63.2946
-63.3189
-63.3441
-63.3701
-63.3967
-63.4238
-63.4511
-63.4788
-63.5065
-63.5343
-63.562
-63.5128
-63.3545
-63.256
-63.1881
-63.1455
-63.1168
-63.0987
-63.0888
-63.0859
-63.0887
-63.0962
-63.1077
-63.1226
-63.1402
-63.1602
-63.1492
-63.1137
-63.0576
-62.9925
-62.5631
-62.2636
-61.8653
-60.804
-60.0662
-59.2537
-58.3618
-57.5403
-56.2204
-55.162
-54.162
-53.3677
-52.6876
-52.1647
-51.7471
-51.1441
-50.4581
-49.7973
-49.0272
-48.3617
-47.6225
-46.8773
-46.1062
-45.1803
-43.927
-41.8847
-36.4165
34.6601
13.4792
-24.5218
-50.2719
-58.4928
-60.4383
-60.8127
-60.721
-60.4382
-60.1701
-59.8991
-59.5651
-59.2955
-59.0822
-58.87
-58.6834
-58.5154
-58.3914
-58.2632
-58.174
-58.1125
-58.0344
-57.9678
-57.8886
-57.8464
-57.7499
-57.6433
-57.5631
-57.5066
-57.3956
-57.2952
-57.2263
-57.1937
-57.1868
-57.1603
-57.1011
-57.0792
-57.0827
-57.1068
-57.0964
-57.1056
-57.121
-57.059
-56.9935
-56.9221
-56.8887
-56.8832
-56.745
-56.5363
-56.2692
-55.9889
-55.793
-55.4021
-54.9779
-54.5174
-54.0285
-53.4514
-52.8317
-52.1323
-51.4645
-50.481
-49.5878
-48.6376
-47.7353
-46.7766
-45.7902
-44.6186
-43.0132
-39.979
-24.0387
37.9191
-8.40923
-40.1298
-56.8779
-60.9697
-61.7937
-61.8177
-61.5554
-61.2508
-60.9584
-60.6999
-60.4771
-60.289
-60.1328
-60.0051
-59.9024
-59.8216
-59.7598
-59.7145
-59.6836
-59.6653
-59.6579
-59.66
-59.6705
-59.6883
-59.7125
-59.7422
-59.7768
-59.8156
-59.8581
-59.9036
-59.9518
-60.0022
-60.0545
-60.1084
-60.1637
-60.2199
-60.277
-60.3347
-60.3929
-60.4513
-60.5099
-60.5685
-60.627
-60.6852
-60.7432
-60.8007
-60.8579
-60.9145
-60.9705
-61.0259
-61.0807
-61.1347
-61.1881
-61.2406
-61.2925
-61.3435
-61.3938
-61.4432
-61.4919
-61.5397
-61.5867
-61.6329
-61.6783
-61.7228
-61.7666
-61.8095
-61.8517
-61.8931
-61.9336
-61.9734
-62.0125
-62.0508
-62.0676
-61.9944
-61.7817
-61.6453
-61.551
-61.4902
-61.4326
-61.1088
-60.8469
-60.6587
-60.4936
-60.2969
-59.884
-59.2615
-58.7891
-58.4255
-58.0469
-57.2333
-55.6977
-54.3444
-53.0556
-52.0627
-51.2974
-50.6655
-50.1337
-49.4069
-48.6922
-48.0735
-47.4928
-46.8914
-46.2216
-45.3834
-44.2729
-42.5468
-38.6117
4.87585
25.4688
-18.5773
-48.9244
-60.3768
-63.1071
-63.6239
-63.5468
-63.2454
-62.9376
-62.6524
-62.3506
-61.9503
-61.5094
-61.0785
-60.6759
-60.3205
-60.01
-59.6985
-59.3839
-59.1025
-58.8195
-58.5174
-58.2517
-58.0071
-57.8318
-57.7046
-57.5767
-57.4791
-57.4152
-57.3791
-57.3646
-57.3676
-57.3856
-57.4162
-57.4576
-57.5083
-57.567
-57.6324
-57.7037
-57.7799
-57.8602
-57.944
-57.9353
-57.9123
-57.8858
-57.8642
-57.82
-57.7502
-57.5952
-57.3486
-57.0074
-56.6321
-56.2995
-55.9901
-55.6917
-55.364
-54.9854
-54.6306
-54.2133
-53.7601
-53.3752
-52.9281
-52.5068
-52.0465
-51.5532
-51.0603
-50.4462
-49.7338
-48.9176
-48.129
-47.4218
-46.7004
-45.9229
-44.9945
-43.7019
-41.5053
-34.9133
40.0421
6.47198
-30.9648
-56.0399
-62.9001
-64.3503
-64.3497
-64.0303
-63.6621
-63.3131
-62.9998
-62.7248
-62.4586
-62.2151
-62.0138
-61.8466
-61.708
-61.5927
-61.4975
-61.4195
-61.3566
-61.3067
-61.2683
-61.2399
-61.2204
-61.2086
-61.2036
-61.2045
-61.2107
-61.2214
-61.2362
-61.2544
-61.2758
-61.2997
-61.326
-61.3543
-61.3843
-61.4158
-61.4485
-61.4823
-61.517
-61.5523
-61.5883
-61.6246
-61.6613
-61.6982
-61.7352
-61.7722
-61.8092
-61.8461
-61.8828
-61.9193
-61.9556
-61.9915
-62.0271
-62.0623
-62.0972
-62.1316
-62.1656
-62.1991
-62.2322
-62.2648
-62.2969
-62.3286
-62.3597
-62.3904
-62.4206
-62.4502
-62.4794
-62.5081
-62.5363
-62.564
-62.5912
-62.6179
-62.6442
-62.67
-62.6953
-62.7202
-62.7446
-62.7686
-62.7922
-62.8153
-62.838
-62.8603
-62.8821
-62.9036
-62.9247
-62.9454
-62.9657
-62.9856
-63.0052
-63.0245
-62.7989
-62.5506
-62.3445
-61.9116
-61.5261
-61.244
-61.0375
-60.8006
-60.5965
-60.3621
-59.9498
-59.645
-59.4172
-58.9343
-57.0216
-55.1068
-53.7303
-52.7408
-51.9853
-51.1899
-50.5469
-49.9112
-49.352
-48.8545
-48.2944
-47.7606
-47.2373
-46.694
-46.083
-45.317
-44.228
-42.4119
-38.1501
14.5101
21.6774
-21.6041
-52.1542
-62.5739
-64.9595
-65.2669
-65.0182
-64.6867
-64.3187
-63.909
-63.2093
-62.5955
-62.0736
-61.6721
-61.3486
-61.0844
-60.8384
-60.6196
-60.4117
-60.2105
-60.0306
-59.8435
-59.6804
-59.5599
-59.4716
-59.4085
-59.365
-59.3076
-59.22
-59.1555
-59.1182
-59.1022
-59.1014
-59.1124
-59.1334
-59.1627
-59.199
-59.2414
-59.2889
-59.3408
-59.3963
-59.4549
-59.4063
-59.3249
-59.2304
-59.16
-59.1228
-59.0566
-58.9129
-58.7924
-58.7205
-58.6833
-58.6699
-58.6737
-58.6712
-58.5859
-58.4883
-58.3929
-58.2604
-58.05
-57.716
-57.4227
-57.0432
-56.6652
-56.2152
-55.7658
-55.2887
-54.7283
-54.0894
-53.2917
-52.5435
-51.8722
-51.0709
-50.2817
-49.5079
-48.8931
-48.3484
-47.8082
-47.1658
-46.4127

