-70
-70.0758
-70.1508
-70.225
-70.2983
-70.3706
-70.4419
-70.5122
-70.5814
-70.6496
-70.7168
-70.7829
-70.848
-70.9121
-70.9752
-71.0373
-71.0984
-71.1586
-71.2178
-71.2761
-71.3334
-71.3899
-71.4455
-71.5003
-71.5543
-71.6074
-71.6598
-71.7114
-71.7623
-71.8124
-71.8619
-71.9106
-71.9587
-72.006
-72.0527
-72.0988
-72.1442
-72.1889
-72.2331
-72.2766
-72.3196
-72.362
-72.4038
-72.445
-72.4857
-72.5258
-72.5654
-72.6045
-72.6431
-72.6812
-72.7188
-72.756
-72.7927
-72.8289
-72.8647
-72.9
-72.9349
-72.9694
-73.0035
-73.0371
-73.0704
-73.1032
-73.1357
-73.1678
-73.1994
-73.2307
-73.2617
-73.2922
-73.3224
-73.3523
-73.3817
-73.4109
-73.4397
-73.4682
-73.4963
-73.5241
-73.5516
-73.5788
-73.6057
-73.6323
-73.6585
-73.6845
-73.7102
-73.7356
-73.7608
-73.7857
-73.8103
-73.8346
-73.8587
-73.8825
-73.9061
-73.9294
-73.9524
-73.9753
-73.9979
-74.0202
-74.0423
-74.0642
-74.0859
-74.1073
-74.1285
-74.1495
-74.1703
-74.1909
-74.2112
-74.2313
-74.2513
-74.271
-74.2905
-74.3098
-74.329
-74.3479
-74.3666
-74.3852
-74.4036
-74.4217
-74.4397
-74.4575
-74.4752
-74.4926
-74.5099
-74.527
-74.544
-74.5607
-74.5774
-74.5938
-74.6101
-74.6262
-74.6422
-74.658
-74.6736
-74.6891
-74.7045
-74.7197
-74.7347
-74.7496
-74.7644
-74.779
-74.7935
-74.8079
-74.8221
-74.8362
-74.8501
-74.864
-74.8777
-74.8913
-74.9047
-74.918
-74.9313
-74.9443
-74.9573
-74.9701
-74.9829
-74.9955
-75.008
-75.0204
-75.0327
-75.0448
-75.0569
-75.0688
-75.0806
-75.0924
-75.104
-75.1155
-75.1269
-75.1382
-75.1495
-75.1606
-75.1716
-75.1825
-75.1933
-75.204
-75.2147
-75.2252
-75.2356
-75.246
-75.2562
-75.2664
-75.2764
-75.2864
-75.2963
-75.3061
-75.3158
-75.3255
-75.335
-75.3445
-75.3538
-75.3631
-75.3724
-75.3815
-75.3906
-75.3995
-75.4084
-75.4172
-75.426
-75.4346
-75.4432
-75.4518
-75.4602
-75.4686
-75.4769
-75.4851
-75.4932
-75.5013
-75.5093
-75.5173
-75.5251
-75.533
-75.5407
-75.5484
-75.556
-75.5635
-75.571
-75.5784
-75.5858
-75.593
-75.6003
-75.6074
-75.6145
-75.6216
-75.6285
-75.6355
-75.6423
-75.6491
-75.6559
-75.6626
-75.6692
-75.6758
-75.6823
-75.6888
-75.6952
-75.7015
-75.7078
-75.7141
-75.7203
-75.7264
-75.7325
-75.7386
-75.7446
-75.7505
-75.7564
-75.7622
-75.768
-75.7738
-75.7795
-75.7851
-75.7907
-75.7963
-75.8018
-75.8072
-75.8127
-75.818
-75.8234
-75.8287
-75.8339
-75.8391
-75.8443
-75.8494
-75.8545
-75.8595
-75.8645
-75.8695
-75.8744
-75.8793
-75.8841
-75.8889
-75.8937
-75.8984
-75.9031
-75.9077
-75.9123
-75.9169
-75.9214
-75.9259
-75.9304
-75.9348
-75.9392
-75.9436
-75.9479
-75.9522
-75.9565
-75.9607
-75.9649
-75.969
-75.9731
-75.9772
-75.9813
-75.9853
-75.9893
-75.9933
-75.9972
-76.0011
-76.005
-76.0088
-76.0126
-76.0164
-76.0201
-76.0239
-76.0275
-76.0312
-76.0348
-76.0384
-76.042
-76.0456
-76.0491
-76.0526
-76.056
-76.0595
-76.0629
-76.0663
-76.0696
-76.0729
-76.0762
-76.0795
-76.0828
-76.086
-76.0892
-76.0924
-76.0955
-76.0986
-76.1017
-76.1048
-76.1079
-76.1109
-76.1139
-76.1169
-76.1198
-76.1228
-76.1257
-76.1286
-76.1314
-76.1343
-76.1371
-76.1399
-76.1427
-76.1455
-76.1482
-76.1509
-76.1536
-76.1563
-76.1589
-76.1615
-76.1642
-76.1667
-76.1693
-76.1719
-76.1744
-76.1769
-76.1794
-76.1819
-76.1843
-76.1868
-76.1892
-76.1916
-76.1939
-76.1963
-76.1986
-76.201
-76.2033
-76.2056
-76.2078
-76.2101
-76.2123
-76.2145
-76.2167
-76.2189
-76.2211
-76.2232
-76.2254
-76.2275
-76.2296
-76.2317
-76.2337
-76.2358
-76.2378
-76.2398
-76.2418
-76.2438
-76.2458
-76.2478
-76.2497
-76.2516
-76.2536
-76.2554
-76.2573
-76.2592
-76.2611
-76.2629
-76.2647
-76.2665
-76.2683
-76.2701
-76.2719
-76.2737
-76.2754
-76.2771
-76.2788
-76.2806
-76.2822
-76.2839
-76.2856
-76.2872
-76.2889
-76.2905
-76.2921
-76.2937
-76.2953
-76.2969
-76.2985
-76.3
-76.3016
-76.3031
-76.3046
-76.3061
-76.3076
-76.3091
-76.3106
-76.312
-76.3135
-76.3149
-76.3164
-76.3178
-76.3192
-76.3206
-76.322
-76.3233
-76.3247
-76.3261
-76.3274
-76.3287
-76.33
-76.3314
-76.3327
-76.334
-76.3352
-76.3365
-76.3378
-76.339
-76.3403
-76.3415
-76.3427
-76.3439
-76.3452
-76.3464
-76.3475
-76.3487
-76.3499
-76.351
-76.3522
-76.3533
-76.3545
-76.3556
-76.3567
-76.3578
-76.3589
-76.36
-76.3611
-76.3622
-76.3632
-76.3643
-76.3654
-76.3664
-76.3674
-76.3685
-76.3695
-76.3705
-76.3715
-76.3725
-76.3735
-76.3745
-76.3754
-76.3764
-76.3774
-76.3783
-76.3793
-76.3802
-76.3811
-76.382
-76.383
-76.3839
-76.3848
-76.3857
-76.3866
-76.3874
-76.3883
-76.3892
-76.39
-76.3909
-76.3917
-76.3926
-76.3934
-76.3943
-76.3951
-76.3959
-76.3967
-76.3975
-76.3983
-76.3991
-76.3999
-76.4007
-76.4014
-76.4022
-75.9782
-71.7854
-68.0015
-65.1526
-62.9424
-61.119
-59.4235
-57.4436
-53.6142
46.3418
-5.06449
-36.4119
-78.3973
-79.7416
-79.7278
-78.7612
-77.878
-77.5291
-77.2515
-76.9694
-76.6756
-76.3706
-76.0571
-75.6434
-73.1384
-70.9957
-69.5344
-68.4537
-67.6019
-66.9015
-66.3101
-65.8029
-63.852
-61.8111
-60.146
-58.5926
-58.0458
-58.2831
-58.5567
-58.8414
-58.7998
-57.6118
-57.5282
-58.5928
-60.9846
-62.8907
-64.3866
-66.233
-67.9285
-69.3075
-70.1319
-70.6363
-71.0087
-71.6502
-72.3576
-73.2042
-73.7021
-73.3773
-70.6189
-68.7785
-67.7459
-67.1403
-66.7747
-66.5515
-66.4175
-66.3417
-66.3055
-66.2974
-66.31
-66.3382
-66.3788
-66.4291
-66.4875
-66.5527
-66.6235
-64.9511
-62.4974
-60.5821
-58.9599
-57.2832
-54.799
-43.7068
14.3359
-25.8093
-70.2063
-79.5052
-79.6014
-79.5562
-78.8148
-77.3765
-76.7719
-76.3865
-76.0314
-75.6762
-75.3165
-74.9538
-74.5913
-74.2324
-71.9236
-69.3403
-67.4944
-66.1333
-65.0823
-64.2408
-63.5475
-63.2692
-63.9612
-64.5769
-65.0384
-65.3927
-65.6712
-67.7934
-70.0263
-71.354
-72.454
-73.1728
-73.6036
-74.0634
-74.5047
-74.766
-75.0604
-75.2699
-75.3858
-75.4924
-75.5552
-75.59
-75.6106
-75.6636
-75.7299
-75.7799
-75.8071
-75.8223
-75.8316
-75.8377
-75.8421
-75.8456
-75.8485
-75.8511
-75.8536
-75.8559
-75.8583
-75.8607
-75.8632
-75.8658
-75.8684
-75.8711
-75.8739
-75.8768
-75.881
-75.8954
-75.9087
-75.9193
-75.928
-75.9353
-75.9417
-75.9473
-75.9524
-75.957
-75.9614
-75.9655
-75.9695
-75.9733
-75.977
-75.9806
-75.9842
-75.9877
-75.9912
-75.9947
-75.9982
-76.0016
-76.0051
-76.0085
-76.012
-76.0154
-76.0188
-76.0223
-76.0257
-76.0291
-76.0325
-76.0359
-76.0393
-76.0427
-76.0461
-76.0494
-74.5124
-70.2575
-66.8356
-64.2452
-62.2034
-60.4603
-58.7264
-56.4101
-49.4363
29.3205
-18.3417
-56.1323
-79.2152
-78.8211
-78.6081
-78.4405
-78.2603
-78.0657
-77.8572
-77.6358
-77.4028
-76.6934
-74.2235
-72.4795
-71.3329
-70.4721
-69.7687
-69.1647
-68.6325
-68.1577
-67.1965
-65.2102
-64.2087
-63.5588
-63.0843
-62.7268
-62.45
-63.8269
-65.7623
-67.0456
-67.9145
-69.0899
-69.963
-70.5332
-69.6827
-68.0043
-66.9823
-66.3828
-66.0205
-66.0359
-66.7309
-67.2607
-67.6216
-67.879
-68.0712
-68.2211
-68.3431
-68.4465
-68.5371
-68.6191
-68.6952
-69.0021
-69.7116
-69.7296
-67.1891
-65.157
-63.7822
-62.8145
-63.0277
-63.6447
-64.1246
-64.4955
-64.7904
-65.0328
-65.2385
-65.4178
-65.5781
-65.7244
-65.8608
-65.99
-66.114
-66.2344
-66.3521
-66.468
-65.3226
-62.7168
-60.6231
-58.8691
-57.073
-54.3784
-39.3231
8.86454
-28.3575
-73.1686
-78.8202
-78.5394
-78.3533
-78.1632
-77.9586
-77.7396
-77.5072
-77.2628
-77.0085
-76.7466
-74.9354
-72.3231
-70.5508
-69.6761
-69.2032
-68.813
-68.4743
-68.7717
-69.1033
-69.4591
-70.3572
-71.2085
-71.7238
-72.0372
-72.2355
-72.421
-72.7945
-73.0713
-73.2571
-73.3864
-73.4796
-73.549
-73.7964
-74.1526
-74.4637
-74.7225
-74.9536
-75.1036
-75.2021
-75.2695
-75.3681
-75.4488
-75.5038
-75.5425
-75.5708
-75.62
-75.6673
-75.7009
-75.7254
-75.7437
-75.758
-75.7695
-75.779
-75.8006
-75.8261
-75.8455
-75.8604
-75.8721
-75.8817
-75.8898
-75.8967
-75.9027
-75.9082
-75.9132
-75.9178
-75.9222
-75.9264
-75.9305
-75.9345
-75.9383
-75.9421
-75.9459
-75.9497
-75.9534
-75.9571
-75.9608
-75.9645
-75.9682
-75.9719
-75.9756
-75.9793
-75.983
-75.9867
-75.9904
-75.9941
-75.9977
-76.0014
-76.0051
-76.0087
-76.0123
-76.016
-76.0196
-76.0232
-76.0267
-76.0303
-76.0338
-76.0374
-76.0409
-76.0443
-76.0478
-76.0512
-76.0547
-76.0581
-76.0614
-76.0648
-76.0681
-76.0714
-76.0747
-76.078
-72.3485
-68.3949
-65.4064
-63.1036
-61.2224
-59.4967
-57.5193
-53.8239
45.8845
-3.69408
-35.2995
-78.1509
-79.1749
-78.6345
-78.4264
-78.2411
-78.0425
-77.8294
-77.6023
-77.3627
-77.1124
-76.1518
-73.6154
-71.8516
-70.6627
-69.7652
-69.0358
-68.4158
-67.8756
-67.4735
-67.5858
-65.9346
-64.4474
-63.4102
-62.6517
-62.0706
-62.0636
-62.9709
-63.7325
-64.3074
-64.7495
-66.0952
-67.9748
-69.2607
-70.0979
-70.9747
-70.9941
-69.1929
-68.075
-67.4618
-67.5228
-67.9439
-68.2244
-68.408
-68.5367
-68.6335
-68.7111
-68.777
-68.8359
-68.8906
-68.943
-68.9944
-69.0455
-69.097
-69.1491
-69.7378
-70.3542
-70.8259
-71.1904
-71.4776
-71.7081
-71.8961
-72.052
-72.1833
-72.2952
-72.3921
-72.477
-72.5523
-72.6198
-72.681
-72.7371
-72.789
-72.6972
-69.2063
-65.8748
-63.3868
-61.4456
-59.7823
-58.0937
-55.7363
-47.6345
23.5498
-21.4396
-62.7571
-79.5365
-79.6986
-79.2229
-78.0352
-77.5902
-77.3046
-77.0233
-76.7309
-76.427
-76.1138
-75.7942
-75.3717
-72.7134
-70.4064
-68.8158
-67.6418
-66.7253

