-70
-70.0758
-70.1508
-70.225
-70.2983
-70.3706
-70.4419
-70.5122
-70.5814
-70.6496
-70.7168
-70.7829
-70.848
-70.9121
-70.9752
-71.0373
-71.0984
-71.1586
-71.2178
-71.2761
-71.3334
-71.3899
-71.4455
-71.5003
-71.5543
-71.6074
-71.6598
-71.7114
-71.7623
-71.8124
-71.8619
-71.9106
-71.9587
-72.006
-72.0527
-72.0988
-72.1442
-72.1889
-72.2331
-72.2766
-72.3196
-72.362
-72.4038
-72.445
-72.4857
-72.5258
-72.5654
-72.6045
-72.6431
-72.6812
-72.7188
-72.756
-72.7927
-72.8289
-72.8647
-72.9
-72.9349
-72.9694
-73.0035
-73.0371
-73.0704
-73.1032
-73.1357
-73.1678
-73.1994
-73.2307
-73.2617
-73.2922
-73.3224
-73.3523
-73.3817
-73.4109
-73.4397
-73.4682
-73.4963
-73.5241
-73.5516
-73.5788
-73.6057
-73.6323
-73.6585
-73.6845
-73.7102
-73.7356
-73.7608
-73.7857
-73.8103
-73.8346
-73.8587
-73.8825
-73.9061
-73.9294
-73.9524
-73.9753
-73.9979
-74.0202
-74.0423
-74.0642
-74.0859
-74.1073
-74.1285
-74.1495
-74.1703
-74.1909
-74.2112
-74.2313
-74.2513
-74.271
-74.2905
-74.3098
-74.329
-74.3479
-74.3666
-74.3852
-74.4036
-74.4217
-74.4397
-74.4575
-74.4752
-74.4926
-74.5099
-74.527
-74.544
-74.5607
-74.5774
-74.5938
-74.6101
-74.6262
-74.6422
-74.658
-74.6736
-74.6891
-74.7045
-74.7197
-74.7347
-74.7496
-74.7644
-74.779
-74.7935
-74.8079
-74.8221
-74.8362
-74.8501
-74.864
-74.8777
-74.8913
-74.9047
-74.918
-74.9313
-74.9443
-74.9573
-74.9701
-74.9829
-74.9955
-75.008
-75.0204
-75.0327
-75.0448
-75.0569
-75.0688
-75.0806
-75.0924
-75.104
-75.1155
-75.1269
-75.1382
-75.1495
-75.1606
-75.1716
-75.1825
-75.1933
-75.204
-75.2147
-75.2252
-75.2356
-75.246
-75.2562
-75.2664
-75.2764
-75.2864
-75.2963
-75.3061
-75.3158
-75.3255
-75.335
-75.3445
-75.3538
-75.3631
-75.3724
-75.3815
-75.3906
-75.3995
-75.4084
-75.4172
-75.426
-75.4346
-75.4432
-75.4518
-75.4602
-75.4686
-75.4769
-75.4851
-75.4932
-75.5013
-75.5093
-75.5173
-75.5251
-75.533
-75.5407
-75.5484
-75.556
-75.5635
-75.571
-75.5784
-75.5858
-75.593
-75.6003
-75.6074
-75.6145
-75.6216
-75.6285
-75.6355
-75.6423
-75.6491
-75.6559
-75.6626
-75.6692
-75.6758
-75.6823
-75.6888
-75.6952
-75.7015
-75.7078
-75.7141
-75.7203
-75.7264
-75.7325
-75.7386
-75.7446
-75.7505
-75.7564
-75.7622
-75.768
-75.7738
-75.7795
-75.7851
-75.7907
-75.7963
-75.8018
-75.8072
-75.8127
-75.818
-75.8234
-75.8287
-75.8339
-75.8391
-75.8443
-75.8494
-75.8545
-75.8595
-75.8645
-75.8695
-75.8744
-75.8793
-75.8841
-75.8889
-75.8937
-75.8984
-75.9031
-75.9077
-75.9123
-75.9169
-75.9214
-75.9259
-75.9304
-75.9348
-75.9392
-75.9436
-75.9479
-75.9522
-75.9565
-75.9607
-75.9649
-75.969
-75.9731
-75.9772
-75.9813
-75.9853
-75.9893
-75.9933
-75.9972
-76.0011
-76.005
-76.0088
-76.0126
-76.0164
-76.0201
-76.0239
-76.0275
-76.0312
-76.0348
-76.0384
-76.042
-76.0456
-76.0491
-76.0526
-76.056
-76.0595
-76.0629
-76.0663
-76.0696
-76.0729
-76.0762
-76.0795
-76.0828
-76.086
-76.0892
-76.0924
-76.0955
-76.0986
-76.1017
-76.1048
-76.1079
-76.1109
-76.1139
-76.1169
-76.1198
-76.1228
-76.1257
-76.1286
-76.1314
-76.1343
-76.1371
-76.1399
-76.1427
-76.1455
-76.1482
-76.1509
-76.1536
-76.1563
-76.1589
-76.1615
-76.1642
-76.1667
-76.1693
-76.1719
-76.1744
-76.1769
-76.1794
-76.1819
-76.1843
-76.1868
-76.1892
-76.1916
-76.1939
-76.1963
-76.1986
-76.201
-76.2033
-76.2056
-76.2078
-76.2101
-76.2123
-76.2145
-76.2167
-76.2189
-76.2211
-76.2232
-76.2254
-76.2275
-76.2296
-76.2317
-76.2337
-76.2358
-76.2378
-76.2398
-76.2418
-76.2438
-76.2458
-76.2478
-76.2497
-76.2516
-76.2536
-76.2554
-76.2573
-76.2592
-76.2611
-76.2629
-76.2647
-76.2665
-76.2683
-76.2701
-76.2719
-76.2737
-76.2754
-76.2771
-76.2788
-76.2806
-76.2822
-76.2839
-76.2856
-76.2872
-76.2889
-76.2905
-76.2921
-76.2937
-76.2953
-76.2969
-76.2985
-76.3
-76.3016
-76.3031
-76.3046
-76.3061
-76.3076
-76.3091
-76.3106
-76.312
-76.3135
-76.3149
-76.3164
-76.3178
-76.3192
-76.3206
-76.322
-76.3233
-76.3247
-76.3261
-76.3274
-76.3287
-76.33
-76.3314
-76.3327
-76.334
-76.3352
-76.3365
-76.3378
-76.339
-76.3403
-76.3415
-76.3427
-76.3439
-76.3452
-76.3464
-76.3475
-76.3487
-76.3499
-76.351
-76.3522
-76.3533
-76.3545
-76.3556
-76.3567
-76.3578
-76.3589
-76.36
-76.3611
-76.3622
-76.3632
-76.3643
-76.3654
-76.3664
-76.3674
-76.3685
-76.3695
-76.3705
-76.3715
-76.3725
-76.3735
-76.3745
-76.3754
-76.3764
-76.3774
-76.3783
-76.3793
-76.3802
-76.3811
-76.382
-76.383
-76.3839
-76.3848
-76.3857
-76.3866
-76.3874
-76.3883
-76.3892
-76.39
-76.3909
-76.3917
-76.3926
-76.3934
-76.3943
-76.3951
-76.3959
-76.3967
-76.3975
-76.3983
-76.3991
-76.3999
-76.4007
-76.4014
-76.4022
-76.403
-76.4037
-76.4045
-76.4052
-76.406
-75.6444
-71.3632
-67.6824
-64.9095
-61.8539
-57.6113
-50.7147
33.9229
-15.7731
-49.9265
-78.2382
-78.3402
-77.5332
-76.6732
-75.2707
-74.2981
-73.3506
-71.5681
-70.5102
-69.7642
-69.1028
-67.3137
-65.2809
-62.7112
-60.9338
-59.6887
-58.6287
-57.5417
-56.1543
-53.581
-29.7725
3.11338
-31.2312
-75.1973
-79.1545
-79.1268
-79.0259
-78.9047
-78.6558
-76.5463
-75.1706
-73.1764
-70.8723
-69.6575
-66.7245
-64.6853
-63.5141
-62.7145
-62.0907
-61.5624
-61.0883
-60.6489
-60.2259
-59.8063
-59.3775
-58.9133
-58.3874
-57.7362
-56.8367
-55.3142
-51.1039
40.4729
-14.8399
-47.9454
-79.0278
-79.7567
-79.7502
-79.7199
-79.6851
-79.6469
-79.6053
-79.5605
-79.5126
-79.4619
-79.4088
-79.3539
-79.2975
-78.0444
-73.7785
-70.5439
-67.4259
-63.0278
-58.6459
-53.0096
44.4286
-8.24525
-38.9845
-77.9105
-78.6768
-77.611
-77.137
-75.6929
-73.5777
-72.5901
-71.9329
-71.321
-70.7167
-69.9132
-67.7013
-66.1117
-65.0584
-64.2538
-63.69
-64.0858
-64.3688
-64.6523
-65.6308
-67.0019
-67.9659
-68.5202
-68.8476
-69.0473
-69.1731
-69.2554
-69.312
-69.6481
-70.2818
-70.983
-71.7498
-72.2698
-72.6207
-72.8659
-73.043
-73.2021
-73.5553
-73.839
-74.0391
-74.1845
-74.2931
-74.3763
-74.4418
-74.4944
-74.5376
-74.5739
-74.6049
-74.632
-74.656
-74.6777
-74.6975
-74.7158
-74.733
-74.7493
-74.8589
-74.9906
-75.0945
-75.1766
-75.2425
-75.2963
-75.3407
-75.378
-75.4097
-75.4369
-75.4605
-75.4813
-75.4997
-75.5162
-75.5311
-75.5447
-75.5573
-75.5689
-75.5797
-75.5899
-75.5996
-75.6087
-75.6175
-75.6259
-75.6341
-75.6419
-75.6496
-75.657
-75.6642
-75.6713
-75.6783
-75.6851
-75.6919
-75.6985
-75.705
-75.7114
-75.7178
-75.724
-71.6902
-62.5769
-55.5175
6.26422
4.70856
-29.5348
-75.0826
-78.5816
-78.4425
-78.2579
-78.0561
-77.8376
-74.6277
-71.0621
-69.6442
-68.8098
-68.1075
-67.4521
-66.826
-66.2268
-65.6559
-62.3795
-58.2282
-54.8396
-44.9883
16.3301
-24.6959
-67.5241
-78.3583
-77.7119
-75.5456
-74.2891
-73.6879
-73.2296
-72.7273
-72.2051
-71.6789
-71.1554
-70.8253
-70.6559
-69.9599
-66.6609
-62.1822
-59.3099
-57.4248
-55.4795
-51.3127
41.2011
-13.4032
-45.2899
-78.1471
-78.7483
-78.6166
-78.4557
-78.2804
-78.0918
-77.8906
-77.6779
-77.4553
-77.2247
-76.9883
-76.7486
-76.5083
-76.2698
-76.0359
-75.8086
-75.5902
-75.3822
-75.1861
-75.0028
-74.833
-74.6771
-74.5349
-74.4065
-74.2913
-74.1888
-74.0984
-74.0194
-73.951
-73.8923
-68.8183
-62.381
-57.5946
-47.9041
25.1423
-20.0007
-59.2173
-78.4399
-78.4311
-78.2468
-78.043
-76.7895
-74.1164
-72.1104
-70.4006
-69.448
-68.7172
-68.053
-67.4222
-66.8186
-66.2426
-64.6888
-60.6433
-56.8412
-52.5799
42.1375
-7.52361
-38.2303
-77.127
-78.3356
-78.0922
-77.8649
-77.64
-77.4031
-77.154
-76.8945
-76.6266
-76.3517
-76.0623
-75.7955
-75.5447
-75.306
-75.0786
-74.8632
-74.6605
-74.4709
-74.2952
-74.1334
-73.9857
-73.8519
-73.7315
-73.6242
-73.5292
-73.446
-73.3739
-73.4294
-73.6377
-73.8084
-73.9408
-74.0639
-74.3222
-74.5378
-74.6971
-74.8175
-74.9103
-74.9835
-75.0422
-75.0901
-75.1299
-75.1634
-75.192
-75.2242
-75.318
-75.4011
-75.4653
-75.5158
-75.5562
-75.5891
-75.6164
-75.6393
-75.6588
-75.6757
-75.6905
-75.7036
-75.7153
-75.7259
-75.7356
-75.7446
-75.753
-75.7608
-75.7682
-75.7753
-75.782
-75.7885
-75.7948
-75.8009
-75.8068
-75.8126
-75.8183
-75.8239
-75.8293
-75.8347
-75.84
-75.8452
-75.8504
-75.8555
-75.8606
-75.8656
-75.8705
-72.1911
-68.29
-65.3408
-63.0676
-61.2096
-59.5057
-57.5612
-53.9969
44.273
-2.39284
-34.3396
-77.8872
-79.7314
-77.9575
-76.5454
-76.0534
-75.6472
-75.2273
-74.7898
-72.2243
-70.5269
-69.5386
-68.7848
-68.1261
-67.1281
-63.2537
-60.2132
-57.9438
-54.6584
-42.1347
12.2571
-26.4151
-70.3802
-78.0787
-76.7812
-76.1007
-75.4666
-73.9463
-73.1061
-72.4937
-71.9097
-71.3291
-70.201
-67.1424
-64.3574
-62.6716
-61.0055
-60.2479
-59.6834
-59.1733
-58.669
-58.9942
-59.9838
-60.7091
-61.1987
-61.5287
-61.7575
-61.2341
-59.4952
-58.0117
-56.4223
-52.6585
12.4339
-5.5582
-36.7806
-76.6
-78.5953
-78.4877
-78.3153
-78.126
-77.9226
-77.7059
-77.4774
-77.2388
-76.9922
-76.74
-76.4849
-76.2297
-75.9772
-75.7299
-75.4902
-75.2604
-75.0421
-74.8367
-74.6452
-74.4682
-74.306
-74.1586
-74.0258
-73.9071
-73.8019
-73.7096
-73.6292
-73.56
-73.5011
-73.4517
-73.4109
-71.5867
-67.7208
-64.679
-61.4732
-56.1027
-34.3854
10.5495
-26.6725
-72.0298
-78.4973
-78.3784
-78.1875
-77.9785
-77.7523
-75.6778
-72.6999
-69.8408
-68.4149
-67.5359
-66.8159
-66.1618
-65.5489
-64.9708
-62.9803
-59.587
-55.9679
-50.3486

