-70
-69.8623
-69.7285
-69.5983
-69.4718
-69.3487
-69.2291
-69.1128
-68.9997
-68.8897
-68.7828
-68.6789
-68.5778
-68.4795
-68.3839
-68.291
-68.2007
-68.1128
-68.0274
-67.9443
-67.8636
-67.7851
-67.7087
-67.6345
-67.5623
-67.4921
-67.4238
-67.3574
-67.2929
-67.2301
-67.1691
-67.1098
-67.0521
-66.996
-66.9414
-66.8884
-66.8368
-66.7866
-66.7378
-66.6904
-66.6443
-66.5994
-66.5558
-66.5133
-66.4721
-66.432
-66.393
-66.355
-66.3181
-66.2823
-66.2474
-66.2134
-66.1805
-66.1484
-66.1172
-66.0868
-66.0573
-66.0286
-66.0007
-65.9736
-65.9472
-65.9215
-65.8966
-65.8723
-65.8487
-65.8257
-65.8034
-65.7817
-65.7606
-65.74
-65.72
-65.7006
-65.6817
-65.6633
-65.6455
-65.6281
-65.6112
-65.5948
-65.5788
-65.5632
-65.5481
-65.5334
-65.5191
-65.5052
-65.4917
-65.4785
-65.4657
-65.4533
-65.4412
-65.4294
-65.418
-65.4068
-65.396
-65.3855
-65.3752
-65.3653
-65.3556
-65.3462
-65.337
-65.3281
-65.3194
-65.311
-65.3028
-65.2948
-65.2871
-65.2795
-65.2722
-65.2651
-65.2581
-65.2514
-65.2448
-65.2385
-65.2322
-65.2262
-65.2203
-65.2146
-65.2091
-65.2037
-65.1984
-65.1933
-65.1884
-65.1835
-65.1788
-65.1743
-65.1698
-65.1655
-65.1613
-65.1572
-65.1532
-65.1493
-65.1456
-65.1419
-65.1384
-65.1349
-65.1315
-65.1283
-65.1251
-65.122
-65.119
-65.1161
-65.1132
-65.1104
-65.1077
-65.1051
-65.1026
-65.1001
-65.0977
-65.0953
-65.0931
-65.0908
-65.0887
-65.0866
-65.0845
-65.0826
-65.0806
-65.0788
-65.0769
-65.0752
-65.0734
-65.0718
-65.0701
-65.0685
-65.067
-65.0655
-65.064
-65.0626
-65.0612
-65.0599
-65.0586
-65.0573
-65.0561
-65.0549
-65.0537
-65.0526
-65.0514
-65.0504
-65.0493
-65.0483
-65.0473
-65.0464
-65.0454
-65.0445
-65.0436
-65.0428
-65.0419
-65.0411
-65.0403
-65.0395
-65.0388
-65.0381
-65.0374
-65.0367
-65.036
-65.0353
-65.0347
-65.0341
-65.0335
-65.0329
-65.0323
-65.0318
-65.0313
-65.0307
-65.0302
-65.0297
-65.0293
-65.0288
-65.0283
-65.0279
-65.0275
-65.027
-65.0266
-65.0262
-65.0259
-65.0255
-65.0251
-65.0248
-65.0244
-65.0241
-65.0238
-65.0234
-65.0231
-65.0228
-65.0225
-65.0223
-65.022
-65.0217
-65.0215
-65.0212
-65.021
-65.0207
-65.0205
-65.0203
-65.02
-65.0198
-65.0196
-65.0194
-65.0192
-65.019
-65.0188
-65.0187
-65.0185
-65.0183
-65.0181
-65.018
-65.0178
-65.0177
-65.0175
-65.0174
-65.0172
-65.0171
-65.017
-65.0168
-65.0167
-65.0166
-65.0165
-65.0163
-65.0162
-65.0161
-65.016
-65.0159
-65.0158
-65.0157
-65.0156
-65.0155
-65.0154
-65.0153
-65.0153
-65.0152
-65.0151
-65.015
-65.0149
-65.0149
-65.0148
-65.0147
-65.0147
-65.0146
-65.0145
-65.0145
-65.0144
-65.0143
-65.0143
-65.0142
-65.0142
-65.0141
-65.0141
-65.014
-65.014
-65.0139
-65.0139
-65.0138
-65.0138
-65.0137
-65.0137
-65.0137
-65.0136
-65.0136
-65.0135
-65.0135
-65.0135
-65.0134
-65.0134
-65.0134
-65.0133
-65.0133
-65.0133
-65.0133
-65.0132
-65.0132
-65.0132
-65.0131
-65.0131
-65.0131
-65.0131
-65.0131
-65.013
-65.013
-65.013
-65.013
-65.0129
-65.0129
-65.0129
-65.0129
-65.0129
-65.0129
-65.0128
-65.0128
-65.0128
-65.0128
-65.0128
-65.0128
-65.0127
-65.0127
-65.0127
-65.0127
-65.0127
-65.0127
-65.0127
-65.0127
-65.0126
-65.0126
-65.0126
-65.0126
-65.0126
-65.0126
-65.0126
-65.0126
-65.0126
-65.0126
-65.0125
-65.0125
-65.0125
-65.0125
-65.0125
-65.0125
-65.0125
-65.0125
-65.0125
-65.0125
-65.0125
-65.0125
-65.0125
-65.0124
-65.0124
-65.0124
-65.0124
-65.0124
-65.0124
-65.0124
-65.0124
-65.0124
-65.0124
-65.0124
-65.0124
-65.0124
-65.0124
-65.0124
-65.0124
-65.0124
-65.0124
-65.0124
-65.0124
-65.0124
-65.0124
-65.0124
-65.0123
-65.0123
-65.0123
-65.0123
-65.0123
-65.0123
-65.0123
-65.0123
-65.0123
-65.0123
-65.0123
-65.0123
-65.0123
-65.0123
-65.0123
-65.0123
-65.0123
-65.0123
-65.0123
-65.0123
-65.0123
-65.0123
-65.0123
-65.0123
-65.0123
-65.0123
-65.0123
-65.0123
-65.0123
-65.0123
-65.0123
-65.0123
-65.0123
-65.0123
-65.0123
-65.0123
-65.0123
-65.0123
-65.0123
-65.0123
-65.0123
-65.0123
-65.0123
-65.0123
-65.0123
-65.0123
-65.0123
-65.0123
-65.0123
-65.0123
-65.0123
-65.0123
-65.0123
-65.0123
-65.0123
-65.0123
-65.0123
-65.0123
-65.0123
-65.0123
-65.0123
-65.0123
-65.0123
-65.0123
-65.0123
-65.0123
-65.0123
-65.0123
-65.0123
-65.0123
-65.0123
-65.0123
-65.0123
-65.0123
-64.8272
-64.6749
-64.5616
-64.4807
-64.4179
-64.3677
-64.3273
-64.2951
-64.2696
-64.2499
-64.2351
-64.2244
-64.2173
-64.2132
-64.2117
-64.2125
-64.2152
-64.2195
-64.2252
-64.2321
-64.2401
-64.2489
-64.2584
-64.2685
-64.2792
-64.2902
-64.3016
-64.3133
-64.3251
-64.3371
-64.3491
-64.3613
-64.3734
-64.3855
-64.3456
-64.2321
-64.1589
-64.1065
-64.0712
-64.0455
-64.027
-64.0142
-64.0062
-64.0021
-64.0014
-64.0034
-64.0079
-64.0143
-64.0224
-64.0319
-64.0426
-64.0543
-64.0443
-63.6698
-63.4076
-63.1534
-62.4418
-61.8872
-61.3692
-60.8396
-60.3674
-59.4733
-58.6861
-57.8136
-57.0415
-56.3496
-55.844
-55.4585
-55.0828
-54.7363
-54.4416
-54.074
-53.8131
-53.6236
-53.4778
-53.3602
-53.2857
-53.2457
-53.2354
-53.2453
-53.202
-53.1992
-53.2241
-53.2479
-53.2842
-53.263
-53.267
-53.2391
-53.2552
-53.3
-53.3697
-53.4567
-53.5576
-53.6704
-53.7934
-53.925
-54.0016
-54.0728
-54.1683
-54.2819
-54.4083
-54.5433
-54.6851
-54.7498
-54.8259
-54.9238
-55.0394
-55.1657
-55.2992
-55.4383
-55.5818
-55.7287
-55.878
-56.0292
-56.1736
-56.2372
-56.2924
-56.3583
-56.3992
-56.4668
-56.5518
-56.6502
-56.7428
-56.7606
-56.7666
-56.7157
-56.6896
-56.6575
-56.6331
-56.5844
-56.5639
-56.5245
-56.3736
-56.1203
-55.7858
-55.2749
-54.8651
-54.492
-54.1601
-53.8463
-53.3184
-52.7414
-52.2045
-51.7303
-51.3866
-51.1047
-50.8758
-50.7012
-50.5688
-50.4425
-50.3486
-50.2855
-50.214
-50.0946
-49.989
-49.8991
-49.8345
-49.7998
-49.7883
-49.7965
-49.7964
-49.8061
-49.8366
-49.8852
-49.9497
-50.0285
-50.1205
-50.2252
-50.3423
-50.4713
-50.6117
-50.7623
-50.9221
-51.0906
-51.2671
-51.4511
-51.6421
-51.8394
-52.0416
-52.2478
-52.4574
-52.67
-52.8851
-53.1015
-53.3185
-53.5359
-53.7533
-53.9703
-54.186
-54.4002
-54.6128
-54.8234
-55.0319
-55.2376
-55.4406
-55.6408
-55.838
-56.0322
-56.2231
-56.4106
-56.5947
-56.7755
-56.953
-57.127
-57.2974
-57.4644
-57.6279
-57.7881
-57.9449
-58.0983
-58.2483
-58.395
-58.5385
-58.6787
-58.8158
-58.9498
-59.0807
-59.2086
-59.3335
-59.4554
-59.5745
-59.6909
-59.8045
-59.9154
-59.9491
-59.8449
-59.8039
-59.7958
-59.8146
-59.802
-59.6059
-59.4613
-59.3736
-59.3301
-59.3098
-59.1358
-58.9628
-58.8216
-58.7396
-58.4931
-57.8651
-56.9752
-56.2361
-55.4416
-54.8205
-54.3593
-53.9214
-53.6004
-53.2773
-52.9875
-52.7793
-52.6314
-52.532
-52.4051
-52.2497
-52.1509
-52.0975
-52.0817
-52.0402
-51.9702
-51.8548
-51.7939
-51.7761
-51.7917
-51.7563
-51.669
-51.5759
-51.5223
-51.5137
-51.5044
-51.4386
-51.3994
-51.4011
-51.4245
-51.4063
-51.4299
-51.4804
-51.5556
-51.6489
-51.7577
-51.88
-52.0144
-52.1594
-52.2715
-52.3862
-52.491
-52.6199
-52.7632
-52.9183
-53.0817
-53.2517
-53.4272
-53.6075
-53.7915
-53.9783
-54.167
-54.3572
-54.5482
-54.7397
-54.9283
-55.0746
-55.2334
-55.3682
-55.4955
-55.5332
-55.5091
-55.4292
-55.3053
-55.1684
-55.0334
-54.9485
-54.8658
-54.76
-54.5918
-54.3947
-54.2405
-54.1258
-54.0239
-53.8881
-53.6898
-53.4552
-53.2294
-53.0096
-52.7635
-52.4797
-52.2003
-51.9281
-51.6536
-51.3954
-51.1871
-51.0255
-50.8877
-50.7639
-50.6558
-50.526
-50.4434
-50.3369
-50.201
-50.0487
-49.9103
-49.8188
-49.7188
-49.6225
-49.5191
-49.4247
-49.3633
-49.3258
-49.3079
-49.3056
-49.3178
-49.3436
-49.3824
-49.4339
-49.4979
-49.5741
-49.662
-49.7615
-49.8722
-49.9941
-50.1268
-50.27
-50.4234
-50.5869
-50.7601
-50.9418
-51.1309
-51.3267
-51.5288
-51.7369
-51.95
-52.1667
-52.3865
-52.6089
-52.8334
-53.0592
-53.2852
-53.5112
-53.7368
-53.9617
-54.185
-54.4064
-54.6258
-54.8429
-55.0576
-55.2691
-55.4776
-55.6829
-55.8851
-56.0838
-56.2789
-56.4705
-56.6584
-56.8427
-57.0235
-57.2005
-57.3737
-57.5434
-57.7094
-57.8718
-58.0307
-58.1861
-58.3379
-58.4862
-58.6312
-58.7728
-58.9112
-59.0464
-59.1784
-59.3072
-59.4329
-59.5557
-59.6756
-59.7925
-59.9067
-60.0181
-60.1268
-60.2329
-60.3364
-60.4373
-60.5358
-60.6318
-60.7256
-60.817
-60.9062
-60.9508
-60.995
-60.9977
-61.0155
-60.9359
-60.7247
-60.5971
-60.4105
-60.1784
-60.0267
-59.9252
-59.7157
-59.4535
-59.2515
-58.8334
-58.4744
-58.2145
-57.8567
-56.769
-55.8371
-55.1691
-54.6957
-54.3408
-53.9725
-53.6922
-53.4583
-53.2807
-53.1334
-53.0374
-52.9548
-52.905
-52.8883
-52.9003
-52.9358
-52.9538
-52.885
-52.8029
-52.6184
-52.4156
-52.2676
-52.1766
-52.0212
-51.9162
-51.8513
-51.8008
-51.7915
-51.8061
-51.7566
-51.6747
-51.6241
-51.5887
-51.597
-51.6345
-51.6962
-51.7772
-51.8748
-51.9872
-52.1125
-52.2493
-52.3631
-52.486
-52.6245
-52.7757
-52.936
-53.1036
-53.277
-53.4554
-53.6379
-53.8237
-53.9944
-54.1411
-54.302
-54.4704
-54.6447
-54.8221
-55.0012
-55.1813
-55.3617
-55.5422
-55.7221
-55.8584
-56.0048
-56.157
-56.2993
-56.3648
-56.4608
-56.5711
-56.694
-56.823
-56.9558
-57.0842
-57.1771
-57.2659
-57.3028
-57.3157
-57.3017
-57.2778
-57.1359
-56.9825
-56.8162
-56.6424
-56.4346
-56.2699
-56.0518
-55.7338
-55.3824
-55.075
-54.6925
-54.2768
-53.9151
-53.3985
-52.9745
-52.5855
-52.2954
-52.0263
-51.8369
-51.685
-51.5704

