-70
-69.8623
-69.7285
-69.5983
-69.4718
-69.3487
-69.2291
-69.1128
-68.9997
-68.8897
-68.7828
-68.6789
-68.5778
-68.4795
-68.3839
-68.291
-68.2007
-68.1128
-68.0274
-67.9443
-67.8636
-67.7851
-67.7087
-67.6345
-67.5623
-67.4921
-67.4238
-67.3574
-67.2929
-67.2301
-67.1691
-67.1098
-67.0521
-66.996
-66.9414
-66.8884
-66.8368
-66.7866
-66.7378
-66.6904
-66.6443
-66.5994
-66.5558
-66.5133
-66.4721
-66.432
-66.393
-66.355
-66.3181
-66.2823
-66.2474
-66.2134
-66.1805
-66.1484
-66.1172
-66.0868
-66.0573
-66.0286
-66.0007
-65.9736
-65.9472
-65.9215
-65.8966
-65.8723
-65.8487
-65.8257
-65.8034
-65.7817
-65.7606
-65.74
-65.72
-65.7006
-65.6817
-65.6633
-65.6455
-65.6281
-65.6112
-65.5948
-65.5788
-65.5632
-65.5481
-65.5334
-65.5191
-65.5052
-65.4917
-65.4785
-65.4657
-65.4533
-65.4412
-65.4294
-65.418
-65.4068
-65.396
-65.3855
-65.3752
-65.3653
-65.3556
-65.3462
-65.337
-65.3281
-65.3194
-65.311
-65.3028
-65.2948
-65.2871
-65.2795
-65.2722
-65.2651
-65.2581
-65.2514
-65.2448
-65.2385
-65.2322
-65.2262
-65.2203
-65.2146
-65.2091
-65.2037
-65.1984
-65.1933
-65.1884
-65.1835
-65.1788
-65.1743
-65.1698
-65.1655
-65.1613
-65.1572
-65.1532
-65.1493
-65.1456
-65.1419
-65.1384
-65.1349
-65.1315
-65.1283
-65.1251
-65.122
-65.119
-65.1161
-65.1132
-65.1104
-65.1077
-65.1051
-65.1026
-65.1001
-65.0977
-65.0953
-65.0931
-65.0908
-65.0887
-65.0866
-65.0845
-65.0826
-65.0806
-65.0788
-65.0769
-65.0752
-65.0734
-65.0718
-65.0701
-65.0685
-65.067
-65.0655
-65.064
-65.0626
-65.0612
-65.0599
-65.0586
-65.0573
-65.0561
-65.0549
-65.0537
-65.0526
-65.0514
-65.0504
-65.0493
-65.0483
-65.0473
-65.0464
-65.0454
-65.0445
-65.0436
-65.0428
-65.0419
-65.0411
-65.0403
-65.0395
-65.0388
-65.0381
-65.0374
-65.0367
-65.036
-65.0353
-65.0347
-65.0341
-65.0335
-65.0329
-65.0323
-65.0318
-65.0313
-65.0307
-65.0302
-65.0297
-65.0293
-65.0288
-65.0283
-65.0279
-65.0275
-65.027
-65.0266
-65.0262
-65.0259
-65.0255
-65.0251
-65.0248
-65.0244
-65.0241
-65.0238
-65.0234
-65.0231
-65.0228
-65.0225
-65.0223
-65.022
-65.0217
-65.0215
-65.0212
-65.021
-65.0207
-65.0205
-65.0203
-65.02
-65.0198
-65.0196
-65.0194
-65.0192
-65.019
-65.0188
-65.0187
-65.0185
-65.0183
-65.0181
-65.018
-65.0178
-65.0177
-65.0175
-65.0174
-65.0172
-65.0171
-65.017
-65.0168
-65.0167
-65.0166
-65.0165
-65.0163
-65.0162
-65.0161
-65.016
-65.0159
-65.0158
-65.0157
-65.0156
-65.0155
-65.0154
-65.0153
-65.0153
-65.0152
-65.0151
-65.015
-65.0149
-65.0149
-65.0148
-65.0147
-65.0147
-65.0146
-65.0145
-65.0145
-65.0144
-65.0143
-65.0143
-65.0142
-65.0142
-65.0141
-65.0141
-65.014
-65.014
-65.0139
-65.0139
-65.0138
-65.0138
-65.0137
-65.0137
-65.0137
-65.0136
-65.0136
-65.0135
-65.0135
-65.0135
-65.0134
-65.0134
-65.0134
-65.0133
-65.0133
-65.0133
-65.0133
-65.0132
-65.0132
-65.0132
-65.0131
-65.0131
-65.0131
-65.0131
-65.0131
-65.013
-65.013
-65.013
-65.013
-65.0129
-65.0129
-65.0129
-65.0129
-65.0129
-65.0129
-65.0128
-65.0128
-65.0128
-65.0128
-65.0128
-65.0128
-65.0127
-65.0127
-65.0127
-65.0127
-65.0127
-65.0127
-65.0127
-65.0127
-65.0126
-65.0126
-65.0126
-65.0126
-65.0126
-65.0126
-65.0126
-65.0126
-65.0126
-65.0126
-65.0125
-65.0125
-65.0125
-65.0125
-65.0125
-65.0125
-65.0125
-65.0125
-65.0125
-65.0125
-65.0125
-65.0125
-65.0125
-65.0124
-65.0124
-65.0124
-65.0124
-65.0124
-65.0124
-65.0124
-65.0124
-65.0124
-65.0124
-65.0124
-65.0124
-65.0124
-65.0124
-65.0124
-65.0124
-65.0124
-65.0124
-65.0124
-65.0124
-65.0124
-65.0124
-65.0124
-65.0123
-65.0123
-65.0123
-65.0123
-65.0123
-65.0123
-65.0123
-65.0123
-65.0123
-65.0123
-65.0123
-65.0123
-65.0123
-65.0123
-65.0123
-65.0123
-65.0123
-65.0123
-65.0123
-65.0123
-65.0123
-65.0123
-65.0123
-65.0123
-65.0123
-65.0123
-65.0123
-65.0123
-65.0123
-65.0123
-65.0123
-65.0123
-65.0123
-65.0123
-65.0123
-65.0123
-65.0123
-65.0123
-65.0123
-65.0123
-65.0123
-65.0123
-65.0123
-65.0123
-65.0123
-65.0123
-65.0123
-65.0123
-65.0123
-65.0123
-65.0123
-65.0123
-65.0123
-65.0123
-65.0123
-65.0123
-65.0123
-65.0123
-65.0123
-65.0123
-65.0123
-65.0123
-65.0123
-65.0123
-65.0123
-65.0123
-65.0123
-65.0123
-65.0123
-65.0123
-65.0123
-65.0123
-65.0123
-65.0123
-64.9505
-64.8995
-64.8615
-64.8344
-64.8133
-64.7964
-64.7828
-64.772
-64.7634
-64.7568
-64.7518
-64.7482
-64.7458
-64.7444
-64.7439
-64.7441
-64.745
-64.7465
-64.7484
-64.7508
-64.7534
-64.7564
-64.7596
-64.763
-64.7666
-64.7703
-64.7742
-64.7781
-64.7821
-64.7861
-64.7902
-64.7942
-64.7983
-64.8024
-64.728
-64.5428
-64.4186
-64.326
-64.2594
-64.2073
-64.1662
-64.1339
-64.109
-64.0903
-64.0767
-64.0676
-64.0622
-64.06
-64.0606
-64.0635
-64.0685
-64.0751
-64.0832
-63.778
-63.5424
-63.3529
-62.8678
-62.4942
-62.1691
-61.8307
-61.5192
-60.4769
-59.5725
-58.3325
-57.4388
-56.7684
-56.2689
-55.8805
-55.3302
-54.7907
-54.3489
-53.7205
-53.2704
-52.7069
-52.244
-51.8665
-51.5718
-51.3085
-51.1057
-50.9432
-50.7737
-50.6243
-50.5152
-50.4388
-50.3897
-50.2859
-50.2056
-50.132
-50.0931
-50.0775
-50.0762
-50.0555
-50.0616
-50.0635
-50.0712
-50.082
-50.035
-49.9992
-49.9958
-49.9834
-49.989
-49.9891
-49.971
-49.9682
-49.9648
-49.9303
-49.8918
-49.8811
-49.8966
-49.8902
-49.9045
-49.9395
-49.9931
-50.0617
-50.1292
-50.1864
-50.2649
-50.359
-50.468
-50.5791
-50.5724
-50.5764
-50.6146
-50.6228
-50.6294
-50.6707
-50.6957
-50.6946
-50.7295
-50.748
-50.6177
-50.5386
-50.369
-50.0877
-49.7172
-49.3049
-48.8783
-48.5345
-48.1887
-47.7278
-46.9773
-45.9311
-44.6852
-42.9079
-39.7388
-24.4996
37.7459
-8.7632
-39.6043
-55.4141
-59.4139
-60.4083
-60.5866
-60.4761
-60.2501
-60.0137
-59.788
-59.5719
-59.4012
-59.2668
-59.1648
-59.089
-59.0356
-59.0015
-58.9839
-58.9806
-58.9895
-59.0091
-59.0377
-59.0743
-59.1176
-59.1668
-59.2209
-59.2793
-59.3413
-59.4065
-59.4744
-59.5444
-59.6162
-59.6893
-59.7636
-59.8387
-59.9142
-59.9902
-60.0662
-60.1422
-60.2181
-60.2935
-60.3686
-60.443
-60.5168
-60.5899
-60.6622
-60.7336
-60.8041
-60.8737
-60.9422
-61.0097
-61.0761
-61.1414
-61.2056
-61.2687
-61.3307
-61.3915
-61.4513
-61.5099
-61.5674
-61.6237
-61.679
-61.7331
-61.7862
-61.8382
-61.8891
-61.9389
-61.9877
-62.0355
-62.0823
-62.1281
-62.1728
-62.2167
-62.2596
-62.3015
-62.3426
-62.3827
-62.3415
-62.2211
-62.1495
-62.1044
-62.0802
-62.0432
-61.821
-61.6713
-61.565
-61.4807
-61.3372
-61.1654
-60.9972
-60.8815
-60.8016
-60.6093
-60.162
-58.9654
-58.0393
-56.9816
-56.0881
-55.4349
-54.8437
-54.3744
-53.6627
-53.0598
-52.6098
-52.2622
-51.9757
-51.6642
-51.3748
-51.1581
-50.9965
-50.8564
-50.7169
-50.5759
-50.4087
-50.2963
-50.2194
-50.1739
-50.1519
-50.1501
-50.1407
-50.1464
-50.1725
-50.1771
-50.1283
-50.0506
-49.9991
-49.9385
-49.8583
-49.7844
-49.688
-49.5931
-49.5018
-49.3476
-49.1383
-48.9707
-48.8387
-48.7311
-48.638
-48.484
-48.3029
-48.1427
-47.9904
-47.8374
-47.6753
-47.4989
-47.3015
-47.0718
-46.7956
-46.4541
-46.0165
-45.4219
-44.5568
-43.1278
-40.0454
-21.1466
34.7317
-13.7124
-45.8016
-59.6965
-63.3321
-64.3102
-64.4502
-64.2207
-63.9111
-63.5624
-63.0571
-62.5747
-62.1424
-61.7292
-61.3788
-61.0032
-60.6582
-60.3177
-59.8754
-59.4605
-59.038
-58.4205
-57.8238
-57.2448
-56.7144
-56.2316
-55.8174
-55.5106
-55.2528
-55.0341
-54.8134
-54.6519
-54.5434
-54.4283
-54.3462
-54.2576
-54.1737
-54.0116
-53.8731
-53.7188
-53.6108
-53.5561
-53.5413
-53.5563
-53.5946
-53.6301
-53.6479
-53.6783
-53.7363
-53.815
-53.9097
-54.0168
-54.1342
-54.2603
-54.3939
-54.5339
-54.6791
-54.8286
-54.9815
-55.1373
-55.2951
-55.4546
-55.6152
-55.7764
-55.9379
-56.0991
-56.2598
-56.4197
-56.5786
-56.7363
-56.8926
-57.0473
-57.2001
-57.3511
-57.5002
-57.6471
-57.7919
-57.9345
-58.0748
-58.2126
-58.3481
-58.4812
-58.6119
-58.7402
-58.866
-58.9894
-59.1104
-59.2289
-59.345
-59.4587
-59.57
-59.679
-59.7857
-59.89
-59.9922
-60.092
-60.1897
-60.2852
-60.3785
-60.4698
-60.559
-60.6461
-60.7313
-60.8146
-60.8959
-60.9754
-61.053
-61.1288
-61.2029
-61.2752
-61.3458
-61.4148
-61.4822
-61.5479
-61.6122
-61.6749
-61.7361
-61.7959
-61.8543
-61.9114
-61.967
-62.0214
-62.0745
-62.1263
-62.1769
-62.2011
-61.9679
-61.6721
-61.4561
-61.1836
-60.9552
-60.7915
-60.675
-60.3807
-60.0565
-59.8166
-59.3502
-59.0032
-58.7496
-58.379
-57.2655
-56.1675
-55.3745
-54.807
-54.3621
-53.8519
-53.4644
-52.9726
-52.5632
-52.2252
-51.9178
-51.6558
-51.4599
-51.3162
-51.2141
-51.1455
-51.0451
-50.8683
-50.741
-50.5514
-50.4038
-50.3038
-50.2304
-50.0578
-49.943
-49.8396
-49.6847
-49.5799
-49.4998
-49.3424
-49.1331
-48.963
-48.8273
-48.7156
-48.6183
-48.5086
-48.3579
-48.2275
-48.0763
-47.9197
-47.7614
-47.5949
-47.4133
-47.2079
-46.9659
-46.6716
-46.3045
-45.8186
-45.1099
-44.058
-42.1917
-37.163
28.1083
13.5436
-27.8491
-54.9487
-63.1925
-65.561
-66.3714
-66.6709
-66.7655
-66.7216
-66.6035
-66.4482
-66.197
-65.9956
-65.7773
-65.6018
-65.453
-65.3258
-65.2141
-65.115
-65.0264
-64.947
-64.8755
-64.8017
-64.6517
-64.3657
-64.0954
-63.8209
-63.5798
-63.2595
-62.978
-62.6766
-62.3703
-62.0967
-61.5487
-60.8331
-60.0108
-59.1458
-58.4262
-57.7576
-56.8886
-56.1506
-55.5933
-55.1377
-54.7837
-54.5128
-54.2603
-53.961

