-70
-70.0758
-70.1508
-70.225
-70.2983
-70.3706
-70.4419
-70.5122
-70.5814
-70.6496
-70.7168
-70.7829
-70.848
-70.9121
-70.9752
-71.0373
-71.0984
-71.1586
-71.2178
-71.2761
-71.3334
-71.3899
-71.4455
-71.5003
-71.5543
-71.6074
-71.6598
-71.7114
-71.7623
-71.8124
-71.8619
-71.9106
-71.9587
-72.006
-72.0527
-72.0988
-72.1442
-72.1889
-72.2331
-72.2766
-72.3196
-72.362
-72.4038
-72.445
-72.4857
-72.5258
-72.5654
-72.6045
-72.6431
-72.6812
-72.7188
-72.756
-72.7927
-72.8289
-72.8647
-72.9
-72.9349
-72.9694
-73.0035
-73.0371
-73.0704
-73.1032
-73.1357
-73.1678
-73.1994
-73.2307
-73.2617
-73.2922
-73.3224
-73.3523
-73.3817
-73.4109
-73.4397
-73.4682
-73.4963
-73.5241
-73.5516
-73.5788
-73.6057
-73.6323
-73.6585
-73.6845
-73.7102
-73.7356
-73.7608
-73.7857
-73.8103
-73.8346
-73.8587
-73.8825
-73.9061
-73.9294
-73.9524
-73.9753
-73.9979
-74.0202
-74.0423
-74.0642
-74.0859
-74.1073
-74.1285
-74.1495
-74.1703
-74.1909
-74.2112
-74.2313
-74.2513
-74.271
-74.2905
-74.3098
-74.329
-74.3479
-74.3666
-74.3852
-74.4036
-74.4217
-74.4397
-74.4575
-74.4752
-74.4926
-74.5099
-74.527
-74.544
-74.5607
-74.5774
-74.5938
-74.6101
-74.6262
-74.6422
-74.658
-74.6736
-74.6891
-74.7045
-74.7197
-74.7347
-74.7496
-74.7644
-74.779
-74.7935
-74.8079
-74.8221
-74.8362
-74.8501
-74.864
-74.8777
-74.8913
-74.9047
-74.918
-74.9313
-74.9443
-74.9573
-74.9701
-74.9829
-74.9955
-75.008
-75.0204
-75.0327
-75.0448
-75.0569
-75.0688
-75.0806
-75.0924
-75.104
-75.1155
-75.1269
-75.1382
-75.1495
-75.1606
-75.1716
-75.1825
-75.1933
-75.204
-75.2147
-75.2252
-75.2356
-75.246
-75.2562
-75.2664
-75.2764
-75.2864
-75.2963
-75.3061
-75.3158
-75.3255
-75.335
-75.3445
-75.3538
-75.3631
-75.3724
-75.3815
-75.3906
-75.3995
-75.4084
-75.4172
-75.426
-75.4346
-75.4432
-75.4518
-75.4602
-75.4686
-75.4769
-75.4851
-75.4932
-75.5013
-75.5093
-75.5173
-75.5251
-75.533
-75.5407
-75.5484
-75.556
-75.5635
-75.571
-75.5784
-75.5858
-75.593
-75.6003
-75.6074
-75.6145
-75.6216
-75.6285
-75.6355
-75.6423
-75.6491
-75.6559
-75.6626
-75.6692
-75.6758
-75.6823
-75.6888
-75.6952
-75.7015
-75.7078
-75.7141
-75.7203
-75.7264
-75.7325
-75.7386
-75.7446
-75.7505
-75.7564
-75.7622
-75.768
-75.7738
-75.7795
-75.7851
-75.7907
-75.7963
-75.8018
-75.8072
-75.8127
-75.818
-75.8234
-75.8287
-75.8339
-75.8391
-75.8443
-75.8494
-75.8545
-75.8595
-75.8645
-75.8695
-75.8744
-75.8793
-75.8841
-75.8889
-75.8937
-75.8984
-75.9031
-75.9077
-75.9123
-75.9169
-75.9214
-75.9259
-75.9304
-75.9348
-75.9392
-75.9436
-75.9479
-75.9522
-75.9565
-75.9607
-75.9649
-75.969
-75.9731
-75.9772
-75.9813
-75.9853
-75.9893
-75.9933
-75.9972
-76.0011
-76.005
-76.0088
-76.0126
-76.0164
-76.0201
-76.0239
-76.0275
-76.0312
-76.0348
-76.0384
-76.042
-76.0456
-76.0491
-76.0526
-76.056
-76.0595
-76.0629
-76.0663
-76.0696
-76.0729
-76.0762
-76.0795
-76.0828
-76.086
-76.0892
-76.0924
-76.0955
-76.0986
-76.1017
-76.1048
-76.1079
-76.1109
-76.1139
-76.1169
-76.1198
-76.1228
-76.1257
-76.1286
-76.1314
-76.1343
-76.1371
-76.1399
-76.1427
-76.1455
-76.1482
-76.1509
-76.1536
-76.1563
-76.1589
-76.1615
-76.1642
-76.1667
-76.1693
-76.1719
-76.1744
-76.1769
-76.1794
-76.1819
-76.1843
-76.1868
-76.1892
-76.1916
-76.1939
-76.1963
-76.1986
-76.201
-76.2033
-76.2056
-76.2078
-76.2101
-76.2123
-76.2145
-76.2167
-76.2189
-76.2211
-76.2232
-76.2254
-76.2275
-76.2296
-76.2317
-76.2337
-76.2358
-76.2378
-76.2398
-76.2418
-76.2438
-76.2458
-76.2478
-76.2497
-76.2516
-76.2536
-76.2554
-76.2573
-76.2592
-76.2611
-76.2629
-76.2647
-76.2665
-76.2683
-76.2701
-76.2719
-76.2737
-76.2754
-76.2771
-76.2788
-76.2806
-76.2822
-76.2839
-76.2856
-76.2872
-76.2889
-76.2905
-76.2921
-76.2937
-76.2953
-76.2969
-76.2985
-76.3
-76.3016
-76.3031
-76.3046
-76.3061
-76.3076
-76.3091
-76.3106
-76.312
-76.3135
-76.3149
-76.3164
-76.3178
-76.3192
-76.3206
-76.322
-76.3233
-76.3247
-76.3261
-76.3274
-76.3287
-76.33
-76.3314
-76.3327
-76.334
-76.3352
-76.3365
-76.3378
-76.339
-76.3403
-76.3415
-76.3427
-76.3439
-76.3452
-76.3464
-76.3475
-76.3487
-76.3499
-76.351
-76.3522
-76.3533
-76.3545
-76.3556
-76.3567
-76.3578
-76.3589
-76.36
-76.3611
-76.3622
-76.3632
-76.3643
-76.3654
-76.3664
-76.3674
-76.3685
-76.3695
-76.3705
-76.3715
-76.3725
-76.3735
-76.3745
-76.3754
-76.3764
-76.3774
-76.3783
-76.3793
-76.3802
-76.3811
-76.382
-76.383
-76.3839
-76.3848
-76.3857
-76.3866
-76.3874
-76.3883
-76.3892
-76.39
-76.3909
-76.3917
-76.3926
-76.3934
-76.3943
-76.3951
-76.3959
-76.3967
-76.3975
-76.3983
-76.3991
-76.3999
-76.4007
-76.4014
-76.4022
-76.403
-76.4037
-76.4045
-76.4052
-76.406
-76.4067
-76.4074
-75.6458
-71.3644
-67.6835
-64.9104
-62.7495
-60.9512
-59.2514
-57.2021
-52.8667
43.9686
-9.01768
-40.4998
-78.3979
-79.0597
-78.9539
-78.8271
-78.688
-78.5369
-78.3739
-77.9444
-75.8546
-74.5108
-73.6947
-73.0675
-72.5215
-72.0196
-71.5488
-71.1048
-70.7763
-71.2479
-71.7751
-72.3731
-72.7368
-72.9386
-73.0521
-73.4146
-73.8717
-71.438
-69.3329
-68.1507
-67.4649
-67.0511
-66.7955
-66.6372
-66.542
-66.4895
-66.467
-66.4667
-66.4833
-66.513
-66.5535
-66.6027
-66.6593
-66.7223
-67.0304
-68.0013
-68.8138
-69.4355
-69.9202
-70.3046
-70.6145
-70.8683
-71.0791
-71.2567
-71.4083
-71.5392
-71.6538
-71.7551
-71.8457
-72.1131
-72.5867
-72.9693
-73.268
-73.505
-73.6958
-73.8516
-73.9804
-74.088
-73.4769
-69.6856
-66.5314
-64.2377
-62.5032
-61.1088
-59.8772
-58.6235
-57.0316
-53.9335
23.134
-0.754394
-33.1772
-76.7929
-79.1315
-79.0605
-78.947
-78.8217
-78.6853
-78.5383
-76.6102
-75.3146
-74.7978
-74.4989
-74.2909
-74.144
-74.0615
-74.126
-74.1089
-74.0418
-73.9601
-73.877
-73.7981
-73.7253
-73.6595
-73.6008
-73.5491
-73.5041
-73.4654
-73.4325
-73.4052
-73.3829
-73.3653
-73.3521
-73.3427
-73.337
-73.3345
-73.335
-73.3382
-73.3438
-73.3516
-73.3614
-73.373
-73.3861
-73.4007
-73.4165
-73.4334
-73.4513
-73.4701
-73.4896
-73.5098
-73.5305
-73.5517
-73.5733
-73.5952
-73.6174
-73.6398
-73.6624
-73.6852
-73.708
-73.7309
-73.7538
-73.7767
-73.7996
-73.8224
-73.8452
-73.8679
-73.8904
-73.9129
-73.9353
-73.9575
-73.9795
-74.0014
-74.0232
-74.0448
-74.0662
-74.0874
-74.1085
-74.1294
-74.1501
-74.1706
-74.191
-74.2111
-74.2311
-74.2509
-74.2705
-74.2899
-74.3091
-74.3282
-74.347
-74.3657
-74.3842
-74.4025
-72.9615
-68.9424
-65.706
-63.2414
-61.2582
-59.473
-57.472
-53.8387
44.6289
-3.23365
-35.0667
-77.511
-78.9784
-78.8731
-78.7372
-78.588
-78.4259
-78.2513
-78.0647
-77.1989
-75.0301
-73.6733
-72.7943
-72.1114
-71.5248
-71.2227
-71.4256
-71.8058
-70.9036
-69.1898
-68.113
-67.4467
-67.0079
-67.2927
-68.3231
-69.0931
-70.0388
-70.7124
-71.1084
-71.2509
-69.0493
-67.182
-66.029
-65.296
-64.8173
-65.3812
-66.0425
-66.5071
-66.841
-67.0909
-67.2859
-67.4439
-67.5769
-67.6924
-67.7957
-67.8906
-67.9797
-68.0647
-68.1469
-68.2273
-68.3067
-68.3854
-68.4637
-68.5421
-68.6204
-68.6989
-68.7774
-68.8561
-68.9348
-69.0136
-69.0924
-69.2345
-69.9454
-70.6079
-71.1317
-71.5511
-71.8913
-72.1707
-72.4027
-71.6039
-68.0982
-65.2918
-63.2428
-61.6736
-60.3794
-59.1864
-57.8884
-56.047
-51.2847
38.5007
-14.7887
-48.0153
-78.6065
-79.0146
-78.8975
-78.6771
-78.5079
-78.3445
-78.1728
-77.992
-76.8308
-74.5965
-73.3877
-72.6966
-72.505
-72.4885
-72.3867
-72.243
-72.088
-71.9351
-71.949
-72.1325
-72.5004
-72.7826
-72.9465
-73.0428
-73.1005
-73.1357
-73.1577
-73.1722
-73.1824
-73.1905
-73.1979
-73.2053
-73.2133
-73.2222
-73.2321
-73.2431
-73.2554
-73.2688
-73.4471
-73.7034
-73.9074
-74.0683
-74.1972
-74.3022
-74.3888
-74.4613
-74.5227
-74.5754
-74.621
-74.661
-74.6964
-74.7281
-74.7567
-74.7827
-74.8066
-74.8287
-74.8493
-74.8686
-74.8869
-74.9043
-74.9208
-74.9367
-74.952
-74.9668
-74.9812
-74.9951
-75.0087
-75.0221
-75.0351
-75.0479
-75.0604
-75.0728
-75.085
-75.0969
-75.1088
-75.1205
-75.132
-75.1434
-75.1547
-75.1658
-75.1769
-75.1878
-75.1986
-75.2093
-75.2199
-75.2304
-75.2408
-75.2512
-75.2614
-75.2715
-75.2815
-75.2914
-75.3013
-75.3111
-75.3207
-75.3303
-75.3398
-75.3492
-75.3586
-75.3678
-75.377
-75.3861
-75.3951
-75.404
-75.4129
-75.4217
-75.4304
-72.6599
-68.6478
-65.5682
-63.206
-61.2894
-59.5503
-57.5931
-54.0762
42.4676
-1.74005
-33.8743
-77.7365
-79.0034
-78.6714
-78.4995
-78.3236
-78.1335
-77.9292
-77.7113
-77.4812
-77.2406
-75.5806
-73.2929
-71.8093
-70.7732
-69.9668
-69.2957
-69.0548
-69.1919
-69.7358
-69.4583
-68.1719
-67.326
-66.8112
-66.4809
-66.2613
-66.4209
-67.2542
-68.4313
-69.2249
-69.7253
-70.0554
-70.2827
-70.4457
-68.4573
-66.6711
-65.9207
-65.4909
-65.2306
-65.0746
-64.9861
-64.9435
-64.9335
-64.9476
-64.9801
-65.0273
-65.0863
-65.1552
-65.2325
-65.317
-65.4074
-65.503
-65.6031
-65.7071
-65.8145
-65.9248
-66.0376
-66.1526
-66.2693
-66.3875
-66.5067
-67.1134
-68.0963
-68.8985
-69.537
-70.0519
-70.7153
-71.5534
-72.1962
-72.6809
-73.0535
-73.345
-73.5768
-73.7637
-73.9165
-74.0429
-74.1487
-74.2382
-74.3146
-74.3805
-71.3773
-67.7394
-65.041
-63.0152
-61.4127
-60.0296
-58.6563
-56.9415
-53.5425
41.6608
-4.04875
-35.5704
-77.4758
-79.0815
-78.9952
-78.8741
-78.7408
-78.5959
-78.4399
-77.2051
-75.4067

