-70
-69.8623
-69.7285
-69.5983
-69.4718
-69.3487
-69.2291
-69.1128
-68.9997
-68.8897
-68.7828
-68.6789
-68.5778
-68.4795
-68.3839
-68.291
-68.2007
-68.1128
-68.0274
-67.9443
-67.8636
-67.7851
-67.7087
-67.6345
-67.5623
-67.4921
-67.4238
-67.3574
-67.2929
-67.2301
-67.1691
-67.1098
-67.0521
-66.996
-66.9414
-66.8884
-66.8368
-66.7866
-66.7378
-66.6904
-66.6443
-66.5994
-66.5558
-66.5133
-66.4721
-66.432
-66.393
-66.355
-66.3181
-66.2823
-66.2474
-66.2134
-66.1805
-66.1484
-66.1172
-66.0868
-66.0573
-66.0286
-66.0007
-65.9736
-65.9472
-65.9215
-65.8966
-65.8723
-65.8487
-65.8257
-65.8034
-65.7817
-65.7606
-65.74
-65.72
-65.7006
-65.6817
-65.6633
-65.6455
-65.6281
-65.6112
-65.5948
-65.5788
-65.5632
-65.5481
-65.5334
-65.5191
-65.5052
-65.4917
-65.4785
-65.4657
-65.4533
-65.4412
-65.4294
-65.418
-65.4068
-65.396
-65.3855
-65.3752
-65.3653
-65.3556
-65.3462
-65.337
-65.3281
-65.3194
-65.311
-65.3028
-65.2948
-65.2871
-65.2795
-65.2722
-65.2651
-65.2581
-65.2514
-65.2448
-65.2385
-65.2322
-65.2262
-65.2203
-65.2146
-65.2091
-65.2037
-65.1984
-65.1933
-65.1884
-65.1835
-65.1788
-65.1743
-65.1698
-65.1655
-65.1613
-65.1572
-65.1532
-65.1493
-65.1456
-65.1419
-65.1384
-65.1349
-65.1315
-65.1283
-65.1251
-65.122
-65.119
-65.1161
-65.1132
-65.1104
-65.1077
-65.1051
-65.1026
-65.1001
-65.0977
-65.0953
-65.0931
-65.0908
-65.0887
-65.0866
-65.0845
-65.0826
-65.0806
-65.0788
-65.0769
-65.0752
-65.0734
-65.0718
-65.0701
-65.0685
-65.067
-65.0655
-65.064
-65.0626
-65.0612
-65.0599
-65.0586
-65.0573
-65.0561
-65.0549
-65.0537
-65.0526
-65.0514
-65.0504
-65.0493
-65.0483
-65.0473
-65.0464
-65.0454
-65.0445
-65.0436
-65.0428
-65.0419
-65.0411
-65.0403
-65.0395
-65.0388
-65.0381
-65.0374
-65.0367
-65.036
-65.0353
-65.0347
-65.0341
-65.0335
-65.0329
-65.0323
-65.0318
-65.0313
-65.0307
-65.0302
-65.0297
-65.0293
-65.0288
-65.0283
-65.0279
-65.0275
-65.027
-65.0266
-65.0262
-65.0259
-65.0255
-65.0251
-65.0248
-65.0244
-65.0241
-65.0238
-65.0234
-65.0231
-65.0228
-65.0225
-65.0223
-65.022
-65.0217
-65.0215
-65.0212
-65.021
-65.0207
-65.0205
-65.0203
-65.02
-65.0198
-65.0196
-65.0194
-65.0192
-65.019
-65.0188
-65.0187
-65.0185
-65.0183
-65.0181
-65.018
-65.0178
-65.0177
-65.0175
-65.0174
-65.0172
-65.0171
-65.017
-65.0168
-65.0167
-65.0166
-65.0165
-65.0163
-65.0162
-65.0161
-65.016
-65.0159
-65.0158
-65.0157
-65.0156
-65.0155
-65.0154
-65.0153
-65.0153
-65.0152
-65.0151
-65.015
-65.0149
-65.0149
-65.0148
-65.0147
-65.0147
-65.0146
-65.0145
-65.0145
-65.0144
-65.0143
-65.0143
-65.0142
-65.0142
-65.0141
-65.0141
-65.014
-65.014
-65.0139
-65.0139
-65.0138
-65.0138
-65.0137
-65.0137
-65.0137
-65.0136
-65.0136
-65.0135
-65.0135
-65.0135
-65.0134
-65.0134
-65.0134
-65.0133
-65.0133
-65.0133
-65.0133
-65.0132
-65.0132
-65.0132
-65.0131
-65.0131
-65.0131
-65.0131
-65.0131
-65.013
-65.013
-65.013
-65.013
-65.0129
-65.0129
-65.0129
-65.0129
-65.0129
-65.0129
-65.0128
-65.0128
-65.0128
-65.0128
-65.0128
-65.0128
-65.0127
-65.0127
-65.0127
-65.0127
-65.0127
-65.0127
-65.0127
-65.0127
-65.0126
-65.0126
-65.0126
-65.0126
-65.0126
-65.0126
-65.0126
-65.0126
-65.0126
-65.0126
-65.0125
-65.0125
-65.0125
-65.0125
-65.0125
-65.0125
-65.0125
-65.0125
-65.0125
-65.0125
-65.0125
-65.0125
-65.0125
-65.0124
-65.0124
-65.0124
-65.0124
-65.0124
-65.0124
-65.0124
-65.0124
-65.0124
-65.0124
-65.0124
-65.0124
-65.0124
-65.0124
-65.0124
-65.0124
-65.0124
-65.0124
-65.0124
-65.0124
-65.0124
-65.0124
-65.0124
-65.0123
-65.0123
-65.0123
-65.0123
-65.0123
-65.0123
-65.0123
-65.0123
-65.0123
-65.0123
-65.0123
-65.0123
-65.0123
-65.0123
-65.0123
-65.0123
-65.0123
-65.0123
-65.0123
-65.0123
-65.0123
-65.0123
-65.0123
-65.0123
-65.0123
-65.0123
-65.0123
-65.0123
-65.0123
-65.0123
-65.0123
-65.0123
-65.0123
-65.0123
-65.0123
-65.0123
-65.0123
-65.0123
-65.0123
-65.0123
-65.0123
-65.0123
-65.0123
-65.0123
-65.0123
-65.0123
-65.0123
-65.0123
-65.0123
-65.0123
-65.0123
-65.0123
-65.0123
-65.0123
-65.0123
-65.0123
-65.0123
-65.0123
-65.0123
-65.0123
-65.0123
-65.0123
-65.0123
-65.0123
-65.0123
-65.0123
-65.0123
-65.0123
-65.0123
-65.0123
-65.0123
-65.0123
-65.0123
-65.0123
-64.5816
-64.2291
-63.9678
-63.7817
-63.6375
-63.5222
-63.4298
-63.356
-63.2977
-63.2527
-63.2187
-63.1943
-63.178
-63.1686
-63.1652
-63.1668
-63.1729
-63.1827
-63.1957
-63.2115
-63.2296
-63.2497
-63.2714
-63.2946
-63.3189
-63.3441
-63.3701
-63.3967
-63.4238
-63.4511
-63.4788
-63.5065
-63.5343
-63.562
-63.4615
-63.1802
-62.9987
-62.8684
-62.7803
-62.7155
-62.6682
-62.6351
-62.6136
-62.6017
-62.598
-62.6011
-62.61
-62.6238
-62.6418
-62.6305
-62.5964
-62.5828
-62.5813
-62.3288
-62.1158
-61.8397
-61.1033
-60.4806
-59.7501
-58.994
-58.2988
-57.1357
-56.2102
-55.086
-54.1149
-53.1777
-52.4915
-51.9551
-51.3015
-50.5882
-49.905
-49.1242
-48.4472
-47.6321
-46.8252
-45.985
-44.9902
-43.6216
-41.2735
-33.678
42.213
4.31018
-29.9946
-52.5421
-58.7408
-60.1811
-60.4246
-60.311
-60.0892
-59.8614
-59.654
-59.4752
-59.3252
-59.2029
-59.0756
-58.942
-58.818
-58.6788
-58.5431
-58.4501
-58.3884
-58.3193
-58.1831
-58.0295
-57.9239
-57.8593
-57.8247
-57.7923
-57.7095
-57.6355
-57.571
-57.4595
-57.3882
-57.3516
-57.343
-57.3536
-57.379
-57.4028
-57.351
-57.3376
-57.348
-57.3122
-57.2694
-57.2094
-57.1305
-57.0968
-57.0505
-56.9719
-56.6816
-56.3523
-55.8837
-55.4951
-55.1371
-54.8388
-54.3292
-53.7744
-53.0979
-52.4658
-51.8525
-51.2265
-50.4799
-49.6306
-48.6187
-47.654
-46.6801
-45.6635
-44.4682
-42.7781
-39.3242
-14.7805
33.0216
-12.7273
-43.4397
-57.6981
-61.1033
-61.7722
-61.7712
-61.574
-61.3229
-61.0734
-60.8467
-60.6495
-60.4822
-60.3429
-60.2289
-60.1372
-60.065
-60.0098
-59.9696
-59.9422
-59.9263
-59.9202
-59.9228
-59.9329
-59.9496
-59.9722
-59.9999
-60.032
-60.0679
-60.1072
-60.1493
-60.1938
-60.2404
-60.2888
-60.3386
-60.3897
-60.4417
-60.4945
-60.5478
-60.6016
-60.6556
-60.7098
-60.7639
-60.818
-60.8718
-60.9254
-60.9786
-61.0314
-61.0837
-61.1355
-61.1867
-61.2373
-61.2873
-61.3367
-61.3853
-61.4333
-61.4805
-61.5271
-61.5729
-61.6179
-61.6622
-61.7058
-61.7486
-61.7906
-61.832
-61.8725
-61.9124
-61.9515
-61.9899
-62.0276
-62.0645
-62.1008
-62.1364
-62.1713
-62.087
-61.8678
-61.7266
-61.6289
-61.5649
-61.5166
-61.2591
-61.022
-60.8534
-60.7119
-60.5551
-60.1741
-59.4401
-58.8498
-58.3786
-57.8993
-56.9587
-55.607
-54.3854
-53.1671
-52.1797
-51.4317
-50.768
-50.1982
-49.3907
-48.6381
-47.9852
-47.3715
-46.7316
-45.9921
-45.0779
-43.8182
-41.6913
-35.5301
39.0495
8.88181
-28.6431
-54.2681
-61.5104
-63.1043
-63.2711
-62.9774
-62.4901
-62.0481
-61.637
-61.2177
-60.7816
-60.3928
-60.0883
-59.8469
-59.6478
-59.42
-59.2159
-58.9687
-58.7183
-58.4708
-58.2631
-58.0673
-57.8802
-57.6955
-57.5223
-57.3642
-57.2191
-57.1036
-57.0315
-56.9906
-56.9743
-56.9774
-56.9965
-57.0293
-57.0737
-57.128
-57.1908
-57.2608
-57.337
-57.4184
-57.5042
-57.5379
-57.5517
-57.572
-57.5326
-57.4409
-57.3545
-57.1913
-56.9271
-56.6705
-56.4593
-56.1729
-55.8468
-55.5932
-55.211
-54.7157
-54.3021
-53.944
-53.6224
-53.2703
-52.9154
-52.5484
-52.1248
-51.6357
-51.0793
-50.3002
-49.4512
-48.6542
-47.8714
-47.134
-46.3492
-45.4136
-44.2393
-42.4729
-38.5597
2.57994
25.9045
-18.6599
-49.5815
-61.1237
-63.7813
-64.1955
-63.958
-63.5995
-63.1965
-62.7986
-62.427
-62.1033
-61.8355
-61.591
-61.3804
-61.2075
-61.0663
-60.9513
-60.8581
-60.7836
-60.7253
-60.6811
-60.6491
-60.6279
-60.6161
-60.6125
-60.6161
-60.6259
-60.6413
-60.6614
-60.6857
-60.7136
-60.7447
-60.7785
-60.8146
-60.8527
-60.8925
-60.9337
-60.9762
-61.0196
-61.0638
-61.1086
-61.1539
-61.1995
-61.2453
-61.2911
-61.337
-61.3828
-61.4283
-61.4737
-61.5187
-61.5634
-61.6076
-61.6515
-61.6948
-61.7376
-61.7799
-61.8216
-61.8627
-61.9033
-61.9432
-61.9825
-62.0212
-62.0593
-62.0967
-62.1335
-62.1697
-62.2052
-62.2401
-62.2744
-62.3081
-62.3411
-62.3735
-62.4054
-62.4366
-62.4673
-62.4974
-62.5269
-62.5558
-62.5842
-62.6121
-62.6394
-62.6662
-62.6925
-62.7183
-62.7436
-62.7684
-62.7927
-62.773
-62.7545
-62.7432
-62.6422
-62.287
-61.625
-61.1709
-60.6739
-60.2041
-59.8587
-59.5968
-59.2698
-58.9131
-58.5286
-58.0658
-57.6636
-57.3747
-57.0805
-55.7455
-54.1443
-52.9982
-52.1652
-51.5149
-50.876
-50.3392
-49.6329
-49.0376
-48.4792
-47.9382
-47.4136
-46.8781
-46.2906
-45.5931
-44.6802
-43.2186
-40.0329
-23.367
36.9264
-10.4675
-43.8982
-60.081
-63.7963
-64.3531
-64.1641
-63.8067
-63.4243
-63.0666
-62.6814
-62.123
-61.632
-61.2075
-60.8353
-60.5415
-60.2987
-60.0672
-59.8638
-59.6885
-59.5542
-59.4512
-59.3401
-59.2502
-59.1565
-59.095
-59.0553
-59.0346
-59.0281
-58.9941
-58.9716
-58.9337
-58.8977
-58.8525
-58.8166
-58.7823
-58.7742
-58.783
-58.8056
-58.8382
-58.8789
-58.9232
-58.9252
-58.9311
-58.8953
-58.7096
-58.5236
-58.3336
-58.1988
-58.055
-57.9405
-57.8706
-57.8331
-57.8202
-57.8259
-57.8189
-57.7649
-57.732
-57.6252
-57.5103
-57.3449
-57.2173
-57.087
-56.8424
-56.5178
-56.1056
-55.6303
-55.0959
-54.5381
-53.7542
-52.9836
-52.1924
-51.5736
-50.8835
-50.0648
-49.303
-48.6146
-47.9801
-47.3613
-46.6669
-45.7493

