-70
-70.0758
-70.1508
-70.225
-70.2983
-70.3706
-70.4419
-70.5122
-70.5814
-70.6496
-70.7168
-70.7829
-70.848
-70.9121
-70.9752
-71.0373
-71.0984
-71.1586
-71.2178
-71.2761
-71.3334
-71.3899
-71.4455
-71.5003
-71.5543
-71.6074
-71.6598
-71.7114
-71.7623
-71.8124
-71.8619
-71.9106
-71.9587
-72.006
-72.0527
-72.0988
-72.1442
-72.1889
-72.2331
-72.2766
-72.3196
-72.362
-72.4038
-72.445
-72.4857
-72.5258
-72.5654
-72.6045
-72.6431
-72.6812
-72.7188
-72.756
-72.7927
-72.8289
-72.8647
-72.9
-72.9349
-72.9694
-73.0035
-73.0371
-73.0704
-73.1032
-73.1357
-73.1678
-73.1994
-73.2307
-73.2617
-73.2922
-73.3224
-73.3523
-73.3817
-73.4109
-73.4397
-73.4682
-73.4963
-73.5241
-73.5516
-73.5788
-73.6057
-73.6323
-73.6585
-73.6845
-73.7102
-73.7356
-73.7608
-73.7857
-73.8103
-73.8346
-73.8587
-73.8825
-73.9061
-73.9294
-73.9524
-73.9753
-73.9979
-74.0202
-74.0423
-74.0642
-74.0859
-74.1073
-74.1285
-74.1495
-74.1703
-74.1909
-74.2112
-74.2313
-74.2513
-74.271
-74.2905
-74.3098
-74.329
-74.3479
-74.3666
-74.3852
-74.4036
-74.4217
-74.4397
-74.4575
-74.4752
-74.4926
-74.5099
-74.527
-74.544
-74.5607
-74.5774
-74.5938
-74.6101
-74.6262
-74.6422
-74.658
-74.6736
-74.6891
-74.7045
-74.7197
-74.7347
-74.7496
-74.7644
-74.779
-74.7935
-74.8079
-74.8221
-74.8362
-74.8501
-74.864
-74.8777
-74.8913
-74.9047
-74.918
-74.9313
-74.9443
-74.9573
-74.9701
-74.9829
-74.9955
-75.008
-75.0204
-75.0327
-75.0448
-75.0569
-75.0688
-75.0806
-75.0924
-75.104
-75.1155
-75.1269
-75.1382
-75.1495
-75.1606
-75.1716
-75.1825
-75.1933
-75.204
-75.2147
-75.2252
-75.2356
-75.246
-75.2562
-75.2664
-75.2764
-75.2864
-75.2963
-75.3061
-75.3158
-75.3255
-75.335
-75.3445
-75.3538
-75.3631
-75.3724
-75.3815
-75.3906
-75.3995
-75.4084
-75.4172
-75.426
-75.4346
-75.4432
-75.4518
-75.4602
-75.4686
-75.4769
-75.4851
-75.4932
-75.5013
-75.5093
-75.5173
-75.5251
-75.533
-75.5407
-75.5484
-75.556
-75.5635
-75.571
-75.5784
-75.5858
-75.593
-75.6003
-75.6074
-75.6145
-75.6216
-75.6285
-75.6355
-75.6423
-75.6491
-75.6559
-75.6626
-75.6692
-75.6758
-75.6823
-75.6888
-75.6952
-75.7015
-75.7078
-75.7141
-75.7203
-75.7264
-75.7325
-75.7386
-75.7446
-75.7505
-75.7564
-75.7622
-75.768
-75.7738
-75.7795
-75.7851
-75.7907
-75.7963
-75.8018
-75.8072
-75.8127
-75.818
-75.8234
-75.8287
-75.8339
-75.8391
-75.8443
-75.8494
-75.8545
-75.8595
-75.8645
-75.8695
-75.8744
-75.8793
-75.8841
-75.8889
-75.8937
-75.8984
-75.9031
-75.9077
-75.9123
-75.9169
-75.9214
-75.9259
-75.9304
-75.9348
-75.9392
-75.9436
-75.9479
-75.9522
-75.9565
-75.9607
-75.9649
-75.969
-75.9731
-75.9772
-75.9813
-75.9853
-75.9893
-75.9933
-75.9972
-76.0011
-76.005
-76.0088
-76.0126
-76.0164
-76.0201
-76.0239
-76.0275
-76.0312
-76.0348
-76.0384
-76.042
-76.0456
-76.0491
-76.0526
-76.056
-76.0595
-76.0629
-76.0663
-76.0696
-76.0729
-76.0762
-76.0795
-76.0828
-76.086
-76.0892
-76.0924
-76.0955
-76.0986
-76.1017
-76.1048
-76.1079
-76.1109
-76.1139
-76.1169
-76.1198
-76.1228
-76.1257
-76.1286
-76.1314
-76.1343
-76.1371
-76.1399
-76.1427
-76.1455
-76.1482
-76.1509
-76.1536
-76.1563
-76.1589
-76.1615
-76.1642
-76.1667
-76.1693
-76.1719
-76.1744
-76.1769
-76.1794
-76.1819
-76.1843
-76.1868
-76.1892
-76.1916
-76.1939
-76.1963
-76.1986
-76.201
-76.2033
-76.2056
-76.2078
-76.2101
-76.2123
-76.2145
-76.2167
-76.2189
-76.2211
-76.2232
-76.2254
-76.2275
-76.2296
-76.2317
-76.2337
-76.2358
-76.2378
-76.2398
-76.2418
-76.2438
-76.2458
-76.2478
-76.2497
-76.2516
-76.2536
-76.2554
-76.2573
-76.2592
-76.2611
-76.2629
-76.2647
-76.2665
-76.2683
-76.2701
-76.2719
-76.2737
-76.2754
-76.2771
-76.2788
-76.2806
-76.2822
-76.2839
-76.2856
-76.2872
-76.2889
-76.2905
-76.2921
-76.2937
-76.2953
-76.2969
-76.2985
-76.3
-76.3016
-76.3031
-76.3046
-76.3061
-76.3076
-76.3091
-76.3106
-76.312
-76.3135
-76.3149
-76.3164
-76.3178
-76.3192
-76.3206
-76.322
-76.3233
-76.3247
-76.3261
-76.3274
-76.3287
-76.33
-76.3314
-76.3327
-76.334
-76.3352
-76.3365
-76.3378
-76.339
-76.3403
-76.3415
-76.3427
-76.3439
-76.3452
-76.3464
-76.3475
-76.3487
-76.3499
-76.351
-76.3522
-76.3533
-76.3545
-76.3556
-76.3567
-76.3578
-76.3589
-76.36
-76.3611
-76.3622
-76.3632
-76.3643
-76.3654
-76.3664
-76.3674
-76.3685
-76.3695
-76.3705
-76.3715
-76.3725
-76.3735
-76.3745
-76.3754
-76.3764
-76.3774
-76.3783
-76.3793
-76.3802
-76.3811
-76.382
-76.383
-76.3839
-76.3848
-76.3857
-76.3866
-76.3874
-76.3883
-76.3892
-76.39
-76.3909
-76.3917
-76.3926
-76.3934
-76.3943
-76.3951
-76.3959
-76.3967
-76.3975
-76.3983
-76.3991
-76.3999
-76.4007
-76.4014
-76.4022
-75.9782
-71.7854
-68.0015
-65.1526
-62.9424
-61.119
-59.4235
-57.4436
-53.6142
46.3418
-5.06449
-36.4119
-78.3973
-79.7416
-79.7278
-79.053
-77.9079
-77.4784
-77.1845
-76.8943
-76.5937
-76.2823
-75.9624
-75.3937
-72.8836
-70.8652
-69.4832
-68.4515
-67.6318
-66.9533
-66.3775
-65.8819
-65.4522
-65.0796
-64.7569
-64.4791
-64.2427
-64.2508
-65.2711
-66.9387
-66.4776
-65.3886
-66.2082
-67.8599
-68.8263
-69.5538
-70.3161
-70.7468
-71.114
-71.6516
-71.9844
-72.1799
-72.3021
-72.3834
-72.6615
-73.2566
-73.6449
-73.8762
-74.0215
-74.1174
-74.1838
-74.2318
-74.268
-74.2965
-74.3199
-74.3398
-74.3573
-74.3732
-74.3879
-74.4019
-74.4154
-74.4286
-74.4416
-74.4545
-74.4674
-74.4804
-74.4934
-74.5065
-74.5197
-74.533
-71.4646
-67.7286
-64.9199
-62.7773
-61.037
-59.4517
-57.6786
-54.699
-14.9148
4.98733
-29.8372
-75.3869
-78.905
-78.7926
-78.6473
-78.488
-78.315
-78.1285
-77.9294
-77.7186
-77.227
-74.7683
-72.9964
-71.8634
-71.0225
-70.3351
-69.7414
-69.2139
-69.4034
-70.2583
-71.132
-71.9974
-72.7983
-73.4587
-73.9636
-74.3958
-74.6156
-74.8506
-75.0384
-75.125
-75.1659
-75.1864
-75.1973
-75.2035
-75.2074
-75.2103
-75.2127
-75.2604
-75.3229
-75.3667
-75.3975
-75.4201
-75.4373
-75.451
-75.4622
-75.4718
-75.4802
-75.4877
-75.4947
-75.5014
-75.5077
-75.5139
-75.5199
-75.5259
-75.5319
-75.5378
-75.5438
-75.5498
-75.5558
-75.5619
-75.568
-75.5741
-75.5803
-75.5865
-75.5928
-75.599
-75.6053
-75.6116
-75.618
-75.6243
-75.6306
-75.637
-75.6433
-75.6497
-75.656
-75.6623
-75.6686
-75.6748
-75.6811
-75.6873
-75.6935
-75.6997
-75.7058
-75.7119
-75.718
-75.724
-75.73
-75.7359
-75.7419
-75.7477
-75.7536
-75.7594
-75.7651
-75.7708
-75.7765
-75.7821
-75.7877
-75.7933
-73.4196
-69.2869
-66.0784
-63.6299
-61.6678
-59.9345
-58.0897
-55.2109
-31.2021
9.49556
-27.6259
-73.6576
-79.0449
-78.982
-78.8585
-78.722
-78.5732
-78.4123
-78.2398
-76.9708
-75.0614
-73.9475
-73.1955
-72.5864
-72.0462
-71.5481
-71.0823
-70.6455
-68.6706
-67.016
-66.4516
-66.4259
-66.3987
-67.4854
-69.3293
-70.3355
-70.9672
-71.9602
-72.5514
-72.8575
-72.2539
-70.172
-69.0193
-68.4317
-68.1149
-67.9394
-67.8429
-67.7931
-67.7727
-67.772
-67.785
-67.8081
-67.8391
-67.8763
-67.9189
-67.9659
-68.0169
-68.0714
-68.1291
-68.1895
-68.2526
-68.318
-68.3855
-68.455
-69.0511
-69.7777
-70.3533
-70.8085
-71.1741
-71.4717
-71.7171
-71.9221
-72.0952
-72.2431
-72.3706
-72.4818
-72.5795
-72.6663
-72.744
-72.8142
-72.8782
-72.9368
-70.07
-66.5565
-63.9051
-61.8585
-60.1462
-58.4826
-56.3538
-51.0472
36.4212
-15.3293
-49.5182
-78.6252
-78.9055
-78.7798
-78.6343
-78.4755
-78.3037
-78.1194
-77.9235
-77.7172
-76.26
-73.8582
-72.3227
-71.2779
-70.4736
-70.5895
-70.9016
-71.5426
-72.0299
-72.367
-72.7119
-72.9856
-73.4399
-73.7667
-74.0272
-74.3397
-74.5541
-74.6743
-74.8236
-74.9151
-74.965
-74.9938
-75.0115
-75.023
-75.0312
-75.0375
-75.0427
-75.0475
-75.052
-75.0566
-75.0614
-75.0664
-75.0716
-75.1411
-75.2247
-75.2891
-75.3389
-75.3783
-75.4101
-75.4363
-75.4583
-75.477
-75.4933
-75.5077
-75.5205
-75.5321
-75.5428
-75.5527
-75.562
-75.5708
-75.5792
-75.5872
-75.595
-75.6025
-75.6099
-75.6171
-75.6241
-75.631
-75.6378
-75.6446
-75.6512
-75.6578
-75.6643
-75.6708
-75.6772
-75.6835
-75.6898
-75.6961
-75.7023
-75.7085
-75.7146
-75.7207
-75.7267
-75.7327
-75.7386
-75.7446
-75.7504
-75.7562
-75.762
-75.7677
-75.7734
-75.7791
-75.7847
-75.7903
-75.7958
-75.8013
-75.8067
-75.8121
-75.8175
-75.8228
-75.828
-75.8333
-75.8385
-75.8436
-75.8487
-75.8538
-75.8588
-72.6114
-68.6191
-65.5808
-63.2457
-61.349
-59.6295
-57.7075
-54.3464
33.352
0.345544
-32.4801
-76.9718
-78.9214
-78.7796
-78.6321
-78.4709
-78.296
-78.1075
-77.9061
-77.693
-76.5644
-74.311
-72.8692
-71.9028
-71.1543
-70.523
-69.9658
-69.4636
-69.007
-68.2149
-65.7314
-64.453
-63.84
-63.4036
-63.5902
-64.4121
-65.468
-67.4216
-68.7977
-69.6265
-70.4302
-71.4508
-72.2107
-72.6564
-73.1014
-73.4734
-73.876
-74.1562
-74.3233
-74.4275
-74.4958
-74.5428
-74.5767
-74.6023
-74.6225
-74.6392
-74.6535
-74.6662
-74.678
-74.689
-74.6996
-74.71
-74.7203
-74.7306
-74.7408
-74.8508
-74.9682
-75.0602
-75.133
-75.1916
-75.2396
-75.2794
-75.3129
-75.3416
-75.3664
-75.388
-75.4072
-75.4244
-75.44
-75.4541
-75.4672
-75.4793
-75.4907
-75.5014
-75.5116
-75.5213
-75.5306
-75.127
-71.0764
-67.4414
-64.7193
-62.6104
-60.8619
-59.215
-57.2497
-53.2931
45.9258
-6.72842
-37.9041
-78.0668
-78.92
-78.7982
-78.6537
-78.4956
-78.3241
-78.1395
-77.9426
-77.6354
-75.3766
-73.7055
-72.6697

