-70
-70.0758
-70.1508
-70.225
-70.2983
-70.3706
-70.4419
-70.5122
-70.5814
-70.6496
-70.7168
-70.7829
-70.848
-70.9121
-70.9752
-71.0373
-71.0984
-71.1586
-71.2178
-71.2761
-71.3334
-71.3899
-71.4455
-71.5003
-71.5543
-71.6074
-71.6598
-71.7114
-71.7623
-71.8124
-71.8619
-71.9106
-71.9587
-72.006
-72.0527
-72.0988
-72.1442
-72.1889
-72.2331
-72.2766
-72.3196
-72.362
-72.4038
-72.445
-72.4857
-72.5258
-72.5654
-72.6045
-72.6431
-72.6812
-72.7188
-72.756
-72.7927
-72.8289
-72.8647
-72.9
-72.9349
-72.9694
-73.0035
-73.0371
-73.0704
-73.1032
-73.1357
-73.1678
-73.1994
-73.2307
-73.2617
-73.2922
-73.3224
-73.3523
-73.3817
-73.4109
-73.4397
-73.4682
-73.4963
-73.5241
-73.5516
-73.5788
-73.6057
-73.6323
-73.6585
-73.6845
-73.7102
-73.7356
-73.7608
-73.7857
-73.8103
-73.8346
-73.8587
-73.8825
-73.9061
-73.9294
-73.9524
-73.9753
-73.9979
-74.0202
-74.0423
-74.0642
-74.0859
-74.1073
-74.1285
-74.1495
-74.1703
-74.1909
-74.2112
-74.2313
-74.2513
-74.271
-74.2905
-74.3098
-74.329
-74.3479
-74.3666
-74.3852
-74.4036
-74.4217
-74.4397
-74.4575
-74.4752
-74.4926
-74.5099
-74.527
-74.544
-74.5607
-74.5774
-74.5938
-74.6101
-74.6262
-74.6422
-74.658
-74.6736
-74.6891
-74.7045
-74.7197
-74.7347
-74.7496
-74.7644
-74.779
-74.7935
-74.8079
-74.8221
-74.8362
-74.8501
-74.864
-74.8777
-74.8913
-74.9047
-74.918
-74.9313
-74.9443
-74.9573
-74.9701
-74.9829
-74.9955
-75.008
-75.0204
-75.0327
-75.0448
-75.0569
-75.0688
-75.0806
-75.0924
-75.104
-75.1155
-75.1269
-75.1382
-75.1495
-75.1606
-75.1716
-75.1825
-75.1933
-75.204
-75.2147
-75.2252
-75.2356
-75.246
-75.2562
-75.2664
-75.2764
-75.2864
-75.2963
-75.3061
-75.3158
-75.3255
-75.335
-75.3445
-75.3538
-75.3631
-75.3724
-75.3815
-75.3906
-75.3995
-75.4084
-75.4172
-75.426
-75.4346
-75.4432
-75.4518
-75.4602
-75.4686
-75.4769
-75.4851
-75.4932
-75.5013
-75.5093
-75.5173
-75.5251
-75.533
-75.5407
-75.5484
-75.556
-75.5635
-75.571
-75.5784
-75.5858
-75.593
-75.6003
-75.6074
-75.6145
-75.6216
-75.6285
-75.6355
-75.6423
-75.6491
-75.6559
-75.6626
-75.6692
-75.6758
-75.6823
-75.6888
-75.6952
-75.7015
-75.7078
-75.7141
-75.7203
-75.7264
-75.7325
-75.7386
-75.7446
-75.7505
-75.7564
-75.7622
-75.768
-75.7738
-75.7795
-75.7851
-75.7907
-75.7963
-75.8018
-75.8072
-75.8127
-75.818
-75.8234
-75.8287
-75.8339
-75.8391
-75.8443
-75.8494
-75.8545
-75.8595
-75.8645
-75.8695
-75.8744
-75.8793
-75.8841
-75.8889
-75.8937
-75.8984
-75.9031
-75.9077
-75.9123
-75.9169
-75.9214
-75.9259
-75.9304
-75.9348
-75.9392
-75.9436
-75.9479
-75.9522
-75.9565
-75.9607
-75.9649
-75.969
-75.9731
-75.9772
-75.9813
-75.9853
-75.9893
-75.9933
-75.9972
-76.0011
-76.005
-76.0088
-76.0126
-76.0164
-76.0201
-76.0239
-76.0275
-76.0312
-76.0348
-76.0384
-76.042
-76.0456
-76.0491
-76.0526
-76.056
-76.0595
-76.0629
-76.0663
-76.0696
-76.0729
-76.0762
-76.0795
-76.0828
-76.086
-76.0892
-76.0924
-76.0955
-76.0986
-76.1017
-76.1048
-76.1079
-76.1109
-76.1139
-76.1169
-76.1198
-76.1228
-76.1257
-76.1286
-76.1314
-76.1343
-76.1371
-76.1399
-76.1427
-76.1455
-76.1482
-76.1509
-76.1536
-76.1563
-76.1589
-76.1615
-76.1642
-76.1667
-76.1693
-76.1719
-76.1744
-76.1769
-76.1794
-76.1819
-76.1843
-76.1868
-76.1892
-76.1916
-76.1939
-76.1963
-76.1986
-76.201
-76.2033
-76.2056
-76.2078
-76.2101
-76.2123
-76.2145
-76.2167
-76.2189
-76.2211
-76.2232
-76.2254
-76.2275
-76.2296
-76.2317
-76.2337
-76.2358
-76.2378
-76.2398
-76.2418
-76.2438
-76.2458
-76.2478
-76.2497
-76.2516
-76.2536
-76.2554
-76.2573
-76.2592
-76.2611
-76.2629
-76.2647
-76.2665
-76.2683
-76.2701
-76.2719
-76.2737
-76.2754
-76.2771
-76.2788
-76.2806
-76.2822
-76.2839
-76.2856
-76.2872
-76.2889
-76.2905
-76.2921
-76.2937
-76.2953
-76.2969
-76.2985
-76.3
-76.3016
-76.3031
-76.3046
-76.3061
-76.3076
-76.3091
-76.3106
-76.312
-76.3135
-76.3149
-76.3164
-76.3178
-76.3192
-76.3206
-76.322
-76.3233
-76.3247
-76.3261
-76.3274
-76.3287
-76.33
-76.3314
-76.3327
-76.334
-76.3352
-76.3365
-76.3378
-76.339
-76.3403
-76.3415
-76.3427
-76.3439
-76.3452
-76.3464
-76.3475
-76.3487
-76.3499
-76.351
-76.3522
-76.3533
-76.3545
-76.3556
-76.3567
-76.3578
-76.3589
-76.36
-76.3611
-76.3622
-76.3632
-76.3643
-76.3654
-76.3664
-76.3674
-76.3685
-76.3695
-76.3705
-76.3715
-76.3725
-76.3735
-76.3745
-76.3754
-76.3764
-76.3774
-76.3783
-76.3793
-76.3802
-76.3811
-76.382
-76.383
-76.3839
-76.3848
-76.3857
-76.3866
-76.3874
-76.3883
-76.3892
-76.39
-76.3909
-76.3917
-76.3926
-76.3934
-76.3943
-76.3951
-76.3959
-76.3967
-76.3975
-76.3983
-76.3991
-76.3999
-76.4007
-76.4014
-76.4022
-75.9782
-71.7854
-68.0015
-65.1526
-62.9424
-61.119
-59.4235
-57.4436
-53.6142
46.3418
-5.06449
-36.4119
-78.3973
-79.7416
-79.7278
-78.7612
-77.878
-77.5291
-77.2515
-76.9694
-76.6756
-76.3706
-76.0571
-75.6434
-73.1384
-70.9957
-69.5344
-68.4537
-67.6019
-66.9015
-66.3101
-65.8029
-63.852
-61.8111
-60.146
-58.5926
-56.7459
-53.1517
44.0174
-6.02064
-37.4065
-77.6507
-78.9028
-78.7926
-78.6486
-78.3924
-78.1869
-77.9187
-77.6311
-77.3249
-77.0837
-76.869
-76.6646
-76.467
-76.2761
-76.0927
-75.9178
-75.1082
-71.5951
-68.8975
-67.0759
-65.7886
-64.8436
-64.127
-63.5694
-63.126
-62.7689
-62.4769
-62.2372
-62.0414
-61.8836
-61.7576
-61.6593
-61.5866
-61.5379
-60.1465
-57.858
-54.9461
-42.1106
12.7311
-26.3587
-71.1482
-79.3796
-79.4315
-79.3644
-79.2869
-79.2019
-79.1096
-78.1859
-75.8636
-74.5746
-73.7842
-73.1712
-72.6352
-72.1413
-71.6775
-71.2399
-70.8283
-68.6524
-66.1444
-64.277
-62.8508
-61.6993
-60.7054
-59.7732
-58.7989
-57.6111
-55.7461
-50.1357
32.5555
-17.7568
-54.0533
-79.4231
-79.729
-79.6543
-79.4946
-79.3833
-79.1198
-78.8385
-78.6485
-78.3932
-78.22
-78.0839
-77.9613
-77.8459
-77.736
-77.6313
-77.5321
-77.4386
-77.3509
-77.2693
-77.1936
-77.1239
-77.0599
-77.0015
-76.9484
-76.9003
-76.8569
-76.8178
-76.7827
-76.7513
-76.7233
-76.6983
-76.676
-76.6563
-76.6387
-76.6232
-76.6095
-76.5973
-76.5866
-76.5772
-76.5688
-76.5615
-76.555
-76.5493
-76.5443
-76.5399
-76.536
-76.5326
-76.5296
-76.527
-76.5246
-76.5226
-76.5208
-76.5193
-76.5179
-76.5167
-76.5156
-76.5146
-76.5138
-76.5131
-76.5124
-76.5119
-76.5114
-76.5109
-76.5105
-76.5102
-76.5099
-76.5096
-76.5094
-76.5091
-76.5089
-76.5088
-76.5086
-74.9451
-70.6198
-67.1371
-64.5
-62.4269
-60.6723
-58.9614
-56.7726
-51.1972
36.1116
-14.7399
-48.5519
-79.0672
-78.8533
-78.65
-78.4871
-78.3114
-78.1214
-77.9176
-77.7008
-77.4724
-76.7676
-74.3159
-72.596
-71.4691
-70.6222
-69.9281
-69.3302
-68.8013
-68.3281
-67.3633
-64.9462
-62.941
-61.3813
-60.0523
-58.7611
-57.2315
-54.6326
-36.4678
8.81043
-28.1293
-73.6329
-79.5763
-79.5959
-78.5323
-77.7748
-77.4563
-77.1856
-76.9016
-76.5701
-76.2483
-75.9666
-75.7029
-75.4495
-75.2053
-74.971
-74.7477
-74.5365
-74.3385
-74.1543
-73.9842
-73.8284
-73.6869
-72.9301
-69.3708
-66.435
-64.3101
-62.7066
-61.424
-60.3105
-59.2259
-57.9796
-56.1108
-50.7682
35.0868
-16.051
-50.7672
-79.3795
-79.7762
-79.7569
-79.7261
-79.6917
-79.6539
-79.6126
-77.9772
-75.5476
-74.25
-73.4275
-72.7881
-72.2338
-71.7287
-71.2591
-70.8202
-70.4105
-68.4695
-65.8975
-63.9561
-62.4678
-61.2521
-60.175
-59.1114
-57.8866
-56.0803
-51.3086
38.3014
-14.5408
-47.4947
-78.6928
-79.1401
-79.0457
-78.9304
-78.8039
-78.6667
-78.519
-78.3616
-78.1954
-78.0216
-77.842
-77.653
-77.355
-77.0875
-76.8055
-76.5499
-76.3459
-76.1575
-76.0105
-75.8947
-75.8002
-75.7211
-75.654
-75.5965
-75.547
-75.5044
-75.4677
-75.4363
-75.423
-75.4528
-75.4792
-75.5068
-75.5637
-75.6092
-75.6423
-75.6671
-75.6863
-75.7016
-75.714
-75.7244
-75.7333
-75.7411
-75.7482
-75.7546
-75.7606
-75.7663
-75.7717
-75.7769
-75.782
-75.787
-75.7919
-75.7968
-75.8016
-75.8064
-75.8112
-75.816
-75.8208
-75.8255
-75.8303
-75.835
-75.8398
-75.8445
-75.8493
-75.854
-75.8587
-75.8634
-75.8681
-75.8728
-75.8775
-75.8821
-75.8868
-75.8914
-75.896
-75.9005
-75.9051
-75.9096
-75.9141
-75.9186
-75.923
-75.9274
-75.9318
-75.9362
-75.9405
-75.9448
-75.9491
-75.9533
-75.9575
-75.9617
-75.9659
-75.97
-75.9741
-75.9781
-75.9822
-75.9862
-75.9902
-75.9941
-72.2775
-68.337
-65.3576
-63.0608
-61.1819
-59.4532
-57.4591
-53.6619
46.2678
-4.72783
-36.129
-78.3292
-79.1736
-78.628
-78.4186
-78.2326
-78.0332
-77.8192
-77.5914
-77.3511
-77.1
-76.1391
-73.6008
-71.8336
-70.6417
-69.7421
-69.0111
-68.3902
-67.8495
-67.373
-66.7542
-64.4346
-62.3319
-60.6681
-59.186
-57.5863
-55.1632
-44.5991
16.7149
-24.5435
-68.7097
-79.4912
-79.5586
-79.507
-79.4474
-79.3822
-78.1454
-76.2792
-75.4627
-74.9689
-74.5951
-74.312
-74.0252
-73.7385
-73.4597
-73.1929
-72.9405
-72.7042
-72.485
-72.2835
-72.0999
-71.934
-71.7856
-71.6542
-71.5389
-71.439
-71.3537
-71.282
-71.2229
-71.1755
-71.1388
-71.1119
-71.094
-71.0841
-71.0815
-71.0855
-71.0952
-71.1102
-71.1297
-71.1532
-71.1803
-71.2105
-71.1113
-67.7988
-64.6067
-62.1725
-60.1787
-58.2628
-55.7084
-46.5185
20.9195
-22.5226
-65.2145
-79.5379
-79.6602
-79.6209
-79.0909
-77.6179
-77.0121
-76.6469
-76.3093
-75.9688
-75.6214
-75.2688
-74.9142
-74.4638
-71.7887
-69.4071
-67.731
-66.4856
-65.5153

