-70
-69.8623
-69.7285
-69.5983
-69.4718
-69.3487
-69.2291
-69.1128
-68.9997
-68.8897
-68.7828
-68.6789
-68.5778
-68.4795
-68.3839
-68.291
-68.2007
-68.1128
-68.0274
-67.9443
-67.8636
-67.7851
-67.7087
-67.6345
-67.5623
-67.4921
-67.4238
-67.3574
-67.2929
-67.2301
-67.1691
-67.1098
-67.0521
-66.996
-66.9414
-66.8884
-66.8368
-66.7866
-66.7378
-66.6904
-66.6443
-66.5994
-66.5558
-66.5133
-66.4721
-66.432
-66.393
-66.355
-66.3181
-66.2823
-66.2474
-66.2134
-66.1805
-66.1484
-66.1172
-66.0868
-66.0573
-66.0286
-66.0007
-65.9736
-65.9472
-65.9215
-65.8966
-65.8723
-65.8487
-65.8257
-65.8034
-65.7817
-65.7606
-65.74
-65.72
-65.7006
-65.6817
-65.6633
-65.6455
-65.6281
-65.6112
-65.5948
-65.5788
-65.5632
-65.5481
-65.5334
-65.5191
-65.5052
-65.4917
-65.4785
-65.4657
-65.4533
-65.4412
-65.4294
-65.418
-65.4068
-65.396
-65.3855
-65.3752
-65.3653
-65.3556
-65.3462
-65.337
-65.3281
-65.3194
-65.311
-65.3028
-65.2948
-65.2871
-65.2795
-65.2722
-65.2651
-65.2581
-65.2514
-65.2448
-65.2385
-65.2322
-65.2262
-65.2203
-65.2146
-65.2091
-65.2037
-65.1984
-65.1933
-65.1884
-65.1835
-65.1788
-65.1743
-65.1698
-65.1655
-65.1613
-65.1572
-65.1532
-65.1493
-65.1456
-65.1419
-65.1384
-65.1349
-65.1315
-65.1283
-65.1251
-65.122
-65.119
-65.1161
-65.1132
-65.1104
-65.1077
-65.1051
-65.1026
-65.1001
-65.0977
-65.0953
-65.0931
-65.0908
-65.0887
-65.0866
-65.0845
-65.0826
-65.0806
-65.0788
-65.0769
-65.0752
-65.0734
-65.0718
-65.0701
-65.0685
-65.067
-65.0655
-65.064
-65.0626
-65.0612
-65.0599
-65.0586
-65.0573
-65.0561
-65.0549
-65.0537
-65.0526
-65.0514
-65.0504
-65.0493
-65.0483
-65.0473
-65.0464
-65.0454
-65.0445
-65.0436
-65.0428
-65.0419
-65.0411
-65.0403
-65.0395
-65.0388
-65.0381
-65.0374
-65.0367
-65.036
-65.0353
-65.0347
-65.0341
-65.0335
-65.0329
-65.0323
-65.0318
-65.0313
-65.0307
-65.0302
-65.0297
-65.0293
-65.0288
-65.0283
-65.0279
-65.0275
-65.027
-65.0266
-65.0262
-65.0259
-65.0255
-65.0251
-65.0248
-65.0244
-65.0241
-65.0238
-65.0234
-65.0231
-65.0228
-65.0225
-65.0223
-65.022
-65.0217
-65.0215
-65.0212
-65.021
-65.0207
-65.0205
-65.0203
-65.02
-65.0198
-65.0196
-65.0194
-65.0192
-65.019
-65.0188
-65.0187
-65.0185
-65.0183
-65.0181
-65.018
-65.0178
-65.0177
-65.0175
-65.0174
-65.0172
-65.0171
-65.017
-65.0168
-65.0167
-65.0166
-65.0165
-65.0163
-65.0162
-65.0161
-65.016
-65.0159
-65.0158
-65.0157
-65.0156
-65.0155
-65.0154
-65.0153
-65.0153
-65.0152
-65.0151
-65.015
-65.0149
-65.0149
-65.0148
-65.0147
-65.0147
-65.0146
-65.0145
-65.0145
-65.0144
-65.0143
-65.0143
-65.0142
-65.0142
-65.0141
-65.0141
-65.014
-65.014
-65.0139
-65.0139
-65.0138
-65.0138
-65.0137
-65.0137
-65.0137
-65.0136
-65.0136
-65.0135
-65.0135
-65.0135
-65.0134
-65.0134
-65.0134
-65.0133
-65.0133
-65.0133
-65.0133
-65.0132
-65.0132
-65.0132
-65.0131
-65.0131
-65.0131
-65.0131
-65.0131
-65.013
-65.013
-65.013
-65.013
-65.0129
-65.0129
-65.0129
-65.0129
-65.0129
-65.0129
-65.0128
-65.0128
-65.0128
-65.0128
-65.0128
-65.0128
-65.0127
-65.0127
-65.0127
-65.0127
-65.0127
-65.0127
-65.0127
-65.0127
-65.0126
-65.0126
-65.0126
-65.0126
-65.0126
-65.0126
-65.0126
-65.0126
-65.0126
-65.0126
-65.0125
-65.0125
-65.0125
-65.0125
-65.0125
-65.0125
-65.0125
-65.0125
-65.0125
-65.0125
-65.0125
-65.0125
-65.0125
-65.0124
-65.0124
-65.0124
-65.0124
-65.0124
-65.0124
-65.0124
-65.0124
-65.0124
-65.0124
-65.0124
-65.0124
-65.0124
-65.0124
-65.0124
-65.0124
-65.0124
-65.0124
-65.0124
-65.0124
-65.0124
-65.0124
-65.0124
-65.0123
-65.0123
-65.0123
-65.0123
-65.0123
-65.0123
-65.0123
-65.0123
-65.0123
-65.0123
-65.0123
-65.0123
-65.0123
-65.0123
-65.0123
-65.0123
-65.0123
-65.0123
-65.0123
-65.0123
-65.0123
-65.0123
-65.0123
-65.0123
-65.0123
-65.0123
-65.0123
-65.0123
-65.0123
-65.0123
-65.0123
-65.0123
-65.0123
-65.0123
-65.0123
-65.0123
-65.0123
-65.0123
-65.0123
-65.0123
-65.0123
-65.0123
-65.0123
-65.0123
-65.0123
-65.0123
-65.0123
-65.0123
-65.0123
-65.0123
-65.0123
-65.0123
-65.0123
-65.0123
-65.0123
-65.0123
-65.0123
-65.0123
-65.0123
-65.0123
-65.0123
-65.0123
-65.0123
-65.0123
-65.0123
-65.0123
-65.0123
-65.0123
-65.0123
-65.0123
-65.0123
-65.0123
-65.0123
-65.0123
-64.9505
-64.8995
-64.8615
-64.8344
-64.8133
-64.7964
-64.7828
-64.772
-64.7634
-64.7568
-64.7518
-64.7482
-64.7458
-64.7444
-64.7439
-64.7441
-64.745
-64.7465
-64.7484
-64.7508
-64.7534
-64.7564
-64.7596
-64.763
-64.7666
-64.7703
-64.7742
-64.7781
-64.7821
-64.7861
-64.7902
-64.7942
-64.7983
-64.8024
-64.728
-64.5428
-64.4186
-64.326
-64.2594
-64.2073
-64.1662
-64.1339
-64.109
-64.0903
-64.0767
-64.0676
-64.0622
-64.06
-64.0606
-64.0635
-64.0685
-64.0751
-64.0832
-64.0256
-63.9877
-63.9262
-63.6495
-63.4597
-63.2716
-63.0811
-62.9056
-62.5251
-62.2011
-61.7985
-61.4135
-61.0863
-60.8469
-60.6678
-60.3984
-60.1454
-59.9592
-59.7169
-59.5473
-59.4255
-59.3441
-59.2912
-59.2612
-59.2503
-59.2554
-59.2718
-59.2573
-59.2661
-59.2904
-59.329
-59.3772
-59.3881
-59.4167
-59.4376
-59.4525
-59.4865
-59.533
-59.5896
-59.653
-59.7216
-59.7639
-59.8043
-59.8571
-59.9191
-59.9874
-60.0598
-60.1352
-60.1378
-60.1374
-60.1594
-60.1985
-60.2484
-60.3051
-60.3668
-60.4324
-60.5011
-60.5722
-60.645
-60.7192
-60.7942
-60.8698
-60.9036
-60.8991
-60.8977
-60.8763
-60.8461
-60.8254
-60.7761
-60.7568
-60.758
-60.7234
-60.7083
-60.7122
-60.7014
-60.6961
-60.708
-60.681
-60.6727
-60.6822
-60.6654
-60.5957
-60.5126
-60.4714
-60.4482
-60.3253
-60.139
-59.8031
-59.5133
-59.282
-59.0426
-58.875
-58.6956
-58.5639
-58.4786
-58.3711
-58.2573
-58.1867
-58.1523
-58.1468
-58.162
-58.1825
-58.1859
-58.2141
-58.2587
-58.3175
-58.3861
-58.4628
-58.546
-58.6346
-58.7275
-58.8239
-58.9231
-59.0245
-59.1275
-59.2317
-59.3366
-59.442
-59.5474
-59.6527
-59.7577
-59.862
-59.9657
-60.0684
-60.17
-60.2705
-60.3697
-60.4675
-60.564
-60.6589
-60.7524
-60.8443
-60.9346
-61.0233
-61.1103
-61.1956
-61.2793
-61.3613
-61.4416
-61.5203
-61.5973
-61.6727
-61.7464
-61.8186
-61.8891
-61.958
-62.0254
-62.0913
-62.1556
-62.2184
-62.2797
-62.3397
-62.3981
-62.4552
-62.511
-62.5654
-62.6185
-62.6703
-62.7208
-62.7701
-62.8183
-62.8652
-62.911
-62.9556
-62.9992
-63.0417
-63.0831
-63.1235
-63.1629
-63.2013
-63.2387
-63.2373
-63.1684
-63.1321
-63.1125
-63.1067
-63.1046
-63.0562
-63.0295
-63.0154
-63.0121
-63.0154
-62.8679
-62.6879
-62.566
-62.4838
-62.3348
-62.041
-61.5969
-61.2474
-60.8679
-60.5402
-60.3027
-60.043
-59.8503
-59.6752
-59.5301
-59.4302
-59.3637
-59.3242
-59.2763
-59.2087
-59.1699
-59.1571
-59.1658
-59.1896
-59.1934
-59.2117
-59.2448
-59.2911
-59.3447
-59.3691
-59.4106
-59.463
-59.5256
-59.5882
-59.6208
-59.647
-59.6785
-59.7257
-59.7835
-59.8488
-59.9192
-59.9528
-59.958
-59.9572
-59.8992
-59.7894
-59.7317
-59.663
-59.6358
-59.6327
-59.6495
-59.68
-59.7215
-59.7717
-59.8292
-59.8926
-59.9608
-60.033
-60.1082
-60.186
-60.2657
-60.3468
-60.4289
-60.5117
-60.5919
-60.6263
-60.676
-60.7334
-60.7829
-60.8144
-60.8415
-60.835
-60.7531
-60.6819
-60.6496
-60.6439
-60.656
-60.6498
-60.6481
-60.6634
-60.6726
-60.6576
-60.6254
-60.6104
-60.4279
-60.3025
-60.2253
-60.1374
-60.054
-59.9597
-59.7878
-59.5475
-59.3613
-59.1999
-59.0728
-58.9801
-58.9097
-58.8218
-58.7465
-58.682
-58.6558
-58.6549
-58.6571
-58.6121
-58.605
-58.6206
-58.6565
-58.7055
-58.765
-58.8329
-58.9077
-58.9883
-59.0489
-59.103
-59.1702
-59.2462
-59.3287
-59.4153
-59.5051
-59.5972
-59.6909
-59.7859
-59.8816
-59.9778
-60.0741
-60.1702
-60.2659
-60.3611
-60.4555
-60.5491
-60.6416
-60.733
-60.8233
-60.9122
-60.9999
-61.0861
-61.1708
-61.2541
-61.336
-61.4162
-61.495
-61.5722
-61.6479
-61.722
-61.7947
-61.8657
-61.9353
-62.0033
-62.0699
-62.1349
-62.1985
-62.2607
-62.3214
-62.3807
-62.4387
-62.4953
-62.5505
-62.6045
-62.6571
-62.7085
-62.7587
-62.8077
-62.8554
-62.902
-62.9475
-62.9918
-63.0351
-63.0773
-63.1185
-63.1586
-63.1977
-63.2359
-63.2731
-63.3094
-63.3448
-63.3793
-63.4129
-63.4457
-63.4777
-63.5088
-63.5392
-63.5688
-63.5977
-63.6259
-63.6534
-63.6801
-63.7062
-63.7317
-63.7565
-63.7807
-63.8043
-63.7715
-63.682
-63.5013
-63.2874
-63.1416
-63.0371
-62.9622
-62.9063
-62.8652
-62.7963
-62.7319
-62.6889
-62.6528
-62.5828
-62.5397
-62.4382
-61.8272
-61.266
-60.8648
-60.5826
-60.3748
-60.1748
-60.0161
-59.8766
-59.7535
-59.6221
-59.5198
-59.4543
-59.4177
-59.4032
-59.4059
-59.4229
-59.4298
-59.3491
-59.3118
-59.3022
-59.3039
-59.2998
-59.3175
-59.35
-59.3953
-59.4495
-59.511
-59.5783
-59.6505
-59.7266
-59.7631
-59.7931
-59.8235
-59.8706
-59.9279
-59.982
-59.9837
-59.9905
-60.018
-60.0609
-60.1138
-60.1352
-60.1288
-60.1309
-60.1548
-60.1932
-60.2416
-60.2969
-60.3575
-60.4223
-60.4904
-60.5612
-60.6339
-60.7082
-60.7835
-60.8596
-60.936
-61.0126
-61.0891
-61.1653
-61.241
-61.3162
-61.3906
-61.4642
-61.537
-61.6087
-61.6795
-61.7491
-61.7707
-61.8041
-61.8446
-61.8913
-61.9408
-61.992
-62.0179
-62.0338
-62.0433
-62.0345
-62.0442
-62.0028
-61.9426
-61.8935
-61.8363
-61.7257
-61.5739
-61.4567
-61.2877
-61.0909
-60.8925
-60.6459
-60.442
-60.1794
-59.9493
-59.6731
-59.4434
-59.256
-59.1273
-59.0407
-58.9871
-58.9589

