-70
-70.0758
-70.1508
-70.225
-70.2983
-70.3706
-70.4419
-70.5122
-70.5814
-70.6496
-70.7168
-70.7829
-70.848
-70.9121
-70.9752
-71.0373
-71.0984
-71.1586
-71.2178
-71.2761
-71.3334
-71.3899
-71.4455
-71.5003
-71.5543
-71.6074
-71.6598
-71.7114
-71.7623
-71.8124
-71.8619
-71.9106
-71.9587
-72.006
-72.0527
-72.0988
-72.1442
-72.1889
-72.2331
-72.2766
-72.3196
-72.362
-72.4038
-72.445
-72.4857
-72.5258
-72.5654
-72.6045
-72.6431
-72.6812
-72.7188
-72.756
-72.7927
-72.8289
-72.8647
-72.9
-72.9349
-72.9694
-73.0035
-73.0371
-73.0704
-73.1032
-73.1357
-73.1678
-73.1994
-73.2307
-73.2617
-73.2922
-73.3224
-73.3523
-73.3817
-73.4109
-73.4397
-73.4682
-73.4963
-73.5241
-73.5516
-73.5788
-73.6057
-73.6323
-73.6585
-73.6845
-73.7102
-73.7356
-73.7608
-73.7857
-73.8103
-73.8346
-73.8587
-73.8825
-73.9061
-73.9294
-73.9524
-73.9753
-73.9979
-74.0202
-74.0423
-74.0642
-74.0859
-74.1073
-74.1285
-74.1495
-74.1703
-74.1909
-74.2112
-74.2313
-74.2513
-74.271
-74.2905
-74.3098
-74.329
-74.3479
-74.3666
-74.3852
-74.4036
-74.4217
-74.4397
-74.4575
-74.4752
-74.4926
-74.5099
-74.527
-74.544
-74.5607
-74.5774
-74.5938
-74.6101
-74.6262
-74.6422
-74.658
-74.6736
-74.6891
-74.7045
-74.7197
-74.7347
-74.7496
-74.7644
-74.779
-74.7935
-74.8079
-74.8221
-74.8362
-74.8501
-74.864
-74.8777
-74.8913
-74.9047
-74.918
-74.9313
-74.9443
-74.9573
-74.9701
-74.9829
-74.9955
-75.008
-75.0204
-75.0327
-75.0448
-75.0569
-75.0688
-75.0806
-75.0924
-75.104
-75.1155
-75.1269
-75.1382
-75.1495
-75.1606
-75.1716
-75.1825
-75.1933
-75.204
-75.2147
-75.2252
-75.2356
-75.246
-75.2562
-75.2664
-75.2764
-75.2864
-75.2963
-75.3061
-75.3158
-75.3255
-75.335
-75.3445
-75.3538
-75.3631
-75.3724
-75.3815
-75.3906
-75.3995
-75.4084
-75.4172
-75.426
-75.4346
-75.4432
-75.4518
-75.4602
-75.4686
-75.4769
-75.4851
-75.4932
-75.5013
-75.5093
-75.5173
-75.5251
-75.533
-75.5407
-75.5484
-75.556
-75.5635
-75.571
-75.5784
-75.5858
-75.593
-75.6003
-75.6074
-75.6145
-75.6216
-75.6285
-75.6355
-75.6423
-75.6491
-75.6559
-75.6626
-75.6692
-75.6758
-75.6823
-75.6888
-75.6952
-75.7015
-75.7078
-75.7141
-75.7203
-75.7264
-75.7325
-75.7386
-75.7446
-75.7505
-75.7564
-75.7622
-75.768
-75.7738
-75.7795
-75.7851
-75.7907
-75.7963
-75.8018
-75.8072
-75.8127
-75.818
-75.8234
-75.8287
-75.8339
-75.8391
-75.8443
-75.8494
-75.8545
-75.8595
-75.8645
-75.8695
-75.8744
-75.8793
-75.8841
-75.8889
-75.8937
-75.8984
-75.9031
-75.9077
-75.9123
-75.9169
-75.9214
-75.9259
-75.9304
-75.9348
-75.9392
-75.9436
-75.9479
-75.9522
-75.9565
-75.9607
-75.9649
-75.969
-75.9731
-75.9772
-75.9813
-75.9853
-75.9893
-75.9933
-75.9972
-76.0011
-76.005
-76.0088
-76.0126
-76.0164
-76.0201
-76.0239
-76.0275
-76.0312
-76.0348
-76.0384
-76.042
-76.0456
-76.0491
-76.0526
-76.056
-76.0595
-76.0629
-76.0663
-76.0696
-76.0729
-76.0762
-76.0795
-76.0828
-76.086
-76.0892
-76.0924
-76.0955
-76.0986
-76.1017
-76.1048
-76.1079
-76.1109
-76.1139
-76.1169
-76.1198
-76.1228
-76.1257
-76.1286
-76.1314
-76.1343
-76.1371
-76.1399
-76.1427
-76.1455
-76.1482
-76.1509
-76.1536
-76.1563
-76.1589
-76.1615
-76.1642
-76.1667
-76.1693
-76.1719
-76.1744
-76.1769
-76.1794
-76.1819
-76.1843
-76.1868
-76.1892
-76.1916
-76.1939
-76.1963
-76.1986
-76.201
-76.2033
-76.2056
-76.2078
-76.2101
-76.2123
-76.2145
-76.2167
-76.2189
-76.2211
-76.2232
-76.2254
-76.2275
-76.2296
-76.2317
-76.2337
-76.2358
-76.2378
-76.2398
-76.2418
-76.2438
-76.2458
-76.2478
-76.2497
-76.2516
-76.2536
-76.2554
-76.2573
-76.2592
-76.2611
-76.2629
-76.2647
-76.2665
-76.2683
-76.2701
-76.2719
-76.2737
-76.2754
-76.2771
-76.2788
-76.2806
-76.2822
-76.2839
-76.2856
-76.2872
-76.2889
-76.2905
-76.2921
-76.2937
-76.2953
-76.2969
-76.2985
-76.3
-76.3016
-76.3031
-76.3046
-76.3061
-76.3076
-76.3091
-76.3106
-76.312
-76.3135
-76.3149
-76.3164
-76.3178
-76.3192
-76.3206
-76.322
-76.3233
-76.3247
-76.3261
-76.3274
-76.3287
-76.33
-76.3314
-76.3327
-76.334
-76.3352
-76.3365
-76.3378
-76.339
-76.3403
-76.3415
-76.3427
-76.3439
-76.3452
-76.3464
-76.3475
-76.3487
-76.3499
-76.351
-76.3522
-76.3533
-76.3545
-76.3556
-76.3567
-76.3578
-76.3589
-76.36
-76.3611
-76.3622
-76.3632
-76.3643
-76.3654
-76.3664
-76.3674
-76.3685
-76.3695
-76.3705
-76.3715
-76.3725
-76.3735
-76.3745
-76.3754
-76.3764
-76.3774
-76.3783
-76.3793
-76.3802
-76.3811
-76.382
-76.383
-76.3839
-76.3848
-76.3857
-76.3866
-76.3874
-76.3883
-76.3892
-76.39
-76.3909
-76.3917
-76.3926
-76.3934
-76.3943
-76.3951
-76.3959
-76.3967
-76.3975
-76.3983
-76.3991
-76.3999
-76.4007
-76.4014
-76.4022
-76.403
-76.4037
-76.4045
-76.4052
-76.406
-75.9818
-71.7886
-68.0041
-65.1549
-62.9445
-61.1211
-59.4257
-57.4468
-53.6233
46.3408
-5.00849
-36.3651
-77.9876
-78.9065
-78.7642
-78.6151
-78.4524
-78.2759
-78.086
-77.8832
-77.6689
-76.0992
-74.0252
-72.7372
-71.8436
-71.1346
-70.5273
-69.9866
-69.4965
-69.2242
-69.4763
-69.6575
-69.7469
-69.7829
-69.7884
-69.7775
-70.2786
-70.7936
-71.1652
-69.0536
-66.8274
-65.9889
-65.5391
-65.2622
-65.1964
-66.0627
-67.2819
-68.4752
-69.2334
-69.7209
-70.0488
-70.2788
-70.4469
-70.5747
-70.6757
-70.7584
-70.8286
-70.89
-70.9454
-70.9964
-71.0445
-71.0905
-71.1351
-71.1788
-71.222
-71.2649
-71.3076
-71.3503
-71.393
-71.4359
-71.4789
-68.7847
-65.4834
-62.9807
-61.0131
-59.2869
-57.4259
-54.3854
-15.252
3.44757
-30.7974
-75.9693
-79.6532
-79.6668
-79.6262
-78.0646
-77.3497
-76.9916
-76.675
-76.3552
-76.0265
-75.6902
-75.3492
-75.0069
-74.398
-71.5566
-69.1741
-67.4915
-66.2358
-65.6785
-65.8177
-65.921
-65.9678
-65.9839
-65.9849
-65.9804
-65.9764
-66.752
-67.5681
-68.6441
-69.6993
-70.4411
-70.9678
-71.3678
-72.0193
-72.5477
-72.9307
-73.5515
-74.2507
-74.7453
-75.1054
-75.3083
-75.4231
-75.492
-75.5355
-75.5645
-75.5846
-75.5993
-75.6105
-75.6194
-75.6268
-75.6332
-75.6389
-75.6441
-75.6491
-75.6539
-75.6586
-75.6632
-75.6678
-75.6724
-75.6771
-75.6818
-75.6866
-75.6914
-75.6962
-75.7012
-75.7061
-75.7112
-75.7162
-75.7214
-75.7265
-75.7317
-75.737
-75.7422
-75.7475
-75.7528
-75.7581
-75.7634
-75.7687
-75.774
-75.7793
-75.7846
-75.7899
-75.7952
-75.8004
-75.8057
-75.8109
-75.8161
-75.8213
-75.8264
-75.8316
-75.8367
-75.8417
-75.8468
-75.8518
-75.8568
-75.8617
-75.8666
-75.8715
-75.8764
-75.1318
-70.9276
-67.3138
-64.5897
-62.4594
-60.6676
-58.9312
-56.7189
-51.0548
35.5187
-15.1288
-49.2459
-78.913
-78.8392
-78.6742
-78.5152
-78.3427
-78.1561
-77.9558
-77.7428
-77.5183
-76.1421
-73.9037
-72.4727
-71.4929
-70.7298
-70.0877
-69.5245
-69.4611
-69.5491
-68.1559
-66.1738
-64.7624
-63.7542
-63.0007
-62.4152
-61.9442
-61.5546
-62.2321
-63.4649
-65.3135
-66.6174
-65.543
-64.381
-63.6233
-64.0466
-64.6279
-65.0372
-65.333
-66.2464
-67.1779
-67.817
-68.2631
-68.5861
-68.8283
-69.0162
-69.1668
-69.2913
-69.3975
-69.4906
-69.5742
-69.651
-69.7228
-69.791
-69.8566
-69.9203
-69.9827
-70.0441
-70.1049
-70.1652
-70.2251
-70.2849
-70.3444
-70.4039
-70.4632
-70.5224
-70.5814
-70.6403
-70.699
-70.7575
-70.8157
-70.8737
-70.9313
-68.9948
-65.5832
-62.9243
-60.828
-58.971
-56.8951
-52.9919
45.345
-7.48381
-38.6373
-78.4208
-78.8488
-78.5637
-78.3861
-78.1998
-77.999
-77.784
-77.5557
-77.3157
-77.0659
-76.7905
-74.272
-72.162
-70.8619
-69.9687
-69.2943
-68.7521
-68.2991
-67.9124
-67.5788
-67.2902
-67.0412
-67.0361
-67.9064
-69.0619
-69.8795
-70.4442
-70.8462
-71.1405
-71.3617
-71.5322
-71.8399
-72.3064
-72.663
-72.9287
-73.285
-73.6855
-73.976
-74.1864
-74.3428
-74.462
-74.5548
-74.6285
-74.6882
-74.7375
-74.7788
-74.8518
-74.9854
-75.0934
-75.2056
-75.3431
-75.4456
-75.5204
-75.5764
-75.6194
-75.6531
-75.6801
-75.7022
-75.7206
-75.7361
-75.7495
-75.7611
-75.7715
-75.7808
-75.7892
-75.797
-75.8042
-75.811
-75.8175
-75.8236
-75.8295
-75.8352
-75.8407
-75.8461
-75.8513
-75.8565
-75.8615
-75.8665
-75.8714
-75.8763
-75.8811
-75.8858
-75.8905
-75.8952
-75.8998
-75.9044
-75.909
-75.9135
-75.918
-75.9225
-75.9269
-75.9313
-75.9357
-75.94
-75.9443
-75.1977
-70.9856
-67.3658
-64.6382
-62.507
-60.7182
-58.9937
-56.8229
-51.5101
37.6316
-13.9078
-47.0379
-79.3039
-79.7391
-79.7136
-79.6772
-79.6367
-79.5922
-79.5436
-77.0216
-75.3688
-74.4901
-73.8641
-73.3317
-72.8429
-72.3811
-71.9417
-71.5242
-69.5756
-67.0161
-65.1073
-63.669
-62.5308
-61.5816
-60.7409
-59.9413
-59.1097
-57.394
-53.7381
26.6999
-2.15663
-34.2189
-77.2651
-79.2942
-79.241
-79.1505
-78.2048
-77.1708
-76.7012
-76.3503
-76.0124
-75.6714
-75.3563
-75.0609
-74.7691
-74.5589
-74.3948
-74.2221
-74.0493
-73.9011
-73.9202
-73.9305
-73.9134
-73.8829
-74.0043
-74.125
-74.2015
-74.2501
-74.2815
-74.3024
-74.3167
-74.327
-74.3351
-74.3419
-74.3482
-74.3545
-74.361
-74.3679
-74.3754
-74.3834
-74.3921
-74.4014
-74.4113
-74.4217
-74.4326
-74.4441
-74.456
-74.4683
-74.4809
-74.4939
-74.5071
-74.5207
-74.5344
-74.5483
-74.5623
-74.5765
-74.5908
-74.6051
-74.6196
-74.634
-74.6485
-74.6629
-74.6774
-74.6919
-74.7063
-74.7206
-72.4409
-68.4665
-65.382
-63.0195
-61.0991
-59.3411
-57.3141
-53.3901
46.1163
-6.17746
-37.6161
-78.019
-79.045
-78.9425
-78.8145
-78.674
-78.5214
-78.3568
-78.1808

