-70
-70.0758
-70.1508
-70.225
-70.2983
-70.3706
-70.4419
-70.5122
-70.5814
-70.6496
-70.7168
-70.7829
-70.848
-70.9121
-70.9752
-71.0373
-71.0984
-71.1586
-71.2178
-71.2761
-71.3334
-71.3899
-71.4455
-71.5003
-71.5543
-71.6074
-71.6598
-71.7114
-71.7623
-71.8124
-71.8619
-71.9106
-71.9587
-72.006
-72.0527
-72.0988
-72.1442
-72.1889
-72.2331
-72.2766
-72.3196
-72.362
-72.4038
-72.445
-72.4857
-72.5258
-72.5654
-72.6045
-72.6431
-72.6812
-72.7188
-72.756
-72.7927
-72.8289
-72.8647
-72.9
-72.9349
-72.9694
-73.0035
-73.0371
-73.0704
-73.1032
-73.1357
-73.1678
-73.1994
-73.2307
-73.2617
-73.2922
-73.3224
-73.3523
-73.3817
-73.4109
-73.4397
-73.4682
-73.4963
-73.5241
-73.5516
-73.5788
-73.6057
-73.6323
-73.6585
-73.6845
-73.7102
-73.7356
-73.7608
-73.7857
-73.8103
-73.8346
-73.8587
-73.8825
-73.9061
-73.9294
-73.9524
-73.9753
-73.9979
-74.0202
-74.0423
-74.0642
-74.0859
-74.1073
-74.1285
-74.1495
-74.1703
-74.1909
-74.2112
-74.2313
-74.2513
-74.271
-74.2905
-74.3098
-74.329
-74.3479
-74.3666
-74.3852
-74.4036
-74.4217
-74.4397
-74.4575
-74.4752
-74.4926
-74.5099
-74.527
-74.544
-74.5607
-74.5774
-74.5938
-74.6101
-74.6262
-74.6422
-74.658
-74.6736
-74.6891
-74.7045
-74.7197
-74.7347
-74.7496
-74.7644
-74.779
-74.7935
-74.8079
-74.8221
-74.8362
-74.8501
-74.864
-74.8777
-74.8913
-74.9047
-74.918
-74.9313
-74.9443
-74.9573
-74.9701
-74.9829
-74.9955
-75.008
-75.0204
-75.0327
-75.0448
-75.0569
-75.0688
-75.0806
-75.0924
-75.104
-75.1155
-75.1269
-75.1382
-75.1495
-75.1606
-75.1716
-75.1825
-75.1933
-75.204
-75.2147
-75.2252
-75.2356
-75.246
-75.2562
-75.2664
-75.2764
-75.2864
-75.2963
-75.3061
-75.3158
-75.3255
-75.335
-75.3445
-75.3538
-75.3631
-75.3724
-75.3815
-75.3906
-75.3995
-75.4084
-75.4172
-75.426
-75.4346
-75.4432
-75.4518
-75.4602
-75.4686
-75.4769
-75.4851
-75.4932
-75.5013
-75.5093
-75.5173
-75.5251
-75.533
-75.5407
-75.5484
-75.556
-75.5635
-75.571
-75.5784
-75.5858
-75.593
-75.6003
-75.6074
-75.6145
-75.6216
-75.6285
-75.6355
-75.6423
-75.6491
-75.6559
-75.6626
-75.6692
-75.6758
-75.6823
-75.6888
-75.6952
-75.7015
-75.7078
-75.7141
-75.7203
-75.7264
-75.7325
-75.7386
-75.7446
-75.7505
-75.7564
-75.7622
-75.768
-75.7738
-75.7795
-75.7851
-75.7907
-75.7963
-75.8018
-75.8072
-75.8127
-75.818
-75.8234
-75.8287
-75.8339
-75.8391
-75.8443
-75.8494
-75.8545
-75.8595
-75.8645
-75.8695
-75.8744
-75.8793
-75.8841
-75.8889
-75.8937
-75.8984
-75.9031
-75.9077
-75.9123
-75.9169
-75.9214
-75.9259
-75.9304
-75.9348
-75.9392
-75.9436
-75.9479
-75.9522
-75.9565
-75.9607
-75.9649
-75.969
-75.9731
-75.9772
-75.9813
-75.9853
-75.9893
-75.9933
-75.9972
-76.0011
-76.005
-76.0088
-76.0126
-76.0164
-76.0201
-76.0239
-76.0275
-76.0312
-76.0348
-76.0384
-76.042
-76.0456
-76.0491
-76.0526
-76.056
-76.0595
-76.0629
-76.0663
-76.0696
-76.0729
-76.0762
-76.0795
-76.0828
-76.086
-76.0892
-76.0924
-76.0955
-76.0986
-76.1017
-76.1048
-76.1079
-76.1109
-76.1139
-76.1169
-76.1198
-76.1228
-76.1257
-76.1286
-76.1314
-76.1343
-76.1371
-76.1399
-76.1427
-76.1455
-76.1482
-76.1509
-76.1536
-76.1563
-76.1589
-76.1615
-76.1642
-76.1667
-76.1693
-76.1719
-76.1744
-76.1769
-76.1794
-76.1819
-76.1843
-76.1868
-76.1892
-76.1916
-76.1939
-76.1963
-76.1986
-76.201
-76.2033
-76.2056
-76.2078
-76.2101
-76.2123
-76.2145
-76.2167
-76.2189
-76.2211
-76.2232
-76.2254
-76.2275
-76.2296
-76.2317
-76.2337
-76.2358
-76.2378
-76.2398
-76.2418
-76.2438
-76.2458
-76.2478
-76.2497
-76.2516
-76.2536
-76.2554
-76.2573
-76.2592
-76.2611
-76.2629
-76.2647
-76.2665
-76.2683
-76.2701
-76.2719
-76.2737
-76.2754
-76.2771
-76.2788
-76.2806
-76.2822
-76.2839
-76.2856
-76.2872
-76.2889
-76.2905
-76.2921
-76.2937
-76.2953
-76.2969
-76.2985
-76.3
-76.3016
-76.3031
-76.3046
-76.3061
-76.3076
-76.3091
-76.3106
-76.312
-76.3135
-76.3149
-76.3164
-76.3178
-76.3192
-76.3206
-76.322
-76.3233
-76.3247
-76.3261
-76.3274
-76.3287
-76.33
-76.3314
-76.3327
-76.334
-76.3352
-76.3365
-76.3378
-76.339
-76.3403
-76.3415
-76.3427
-76.3439
-76.3452
-76.3464
-76.3475
-76.3487
-76.3499
-76.351
-76.3522
-76.3533
-76.3545
-76.3556
-76.3567
-76.3578
-76.3589
-76.36
-76.3611
-76.3622
-76.3632
-76.3643
-76.3654
-76.3664
-76.3674
-76.3685
-76.3695
-76.3705
-76.3715
-76.3725
-76.3735
-76.3745
-76.3754
-76.3764
-76.3774
-76.3783
-76.3793
-76.3802
-76.3811
-76.382
-76.383
-76.3839
-76.3848
-76.3857
-76.3866
-76.3874
-76.3883
-76.3892
-76.39
-76.3909
-76.3917
-76.3926
-76.3934
-76.3943
-76.3951
-76.3959
-76.3967
-76.3975
-76.3983
-76.3991
-76.3999
-76.4007
-76.4014
-76.4022
-76.403
-76.4037
-76.4045
-76.4052
-76.406
-76.4067
-76.4074
-76.4082
-76.4089
-76.4096
-76.4103
-76.411
-76.4117
-76.4124
-76.4131
-76.4137
-76.4144
-76.4151
-76.4158
-76.4164
-76.4171
-76.4177
-76.4184
-76.419
-76.4196
-76.4203
-76.4209
-76.4215
-76.4221
-76.4227
-76.4234
-76.424
-76.4246
-76.4251
-76.4257
-76.4263
-76.4269
-76.4275
-76.3915
-76.3159
-76.2571
-76.2155
-76.1853
-76.1631
-76.1465
-76.134
-76.1245
-76.1072
-76.0918
-76.0809
-76.0732
-76.0677
-76.0638
-76.0612
-76.0595
-76.0586
-76.0583
-76.0584
-76.0589
-76.0598
-76.0609
-76.0623
-76.0639
-76.0656
-76.0675
-76.0695
-76.0717
-76.0739
-76.0762
-76.0786
-76.0811
-76.0836
-76.0862
-76.0888
-76.0915
-76.0942
-76.0969
-76.0996
-76.1024
-76.1051
-76.1079
-76.1107
-76.1135
-76.1163
-76.119
-76.1218
-76.1246
-76.1274
-76.1301
-76.1329
-76.1356
-76.1384
-76.1411
-76.1438
-76.1465
-76.1491
-76.1518
-76.1544
-76.1571
-76.1597
-76.1623
-76.1606
-76.1463
-76.1341
-76.1248
-76.1177
-76.1124
-76.1059
-76.0862
-76.0663
-76.0503
-76.0403
-76.0342
-76.0304
-76.0282
-76.027
-76.0266
-76.0267
-76.0259
-76.0244
-76.0236
-76.0235
-76.0239
-76.0246
-76.0237
-76.0226
-76.0222
-76.0224
-76.0229
-76.0238
-76.0249
-76.0261
-76.0276
-76.0292
-76.031
-76.0329
-76.0349
-76.037
-76.0391
-76.0414
-76.0438
-76.0462
-76.0487
-76.0512
-76.0538
-76.0565
-76.0592
-76.0619
-76.0641
-76.0605
-76.057
-76.0547
-76.0533
-76.0526
-76.0525
-76.0528
-76.0534
-76.0544
-76.0556
-76.0571
-76.0587
-76.0605
-76.0624
-76.0645
-76.0667
-76.069
-76.0713
-76.0738
-76.0763
-76.0788
-76.0814
-76.0841
-76.0867
-76.0894
-76.0922
-76.0949
-76.0977
-76.1005
-76.1033
-76.1061
-76.1089
-76.1117
-76.1146
-76.1174
-76.1202
-76.123
-76.1258
-76.1285
-76.1313
-76.1341
-76.1368
-76.1396
-76.1423
-76.145
-76.1477
-76.1503
-76.153
-76.1556
-76.1583
-76.1609
-76.1635
-76.166
-76.1686
-76.1711
-76.1737
-76.1762
-76.1786
-76.1811
-76.1836
-76.186
-76.1884
-76.1908
-76.1932
-76.1955
-76.1979
-76.2002
-76.1892
-76.1568
-76.1317
-76.1138
-76.1009
-76.0915
-76.0847
-76.0797
-76.0762
-76.0738
-76.0722
-76.0713
-76.071
-76.0711
-76.0717
-76.0723
-76.0672
-76.0623
-76.0589
-76.0566
-76.0553
-76.0546
-76.0544
-76.0547
-76.0554
-76.0564
-76.0576
-76.0591
-76.0607
-76.0625
-76.0644
-76.0665
-76.0687
-76.071
-76.0733
-76.0758
-76.0783
-76.0808
-76.0834
-76.0861
-76.0887
-76.0914
-76.0942
-76.0969
-76.0997
-76.1025
-76.1053
-76.1081
-76.1109
-76.1137
-76.1165
-76.1193
-76.1221
-76.1249
-76.1276
-76.1304
-76.1332
-76.1359
-76.1386
-76.1414
-76.1335
-76.1225
-76.1139
-76.1075
-76.1028
-76.0993
-76.0968
-76.0951
-76.0941
-76.0937
-76.0937
-76.0941
-76.0948
-76.0958
-76.097
-76.0984
-76.1
-76.1009
-76.0893
-76.0755
-76.0641
-76.0519
-76.0436
-76.0384
-76.035
-76.033
-76.0319
-76.0316
-76.0317
-76.0322
-76.0331
-76.0342
-76.0356
-76.0371
-76.0388
-76.0407
-76.0426
-76.0447
-76.0451
-76.0431
-76.0418
-76.0411
-76.0411
-76.0415
-76.0422
-76.0432
-76.0445
-76.046
-76.0477
-76.0495
-76.0514
-76.0535
-76.0557
-76.058
-76.0604
-76.0628
-76.0653
-76.0679
-76.0705
-76.0732
-76.0759
-76.0786
-76.0814
-76.0842
-76.087
-76.0898
-76.0927
-76.0955
-76.0984
-76.1012
-76.1041
-76.107
-76.1098
-76.1127
-76.1155
-76.1184
-76.1212
-76.124
-76.1268
-76.1296
-76.1324
-76.1352
-76.138
-76.1407
-76.1434
-76.1461
-76.1488
-76.1515
-76.1542
-76.1568
-76.1594
-76.162
-76.1646
-76.1672
-76.1698
-76.1723
-76.1748
-76.1773
-76.1798
-76.1822
-76.1847
-76.1871
-76.1895
-76.1919
-76.1943
-76.1966
-76.199
-76.2013
-76.2036
-76.2059
-76.2081
-76.2104
-76.2126
-76.2148
-76.217
-76.2192
-76.2214
-76.2235
-76.2256
-76.2277
-76.2298
-76.2319
-76.234
-76.236
-76.2381
-76.2401
-76.2421
-76.2441
-76.246
-76.248
-76.2499
-76.2519
-76.2538
-76.2557
-76.2576
-76.2594
-76.2613
-76.2631
-76.265
-76.2668
-76.2686
-76.2703
-76.2474
-76.2034
-76.1705
-76.1468
-76.1296
-76.1168
-76.1073
-76.1003
-76.0951
-76.0912
-76.0885
-76.0867
-76.0856
-76.0851
-76.085
-76.0854
-76.0802
-76.0736
-76.0688
-76.0655
-76.0633
-76.0619
-76.0612
-76.061
-76.0613
-76.062
-76.0629
-76.0641
-76.0656
-76.0672
-76.069
-76.0709
-76.073
-76.0751
-76.0774
-76.0797
-76.0821
-76.0846
-76.08
-76.0745
-76.0705
-76.0677
-76.0659
-76.0649
-76.0644
-76.0644
-76.0649
-76.0656
-76.0667
-76.068
-76.0695
-76.0712
-76.0731
-76.075
-76.0771
-76.0793
-76.0816
-76.084
-76.0864
-76.0889
-76.0915
-76.0941
-76.0967
-76.0993
-76.102
-76.1047
-76.1074
-76.1102
-76.1129
-76.1157
-76.1184
-76.1212
-76.1239
-76.1267
-76.1294
-76.1321
-76.1349
-76.1376
-76.1403
-76.143

