-70
-69.8623
-69.7285
-69.5983
-69.4718
-69.3487
-69.2291
-69.1128
-68.9997
-68.8897
-68.7828
-68.6789
-68.5778
-68.4795
-68.3839
-68.291
-68.2007
-68.1128
-68.0274
-67.9443
-67.8636
-67.7851
-67.7087
-67.6345
-67.5623
-67.4921
-67.4238
-67.3574
-67.2929
-67.2301
-67.1691
-67.1098
-67.0521
-66.996
-66.9414
-66.8884
-66.8368
-66.7866
-66.7378
-66.6904
-66.6443
-66.5994
-66.5558
-66.5133
-66.4721
-66.432
-66.393
-66.355
-66.3181
-66.2823
-66.2474
-66.2134
-66.1805
-66.1484
-66.1172
-66.0868
-66.0573
-66.0286
-66.0007
-65.9736
-65.9472
-65.9215
-65.8966
-65.8723
-65.8487
-65.8257
-65.8034
-65.7817
-65.7606
-65.74
-65.72
-65.7006
-65.6817
-65.6633
-65.6455
-65.6281
-65.6112
-65.5948
-65.5788
-65.5632
-65.5481
-65.5334
-65.5191
-65.5052
-65.4917
-65.4785
-65.4657
-65.4533
-65.4412
-65.4294
-65.418
-65.4068
-65.396
-65.3855
-65.3752
-65.3653
-65.3556
-65.3462
-65.337
-65.3281
-65.3194
-65.311
-65.3028
-65.2948
-65.2871
-65.2795
-65.2722
-65.2651
-65.2581
-65.2514
-65.2448
-65.2385
-65.2322
-65.2262
-65.2203
-65.2146
-65.2091
-65.2037
-65.1984
-65.1933
-65.1884
-65.1835
-65.1788
-65.1743
-65.1698
-65.1655
-65.1613
-65.1572
-65.1532
-65.1493
-65.1456
-65.1419
-65.1384
-65.1349
-65.1315
-65.1283
-65.1251
-65.122
-65.119
-65.1161
-65.1132
-65.1104
-65.1077
-65.1051
-65.1026
-65.1001
-65.0977
-65.0953
-65.0931
-65.0908
-65.0887
-65.0866
-65.0845
-65.0826
-65.0806
-65.0788
-65.0769
-65.0752
-65.0734
-65.0718
-65.0701
-65.0685
-65.067
-65.0655
-65.064
-65.0626
-65.0612
-65.0599
-65.0586
-65.0573
-65.0561
-65.0549
-65.0537
-65.0526
-65.0514
-65.0504
-65.0493
-65.0483
-65.0473
-65.0464
-65.0454
-65.0445
-65.0436
-65.0428
-65.0419
-65.0411
-65.0403
-65.0395
-65.0388
-65.0381
-65.0374
-65.0367
-65.036
-65.0353
-65.0347
-65.0341
-65.0335
-65.0329
-65.0323
-65.0318
-65.0313
-65.0307
-65.0302
-65.0297
-65.0293
-65.0288
-65.0283
-65.0279
-65.0275
-65.027
-65.0266
-65.0262
-65.0259
-65.0255
-65.0251
-65.0248
-65.0244
-65.0241
-65.0238
-65.0234
-65.0231
-65.0228
-65.0225
-65.0223
-65.022
-65.0217
-65.0215
-65.0212
-65.021
-65.0207
-65.0205
-65.0203
-65.02
-65.0198
-65.0196
-65.0194
-65.0192
-65.019
-65.0188
-65.0187
-65.0185
-65.0183
-65.0181
-65.018
-65.0178
-65.0177
-65.0175
-65.0174
-65.0172
-65.0171
-65.017
-65.0168
-65.0167
-65.0166
-65.0165
-65.0163
-65.0162
-65.0161
-65.016
-65.0159
-65.0158
-65.0157
-65.0156
-65.0155
-65.0154
-65.0153
-65.0153
-65.0152
-65.0151
-65.015
-65.0149
-65.0149
-65.0148
-65.0147
-65.0147
-65.0146
-65.0145
-65.0145
-65.0144
-65.0143
-65.0143
-65.0142
-65.0142
-65.0141
-65.0141
-65.014
-65.014
-65.0139
-65.0139
-65.0138
-65.0138
-65.0137
-65.0137
-65.0137
-65.0136
-65.0136
-65.0135
-65.0135
-65.0135
-65.0134
-65.0134
-65.0134
-65.0133
-65.0133
-65.0133
-65.0133
-65.0132
-65.0132
-65.0132
-65.0131
-65.0131
-65.0131
-65.0131
-65.0131
-65.013
-65.013
-65.013
-65.013
-65.0129
-65.0129
-65.0129
-65.0129
-65.0129
-65.0129
-65.0128
-65.0128
-65.0128
-65.0128
-65.0128
-65.0128
-65.0127
-65.0127
-65.0127
-65.0127
-65.0127
-65.0127
-65.0127
-65.0127
-65.0126
-65.0126
-65.0126
-65.0126
-65.0126
-65.0126
-65.0126
-65.0126
-65.0126
-65.0126
-65.0125
-65.0125
-65.0125
-65.0125
-65.0125
-65.0125
-65.0125
-65.0125
-65.0125
-65.0125
-65.0125
-65.0125
-65.0125
-65.0124
-65.0124
-65.0124
-65.0124
-65.0124
-65.0124
-65.0124
-65.0124
-65.0124
-65.0124
-65.0124
-65.0124
-65.0124
-65.0124
-65.0124
-65.0124
-65.0124
-65.0124
-65.0124
-65.0124
-65.0124
-65.0124
-65.0124
-65.0123
-65.0123
-65.0123
-65.0123
-65.0123
-65.0123
-65.0123
-65.0123
-65.0123
-65.0123
-65.0123
-65.0123
-65.0123
-65.0123
-65.0123
-65.0123
-65.0123
-65.0123
-65.0123
-65.0123
-65.0123
-65.0123
-65.0123
-65.0123
-65.0123
-65.0123
-65.0123
-65.0123
-65.0123
-65.0123
-65.0123
-65.0123
-65.0123
-65.0123
-65.0123
-65.0123
-65.0123
-65.0123
-65.0123
-65.0123
-65.0123
-65.0123
-65.0123
-65.0123
-65.0123
-65.0123
-65.0123
-65.0123
-65.0123
-65.0123
-65.0123
-65.0123
-65.0123
-65.0123
-65.0123
-65.0123
-65.0123
-65.0123
-65.0123
-65.0123
-65.0123
-65.0123
-65.0123
-65.0123
-65.0123
-65.0123
-65.0123
-65.0123
-65.0123
-65.0123
-65.0123
-65.0123
-65.0123
-65.0123
-64.8888
-64.7871
-64.7113
-64.6572
-64.6152
-64.5815
-64.5545
-64.5329
-64.5159
-64.5027
-64.4927
-64.4856
-64.4808
-64.478
-64.477
-64.4776
-64.4793
-64.4822
-64.4861
-64.4907
-64.496
-64.5019
-64.5083
-64.5151
-64.5223
-64.5297
-64.5373
-64.5451
-64.553
-64.5611
-64.5691
-64.5773
-64.5854
-64.5935
-64.3673
-63.8136
-63.4439
-63.1683
-62.9698
-62.814
-62.6905
-62.593
-62.5169
-62.4588
-62.4159
-62.3858
-62.3668
-62.3571
-62.3555
-62.3606
-62.3717
-62.3878
-62.4039
-62.1667
-62.0085
-61.7521
-60.9771
-60.3875
-59.8118
-59.295
-58.8838
-58.2249
-57.6088
-56.8727
-56.1812
-55.5374
-55.0744
-54.7271
-54.3055
-53.8709
-53.4912
-52.9033
-52.4765
-52.068
-51.7501
-51.5091
-51.3255
-51.1216
-50.9696
-50.8463
-50.6913
-50.5198
-50.3944
-50.2915
-50.1909
-50.0624
-49.9754
-49.8875
-49.7876
-49.7239
-49.6851
-49.6683
-49.6688
-49.6847
-49.7151
-49.739
-49.7326
-49.7346
-49.7607
-49.8063
-49.8493
-49.8594
-49.8914
-49.9069
-49.9398
-49.9557
-49.9933
-50.0514
-50.1274
-50.2061
-50.2647
-50.3473
-50.4243
-50.5057
-50.6001
-50.6704
-50.7486
-50.8156
-50.8664
-50.8611
-50.7835
-50.7372
-50.7382
-50.7732
-50.8321
-50.9096
-51.0033
-51.0435
-51.0017
-50.884
-50.7681
-50.6579
-50.5438
-50.4179
-50.2418
-49.9629
-49.6018
-49.1624
-48.6185
-48.1275
-47.5403
-46.7938
-45.7882
-44.6312
-43.0705
-40.196
-27.8514
39.8959
-6.10191
-37.809
-55.0302
-59.4719
-60.616
-60.842
-60.7448
-60.5635
-60.3697
-60.1689
-59.9889
-59.8432
-59.6987
-59.5769
-59.4876
-59.425
-59.3839
-59.3603
-59.3514
-59.3552
-59.3698
-59.3937
-59.4256
-59.4645
-59.5092
-59.559
-59.6132
-59.6711
-59.7321
-59.7958
-59.8616
-59.9291
-59.9981
-60.0682
-60.139
-60.2105
-60.2824
-60.3544
-60.4263
-60.4982
-60.5697
-60.6408
-60.7115
-60.7815
-60.8508
-60.9193
-60.987
-61.0539
-61.1198
-61.1848
-61.2487
-61.3117
-61.3736
-61.4345
-61.4943
-61.5531
-61.6108
-61.6674
-61.7229
-61.7774
-61.8308
-61.8832
-61.9345
-61.9847
-62.0339
-62.0821
-62.1293
-62.1755
-62.2207
-62.2649
-62.3082
-62.3506
-62.392
-62.4326
-62.4723
-62.5111
-62.4793
-62.2486
-62.1049
-62.0044
-61.9409
-61.8821
-61.655
-61.4771
-61.3502
-61.2649
-61.1694
-60.9158
-60.5121
-60.1814
-59.8911
-59.3401
-58.5738
-57.6608
-56.9432
-56.0732
-55.3576
-54.8172
-54.246
-53.772
-53.2836
-52.9179
-52.6423
-52.4376
-52.2854
-52.1233
-51.9328
-51.7918
-51.6999
-51.6483
-51.6231
-51.5081
-51.2913
-51.1292
-51.0203
-50.9567
-50.8672
-50.8034
-50.7503
-50.7352
-50.7373
-50.7256
-50.6587
-50.5916
-50.544
-50.5238
-50.4907
-50.4256
-50.4034
-50.3538
-50.3241
-50.3271
-50.3568
-50.4075
-50.4388
-50.4489
-50.4729
-50.462
-50.4893
-50.5417
-50.6166
-50.7083
-50.8146
-50.9342
-51.0659
-51.2086
-51.3615
-51.4985
-51.6391
-51.7941
-51.9603
-52.1353
-52.3171
-52.5046
-52.6972
-52.8938
-53.0205
-53.0957
-53.0764
-53.0471
-52.9747
-52.8659
-52.7708
-52.6939
-52.6105
-52.5297
-52.3453
-52.2113
-52.0583
-51.9467
-51.7932
-51.6377
-51.418
-51.1414
-50.7583
-50.3086
-49.8925
-49.3496
-48.7734
-48.2645
-47.7668
-47.2505
-46.717
-46.1294
-45.3992
-44.4271
-42.8885
-39.6934
-19.4428
34.4768
-13.0537
-44.4933
-58.6782
-62.2862
-63.153
-63.2805
-63.1884
-63.0065
-62.8046
-62.6216
-62.4625
-62.3278
-62.2149
-62.1214
-62.0452
-61.9839
-61.9356
-61.8987
-61.8716
-61.8532
-61.8423
-61.838
-61.8394
-61.8458
-61.8566
-61.8711
-61.8889
-61.9095
-61.9326
-61.9578
-61.9848
-62.0134
-62.0432
-62.0742
-62.106
-62.1385
-62.1716
-62.2052
-62.2391
-62.2732
-62.3075
-62.3418
-62.3761
-62.4103
-62.4443
-62.4781
-62.5117
-62.5449
-62.5778
-62.6104
-62.6425
-62.6743
-62.7056
-62.7365
-62.7669
-62.7968
-62.8263
-62.8553
-62.8838
-62.9118
-62.9393
-62.9663
-62.9928
-63.0189
-63.0444
-63.0695
-63.0941
-63.1182
-63.1418
-63.165
-63.1878
-63.2101
-63.2319
-63.2533
-63.2743
-63.2949
-63.3151
-63.3348
-63.3542
-63.3732
-63.3918
-63.41
-63.4278
-63.4453
-63.4625
-63.4793
-63.4321
-63.3588
-63.2549
-63.1597
-62.5738
-61.7859
-61.2347
-60.7057
-60.2813
-59.9588
-59.6884
-59.2947
-58.8288
-58.4512
-58.1251
-57.8891
-57.695
-57.4386
-56.6153
-55.7424
-55.1096
-54.66
-54.3127
-54.0182
-53.7925
-53.4929
-53.2286
-52.9831
-52.7726
-52.6302
-52.5374
-52.4849
-52.4635
-52.4526
-52.2668
-51.8622
-51.5265
-51.1512
-50.8559
-50.6411
-50.4863
-50.3396
-50.2334
-50.1598
-50.115
-50.0936
-50.0929
-50.0504
-49.9653
-49.8841
-49.8427
-49.8309
-49.8425
-49.8244
-49.8113
-49.8247
-49.8324
-49.852
-49.8764
-49.9102
-49.9655
-50.0381
-50.1262
-50.228
-50.3426
-50.4434
-50.5502
-50.6744
-50.8127
-50.963
-51.1233
-51.2746
-51.4185
-51.5786
-51.7503
-51.9315
-52.1196
-52.3132
-52.5116
-52.7142
-52.9202
-53.0982
-53.219
-53.3601
-53.4329
-53.5058
-53.5994
-53.7186
-53.8543
-54.001
-54.1558
-54.3169
-54.4829
-54.6529
-54.8259
-55.0009
-55.1648
-55.2721
-55.3195
-55.2692
-55.0423
-54.8287
-54.5037
-54.1688
-53.7202
-53.1541
-52.5794
-52.0758
-51.6778
-51.3047
-50.7161
-50.1873
-49.7296
-49.3651
-49.0259
-48.7006
-48.404
-48.0556

