-70
-70.0758
-70.1508
-70.225
-70.2983
-70.3706
-70.4419
-70.5122
-70.5814
-70.6496
-70.7168
-70.7829
-70.848
-70.9121
-70.9752
-71.0373
-71.0984
-71.1586
-71.2178
-71.2761
-71.3334
-71.3899
-71.4455
-71.5003
-71.5543
-71.6074
-71.6598
-71.7114
-71.7623
-71.8124
-71.8619
-71.9106
-71.9587
-72.006
-72.0527
-72.0988
-72.1442
-72.1889
-72.2331
-72.2766
-72.3196
-72.362
-72.4038
-72.445
-72.4857
-72.5258
-72.5654
-72.6045
-72.6431
-72.6812
-72.7188
-72.756
-72.7927
-72.8289
-72.8647
-72.9
-72.9349
-72.9694
-73.0035
-73.0371
-73.0704
-73.1032
-73.1357
-73.1678
-73.1994
-73.2307
-73.2617
-73.2922
-73.3224
-73.3523
-73.3817
-73.4109
-73.4397
-73.4682
-73.4963
-73.5241
-73.5516
-73.5788
-73.6057
-73.6323
-73.6585
-73.6845
-73.7102
-73.7356
-73.7608
-73.7857
-73.8103
-73.8346
-73.8587
-73.8825
-73.9061
-73.9294
-73.9524
-73.9753
-73.9979
-74.0202
-74.0423
-74.0642
-74.0859
-74.1073
-74.1285
-74.1495
-74.1703
-74.1909
-74.2112
-74.2313
-74.2513
-74.271
-74.2905
-74.3098
-74.329
-74.3479
-74.3666
-74.3852
-74.4036
-74.4217
-74.4397
-74.4575
-74.4752
-74.4926
-74.5099
-74.527
-74.544
-74.5607
-74.5774
-74.5938
-74.6101
-74.6262
-74.6422
-74.658
-74.6736
-74.6891
-74.7045
-74.7197
-74.7347
-74.7496
-74.7644
-74.779
-74.7935
-74.8079
-74.8221
-74.8362
-74.8501
-74.864
-74.8777
-74.8913
-74.9047
-74.918
-74.9313
-74.9443
-74.9573
-74.9701
-74.9829
-74.9955
-75.008
-75.0204
-75.0327
-75.0448
-75.0569
-75.0688
-75.0806
-75.0924
-75.104
-75.1155
-75.1269
-75.1382
-75.1495
-75.1606
-75.1716
-75.1825
-75.1933
-75.204
-75.2147
-75.2252
-75.2356
-75.246
-75.2562
-75.2664
-75.2764
-75.2864
-75.2963
-75.3061
-75.3158
-75.3255
-75.335
-75.3445
-75.3538
-75.3631
-75.3724
-75.3815
-75.3906
-75.3995
-75.4084
-75.4172
-75.426
-75.4346
-75.4432
-75.4518
-75.4602
-75.4686
-75.4769
-75.4851
-75.4932
-75.5013
-75.5093
-75.5173
-75.5251
-75.533
-75.5407
-75.5484
-75.556
-75.5635
-75.571
-75.5784
-75.5858
-75.593
-75.6003
-75.6074
-75.6145
-75.6216
-75.6285
-75.6355
-75.6423
-75.6491
-75.6559
-75.6626
-75.6692
-75.6758
-75.6823
-75.6888
-75.6952
-75.7015
-75.7078
-75.7141
-75.7203
-75.7264
-75.7325
-75.7386
-75.7446
-75.7505
-75.7564
-75.7622
-75.768
-75.7738
-75.7795
-75.7851
-75.7907
-75.7963
-75.8018
-75.8072
-75.8127
-75.818
-75.8234
-75.8287
-75.8339
-75.8391
-75.8443
-75.8494
-75.8545
-75.8595
-75.8645
-75.8695
-75.8744
-75.8793
-75.8841
-75.8889
-75.8937
-75.8984
-75.9031
-75.9077
-75.9123
-75.9169
-75.9214
-75.9259
-75.9304
-75.9348
-75.9392
-75.9436
-75.9479
-75.9522
-75.9565
-75.9607
-75.9649
-75.969
-75.9731
-75.9772
-75.9813
-75.9853
-75.9893
-75.9933
-75.9972
-76.0011
-76.005
-76.0088
-76.0126
-76.0164
-76.0201
-76.0239
-76.0275
-76.0312
-76.0348
-76.0384
-76.042
-76.0456
-76.0491
-76.0526
-76.056
-76.0595
-76.0629
-76.0663
-76.0696
-76.0729
-76.0762
-76.0795
-76.0828
-76.086
-76.0892
-76.0924
-76.0955
-76.0986
-76.1017
-76.1048
-76.1079
-76.1109
-76.1139
-76.1169
-76.1198
-76.1228
-76.1257
-76.1286
-76.1314
-76.1343
-76.1371
-76.1399
-76.1427
-76.1455
-76.1482
-76.1509
-76.1536
-76.1563
-76.1589
-76.1615
-76.1642
-76.1667
-76.1693
-76.1719
-76.1744
-76.1769
-76.1794
-76.1819
-76.1843
-76.1868
-76.1892
-76.1916
-76.1939
-76.1963
-76.1986
-76.201
-76.2033
-76.2056
-76.2078
-76.2101
-76.2123
-76.2145
-76.2167
-76.2189
-76.2211
-76.2232
-76.2254
-76.2275
-76.2296
-76.2317
-76.2337
-76.2358
-76.2378
-76.2398
-76.2418
-76.2438
-76.2458
-76.2478
-76.2497
-76.2516
-76.2536
-76.2554
-76.2573
-76.2592
-76.2611
-76.2629
-76.2647
-76.2665
-76.2683
-76.2701
-76.2719
-76.2737
-76.2754
-76.2771
-76.2788
-76.2806
-76.2822
-76.2839
-76.2856
-76.2872
-76.2889
-76.2905
-76.2921
-76.2937
-76.2953
-76.2969
-76.2985
-76.3
-76.3016
-76.3031
-76.3046
-76.3061
-76.3076
-76.3091
-76.3106
-76.312
-76.3135
-76.3149
-76.3164
-76.3178
-76.3192
-76.3206
-76.322
-76.3233
-76.3247
-76.3261
-76.3274
-76.3287
-76.33
-76.3314
-76.3327
-76.334
-76.3352
-76.3365
-76.3378
-76.339
-76.3403
-76.3415
-76.3427
-76.3439
-76.3452
-76.3464
-76.3475
-76.3487
-76.3499
-76.351
-76.3522
-76.3533
-76.3545
-76.3556
-76.3567
-76.3578
-76.3589
-76.36
-76.3611
-76.3622
-76.3632
-76.3643
-76.3654
-76.3664
-76.3674
-76.3685
-76.3695
-76.3705
-76.3715
-76.3725
-76.3735
-76.3745
-76.3754
-76.3764
-76.3774
-76.3783
-76.3793
-76.3802
-76.3811
-76.382
-76.383
-76.3839
-76.3848
-76.3857
-76.3866
-76.3874
-76.3883
-76.3892
-76.39
-76.3909
-76.3917
-76.3926
-76.3934
-76.3943
-76.3951
-76.3959
-76.3967
-76.3975
-76.3983
-76.3991
-76.3999
-76.4007
-76.4014
-76.4022
-76.403
-76.4037
-76.4045
-76.4052
-76.406
-75.6444
-71.3632
-67.6824
-64.9095
-62.7487
-60.9504
-59.2505
-57.2008
-52.8624
43.9501
-9.03746
-40.2725
-78.4855
-78.8854
-78.7339
-78.5814
-78.4154
-78.2354
-78.042
-77.8357
-77.6179
-75.8395
-73.8578
-72.6306
-71.764
-71.0691
-70.4704
-69.9358
-69.4506
-69.0079
-68.6046
-68.2388
-67.9093
-67.6151
-67.3553
-67.8723
-68.4896
-68.9812
-69.9423
-69.0141
-68.2507
-67.9685
-67.8269
-67.755
-67.7218
-67.7118
-67.7168
-67.7324
-67.7559
-67.7857
-67.8207
-67.8603
-68.4223
-69.187
-70.2784
-71.1559
-71.7483
-72.1593
-72.4539
-72.6713
-72.8361
-72.9643
-73.0664
-73.1496
-73.2188
-73.2777
-73.3286
-73.3735
-73.4138
-73.4505
-73.4843
-73.5159
-73.5458
-73.5742
-73.6015
-73.6279
-73.6536
-73.6786
-73.7032
-73.7274
-72.7084
-68.8185
-65.619
-63.2054
-61.2836
-59.5841
-57.7553
-54.8328
-26.3761
6.88634
-28.8796
-74.5299
-78.9192
-78.8353
-78.6955
-78.5414
-78.374
-78.1936
-78.0007
-77.7964
-77.5822
-77.36
-77.1317
-76.9
-76.6191
-76.3527
-76.1192
-75.9088
-75.7419
-75.6303
-75.5932
-75.5667
-75.5644
-75.5694
-75.5902
-75.6112
-75.6189
-75.6198
-75.6176
-75.6142
-75.6106
-75.6071
-75.6041
-75.6052
-75.637
-75.6645
-75.6842
-75.6988
-75.7101
-75.719
-75.7265
-75.7329
-75.7385
-75.7436
-75.7485
-75.753
-75.7575
-75.7618
-75.7661
-75.7704
-75.7747
-75.779
-75.7833
-75.7877
-75.7921
-75.7965
-75.801
-75.8055
-75.8101
-75.8147
-75.8193
-75.8239
-75.8285
-75.8332
-75.8379
-75.8426
-75.8473
-75.852
-75.8567
-75.8614
-75.866
-75.8707
-75.8754
-75.88
-75.8847
-75.8893
-75.8939
-75.8985
-75.903
-75.9076
-75.9121
-75.9165
-75.921
-75.9254
-75.9298
-75.9342
-75.9386
-75.9429
-75.9472
-75.9514
-75.9556
-72.6962
-68.6898
-65.6413
-63.2996
-61.4002
-59.6843
-57.7814
-54.5208
21.2674
1.88256
-31.5333
-76.6151
-78.929
-78.7715
-78.6226
-78.4603
-78.2842
-78.0944
-77.8916
-77.677
-76.9869
-74.5951
-72.9533
-71.889
-71.0862
-70.4217
-69.8426
-69.3249
-68.8568
-67.6878
-65.245
-63.2836
-62.6799
-62.6643
-62.6606
-62.6548
-62.6522
-63.1999
-64.7393
-66.926
-67.7786
-66.9427
-67.0443
-67.3103
-67.4735
-67.5792
-68.1618
-68.8407
-69.2707
-69.5477
-69.736
-69.8708
-69.9724
-70.0529
-70.1198
-70.1778
-70.621
-71.1289
-71.5041
-71.7835
-71.997
-72.1642
-72.2981
-72.4077
-72.4991
-72.577
-72.6445
-72.704
-72.7572
-72.8057
-72.8503
-72.8918
-72.9309
-72.968
-73.0036
-73.0378
-73.071
-73.1033
-73.1349
-70.2281
-66.6688
-63.9761
-61.8919
-60.1401
-58.4188
-56.1453
-49.592
29.8887
-18.4817
-56.0282
-79.2512
-78.7781
-78.5263
-78.3484
-78.1591
-77.9553
-77.7375
-77.5067
-77.2645
-77.013
-76.2546
-73.5152
-71.4915
-70.1292
-69.1167
-68.311
-67.6413
-67.0699
-66.6046
-66.932
-67.3049
-67.5556
-67.7258
-67.8443
-67.9302
-67.9955
-68.0739
-68.8269
-70.8072
-72.5996
-73.6717
-74.2477
-74.5737
-74.7687
-74.8912
-74.9716
-75.0265
-75.089
-75.1985
-75.2787
-75.3341
-75.3738
-75.4032
-75.4258
-75.4437
-75.4583
-75.4705
-75.4811
-75.4905
-75.499
-75.5069
-75.5143
-75.5213
-75.5282
-75.5348
-75.5413
-75.5477
-75.5541
-75.5604
-75.5668
-75.5731
-75.5794
-75.5857
-75.592
-75.5983
-75.6047
-75.611
-75.6174
-75.6237
-75.6301
-75.6364
-75.6428
-75.6491
-75.6554
-75.6617
-75.668
-75.6742
-75.6805
-75.6867
-75.6929
-75.699
-75.7052
-75.7113
-75.7173
-75.7234
-75.7293
-75.7353
-75.7412
-75.7471
-75.7529
-75.7587
-75.7645
-75.7702
-75.7759
-75.7815
-75.7871
-75.7926
-75.7981
-75.8036
-75.809
-75.8144
-75.8198
-75.825
-75.8303
-75.8355
-75.8407
-75.8458
-75.8509
-75.856
-75.861
-75.866
-74.745
-70.5078
-66.9998
-64.3477
-62.2624
-60.4894
-58.7349
-56.4025
-49.3845
29.1413
-18.4356
-56.3485
-78.8891
-78.8497
-78.708
-78.5538
-78.3858
-78.2041
-78.0091
-77.8018
-77.5834
-75.7404
-73.6597
-72.3587
-71.4424
-70.7146
-70.0948
-69.5469
-69.0541
-68.6081
-67.235
-64.7853
-62.8514
-62.0357
-62.0995
-62.1843
-62.2497
-62.3057
-63.0337
-64.2448
-65.859
-68.2397
-70.5948
-72.0641
-72.8423
-73.2767
-73.5334
-73.3527
-70.4207
-68.2076
-66.8647
-66.0197
-65.4725
-65.1128
-64.876
-64.7235
-64.631
-64.5828
-64.5682
-64.5799
-64.6125
-64.6621
-64.7257
-64.801
-64.8863
-64.9801
-65.0811
-65.1884
-65.301
-65.4178
-65.5381
-65.6612
-65.7866
-65.9137
-66.0423
-66.1718
-66.3019
-66.4324
-66.5627
-66.6925
-66.8217
-66.9499
-67.0771
-67.2032
-67.328
-67.4514
-67.5733
-66.5777
-63.5941
-61.1443
-59.1223
-57.0955
-54.0289
-25.8577
2.95306
-31.3041
-75.6206
-79.5465
-79.4716
-78.2279
-77.7272
-77.445
-77.1727
-76.8895
-76.5941
-76.2884
-75.9753
-75.5598
-72.9576
-70.7137
-69.1739

