-70
-69.8623
-69.7285
-69.5983
-69.4718
-69.3487
-69.2291
-69.1128
-68.9997
-68.8897
-68.7828
-68.6789
-68.5778
-68.4795
-68.3839
-68.291
-68.2007
-68.1128
-68.0274
-67.9443
-67.8636
-67.7851
-67.7087
-67.6345
-67.5623
-67.4921
-67.4238
-67.3574
-67.2929
-67.2301
-67.1691
-67.1098
-67.0521
-66.996
-66.9414
-66.8884
-66.8368
-66.7866
-66.7378
-66.6904
-66.6443
-66.5994
-66.5558
-66.5133
-66.4721
-66.432
-66.393
-66.355
-66.3181
-66.2823
-66.2474
-66.2134
-66.1805
-66.1484
-66.1172
-66.0868
-66.0573
-66.0286
-66.0007
-65.9736
-65.9472
-65.9215
-65.8966
-65.8723
-65.8487
-65.8257
-65.8034
-65.7817
-65.7606
-65.74
-65.72
-65.7006
-65.6817
-65.6633
-65.6455
-65.6281
-65.6112
-65.5948
-65.5788
-65.5632
-65.5481
-65.5334
-65.5191
-65.5052
-65.4917
-65.4785
-65.4657
-65.4533
-65.4412
-65.4294
-65.418
-65.4068
-65.396
-65.3855
-65.3752
-65.3653
-65.3556
-65.3462
-65.337
-65.3281
-65.3194
-65.311
-65.3028
-65.2948
-65.2871
-65.2795
-65.2722
-65.2651
-65.2581
-65.2514
-65.2448
-65.2385
-65.2322
-65.2262
-65.2203
-65.2146
-65.2091
-65.2037
-65.1984
-65.1933
-65.1884
-65.1835
-65.1788
-65.1743
-65.1698
-65.1655
-65.1613
-65.1572
-65.1532
-65.1493
-65.1456
-65.1419
-65.1384
-65.1349
-65.1315
-65.1283
-65.1251
-65.122
-65.119
-65.1161
-65.1132
-65.1104
-65.1077
-65.1051
-65.1026
-65.1001
-65.0977
-65.0953
-65.0931
-65.0908
-65.0887
-65.0866
-65.0845
-65.0826
-65.0806
-65.0788
-65.0769
-65.0752
-65.0734
-65.0718
-65.0701
-65.0685
-65.067
-65.0655
-65.064
-65.0626
-65.0612
-65.0599
-65.0586
-65.0573
-65.0561
-65.0549
-65.0537
-65.0526
-65.0514
-65.0504
-65.0493
-65.0483
-65.0473
-65.0464
-65.0454
-65.0445
-65.0436
-65.0428
-65.0419
-65.0411
-65.0403
-65.0395
-65.0388
-65.0381
-65.0374
-65.0367
-65.036
-65.0353
-65.0347
-65.0341
-65.0335
-65.0329
-65.0323
-65.0318
-65.0313
-65.0307
-65.0302
-65.0297
-65.0293
-65.0288
-65.0283
-65.0279
-65.0275
-65.027
-65.0266
-65.0262
-65.0259
-65.0255
-65.0251
-65.0248
-65.0244
-65.0241
-65.0238
-65.0234
-65.0231
-65.0228
-65.0225
-65.0223
-65.022
-65.0217
-65.0215
-65.0212
-65.021
-65.0207
-65.0205
-65.0203
-65.02
-65.0198
-65.0196
-65.0194
-65.0192
-65.019
-65.0188
-65.0187
-65.0185
-65.0183
-65.0181
-65.018
-65.0178
-65.0177
-65.0175
-65.0174
-65.0172
-65.0171
-65.017
-65.0168
-65.0167
-65.0166
-65.0165
-65.0163
-65.0162
-65.0161
-65.016
-65.0159
-65.0158
-65.0157
-65.0156
-65.0155
-65.0154
-65.0153
-65.0153
-65.0152
-65.0151
-65.015
-65.0149
-65.0149
-65.0148
-65.0147
-65.0147
-65.0146
-65.0145
-65.0145
-65.0144
-65.0143
-65.0143
-65.0142
-65.0142
-65.0141
-65.0141
-65.014
-65.014
-65.0139
-65.0139
-65.0138
-65.0138
-65.0137
-65.0137
-65.0137
-65.0136
-65.0136
-65.0135
-65.0135
-65.0135
-65.0134
-65.0134
-65.0134
-65.0133
-65.0133
-65.0133
-65.0133
-65.0132
-65.0132
-65.0132
-65.0131
-65.0131
-65.0131
-65.0131
-65.0131
-65.013
-65.013
-65.013
-65.013
-65.0129
-65.0129
-65.0129
-65.0129
-65.0129
-65.0129
-65.0128
-65.0128
-65.0128
-65.0128
-65.0128
-65.0128
-65.0127
-65.0127
-65.0127
-65.0127
-65.0127
-65.0127
-65.0127
-65.0127
-65.0126
-65.0126
-65.0126
-65.0126
-65.0126
-65.0126
-65.0126
-65.0126
-65.0126
-65.0126
-65.0125
-65.0125
-65.0125
-65.0125
-65.0125
-65.0125
-65.0125
-65.0125
-65.0125
-65.0125
-65.0125
-65.0125
-65.0125
-65.0124
-65.0124
-65.0124
-65.0124
-65.0124
-65.0124
-65.0124
-65.0124
-65.0124
-65.0124
-65.0124
-65.0124
-65.0124
-65.0124
-65.0124
-65.0124
-65.0124
-65.0124
-65.0124
-65.0124
-65.0124
-65.0124
-65.0124
-65.0123
-65.0123
-65.0123
-65.0123
-65.0123
-65.0123
-65.0123
-65.0123
-65.0123
-65.0123
-65.0123
-65.0123
-65.0123
-65.0123
-65.0123
-65.0123
-65.0123
-65.0123
-65.0123
-65.0123
-65.0123
-65.0123
-65.0123
-65.0123
-65.0123
-65.0123
-65.0123
-65.0123
-65.0123
-65.0123
-65.0123
-65.0123
-65.0123
-65.0123
-65.0123
-65.0123
-65.0123
-65.0123
-65.0123
-65.0123
-65.0123
-65.0123
-65.0123
-65.0123
-65.0123
-65.0123
-65.0123
-65.0123
-65.0123
-65.0123
-65.0123
-65.0123
-65.0123
-65.0123
-65.0123
-65.0123
-65.0123
-65.0123
-65.0123
-65.0123
-65.0123
-65.0123
-65.0123
-65.0123
-65.0123
-65.0123
-65.0123
-65.0123
-65.0123
-65.0123
-65.0123
-65.0123
-65.0123
-65.0123
-64.7657
-64.5631
-64.4124
-64.305
-64.2215
-64.1548
-64.1013
-64.0585
-64.0247
-63.9986
-63.9789
-63.9648
-63.9553
-63.9499
-63.9479
-63.9489
-63.9525
-63.9582
-63.9658
-63.975
-63.9855
-63.9972
-64.0098
-64.0233
-64.0374
-64.052
-64.0671
-64.0826
-64.0983
-64.1142
-64.1302
-64.1463
-64.1624
-64.1784
-64.1686
-64.1219
-64.0952
-64.0788
-64.0709
-64.0676
-64.0678
-64.0707
-64.0759
-64.0829
-64.0915
-64.1013
-64.1121
-64.1237
-64.1361
-64.1154
-64.0144
-63.9344
-63.8747
-63.7038
-63.5843
-63.4124
-62.8087
-62.3486
-61.7721
-61.1234
-60.5342
-59.5732
-58.7525
-57.9091
-57.1868
-56.4236
-55.8743
-55.4539
-54.8923
-54.2901
-53.7492
-53.1954
-52.7339
-52.3277
-52.0107
-51.7685
-51.5491
-51.3814
-51.2554
-51.1437
-50.9667
-50.7664
-50.5936
-50.4513
-50.355
-50.2526
-50.1847
-50.1262
-50.0754
-50.0519
-50.0496
-50.0666
-50.0986
-50.1171
-50.1566
-50.2128
-50.2858
-50.3708
-50.4355
-50.5207
-50.6208
-50.7356
-50.8621
-50.9712
-51.0767
-51.201
-51.3057
-51.3713
-51.463
-51.5291
-51.5536
-51.5776
-51.6296
-51.7106
-51.8032
-51.833
-51.9007
-51.9915
-52.1033
-52.2291
-52.2965
-52.3669
-52.4426
-52.4635
-52.5277
-52.5541
-52.5392
-52.5356
-52.4679
-52.333
-52.2321
-52.0863
-51.9917
-51.8525
-51.6228
-51.2618
-50.7853
-50.3348
-49.9118
-49.475
-48.9319
-48.3183
-47.5596
-46.8185
-45.9876
-45.014
-43.7211
-41.5851
-35.619
36.5041
10.0465
-27.2696
-51.5191
-58.7946
-60.6661
-61.0531
-61.0516
-60.9159
-60.7492
-60.5858
-60.4409
-60.3191
-60.2206
-60.1438
-60.0865
-60.0461
-60.0206
-60.008
-60.0065
-60.0147
-60.0313
-60.0551
-60.0851
-60.1205
-60.1606
-60.2047
-60.2522
-60.3026
-60.3555
-60.4104
-60.467
-60.525
-60.584
-60.6439
-60.7044
-60.7653
-60.8264
-60.8877
-60.9488
-61.0099
-61.0706
-61.1309
-61.1908
-61.2502
-61.3089
-61.367
-61.4243
-61.481
-61.5368
-61.5918
-61.646
-61.6993
-61.7517
-61.8033
-61.8539
-61.9037
-61.9526
-62.0005
-62.0475
-62.0936
-62.1389
-62.1832
-62.2267
-62.2692
-62.3109
-62.3518
-62.3918
-62.431
-62.4694
-62.5069
-62.5437
-62.5797
-62.6149
-62.6285
-62.5383
-62.2734
-62.0985
-61.975
-61.8924
-61.8156
-61.6331
-61.492
-61.3914
-61.3234
-61.2768
-61.2245
-60.9217
-60.6696
-60.4921
-60.129
-59.1358
-57.8712
-56.862
-55.9549
-55.2533
-54.7142
-54.1782
-53.7536
-53.234
-52.7641
-52.4151
-52.1393
-51.8873
-51.6695
-51.463
-51.3171
-51.2143
-51.1483
-51.1115
-51.0888
-51.0011
-50.9262
-50.8917
-50.8905
-50.8593
-50.8005
-50.7597
-50.7571
-50.783
-50.7937
-50.7762
-50.7742
-50.8045
-50.8598
-50.9351
-51.0014
-51.0569
-51.0804
-51.0746
-51.0723
-51.1073
-51.171
-51.2194
-51.2478
-51.2911
-51.2968
-51.3384
-51.4071
-51.4924
-51.5573
-51.6488
-51.7583
-51.8839
-52.0218
-52.17
-52.3274
-52.4927
-52.6651
-52.8433
-53.0263
-53.2019
-53.3275
-53.4577
-53.5794
-53.6911
-53.7926
-53.8299
-53.7551
-53.6028
-53.4934
-53.436
-53.3554
-53.2307
-53.144
-53.1027
-52.9385
-52.8456
-52.8047
-52.6937
-52.5063
-52.2558
-51.8989
-51.4771
-51.1107
-50.7705
-50.3356
-49.8937
-49.3637
-48.8234
-48.3073
-47.8305
-47.3535
-46.8689
-46.3365
-45.6968
-44.8489
-43.6057
-41.226
-33.3922
41.7109
1.67467
-33.7626
-55.5716
-61.5041
-63.1021
-63.5233
-63.578
-63.4681
-63.3126
-63.1608
-63.0243
-62.9056
-62.804
-62.7182
-62.6465
-62.5874
-62.5393
-62.5008
-62.4707
-62.4479
-62.4316
-62.421
-62.4153
-62.414
-62.4165
-62.4223
-62.4311
-62.4424
-62.4558
-62.4713
-62.4883
-62.5069
-62.5267
-62.5475
-62.5693
-62.5917
-62.6149
-62.6385
-62.6625
-62.6869
-62.7114
-62.7362
-62.761
-62.7858
-62.8106
-62.8353
-62.86
-62.8844
-62.9087
-62.9328
-62.9567
-62.9803
-63.0036
-63.0266
-63.0494
-63.0718
-63.0939
-63.1157
-63.1372
-63.1583
-63.1791
-63.1995
-63.2196
-63.2394
-63.2588
-63.2779
-63.2967
-63.3151
-63.3332
-63.351
-63.3685
-63.3856
-63.4024
-63.419
-63.4352
-63.4511
-63.4667
-63.4821
-63.4971
-63.5119
-63.5264
-63.5407
-63.5546
-63.5684
-63.5819
-63.5951
-63.6081
-63.5996
-63.4129
-62.8344
-62.4405
-61.9779
-61.6065
-61.3271
-61.0917
-60.8198
-60.5734
-60.3482
-59.9991
-59.6975
-59.4791
-59.2436
-57.9876
-56.751
-55.8492
-55.209
-54.7131
-54.2003
-53.8132
-53.466
-53.2075
-52.9911
-52.7441
-52.4903
-52.3116
-52.1894
-52.113
-52.0407
-51.9678
-51.6908
-51.4667
-51.2231
-50.9858
-50.8165
-50.7007
-50.6268
-50.5794
-50.5302
-50.5123
-50.5186
-50.5473
-50.5645
-50.526
-50.5143
-50.4998
-50.492
-50.5168
-50.5657
-50.6349
-50.7065
-50.7361
-50.7987
-50.8823
-50.9562
-51.0481
-51.1576
-51.283
-51.3911
-51.4748
-51.5708
-51.6892
-51.8244
-51.9722
-52.1299
-52.2961
-52.4696
-52.6496
-52.835
-53.0246
-53.2175
-53.4131
-53.581
-53.7506
-53.9279
-54.0958
-54.2444
-54.4061
-54.5594
-54.6373
-54.7483
-54.855
-54.9668
-55.0937
-55.2308
-55.3753
-55.5248
-55.6184
-55.6896
-55.7866
-55.8607
-55.8302
-55.8319
-55.8483
-55.8297
-55.7946
-55.581
-55.2905
-55.0406
-54.7865
-54.5002
-54.1218
-53.6258
-53.1806
-52.6936
-51.9732
-51.3021
-50.7416
-50.3143
-49.8873
-49.5191
-49.2099
-48.9224

