-70
-70.0758
-70.1508
-70.225
-70.2983
-70.3706
-70.4419
-70.5122
-70.5814
-70.6496
-70.7168
-70.7829
-70.848
-70.9121
-70.9752
-71.0373
-71.0984
-71.1586
-71.2178
-71.2761
-71.3334
-71.3899
-71.4455
-71.5003
-71.5543
-71.6074
-71.6598
-71.7114
-71.7623
-71.8124
-71.8619
-71.9106
-71.9587
-72.006
-72.0527
-72.0988
-72.1442
-72.1889
-72.2331
-72.2766
-72.3196
-72.362
-72.4038
-72.445
-72.4857
-72.5258
-72.5654
-72.6045
-72.6431
-72.6812
-72.7188
-72.756
-72.7927
-72.8289
-72.8647
-72.9
-72.9349
-72.9694
-73.0035
-73.0371
-73.0704
-73.1032
-73.1357
-73.1678
-73.1994
-73.2307
-73.2617
-73.2922
-73.3224
-73.3523
-73.3817
-73.4109
-73.4397
-73.4682
-73.4963
-73.5241
-73.5516
-73.5788
-73.6057
-73.6323
-73.6585
-73.6845
-73.7102
-73.7356
-73.7608
-73.7857
-73.8103
-73.8346
-73.8587
-73.8825
-73.9061
-73.9294
-73.9524
-73.9753
-73.9979
-74.0202
-74.0423
-74.0642
-74.0859
-74.1073
-74.1285
-74.1495
-74.1703
-74.1909
-74.2112
-74.2313
-74.2513
-74.271
-74.2905
-74.3098
-74.329
-74.3479
-74.3666
-74.3852
-74.4036
-74.4217
-74.4397
-74.4575
-74.4752
-74.4926
-74.5099
-74.527
-74.544
-74.5607
-74.5774
-74.5938
-74.6101
-74.6262
-74.6422
-74.658
-74.6736
-74.6891
-74.7045
-74.7197
-74.7347
-74.7496
-74.7644
-74.779
-74.7935
-74.8079
-74.8221
-74.8362
-74.8501
-74.864
-74.8777
-74.8913
-74.9047
-74.918
-74.9313
-74.9443
-74.9573
-74.9701
-74.9829
-74.9955
-75.008
-75.0204
-75.0327
-75.0448
-75.0569
-75.0688
-75.0806
-75.0924
-75.104
-75.1155
-75.1269
-75.1382
-75.1495
-75.1606
-75.1716
-75.1825
-75.1933
-75.204
-75.2147
-75.2252
-75.2356
-75.246
-75.2562
-75.2664
-75.2764
-75.2864
-75.2963
-75.3061
-75.3158
-75.3255
-75.335
-75.3445
-75.3538
-75.3631
-75.3724
-75.3815
-75.3906
-75.3995
-75.4084
-75.4172
-75.426
-75.4346
-75.4432
-75.4518
-75.4602
-75.4686
-75.4769
-75.4851
-75.4932
-75.5013
-75.5093
-75.5173
-75.5251
-75.533
-75.5407
-75.5484
-75.556
-75.5635
-75.571
-75.5784
-75.5858
-75.593
-75.6003
-75.6074
-75.6145
-75.6216
-75.6285
-75.6355
-75.6423
-75.6491
-75.6559
-75.6626
-75.6692
-75.6758
-75.6823
-75.6888
-75.6952
-75.7015
-75.7078
-75.7141
-75.7203
-75.7264
-75.7325
-75.7386
-75.7446
-75.7505
-75.7564
-75.7622
-75.768
-75.7738
-75.7795
-75.7851
-75.7907
-75.7963
-75.8018
-75.8072
-75.8127
-75.818
-75.8234
-75.8287
-75.8339
-75.8391
-75.8443
-75.8494
-75.8545
-75.8595
-75.8645
-75.8695
-75.8744
-75.8793
-75.8841
-75.8889
-75.8937
-75.8984
-75.9031
-75.9077
-75.9123
-75.9169
-75.9214
-75.9259
-75.9304
-75.9348
-75.9392
-75.9436
-75.9479
-75.9522
-75.9565
-75.9607
-75.9649
-75.969
-75.9731
-75.9772
-75.9813
-75.9853
-75.9893
-75.9933
-75.9972
-76.0011
-76.005
-76.0088
-76.0126
-76.0164
-76.0201
-76.0239
-76.0275
-76.0312
-76.0348
-76.0384
-76.042
-76.0456
-76.0491
-76.0526
-76.056
-76.0595
-76.0629
-76.0663
-76.0696
-76.0729
-76.0762
-76.0795
-76.0828
-76.086
-76.0892
-76.0924
-76.0955
-76.0986
-76.1017
-76.1048
-76.1079
-76.1109
-76.1139
-76.1169
-76.1198
-76.1228
-76.1257
-76.1286
-76.1314
-76.1343
-76.1371
-76.1399
-76.1427
-76.1455
-76.1482
-76.1509
-76.1536
-76.1563
-76.1589
-76.1615
-76.1642
-76.1667
-76.1693
-76.1719
-76.1744
-76.1769
-76.1794
-76.1819
-76.1843
-76.1868
-76.1892
-76.1916
-76.1939
-76.1963
-76.1986
-76.201
-76.2033
-76.2056
-76.2078
-76.2101
-76.2123
-76.2145
-76.2167
-76.2189
-76.2211
-76.2232
-76.2254
-76.2275
-76.2296
-76.2317
-76.2337
-76.2358
-76.2378
-76.2398
-76.2418
-76.2438
-76.2458
-76.2478
-76.2497
-76.2516
-76.2536
-76.2554
-76.2573
-76.2592
-76.2611
-76.2629
-76.2647
-76.2665
-76.2683
-76.2701
-76.2719
-76.2737
-76.2754
-76.2771
-76.2788
-76.2806
-76.2822
-76.2839
-76.2856
-76.2872
-76.2889
-76.2905
-76.2921
-76.2937
-76.2953
-76.2969
-76.2985
-76.3
-76.3016
-76.3031
-76.3046
-76.3061
-76.3076
-76.3091
-76.3106
-76.312
-76.3135
-76.3149
-76.3164
-76.3178
-76.3192
-76.3206
-76.322
-76.3233
-76.3247
-76.3261
-76.3274
-76.3287
-76.33
-76.3314
-76.3327
-76.334
-76.3352
-76.3365
-76.3378
-76.339
-76.3403
-76.3415
-76.3427
-76.3439
-76.3452
-76.3464
-76.3475
-76.3487
-76.3499
-76.351
-76.3522
-76.3533
-76.3545
-76.3556
-76.3567
-76.3578
-76.3589
-76.36
-76.3611
-76.3622
-76.3632
-76.3643
-76.3654
-76.3664
-76.3674
-76.3685
-76.3695
-76.3705
-76.3715
-76.3725
-76.3735
-76.3745
-76.3754
-76.3764
-76.3774
-76.3783
-76.3793
-76.3802
-76.3811
-76.382
-76.383
-76.3839
-76.3848
-76.3857
-76.3866
-76.3874
-76.3883
-76.3892
-76.39
-76.3909
-76.3917
-76.3926
-76.3934
-76.3943
-76.3951
-76.3959
-76.3967
-76.3975
-76.3983
-76.3991
-76.3999
-76.4007
-76.4014
-76.4022
-76.403
-76.4037
-76.4045
-76.4052
-76.406
-75.2607
-70.9439
-67.3697
-64.6701
-62.5566
-60.7809
-59.0723
-56.9387
-51.9103
39.4016
-12.6824
-45.0732
-78.6373
-78.9118
-78.783
-78.6368
-78.4771
-78.304
-78.1179
-77.9195
-77.6101
-75.321
-73.6179
-72.559
-71.7767
-71.1299
-70.5619
-70.0487
-69.5796
-69.1497
-68.7569
-68.4
-68.0781
-67.7905
-67.6477
-68.9423
-70.0657
-70.8223
-69.3275
-67.0174
-65.4688
-64.4365
-63.7244
-63.659
-64.4886
-65.1549
-66.1959
-67.4098
-68.2396
-68.806
-69.2066
-69.4998
-69.7214
-69.8944
-70.0334
-70.1484
-70.2463
-70.3316
-70.4079
-70.4774
-70.542
-70.603
-70.6612
-70.7174
-70.7721
-70.8257
-70.8785
-70.9307
-70.9824
-71.0337
-71.0848
-71.1356
-71.1863
-71.2367
-71.2869
-68.2297
-64.9877
-62.5235
-60.548
-58.7431
-56.616
-52.0837
42.1332
-11.8924
-43.7362
-78.9578
-79.3131
-78.4987
-78.2023
-77.9897
-77.7677
-77.5312
-77.2809
-77.0186
-76.7463
-75.9997
-73.3997
-71.4705
-70.1674
-69.6843
-69.4281
-69.175
-68.9304
-69.3845
-70.4402
-71.5581
-72.7052
-73.2979
-73.5855
-73.733
-73.8121
-73.8559
-73.881
-74.0502
-74.2021
-74.3004
-74.3714
-74.5437
-74.7167
-74.9178
-75.0506
-75.1356
-75.1925
-75.2323
-75.2612
-75.2831
-75.3002
-75.3142
-75.3259
-75.3361
-75.3452
-75.3536
-75.3614
-75.3689
-75.3761
-75.3832
-75.3902
-75.3971
-75.404
-75.4109
-75.4178
-75.4247
-75.4317
-75.4388
-75.4458
-75.4529
-75.4601
-75.4673
-75.4745
-75.4817
-75.4889
-75.4962
-75.5035
-75.5108
-75.518
-75.5253
-75.5326
-75.5398
-75.5471
-75.5543
-75.5615
-75.5687
-75.5758
-75.5829
-75.59
-75.597
-75.604
-75.611
-75.6179
-75.6248
-75.6316
-75.6384
-75.6451
-75.6518
-75.6584
-75.665
-72.4389
-68.473
-65.4551
-63.1338
-61.2429
-59.5164
-57.5552
-53.9673
44.5291
-2.59638
-34.4871
-77.9216
-79.728
-79.7186
-79.2224
-77.9513
-77.4693
-77.1669
-76.8735
-76.5706
-76.2571
-75.935
-75.6073
-74.5975
-71.9128
-69.8963
-68.4796
-67.4112
-66.5639
-65.8683
-65.2841
-64.7868
-63.7328
-61.5711
-59.6688
-57.8242
-55.2796
-45.219
17.779
-24.0097
-68.038
-79.3697
-78.8654
-78.2066
-77.9418
-77.7176
-77.4835
-77.2372
-76.9801
-76.7034
-76.3972
-76.1199
-75.8597
-75.6279
-75.4243
-75.235
-75.08
-75
-74.9216
-74.8416
-74.7645
-74.6923
-74.6261
-74.5662
-74.5128
-74.4656
-74.4244
-74.3888
-74.3584
-74.3329
-74.3119
-74.2949
-74.2816
-74.2718
-74.2649
-74.2609
-74.2593
-74.2599
-74.2625
-72.8303
-68.8878
-65.8407
-64.5333
-63.8148
-63.3154
-62.9611
-62.7069
-62.5246
-62.3972
-62.3132
-62.2649
-62.2465
-62.254
-60.983
-58.94
-56.7578
-52.7284
45.1679
-8.62233
-39.7181
-78.4429
-79.4195
-79.3663
-78.4738
-77.6046
-77.2337
-76.9396
-76.645
-76.3418
-76.0306
-75.7141
-75.3955
-75.078
-74.7648
-74.4919
-71.903
-69.5202
-67.9913
-68.2716
-69.2426
-69.7709
-70.0372
-70.1756
-70.249
-70.2885
-70.3104
-70.3237
-70.3334
-70.3423
-70.3521
-70.3639
-70.3782
-70.3952
-70.7862
-71.2595
-71.6203
-71.8965
-72.1125
-72.2849
-72.425
-72.5411
-72.6389
-72.7225
-72.8974
-73.2422
-73.5233
-73.7411
-73.913
-74.0509
-74.1632
-74.2561
-74.3338
-74.3996
-74.4561
-74.5051
-74.548
-74.586
-74.62
-74.6506
-74.6786
-74.7042
-74.7279
-74.75
-74.7707
-74.7902
-74.8088
-74.8265
-74.8435
-74.8599
-74.8757
-74.891
-74.9059
-74.9204
-74.9346
-74.9485
-74.9622
-74.9756
-74.9887
-75.0017
-75.0145
-75.0271
-75.0395
-75.0518
-75.064
-75.076
-75.0879
-75.0996
-75.1112
-75.1227
-75.1341
-75.1454
-75.1566
-75.1676
-75.1786
-75.1895
-75.2002
-75.2109
-75.2215
-75.2319
-75.2423
-75.2526
-75.2628
-75.2729
-75.2829
-75.2928
-75.3026
-75.3124
-71.6973
-67.8615
-64.9584
-62.7115
-60.8526
-59.0983
-56.9589
-52.1209
40.5998
-11.9824
-44.01
-78.778
-78.8547
-78.6799
-78.5211
-78.3489
-78.1626
-77.9625
-77.7496
-77.525
-76.82
-74.3591
-72.6396
-71.5156
-70.6715
-69.9793
-69.3826
-68.8543
-68.3811
-67.8792
-65.5644
-63.362
-61.6698
-60.7557
-60.9961
-61.2795
-61.9756
-63.4212
-64.544
-65.3555
-65.9529
-66.4031
-66.7512
-67.0271
-66.9992
-65.145
-64.1097
-63.4938
-63.0915
-64.3015
-65.9909
-67.0661
-67.7442
-68.1919
-68.501
-68.724
-68.8918
-69.0234
-69.1308
-69.2218
-69.3017
-69.374
-69.441
-69.5045
-69.5657
-69.6254
-69.6843
-69.7427
-69.801
-69.8593
-69.9177
-69.9764
-70.5297
-71.1215
-71.5876
-71.9569
-72.2539
-72.496
-72.6959
-72.8628
-73.0038
-73.1242
-73.228
-73.3182
-73.3975
-73.4677
-73.5305
-73.5869
-73.6382
-73.685
-73.7282
-73.7682
-71.5888
-67.7884
-64.8597
-62.6269
-60.8124
-59.1481
-57.2374
-53.7105
42.5224
-3.38751
-35.3175
-77.4679
-79.0336
-78.9387
-78.8107
-78.67
-78.5172
-78.3525

