-70
-69.8623
-69.7285
-69.5983
-69.4718
-69.3487
-69.2291
-69.1128
-68.9997
-68.8897
-68.7828
-68.6789
-68.5778
-68.4795
-68.3839
-68.291
-68.2007
-68.1128
-68.0274
-67.9443
-67.8636
-67.7851
-67.7087
-67.6345
-67.5623
-67.4921
-67.4238
-67.3574
-67.2929
-67.2301
-67.1691
-67.1098
-67.0521
-66.996
-66.9414
-66.8884
-66.8368
-66.7866
-66.7378
-66.6904
-66.6443
-66.5994
-66.5558
-66.5133
-66.4721
-66.432
-66.393
-66.355
-66.3181
-66.2823
-66.2474
-66.2134
-66.1805
-66.1484
-66.1172
-66.0868
-66.0573
-66.0286
-66.0007
-65.9736
-65.9472
-65.9215
-65.8966
-65.8723
-65.8487
-65.8257
-65.8034
-65.7817
-65.7606
-65.74
-65.72
-65.7006
-65.6817
-65.6633
-65.6455
-65.6281
-65.6112
-65.5948
-65.5788
-65.5632
-65.5481
-65.5334
-65.5191
-65.5052
-65.4917
-65.4785
-65.4657
-65.4533
-65.4412
-65.4294
-65.418
-65.4068
-65.396
-65.3855
-65.3752
-65.3653
-65.3556
-65.3462
-65.337
-65.3281
-65.3194
-65.311
-65.3028
-65.2948
-65.2871
-65.2795
-65.2722
-65.2651
-65.2581
-65.2514
-65.2448
-65.2385
-65.2322
-65.2262
-65.2203
-65.2146
-65.2091
-65.2037
-65.1984
-65.1933
-65.1884
-65.1835
-65.1788
-65.1743
-65.1698
-65.1655
-65.1613
-65.1572
-65.1532
-65.1493
-65.1456
-65.1419
-65.1384
-65.1349
-65.1315
-65.1283
-65.1251
-65.122
-65.119
-65.1161
-65.1132
-65.1104
-65.1077
-65.1051
-65.1026
-65.1001
-65.0977
-65.0953
-65.0931
-65.0908
-65.0887
-65.0866
-65.0845
-65.0826
-65.0806
-65.0788
-65.0769
-65.0752
-65.0734
-65.0718
-65.0701
-65.0685
-65.067
-65.0655
-65.064
-65.0626
-65.0612
-65.0599
-65.0586
-65.0573
-65.0561
-65.0549
-65.0537
-65.0526
-65.0514
-65.0504
-65.0493
-65.0483
-65.0473
-65.0464
-65.0454
-65.0445
-65.0436
-65.0428
-65.0419
-65.0411
-65.0403
-65.0395
-65.0388
-65.0381
-65.0374
-65.0367
-65.036
-65.0353
-65.0347
-65.0341
-65.0335
-65.0329
-65.0323
-65.0318
-65.0313
-65.0307
-65.0302
-65.0297
-65.0293
-65.0288
-65.0283
-65.0279
-65.0275
-65.027
-65.0266
-65.0262
-65.0259
-65.0255
-65.0251
-65.0248
-65.0244
-65.0241
-65.0238
-65.0234
-65.0231
-65.0228
-65.0225
-65.0223
-65.022
-65.0217
-65.0215
-65.0212
-65.021
-65.0207
-65.0205
-65.0203
-65.02
-65.0198
-65.0196
-65.0194
-65.0192
-65.019
-65.0188
-65.0187
-65.0185
-65.0183
-65.0181
-65.018
-65.0178
-65.0177
-65.0175
-65.0174
-65.0172
-65.0171
-65.017
-65.0168
-65.0167
-65.0166
-65.0165
-65.0163
-65.0162
-65.0161
-65.016
-65.0159
-65.0158
-65.0157
-65.0156
-65.0155
-65.0154
-65.0153
-65.0153
-65.0152
-65.0151
-65.015
-65.0149
-65.0149
-65.0148
-65.0147
-65.0147
-65.0146
-65.0145
-65.0145
-65.0144
-65.0143
-65.0143
-65.0142
-65.0142
-65.0141
-65.0141
-65.014
-65.014
-65.0139
-65.0139
-65.0138
-65.0138
-65.0137
-65.0137
-65.0137
-65.0136
-65.0136
-65.0135
-65.0135
-65.0135
-65.0134
-65.0134
-65.0134
-65.0133
-65.0133
-65.0133
-65.0133
-65.0132
-65.0132
-65.0132
-65.0131
-65.0131
-65.0131
-65.0131
-65.0131
-65.013
-65.013
-65.013
-65.013
-65.0129
-65.0129
-65.0129
-65.0129
-65.0129
-65.0129
-65.0128
-65.0128
-65.0128
-65.0128
-65.0128
-65.0128
-65.0127
-65.0127
-65.0127
-65.0127
-65.0127
-65.0127
-65.0127
-65.0127
-65.0126
-65.0126
-65.0126
-65.0126
-65.0126
-65.0126
-65.0126
-65.0126
-65.0126
-65.0126
-65.0125
-65.0125
-65.0125
-65.0125
-65.0125
-65.0125
-65.0125
-65.0125
-65.0125
-65.0125
-65.0125
-65.0125
-65.0125
-65.0124
-65.0124
-65.0124
-65.0124
-65.0124
-65.0124
-65.0124
-65.0124
-65.0124
-65.0124
-65.0124
-65.0124
-65.0124
-65.0124
-65.0124
-65.0124
-65.0124
-65.0124
-65.0124
-65.0124
-65.0124
-65.0124
-65.0124
-65.0123
-65.0123
-65.0123
-65.0123
-65.0123
-65.0123
-65.0123
-65.0123
-65.0123
-65.0123
-65.0123
-65.0123
-65.0123
-65.0123
-65.0123
-65.0123
-65.0123
-65.0123
-65.0123
-65.0123
-65.0123
-65.0123
-65.0123
-65.0123
-65.0123
-65.0123
-65.0123
-65.0123
-65.0123
-65.0123
-65.0123
-65.0123
-65.0123
-65.0123
-65.0123
-65.0123
-65.0123
-65.0123
-65.0123
-65.0123
-65.0123
-65.0123
-65.0123
-65.0123
-65.0123
-65.0123
-65.0123
-65.0123
-65.0123
-65.0123
-65.0123
-65.0123
-65.0123
-65.0123
-65.0123
-65.0123
-65.0123
-65.0123
-65.0123
-65.0123
-65.0123
-65.0123
-65.0123
-65.0123
-65.0123
-65.0123
-65.0123
-65.0123
-65.0123
-65.0123
-65.0123
-65.0123
-65.0123
-65.0123
-64.9505
-64.8995
-64.8615
-64.8344
-64.8133
-64.7964
-64.7828
-64.772
-64.7634
-64.7568
-64.7518
-64.7482
-64.7458
-64.7444
-64.7439
-64.7441
-64.745
-64.7465
-64.7484
-64.7508
-64.7534
-64.7564
-64.7596
-64.763
-64.7666
-64.7703
-64.7742
-64.7781
-64.7821
-64.7861
-64.7902
-64.7942
-64.7983
-64.8024
-64.7803
-64.7211
-64.6822
-64.6538
-64.634
-64.6191
-64.6078
-64.5995
-64.5936
-64.5897
-64.5876
-64.5868
-64.5873
-64.5889
-64.5913
-64.5945
-64.5983
-64.6026
-64.6074
-64.5451
-64.5018
-64.4342
-64.2161
-64.066
-63.8872
-63.696
-63.5572
-63.3203
-63.0847
-62.767
-62.5432
-62.3744
-62.2493
-62.1531
-61.8495
-61.4708
-61.1296
-60.7776
-60.5247
-60.3372
-60.2
-60.0986
-60.0259
-59.9769
-59.9479
-59.9334
-59.8904
-59.8733
-59.8739
-59.8907
-59.9163
-59.9088
-59.907
-59.8943
-59.9061
-59.9325
-59.9471
-59.9498
-59.9479
-59.9386
-59.9537
-59.9837
-60.0256
-60.0756
-60.1318
-60.1931
-60.2586
-60.3273
-60.3987
-60.4722
-60.5473
-60.6236
-60.7007
-60.7784
-60.8563
-60.9342
-61.0118
-61.0892
-61.1333
-61.1631
-61.2056
-61.2558
-61.3113
-61.3197
-61.3382
-61.3317
-61.3295
-61.3445
-61.3714
-61.4064
-61.4469
-61.4915
-61.5394
-61.5807
-61.5564
-61.5247
-61.4832
-61.3972
-61.3365
-61.2277
-61.1389
-61.0829
-60.9566
-60.8265
-60.6647
-60.5654
-60.4558
-60.2249
-59.9296
-59.7168
-59.5392
-59.4243
-59.348
-59.3025
-59.2375
-59.1299
-59.0516
-59.0114
-58.9719
-58.953
-58.9566
-58.9792
-59.0158
-59.0636
-59.1206
-59.1851
-59.2559
-59.3319
-59.4121
-59.4959
-59.5824
-59.6712
-59.7616
-59.8533
-59.9458
-60.0388
-60.1321
-60.2253
-60.3183
-60.4108
-60.5027
-60.5939
-60.6842
-60.7735
-60.8618
-60.9489
-61.0347
-61.1192
-61.2024
-61.2842
-61.3646
-61.4436
-61.5211
-61.5972
-61.6718
-61.7449
-61.8165
-61.8867
-61.9554
-62.0226
-62.0884
-62.1527
-62.2156
-62.277
-62.3371
-62.3958
-62.4532
-62.5092
-62.564
-62.6174
-62.6696
-62.7205
-62.7702
-62.8188
-62.8661
-62.9123
-62.9574
-63.0014
-63.0444
-63.0862
-63.1271
-63.1669
-63.2057
-63.2436
-63.2805
-63.3166
-63.3517
-63.3859
-63.4193
-63.4519
-63.4741
-63.4455
-63.4358
-63.4351
-63.4421
-63.4531
-63.409
-63.3831
-63.3691
-63.3654
-63.3388
-63.2421
-63.12
-63.0357
-62.9795
-62.8978
-62.7693
-62.2561
-61.8109
-61.3806
-61.055
-60.8116
-60.5752
-60.4017
-60.2373
-60.0961
-59.9972
-59.9301
-59.8886
-59.8375
-59.7574
-59.7146
-59.6961
-59.6989
-59.7162
-59.7398
-59.7421
-59.7638
-59.798
-59.8435
-59.8968
-59.9561
-59.9897
-60.0271
-60.0754
-60.133
-60.1966
-60.2316
-60.2245
-60.2365
-60.2662
-60.3098
-60.3616
-60.4193
-60.4816
-60.5475
-60.6163
-60.6871
-60.7597
-60.8334
-60.908
-60.983
-61.0583
-61.1336
-61.2086
-61.2833
-61.3575
-61.431
-61.5037
-61.5756
-61.6466
-61.7165
-61.743
-61.77
-61.8066
-61.8506
-61.8984
-61.9484
-61.9998
-62.0224
-62.0336
-62.0248
-62.0098
-61.9036
-61.7915
-61.6515
-61.4712
-61.3569
-61.2809
-61.235
-61.2087
-61.1977
-61.1861
-61.1512
-61.0897
-61.0521
-60.9504
-60.8742
-60.7618
-60.657
-60.5516
-60.3441
-60.1315
-59.958
-59.8176
-59.7282
-59.6633
-59.5993
-59.5394
-59.4969
-59.4818
-59.4871
-59.5081
-59.5128
-59.4315
-59.3988
-59.3548
-59.3045
-59.2825
-59.2863
-59.3098
-59.3469
-59.3948
-59.4513
-59.5149
-59.5843
-59.6585
-59.7366
-59.8178
-59.9015
-59.9871
-60.0741
-60.1622
-60.2509
-60.3399
-60.4291
-60.5181
-60.6068
-60.695
-60.7825
-60.8691
-60.9549
-61.0396
-61.1232
-61.2057
-61.2869
-61.3667
-61.4453
-61.5226
-61.5984
-61.6729
-61.746
-61.8177
-61.8879
-61.9567
-62.0241
-62.0901
-62.1547
-62.2179
-62.2797
-62.3401
-62.3991
-62.4569
-62.5133
-62.5684
-62.6222
-62.6747
-62.7261
-62.7762
-62.8251
-62.8728
-62.9194
-62.9649
-63.0093
-63.0526
-63.0948
-63.136
-63.1762
-63.2154
-63.2536
-63.2909
-63.3272
-63.3626
-63.3972
-63.4309
-63.4638
-63.4958
-63.527
-63.5575
-63.5872
-63.6161
-63.6443
-63.6719
-63.6987
-63.7248
-63.7503
-63.7752
-63.7994
-63.8231
-63.8461
-63.84
-63.811
-63.7973
-63.7757
-63.6895
-63.6025
-63.5441
-63.4601
-63.3915
-63.343
-63.3103
-63.1983
-63.098
-63.0278
-62.9213
-62.847
-62.7941
-62.7047
-62.1771
-61.6559
-61.261
-60.9826
-60.7779
-60.5684
-60.4123
-60.2629
-60.1523
-60.0747
-60.0248
-59.9963
-59.9721
-59.9416
-59.934
-59.9359
-59.9126
-59.8717
-59.8542
-59.8248
-59.8237
-59.8397
-59.8702
-59.9108
-59.9595
-60.0083
-60.0251
-60.0603
-60.1062
-60.1067
-60.0933
-60.0619
-60.0617
-60.0812
-60.1156
-60.1599
-60.2117
-60.2694
-60.332
-60.3984
-60.4679
-60.5398
-60.6137
-60.6889
-60.7651
-60.842
-60.9193
-60.9966
-61.0738
-61.1508
-61.2273
-61.3032
-61.3783
-61.4527
-61.5262
-61.5987
-61.6702
-61.7406
-61.8098
-61.878
-61.9449
-62.0106
-62.0751
-62.1383
-62.2003
-62.2611
-62.2715
-62.2891
-62.3158
-62.3501
-62.3607
-62.3521
-62.3601
-62.3775
-62.4022
-62.4223
-62.358
-62.2665
-62.2102
-62.1803
-62.1684
-62.1678
-62.1295
-62.0487
-61.9593
-61.8448
-61.7247
-61.5262
-61.2302
-60.9658
-60.7846
-60.6066
-60.3732
-60.1619
-60.0081
-59.9043
-59.7989
-59.7257
-59.6813
-59.6612

