-70
-69.8623
-69.7285
-69.5983
-69.4718
-69.3487
-69.2291
-69.1128
-68.9997
-68.8897
-68.7828
-68.6789
-68.5778
-68.4795
-68.3839
-68.291
-68.2007
-68.1128
-68.0274
-67.9443
-67.8636
-67.7851
-67.7087
-67.6345
-67.5623
-67.4921
-67.4238
-67.3574
-67.2929
-67.2301
-67.1691
-67.1098
-67.0521
-66.996
-66.9414
-66.8884
-66.8368
-66.7866
-66.7378
-66.6904
-66.6443
-66.5994
-66.5558
-66.5133
-66.4721
-66.432
-66.393
-66.355
-66.3181
-66.2823
-66.2474
-66.2134
-66.1805
-66.1484
-66.1172
-66.0868
-66.0573
-66.0286
-66.0007
-65.9736
-65.9472
-65.9215
-65.8966
-65.8723
-65.8487
-65.8257
-65.8034
-65.7817
-65.7606
-65.74
-65.72
-65.7006
-65.6817
-65.6633
-65.6455
-65.6281
-65.6112
-65.5948
-65.5788
-65.5632
-65.5481
-65.5334
-65.5191
-65.5052
-65.4917
-65.4785
-65.4657
-65.4533
-65.4412
-65.4294
-65.418
-65.4068
-65.396
-65.3855
-65.3752
-65.3653
-65.3556
-65.3462
-65.337
-65.3281
-65.3194
-65.311
-65.3028
-65.2948
-65.2871
-65.2795
-65.2722
-65.2651
-65.2581
-65.2514
-65.2448
-65.2385
-65.2322
-65.2262
-65.2203
-65.2146
-65.2091
-65.2037
-65.1984
-65.1933
-65.1884
-65.1835
-65.1788
-65.1743
-65.1698
-65.1655
-65.1613
-65.1572
-65.1532
-65.1493
-65.1456
-65.1419
-65.1384
-65.1349
-65.1315
-65.1283
-65.1251
-65.122
-65.119
-65.1161
-65.1132
-65.1104
-65.1077
-65.1051
-65.1026
-65.1001
-65.0977
-65.0953
-65.0931
-65.0908
-65.0887
-65.0866
-65.0845
-65.0826
-65.0806
-65.0788
-65.0769
-65.0752
-65.0734
-65.0718
-65.0701
-65.0685
-65.067
-65.0655
-65.064
-65.0626
-65.0612
-65.0599
-65.0586
-65.0573
-65.0561
-65.0549
-65.0537
-65.0526
-65.0514
-65.0504
-65.0493
-65.0483
-65.0473
-65.0464
-65.0454
-65.0445
-65.0436
-65.0428
-65.0419
-65.0411
-65.0403
-65.0395
-65.0388
-65.0381
-65.0374
-65.0367
-65.036
-65.0353
-65.0347
-65.0341
-65.0335
-65.0329
-65.0323
-65.0318
-65.0313
-65.0307
-65.0302
-65.0297
-65.0293
-65.0288
-65.0283
-65.0279
-65.0275
-65.027
-65.0266
-65.0262
-65.0259
-65.0255
-65.0251
-65.0248
-65.0244
-65.0241
-65.0238
-65.0234
-65.0231
-65.0228
-65.0225
-65.0223
-65.022
-65.0217
-65.0215
-65.0212
-65.021
-65.0207
-65.0205
-65.0203
-65.02
-65.0198
-65.0196
-65.0194
-65.0192
-65.019
-65.0188
-65.0187
-65.0185
-65.0183
-65.0181
-65.018
-65.0178
-65.0177
-65.0175
-65.0174
-65.0172
-65.0171
-65.017
-65.0168
-65.0167
-65.0166
-65.0165
-65.0163
-65.0162
-65.0161
-65.016
-65.0159
-65.0158
-65.0157
-65.0156
-65.0155
-65.0154
-65.0153
-65.0153
-65.0152
-65.0151
-65.015
-65.0149
-65.0149
-65.0148
-65.0147
-65.0147
-65.0146
-65.0145
-65.0145
-65.0144
-65.0143
-65.0143
-65.0142
-65.0142
-65.0141
-65.0141
-65.014
-65.014
-65.0139
-65.0139
-65.0138
-65.0138
-65.0137
-65.0137
-65.0137
-65.0136
-65.0136
-65.0135
-65.0135
-65.0135
-65.0134
-65.0134
-65.0134
-65.0133
-65.0133
-65.0133
-65.0133
-65.0132
-65.0132
-65.0132
-65.0131
-65.0131
-65.0131
-65.0131
-65.0131
-65.013
-65.013
-65.013
-65.013
-65.0129
-65.0129
-65.0129
-65.0129
-65.0129
-65.0129
-65.0128
-65.0128
-65.0128
-65.0128
-65.0128
-65.0128
-65.0127
-65.0127
-65.0127
-65.0127
-65.0127
-65.0127
-65.0127
-65.0127
-65.0126
-65.0126
-65.0126
-65.0126
-65.0126
-65.0126
-65.0126
-65.0126
-65.0126
-65.0126
-65.0125
-65.0125
-65.0125
-65.0125
-65.0125
-65.0125
-65.0125
-65.0125
-65.0125
-65.0125
-65.0125
-65.0125
-65.0125
-65.0124
-65.0124
-65.0124
-65.0124
-65.0124
-65.0124
-65.0124
-65.0124
-65.0124
-65.0124
-65.0124
-65.0124
-65.0124
-65.0124
-65.0124
-65.0124
-65.0124
-65.0124
-65.0124
-65.0124
-65.0124
-65.0124
-65.0124
-65.0123
-65.0123
-65.0123
-65.0123
-65.0123
-65.0123
-65.0123
-65.0123
-65.0123
-65.0123
-65.0123
-65.0123
-65.0123
-65.0123
-65.0123
-65.0123
-65.0123
-65.0123
-65.0123
-65.0123
-65.0123
-65.0123
-65.0123
-65.0123
-65.0123
-65.0123
-65.0123
-65.0123
-65.0123
-65.0123
-65.0123
-65.0123
-65.0123
-65.0123
-65.0123
-65.0123
-65.0123
-65.0123
-65.0123
-65.0123
-65.0123
-65.0123
-65.0123
-65.0123
-65.0123
-65.0123
-65.0123
-65.0123
-65.0123
-65.0123
-65.0123
-65.0123
-65.0123
-65.0123
-65.0123
-65.0123
-65.0123
-65.0123
-65.0123
-65.0123
-65.0123
-65.0123
-65.0123
-65.0123
-65.0123
-65.0123
-65.0123
-65.0123
-65.0123
-65.0123
-65.0123
-65.0123
-65.0123
-65.0123
-64.5204
-64.1184
-63.8206
-63.6087
-63.4445
-63.3133
-63.2081
-63.1242
-63.0579
-63.0067
-62.9681
-62.9403
-62.9217
-62.911
-62.9071
-62.909
-62.9159
-62.927
-62.9418
-62.9597
-62.9803
-63.0031
-63.0278
-63.0541
-63.0817
-63.1104
-63.1399
-63.1702
-63.2009
-63.2321
-63.2635
-63.295
-63.3266
-63.3582
-63.3642
-63.3337
-63.3228
-63.322
-63.3294
-63.3411
-63.3562
-63.3737
-63.3933
-63.4144
-63.4369
-63.4603
-63.4845
-63.5093
-63.5346
-63.5601
-63.5858
-63.6116
-63.5639
-63.2309
-63.0052
-62.7708
-61.848
-61.0959
-60.2907
-59.4337
-58.6424
-56.9321
-55.4789
-53.9886
-52.7831
-51.5833
-50.6817
-49.9432
-49.0639
-48.1783
-47.3468
-46.3474
-45.2974
-43.7389
-41.2471
-33.793
41.7281
6.04697
-28.2515
-51.5207
-58.0268
-59.3808
-59.4234
-59.1932
-58.8566
-58.3009
-57.8016
-57.3401
-56.9351
-56.597
-56.3154
-56.099
-55.9323
-55.8066
-55.7144
-55.6284
-55.5453
-55.4515
-55.3972
-55.334
-55.2882
-55.1614
-55.0675
-55.017
-54.9723
-54.9393
-54.9364
-54.9501
-54.9145
-54.8337
-54.7743
-54.7576
-54.7706
-54.7914
-54.7418
-54.6918
-54.6336
-54.5719
-54.556
-54.5695
-54.5854
-54.5979
-54.5872
-54.5142
-54.3912
-54.1794
-54.0069
-53.7591
-53.4049
-53.0536
-52.7431
-52.5139
-52.2211
-51.7672
-51.1409
-50.5521
-49.7446
-48.842
-47.9013
-46.9256
-45.7563
-44.1547
-41.7641
-36.189
29.8668
15.4335
-23.372
-49.8963
-58.4962
-60.337
-60.4478
-60.1092
-59.6246
-59.0974
-58.5034
-57.9242
-57.407
-56.9779
-56.5704
-56.2465
-55.9667
-55.7421
-55.5722
-55.4461
-55.3558
-55.295
-55.2594
-55.2455
-55.2504
-55.2715
-55.3069
-55.3547
-55.4133
-55.4813
-55.5577
-55.6412
-55.7311
-55.8264
-55.9263
-56.0303
-56.1375
-56.2476
-56.36
-56.4742
-56.59
-56.7068
-56.8244
-56.9424
-57.0607
-57.1789
-57.2969
-57.4145
-57.5315
-57.6478
-57.7632
-57.8777
-57.9909
-58.103
-58.2137
-58.3231
-58.4311
-58.5376
-58.6425
-58.7459
-58.8478
-58.9479
-59.0465
-59.1434
-59.2386
-59.3321
-59.424
-59.5142
-59.6027
-59.6896
-59.7749
-59.8586
-59.9406
-60.0211
-60.0999
-60.1771
-60.2529
-60.3271
-60.3998
-60.471
-60.4463
-60.2121
-60.0623
-59.9647
-59.9099
-59.8548
-59.6816
-59.5705
-59.4972
-59.456
-59.3705
-59.066
-58.5208
-58.0066
-57.5852
-56.9214
-55.5511
-53.8043
-52.3677
-51.0576
-50.0101
-49.1578
-48.2386
-47.3874
-46.2175
-44.8957
-43.2494
-40.4125
-28.4758
40.8314
-3.98941
-37.0553
-56.824
-61.618
-62.4204
-62.2673
-61.8581
-61.4013
-60.9558
-60.5228
-60.0811
-59.6448
-59.2514
-58.9287
-58.6124
-58.2556
-57.8215
-57.4438
-57.1651
-56.9461
-56.748
-56.5742
-56.401
-56.2715
-56.1482
-55.969
-55.7829
-55.6021
-55.4887
-55.419
-55.3833
-55.3727
-55.3485
-55.3124
-55.3068
-55.3258
-55.3646
-55.4178
-55.483
-55.5581
-55.6086
-55.6713
-55.7467
-55.8333
-55.9199
-55.9726
-56.0453
-56.0795
-56.0266
-55.9633
-55.7761
-55.564
-55.3304
-55.0703
-54.7828
-54.3719
-54.0244
-53.685
-53.2879
-52.9255
-52.5412
-52.0831
-51.7285
-51.3426
-50.9122
-50.272
-49.5256
-48.7749
-48.0761
-47.3541
-46.5708
-45.4239
-43.792
-41.3943
-34.8836
38.1961
8.24748
-29.1512
-54.6753
-61.7147
-62.9765
-62.7896
-62.285
-61.7282
-61.1205
-60.3854
-59.7565
-59.2188
-58.7528
-58.3433
-57.9477
-57.5561
-57.2572
-56.9946
-56.7715
-56.5846
-56.4478
-56.3491
-56.2818
-56.2401
-56.22
-56.2186
-56.2333
-56.262
-56.3027
-56.354
-56.4144
-56.4828
-56.558
-56.6391
-56.7253
-56.8159
-56.9101
-57.0074
-57.1073
-57.2093
-57.3129
-57.4179
-57.5239
-57.6305
-57.7376
-57.8449
-57.952
-58.0589
-58.1653
-58.2712
-58.3763
-58.4806
-58.5839
-58.6862
-58.7874
-58.8874
-58.986
-59.0834
-59.1793
-59.2738
-59.3669
-59.4585
-59.5486
-59.6373
-59.7244
-59.81
-59.894
-59.9766
-60.0576
-60.1371
-60.215
-60.2915
-60.3665
-60.44
-60.5121
-60.5827
-60.652
-60.7198
-60.7863
-60.8514
-60.9152
-60.9776
-61.0388
-61.0986
-61.1572
-61.2146
-61.2708
-61.3258
-61.3797
-61.4324
-61.484
-61.5345
-61.5839
-61.6323
-61.6797
-61.726
-61.7714
-61.8159
-61.6995
-61.0604
-60.6171
-60.2073
-59.9011
-59.6731
-59.462
-59.0031
-58.5721
-58.2223
-57.4445
-56.8492
-56.4105
-55.8731
-54.0866
-52.2397
-50.9079
-49.9065
-49.0846
-48.2473
-47.4765
-46.5076
-45.4341
-44.1468
-42.1825
-37.4851
23.5647
19.3205
-22.1733
-52.1271
-62.0937
-63.8376
-63.6435
-62.9702
-62.238
-61.6024
-61.0209
-60.4114
-59.9202
-59.4669
-58.9621
-58.5689
-58.2569
-57.9124
-57.4191
-57.0225
-56.7251
-56.5065
-56.3419
-56.2127
-56.0849
-55.9984
-55.9426
-55.8921
-55.8455
-55.8285
-55.8334
-55.8567
-55.8944
-55.9442
-56.0045
-56.0433
-56.0321
-56.0551
-56.0979
-56.1577
-56.2102
-56.2452
-56.3009
-56.3695
-56.4489
-56.5355
-56.6278
-56.6933
-56.7631
-56.8438
-56.8418
-56.8279
-56.7105
-56.6536
-56.6359
-56.6504
-56.6394
-56.6506
-56.6825
-56.7316
-56.7929
-56.8636
-56.9387
-56.9348
-56.8987
-56.8134
-56.7509
-56.6565
-56.5734
-56.4051
-56.113
-55.817
-55.2104
-54.5507
-53.7783
-53.006
-52.2314
-51.3906
-50.6696
-49.7841
-48.531
-47.3397
-46.1872
-44.9677
-43.3787
-40.6894
-30.9369
41.718

