-70
-69.8623
-69.7285
-69.5983
-69.4718
-69.3487
-69.2291
-69.1128
-68.9997
-68.8897
-68.7828
-68.6789
-68.5778
-68.4795
-68.3839
-68.291
-68.2007
-68.1128
-68.0274
-67.9443
-67.8636
-67.7851
-67.7087
-67.6345
-67.5623
-67.4921
-67.4238
-67.3574
-67.2929
-67.2301
-67.1691
-67.1098
-67.0521
-66.996
-66.9414
-66.8884
-66.8368
-66.7866
-66.7378
-66.6904
-66.6443
-66.5994
-66.5558
-66.5133
-66.4721
-66.432
-66.393
-66.355
-66.3181
-66.2823
-66.2474
-66.2134
-66.1805
-66.1484
-66.1172
-66.0868
-66.0573
-66.0286
-66.0007
-65.9736
-65.9472
-65.9215
-65.8966
-65.8723
-65.8487
-65.8257
-65.8034
-65.7817
-65.7606
-65.74
-65.72
-65.7006
-65.6817
-65.6633
-65.6455
-65.6281
-65.6112
-65.5948
-65.5788
-65.5632
-65.5481
-65.5334
-65.5191
-65.5052
-65.4917
-65.4785
-65.4657
-65.4533
-65.4412
-65.4294
-65.418
-65.4068
-65.396
-65.3855
-65.3752
-65.3653
-65.3556
-65.3462
-65.337
-65.3281
-65.3194
-65.311
-65.3028
-65.2948
-65.2871
-65.2795
-65.2722
-65.2651
-65.2581
-65.2514
-65.2448
-65.2385
-65.2322
-65.2262
-65.2203
-65.2146
-65.2091
-65.2037
-65.1984
-65.1933
-65.1884
-65.1835
-65.1788
-65.1743
-65.1698
-65.1655
-65.1613
-65.1572
-65.1532
-65.1493
-65.1456
-65.1419
-65.1384
-65.1349
-65.1315
-65.1283
-65.1251
-65.122
-65.119
-65.1161
-65.1132
-65.1104
-65.1077
-65.1051
-65.1026
-65.1001
-65.0977
-65.0953
-65.0931
-65.0908
-65.0887
-65.0866
-65.0845
-65.0826
-65.0806
-65.0788
-65.0769
-65.0752
-65.0734
-65.0718
-65.0701
-65.0685
-65.067
-65.0655
-65.064
-65.0626
-65.0612
-65.0599
-65.0586
-65.0573
-65.0561
-65.0549
-65.0537
-65.0526
-65.0514
-65.0504
-65.0493
-65.0483
-65.0473
-65.0464
-65.0454
-65.0445
-65.0436
-65.0428
-65.0419
-65.0411
-65.0403
-65.0395
-65.0388
-65.0381
-65.0374
-65.0367
-65.036
-65.0353
-65.0347
-65.0341
-65.0335
-65.0329
-65.0323
-65.0318
-65.0313
-65.0307
-65.0302
-65.0297
-65.0293
-65.0288
-65.0283
-65.0279
-65.0275
-65.027
-65.0266
-65.0262
-65.0259
-65.0255
-65.0251
-65.0248
-65.0244
-65.0241
-65.0238
-65.0234
-65.0231
-65.0228
-65.0225
-65.0223
-65.022
-65.0217
-65.0215
-65.0212
-65.021
-65.0207
-65.0205
-65.0203
-65.02
-65.0198
-65.0196
-65.0194
-65.0192
-65.019
-65.0188
-65.0187
-65.0185
-65.0183
-65.0181
-65.018
-65.0178
-65.0177
-65.0175
-65.0174
-65.0172
-65.0171
-65.017
-65.0168
-65.0167
-65.0166
-65.0165
-65.0163
-65.0162
-65.0161
-65.016
-65.0159
-65.0158
-65.0157
-65.0156
-65.0155
-65.0154
-65.0153
-65.0153
-65.0152
-65.0151
-65.015
-65.0149
-65.0149
-65.0148
-65.0147
-65.0147
-65.0146
-65.0145
-65.0145
-65.0144
-65.0143
-65.0143
-65.0142
-65.0142
-65.0141
-65.0141
-65.014
-65.014
-65.0139
-65.0139
-65.0138
-65.0138
-65.0137
-65.0137
-65.0137
-65.0136
-65.0136
-65.0135
-65.0135
-65.0135
-65.0134
-65.0134
-65.0134
-65.0133
-65.0133
-65.0133
-65.0133
-65.0132
-65.0132
-65.0132
-65.0131
-65.0131
-65.0131
-65.0131
-65.0131
-65.013
-65.013
-65.013
-65.013
-65.0129
-65.0129
-65.0129
-65.0129
-65.0129
-65.0129
-65.0128
-65.0128
-65.0128
-65.0128
-65.0128
-65.0128
-65.0127
-65.0127
-65.0127
-65.0127
-65.0127
-65.0127
-65.0127
-65.0127
-65.0126
-65.0126
-65.0126
-65.0126
-65.0126
-65.0126
-65.0126
-65.0126
-65.0126
-65.0126
-65.0125
-65.0125
-65.0125
-65.0125
-65.0125
-65.0125
-65.0125
-65.0125
-65.0125
-65.0125
-65.0125
-65.0125
-65.0125
-65.0124
-65.0124
-65.0124
-65.0124
-65.0124
-65.0124
-65.0124
-65.0124
-65.0124
-65.0124
-65.0124
-65.0124
-65.0124
-65.0124
-65.0124
-65.0124
-65.0124
-65.0124
-65.0124
-65.0124
-65.0124
-65.0124
-65.0124
-65.0123
-65.0123
-65.0123
-65.0123
-65.0123
-65.0123
-65.0123
-65.0123
-65.0123
-65.0123
-65.0123
-65.0123
-65.0123
-65.0123
-65.0123
-65.0123
-65.0123
-65.0123
-65.0123
-65.0123
-65.0123
-65.0123
-65.0123
-65.0123
-65.0123
-65.0123
-65.0123
-65.0123
-65.0123
-65.0123
-65.0123
-65.0123
-65.0123
-65.0123
-65.0123
-65.0123
-65.0123
-65.0123
-65.0123
-65.0123
-65.0123
-65.0123
-65.0123
-65.0123
-65.0123
-65.0123
-65.0123
-65.0123
-65.0123
-65.0123
-65.0123
-65.0123
-65.0123
-65.0123
-65.0123
-65.0123
-65.0123
-65.0123
-65.0123
-65.0123
-65.0123
-65.0123
-65.0123
-65.0123
-65.0123
-65.0123
-65.0123
-65.0123
-65.0123
-65.0123
-65.0123
-65.0123
-65.0123
-65.0123
-64.9505
-64.8995
-64.8615
-64.8344
-64.8133
-64.7964
-64.7828
-64.772
-64.7634
-64.7568
-64.7518
-64.7482
-64.7458
-64.7444
-64.7439
-64.7441
-64.745
-64.7465
-64.7484
-64.7508
-64.7534
-64.7564
-64.7596
-64.763
-64.7666
-64.7703
-64.7742
-64.7781
-64.7821
-64.7861
-64.7902
-64.7942
-64.7983
-64.8024
-64.7803
-64.7211
-64.6822
-64.6538
-64.634
-64.6191
-64.6078
-64.5995
-64.5936
-64.5897
-64.5876
-64.5868
-64.5873
-64.5889
-64.5913
-64.5945
-64.5983
-64.6026
-64.6074
-64.6126
-64.618
-64.6054
-64.37
-64.178
-63.9641
-63.6618
-63.3824
-62.9941
-62.7045
-62.2954
-61.9571
-61.6992
-61.5062
-61.3588
-61.1545
-60.934
-60.7373
-60.5374
-60.3974
-60.2467
-60.1303
-60.0503
-59.9995
-59.9525
-59.9055
-59.8833
-59.8795
-59.8915
-59.9151
-59.9484
-59.9737
-59.9804
-60.0056
-60.0423
-60.0893
-60.1428
-60.2015
-60.2645
-60.3308
-60.3999
-60.4712
-60.5197
-60.5491
-60.593
-60.6453
-60.7044
-60.7671
-60.8325
-60.8999
-60.9687
-61.0385
-61.1089
-61.1797
-61.2507
-61.3216
-61.3922
-61.4623
-61.5319
-61.6009
-61.6691
-61.7364
-61.8029
-61.8684
-61.9329
-61.9963
-62.0587
-62.0932
-62.1054
-62.1312
-62.1642
-62.1868
-62.1708
-62.1754
-62.1905
-62.1398
-62.0706
-62.0337
-61.9686
-61.8261
-61.719
-61.4859
-61.254
-61.0524
-60.8641
-60.7241
-60.519
-60.2586
-59.9902
-59.7785
-59.6344
-59.5367
-59.4361
-59.3706
-59.3327
-59.2615
-59.2245
-59.2125
-59.2217
-59.2459
-59.2823
-59.3028
-59.2847
-59.293
-59.32
-59.3632
-59.4165
-59.4777
-59.5451
-59.6176
-59.6942
-59.7741
-59.8567
-59.9413
-60.0275
-60.1148
-60.2029
-60.2914
-60.3801
-60.4687
-60.557
-60.6449
-60.7322
-60.8187
-60.9044
-60.9891
-61.0727
-61.1551
-61.2364
-61.3164
-61.3951
-61.4725
-61.5485
-61.6231
-61.6964
-61.7682
-61.8386
-61.9077
-61.9753
-62.0415
-62.1063
-62.1697
-62.2318
-62.2924
-62.3517
-62.4097
-62.4664
-62.5217
-62.5758
-62.6287
-62.6803
-62.7306
-62.7798
-62.8278
-62.8747
-62.9205
-62.9651
-63.0087
-63.0512
-63.0927
-63.1331
-63.1726
-63.211
-63.2486
-63.2852
-63.3209
-63.3557
-63.3897
-63.4228
-63.4551
-63.4866
-63.5173
-63.5041
-63.492
-63.4902
-63.4962
-63.5065
-63.5196
-63.5347
-63.5514
-63.5692
-63.5841
-63.516
-63.2829
-63.1084
-62.9851
-62.8676
-62.6346
-62.292
-62.0035
-61.5947
-61.2575
-61.0073
-60.7696
-60.5658
-60.3047
-60.1081
-59.9668
-59.8692
-59.8026
-59.7604
-59.7385
-59.7335
-59.7429
-59.7644
-59.7962
-59.8275
-59.8024
-59.8038
-59.8227
-59.858
-59.9031
-59.8963
-59.8842
-59.8964
-59.8989
-59.8965
-59.8834
-59.8567
-59.859
-59.8802
-59.916
-59.9617
-60.0151
-60.0746
-60.1391
-60.2076
-60.2794
-60.3537
-60.4301
-60.4592
-60.5025
-60.5368
-60.5523
-60.5866
-60.6313
-60.6846
-60.743
-60.8051
-60.87
-60.937
-61.0057
-61.0755
-61.1461
-61.2172
-61.2884
-61.3596
-61.4306
-61.5012
-61.5712
-61.6018
-61.5884
-61.5881
-61.605
-61.6342
-61.6261
-61.6244
-61.6375
-61.6149
-61.5774
-61.5549
-61.5301
-61.3608
-61.2373
-61.158
-61.1147
-61.0285
-60.9267
-60.8445
-60.7192
-60.6297
-60.5128
-60.2938
-60.0462
-59.825
-59.6464
-59.5235
-59.4432
-59.3952
-59.3605
-59.3159
-59.2957
-59.2688
-59.269
-59.2843
-59.275
-59.2585
-59.2623
-59.2866
-59.2941
-59.3134
-59.3466
-59.3536
-59.383
-59.4262
-59.4817
-59.5453
-59.6149
-59.6895
-59.768
-59.8496
-59.9337
-60.0196
-60.1068
-60.1951
-60.2839
-60.3731
-60.4623
-60.5514
-60.64
-60.7281
-60.8154
-60.9019
-60.9875
-61.0719
-61.1552
-61.2374
-61.3182
-61.3978
-61.476
-61.5529
-61.6283
-61.7024
-61.775
-61.8463
-61.9161
-61.9844
-62.0514
-62.1169
-62.181
-62.2437
-62.3051
-62.365
-62.4236
-62.4809
-62.5369
-62.5915
-62.6449
-62.6971
-62.748
-62.7977
-62.8462
-62.8935
-62.9397
-62.9848
-63.0288
-63.0717
-63.1136
-63.1544
-63.1942
-63.233
-63.2709
-63.3079
-63.3439
-63.379
-63.4132
-63.4466
-63.4792
-63.5109
-63.5419
-63.572
-63.6014
-63.6301
-63.6581
-63.6853
-63.7119
-63.7378
-63.7631
-63.7877
-63.8117
-63.8351
-63.8579
-63.8802
-63.9019
-63.9194
-63.8842
-63.812
-63.7638
-63.7331
-63.7148
-63.7038
-63.6886
-63.5482
-63.4208
-63.3315
-63.2221
-63.1329
-63.0685
-63.0035
-62.5382
-61.9438
-61.5289
-61.2305
-61.013
-60.7917
-60.6253
-60.4452
-60.3158
-60.2058
-60.0978
-60.0019
-59.9408
-59.9059
-59.8919
-59.8704
-59.8573
-59.8626
-59.883
-59.915
-59.956
-60.0044
-60.0481
-60.0669
-60.103
-60.1425
-60.1537
-60.1844
-60.2262
-60.2705
-60.1776
-60.1114
-60.0816
-60.0817
-60.1001
-60.1309
-60.1714
-60.2198
-60.2744
-60.3342
-60.3983
-60.4657
-60.5358
-60.608
-60.6818
-60.7569
-60.8328
-60.9092
-60.9858
-61.0624
-61.1388
-61.195
-61.2222
-61.2642
-61.3134
-61.3686
-61.3895
-61.4135
-61.4483
-61.4913
-61.5392
-61.5903
-61.6436
-61.6987
-61.7067
-61.7239
-61.7033
-61.6838
-61.6475
-61.6386
-61.6448
-61.6628
-61.6885
-61.72
-61.7561
-61.7418
-61.7456
-61.7614
-61.7877
-61.8201
-61.8568
-61.8969
-61.9208
-61.8722
-61.8208
-61.7187
-61.5784
-61.4069
-61.2475
-61.0866
-60.9299
-60.7685
-60.5283
-60.2432
-60.0179
-59.848
-59.7339
-59.6239
-59.5435
-59.4509

