-70
-70.0758
-70.1508
-70.225
-70.2983
-70.3706
-70.4419
-70.5122
-70.5814
-70.6496
-70.7168
-70.7829
-70.848
-70.9121
-70.9752
-71.0373
-71.0984
-71.1586
-71.2178
-71.2761
-71.3334
-71.3899
-71.4455
-71.5003
-71.5543
-71.6074
-71.6598
-71.7114
-71.7623
-71.8124
-71.8619
-71.9106
-71.9587
-72.006
-72.0527
-72.0988
-72.1442
-72.1889
-72.2331
-72.2766
-72.3196
-72.362
-72.4038
-72.445
-72.4857
-72.5258
-72.5654
-72.6045
-72.6431
-72.6812
-72.7188
-72.756
-72.7927
-72.8289
-72.8647
-72.9
-72.9349
-72.9694
-73.0035
-73.0371
-73.0704
-73.1032
-73.1357
-73.1678
-73.1994
-73.2307
-73.2617
-73.2922
-73.3224
-73.3523
-73.3817
-73.4109
-73.4397
-73.4682
-73.4963
-73.5241
-73.5516
-73.5788
-73.6057
-73.6323
-73.6585
-73.6845
-73.7102
-73.7356
-73.7608
-73.7857
-73.8103
-73.8346
-73.8587
-73.8825
-73.9061
-73.9294
-73.9524
-73.9753
-73.9979
-74.0202
-74.0423
-74.0642
-74.0859
-74.1073
-74.1285
-74.1495
-74.1703
-74.1909
-74.2112
-74.2313
-74.2513
-74.271
-74.2905
-74.3098
-74.329
-74.3479
-74.3666
-74.3852
-74.4036
-74.4217
-74.4397
-74.4575
-74.4752
-74.4926
-74.5099
-74.527
-74.544
-74.5607
-74.5774
-74.5938
-74.6101
-74.6262
-74.6422
-74.658
-74.6736
-74.6891
-74.7045
-74.7197
-74.7347
-74.7496
-74.7644
-74.779
-74.7935
-74.8079
-74.8221
-74.8362
-74.8501
-74.864
-74.8777
-74.8913
-74.9047
-74.918
-74.9313
-74.9443
-74.9573
-74.9701
-74.9829
-74.9955
-75.008
-75.0204
-75.0327
-75.0448
-75.0569
-75.0688
-75.0806
-75.0924
-75.104
-75.1155
-75.1269
-75.1382
-75.1495
-75.1606
-75.1716
-75.1825
-75.1933
-75.204
-75.2147
-75.2252
-75.2356
-75.246
-75.2562
-75.2664
-75.2764
-75.2864
-75.2963
-75.3061
-75.3158
-75.3255
-75.335
-75.3445
-75.3538
-75.3631
-75.3724
-75.3815
-75.3906
-75.3995
-75.4084
-75.4172
-75.426
-75.4346
-75.4432
-75.4518
-75.4602
-75.4686
-75.4769
-75.4851
-75.4932
-75.5013
-75.5093
-75.5173
-75.5251
-75.533
-75.5407
-75.5484
-75.556
-75.5635
-75.571
-75.5784
-75.5858
-75.593
-75.6003
-75.6074
-75.6145
-75.6216
-75.6285
-75.6355
-75.6423
-75.6491
-75.6559
-75.6626
-75.6692
-75.6758
-75.6823
-75.6888
-75.6952
-75.7015
-75.7078
-75.7141
-75.7203
-75.7264
-75.7325
-75.7386
-75.7446
-75.7505
-75.7564
-75.7622
-75.768
-75.7738
-75.7795
-75.7851
-75.7907
-75.7963
-75.8018
-75.8072
-75.8127
-75.818
-75.8234
-75.8287
-75.8339
-75.8391
-75.8443
-75.8494
-75.8545
-75.8595
-75.8645
-75.8695
-75.8744
-75.8793
-75.8841
-75.8889
-75.8937
-75.8984
-75.9031
-75.9077
-75.9123
-75.9169
-75.9214
-75.9259
-75.9304
-75.9348
-75.9392
-75.9436
-75.9479
-75.9522
-75.9565
-75.9607
-75.9649
-75.969
-75.9731
-75.9772
-75.9813
-75.9853
-75.9893
-75.9933
-75.9972
-76.0011
-76.005
-76.0088
-76.0126
-76.0164
-76.0201
-76.0239
-76.0275
-76.0312
-76.0348
-76.0384
-76.042
-76.0456
-76.0491
-76.0526
-76.056
-76.0595
-76.0629
-76.0663
-76.0696
-76.0729
-76.0762
-76.0795
-76.0828
-76.086
-76.0892
-76.0924
-76.0955
-76.0986
-76.1017
-76.1048
-76.1079
-76.1109
-76.1139
-76.1169
-76.1198
-76.1228
-76.1257
-76.1286
-76.1314
-76.1343
-76.1371
-76.1399
-76.1427
-76.1455
-76.1482
-76.1509
-76.1536
-76.1563
-76.1589
-76.1615
-76.1642
-76.1667
-76.1693
-76.1719
-76.1744
-76.1769
-76.1794
-76.1819
-76.1843
-76.1868
-76.1892
-76.1916
-76.1939
-76.1963
-76.1986
-76.201
-76.2033
-76.2056
-76.2078
-76.2101
-76.2123
-76.2145
-76.2167
-76.2189
-76.2211
-76.2232
-76.2254
-76.2275
-76.2296
-76.2317
-76.2337
-76.2358
-76.2378
-76.2398
-76.2418
-76.2438
-76.2458
-76.2478
-76.2497
-76.2516
-76.2536
-76.2554
-76.2573
-76.2592
-76.2611
-76.2629
-76.2647
-76.2665
-76.2683
-76.2701
-76.2719
-76.2737
-76.2754
-76.2771
-76.2788
-76.2806
-76.2822
-76.2839
-76.2856
-76.2872
-76.2889
-76.2905
-76.2921
-76.2937
-76.2953
-76.2969
-76.2985
-76.3
-76.3016
-76.3031
-76.3046
-76.3061
-76.3076
-76.3091
-76.3106
-76.312
-76.3135
-76.3149
-76.3164
-76.3178
-76.3192
-76.3206
-76.322
-76.3233
-76.3247
-76.3261
-76.3274
-76.3287
-76.33
-76.3314
-76.3327
-76.334
-76.3352
-76.3365
-76.3378
-76.339
-76.3403
-76.3415
-76.3427
-76.3439
-76.3452
-76.3464
-76.3475
-76.3487
-76.3499
-76.351
-76.3522
-76.3533
-76.3545
-76.3556
-76.3567
-76.3578
-76.3589
-76.36
-76.3611
-76.3622
-76.3632
-76.3643
-76.3654
-76.3664
-76.3674
-76.3685
-76.3695
-76.3705
-76.3715
-76.3725
-76.3735
-76.3745
-76.3754
-76.3764
-76.3774
-76.3783
-76.3793
-76.3802
-76.3811
-76.382
-76.383
-76.3839
-76.3848
-76.3857
-76.3866
-76.3874
-76.3883
-76.3892
-76.39
-76.3909
-76.3917
-76.3926
-76.3934
-76.3943
-76.3951
-76.3959
-76.3967
-76.3975
-76.3983
-76.3991
-76.3999
-76.4007
-76.4014
-76.4022
-76.403
-76.4037
-76.4045
-76.4052
-76.406
-76.4067
-76.4074
-76.4082
-76.4089
-74.8509
-70.5394
-67.0677
-64.4383
-62.3694
-60.6139
-58.8923
-56.6604
-50.6804
33.9118
-16.0888
-50.9472
-78.9028
-79.1134
-79.0087
-78.8884
-78.7566
-78.6135
-78.2127
-76.3092
-75.1594
-74.474
-73.9313
-73.4415
-72.978
-72.5331
-72.1058
-71.6976
-71.3104
-70.9463
-70.6072
-70.2943
-70.0084
-69.7499
-69.5188
-69.3144
-69.136
-67.6113
-65.1828
-64.4765
-64.6454
-64.8054
-64.9285
-65.0305
-65.1205
-65.2041
-65.2847
-65.3644
-65.4445
-65.5261
-65.6096
-65.6954
-65.7839
-65.8749
-65.9686
-66.0649
-66.1637
-66.2648
-66.3681
-66.4732
-66.5798
-66.6877
-66.7966
-66.9064
-67.0168
-67.1276
-67.2387
-67.3498
-67.4609
-67.5717
-67.6819
-67.7915
-67.9003
-67.1784
-64.1496
-61.6069
-59.5503
-57.5771
-54.881
-43.3352
13.8145
-26.0363
-70.5213
-79.4963
-79.5871
-78.3528
-77.8263
-77.5487
-77.2842
-77.0085
-76.7201
-76.4209
-76.1135
-75.5441
-72.9251
-70.8221
-69.3835
-68.3137
-67.4684
-66.773
-66.1861
-65.6834
-65.2497
-64.8749
-64.5513
-64.2738
-64.2278
-65.1219
-65.9434
-66.5811
-67.1634
-68.3144
-69.2683
-69.9695
-70.4958
-70.8994
-71.2149
-71.4661
-71.6696
-71.8372
-71.9774
-72.0964
-72.1988
-72.2882
-72.3672
-72.4379
-72.5019
-72.5604
-72.6144
-72.6648
-72.7122
-72.757
-72.7996
-72.8405
-72.8799
-72.9179
-72.9549
-72.9908
-73.0259
-73.0886
-73.4065
-73.7025
-73.9366
-74.1243
-74.2767
-74.402
-74.5063
-74.5939
-74.6683
-74.732
-74.787
-74.835
-74.8771
-74.9144
-74.9477
-74.9776
-75.0047
-75.0294
-75.052
-75.0729
-75.0923
-75.1104
-75.1275
-75.1436
-75.1588
-75.1734
-75.1873
-75.2006
-75.2135
-75.226
-75.238
-75.2498
-75.2612
-75.2724
-75.2833
-75.294
-71.6878
-67.8635
-64.9711
-62.7347
-60.8881
-59.1541
-57.0671
-52.5723
42.9216
-10.2355
-41.6649
-78.9936
-78.9355
-78.6136
-78.4382
-78.2565
-78.0605
-77.8503
-77.6267
-77.3911
-77.1453
-74.8313
-72.8248
-71.5347
-70.598
-69.8493
-69.2153
-68.6611
-68.169
-67.3785
-65.0131
-62.9765
-61.3982
-60.0576
-58.7591
-57.2237
-54.6161
-36.189
8.62931
-28.2178
-73.5249
-78.8277
-78.7034
-78.5485
-78.3407
-78.0907
-77.8767
-77.6579
-77.3526
-77.0885
-76.849
-76.6179
-76.392
-76.1713
-75.9571
-75.7509
-75.5541
-75.3678
-75.193
-75.0302
-74.8799
-74.7422
-74.6169
-74.5039
-74.4026
-74.3126
-74.2333
-74.1639
-74.1038
-74.0523
-74.0087
-73.9723
-73.9425
-73.9185
-73.8998
-73.886
-73.8764
-73.8706
-73.8682
-73.8688
-71.657
-67.8155
-64.837
-62.5481
-60.6618
-58.8753
-56.6535
-51.1786
36.3931
-14.8665
-48.6531
-78.8541
-78.8189
-78.6518
-78.4906
-78.3157
-78.1266
-77.9239
-77.7084
-77.4816
-77.2452
-75.9996
-73.3694
-71.5795
-70.3573
-69.433
-68.685
-68.0538
-67.5081
-67.0307
-66.6108
-66.2421
-65.9194
-65.6391
-65.3984
-65.1947
-65.0254
-64.888
-64.7804
-64.7005
-64.6464
-64.6163
-64.6081
-64.6201
-64.6503
-64.6972
-64.8554
-65.9052
-66.9106
-67.7186
-68.3732
-68.9092
-69.3525
-69.723
-70.0356
-70.6403
-71.3473
-71.9004
-72.3315
-72.6729
-72.9471
-73.1705
-73.3545
-73.5078
-73.6369
-73.7467
-73.8409
-73.9225
-73.9938
-74.0565
-74.1123
-74.1621
-74.207
-74.2477
-74.285
-74.3192
-74.3509
-74.3804
-74.4081
-74.4341
-74.4587
-74.4822
-74.5045
-74.5259
-74.5465
-74.5664
-74.5857
-74.6043
-74.6225
-74.6402
-74.6575
-74.6744
-74.691
-74.7072
-74.7232
-74.7389
-74.7544
-74.7696
-74.7846
-74.7994
-74.814
-74.8285
-74.8428
-74.8569
-74.8708
-74.8846
-74.8983
-74.9118
-74.9251
-71.3651
-67.5868
-64.7259
-62.5063
-60.6575
-58.8848
-56.6465
-50.9285
35.071
-15.4854
-49.8928
-79.3727
-79.7247
-79.6965
-79.658
-79.6152
-79.5682
-79.517
-79.4616
-76.677
-74.6575
-73.5208
-72.7297
-72.0901
-71.5303
-71.0216
-70.5524
-69.7323
-67.1919
-65.0478
-63.452
-62.1976
-61.1475
-60.199
-59.2547
-58.1816
-56.5837
-51.6703
40.3473
-13.3251
-45.6005
-78.7257
-79.2942
-79.2205
-79.1256
-78.9259
-77.3083
-76.4369
-75.9522
-75.5448
-75.152
-74.7612
-74.3714
-73.985
-73.6051
-73.2355
-72.8793
-72.5692
-72.5504
-72.542
-72.6102
-72.8456
-73.0079
-73.1088
-73.1719
-73.2114
-73.2364
-73.2525
-73.2633
-73.2713
-73.2779
-73.2844
-73.2912
-73.2988
-73.3076
-73.3175
-73.3287
-73.3411
-73.3548
-73.3696
-73.3855
-73.4024
-73.4202
-73.4388
-73.4582
-73.4782
-73.4988
-73.5199
-73.5414
-73.5632
-73.5854
-73.6078
-73.6304
-73.6532
-73.6761
-73.6991
-73.7221
-71.9301
-68.0511
-64.9936
-62.6512
-60.7326
-58.9356
-56.7441
-51.6316
38.5707
-13.6014
-46.4406
-79.2225
-79.7083
-79.6805
-78.3184
-77.7497
-77.4583
-77.1852
-76.902
-76.6067
-76.301
-75.9875
-75.6695
-73.2015
-70.8751
-69.2781
-68.107

