-70
-69.8623
-69.7285
-69.5983
-69.4718
-69.3487
-69.2291
-69.1128
-68.9997
-68.8897
-68.7828
-68.6789
-68.5778
-68.4795
-68.3839
-68.291
-68.2007
-68.1128
-68.0274
-67.9443
-67.8636
-67.7851
-67.7087
-67.6345
-67.5623
-67.4921
-67.4238
-67.3574
-67.2929
-67.2301
-67.1691
-67.1098
-67.0521
-66.996
-66.9414
-66.8884
-66.8368
-66.7866
-66.7378
-66.6904
-66.6443
-66.5994
-66.5558
-66.5133
-66.4721
-66.432
-66.393
-66.355
-66.3181
-66.2823
-66.2474
-66.2134
-66.1805
-66.1484
-66.1172
-66.0868
-66.0573
-66.0286
-66.0007
-65.9736
-65.9472
-65.9215
-65.8966
-65.8723
-65.8487
-65.8257
-65.8034
-65.7817
-65.7606
-65.74
-65.72
-65.7006
-65.6817
-65.6633
-65.6455
-65.6281
-65.6112
-65.5948
-65.5788
-65.5632
-65.5481
-65.5334
-65.5191
-65.5052
-65.4917
-65.4785
-65.4657
-65.4533
-65.4412
-65.4294
-65.418
-65.4068
-65.396
-65.3855
-65.3752
-65.3653
-65.3556
-65.3462
-65.337
-65.3281
-65.3194
-65.311
-65.3028
-65.2948
-65.2871
-65.2795
-65.2722
-65.2651
-65.2581
-65.2514
-65.2448
-65.2385
-65.2322
-65.2262
-65.2203
-65.2146
-65.2091
-65.2037
-65.1984
-65.1933
-65.1884
-65.1835
-65.1788
-65.1743
-65.1698
-65.1655
-65.1613
-65.1572
-65.1532
-65.1493
-65.1456
-65.1419
-65.1384
-65.1349
-65.1315
-65.1283
-65.1251
-65.122
-65.119
-65.1161
-65.1132
-65.1104
-65.1077
-65.1051
-65.1026
-65.1001
-65.0977
-65.0953
-65.0931
-65.0908
-65.0887
-65.0866
-65.0845
-65.0826
-65.0806
-65.0788
-65.0769
-65.0752
-65.0734
-65.0718
-65.0701
-65.0685
-65.067
-65.0655
-65.064
-65.0626
-65.0612
-65.0599
-65.0586
-65.0573
-65.0561
-65.0549
-65.0537
-65.0526
-65.0514
-65.0504
-65.0493
-65.0483
-65.0473
-65.0464
-65.0454
-65.0445
-65.0436
-65.0428
-65.0419
-65.0411
-65.0403
-65.0395
-65.0388
-65.0381
-65.0374
-65.0367
-65.036
-65.0353
-65.0347
-65.0341
-65.0335
-65.0329
-65.0323
-65.0318
-65.0313
-65.0307
-65.0302
-65.0297
-65.0293
-65.0288
-65.0283
-65.0279
-65.0275
-65.027
-65.0266
-65.0262
-65.0259
-65.0255
-65.0251
-65.0248
-65.0244
-65.0241
-65.0238
-65.0234
-65.0231
-65.0228
-65.0225
-65.0223
-65.022
-65.0217
-65.0215
-65.0212
-65.021
-65.0207
-65.0205
-65.0203
-65.02
-65.0198
-65.0196
-65.0194
-65.0192
-65.019
-65.0188
-65.0187
-65.0185
-65.0183
-65.0181
-65.018
-65.0178
-65.0177
-65.0175
-65.0174
-65.0172
-65.0171
-65.017
-65.0168
-65.0167
-65.0166
-65.0165
-65.0163
-65.0162
-65.0161
-65.016
-65.0159
-65.0158
-65.0157
-65.0156
-65.0155
-65.0154
-65.0153
-65.0153
-65.0152
-65.0151
-65.015
-65.0149
-65.0149
-65.0148
-65.0147
-65.0147
-65.0146
-65.0145
-65.0145
-65.0144
-65.0143
-65.0143
-65.0142
-65.0142
-65.0141
-65.0141
-65.014
-65.014
-65.0139
-65.0139
-65.0138
-65.0138
-65.0137
-65.0137
-65.0137
-65.0136
-65.0136
-65.0135
-65.0135
-65.0135
-65.0134
-65.0134
-65.0134
-65.0133
-65.0133
-65.0133
-65.0133
-65.0132
-65.0132
-65.0132
-65.0131
-65.0131
-65.0131
-65.0131
-65.0131
-65.013
-65.013
-65.013
-65.013
-65.0129
-65.0129
-65.0129
-65.0129
-65.0129
-65.0129
-65.0128
-65.0128
-65.0128
-65.0128
-65.0128
-65.0128
-65.0127
-65.0127
-65.0127
-65.0127
-65.0127
-65.0127
-65.0127
-65.0127
-65.0126
-65.0126
-65.0126
-65.0126
-65.0126
-65.0126
-65.0126
-65.0126
-65.0126
-65.0126
-65.0125
-65.0125
-65.0125
-65.0125
-65.0125
-65.0125
-65.0125
-65.0125
-65.0125
-65.0125
-65.0125
-65.0125
-65.0125
-65.0124
-65.0124
-65.0124
-65.0124
-65.0124
-65.0124
-65.0124
-65.0124
-65.0124
-65.0124
-65.0124
-65.0124
-65.0124
-65.0124
-65.0124
-65.0124
-65.0124
-65.0124
-65.0124
-65.0124
-65.0124
-65.0124
-65.0124
-65.0123
-65.0123
-65.0123
-65.0123
-65.0123
-65.0123
-65.0123
-65.0123
-65.0123
-65.0123
-65.0123
-65.0123
-65.0123
-65.0123
-65.0123
-65.0123
-65.0123
-65.0123
-65.0123
-65.0123
-65.0123
-65.0123
-65.0123
-65.0123
-65.0123
-65.0123
-65.0123
-65.0123
-65.0123
-65.0123
-65.0123
-65.0123
-65.0123
-65.0123
-65.0123
-65.0123
-65.0123
-65.0123
-65.0123
-65.0123
-65.0123
-65.0123
-65.0123
-65.0123
-65.0123
-65.0123
-65.0123
-65.0123
-65.0123
-65.0123
-65.0123
-65.0123
-65.0123
-65.0123
-65.0123
-65.0123
-65.0123
-65.0123
-65.0123
-65.0123
-65.0123
-65.0123
-65.0123
-65.0123
-65.0123
-65.0123
-65.0123
-65.0123
-65.0123
-65.0123
-65.0123
-65.0123
-65.0123
-65.0123
-64.8888
-64.7871
-64.7113
-64.6572
-64.6152
-64.5815
-64.5545
-64.5329
-64.5159
-64.5027
-64.4927
-64.4856
-64.4808
-64.478
-64.477
-64.4776
-64.4793
-64.4822
-64.4861
-64.4907
-64.496
-64.5019
-64.5083
-64.5151
-64.5223
-64.5297
-64.5373
-64.5451
-64.553
-64.5611
-64.5691
-64.5773
-64.5854
-64.5935
-64.4974
-64.2541
-64.0922
-63.972
-63.8864
-63.82
-63.7681
-63.7279
-63.6973
-63.6749
-63.6593
-63.6495
-63.6447
-63.644
-63.647
-63.653
-63.6616
-63.6724
-63.6851
-63.6329
-63.6005
-63.4728
-62.5174
-61.8375
-61.2454
-60.6781
-60.111
-59.0066
-58.0992
-57.1445
-56.4365
-55.8113
-55.3477
-54.9876
-54.428
-53.8145
-53.275
-52.6571
-52.2002
-51.7622
-51.4106
-51.1358
-50.9207
-50.7354
-50.5708
-50.444
-50.3482
-50.2794
-50.2335
-50.2081
-50.1994
-50.0954
-50.0315
-49.996
-49.9882
-49.9995
-50.0071
-50.0108
-50.0104
-49.9715
-49.9279
-49.9154
-49.9043
-49.9007
-49.9145
-49.9094
-49.9208
-49.9185
-49.933
-49.9328
-49.9617
-49.9679
-49.9957
-50.0413
-50.0665
-50.0855
-50.108
-50.115
-50.1262
-50.1322
-50.1307
-50.1609
-50.2126
-50.2828
-50.3678
-50.4258
-50.4266
-50.4066
-50.4287
-50.479
-50.5514
-50.6398
-50.7422
-50.8096
-50.8088
-50.7626
-50.6898
-50.6343
-50.5729
-50.4701
-50.2721
-49.9175
-49.588
-49.1291
-48.4849
-47.7801
-46.8307
-45.7456
-44.4664
-42.7341
-39.3036
-19.1581
34.6413
-11.7449
-41.7312
-55.93
-59.4412
-60.2777
-60.3989
-60.2829
-60.0904
-59.8528
-59.6418
-59.4281
-59.2551
-59.1197
-59.0177
-58.9427
-58.8903
-58.8572
-58.8408
-58.8387
-58.849
-58.8698
-58.8998
-58.9377
-58.9824
-59.033
-59.0886
-59.1486
-59.2124
-59.2792
-59.3487
-59.4204
-59.4939
-59.5687
-59.6447
-59.7214
-59.7987
-59.8763
-59.954
-60.0317
-60.1092
-60.1863
-60.2629
-60.339
-60.4144
-60.489
-60.5629
-60.6358
-60.7078
-60.7788
-60.8488
-60.9178
-60.9856
-61.0524
-61.118
-61.1824
-61.2457
-61.3079
-61.3689
-61.4288
-61.4875
-61.5451
-61.6016
-61.6569
-61.7111
-61.7643
-61.8163
-61.8673
-61.9171
-61.966
-62.0138
-62.0606
-62.1064
-62.1512
-62.195
-62.2379
-62.2799
-62.321
-62.3166
-62.2077
-62.133
-62.0862
-62.0616
-62.0457
-61.9828
-61.9457
-61.9239
-61.9156
-61.8383
-61.5252
-60.9808
-60.5444
-60.1563
-59.6107
-58.7992
-57.6067
-56.6642
-55.5891
-54.742
-54.1088
-53.4808
-52.9713
-52.4451
-52.0283
-51.706
-51.4566
-51.2615
-51.0681
-50.8913
-50.7614
-50.6682
-50.606
-50.5693
-50.555
-50.5611
-50.5739
-50.5785
-50.5735
-50.5978
-50.5416
-50.4444
-50.4001
-50.3369
-50.1371
-49.9338
-49.7539
-49.6159
-49.4793
-49.3807
-49.3077
-49.2416
-49.1687
-49.0839
-49.0182
-48.9564
-48.8488
-48.7639
-48.6959
-48.6012
-48.4889
-48.384
-48.2912
-48.2033
-48.1156
-47.9871
-47.8542
-47.7148
-47.5638
-47.3935
-47.1935
-46.919
-46.582
-46.1616
-45.603
-44.8064
-43.5116
-40.907
-29.7397
40.1225
-6.68959
-40.7876
-58.2951
-62.8794
-64.1527
-64.4831
-64.4679
-64.2583
-63.9505
-63.6298
-63.298
-62.9795
-62.6786
-62.2626
-61.727
-61.1214
-60.5567
-60.0659
-59.5431
-58.8264
-58.0091
-57.2286
-56.5969
-56.0704
-55.6443
-55.2915
-55.0101
-54.7598
-54.5437
-54.3868
-54.2167
-54.105
-53.9965
-53.8614
-53.7099
-53.587
-53.514
-53.3822
-53.2691
-53.2106
-53.1938
-53.183
-53.1656
-53.1707
-53.2058
-53.2645
-53.3417
-53.4338
-53.5385
-53.6541
-53.7791
-53.9121
-54.0522
-54.1981
-54.3491
-54.5043
-54.663
-54.8244
-54.9878
-55.1526
-55.3183
-55.4847
-55.6512
-55.8176
-55.9833
-56.1482
-56.312
-56.4745
-56.6356
-56.795
-56.9527
-57.1083
-57.2618
-57.4132
-57.5624
-57.7093
-57.8539
-57.9961
-58.1357
-58.2729
-58.4076
-58.5398
-58.6694
-58.7966
-58.9213
-59.0435
-59.1632
-59.2804
-59.3952
-59.5075
-59.6175
-59.7251
-59.8303
-59.9333
-60.0341
-60.1325
-60.2288
-60.3229
-60.4149
-60.5048
-60.5926
-60.6785
-60.7624
-60.8443
-60.9244
-61.0026
-61.079
-61.1536
-61.2265
-61.2977
-61.3672
-61.435
-61.5013
-61.566
-61.6292
-61.6909
-61.7512
-61.8101
-61.8675
-61.9236
-61.9784
-62.0319
-62.0841
-61.8678
-61.5446
-61.3281
-61.1473
-61.0008
-60.8973
-60.8242
-60.6606
-60.5001
-60.3911
-60.2768
-60.1912
-60.1356
-59.885
-58.296
-56.5632
-55.3246
-54.4458
-53.7919
-53.2317
-52.7926
-52.3496
-52.0022
-51.7298
-51.4891
-51.3029
-51.161
-51.0578
-50.9865
-50.9228
-50.7909
-50.5487
-50.3742
-50.2535
-50.1723
-50.0928
-50.0359
-49.9767
-49.9383
-49.8938
-49.8794
-49.8859
-49.9117
-49.8448
-49.6693
-49.473
-49.3139
-49.2024
-49.1208
-49.0597
-49.0139
-48.9811
-48.9209
-48.8593
-48.7932
-48.7468
-48.7125
-48.6639
-48.5773
-48.5015
-48.4387
-48.3649
-48.2423
-48.1248
-48.012
-47.8988
-47.7484
-47.5766
-47.3905
-47.1773
-46.9234
-46.6105
-46.212
-45.6782
-44.9176
-43.7139
-41.3738
-32.6788
40.8192
-2.38834
-38.542
-58.6904
-64.0724
-65.6107
-66.1058
-66.2373
-66.2304
-66.1705
-66.0925
-65.9742
-65.8431
-65.7306
-65.6315
-65.5003
-65.3407
-65.1086
-64.7214
-64.2708
-63.6773
-63.0487
-62.3666
-61.5467
-60.6596
-59.8116
-59.0732
-58.3485
-57.5397
-56.7326
-56.1208
-55.6444
-55.2223
-54.9006
-54.6182
-54.3856

