-70
-70.0758
-70.1508
-70.225
-70.2983
-70.3706
-70.4419
-70.5122
-70.5814
-70.6496
-70.7168
-70.7829
-70.848
-70.9121
-70.9752
-71.0373
-71.0984
-71.1586
-71.2178
-71.2761
-71.3334
-71.3899
-71.4455
-71.5003
-71.5543
-71.6074
-71.6598
-71.7114
-71.7623
-71.8124
-71.8619
-71.9106
-71.9587
-72.006
-72.0527
-72.0988
-72.1442
-72.1889
-72.2331
-72.2766
-72.3196
-72.362
-72.4038
-72.445
-72.4857
-72.5258
-72.5654
-72.6045
-72.6431
-72.6812
-72.7188
-72.756
-72.7927
-72.8289
-72.8647
-72.9
-72.9349
-72.9694
-73.0035
-73.0371
-73.0704
-73.1032
-73.1357
-73.1678
-73.1994
-73.2307
-73.2617
-73.2922
-73.3224
-73.3523
-73.3817
-73.4109
-73.4397
-73.4682
-73.4963
-73.5241
-73.5516
-73.5788
-73.6057
-73.6323
-73.6585
-73.6845
-73.7102
-73.7356
-73.7608
-73.7857
-73.8103
-73.8346
-73.8587
-73.8825
-73.9061
-73.9294
-73.9524
-73.9753
-73.9979
-74.0202
-74.0423
-74.0642
-74.0859
-74.1073
-74.1285
-74.1495
-74.1703
-74.1909
-74.2112
-74.2313
-74.2513
-74.271
-74.2905
-74.3098
-74.329
-74.3479
-74.3666
-74.3852
-74.4036
-74.4217
-74.4397
-74.4575
-74.4752
-74.4926
-74.5099
-74.527
-74.544
-74.5607
-74.5774
-74.5938
-74.6101
-74.6262
-74.6422
-74.658
-74.6736
-74.6891
-74.7045
-74.7197
-74.7347
-74.7496
-74.7644
-74.779
-74.7935
-74.8079
-74.8221
-74.8362
-74.8501
-74.864
-74.8777
-74.8913
-74.9047
-74.918
-74.9313
-74.9443
-74.9573
-74.9701
-74.9829
-74.9955
-75.008
-75.0204
-75.0327
-75.0448
-75.0569
-75.0688
-75.0806
-75.0924
-75.104
-75.1155
-75.1269
-75.1382
-75.1495
-75.1606
-75.1716
-75.1825
-75.1933
-75.204
-75.2147
-75.2252
-75.2356
-75.246
-75.2562
-75.2664
-75.2764
-75.2864
-75.2963
-75.3061
-75.3158
-75.3255
-75.335
-75.3445
-75.3538
-75.3631
-75.3724
-75.3815
-75.3906
-75.3995
-75.4084
-75.4172
-75.426
-75.4346
-75.4432
-75.4518
-75.4602
-75.4686
-75.4769
-75.4851
-75.4932
-75.5013
-75.5093
-75.5173
-75.5251
-75.533
-75.5407
-75.5484
-75.556
-75.5635
-75.571
-75.5784
-75.5858
-75.593
-75.6003
-75.6074
-75.6145
-75.6216
-75.6285
-75.6355
-75.6423
-75.6491
-75.6559
-75.6626
-75.6692
-75.6758
-75.6823
-75.6888
-75.6952
-75.7015
-75.7078
-75.7141
-75.7203
-75.7264
-75.7325
-75.7386
-75.7446
-75.7505
-75.7564
-75.7622
-75.768
-75.7738
-75.7795
-75.7851
-75.7907
-75.7963
-75.8018
-75.8072
-75.8127
-75.818
-75.8234
-75.8287
-75.8339
-75.8391
-75.8443
-75.8494
-75.8545
-75.8595
-75.8645
-75.8695
-75.8744
-75.8793
-75.8841
-75.8889
-75.8937
-75.8984
-75.9031
-75.9077
-75.9123
-75.9169
-75.9214
-75.9259
-75.9304
-75.9348
-75.9392
-75.9436
-75.9479
-75.9522
-75.9565
-75.9607
-75.9649
-75.969
-75.9731
-75.9772
-75.9813
-75.9853
-75.9893
-75.9933
-75.9972
-76.0011
-76.005
-76.0088
-76.0126
-76.0164
-76.0201
-76.0239
-76.0275
-76.0312
-76.0348
-76.0384
-76.042
-76.0456
-76.0491
-76.0526
-76.056
-76.0595
-76.0629
-76.0663
-76.0696
-76.0729
-76.0762
-76.0795
-76.0828
-76.086
-76.0892
-76.0924
-76.0955
-76.0986
-76.1017
-76.1048
-76.1079
-76.1109
-76.1139
-76.1169
-76.1198
-76.1228
-76.1257
-76.1286
-76.1314
-76.1343
-76.1371
-76.1399
-76.1427
-76.1455
-76.1482
-76.1509
-76.1536
-76.1563
-76.1589
-76.1615
-76.1642
-76.1667
-76.1693
-76.1719
-76.1744
-76.1769
-76.1794
-76.1819
-76.1843
-76.1868
-76.1892
-76.1916
-76.1939
-76.1963
-76.1986
-76.201
-76.2033
-76.2056
-76.2078
-76.2101
-76.2123
-76.2145
-76.2167
-76.2189
-76.2211
-76.2232
-76.2254
-76.2275
-76.2296
-76.2317
-76.2337
-76.2358
-76.2378
-76.2398
-76.2418
-76.2438
-76.2458
-76.2478
-76.2497
-76.2516
-76.2536
-76.2554
-76.2573
-76.2592
-76.2611
-76.2629
-76.2647
-76.2665
-76.2683
-76.2701
-76.2719
-76.2737
-76.2754
-76.2771
-76.2788
-76.2806
-76.2822
-76.2839
-76.2856
-76.2872
-76.2889
-76.2905
-76.2921
-76.2937
-76.2953
-76.2969
-76.2985
-76.3
-76.3016
-76.3031
-76.3046
-76.3061
-76.3076
-76.3091
-76.3106
-76.312
-76.3135
-76.3149
-76.3164
-76.3178
-76.3192
-76.3206
-76.322
-76.3233
-76.3247
-76.3261
-76.3274
-76.3287
-76.33
-76.3314
-76.3327
-76.334
-76.3352
-76.3365
-76.3378
-76.339
-76.3403
-76.3415
-76.3427
-76.3439
-76.3452
-76.3464
-76.3475
-76.3487
-76.3499
-72.6061
-68.6339
-65.6289
-63.3156
-61.4358
-59.7365
-57.8577
-54.6849
8.05685
3.35182
-30.6725
-76.4181
-79.7264
-79.7322
-79.6987
-79.6605
-79.6184
-79.5723
-79.5222
-79.4682
-79.4105
-79.3496
-79.2858
-79.2199
-79.1523
-79.0838
-79.0152
-78.9471
-78.8801
-78.8147
-78.7515
-78.6909
-78.633
-78.5781
-78.5263
-78.4777
-78.4321
-78.3896
-78.35
-78.3132
-78.2789
-78.2471
-78.2175
-78.19
-78.1643
-78.1404
-78.1181
-78.0972
-78.0775
-78.059
-78.0416
-78.0251
-78.0093
-77.9944
-77.9801
-77.5204
-73.1045
-67.9055
-62.098
-57.6647
-50.4672
33.0163
-15.9626
-50.7822
-78.9856
-79.1765
-79.0781
-78.9655
-78.842
-78.7077
-76.6617
-72.3221
-69.0617
-67.531
-66.6052
-65.8675
-65.2103
-64.6018
-63.9719
-62.0601
-59.3795
-55.462
-47.0844
21.4535
-22.4468
-63.2226
-78.2273
-77.4883
-77.0325
-75.662
-73.6226
-72.6996
-72.0602
-71.455
-70.8545
-69.7572
-68.5889
-67.9718
-67.3052
-65.3361
-63.9317
-61.6728
-60.0669
-58.9848
-58.2512
-59.046
-59.8461
-60.4002
-61.4378
-62.9576
-63.9593
-64.5934
-64.5904
-62.705
-61.2592
-60.2866
-59.5676
-58.9823
-58.4582
-57.9352
-57.3511
-56.6027
-55.4549
-52.9985
-28.9561
0.0974793
-33.4368
-76.0649
-79.4498
-79.4586
-78.0566
-77.2055
-76.8337
-76.524
-74.9925
-72.4737
-71.1599
-70.3419
-69.7059
-69.1552
-68.6564
-68.1975
-66.7002
-63.1746
-59.3895
-56.4002
-51.6271
41.1485
-13.0433
-44.6263
-77.6734
-78.1178
-77.911
-75.5778
-74.4775
-73.8993
-73.3653
-72.0925
-70.2202
-69.1042
-68.3077
-67.6275
-67.0062
-67.0378
-67.2766
-67.8443
-68.1201
-68.7355
-69.1775
-69.4141
-70.0414
-70.4931
-70.748
-70.9119
-71.3898
-71.765
-72.2146
-72.6804
-72.9769
-73.1669
-73.2938
-73.3821
-73.4459
-73.494
-73.6996
-73.9237
-74.0854
-74.2033
-74.2919
-74.3603
-74.4145
-74.4585
-74.495
-74.526
-74.5529
-74.5767
-74.5981
-74.6176
-74.6358
-74.6528
-74.669
-74.6846
-74.6995
-74.7141
-74.7284
-74.7424
-74.7561
-74.7697
-74.7832
-74.7966
-74.8098
-74.823
-74.8361
-74.8491
-74.8621
-74.875
-74.8878
-74.9006
-74.9133
-74.9259
-74.9385
-74.951
-74.9634
-74.9758
-74.9881
-75.0003
-75.0124
-75.0244
-75.0364
-75.0483
-75.0601
-75.0718
-75.0835
-75.095
-75.1065
-75.1178
-75.1291
-75.1403
-75.1514
-73.6663
-69.5384
-66.2152
-61.9522
-57.5246
-50.4957
33.1359
-16.1506
-50.9782
-78.3263
-78.0353
-77.7809
-77.1218
-75.7849
-74.0098
-72.7844
-72.0655
-71.4443
-70.8424
-69.1248
-67.1122
-65.5255
-63.1757
-60.6249
-58.3554
-56.3637
-53.3335
-9.02038
-0.510768
-33.3265
-75.3245
-77.3066
-76.233
-75.6019
-75.1677
-74.7287
-74.2737
-73.8063
-73.3306
-73.0032
-72.6764
-71.6054
-69.1306
-67.5604
-64.9706
-61.0352
-59.7033
-59.1472
-58.666
-58.1877
-57.6486
-57.977
-59.1912
-60.3747
-62.4325
-63.9196
-64.8447
-65.4367
-65.8304
-66.1036
-66.3022
-66.4536
-66.575
-66.2015
-63.7193
-61.7049
-60.2354
-59.044
-59.0129
-58.5114
-57.2373
-55.8125
-53.3714
-35.4673
4.24267
-30.7913
-74.3702
-79.0856
-79.0902
-78.9864
-78.8685
-78.7407
-78.6035
-78.4577
-76.6892
-73.9659
-72.399
-70.4984
-66.1186
-62.0638
-59.6311
-57.7732
-55.6033
-49.8027
31.1459
-18.0117
-53.7972
-78.2628
-77.6301
-76.3701
-75.5587
-75.1012
-74.667
-74.216
-72.6225
-70.9693
-70.0279
-69.3368
-68.7374
-66.819
-65.0741
-64.5299
-64.1506
-63.8157
-63.5159
-63.2475
-63.298
-64.1154
-64.7132
-65.0949
-65.3469
-65.5195
-65.6434
-65.7379
-66.5422
-67.7992
-69.1541
-70.5639
-71.5043
-72.0977
-72.4877
-72.7541
-72.9424
-73.0799
-73.1835
-73.2637
-73.3278
-73.3803
-73.4246
-73.4628
-73.4966
-73.5271
-73.5552
-73.5815
-73.6064
-73.6303
-73.6535
-73.6761
-73.6984
-73.7203
-73.7421
-73.7637
-73.7851
-73.8065
-73.8279
-73.8491
-73.8704
-73.8916
-73.9127
-73.9338
-73.9548
-73.9758
-73.9967
-74.0176
-74.0383
-74.059
-74.0795
-74.1
-74.1203
-74.1405
-74.1606
-74.1806
-74.2004
-74.2201
-74.2396
-74.259
-74.2782
-74.2973
-74.3162
-74.335
-74.3536
-74.372
-74.3903
-74.4084
-74.4264
-74.4442
-74.4618
-74.4793
-74.4966
-74.5137
-74.5307
-74.5475
-74.5642
-74.5807
-74.5971
-74.6133
-74.6293
-74.6452
-74.661
-74.6766
-74.692
-74.7073
-74.7224
-70.53
-63.7589
-58.8516
-53.7017
46.1766
-5.4895
-36.3241
-77.3591
-78.3896
-78.2105
-78.0016
-77.7744
-75.873
-73.2889
-72.2213
-70.3024
-68.6484
-67.6555
-66.8942
-66.2255
-65.6092
-64.2679
-60.8212
-58.3308
-56.1586
-52.4862
42.6233
-8.21249
-38.8451
-77.1148
-78.0844
-76.2652
-75.5259
-75.0811
-74.6519
-74.2008
-73.7363
-72.0015
-70.3677
-69.5562
-68.9677
-68.4646
-68.0097
-67.591
-67.4805
-67.8837
-67.706
-66.0046
-64.923
-65.1115
-65.4371
-65.6115
-65.7057
-65.7602
-65.8312
-66.6916
-67.4178
-67.8945
-68.2186
-68.4486
-68.6189
-68.7506
-68.8567
-68.9459
-69.0237
-69.0939
-69.1592
-69.6422
-70.3016
-70.8082
-71.1949
-71.4963
-71.7357
-71.9293
-72.0885
-71.8572
-68.4601
-65.5201
-63.4073
-61.8197
-60.5407
-59.3996
-58.1536
-54.6683
-31.9769
6.36332
-29.1966
-74.157
-79.0499
-79.009
-78.8908
-78.7595
-78.6166
-76.9762
-74.9529
-73.9806
-72.5004
-67.6035
-64.9113
-63.4696
-62.496
-61.7247
-61.0497
-59.4831
-57.4474
-54.9569
-44.4783
15.4742
-24.9125
-67.639
-77.9281

