-70
-70.0758
-70.1508
-70.225
-70.2983
-70.3706
-70.4419
-70.5122
-70.5814
-70.6496
-70.7168
-70.7829
-70.848
-70.9121
-70.9752
-71.0373
-71.0984
-71.1586
-71.2178
-71.2761
-71.3334
-71.3899
-71.4455
-71.5003
-71.5543
-71.6074
-71.6598
-71.7114
-71.7623
-71.8124
-71.8619
-71.9106
-71.9587
-72.006
-72.0527
-72.0988
-72.1442
-72.1889
-72.2331
-72.2766
-72.3196
-72.362
-72.4038
-72.445
-72.4857
-72.5258
-72.5654
-72.6045
-72.6431
-72.6812
-72.7188
-72.756
-72.7927
-72.8289
-72.8647
-72.9
-72.9349
-72.9694
-73.0035
-73.0371
-73.0704
-73.1032
-73.1357
-73.1678
-73.1994
-73.2307
-73.2617
-73.2922
-73.3224
-73.3523
-73.3817
-73.4109
-73.4397
-73.4682
-73.4963
-73.5241
-73.5516
-73.5788
-73.6057
-73.6323
-73.6585
-73.6845
-73.7102
-73.7356
-73.7608
-73.7857
-73.8103
-73.8346
-73.8587
-73.8825
-73.9061
-73.9294
-73.9524
-73.9753
-73.9979
-74.0202
-74.0423
-74.0642
-74.0859
-74.1073
-74.1285
-74.1495
-74.1703
-74.1909
-74.2112
-74.2313
-74.2513
-74.271
-74.2905
-74.3098
-74.329
-74.3479
-74.3666
-74.3852
-74.4036
-74.4217
-74.4397
-74.4575
-74.4752
-74.4926
-74.5099
-74.527
-74.544
-74.5607
-74.5774
-74.5938
-74.6101
-74.6262
-74.6422
-74.658
-74.6736
-74.6891
-74.7045
-74.7197
-74.7347
-74.7496
-74.7644
-74.779
-74.7935
-74.8079
-74.8221
-74.8362
-74.8501
-74.864
-74.8777
-74.8913
-74.9047
-74.918
-74.9313
-74.9443
-74.9573
-74.9701
-74.9829
-74.9955
-75.008
-75.0204
-75.0327
-75.0448
-75.0569
-75.0688
-75.0806
-75.0924
-75.104
-75.1155
-75.1269
-75.1382
-75.1495
-75.1606
-75.1716
-75.1825
-75.1933
-75.204
-75.2147
-75.2252
-75.2356
-75.246
-75.2562
-75.2664
-75.2764
-75.2864
-75.2963
-75.3061
-75.3158
-75.3255
-75.335
-75.3445
-75.3538
-75.3631
-75.3724
-75.3815
-75.3906
-75.3995
-75.4084
-75.4172
-75.426
-75.4346
-75.4432
-75.4518
-75.4602
-75.4686
-75.4769
-75.4851
-75.4932
-75.5013
-75.5093
-75.5173
-75.5251
-75.533
-75.5407
-75.5484
-75.556
-75.5635
-75.571
-75.5784
-75.5858
-75.593
-75.6003
-75.6074
-75.6145
-75.6216
-75.6285
-75.6355
-75.6423
-75.6491
-75.6559
-75.6626
-75.6692
-75.6758
-75.6823
-75.6888
-75.6952
-75.7015
-75.7078
-75.7141
-75.7203
-75.7264
-75.7325
-75.7386
-75.7446
-75.7505
-75.7564
-75.7622
-75.768
-75.7738
-75.7795
-75.7851
-75.7907
-75.7963
-75.8018
-75.8072
-75.8127
-75.818
-75.8234
-75.8287
-75.8339
-75.8391
-75.8443
-75.8494
-75.8545
-75.8595
-75.8645
-75.8695
-75.8744
-75.8793
-75.8841
-75.8889
-75.8937
-75.8984
-75.9031
-75.9077
-75.9123
-75.9169
-75.9214
-75.9259
-75.9304
-75.9348
-75.9392
-75.9436
-75.9479
-75.9522
-75.9565
-75.9607
-75.9649
-75.969
-75.9731
-75.9772
-75.9813
-75.9853
-75.9893
-75.9933
-75.9972
-76.0011
-76.005
-76.0088
-76.0126
-76.0164
-76.0201
-76.0239
-76.0275
-76.0312
-76.0348
-76.0384
-76.042
-76.0456
-76.0491
-76.0526
-76.056
-76.0595
-76.0629
-76.0663
-76.0696
-76.0729
-76.0762
-76.0795
-76.0828
-76.086
-76.0892
-76.0924
-76.0955
-76.0986
-76.1017
-76.1048
-76.1079
-76.1109
-76.1139
-76.1169
-76.1198
-76.1228
-76.1257
-76.1286
-76.1314
-76.1343
-76.1371
-76.1399
-76.1427
-76.1455
-76.1482
-76.1509
-76.1536
-76.1563
-76.1589
-76.1615
-76.1642
-76.1667
-76.1693
-76.1719
-76.1744
-76.1769
-76.1794
-76.1819
-76.1843
-76.1868
-76.1892
-76.1916
-76.1939
-76.1963
-76.1986
-76.201
-76.2033
-76.2056
-76.2078
-76.2101
-76.2123
-76.2145
-76.2167
-76.2189
-76.2211
-76.2232
-76.2254
-76.2275
-76.2296
-76.2317
-76.2337
-76.2358
-76.2378
-76.2398
-76.2418
-76.2438
-76.2458
-76.2478
-76.2497
-76.2516
-76.2536
-76.2554
-76.2573
-76.2592
-76.2611
-76.2629
-76.2647
-76.2665
-76.2683
-76.2701
-76.2719
-76.2737
-76.2754
-76.2771
-76.2788
-76.2806
-76.2822
-76.2839
-76.2856
-76.2872
-76.2889
-76.2905
-76.2921
-76.2937
-76.2953
-76.2969
-76.2985
-76.3
-76.3016
-76.3031
-76.3046
-76.3061
-76.3076
-76.3091
-76.3106
-76.312
-76.3135
-76.3149
-76.3164
-76.3178
-76.3192
-76.3206
-76.322
-76.3233
-76.3247
-76.3261
-76.3274
-76.3287
-76.33
-76.3314
-76.3327
-76.334
-76.3352
-76.3365
-76.3378
-76.339
-76.3403
-76.3415
-76.3427
-76.3439
-76.3452
-76.3464
-76.3475
-76.3487
-76.3499
-76.351
-76.3522
-76.3533
-76.3545
-76.3556
-76.3567
-76.3578
-76.3589
-76.36
-76.3611
-76.3622
-76.3632
-76.3643
-76.3654
-76.3664
-76.3674
-76.3685
-76.3695
-76.3705
-76.3715
-76.3725
-76.3735
-76.3745
-76.3754
-76.3764
-76.3774
-76.3783
-76.3793
-76.3802
-76.3811
-76.382
-76.383
-76.3839
-76.3848
-76.3857
-76.3866
-76.3874
-76.3883
-76.3892
-76.39
-76.3909
-76.3917
-76.3926
-76.3934
-76.3943
-76.3951
-76.3959
-76.3967
-76.3975
-76.3983
-76.3991
-76.3999
-76.4007
-76.4014
-76.4022
-76.403
-76.4037
-76.4045
-76.4052
-76.406
-75.9818
-71.7886
-68.0041
-65.1549
-62.9445
-61.1211
-59.4257
-57.4468
-53.6233
46.3408
-5.00849
-36.3651
-77.9876
-78.9065
-78.7642
-78.6151
-78.4524
-78.2759
-78.086
-77.8832
-77.6689
-76.0992
-74.0252
-72.7372
-71.8436
-71.1346
-70.5273
-69.9866
-69.4965
-69.0495
-68.6422
-68.2726
-67.9394
-67.6417
-67.4094
-67.9751
-68.5673
-69.0104
-69.3469
-67.3568
-64.8911
-63.1133
-61.795
-61.0076
-61.6538
-62.3566
-62.9176
-63.371
-64.4089
-65.7985
-66.8113
-67.9177
-69.1636
-70.0252
-70.6165
-71.0357
-71.3419
-71.572
-71.7495
-71.8898
-72.0036
-72.0978
-72.1775
-72.2465
-72.3073
-72.3618
-72.4115
-72.4575
-72.5005
-72.5413
-72.5803
-69.7733
-66.3545
-63.7893
-61.8189
-60.1797
-58.6079
-56.6722
-52.5538
44.3426
-9.82555
-41.1375
-78.7872
-79.7032
-79.6841
-78.297
-77.7159
-77.4197
-77.1433
-76.8572
-76.5593
-76.2513
-75.9358
-75.616
-75.0222
-72.1916
-69.8568
-68.2282
-67.018
-66.0734
-65.8676
-66.2167
-66.4579
-67.2835
-68.8049
-70.4388
-71.3962
-71.951
-72.2887
-72.5034
-72.6456
-72.7435
-72.8137
-72.8661
-72.9069
-73.1029
-73.6355
-74.0225
-74.3885
-74.6874
-74.8787
-75.0043
-75.1198
-75.2516
-75.3424
-75.4039
-75.4473
-75.5006
-75.5662
-75.6131
-75.6464
-75.6708
-75.6894
-75.704
-75.7158
-75.7257
-75.7341
-75.7415
-75.7482
-75.7543
-75.76
-75.7654
-75.7706
-75.7756
-75.7805
-75.7853
-75.7901
-75.7948
-75.7995
-75.8042
-75.8088
-75.8135
-75.8182
-75.8229
-75.8276
-75.8322
-75.8369
-75.8416
-75.8463
-75.851
-75.8557
-75.8604
-75.865
-75.8697
-75.8743
-75.879
-75.8836
-75.8882
-75.8928
-75.8974
-75.9019
-75.9064
-75.9109
-75.9154
-75.9199
-75.9243
-75.9287
-75.9331
-75.9374
-75.9417
-75.195
-70.9817
-67.3601
-64.6307
-62.4974
-60.7058
-58.9759
-56.7899
-51.357
36.9196
-14.3323
-47.785
-78.8697
-78.8439
-78.6803
-78.5221
-78.3502
-78.1643
-77.9647
-77.7524
-77.5286
-76.1535
-73.9187
-72.4914
-71.5143
-70.7532
-70.1124
-69.55
-69.0461
-68.591
-66.8172
-64.4771
-62.6783
-61.3016
-61.3612
-61.6854
-61.9481
-62.1631
-62.3438
-62.5016
-62.6447
-62.7114
-61.0831
-59.3497
-57.7196
-55.6392
-50.2956
34.1254
-17.4202
-52.8868
-79.1235
-79.4492
-79.3738
-79.2982
-79.2167
-79.1287
-79.0345
-78.9344
-78.8291
-78.7196
-78.6067
-78.4537
-78.047
-77.6643
-77.3975
-77.1974
-77.037
-76.9027
-76.7871
-76.6862
-76.5971
-76.5182
-76.4481
-76.3859
-76.3307
-76.2818
-76.2386
-76.2005
-76.167
-76.1377
-76.1122
-76.09
-76.0708
-73.6757
-69.5661
-66.4184
-64.0504
-62.1912
-60.6139
-59.0811
-57.1877
-53.2476
45.8025
-6.9423
-38.3409
-78.1419
-79.0567
-78.8914
-78.7315
-78.5838
-78.4269
-78.2593
-78.0814
-77.8531
-75.5479
-73.8993
-72.9896
-72.3669
-71.8701
-71.441
-71.1637
-71.3175
-71.686
-71.8826
-71.9625
-71.9825
-71.9718
-71.9461
-71.9144
-71.8815
-71.8505
-71.823
-71.7998
-72.0847
-72.4392
-72.7046
-72.9043
-73.0581
-73.3298
-73.6738
-73.9296
-74.1185
-74.2614
-74.3719
-74.4592
-74.5294
-74.587
-74.6351
-74.6758
-74.7108
-74.7414
-74.7792
-74.9088
-75.0261
-75.1178
-75.1906
-75.2493
-75.2975
-75.3375
-75.3713
-75.4001
-75.4251
-75.4468
-75.4661
-75.4832
-75.4987
-75.5128
-75.5258
-75.5377
-75.5489
-75.5594
-75.5693
-75.5788
-75.5878
-75.5964
-75.6048
-75.6129
-75.6207
-75.6284
-75.6358
-75.6432
-75.6503
-75.6574
-75.6643
-75.6711
-75.6779
-75.6845
-75.691
-75.6975
-75.7039
-75.7103
-75.7165
-75.7228
-75.7289
-75.735
-75.741
-75.747
-75.7529
-75.0126
-70.8277
-67.2307
-64.5191
-62.3968
-60.6074
-58.864
-56.6159
-50.5905
33.5802
-16.2036
-51.374
-79.4301
-79.7365
-79.7088
-79.6718
-79.6307
-79.5855
-79.5362
-76.9984
-75.3235
-74.4297
-73.7943
-73.2558
-72.7629
-72.2984
-71.8571
-71.4385
-69.4935
-66.9379
-65.0303
-63.5915
-62.4511
-61.4974
-60.6487
-59.8348
-58.9776
-57.2164
-53.3279
42.2486
-5.16404
-36.4749
-77.7629
-79.3562
-79.3066
-79.2221
-78.2649
-77.1863
-76.67
-76.2871
-75.9471
-75.6143
-75.2822
-74.9513
-74.6241
-74.3036
-73.9925
-73.6935
-73.5131
-73.6232
-73.7586
-73.8183
-73.8339
-73.8261
-73.9121
-74.0615
-74.1618
-74.2267
-74.2698
-74.2992
-74.3199
-74.3351
-74.347
-74.3568
-74.3655
-74.3736
-74.3817
-74.3898
-74.3983
-74.4071
-74.4164
-74.4261
-74.4364
-74.4471
-74.4582
-74.4698
-74.5071
-74.6635
-74.8035
-74.9142
-75.0031
-75.0756
-75.1355
-75.1857
-75.2281
-75.2645
-75.2959
-75.3234
-75.3476
-75.3692
-75.3886
-75.4062
-75.4222
-75.437
-75.4506
-75.4634
-73.1291
-69.0833
-65.9678
-63.6079
-61.731
-60.0941
-58.4052
-56.0083
-47.2145
23.1838
-21.3813
-62.9353
-79.0333
-79.0753
-78.9642
-78.8392
-78.7027
-78.5548
-78.3957

