-70
-70.0758
-70.1508
-70.225
-70.2983
-70.3706
-70.4419
-70.5122
-70.5814
-70.6496
-70.7168
-70.7829
-70.848
-70.9121
-70.9752
-71.0373
-71.0984
-71.1586
-71.2178
-71.2761
-71.3334
-71.3899
-71.4455
-71.5003
-71.5543
-71.6074
-71.6598
-71.7114
-71.7623
-71.8124
-71.8619
-71.9106
-71.9587
-72.006
-72.0527
-72.0988
-72.1442
-72.1889
-72.2331
-72.2766
-72.3196
-72.362
-72.4038
-72.445
-72.4857
-72.5258
-72.5654
-72.6045
-72.6431
-72.6812
-72.7188
-72.756
-72.7927
-72.8289
-72.8647
-72.9
-72.9349
-72.9694
-73.0035
-73.0371
-73.0704
-73.1032
-73.1357
-73.1678
-73.1994
-73.2307
-73.2617
-73.2922
-73.3224
-73.3523
-73.3817
-73.4109
-73.4397
-73.4682
-73.4963
-73.5241
-73.5516
-73.5788
-73.6057
-73.6323
-73.6585
-73.6845
-73.7102
-73.7356
-73.7608
-73.7857
-73.8103
-73.8346
-73.8587
-73.8825
-73.9061
-73.9294
-73.9524
-73.9753
-73.9979
-74.0202
-74.0423
-74.0642
-74.0859
-74.1073
-74.1285
-74.1495
-74.1703
-74.1909
-74.2112
-74.2313
-74.2513
-74.271
-74.2905
-74.3098
-74.329
-74.3479
-74.3666
-74.3852
-74.4036
-74.4217
-74.4397
-74.4575
-74.4752
-74.4926
-74.5099
-74.527
-74.544
-74.5607
-74.5774
-74.5938
-74.6101
-74.6262
-74.6422
-74.658
-74.6736
-74.6891
-74.7045
-74.7197
-74.7347
-74.7496
-74.7644
-74.779
-74.7935
-74.8079
-74.8221
-74.8362
-74.8501
-74.864
-74.8777
-74.8913
-74.9047
-74.918
-74.9313
-74.9443
-74.9573
-74.9701
-74.9829
-74.9955
-75.008
-75.0204
-75.0327
-75.0448
-75.0569
-75.0688
-75.0806
-75.0924
-75.104
-75.1155
-75.1269
-75.1382
-75.1495
-75.1606
-75.1716
-75.1825
-75.1933
-75.204
-75.2147
-75.2252
-75.2356
-75.246
-75.2562
-75.2664
-75.2764
-75.2864
-75.2963
-75.3061
-75.3158
-75.3255
-75.335
-75.3445
-75.3538
-75.3631
-75.3724
-75.3815
-75.3906
-75.3995
-75.4084
-75.4172
-75.426
-75.4346
-75.4432
-75.4518
-75.4602
-75.4686
-75.4769
-75.4851
-75.4932
-75.5013
-75.5093
-75.5173
-75.5251
-75.533
-75.5407
-75.5484
-75.556
-75.5635
-75.571
-75.5784
-75.5858
-75.593
-75.6003
-75.6074
-75.6145
-75.6216
-75.6285
-75.6355
-75.6423
-75.6491
-75.6559
-75.6626
-75.6692
-75.6758
-75.6823
-75.6888
-75.6952
-75.7015
-75.7078
-75.7141
-75.7203
-75.7264
-75.7325
-75.7386
-75.7446
-75.7505
-75.7564
-75.7622
-75.768
-75.7738
-75.7795
-75.7851
-75.7907
-75.7963
-75.8018
-75.8072
-75.8127
-75.818
-75.8234
-75.8287
-75.8339
-75.8391
-75.8443
-75.8494
-75.8545
-75.8595
-75.8645
-75.8695
-75.8744
-75.8793
-75.8841
-75.8889
-75.8937
-75.8984
-75.9031
-75.9077
-75.9123
-75.9169
-75.9214
-75.9259
-75.9304
-75.9348
-75.9392
-75.9436
-75.9479
-75.9522
-75.9565
-75.9607
-75.9649
-75.969
-75.9731
-75.9772
-75.9813
-75.9853
-75.9893
-75.9933
-75.9972
-76.0011
-76.005
-76.0088
-76.0126
-76.0164
-76.0201
-76.0239
-76.0275
-76.0312
-76.0348
-76.0384
-76.042
-76.0456
-76.0491
-76.0526
-76.056
-76.0595
-76.0629
-76.0663
-76.0696
-76.0729
-76.0762
-76.0795
-76.0828
-76.086
-76.0892
-76.0924
-76.0955
-76.0986
-76.1017
-76.1048
-76.1079
-76.1109
-76.1139
-76.1169
-76.1198
-76.1228
-76.1257
-76.1286
-76.1314
-76.1343
-76.1371
-76.1399
-76.1427
-76.1455
-76.1482
-76.1509
-76.1536
-76.1563
-76.1589
-76.1615
-76.1642
-76.1667
-76.1693
-76.1719
-76.1744
-76.1769
-76.1794
-76.1819
-76.1843
-76.1868
-76.1892
-76.1916
-76.1939
-76.1963
-76.1986
-76.201
-76.2033
-76.2056
-76.2078
-76.2101
-76.2123
-76.2145
-76.2167
-76.2189
-76.2211
-76.2232
-76.2254
-76.2275
-76.2296
-76.2317
-76.2337
-76.2358
-76.2378
-76.2398
-76.2418
-76.2438
-76.2458
-76.2478
-76.2497
-76.2516
-76.2536
-76.2554
-76.2573
-76.2592
-76.2611
-76.2629
-76.2647
-76.2665
-76.2683
-76.2701
-76.2719
-76.2737
-76.2754
-76.2771
-76.2788
-76.2806
-76.2822
-76.2839
-76.2856
-76.2872
-76.2889
-76.2905
-76.2921
-76.2937
-76.2953
-76.2969
-76.2985
-76.3
-76.3016
-76.3031
-76.3046
-76.3061
-76.3076
-76.3091
-76.3106
-76.312
-76.3135
-76.3149
-76.3164
-76.3178
-76.3192
-76.3206
-76.322
-76.3233
-76.3247
-76.3261
-76.3274
-76.3287
-76.33
-76.3314
-76.3327
-76.334
-76.3352
-76.3365
-76.3378
-76.339
-76.3403
-76.3415
-76.3427
-76.3439
-76.3452
-76.3464
-76.3475
-76.3487
-76.3499
-76.351
-76.3522
-76.3533
-76.3545
-76.3556
-76.3567
-76.3578
-76.3589
-76.36
-76.3611
-76.3622
-76.3632
-76.3643
-76.3654
-76.3664
-76.3674
-76.3685
-76.3695
-76.3705
-76.3715
-76.3725
-76.3735
-76.3745
-76.3754
-76.3764
-76.3774
-76.3783
-76.3793
-76.3802
-76.3811
-76.382
-76.383
-76.3839
-76.3848
-76.3857
-76.3866
-76.3874
-76.3883
-76.3892
-76.39
-76.3909
-76.3917
-76.3926
-76.3934
-76.3943
-76.3951
-76.3959
-76.3967
-76.3975
-76.3983
-76.3991
-76.3999
-75.9759
-71.7835
-67.9998
-65.1512
-62.9411
-61.1178
-59.4221
-57.4417
-53.6086
46.342
-5.09883
-36.4406
-78.4022
-79.7416
-79.7277
-79.6933
-79.6545
-79.6119
-79.4263
-76.9333
-75.5056
-74.7403
-74.1734
-73.6764
-73.2109
-72.7654
-72.3374
-71.9279
-71.5388
-71.1719
-70.8293
-70.5123
-70.2218
-69.9582
-69.7217
-69.5119
-69.3279
-69.1689
-69.0335
-69.453
-70.0397
-70.5026
-70.8664
-69.6032
-66.6015
-64.3597
-62.7375
-61.4961
-60.4725
-59.6989
-60.4753
-61.4385
-62.2649
-62.9541
-63.5261
-64.0021
-63.4378
-62.399
-62.3082
-62.312
-62.3381
-62.3813
-62.438
-62.5063
-62.5847
-62.6723
-62.7685
-62.8728
-62.9848
-63.1038
-63.2289
-63.3593
-63.4946
-63.6345
-63.7785
-63.9262
-64.0773
-64.2313
-64.3871
-64.5444
-64.7025
-64.8613
-65.0204
-65.1795
-65.3383
-65.4963
-65.6531
-65.8085
-65.9624
-66.1145
-64.3553
-61.7004
-59.5573
-57.6111
-55.222
-48.872
27.6456
-20.8386
-59.7728
-79.2312
-78.6598
-78.2327
-78.0069
-77.7837
-77.5468
-77.2958
-77.0321
-76.7577
-76.4753
-74.2898
-72.1576
-71.1239
-70.7412
-70.4501
-70.479
-70.6864
-71.181
-71.8806
-72.3262
-72.8634
-73.4463
-73.8751
-74.0882
-74.3291
-74.4723
-74.5443
-74.5824
-74.6036
-74.6161
-74.6242
-74.7083
-74.8144
-74.886
-74.9347
-74.9693
-74.9949
-75.0147
-75.0306
-75.044
-75.0555
-75.0659
-75.0754
-75.0844
-75.093
-75.1014
-75.1097
-75.118
-75.1262
-75.1345
-75.1428
-75.1512
-75.1597
-75.1683
-75.1769
-75.1856
-75.1944
-75.2033
-75.2122
-75.2212
-75.2302
-75.2393
-75.2484
-75.2575
-75.2667
-75.2758
-75.285
-75.2941
-75.3033
-75.3124
-75.3215
-75.3305
-75.3396
-75.3486
-75.3576
-75.3665
-75.3754
-75.3842
-75.393
-73.4783
-69.3506
-66.0968
-63.62
-61.6398
-59.8935
-58.0342
-55.1139
-28.2712
8.47368
-27.986
-74.3003
-79.6975
-79.7221
-79.6878
-79.6484
-79.6048
-79.557
-79.5051
-79.4491
-76.5592
-74.3905
-73.1432
-72.2786
-71.5908
-70.9993
-70.4703
-69.9887
-68.3821
-65.9695
-64.1237
-62.7139
-61.5704
-60.5737
-59.6235
-58.6038
-57.1984
-53.4004
41.4862
-4.94863
-36.3174
-77.7381
-79.2633
-79.2003
-79.1047
-78.7642
-77.2882
-76.5657
-76.1447
-75.774
-75.4098
-75.0446
-74.6792
-74.3877
-74.1627
-73.9287
-73.6935
-73.465
-73.2476
-73.0438
-72.855
-72.6821
-72.5253
-72.3844
-72.2591
-72.1489
-72.0531
-71.9708
-71.9012
-71.8434
-71.7964
-71.7595
-71.7317
-71.7121
-71.7
-71.6946
-71.6952
-72.0042
-72.4006
-72.7197
-72.9756
-73.1837
-73.3551
-73.4979
-70.2936
-66.981
-64.5744
-62.7807
-61.3642
-60.1426
-58.9424
-57.5065
-55.0801
-41.0948
13.1955
-25.9492
-71.4081
-79.1252
-78.6709
-78.4716
-78.2915
-78.098
-77.8901
-77.6685
-77.4344
-77.1896
-76.9362
-75.1717
-72.6634
-70.9875
-69.811
-68.9087
-68.1748
-67.5557
-67.0225
-66.558
-66.1523
-64.8051
-63.5589
-63.4886
-63.9609
-64.2987
-64.5326
-64.7034
-64.9396
-66.0163
-66.9036
-68.2433
-69.909
-70.94
-71.7159
-72.5894
-73.4994
-74.1402
-74.5056
-74.6928
-74.7947
-74.8541
-74.8909
-74.9151
-74.9322
-74.9449
-74.9551
-74.9637
-74.9714
-74.9786
-74.9855
-74.9922
-74.999
-75.0059
-75.0129
-75.0201
-75.0275
-75.035
-75.0428
-75.0507
-75.0589
-75.0672
-75.0757
-75.0844
-75.0932
-75.1022
-75.1113
-75.1205
-75.1298
-75.1392
-75.1487
-75.1583
-75.1679
-75.1775
-75.1872
-75.1969
-75.2066
-75.2163
-75.226
-75.2357
-75.2454
-75.2551
-75.2647
-75.2743
-75.2839
-75.2934
-75.3029
-75.3123
-75.3217
-75.331
-75.3403
-75.3495
-75.3587
-75.3678
-75.3768
-75.3858
-75.3947
-75.4035
-75.4123
-75.421
-75.4296
-75.4382
-75.4467
-75.4551
-75.4635
-74.3583
-70.1721
-66.7076
-64.0871
-62.0187
-60.2405
-58.4349
-55.8795
-45.2364
19.6626
-22.8171
-66.422
-79.6316
-79.7265
-79.6941
-79.6554
-78.2824
-77.0904
-76.5718
-76.1899
-75.8274
-75.4638
-75.0967
-74.728
-74.361
-72.6011
-69.9686
-68.0579
-66.6649
-65.5962
-64.7437
-64.0433
-63.4547
-62.9514
-61.6087
-59.4996
-57.3729
-54.1453
-7.85415
1.566
-32.1316
-76.5729
-79.441
-78.7003
-78.1586
-77.9104
-77.6809
-77.4396
-77.1853
-76.9193
-76.6438
-76.3615
-76.0752
-75.7935
-75.5356
-74.9807
-71.9175
-69.892
-68.7941
-68.0855
-67.5933
-67.2342
-66.963
-66.7539
-66.5916
-66.4662
-66.3709
-66.3011
-66.2532
-66.2243
-66.2125
-66.2158
-66.2326
-66.2617
-66.3017
-66.3516
-66.4102
-66.4765
-66.5496
-66.6287
-66.7129
-66.8017
-66.8943
-66.9901
-67.0887
-67.1894
-67.292
-67.396
-67.5011
-67.6067
-67.7127
-67.8187
-66.1691
-63.202
-60.8359
-58.8217
-56.6592
-52.7285
44.6115
-8.33862
-39.4793
-78.3469
-79.5883
-79.5653
-79.512
-79.4522
-79.3867
-79.3157
-78.61
-75.8825
-74.2701
-73.3082
-72.5958
-71.9975
-71.4628
-70.9716
-70.5161
-69.6978
-67.1154
-64.9366
-63.3143
-62.0375

