-70
-70.0758
-70.1508
-70.225
-70.2983
-70.3706
-70.4419
-70.5122
-70.5814
-70.6496
-70.7168
-70.7829
-70.848
-70.9121
-70.9752
-71.0373
-71.0984
-71.1586
-71.2178
-71.2761
-71.3334
-71.3899
-71.4455
-71.5003
-71.5543
-71.6074
-71.6598
-71.7114
-71.7623
-71.8124
-71.8619
-71.9106
-71.9587
-72.006
-72.0527
-72.0988
-72.1442
-72.1889
-72.2331
-72.2766
-72.3196
-72.362
-72.4038
-72.445
-72.4857
-72.5258
-72.5654
-72.6045
-72.6431
-72.6812
-72.7188
-72.756
-72.7927
-72.8289
-72.8647
-72.9
-72.9349
-72.9694
-73.0035
-73.0371
-73.0704
-73.1032
-73.1357
-73.1678
-73.1994
-73.2307
-73.2617
-73.2922
-73.3224
-73.3523
-73.3817
-73.4109
-73.4397
-73.4682
-73.4963
-73.5241
-73.5516
-73.5788
-73.6057
-73.6323
-73.6585
-73.6845
-73.7102
-73.7356
-73.7608
-73.7857
-73.8103
-73.8346
-73.8587
-73.8825
-73.9061
-73.9294
-73.9524
-73.9753
-73.9979
-74.0202
-74.0423
-74.0642
-74.0859
-74.1073
-74.1285
-74.1495
-74.1703
-74.1909
-74.2112
-74.2313
-74.2513
-74.271
-74.2905
-74.3098
-74.329
-74.3479
-74.3666
-74.3852
-74.4036
-74.4217
-74.4397
-74.4575
-74.4752
-74.4926
-74.5099
-74.527
-74.544
-74.5607
-74.5774
-74.5938
-74.6101
-74.6262
-74.6422
-74.658
-74.6736
-74.6891
-74.7045
-74.7197
-74.7347
-74.7496
-74.7644
-74.779
-74.7935
-74.8079
-74.8221
-74.8362
-74.8501
-74.864
-74.8777
-74.8913
-74.9047
-74.918
-74.9313
-74.9443
-74.9573
-74.9701
-74.9829
-74.9955
-75.008
-75.0204
-75.0327
-75.0448
-75.0569
-75.0688
-75.0806
-75.0924
-75.104
-75.1155
-75.1269
-75.1382
-75.1495
-75.1606
-75.1716
-75.1825
-75.1933
-75.204
-75.2147
-75.2252
-75.2356
-75.246
-75.2562
-75.2664
-75.2764
-75.2864
-75.2963
-75.3061
-75.3158
-75.3255
-75.335
-75.3445
-75.3538
-75.3631
-75.3724
-75.3815
-75.3906
-75.3995
-75.4084
-75.4172
-75.426
-75.4346
-75.4432
-75.4518
-75.4602
-75.4686
-75.4769
-75.4851
-75.4932
-75.5013
-75.5093
-75.5173
-75.5251
-75.533
-75.5407
-75.5484
-75.556
-75.5635
-75.571
-75.5784
-75.5858
-75.593
-75.6003
-75.6074
-75.6145
-75.6216
-75.6285
-75.6355
-75.6423
-75.6491
-75.6559
-75.6626
-75.6692
-75.6758
-75.6823
-75.6888
-75.6952
-75.7015
-75.7078
-75.7141
-75.7203
-75.7264
-75.7325
-75.7386
-75.7446
-75.7505
-75.7564
-75.7622
-75.768
-75.7738
-75.7795
-75.7851
-75.7907
-75.7963
-75.8018
-75.8072
-75.8127
-75.818
-75.8234
-75.8287
-75.8339
-75.8391
-75.8443
-75.8494
-75.8545
-75.8595
-75.8645
-75.8695
-75.8744
-75.8793
-75.8841
-75.8889
-75.8937
-75.8984
-75.9031
-75.9077
-75.9123
-75.9169
-75.9214
-75.9259
-75.9304
-75.9348
-75.9392
-75.9436
-75.9479
-75.9522
-75.9565
-75.9607
-75.9649
-75.969
-75.9731
-75.9772
-75.9813
-75.9853
-75.9893
-75.9933
-75.9972
-76.0011
-76.005
-76.0088
-76.0126
-76.0164
-76.0201
-76.0239
-76.0275
-76.0312
-76.0348
-76.0384
-76.042
-76.0456
-76.0491
-76.0526
-76.056
-76.0595
-76.0629
-76.0663
-76.0696
-76.0729
-76.0762
-76.0795
-76.0828
-76.086
-76.0892
-76.0924
-76.0955
-76.0986
-76.1017
-76.1048
-76.1079
-76.1109
-76.1139
-76.1169
-76.1198
-76.1228
-76.1257
-76.1286
-76.1314
-76.1343
-76.1371
-76.1399
-76.1427
-76.1455
-76.1482
-76.1509
-76.1536
-76.1563
-76.1589
-76.1615
-76.1642
-76.1667
-76.1693
-76.1719
-76.1744
-76.1769
-76.1794
-76.1819
-76.1843
-76.1868
-76.1892
-76.1916
-76.1939
-76.1963
-76.1986
-76.201
-76.2033
-76.2056
-76.2078
-76.2101
-76.2123
-76.2145
-76.2167
-76.2189
-76.2211
-76.2232
-76.2254
-76.2275
-76.2296
-76.2317
-76.2337
-76.2358
-76.2378
-76.2398
-76.2418
-76.2438
-76.2458
-76.2478
-76.2497
-76.2516
-76.2536
-76.2554
-76.2573
-76.2592
-76.2611
-76.2629
-76.2647
-76.2665
-76.2683
-76.2701
-76.2719
-76.2737
-76.2754
-76.2771
-76.2788
-76.2806
-76.2822
-76.2839
-76.2856
-76.2872
-76.2889
-76.2905
-76.2921
-76.2937
-76.2953
-76.2969
-76.2985
-76.3
-76.3016
-76.3031
-76.3046
-76.3061
-76.3076
-76.3091
-76.3106
-76.312
-76.3135
-76.3149
-76.3164
-76.3178
-76.3192
-76.3206
-76.322
-76.3233
-76.3247
-76.3261
-76.3274
-76.3287
-76.33
-76.3314
-76.3327
-76.334
-76.3352
-76.3365
-76.3378
-76.339
-76.3403
-76.3415
-76.3427
-76.3439
-76.3452
-76.3464
-76.3475
-76.3487
-76.3499
-76.351
-76.3522
-76.3533
-76.3545
-76.3556
-76.3567
-76.3578
-76.3589
-76.36
-76.3611
-76.3622
-76.3632
-76.3643
-76.3654
-76.3664
-76.3674
-76.3685
-76.3695
-76.3705
-76.3715
-76.3725
-76.3735
-76.3745
-76.3754
-76.3764
-76.3774
-76.3783
-76.3793
-76.3802
-76.3811
-76.382
-76.383
-76.3839
-76.3848
-76.3857
-76.3866
-76.3874
-76.3883
-76.3892
-76.39
-76.3909
-76.3917
-76.3926
-76.3934
-76.3943
-76.3951
-76.3959
-76.3967
-76.3975
-76.3983
-76.3991
-76.3999
-76.4007
-76.4014
-76.4022
-76.403
-76.4037
-76.4045
-76.4052
-76.406
-76.4067
-76.4074
-76.4082
-76.4089
-76.4096
-76.4103
-76.411
-76.4117
-73.1002
-69.0304
-65.9337
-63.559
-61.6448
-59.9422
-58.1173
-55.256
-31.6259
9.70686
-27.2581
-73.2824
-79.1833
-79.1424
-79.0377
-78.9215
-78.7944
-78.5614
-76.7384
-75.6259
-74.9906
-74.4876
-74.0271
-73.5849
-73.2009
-73.0409
-72.9809
-70.9229
-69.2033
-68.1379
-67.6451
-67.9252
-68.757
-69.3411
-69.9998
-70.6556
-71.0431
-71.5208
-72.0191
-72.3247
-72.5137
-72.6362
-72.7195
-72.779
-72.8234
-72.8585
-72.8874
-72.9126
-72.9353
-72.9565
-72.977
-72.9971
-73.0171
-73.0373
-73.0577
-73.0785
-73.0996
-73.1212
-73.1432
-73.1656
-73.1884
-73.2116
-73.2352
-73.259
-73.2831
-73.3075
-73.3321
-73.3568
-73.3817
-73.4067
-73.4318
-73.457
-73.4821
-71.7092
-67.8722
-64.8517
-62.5383
-60.6401
-58.8534
-56.6535
-51.3957
37.5508
-14.3036
-47.6103
-79.0667
-78.8297
-78.5951
-78.425
-78.243
-78.0466
-77.8362
-77.6128
-77.3777
-77.0657
-76.769
-76.5032
-76.2459
-75.9971
-75.7788
-75.582
-75.4021
-75.2598
-75.2284
-75.2135
-75.2053
-75.2386
-75.2542
-75.2559
-75.2508
-75.2544
-75.3263
-75.4242
-75.4869
-75.5253
-75.5499
-75.5704
-75.6196
-75.6576
-75.683
-75.7198
-75.7564
-75.7812
-75.7983
-75.8107
-75.8201
-75.8274
-75.8335
-75.8387
-75.8432
-75.8474
-75.8513
-75.855
-75.8587
-75.8622
-75.8657
-75.8693
-75.8728
-75.8764
-75.88
-75.8836
-75.8873
-75.891
-75.8948
-75.8986
-75.9024
-75.9063
-75.9102
-75.9141
-75.918
-75.922
-75.926
-75.93
-75.934
-75.938
-75.942
-75.946
-75.95
-75.9541
-75.9581
-75.962
-75.966
-75.97
-75.974
-75.9779
-75.9818
-75.9857
-75.9896
-75.9935
-75.9973
-76.0012
-76.005
-76.0087
-76.0125
-76.0162
-76.0199
-76.0236
-76.0273
-76.0309
-72.3282
-68.3998
-65.4277
-63.1366
-61.266
-59.5556
-57.615
-54.1026
42.8373
-1.80922
-33.8731
-77.3304
-79.1285
-79.0433
-78.9267
-78.7984
-78.6586
-78.5075
-78.2436
-76.1118
-74.6741
-73.8256
-73.1875
-72.6373
-72.3037
-72.124
-71.9084
-71.9094
-71.1224
-68.9125
-67.357
-66.3377
-65.6349
-65.1311
-65.9114
-67.2521
-68.1166
-68.6643
-69.0262
-69.275
-69.4533
-69.643
-70.2766
-70.7999
-71.17
-71.4396
-71.6419
-71.7979
-71.9576
-72.4018
-72.7778
-73.054
-73.2617
-73.4216
-73.5474
-73.6485
-73.7311
-73.8
-73.8584
-73.9087
-73.9528
-73.9918
-74.0269
-74.0589
-74.0884
-74.1158
-74.1416
-74.166
-74.1893
-74.2116
-74.2332
-74.2541
-74.2744
-74.2943
-74.3137
-74.3329
-74.3517
-74.3702
-74.3884
-73.6941
-69.7165
-66.3062
-63.7356
-61.7055
-59.9456
-58.1211
-55.4095
-40.1947
13.539
-25.6393
-71.0873
-78.9112
-78.841
-78.7016
-78.5476
-78.3802
-78.1995
-78.006
-77.8009
-77.5854
-77.3504
-77.0379
-74.5706
-72.1465
-70.9415
-70.2663
-69.7781
-69.3941
-69.0776
-68.81
-68.5812
-68.3849
-68.2169
-68.751
-69.8215
-70.5562
-71.0427
-71.3763
-71.6126
-71.7852
-71.9152
-72.0159
-72.0963
-72.1625
-72.2185
-72.2673
-72.3108
-72.3506
-72.3876
-72.4228
-72.4566
-72.5441
-72.886
-73.1894
-73.4277
-73.618
-73.7722
-73.8989
-74.0044
-74.0932
-74.1689
-74.2341
-74.2908
-74.3406
-74.3848
-74.4392
-74.6213
-74.7864
-74.9156
-75.0182
-75.101
-75.1687
-75.2249
-75.2719
-75.3119
-75.3462
-75.3758
-75.4018
-75.4247
-75.4451
-75.4634
-75.48
-75.4951
-75.5091
-75.522
-75.534
-75.5453
-75.5559
-75.566
-75.5756
-75.5848
-75.5937
-75.6023
-75.6105
-75.6186
-75.6264
-75.634
-75.6415
-75.6488
-75.656
-75.663
-75.6699
-75.6768
-75.6835
-75.6902
-75.6967
-75.7032
-75.7096
-75.7159
-75.7222
-75.7284
-75.7345
-75.7406
-75.7466
-75.7526
-75.7585
-75.7643
-72.5273
-68.5481
-65.5201
-63.1921
-61.2987
-59.5767
-57.638
-54.1787
40.3121
-0.997802
-33.3596
-77.5914
-78.9559
-78.7081
-78.548
-78.3776
-78.193
-77.9944
-77.7825
-77.5585
-77.3241
-76.5881
-73.9502
-72.0515
-70.7919
-69.8536
-69.0984
-68.4612
-67.9089
-67.9058
-68.1824
-67.5708
-65.5523
-64.4625
-64.358
-64.3354
-64.3229
-65.216
-66.0843
-67.0793
-68.8025
-69.9525
-70.6406
-71.0719
-71.3547
-71.7639
-72.2318
-72.5489
-72.7644
-72.9165
-73.0278
-73.112
-73.1779
-73.2311
-73.2755
-73.3135
-73.3469
-73.377
-73.4047
-73.4307
-73.4555
-73.4793
-73.5025
-73.5252
-73.5476
-73.5698
-73.5919
-73.6139
-73.6359
-73.6578
-73.6798
-73.7017
-73.7237
-73.7457
-73.7677
-73.7897
-73.8117
-73.8337
-73.8556
-73.8775
-73.8993
-73.921
-73.9427
-73.9643
-73.9857
-74.0071
-74.0284
-74.0495
-74.0705
-74.0913
-74.112
-71.0662
-67.3189
-64.4648
-62.2499
-60.3934
-58.579
-56.1744
-48.5834
26.5652
-19.7989
-59.3488
-78.8461
-78.885
-78.752
-78.6031
-78.4408
-78.2653
-78.0771
-77.877

