-70
-70.0758
-70.1508
-70.225
-70.2983
-70.3706
-70.4419
-70.5122
-70.5814
-70.6496
-70.7168
-70.7829
-70.848
-70.9121
-70.9752
-71.0373
-71.0984
-71.1586
-71.2178
-71.2761
-71.3334
-71.3899
-71.4455
-71.5003
-71.5543
-71.6074
-71.6598
-71.7114
-71.7623
-71.8124
-71.8619
-71.9106
-71.9587
-72.006
-72.0527
-72.0988
-72.1442
-72.1889
-72.2331
-72.2766
-72.3196
-72.362
-72.4038
-72.445
-72.4857
-72.5258
-72.5654
-72.6045
-72.6431
-72.6812
-72.7188
-72.756
-72.7927
-72.8289
-72.8647
-72.9
-72.9349
-72.9694
-73.0035
-73.0371
-73.0704
-73.1032
-73.1357
-73.1678
-73.1994
-73.2307
-73.2617
-73.2922
-73.3224
-73.3523
-73.3817
-73.4109
-73.4397
-73.4682
-73.4963
-73.5241
-73.5516
-73.5788
-73.6057
-73.6323
-73.6585
-73.6845
-73.7102
-73.7356
-73.7608
-73.7857
-73.8103
-73.8346
-73.8587
-73.8825
-73.9061
-73.9294
-73.9524
-73.9753
-73.9979
-74.0202
-74.0423
-74.0642
-74.0859
-74.1073
-74.1285
-74.1495
-74.1703
-74.1909
-74.2112
-74.2313
-74.2513
-74.271
-74.2905
-74.3098
-74.329
-74.3479
-74.3666
-74.3852
-74.4036
-74.4217
-74.4397
-74.4575
-74.4752
-74.4926
-74.5099
-74.527
-74.544
-74.5607
-74.5774
-74.5938
-74.6101
-74.6262
-74.6422
-74.658
-74.6736
-74.6891
-74.7045
-74.7197
-74.7347
-74.7496
-74.7644
-74.779
-74.7935
-74.8079
-74.8221
-74.8362
-74.8501
-74.864
-74.8777
-74.8913
-74.9047
-74.918
-74.9313
-74.9443
-74.9573
-74.9701
-74.9829
-74.9955
-75.008
-75.0204
-75.0327
-75.0448
-75.0569
-75.0688
-75.0806
-75.0924
-75.104
-75.1155
-75.1269
-75.1382
-75.1495
-75.1606
-75.1716
-75.1825
-75.1933
-75.204
-75.2147
-75.2252
-75.2356
-75.246
-75.2562
-75.2664
-75.2764
-75.2864
-75.2963
-75.3061
-75.3158
-75.3255
-75.335
-75.3445
-75.3538
-75.3631
-75.3724
-75.3815
-75.3906
-75.3995
-75.4084
-75.4172
-75.426
-75.4346
-75.4432
-75.4518
-75.4602
-75.4686
-75.4769
-75.4851
-75.4932
-75.5013
-75.5093
-75.5173
-75.5251
-75.533
-75.5407
-75.5484
-75.556
-75.5635
-75.571
-75.5784
-75.5858
-75.593
-75.6003
-75.6074
-75.6145
-75.6216
-75.6285
-75.6355
-75.6423
-75.6491
-75.6559
-75.6626
-75.6692
-75.6758
-75.6823
-75.6888
-75.6952
-75.7015
-75.7078
-75.7141
-75.7203
-75.7264
-75.7325
-75.7386
-75.7446
-75.7505
-75.7564
-75.7622
-75.768
-75.7738
-75.7795
-75.7851
-75.7907
-75.7963
-75.8018
-75.8072
-75.8127
-75.818
-75.8234
-75.8287
-75.8339
-75.8391
-75.8443
-75.8494
-75.8545
-75.8595
-75.8645
-75.8695
-75.8744
-75.8793
-75.8841
-75.8889
-75.8937
-75.8984
-75.9031
-75.9077
-75.9123
-75.9169
-75.9214
-75.9259
-75.9304
-75.9348
-75.9392
-75.9436
-75.9479
-75.9522
-75.9565
-75.9607
-75.9649
-75.969
-75.9731
-75.9772
-75.9813
-75.9853
-75.9893
-75.9933
-75.9972
-76.0011
-76.005
-76.0088
-76.0126
-76.0164
-76.0201
-76.0239
-76.0275
-76.0312
-76.0348
-76.0384
-76.042
-76.0456
-76.0491
-76.0526
-76.056
-76.0595
-76.0629
-76.0663
-76.0696
-76.0729
-76.0762
-76.0795
-76.0828
-76.086
-76.0892
-76.0924
-76.0955
-76.0986
-76.1017
-76.1048
-76.1079
-76.1109
-76.1139
-76.1169
-76.1198
-76.1228
-76.1257
-76.1286
-76.1314
-76.1343
-76.1371
-76.1399
-76.1427
-76.1455
-76.1482
-76.1509
-76.1536
-76.1563
-76.1589
-76.1615
-76.1642
-76.1667
-76.1693
-76.1719
-76.1744
-76.1769
-76.1794
-76.1819
-76.1843
-76.1868
-76.1892
-76.1916
-76.1939
-76.1963
-76.1986
-76.201
-76.2033
-76.2056
-76.2078
-76.2101
-76.2123
-76.2145
-76.2167
-76.2189
-76.2211
-76.2232
-76.2254
-76.2275
-76.2296
-76.2317
-76.2337
-76.2358
-76.2378
-76.2398
-76.2418
-76.2438
-76.2458
-76.2478
-76.2497
-76.2516
-76.2536
-76.2554
-76.2573
-76.2592
-76.2611
-76.2629
-76.2647
-76.2665
-76.2683
-76.2701
-76.2719
-76.2737
-76.2754
-76.2771
-76.2788
-76.2806
-76.2822
-76.2839
-76.2856
-76.2872
-76.2889
-76.2905
-76.2921
-76.2937
-76.2953
-76.2969
-76.2985
-76.3
-76.3016
-76.3031
-76.3046
-76.3061
-76.3076
-76.3091
-76.3106
-76.312
-76.3135
-76.3149
-76.3164
-76.3178
-76.3192
-76.3206
-76.322
-76.3233
-76.3247
-76.3261
-76.3274
-76.3287
-76.33
-76.3314
-76.3327
-76.334
-76.3352
-76.3365
-76.3378
-76.339
-76.3403
-76.3415
-76.3427
-76.3439
-76.3452
-76.3464
-76.3475
-76.3487
-76.3499
-76.351
-76.3522
-76.3533
-76.3545
-76.3556
-76.3567
-76.3578
-76.3589
-76.36
-76.3611
-76.3622
-76.3632
-76.3643
-76.3654
-76.3664
-76.3674
-76.3685
-76.3695
-76.3705
-76.3715
-76.3725
-76.3735
-76.3745
-76.3754
-76.3764
-76.3774
-76.3783
-76.3793
-76.3802
-76.3811
-76.382
-76.383
-76.3839
-76.3848
-76.3857
-76.3866
-76.3874
-76.3883
-76.3892
-76.39
-76.3909
-76.3917
-76.3926
-76.3934
-76.3943
-76.3951
-76.3959
-76.3967
-76.3975
-76.3983
-76.3991
-76.3999
-76.4007
-76.4014
-76.4022
-76.403
-76.4037
-76.4045
-76.4052
-76.406
-76.4067
-76.4074
-76.4082
-76.4089
-76.4096
-76.4103
-76.411
-76.4117
-76.4124
-76.4131
-76.4137
-76.4144
-76.4151
-76.4158
-76.4164
-76.4171
-76.4177
-76.4184
-76.419
-76.4196
-76.4203
-76.4209
-76.4215
-76.4221
-76.4227
-76.4234
-76.424
-76.4246
-76.4251
-76.4257
-76.4263
-76.4157
-76.3731
-76.3362
-76.2869
-76.2374
-76.2014
-76.175
-76.1555
-76.1371
-76.1133
-76.0957
-76.0834
-76.0746
-76.0684
-76.0641
-76.0611
-76.0592
-76.058
-76.0575
-76.0575
-76.0579
-76.0587
-76.0597
-76.0611
-76.0626
-76.0643
-76.0661
-76.0681
-76.0702
-76.0724
-76.0747
-76.0771
-76.0796
-76.0821
-76.0846
-76.0872
-76.0899
-76.0926
-76.0953
-76.098
-76.1007
-76.1035
-76.1063
-76.1091
-76.1119
-76.1146
-76.1174
-76.1202
-76.123
-76.1258
-76.1285
-76.1313
-76.1341
-76.1344
-76.1233
-76.1134
-76.106
-76.1004
-76.0963
-76.0934
-76.0913
-76.09
-76.0894
-76.0892
-76.0894
-76.09
-76.0909
-76.092
-76.0934
-76.0927
-76.0855
-76.0796
-76.0753
-76.0723
-76.0703
-76.0635
-76.0514
-76.043
-76.0377
-76.0343
-76.0315
-76.0277
-76.0253
-76.0241
-76.0236
-76.0237
-76.0239
-76.0225
-76.02
-76.018
-76.0172
-76.017
-76.0173
-76.0179
-76.0188
-76.02
-76.0213
-76.0227
-76.0243
-76.026
-76.0278
-76.0297
-76.0317
-76.0338
-76.036
-76.0383
-76.0407
-76.0431
-76.0456
-76.0481
-76.0507
-76.0534
-76.056
-76.0588
-76.0616
-76.0644
-76.0672
-76.07
-76.0729
-76.0758
-76.0787
-76.0816
-76.0846
-76.0875
-76.0904
-76.0934
-76.0963
-76.0992
-76.1022
-76.1051
-76.108
-76.1109
-76.1138
-76.1167
-76.1196
-76.1224
-76.1253
-76.1281
-76.1309
-76.1337
-76.1365
-76.1393
-76.142
-76.1447
-76.1475
-76.1501
-76.1528
-76.1555
-76.1581
-76.1607
-76.1633
-76.1659
-76.1685
-76.171
-76.1736
-76.1761
-76.1786
-76.181
-76.1835
-76.1859
-76.1883
-76.1907
-76.1931
-76.1955
-76.1978
-76.2002
-76.2025
-76.2048
-76.207
-76.2093
-76.2115
-76.2137
-76.216
-76.2181
-76.2203
-76.2225
-76.2246
-76.2231
-76.2044
-76.1873
-76.1741
-76.1639
-76.1559
-76.1483
-76.1307
-76.1157
-76.1047
-76.0966
-76.0906
-76.0862
-76.0831
-76.081
-76.0784
-76.0706
-76.0642
-76.0599
-76.0569
-76.0549
-76.0538
-76.0533
-76.0533
-76.0538
-76.0546
-76.0532
-76.0492
-76.0464
-76.0446
-76.0437
-76.0433
-76.0435
-76.044
-76.0449
-76.046
-76.0474
-76.049
-76.0507
-76.0526
-76.0547
-76.0568
-76.059
-76.0614
-76.0638
-76.0663
-76.0688
-76.0714
-76.074
-76.0767
-76.0794
-76.0822
-76.085
-76.0878
-76.0906
-76.0934
-76.0963
-76.0991
-76.102
-76.1048
-76.1077
-76.1105
-76.1134
-76.1162
-76.119
-76.1219
-76.1247
-76.1275
-76.1303
-76.1331
-76.1358
-76.1386
-76.1413
-76.144
-76.1467
-76.1494
-76.1521
-76.1486
-76.1371
-76.1278
-76.1207
-76.1153
-76.102
-76.0895
-76.0805
-76.0739
-76.0636
-76.0554
-76.0499
-76.0462
-76.0438
-76.0424
-76.0417
-76.0385
-76.0356
-76.0338
-76.0329
-76.0327
-76.0329
-76.0335
-76.0344
-76.0356
-76.037
-76.0386
-76.0403
-76.0422
-76.0442
-76.0463
-76.0486
-76.0509
-76.0533
-76.0557
-76.0582
-76.0608
-76.0635
-76.0662
-76.0689
-76.0716
-76.0697
-76.0652
-76.062
-76.0598
-76.0585
-76.0579
-76.0578
-76.0581
-76.0588
-76.0597
-76.061
-76.0624
-76.0641
-76.0659
-76.0678
-76.0699
-76.0721
-76.0744
-76.0767
-76.0792
-76.0816
-76.0842
-76.0868
-76.0894
-76.0921
-76.0948
-76.0975
-76.1002
-76.103
-76.1058
-76.1086
-76.1113
-76.1141
-76.1169
-76.1197
-76.1225
-76.1252
-76.128
-76.1308
-76.1335
-76.1363
-76.139
-76.1417
-76.1444
-76.1471
-76.1498
-76.1524
-76.1551
-76.1577
-76.1603
-76.1629
-76.1655
-76.168
-76.1706
-76.1731
-76.1756
-76.1781
-76.1806
-76.183
-76.1854
-76.1879
-76.1903
-76.1926
-76.195
-76.1973
-76.1997
-76.202
-76.2043
-76.2066
-76.2088
-76.2111
-76.2133
-76.2155
-76.2177
-76.2198
-76.222
-76.2241
-76.2263
-76.2284
-76.2305
-76.2325
-76.2346
-76.2367
-76.2387
-76.224
-76.2043
-76.1887
-76.1766
-76.1671
-76.1597
-76.1539
-76.1419
-76.1255
-76.1129
-76.1037
-76.0968
-76.0917
-76.088
-76.0854
-76.0802
-76.0718
-76.0655
-76.0612
-76.0582
-76.0562
-76.0551
-76.0546
-76.0546
-76.0541
-76.0497
-76.0462
-76.0439
-76.0426
-76.042
-76.0419
-76.0423
-76.043
-76.044
-76.0453
-76.0468
-76.0485
-76.0503
-76.0523
-76.0543
-76.0565
-76.0588
-76.0612
-76.0636
-76.0662
-76.0687
-76.0713
-76.074
-76.0767
-76.0795
-76.0822
-76.085
-76.0878
-76.0907
-76.0935
-76.0964
-76.0992
-76.1021
-76.1049
-76.1078
-76.1106
-76.1135
-76.1163
-76.1192
-76.122
-76.1248
-76.1276
-76.1304
-76.1332
-76.136
-76.1387
-76.1415
-76.1442
-76.1469
-76.1496
-76.1523
-76.1549
-76.1575
-76.1602
-76.1628
-76.1653
-76.1679
-76.1705

