-70
-70.0758
-70.1508
-70.225
-70.2983
-70.3706
-70.4419
-70.5122
-70.5814
-70.6496
-70.7168
-70.7829
-70.848
-70.9121
-70.9752
-71.0373
-71.0984
-71.1586
-71.2178
-71.2761
-71.3334
-71.3899
-71.4455
-71.5003
-71.5543
-71.6074
-71.6598
-71.7114
-71.7623
-71.8124
-71.8619
-71.9106
-71.9587
-72.006
-72.0527
-72.0988
-72.1442
-72.1889
-72.2331
-72.2766
-72.3196
-72.362
-72.4038
-72.445
-72.4857
-72.5258
-72.5654
-72.6045
-72.6431
-72.6812
-72.7188
-72.756
-72.7927
-72.8289
-72.8647
-72.9
-72.9349
-72.9694
-73.0035
-73.0371
-73.0704
-73.1032
-73.1357
-73.1678
-73.1994
-73.2307
-73.2617
-73.2922
-73.3224
-73.3523
-73.3817
-73.4109
-73.4397
-73.4682
-73.4963
-73.5241
-73.5516
-73.5788
-73.6057
-73.6323
-73.6585
-73.6845
-73.7102
-73.7356
-73.7608
-73.7857
-73.8103
-73.8346
-73.8587
-73.8825
-73.9061
-73.9294
-73.9524
-73.9753
-73.9979
-74.0202
-74.0423
-74.0642
-74.0859
-74.1073
-74.1285
-74.1495
-74.1703
-74.1909
-74.2112
-74.2313
-74.2513
-74.271
-74.2905
-74.3098
-74.329
-74.3479
-74.3666
-74.3852
-74.4036
-74.4217
-74.4397
-74.4575
-74.4752
-74.4926
-74.5099
-74.527
-74.544
-74.5607
-74.5774
-74.5938
-74.6101
-74.6262
-74.6422
-74.658
-74.6736
-74.6891
-74.7045
-74.7197
-74.7347
-74.7496
-74.7644
-74.779
-74.7935
-74.8079
-74.8221
-74.8362
-74.8501
-74.864
-74.8777
-74.8913
-74.9047
-74.918
-74.9313
-74.9443
-74.9573
-74.9701
-74.9829
-74.9955
-75.008
-75.0204
-75.0327
-75.0448
-75.0569
-75.0688
-75.0806
-75.0924
-75.104
-75.1155
-75.1269
-75.1382
-75.1495
-75.1606
-75.1716
-75.1825
-75.1933
-75.204
-75.2147
-75.2252
-75.2356
-75.246
-75.2562
-75.2664
-75.2764
-75.2864
-75.2963
-75.3061
-75.3158
-75.3255
-75.335
-75.3445
-75.3538
-75.3631
-75.3724
-75.3815
-75.3906
-75.3995
-75.4084
-75.4172
-75.426
-75.4346
-75.4432
-75.4518
-75.4602
-75.4686
-75.4769
-75.4851
-75.4932
-75.5013
-75.5093
-75.5173
-75.5251
-75.533
-75.5407
-75.5484
-75.556
-75.5635
-75.571
-75.5784
-75.5858
-75.593
-75.6003
-75.6074
-75.6145
-75.6216
-75.6285
-75.6355
-75.6423
-75.6491
-75.6559
-75.6626
-75.6692
-75.6758
-75.6823
-75.6888
-75.6952
-75.7015
-75.7078
-75.7141
-75.7203
-75.7264
-75.7325
-75.7386
-75.7446
-75.7505
-75.7564
-75.7622
-75.768
-75.7738
-75.7795
-75.7851
-75.7907
-75.7963
-75.8018
-75.8072
-75.8127
-75.818
-75.8234
-75.8287
-75.8339
-75.8391
-75.8443
-75.8494
-75.8545
-75.8595
-75.8645
-75.8695
-75.8744
-75.8793
-75.8841
-75.8889
-75.8937
-75.8984
-75.9031
-75.9077
-75.9123
-75.9169
-75.9214
-75.9259
-75.9304
-75.9348
-75.9392
-75.9436
-75.9479
-75.9522
-75.9565
-75.9607
-75.9649
-75.969
-75.9731
-75.9772
-75.9813
-75.9853
-75.9893
-75.9933
-75.9972
-76.0011
-76.005
-76.0088
-76.0126
-76.0164
-76.0201
-76.0239
-76.0275
-76.0312
-76.0348
-76.0384
-76.042
-76.0456
-76.0491
-76.0526
-76.056
-76.0595
-76.0629
-76.0663
-76.0696
-76.0729
-76.0762
-76.0795
-76.0828
-76.086
-76.0892
-76.0924
-76.0955
-76.0986
-76.1017
-76.1048
-76.1079
-76.1109
-76.1139
-76.1169
-76.1198
-76.1228
-76.1257
-76.1286
-76.1314
-76.1343
-76.1371
-76.1399
-76.1427
-76.1455
-76.1482
-76.1509
-76.1536
-76.1563
-76.1589
-76.1615
-76.1642
-76.1667
-76.1693
-76.1719
-76.1744
-76.1769
-76.1794
-76.1819
-76.1843
-76.1868
-76.1892
-76.1916
-76.1939
-76.1963
-76.1986
-76.201
-76.2033
-76.2056
-76.2078
-76.2101
-76.2123
-76.2145
-76.2167
-76.2189
-76.2211
-76.2232
-76.2254
-76.2275
-76.2296
-76.2317
-76.2337
-76.2358
-76.2378
-76.2398
-76.2418
-76.2438
-76.2458
-76.2478
-76.2497
-76.2516
-76.2536
-76.2554
-76.2573
-76.2592
-76.2611
-76.2629
-76.2647
-76.2665
-76.2683
-76.2701
-76.2719
-76.2737
-76.2754
-76.2771
-76.2788
-76.2806
-76.2822
-76.2839
-76.2856
-76.2872
-76.2889
-76.2905
-76.2921
-76.2937
-76.2953
-76.2969
-76.2985
-76.3
-76.3016
-76.3031
-76.3046
-76.3061
-76.3076
-76.3091
-76.3106
-76.312
-76.3135
-76.3149
-76.3164
-76.3178
-76.3192
-76.3206
-76.322
-76.3233
-76.3247
-76.3261
-76.3274
-76.3287
-76.33
-76.3314
-76.3327
-76.334
-76.3352
-76.3365
-76.3378
-76.339
-76.3403
-76.3415
-76.3427
-76.3439
-76.3452
-76.3464
-76.3475
-76.3487
-76.3499
-76.351
-76.3522
-76.3533
-76.3545
-76.3556
-76.3567
-76.3578
-76.3589
-76.36
-76.3611
-76.3622
-76.3632
-76.3643
-76.3654
-76.3664
-76.3674
-76.3685
-76.3695
-76.3705
-76.3715
-76.3725
-76.3735
-76.3745
-76.3754
-76.3764
-76.3774
-76.3783
-76.3793
-76.3802
-76.3811
-76.382
-76.383
-76.3839
-76.3848
-76.3857
-76.3866
-76.3874
-76.3883
-76.3892
-76.39
-76.3909
-76.3917
-76.3926
-76.3934
-76.3943
-76.3951
-76.3959
-76.3967
-76.3975
-76.3983
-76.3991
-76.3999
-76.4007
-76.4014
-76.4022
-76.403
-76.4037
-76.4045
-76.4052
-76.406
-76.4067
-76.4074
-76.4082
-76.4089
-76.4096
-76.4103
-76.411
-76.4117
-76.4124
-76.4131
-76.4137
-76.4144
-76.4151
-76.4158
-76.4164
-76.4171
-76.4177
-76.4184
-76.419
-76.4196
-76.4203
-76.4209
-76.4215
-76.4221
-76.4227
-76.4234
-76.424
-76.4246
-76.4251
-76.4257
-76.4263
-76.4269
-76.4275
-76.428
-76.4286
-76.4292
-76.4297
-76.4303
-76.4308
-76.4314
-76.4319
-76.4325
-76.433
-76.4335
-76.4341
-76.4346
-76.4351
-76.4356
-76.4361
-76.4366
-76.4371
-76.4376
-76.4381
-76.4386
-76.4391
-76.4396
-76.4401
-76.4405
-76.441
-76.4415
-76.4419
-76.4424
-76.4429
-76.4433
-76.4438
-76.4442
-76.4447
-76.4451
-76.4455
-76.446
-76.4464
-76.4468
-76.4473
-76.4477
-76.4481
-76.4485
-76.4489
-76.4493
-76.4497
-76.4501
-76.4505
-76.4509
-76.4513
-76.4517
-76.4521
-76.4525
-76.4529
-76.4533
-76.4536
-76.454
-76.4544
-76.4548
-76.4551
-76.4555
-76.4558
-76.4562
-76.4566
-76.4569
-76.4573
-76.4576
-76.4579
-76.4583
-76.4586
-76.459
-76.4593
-76.4596
-76.4201
-76.3763
-76.3419
-76.3147
-76.2931
-76.2759
-76.262
-76.2507
-76.2417
-76.2335
-76.2064
-76.173
-76.1387
-76.1145
-76.0977
-76.0858
-76.0773
-76.0712
-76.0669
-76.064
-76.0621
-76.0609
-76.0604
-76.0604
-76.0608
-76.0616
-76.0626
-76.0639
-76.0654
-76.0671
-76.0689
-76.0709
-76.073
-76.0752
-76.0775
-76.0799
-76.0823
-76.0848
-76.0874
-76.09
-76.0926
-76.0953
-76.098
-76.1007
-76.1035
-76.1062
-76.109
-76.1117
-76.1145
-76.1173
-76.1201
-76.1228
-76.1256
-76.1284
-76.1311
-76.1338
-76.1366
-76.1393
-76.142
-76.1447
-76.1474
-76.1501
-76.1527
-76.1553
-76.158
-76.1606
-76.1632
-76.1657
-76.1683
-76.1708
-76.1733
-76.1759
-76.1783
-76.1808
-76.1833
-76.1857
-76.1881
-76.1905
-76.1929
-76.1952
-76.1976
-76.1999
-76.2022
-76.2045
-76.2068
-76.209
-76.2113
-76.2135
-76.2157
-76.2179
-76.2201
-76.2222
-76.2244
-76.2265
-76.2286
-76.2307
-76.2328
-76.2348
-76.2369
-76.2389
-76.2409
-76.2429
-76.2449
-76.2468
-76.2488
-76.2507
-76.2526
-76.2545
-76.2564
-76.2583
-76.2602
-76.262
-76.2639
-76.2657
-76.2675
-76.2693
-76.2711
-76.2728
-76.2746
-76.2763
-76.278
-76.2797
-76.2814
-76.2831
-76.2848
-76.2865
-76.2881
-76.2897
-76.2914
-76.293
-76.2946
-76.2961
-76.2977
-76.2993
-76.3008
-76.3024
-76.3039
-76.3054
-76.3069
-76.3084
-76.3099
-76.3113
-76.3128
-76.3142
-76.3157
-76.3171
-76.3185
-76.3199
-76.3213
-76.3227
-76.324
-76.3254
-76.3268
-76.3281
-76.3294
-76.3307
-76.332
-76.3333
-76.3346
-76.3359
-76.3372
-76.3384
-76.3397
-76.3409
-76.3421
-76.3434
-76.3446
-76.3458
-76.347
-76.3482
-76.3493
-76.3505
-76.3517
-76.3528
-76.3539
-76.3551
-76.3562
-76.3573
-76.3584
-76.3595
-76.3606
-76.3617
-76.3627
-76.3638
-76.3649
-76.3659
-76.3576
-76.3226
-76.2921
-76.2683
-76.2496
-76.2346
-76.2228
-76.2133
-76.2057
-76.1996
-76.1949
-76.1912
-76.1884
-76.1798
-76.1603
-76.1445
-76.1326
-76.1236
-76.1168
-76.1116
-76.1078
-76.105
-76.1031
-76.0974
-76.0871
-76.0792
-76.0735
-76.0695
-76.0668
-76.065
-76.0639
-76.0635
-76.0635
-76.0639
-76.0647
-76.0658
-76.0671
-76.0686
-76.0703
-76.0722
-76.0742
-76.0763
-76.0785
-76.0808
-76.0832
-76.0856
-76.0881
-76.0906
-76.0932
-76.0959
-76.0985
-76.1012
-76.1039
-76.1066
-76.1094
-76.1121
-76.1149
-76.1176
-76.1204
-76.1232
-76.1259
-76.1287
-76.1314
-76.1341
-76.1369
-76.1396
-76.1423
-76.145
-76.1476
-76.1503
-76.1529
-76.1556
-76.1582
-76.1608
-76.1634
-76.1659
-76.1685
-76.171
-76.1735
-76.176
-76.1785
-76.181
-76.1834
-76.1859
-76.1883
-76.1907
-76.1931
-76.1954
-76.1978
-76.2001
-76.2024
-76.2047
-76.2069
-76.2092
-76.2114
-76.2137
-76.2159
-76.2181
-76.2202
-76.2224
-76.2245
-76.2266
-76.2287
-76.2308
-76.2329
-76.235
-76.237
-76.239
-76.241
-76.243
-76.245
-76.247
-76.2489
-76.2509
-76.2528
-76.2547
-76.2566
-76.2585
-76.2603
-76.2622
-76.264
-76.2658
-76.2676
-76.2694
-76.2712
-76.273
-76.2747
-76.2764
-76.2782
-76.2799
-76.2816
-76.2833
-76.2849
-76.2866
-76.2882
-76.2899
-76.2915
-76.2931
-76.2947
-76.2963
-76.2978
-76.2994
-76.3009
-76.3025
-76.304
-76.3055
-76.307
-76.3085
-76.31
-76.3114
-76.3129
-76.3143
-76.3158
-76.3172
-76.3186
-76.32
-76.3214
-76.3228
-76.3242
-76.3255
-76.3269
-76.3282
-76.3295
-76.3308
-76.3321
-76.3334
-76.3347
-76.336
-76.3373
-76.3385
-76.3398
-76.341
-76.3422
-76.3435
-76.3447
-76.3459
-76.3471
-76.3482
-76.3494
-76.3506
-76.3517
-76.3529
-76.354
-76.3552
-76.3563
-76.3574
-76.3585
-76.3596
-76.3607
-76.3618
-76.3628
-76.3639
-76.3649
-76.366
-76.367
-76.3681
-76.3691
-76.3701
-76.3711
-76.3721
-76.3731

