-70
-69.8623
-69.7285
-69.5983
-69.4718
-69.3487
-69.2291
-69.1128
-68.9997
-68.8897
-68.7828
-68.6789
-68.5778
-68.4795
-68.3839
-68.291
-68.2007
-68.1128
-68.0274
-67.9443
-67.8636
-67.7851
-67.7087
-67.6345
-67.5623
-67.4921
-67.4238
-67.3574
-67.2929
-67.2301
-67.1691
-67.1098
-67.0521
-66.996
-66.9414
-66.8884
-66.8368
-66.7866
-66.7378
-66.6904
-66.6443
-66.5994
-66.5558
-66.5133
-66.4721
-66.432
-66.393
-66.355
-66.3181
-66.2823
-66.2474
-66.2134
-66.1805
-66.1484
-66.1172
-66.0868
-66.0573
-66.0286
-66.0007
-65.9736
-65.9472
-65.9215
-65.8966
-65.8723
-65.8487
-65.8257
-65.8034
-65.7817
-65.7606
-65.74
-65.72
-65.7006
-65.6817
-65.6633
-65.6455
-65.6281
-65.6112
-65.5948
-65.5788
-65.5632
-65.5481
-65.5334
-65.5191
-65.5052
-65.4917
-65.4785
-65.4657
-65.4533
-65.4412
-65.4294
-65.418
-65.4068
-65.396
-65.3855
-65.3752
-65.3653
-65.3556
-65.3462
-65.337
-65.3281
-65.3194
-65.311
-65.3028
-65.2948
-65.2871
-65.2795
-65.2722
-65.2651
-65.2581
-65.2514
-65.2448
-65.2385
-65.2322
-65.2262
-65.2203
-65.2146
-65.2091
-65.2037
-65.1984
-65.1933
-65.1884
-65.1835
-65.1788
-65.1743
-65.1698
-65.1655
-65.1613
-65.1572
-65.1532
-65.1493
-65.1456
-65.1419
-65.1384
-65.1349
-65.1315
-65.1283
-65.1251
-65.122
-65.119
-65.1161
-65.1132
-65.1104
-65.1077
-65.1051
-65.1026
-65.1001
-65.0977
-65.0953
-65.0931
-65.0908
-65.0887
-65.0866
-65.0845
-65.0826
-65.0806
-65.0788
-65.0769
-65.0752
-65.0734
-65.0718
-65.0701
-65.0685
-65.067
-65.0655
-65.064
-65.0626
-65.0612
-65.0599
-65.0586
-65.0573
-65.0561
-65.0549
-65.0537
-65.0526
-65.0514
-65.0504
-65.0493
-65.0483
-65.0473
-65.0464
-65.0454
-65.0445
-65.0436
-65.0428
-65.0419
-65.0411
-65.0403
-65.0395
-65.0388
-65.0381
-65.0374
-65.0367
-65.036
-65.0353
-65.0347
-65.0341
-65.0335
-65.0329
-65.0323
-65.0318
-65.0313
-65.0307
-65.0302
-65.0297
-65.0293
-65.0288
-65.0283
-65.0279
-65.0275
-65.027
-65.0266
-65.0262
-65.0259
-65.0255
-65.0251
-65.0248
-65.0244
-65.0241
-65.0238
-65.0234
-65.0231
-65.0228
-65.0225
-65.0223
-65.022
-65.0217
-65.0215
-65.0212
-65.021
-65.0207
-65.0205
-65.0203
-65.02
-65.0198
-65.0196
-65.0194
-65.0192
-65.019
-65.0188
-65.0187
-65.0185
-65.0183
-65.0181
-65.018
-65.0178
-65.0177
-65.0175
-65.0174
-65.0172
-65.0171
-65.017
-65.0168
-65.0167
-65.0166
-65.0165
-65.0163
-65.0162
-65.0161
-65.016
-65.0159
-65.0158
-65.0157
-65.0156
-65.0155
-65.0154
-65.0153
-65.0153
-65.0152
-65.0151
-65.015
-65.0149
-65.0149
-65.0148
-65.0147
-65.0147
-65.0146
-65.0145
-65.0145
-65.0144
-65.0143
-65.0143
-65.0142
-65.0142
-65.0141
-65.0141
-65.014
-65.014
-65.0139
-65.0139
-65.0138
-65.0138
-65.0137
-65.0137
-65.0137
-65.0136
-65.0136
-65.0135
-65.0135
-65.0135
-65.0134
-65.0134
-65.0134
-65.0133
-65.0133
-65.0133
-65.0133
-65.0132
-65.0132
-65.0132
-65.0131
-65.0131
-65.0131
-65.0131
-65.0131
-65.013
-65.013
-65.013
-65.013
-65.0129
-65.0129
-65.0129
-65.0129
-65.0129
-65.0129
-65.0128
-65.0128
-65.0128
-65.0128
-65.0128
-65.0128
-65.0127
-65.0127
-65.0127
-65.0127
-65.0127
-65.0127
-65.0127
-65.0127
-65.0126
-65.0126
-65.0126
-65.0126
-65.0126
-65.0126
-65.0126
-65.0126
-65.0126
-65.0126
-65.0125
-65.0125
-65.0125
-65.0125
-65.0125
-65.0125
-65.0125
-65.0125
-65.0125
-65.0125
-65.0125
-65.0125
-65.0125
-65.0124
-65.0124
-65.0124
-65.0124
-65.0124
-65.0124
-65.0124
-65.0124
-65.0124
-65.0124
-65.0124
-65.0124
-65.0124
-65.0124
-65.0124
-65.0124
-65.0124
-65.0124
-65.0124
-65.0124
-65.0124
-65.0124
-65.0124
-65.0123
-65.0123
-65.0123
-65.0123
-65.0123
-65.0123
-65.0123
-65.0123
-65.0123
-65.0123
-65.0123
-65.0123
-65.0123
-65.0123
-65.0123
-65.0123
-65.0123
-65.0123
-65.0123
-65.0123
-65.0123
-65.0123
-65.0123
-65.0123
-65.0123
-65.0123
-65.0123
-65.0123
-65.0123
-65.0123
-65.0123
-65.0123
-65.0123
-65.0123
-65.0123
-65.0123
-65.0123
-65.0123
-65.0123
-65.0123
-65.0123
-65.0123
-65.0123
-65.0123
-65.0123
-65.0123
-65.0123
-65.0123
-65.0123
-65.0123
-65.0123
-65.0123
-65.0123
-65.0123
-65.0123
-65.0123
-65.0123
-65.0123
-65.0123
-65.0123
-65.0123
-65.0123
-65.0123
-65.0123
-65.0123
-65.0123
-65.0123
-65.0123
-65.0123
-65.0123
-65.0123
-65.0123
-65.0123
-65.0123
-64.9505
-64.8995
-64.8615
-64.8344
-64.8133
-64.7964
-64.7828
-64.772
-64.7634
-64.7568
-64.7518
-64.7482
-64.7458
-64.7444
-64.7439
-64.7441
-64.745
-64.7465
-64.7484
-64.7508
-64.7534
-64.7564
-64.7596
-64.763
-64.7666
-64.7703
-64.7742
-64.7781
-64.7821
-64.7861
-64.7902
-64.7942
-64.7983
-64.8024
-64.728
-64.5428
-64.4186
-64.326
-64.2594
-64.2073
-64.1662
-64.1339
-64.109
-64.0903
-64.0767
-64.0676
-64.0622
-64.06
-64.0606
-64.0635
-64.0685
-64.0751
-64.0832
-64.0925
-64.1029
-64.0959
-63.9091
-63.702
-63.4484
-63.2614
-63.0943
-62.6632
-62.2113
-61.633
-61.1092
-60.6137
-60.2557
-59.9843
-59.6458
-59.3384
-59.1125
-58.8989
-58.7445
-58.6332
-58.5581
-58.511
-58.487
-58.4825
-58.4944
-58.5205
-58.5585
-58.6068
-58.6638
-58.6733
-58.6712
-58.6499
-58.6583
-58.6675
-58.6755
-58.7058
-58.7512
-58.8088
-58.8749
-58.9478
-59.0261
-59.0852
-59.1277
-59.1864
-59.255
-59.3315
-59.4127
-59.414
-59.4259
-59.459
-59.5096
-59.5703
-59.5993
-59.5811
-59.5948
-59.6271
-59.6747
-59.7312
-59.7944
-59.8628
-59.9353
-60.011
-60.0892
-60.1694
-60.2509
-60.3213
-60.3595
-60.3604
-60.3829
-60.4211
-60.4705
-60.5265
-60.587
-60.6509
-60.7175
-60.7861
-60.8561
-60.9271
-60.9988
-60.9907
-60.9101
-60.7242
-60.4331
-60.1761
-59.9749
-59.7511
-59.3283
-58.8879
-58.4824
-58.1598
-57.9353
-57.7558
-57.6161
-57.5228
-57.466
-57.4082
-57.3752
-57.3699
-57.3879
-57.4241
-57.4748
-57.5377
-57.6108
-57.6925
-57.7814
-57.8764
-57.9763
-58.0803
-58.1876
-58.2975
-58.4095
-58.523
-58.6375
-58.7527
-58.8682
-58.9838
-59.0991
-59.2139
-59.328
-59.4413
-59.5536
-59.6648
-59.7747
-59.8833
-59.9904
-60.0959
-60.1999
-60.3022
-60.4027
-60.5016
-60.5986
-60.6939
-60.7874
-60.8791
-60.969
-61.057
-61.1433
-61.2277
-61.3103
-61.3912
-61.4702
-61.5476
-61.6232
-61.6971
-61.7694
-61.84
-61.909
-61.9764
-62.0422
-62.1065
-62.1692
-62.2305
-62.2902
-62.3486
-62.4055
-62.4611
-62.5153
-62.5683
-62.6199
-62.6703
-62.7194
-62.7673
-62.8141
-62.8597
-62.9042
-62.9476
-62.9899
-63.0312
-63.0714
-63.1106
-63.0915
-62.9002
-62.7836
-62.7034
-62.6548
-62.6229
-62.6033
-62.5935
-62.5916
-62.5962
-62.6063
-62.5251
-62.2935
-62.1267
-61.9553
-61.7395
-61.4061
-60.9476
-60.5732
-60.1038
-59.7319
-59.4604
-59.2083
-59.0244
-58.8846
-58.7538
-58.666
-58.6099
-58.5812
-58.5132
-58.4115
-58.3583
-58.3371
-58.3425
-58.3656
-58.3623
-58.349
-58.363
-58.3874
-58.4001
-58.4351
-58.4693
-58.4547
-58.4667
-58.4998
-58.5154
-58.5456
-58.5509
-58.5539
-58.5682
-58.6053
-58.6148
-58.6159
-58.628
-58.6463
-58.6555
-58.6899
-58.7398
-58.8022
-58.8733
-58.9512
-59.0344
-59.1219
-59.2128
-59.3064
-59.4021
-59.4992
-59.5574
-59.6228
-59.6967
-59.7779
-59.8628
-59.95
-60.0387
-60.1284
-60.2186
-60.309
-60.3993
-60.4782
-60.489
-60.4798
-60.4497
-60.3782
-60.3442
-60.2725
-60.2129
-60.187
-60.1854
-60.1656
-60.1531
-60.1296
-60.0643
-60.0036
-59.949
-59.8702
-59.7583
-59.6345
-59.453
-59.2884
-59.1236
-58.9882
-58.8848
-58.7417
-58.6234
-58.4915
-58.3992
-58.3492
-58.3307
-58.2708
-58.2154
-58.1329
-58.0936
-58.0859
-58.0691
-58.0725
-58.0252
-57.9842
-57.9657
-57.9455
-57.9586
-57.9924
-58.0433
-58.1063
-58.1792
-58.26
-58.3474
-58.4402
-58.5374
-58.638
-58.7414
-58.847
-58.9541
-59.0623
-59.1712
-59.2804
-59.3897
-59.4987
-59.6073
-59.7151
-59.8221
-59.9281
-60.0329
-60.1365
-60.2386
-60.3394
-60.4386
-60.5363
-60.6324
-60.7268
-60.8196
-60.9106
-61
-61.0876
-61.1736
-61.2577
-61.3402
-61.4209
-61.4999
-61.5772
-61.6528
-61.7268
-61.7991
-61.8698
-61.9389
-62.0064
-62.0724
-62.1368
-62.1997
-62.2611
-62.3211
-62.3796
-62.4367
-62.4925
-62.5469
-62.6
-62.6518
-62.7024
-62.7517
-62.7998
-62.8467
-62.8925
-62.9371
-62.9807
-63.0231
-63.0646
-63.1049
-63.1443
-63.1827
-63.2201
-63.2566
-63.2922
-63.3269
-63.3608
-63.3938
-63.4259
-63.4573
-63.4879
-63.5177
-63.5467
-63.5751
-63.6027
-63.6297
-63.656
-63.6668
-63.4999
-63.2392
-63.0606
-62.9348
-62.8467
-62.7811
-62.7326
-62.6177
-62.3997
-62.2392
-62.1252
-62.0471
-61.9917
-61.8589
-61.2
-60.5442
-60.0852
-59.7592
-59.521
-59.3401
-59.2043
-59.1051
-59.0363
-58.9629
-58.875
-58.8252
-58.8023
-58.8025
-58.8193
-58.8496
-58.8674
-58.7676
-58.6673
-58.5824
-58.5457
-58.5398
-58.5563
-58.5863
-58.5898
-58.6166
-58.6589
-58.715
-58.7805
-58.7946
-58.7343
-58.6952
-58.6574
-58.6588
-58.6827
-58.7241
-58.7778
-58.8412
-58.9124
-58.9899
-59.0726
-59.1594
-59.2496
-59.3423
-59.4371
-59.5334
-59.6066
-59.6305
-59.6634
-59.7135
-59.7761
-59.8462
-59.9212
-59.9996
-60.0807
-60.1638
-60.2482
-60.3335
-60.4194
-60.5055
-60.5642
-60.6115
-60.6695
-60.7339
-60.8027
-60.8736
-60.9459
-61.019
-61.0926
-61.1663
-61.2399
-61.3131
-61.3859
-61.458
-61.5294
-61.5999
-61.6695
-61.7381
-61.8057
-61.8721
-61.9375
-61.9307
-61.8678
-61.7906
-61.6925
-61.5983
-61.2714
-60.8591
-60.4709
-60.096
-59.7894
-59.5349
-59.259
-58.9327
-58.663
-58.4749
-58.3459
-58.2596
-58.2056
-58.1781

