-70
-69.8623
-69.7285
-69.5983
-69.4718
-69.3487
-69.2291
-69.1128
-68.9997
-68.8897
-68.7828
-68.6789
-68.5778
-68.4795
-68.3839
-68.291
-68.2007
-68.1128
-68.0274
-67.9443
-67.8636
-67.7851
-67.7087
-67.6345
-67.5623
-67.4921
-67.4238
-67.3574
-67.2929
-67.2301
-67.1691
-67.1098
-67.0521
-66.996
-66.9414
-66.8884
-66.8368
-66.7866
-66.7378
-66.6904
-66.6443
-66.5994
-66.5558
-66.5133
-66.4721
-66.432
-66.393
-66.355
-66.3181
-66.2823
-66.2474
-66.2134
-66.1805
-66.1484
-66.1172
-66.0868
-66.0573
-66.0286
-66.0007
-65.9736
-65.9472
-65.9215
-65.8966
-65.8723
-65.8487
-65.8257
-65.8034
-65.7817
-65.7606
-65.74
-65.72
-65.7006
-65.6817
-65.6633
-65.6455
-65.6281
-65.6112
-65.5948
-65.5788
-65.5632
-65.5481
-65.5334
-65.5191
-65.5052
-65.4917
-65.4785
-65.4657
-65.4533
-65.4412
-65.4294
-65.418
-65.4068
-65.396
-65.3855
-65.3752
-65.3653
-65.3556
-65.3462
-65.337
-65.3281
-65.3194
-65.311
-65.3028
-65.2948
-65.2871
-65.2795
-65.2722
-65.2651
-65.2581
-65.2514
-65.2448
-65.2385
-65.2322
-65.2262
-65.2203
-65.2146
-65.2091
-65.2037
-65.1984
-65.1933
-65.1884
-65.1835
-65.1788
-65.1743
-65.1698
-65.1655
-65.1613
-65.1572
-65.1532
-65.1493
-65.1456
-65.1419
-65.1384
-65.1349
-65.1315
-65.1283
-65.1251
-65.122
-65.119
-65.1161
-65.1132
-65.1104
-65.1077
-65.1051
-65.1026
-65.1001
-65.0977
-65.0953
-65.0931
-65.0908
-65.0887
-65.0866
-65.0845
-65.0826
-65.0806
-65.0788
-65.0769
-65.0752
-65.0734
-65.0718
-65.0701
-65.0685
-65.067
-65.0655
-65.064
-65.0626
-65.0612
-65.0599
-65.0586
-65.0573
-65.0561
-65.0549
-65.0537
-65.0526
-65.0514
-65.0504
-65.0493
-65.0483
-65.0473
-65.0464
-65.0454
-65.0445
-65.0436
-65.0428
-65.0419
-65.0411
-65.0403
-65.0395
-65.0388
-65.0381
-65.0374
-65.0367
-65.036
-65.0353
-65.0347
-65.0341
-65.0335
-65.0329
-65.0323
-65.0318
-65.0313
-65.0307
-65.0302
-65.0297
-65.0293
-65.0288
-65.0283
-65.0279
-65.0275
-65.027
-65.0266
-65.0262
-65.0259
-65.0255
-65.0251
-65.0248
-65.0244
-65.0241
-65.0238
-65.0234
-65.0231
-65.0228
-65.0225
-65.0223
-65.022
-65.0217
-65.0215
-65.0212
-65.021
-65.0207
-65.0205
-65.0203
-65.02
-65.0198
-65.0196
-65.0194
-65.0192
-65.019
-65.0188
-65.0187
-65.0185
-65.0183
-65.0181
-65.018
-65.0178
-65.0177
-65.0175
-65.0174
-65.0172
-65.0171
-65.017
-65.0168
-65.0167
-65.0166
-65.0165
-65.0163
-65.0162
-65.0161
-65.016
-65.0159
-65.0158
-65.0157
-65.0156
-65.0155
-65.0154
-65.0153
-65.0153
-65.0152
-65.0151
-65.015
-65.0149
-65.0149
-65.0148
-65.0147
-65.0147
-65.0146
-65.0145
-65.0145
-65.0144
-65.0143
-65.0143
-65.0142
-65.0142
-65.0141
-65.0141
-65.014
-65.014
-65.0139
-65.0139
-65.0138
-65.0138
-65.0137
-65.0137
-65.0137
-65.0136
-65.0136
-65.0135
-65.0135
-65.0135
-65.0134
-65.0134
-65.0134
-65.0133
-65.0133
-65.0133
-65.0133
-65.0132
-65.0132
-65.0132
-65.0131
-65.0131
-65.0131
-65.0131
-65.0131
-65.013
-65.013
-65.013
-65.013
-65.0129
-65.0129
-65.0129
-65.0129
-65.0129
-65.0129
-65.0128
-65.0128
-65.0128
-65.0128
-65.0128
-65.0128
-65.0127
-65.0127
-65.0127
-65.0127
-65.0127
-65.0127
-65.0127
-65.0127
-65.0126
-65.0126
-65.0126
-65.0126
-65.0126
-65.0126
-65.0126
-65.0126
-65.0126
-65.0126
-65.0125
-65.0125
-65.0125
-65.0125
-65.0125
-65.0125
-65.0125
-65.0125
-65.0125
-65.0125
-65.0125
-65.0125
-65.0125
-65.0124
-65.0124
-65.0124
-65.0124
-65.0124
-65.0124
-65.0124
-65.0124
-65.0124
-65.0124
-65.0124
-65.0124
-65.0124
-65.0124
-65.0124
-65.0124
-65.0124
-65.0124
-65.0124
-65.0124
-65.0124
-65.0124
-65.0124
-65.0123
-65.0123
-65.0123
-65.0123
-65.0123
-65.0123
-65.0123
-65.0123
-65.0123
-65.0123
-65.0123
-65.0123
-65.0123
-65.0123
-65.0123
-65.0123
-65.0123
-65.0123
-65.0123
-65.0123
-65.0123
-65.0123
-65.0123
-65.0123
-65.0123
-65.0123
-65.0123
-65.0123
-65.0123
-65.0123
-65.0123
-65.0123
-65.0123
-65.0123
-65.0123
-65.0123
-65.0123
-65.0123
-65.0123
-65.0123
-65.0123
-65.0123
-65.0123
-65.0123
-65.0123
-65.0123
-65.0123
-65.0123
-65.0123
-65.0123
-65.0123
-65.0123
-65.0123
-65.0123
-65.0123
-65.0123
-65.0123
-65.0123
-65.0123
-65.0123
-65.0123
-65.0123
-65.0123
-65.0123
-65.0123
-65.0123
-65.0123
-65.0123
-65.0123
-65.0123
-65.0123
-65.0123
-65.0123
-65.0123
-62.8966
-61.2292
-60.0231
-59.1793
-58.531
-58.0159
-57.6039
-57.2749
-57.0144
-56.8111
-56.6558
-56.5413
-56.4617
-56.4118
-56.3875
-56.3854
-56.4023
-56.4357
-56.4833
-56.5433
-56.614
-56.6938
-56.7815
-56.876
-56.9762
-57.0813
-57.1903
-57.3028
-57.4179
-57.5353
-57.6543
-57.7745
-57.8954
-58.017
-57.9047
-57.4624
-57.2013
-57.0315
-56.9367
-56.8826
-56.8591
-56.8601
-56.8811
-56.9188
-56.9706
-57.0341
-57.1075
-57.1892
-57.2778
-57.3722
-57.4715
-57.5746
-57.681
-57.1889
-56.8663
-55.5384
-51.6303
-48.9731
-45.8743
-41.8483
-34.391
33.1195
13.7613
-18.5006
-38.6541
-44.0453
-43.1321
-40.8238
-37.5499
-33.1613
-24.491
8.29415
-2.82175
-25.8178
-39.4297
-43.9887
-43.8822
-41.7554
-38.9685
-35.4589
-28.8199
2.17328
4.71203
-23.4452
-41.2531
-47.5651
-48.0409
-46.7352
-44.9528
-43.2134
-41.7512
-41.5385
-40.1763
-42.4382
-45.5653
-48.1235
-49.1707
-49.7011
-49.9636
-50.8876
-51.5787
-51.6887
-51.4963
-51.1972
-50.7651
-50.2304
-49.7197
-49.2017
-48.6331
-47.8507
-47.0738
-46.2296
-45.255
-44.0138
-42.1908
-38.581
-16.7427
28.3774
-13.6366
-42.8579
-57.6758
-61.0312
-61.3694
-60.7262
-59.3173
-57.4981
-55.9128
-54.2436
-51.9652
-49.6877
-47.3799
-45.1993
-42.3663
-37.5516
-17.5803
28.9992
-8.41277
-33.5927
-47.7738
-49.6235
-46.1429
-41.7342
-37.5017
-32.0034
-16.8084
11.4308
-13.1613
-34.3248
-46.5344
-49.3058
-49.2607
-50.8159
-51.3015
-53.2799
-54.3029
-55.0934
-54.8731
-56.0015
-56.3714
-56.3098
-57.5648
-58.2642
-59.7549
-61.8959
-63.7757
-64.6139
-65.3732
-66.7086
-67.3085
-67.3174
-67.1635
-67.1788
-67.0416
-66.7807
-66.4749
-66.4291
-66.3247
-66.0589
-65.7479
-65.412
-65.0602
-64.6982
-64.33
-63.9586
-63.5867
-63.2162
-62.8489
-62.4864
-62.1299
-61.7806
-61.4391
-61.1064
-60.7829
-60.4691
-60.1653
-59.8716
-59.5882
-59.3151
-59.0523
-58.7996
-58.5569
-58.324
-58.1006
-57.8864
-57.6811
-57.4845
-57.2961
-57.1158
-56.9431
-56.7777
-56.6192
-56.4673
-56.3218
-56.1824
-56.0486
-55.9204
-55.7972
-55.6789
-55.5653
-55.4561
-55.3511
-55.2502
-55.1532
-55.0597
-54.4545
-52.7951
-51.5732
-50.5901
-49.784
-49.0336
-47.8549
-46.7444
-45.5538
-44.0964
-41.7898
-34.3871
36.7741
7.88066
-26.0732
-50.36
-53.3485
-49.1112
-44.5847
-39.388
-34.0578
-24.1645
12.9133
-1.51594
-26.2602
-41.3206
-45.9095
-45.5239
-43.4994
-40.6559
-37.2744
-32.3812
-15.7734
14.0673
-14.6851
-37.9542
-49.2541
-50.667
-49.3728
-47.4105
-45.2419
-42.94
-40.4186
-37.3158
-30.8552
10.84
7.20271
-24.7661
-47.7872
-55.8906
-56.8603
-55.3587
-55.1679
-55.9547
-55.7482
-55.2692
-55.1271
-54.62
-53.9421
-53.5517
-53.7077
-53.1871
-52.3473
-51.4809
-50.7254
-49.9374
-49.1091
-48.3275
-47.5422
-46.715
-45.7867
-45.5394
-45.7592
-45.2393
-44.3001
-42.584
-39.1235
-16.3333
26.8207
-16.7152
-50.374
-62.4632
-64.3123
-63.0963
-61.6883
-60.0871
-58.3644
-56.6422
-53.9178
-51.4833
-49.2693
-46.7314
-44.2844
-41.4461
-36.5645
-5.89652
23.3385
-13.9973
-39.6932
-51.7245
-51.9817
-48.4893
-45.3778
-43.7545
-41.8331
-39.763
-37.0107
-30.4941
13.2553
-0.621133
-29.3655
-47.7888
-53.0061
-53.4869
-52.1671
-51.1586
-50.8259
-51.1521
-51.5841
-52.8351
-53.9169
-53.6606
-53.5539
-53.8682
-53.6102
-53.9203
-54.7358
-55.6156
-57.0168
-57.3563
-57.594
-58.9684
-59.2975
-59.7254
-60.597
-61.0081
-61.036
-60.9303
-60.8256
-61.2667
-61.7913
-62.0435
-62.0152
-61.8891
-61.8905
-62.3247
-62.3429
-62.2362
-62.254
-62.7129
-62.7609
-63.3043
-63.5087
-63.5091
-63.5932
-64.0593
-64.1394
-64.0957
-63.9919
-63.8485
-63.6775
-63.4871
-63.2833
-63.0703
-62.8518
-62.6304
-62.4082
-62.1869
-61.9679
-61.7522
-61.5405
-61.3336
-61.1318
-60.9356
-60.7451
-60.5605
-60.3819
-60.2094
-60.0428
-59.8821
-59.7272
-59.5781
-59.4345
-59.2964
-59.1635
-59.0358
-58.9129
-58.7949
-58.6814
-58.5724
-58.4677
-58.3671
-58.2705
-58.1777
-58.0885
-58.0029
-57.9207
-57.8417
-57.7659
-57.6932
-57.6233
-57.5563
-57.4921
-57.3103
-56.1908
-53.4212
-51.4853
-49.6703
-48.0899
-46.6598
-45.127
-42.1248
-35.2391
32.0037
13.5876
-22.0222
-49.3051
-56.6768
-51.3529
-44.8176
-40.0623
-35.6015
-28.327
4.67637
6.28636
-22.1526
-41.2167
-48.7178
-49.2887
-47.5071
-45.0452
-42.4541
-39.6807
-35.8788
-25.8948
18.5537
-4.46091
-32.072
-48.4044
-51.4675
-50.1909
-48.8175
-47.6329
-47.4075
-47.5194
-48.731
-48.6942
-48.0567
-46.5129
-46.4597
-45.7965
-44.9492
-45.4523
-45.8691
-46.4922
-46.3306
-47.1942
-47.1346
-46.6882
-46.0956
-46.5544
-46.8203
-46.5959
-46.1809
-45.5851
-44.6383
-43.3623
-41.3015
-36.3311
18.0081
10.7456
-27.6096
-55.1117
-63.791
-65.0991
-64.8527
-64.295
-63.6912
-63.1015
-62.8226
-63.1444
-62.5611
-61.4702
-60.9286
-59.9711
-58.9183
-58.0811
-57.384
-56.7733
-56.2183
-55.7073
-55.1953
-54.1613
-52.8905
-51.816
-50.9391
-50.1817
-49.3883
-48.4049
-47.3753
-45.5987
-42.6085
-36.5488
14.9707
19.8578
-17.7333
-44.9671
-53.3917
-51.7658
-47.7785
-42.8276
-38.563
-33.2332
-19.9291
17.0507
-8.74184
-33.2304
-47.5626

