-70
-69.8623
-69.7285
-69.5983
-69.4718
-69.3487
-69.2291
-69.1128
-68.9997
-68.8897
-68.7828
-68.6789
-68.5778
-68.4795
-68.3839
-68.291
-68.2007
-68.1128
-68.0274
-67.9443
-67.8636
-67.7851
-67.7087
-67.6345
-67.5623
-67.4921
-67.4238
-67.3574
-67.2929
-67.2301
-67.1691
-67.1098
-67.0521
-66.996
-66.9414
-66.8884
-66.8368
-66.7866
-66.7378
-66.6904
-66.6443
-66.5994
-66.5558
-66.5133
-66.4721
-66.432
-66.393
-66.355
-66.3181
-66.2823
-66.2474
-66.2134
-66.1805
-66.1484
-66.1172
-66.0868
-66.0573
-66.0286
-66.0007
-65.9736
-65.9472
-65.9215
-65.8966
-65.8723
-65.8487
-65.8257
-65.8034
-65.7817
-65.7606
-65.74
-65.72
-65.7006
-65.6817
-65.6633
-65.6455
-65.6281
-65.6112
-65.5948
-65.5788
-65.5632
-65.5481
-65.5334
-65.5191
-65.5052
-65.4917
-65.4785
-65.4657
-65.4533
-65.4412
-65.4294
-65.418
-65.4068
-65.396
-65.3855
-65.3752
-65.3653
-65.3556
-65.3462
-65.337
-65.3281
-65.3194
-65.311
-65.3028
-65.2948
-65.2871
-65.2795
-65.2722
-65.2651
-65.2581
-65.2514
-65.2448
-65.2385
-65.2322
-65.2262
-65.2203
-65.2146
-65.2091
-65.2037
-65.1984
-65.1933
-65.1884
-65.1835
-65.1788
-65.1743
-65.1698
-65.1655
-65.1613
-65.1572
-65.1532
-65.1493
-65.1456
-65.1419
-65.1384
-65.1349
-65.1315
-65.1283
-65.1251
-65.122
-65.119
-65.1161
-65.1132
-65.1104
-65.1077
-65.1051
-65.1026
-65.1001
-65.0977
-65.0953
-65.0931
-65.0908
-65.0887
-65.0866
-65.0845
-65.0826
-65.0806
-65.0788
-65.0769
-65.0752
-65.0734
-65.0718
-65.0701
-65.0685
-65.067
-65.0655
-65.064
-65.0626
-65.0612
-65.0599
-65.0586
-65.0573
-65.0561
-65.0549
-65.0537
-65.0526
-65.0514
-65.0504
-65.0493
-65.0483
-65.0473
-65.0464
-65.0454
-65.0445
-65.0436
-65.0428
-65.0419
-65.0411
-65.0403
-65.0395
-65.0388
-65.0381
-65.0374
-65.0367
-65.036
-65.0353
-65.0347
-65.0341
-65.0335
-65.0329
-65.0323
-65.0318
-65.0313
-65.0307
-65.0302
-65.0297
-65.0293
-65.0288
-65.0283
-65.0279
-65.0275
-65.027
-65.0266
-65.0262
-65.0259
-65.0255
-65.0251
-65.0248
-65.0244
-65.0241
-65.0238
-65.0234
-65.0231
-65.0228
-65.0225
-65.0223
-65.022
-65.0217
-65.0215
-65.0212
-65.021
-65.0207
-65.0205
-65.0203
-65.02
-65.0198
-65.0196
-65.0194
-65.0192
-65.019
-65.0188
-65.0187
-65.0185
-65.0183
-65.0181
-65.018
-65.0178
-65.0177
-65.0175
-65.0174
-65.0172
-65.0171
-65.017
-65.0168
-65.0167
-65.0166
-65.0165
-65.0163
-65.0162
-65.0161
-65.016
-65.0159
-65.0158
-65.0157
-65.0156
-65.0155
-65.0154
-65.0153
-65.0153
-65.0152
-65.0151
-65.015
-65.0149
-65.0149
-65.0148
-65.0147
-65.0147
-65.0146
-65.0145
-65.0145
-65.0144
-65.0143
-65.0143
-65.0142
-65.0142
-65.0141
-65.0141
-65.014
-65.014
-65.0139
-65.0139
-65.0138
-65.0138
-65.0137
-65.0137
-65.0137
-65.0136
-65.0136
-65.0135
-65.0135
-65.0135
-65.0134
-65.0134
-65.0134
-65.0133
-65.0133
-65.0133
-65.0133
-65.0132
-65.0132
-65.0132
-65.0131
-65.0131
-65.0131
-65.0131
-65.0131
-65.013
-65.013
-65.013
-65.013
-65.0129
-65.0129
-65.0129
-65.0129
-65.0129
-65.0129
-65.0128
-65.0128
-65.0128
-65.0128
-65.0128
-65.0128
-65.0127
-65.0127
-65.0127
-65.0127
-65.0127
-65.0127
-65.0127
-65.0127
-65.0126
-65.0126
-65.0126
-65.0126
-65.0126
-65.0126
-65.0126
-65.0126
-65.0126
-65.0126
-65.0125
-65.0125
-65.0125
-65.0125
-65.0125
-65.0125
-65.0125
-65.0125
-65.0125
-65.0125
-65.0125
-65.0125
-65.0125
-65.0124
-65.0124
-65.0124
-65.0124
-65.0124
-65.0124
-65.0124
-65.0124
-65.0124
-65.0124
-65.0124
-65.0124
-65.0124
-65.0124
-65.0124
-65.0124
-65.0124
-65.0124
-65.0124
-65.0124
-65.0124
-65.0124
-65.0124
-65.0123
-65.0123
-65.0123
-65.0123
-65.0123
-65.0123
-65.0123
-65.0123
-65.0123
-65.0123
-65.0123
-65.0123
-65.0123
-65.0123
-65.0123
-65.0123
-65.0123
-65.0123
-65.0123
-65.0123
-65.0123
-65.0123
-65.0123
-65.0123
-65.0123
-65.0123
-65.0123
-65.0123
-65.0123
-65.0123
-65.0123
-65.0123
-65.0123
-65.0123
-65.0123
-65.0123
-65.0123
-65.0123
-65.0123
-65.0123
-65.0123
-65.0123
-65.0123
-65.0123
-65.0123
-65.0123
-65.0123
-65.0123
-65.0123
-65.0123
-65.0123
-65.0123
-65.0123
-65.0123
-65.0123
-65.0123
-65.0123
-65.0123
-65.0123
-65.0123
-65.0123
-65.0123
-65.0123
-65.0123
-65.0123
-65.0123
-65.0123
-65.0123
-65.0123
-65.0123
-65.0123
-65.0123
-65.0123
-65.0123
-64.8272
-64.6749
-64.5616
-64.4807
-64.4179
-64.3677
-64.3273
-64.2951
-64.2696
-64.2499
-64.2351
-64.2244
-64.2173
-64.2132
-64.2117
-64.2125
-64.2152
-64.2195
-64.2252
-64.2321
-64.2401
-64.2489
-64.2584
-64.2685
-64.2792
-64.2902
-64.3016
-64.3133
-64.3251
-64.3371
-64.3491
-64.3613
-64.3734
-64.3855
-64.2937
-64.0552
-63.8977
-63.7818
-63.7003
-63.6379
-63.5899
-63.5534
-63.5266
-63.5078
-63.4957
-63.4894
-63.488
-63.4906
-63.4968
-63.506
-63.5177
-63.5316
-63.5473
-63.3658
-63.208
-62.982
-62.3738
-61.9526
-61.4844
-60.8051
-60.0911
-58.676
-57.5051
-56.2452
-55.2598
-54.3507
-53.6266
-53.0666
-52.4716
-51.9189
-51.4561
-50.9572
-50.565
-50.0307
-49.5535
-49.1554
-48.8117
-48.4726
-48.1207
-47.7656
-47.3719
-46.943
-46.4451
-45.8495
-45.0493
-43.8385
-41.741
-35.62
38.4624
8.91416
-28.0259
-52.2719
-59.4674
-61.3591
-61.917
-62.0234
-61.9578
-61.8376
-61.7111
-61.5089
-61.2987
-61.1249
-60.9928
-60.8581
-60.7066
-60.5663
-60.4649
-60.3914
-60.3394
-60.2534
-60.181
-60.0504
-59.9571
-59.8944
-59.8575
-59.8377
-59.8313
-59.7872
-59.7095
-59.6639
-59.6314
-59.4772
-59.3786
-59.2619
-59.125
-58.893
-58.6264
-58.331
-57.9666
-57.5607
-57.1304
-56.6843
-56.3259
-55.9801
-55.4824
-54.9659
-54.4763
-54.0226
-53.6228
-53.191
-52.5618
-51.9578
-51.2663
-50.6066
-50.0588
-49.5803
-49.1133
-48.7075
-48.3044
-47.8992
-47.4661
-47.0059
-46.4743
-45.8408
-44.9466
-43.6271
-41.3013
-33.7872
41.7897
3.0184
-32.5735
-55.249
-61.4976
-63.154
-63.622
-63.7208
-63.6814
-63.5927
-63.4915
-63.3928
-63.3023
-63.2218
-63.1513
-63.0903
-63.0378
-62.993
-62.9552
-62.9234
-62.897
-62.8754
-62.858
-62.8444
-62.8341
-62.8268
-62.8222
-62.8199
-62.8197
-62.8214
-62.8247
-62.8295
-62.8357
-62.843
-62.8513
-62.8605
-62.8705
-62.8811
-62.8923
-62.9041
-62.9163
-62.9288
-62.9417
-62.9548
-62.9681
-62.9816
-62.9952
-63.0089
-63.0226
-63.0364
-63.0502
-63.064
-63.0778
-63.0915
-63.1051
-63.1187
-63.1322
-63.1456
-63.1589
-63.1721
-63.1851
-63.1981
-63.2109
-63.2235
-63.2361
-63.2485
-63.226
-63.0668
-62.9633
-62.8877
-62.8364
-62.7947
-62.6211
-62.47
-62.3601
-62.2822
-62.2248
-61.9676
-61.3166
-60.7741
-60.2459
-59.5967
-58.5131
-57.0675
-55.8696
-54.7267
-53.8316
-53.1534
-52.6268
-52.1899
-51.5504
-51.0388
-50.6322
-50.3092
-50.0418
-49.7898
-49.5291
-49.3116
-49.1233
-48.9433
-48.7655
-48.5264
-48.1344
-47.7439
-47.3383
-46.9053
-46.3349
-45.5582
-44.4835
-42.9148
-39.7427
-20.4738
34.9329
-12.6981
-44.9916
-59.659
-63.3877
-64.3165
-64.3992
-64.1712
-63.9132
-63.6664
-63.4018
-63.1287
-62.9056
-62.7203
-62.5671
-62.3905
-62.1327
-61.9179
-61.7517
-61.5994
-61.4539
-61.302
-61.1822
-61.0918
-61.0247
-60.9752
-60.9398
-60.9165
-60.9034
-60.8992
-60.8805
-60.7963
-60.6753
-60.5365
-60.3853
-60.1747
-59.9618
-59.7075
-59.4694
-59.2013
-58.9633
-58.7697
-58.5803
-58.3584
-58.1469
-57.737
-57.3211
-56.9793
-56.6805
-56.3421
-55.9563
-55.4395
-54.8163
-54.2635
-53.7628
-53.0905
-52.3915
-51.7782
-51.1981
-50.753
-50.3586
-49.9538
-49.5446
-49.1631
-48.8208
-48.5198
-48.2408
-47.9675
-47.6626
-47.3511
-47.0161
-46.6378
-46.1596
-45.5413
-44.6691
-43.2836
-40.5531
-28.2817
39.9845
-7.84316
-42.4346
-60.2279
-64.8397
-66.0568
-66.3843
-66.4221
-66.3553
-66.2526
-66.1403
-66.029
-65.9225
-65.8221
-65.728
-65.64
-65.5576
-65.4803
-65.4079
-65.3399
-65.2758
-65.2154
-65.1584
-65.1046
-65.0536
-65.0053
-64.9595
-64.9161
-64.8747
-64.8355
-64.7981
-64.7625
-64.7286
-64.6962
-64.6654
-64.6359
-64.6077
-64.5808
-64.5551
-64.5304
-64.5069
-64.4843
-64.4627
-64.4419
-64.4221
-64.403
-64.3848
-64.3672
-64.3504
-64.3343
-64.3188
-64.304
-64.2897
-64.2761
-64.2629
-64.2504
-64.2383
-64.2267
-64.2156
-64.205
-64.1948
-64.185
-64.1756
-64.1666
-64.158
-64.1498
-64.142
-64.1344
-64.1273
-64.1204
-64.1139
-64.1076
-64.1017
-64.096
-64.0907
-64.0855
-64.0076
-63.9093
-63.8384
-63.7335
-63.2784
-62.6265
-62.166
-61.6947
-61.3098
-61.0149
-60.7871
-60.4935
-60.1571
-59.8519
-59.3531
-58.9139
-58.5862
-58.1543
-56.8054
-55.4859
-54.5396
-53.8565
-53.3229
-52.8733
-52.497
-51.9198
-51.4813
-51.0978
-50.7378
-50.4407
-50.2022
-50.0103
-49.8539
-49.7256
-49.5277
-49.1417
-48.7758
-48.2846
-47.7693
-47.2375
-46.7021
-46.0321
-45.2375
-44.17
-42.4261
-38.3638
7.65487
23.2651
-21.2413
-51.9627
-62.5666
-65.1198
-65.6256
-65.6047
-65.3937
-65.1295
-64.8791
-64.6169
-64.3868
-64.1876
-63.9802
-63.7904
-63.6316
-63.4978
-63.3559
-63.1722
-63.0291
-62.9125
-62.819
-62.7211
-62.6073
-62.5207
-62.452
-62.3986
-62.3562
-62.3232
-62.298
-62.2796
-62.2637
-62.2023
-62.0906
-61.9243
-61.64
-61.367
-61.094
-60.8821
-60.7266
-60.6116
-60.4998
-60.3902
-60.3141
-60.2532
-60.1672
-60.1138
-60.0814
-60.0193
-59.9
-59.7521
-59.5667
-59.3733
-59.1398
-58.891
-58.6114
-58.1464
-57.5758
-56.9642
-56.3258
-55.7051
-54.9984
-54.3593
-53.5692
-52.8109
-52.131
-51.617
-51.2201
-50.9069
-50.6042
-50.2249

