-70
-69.8623
-69.7285
-69.5983
-69.4718
-69.3487
-69.2291
-69.1128
-68.9997
-68.8897
-68.7828
-68.6789
-68.5778
-68.4795
-68.3839
-68.291
-68.2007
-68.1128
-68.0274
-67.9443
-67.8636
-67.7851
-67.7087
-67.6345
-67.5623
-67.4921
-67.4238
-67.3574
-67.2929
-67.2301
-67.1691
-67.1098
-67.0521
-66.996
-66.9414
-66.8884
-66.8368
-66.7866
-66.7378
-66.6904
-66.6443
-66.5994
-66.5558
-66.5133
-66.4721
-66.432
-66.393
-66.355
-66.3181
-66.2823
-66.2474
-66.2134
-66.1805
-66.1484
-66.1172
-66.0868
-66.0573
-66.0286
-66.0007
-65.9736
-65.9472
-65.9215
-65.8966
-65.8723
-65.8487
-65.8257
-65.8034
-65.7817
-65.7606
-65.74
-65.72
-65.7006
-65.6817
-65.6633
-65.6455
-65.6281
-65.6112
-65.5948
-65.5788
-65.5632
-65.5481
-65.5334
-65.5191
-65.5052
-65.4917
-65.4785
-65.4657
-65.4533
-65.4412
-65.4294
-65.418
-65.4068
-65.396
-65.3855
-65.3752
-65.3653
-65.3556
-65.3462
-65.337
-65.3281
-65.3194
-65.311
-65.3028
-65.2948
-65.2871
-65.2795
-65.2722
-65.2651
-65.2581
-65.2514
-65.2448
-65.2385
-65.2322
-65.2262
-65.2203
-65.2146
-65.2091
-65.2037
-65.1984
-65.1933
-65.1884
-65.1835
-65.1788
-65.1743
-65.1698
-65.1655
-65.1613
-65.1572
-65.1532
-65.1493
-65.1456
-65.1419
-65.1384
-65.1349
-65.1315
-65.1283
-65.1251
-65.122
-65.119
-65.1161
-65.1132
-65.1104
-65.1077
-65.1051
-65.1026
-65.1001
-65.0977
-65.0953
-65.0931
-65.0908
-65.0887
-65.0866
-65.0845
-65.0826
-65.0806
-65.0788
-65.0769
-65.0752
-65.0734
-65.0718
-65.0701
-65.0685
-65.067
-65.0655
-65.064
-65.0626
-65.0612
-65.0599
-65.0586
-65.0573
-65.0561
-65.0549
-65.0537
-65.0526
-65.0514
-65.0504
-65.0493
-65.0483
-65.0473
-65.0464
-65.0454
-65.0445
-65.0436
-65.0428
-65.0419
-65.0411
-65.0403
-65.0395
-65.0388
-65.0381
-65.0374
-65.0367
-65.036
-65.0353
-65.0347
-65.0341
-65.0335
-65.0329
-65.0323
-65.0318
-65.0313
-65.0307
-65.0302
-65.0297
-65.0293
-65.0288
-65.0283
-65.0279
-65.0275
-65.027
-65.0266
-65.0262
-65.0259
-65.0255
-65.0251
-65.0248
-65.0244
-65.0241
-65.0238
-65.0234
-65.0231
-65.0228
-65.0225
-65.0223
-65.022
-65.0217
-65.0215
-65.0212
-65.021
-65.0207
-65.0205
-65.0203
-65.02
-65.0198
-65.0196
-65.0194
-65.0192
-65.019
-65.0188
-65.0187
-65.0185
-65.0183
-65.0181
-65.018
-65.0178
-65.0177
-65.0175
-65.0174
-65.0172
-65.0171
-65.017
-65.0168
-65.0167
-65.0166
-65.0165
-65.0163
-65.0162
-65.0161
-65.016
-65.0159
-65.0158
-65.0157
-65.0156
-65.0155
-65.0154
-65.0153
-65.0153
-65.0152
-65.0151
-65.015
-65.0149
-65.0149
-65.0148
-65.0147
-65.0147
-65.0146
-65.0145
-65.0145
-65.0144
-65.0143
-65.0143
-65.0142
-65.0142
-65.0141
-65.0141
-65.014
-65.014
-65.0139
-65.0139
-65.0138
-65.0138
-65.0137
-65.0137
-65.0137
-65.0136
-65.0136
-65.0135
-65.0135
-65.0135
-65.0134
-65.0134
-65.0134
-65.0133
-65.0133
-65.0133
-65.0133
-65.0132
-65.0132
-65.0132
-65.0131
-65.0131
-65.0131
-65.0131
-65.0131
-65.013
-65.013
-65.013
-65.013
-65.0129
-65.0129
-65.0129
-65.0129
-65.0129
-65.0129
-65.0128
-65.0128
-65.0128
-65.0128
-65.0128
-65.0128
-65.0127
-65.0127
-65.0127
-65.0127
-65.0127
-65.0127
-65.0127
-65.0127
-65.0126
-65.0126
-65.0126
-65.0126
-65.0126
-65.0126
-65.0126
-65.0126
-65.0126
-65.0126
-65.0125
-65.0125
-65.0125
-65.0125
-65.0125
-65.0125
-65.0125
-65.0125
-65.0125
-65.0125
-65.0125
-65.0125
-65.0125
-65.0124
-65.0124
-65.0124
-65.0124
-65.0124
-65.0124
-65.0124
-65.0124
-65.0124
-65.0124
-65.0124
-65.0124
-65.0124
-65.0124
-65.0124
-65.0124
-65.0124
-65.0124
-65.0124
-65.0124
-65.0124
-65.0124
-65.0124
-65.0123
-65.0123
-65.0123
-65.0123
-65.0123
-65.0123
-65.0123
-65.0123
-65.0123
-65.0123
-65.0123
-65.0123
-65.0123
-65.0123
-65.0123
-65.0123
-65.0123
-65.0123
-65.0123
-65.0123
-65.0123
-65.0123
-65.0123
-65.0123
-65.0123
-65.0123
-65.0123
-65.0123
-65.0123
-65.0123
-65.0123
-65.0123
-65.0123
-65.0123
-65.0123
-65.0123
-65.0123
-65.0123
-65.0123
-65.0123
-65.0123
-65.0123
-65.0123
-65.0123
-65.0123
-65.0123
-65.0123
-65.0123
-65.0123
-65.0123
-65.0123
-65.0123
-65.0123
-65.0123
-65.0123
-65.0123
-65.0123
-65.0123
-65.0123
-65.0123
-65.0123
-65.0123
-65.0123
-65.0123
-65.0123
-65.0123
-65.0123
-65.0123
-65.0123
-65.0123
-65.0123
-65.0123
-65.0123
-65.0123
-64.7657
-64.5631
-64.4124
-64.305
-64.2215
-64.1548
-64.1013
-64.0585
-64.0247
-63.9986
-63.9789
-63.9648
-63.9553
-63.9499
-63.9479
-63.9489
-63.9525
-63.9582
-63.9658
-63.975
-63.9855
-63.9972
-64.0098
-64.0233
-64.0374
-64.052
-64.0671
-64.0826
-64.0983
-64.1142
-64.1302
-64.1463
-64.1624
-64.1784
-64.1427
-64.0335
-63.9644
-63.9161
-63.8848
-63.863
-63.8483
-63.8392
-63.8349
-63.8344
-63.8372
-63.8427
-63.8505
-63.8603
-63.8717
-63.8844
-63.8982
-63.9129
-63.9284
-63.8111
-63.7314
-63.6289
-63.0697
-62.6343
-62.0402
-61.3976
-60.8089
-60.0378
-59.428
-58.7158
-58.1575
-57.5974
-57.1932
-56.8842
-56.4849
-56.1217
-55.8431
-55.3287
-54.9716
-54.6177
-54.3498
-54.1577
-54.023
-53.8991
-53.8205
-53.7771
-53.7509
-53.6894
-53.6433
-53.6033
-53.5857
-53.5618
-53.5732
-53.6118
-53.6731
-53.7514
-53.8224
-53.8509
-53.9016
-53.9765
-54.0714
-54.1542
-54.2361
-54.3371
-54.4447
-54.5236
-54.6249
-54.7095
-54.7668
-54.8051
-54.8536
-54.8891
-54.9497
-55.0323
-55.1319
-55.2431
-55.3633
-55.4906
-55.5994
-55.7018
-55.8176
-55.9425
-56.0742
-56.2101
-56.3492
-56.4475
-56.511
-56.5915
-56.636
-56.649
-56.642
-56.6685
-56.6807
-56.6966
-56.6673
-56.6792
-56.7052
-56.719
-56.7028
-56.6381
-56.4962
-56.2257
-55.9233
-55.5606
-55.2455
-54.9908
-54.7806
-54.3697
-53.8733
-53.2804
-52.8125
-52.4823
-52.201
-51.9934
-51.8225
-51.6396
-51.4975
-51.3707
-51.266
-51.1579
-51.0671
-51.0103
-50.9762
-50.9502
-50.9568
-50.988
-51.0412
-51.1127
-51.2006
-51.3033
-51.4195
-51.5481
-51.6876
-51.837
-51.9953
-52.1615
-52.3348
-52.5145
-52.6997
-52.8894
-53.0827
-53.2788
-53.4772
-53.6775
-53.8792
-54.0813
-54.2833
-54.485
-54.686
-54.8861
-55.0848
-55.2816
-55.4764
-55.6692
-55.8598
-56.0479
-56.2332
-56.4157
-56.5954
-56.7722
-56.9461
-57.1169
-57.2845
-57.449
-57.6104
-57.7687
-57.9239
-58.0759
-58.2247
-58.3704
-58.5131
-58.6527
-58.7893
-58.9229
-59.0536
-59.1813
-59.3062
-59.4282
-59.5475
-59.664
-59.7778
-59.8891
-59.9977
-60.1038
-60.2074
-60.3086
-60.4073
-60.5037
-60.5978
-60.6897
-60.7428
-60.6773
-60.6565
-60.6596
-60.6828
-60.7162
-60.661
-60.6214
-60.6086
-60.6164
-60.6073
-60.534
-60.3611
-60.1618
-59.9823
-59.7439
-59.1349
-58.4637
-57.8436
-57.074
-56.419
-55.9473
-55.4911
-55.1065
-54.5645
-54.1163
-53.7923
-53.5606
-53.3941
-53.2545
-53.1454
-53.0796
-53.0488
-53.0475
-53.0706
-53.0776
-53.0333
-52.9683
-52.9461
-52.9353
-52.963
-52.9979
-53.0384
-53.105
-53.1814
-53.1979
-53.223
-53.2655
-53.3107
-53.3362
-53.3325
-53.3295
-53.3683
-53.3778
-53.3983
-53.3621
-53.3445
-53.37
-53.4278
-53.5087
-53.6066
-53.6784
-53.768
-53.8752
-53.9976
-54.1307
-54.2721
-54.4205
-54.5746
-54.7334
-54.8957
-55.0609
-55.2282
-55.3969
-55.5667
-55.7369
-55.8954
-56.0231
-56.1634
-56.3094
-56.4599
-56.5943
-56.5645
-56.5258
-56.4341
-56.2544
-56.1482
-56.1011
-56.0596
-56.0564
-56.0409
-55.9266
-55.7947
-55.705
-55.5607
-55.4011
-55.2626
-55.0217
-54.7822
-54.5226
-54.2172
-53.8079
-53.3963
-52.9623
-52.6211
-52.3686
-52.1826
-52.0556
-51.9734
-51.9278
-51.885
-51.8344
-51.8066
-51.7376
-51.6628
-51.5593
-51.4583
-51.4113
-51.4044
-51.4292
-51.4776
-51.544
-51.545
-51.5622
-51.612
-51.6888
-51.7857
-51.8983
-52.0245
-52.1624
-52.3109
-52.4686
-52.6346
-52.8074
-52.9861
-53.1695
-53.3571
-53.5481
-53.7418
-53.9376
-54.1344
-54.332
-54.5297
-54.7274
-54.9245
-55.1205
-55.3151
-55.5081
-55.6994
-55.8887
-56.0757
-56.2602
-56.4421
-56.6214
-56.7979
-56.9716
-57.1424
-57.3101
-57.4748
-57.6365
-57.7951
-57.9507
-58.1032
-58.2525
-58.3988
-58.542
-58.6822
-58.8195
-58.9537
-59.0851
-59.2135
-59.339
-59.4617
-59.5816
-59.6988
-59.8133
-59.9252
-60.0345
-60.1412
-60.2454
-60.3472
-60.4465
-60.5435
-60.6382
-60.7306
-60.8208
-60.9089
-60.9948
-61.0787
-61.1605
-61.2404
-61.3183
-61.3943
-61.4684
-61.5408
-61.6114
-61.6802
-61.7474
-61.813
-61.8769
-61.9393
-62.0002
-62.0595
-62.1175
-61.9946
-61.6434
-61.4157
-61.1847
-60.9903
-60.8536
-60.7426
-60.6251
-60.4619
-60.3293
-60.1345
-59.9976
-59.901
-59.7091
-58.6717
-57.6481
-56.9199
-56.4075
-56.0111
-55.5305
-55.1735
-54.8216
-54.5415
-54.3218
-54.1453
-54.0135
-53.929
-53.8823
-53.8669
-53.8464
-53.7917
-53.6252
-53.4957
-53.3079
-53.1688
-53.0918
-53.0627
-53.0681
-53.0998
-53.1435
-53.178
-53.24
-53.2916
-53.2928
-53.2396
-53.2107
-53.2281
-53.2791
-53.3541
-53.4149
-53.4594
-53.5338
-53.5992
-53.6767
-53.7752
-53.8898
-54.017
-54.1535
-54.2977
-54.4168
-54.536
-54.6692
-54.8096
-54.9139
-55.037
-55.1708
-55.314
-55.4627
-55.6153
-55.7709
-55.9284
-56.0872
-56.2467
-56.4064
-56.5661
-56.7252
-56.8836
-57.016
-57.1269
-57.2499
-57.3787
-57.5116
-57.6429
-57.7279
-57.8285
-57.9368
-58.0515
-58.1691
-58.2883
-58.3573
-58.3674
-58.3821
-58.3864
-58.4105
-58.414
-58.3222
-58.1827
-58.0498
-57.8644
-57.6131
-57.2988
-56.9741
-56.5429
-56.0294
-55.6119
-55.1453
-54.5655
-54.0519
-53.6273
-53.3285
-53.1132
-52.9602
-52.8525
-52.7463

