-70
-70.0758
-70.1508
-70.225
-70.2983
-70.3706
-70.4419
-70.5122
-70.5814
-70.6496
-70.7168
-70.7829
-70.848
-70.9121
-70.9752
-71.0373
-71.0984
-71.1586
-71.2178
-71.2761
-71.3334
-71.3899
-71.4455
-71.5003
-71.5543
-71.6074
-71.6598
-71.7114
-71.7623
-71.8124
-71.8619
-71.9106
-71.9587
-72.006
-72.0527
-72.0988
-72.1442
-72.1889
-72.2331
-72.2766
-72.3196
-72.362
-72.4038
-72.445
-72.4857
-72.5258
-72.5654
-72.6045
-72.6431
-72.6812
-72.7188
-72.756
-72.7927
-72.8289
-72.8647
-72.9
-72.9349
-72.9694
-73.0035
-73.0371
-73.0704
-73.1032
-73.1357
-73.1678
-73.1994
-73.2307
-73.2617
-73.2922
-73.3224
-73.3523
-73.3817
-73.4109
-73.4397
-73.4682
-73.4963
-73.5241
-73.5516
-73.5788
-73.6057
-73.6323
-73.6585
-73.6845
-73.7102
-73.7356
-73.7608
-73.7857
-73.8103
-73.8346
-73.8587
-73.8825
-73.9061
-73.9294
-73.9524
-73.9753
-73.9979
-74.0202
-74.0423
-74.0642
-74.0859
-74.1073
-74.1285
-74.1495
-74.1703
-74.1909
-74.2112
-74.2313
-74.2513
-74.271
-74.2905
-74.3098
-74.329
-74.3479
-74.3666
-74.3852
-74.4036
-74.4217
-74.4397
-74.4575
-74.4752
-74.4926
-74.5099
-74.527
-74.544
-74.5607
-74.5774
-74.5938
-74.6101
-74.6262
-74.6422
-74.658
-74.6736
-74.6891
-74.7045
-74.7197
-74.7347
-74.7496
-74.7644
-74.779
-74.7935
-74.8079
-74.8221
-74.8362
-74.8501
-74.864
-74.8777
-74.8913
-74.9047
-74.918
-74.9313
-74.9443
-74.9573
-74.9701
-74.9829
-74.9955
-75.008
-75.0204
-75.0327
-75.0448
-75.0569
-75.0688
-75.0806
-75.0924
-75.104
-75.1155
-75.1269
-75.1382
-75.1495
-75.1606
-75.1716
-75.1825
-75.1933
-75.204
-75.2147
-75.2252
-75.2356
-75.246
-75.2562
-75.2664
-75.2764
-75.2864
-75.2963
-75.3061
-75.3158
-75.3255
-75.335
-75.3445
-75.3538
-75.3631
-75.3724
-75.3815
-75.3906
-75.3995
-75.4084
-75.4172
-75.426
-75.4346
-75.4432
-75.4518
-75.4602
-75.4686
-75.4769
-75.4851
-75.4932
-75.5013
-75.5093
-75.5173
-75.5251
-75.533
-75.5407
-75.5484
-75.556
-75.5635
-75.571
-75.5784
-75.5858
-75.593
-75.6003
-75.6074
-75.6145
-75.6216
-75.6285
-75.6355
-75.6423
-75.6491
-75.6559
-75.6626
-75.6692
-75.6758
-75.6823
-75.6888
-75.6952
-75.7015
-75.7078
-75.7141
-75.7203
-75.7264
-75.7325
-75.7386
-75.7446
-75.7505
-75.7564
-75.7622
-75.768
-75.7738
-75.7795
-75.7851
-75.7907
-75.7963
-75.8018
-75.8072
-75.8127
-75.818
-75.8234
-75.8287
-75.8339
-75.8391
-75.8443
-75.8494
-75.8545
-75.8595
-75.8645
-75.8695
-75.8744
-75.8793
-75.8841
-75.8889
-75.8937
-75.8984
-75.9031
-75.9077
-75.9123
-75.9169
-75.9214
-75.9259
-75.9304
-75.9348
-75.9392
-75.9436
-75.9479
-75.9522
-75.9565
-75.9607
-75.9649
-75.969
-75.9731
-75.9772
-75.9813
-75.9853
-75.9893
-75.9933
-75.9972
-76.0011
-76.005
-76.0088
-76.0126
-76.0164
-76.0201
-76.0239
-76.0275
-76.0312
-76.0348
-76.0384
-76.042
-76.0456
-76.0491
-76.0526
-76.056
-76.0595
-76.0629
-76.0663
-76.0696
-76.0729
-76.0762
-76.0795
-76.0828
-76.086
-76.0892
-76.0924
-76.0955
-76.0986
-76.1017
-76.1048
-76.1079
-76.1109
-76.1139
-76.1169
-76.1198
-76.1228
-76.1257
-76.1286
-76.1314
-76.1343
-76.1371
-76.1399
-76.1427
-76.1455
-76.1482
-76.1509
-76.1536
-76.1563
-76.1589
-76.1615
-76.1642
-76.1667
-76.1693
-76.1719
-76.1744
-76.1769
-76.1794
-76.1819
-76.1843
-76.1868
-76.1892
-76.1916
-76.1939
-76.1963
-76.1986
-76.201
-76.2033
-76.2056
-76.2078
-76.2101
-76.2123
-76.2145
-76.2167
-76.2189
-76.2211
-76.2232
-76.2254
-76.2275
-76.2296
-76.2317
-76.2337
-76.2358
-76.2378
-76.2398
-76.2418
-76.2438
-76.2458
-76.2478
-76.2497
-76.2516
-76.2536
-76.2554
-76.2573
-76.2592
-76.2611
-76.2629
-76.2647
-76.2665
-76.2683
-76.2701
-76.2719
-76.2737
-76.2754
-76.2771
-76.2788
-76.2806
-76.2822
-76.2839
-76.2856
-76.2872
-76.2889
-76.2905
-76.2921
-76.2937
-76.2953
-76.2969
-76.2985
-76.3
-76.3016
-76.3031
-76.3046
-76.3061
-76.3076
-76.3091
-76.3106
-76.312
-76.3135
-76.3149
-76.3164
-76.3178
-76.3192
-76.3206
-76.322
-76.3233
-76.3247
-76.3261
-76.3274
-76.3287
-76.33
-76.3314
-76.3327
-76.334
-76.3352
-76.3365
-76.3378
-76.339
-76.3403
-76.3415
-76.3427
-76.3439
-76.3452
-76.3464
-76.3475
-76.3487
-76.3499
-76.351
-76.3522
-76.3533
-76.3545
-76.3556
-76.3567
-76.3578
-76.3589
-76.36
-76.3611
-76.3622
-76.3632
-76.3643
-76.3654
-76.3664
-76.3674
-76.3685
-76.3695
-76.3705
-76.3715
-76.3725
-76.3735
-76.3745
-76.3754
-76.3764
-76.3774
-76.3783
-76.3793
-76.3802
-76.3811
-76.382
-76.383
-76.3839
-76.3848
-76.3857
-76.3866
-76.3874
-76.3883
-76.3892
-76.39
-76.3909
-76.3917
-76.3926
-76.3934
-76.3943
-76.3951
-76.3959
-76.3967
-76.3975
-76.3983
-76.3991
-76.3999
-76.4007
-76.4014
-76.4022
-76.403
-76.4037
-76.4045
-76.4052
-73.0945
-69.0255
-65.9295
-63.5553
-61.6413
-59.9385
-58.1125
-55.246
-31.2515
9.69463
-27.3558
-73.7447
-79.0249
-78.7511
-78.5907
-78.4241
-78.2434
-78.0487
-77.8404
-77.6198
-77.3884
-75.137
-73.2319
-72.0281
-71.1533
-70.4465
-69.8396
-69.3018
-68.8181
-68.3811
-67.9865
-67.6319
-67.3156
-67.0358
-66.9493
-67.642
-68.2633
-68.6254
-66.3775
-64.2434
-62.7747
-63.4406
-64.8675
-65.8209
-66.4412
-66.8623
-67.1609
-67.3821
-67.5534
-68.0604
-68.9188
-69.5497
-70.0003
-70.696
-71.4122
-71.9107
-72.2612
-72.5155
-72.7053
-72.8508
-72.9651
-73.0571
-73.1329
-73.1966
-73.2512
-72.3025
-68.6778
-65.7945
-63.7019
-62.1152
-60.8302
-59.683
-58.5035
-57.0027
-54.1655
-11.6412
2.51203
-31.3728
-76.2919
-79.7275
-79.7495
-79.7192
-78.2646
-77.3088
-76.8883
-76.5516
-76.2198
-75.8815
-75.5366
-75.1877
-74.8382
-73.3147
-70.6135
-68.64
-67.2178
-66.1345
-65.2747
-64.5714
-63.9835
-63.4839
-61.8002
-59.7389
-57.7551
-55.0228
-45.0179
17.2992
-24.2156
-68.1484
-79.3956
-79.4725
-79.3505
-79.147
-78.8634
-78.5741
-78.3726
-78.2224
-78.0819
-77.9432
-77.7338
-77.4888
-77.3049
-77.1547
-77.0236
-76.857
-76.6781
-76.4642
-76.3115
-76.2118
-76.1411
-76.0875
-76.045
-76.0102
-75.9812
-75.9568
-75.9361
-75.9185
-75.9035
-75.8908
-75.8802
-75.8712
-75.8638
-75.8578
-75.853
-75.8493
-75.8466
-75.8447
-75.8435
-75.8431
-75.8432
-75.8439
-75.845
-75.8466
-75.8485
-75.8507
-75.8533
-75.856
-75.8591
-75.8623
-75.8656
-75.8692
-75.8728
-75.8766
-75.8804
-75.8844
-75.8884
-75.8924
-75.8965
-75.9007
-75.9048
-75.909
-75.9132
-75.9175
-75.9217
-75.9259
-75.9301
-75.9343
-75.9386
-75.9427
-75.9469
-75.9511
-75.9552
-73.1323
-69.0469
-65.9124
-63.5137
-61.5826
-59.8633
-58.01
-55.0422
-22.8656
7.35367
-28.5379
-74.85
-79.0191
-78.7316
-78.5685
-78.3996
-78.2166
-78.0195
-77.8089
-77.586
-77.3523
-75.2852
-73.2545
-71.9676
-71.0457
-70.31
-69.6846
-69.1343
-68.6422
-68.0001
-65.641
-63.6342
-63.1298
-62.9401
-62.7923
-62.6763
-62.5872
-62.5217
-62.4776
-62.4534
-61.8734
-61.4211
-61.1204
-60.907
-61.3709
-62.575
-63.5106
-64.1934
-64.7022
-65.0914
-65.3984
-65.6475
-65.8556
-66.0346
-66.1926
-66.3356
-66.4676
-67.2412
-68.1499
-68.8522
-69.3956
-69.8238
-70.1669
-70.4463
-70.6774
-70.8712
-71.036
-71.4715
-72.0135
-72.4364
-71.7867
-68.5179
-66.0057
-64.2628
-63.0088
-62.0689
-61.3322
-60.7248
-60.1956
-59.7048
-59.2182
-58.6904
-58.066
-57.2214
-55.8432
-52.4286
43.7187
-8.94374
-40.5019
-77.8079
-78.8322
-78.7174
-78.5666
-78.4015
-78.2232
-78.0324
-77.8301
-76.2754
-74.2542
-73.0214
-72.1692
-71.4893
-70.9021
-70.3748
-69.8932
-69.4512
-69.0459
-68.5904
-66.0968
-64.452
-63.6584
-63.1064
-62.6981
-62.3866
-62.1458
-61.9594
-61.8164
-61.7077
-62.536
-64.5403
-67.04
-68.9963
-70.2301
-71.0291
-71.5807
-72.2768
-72.7989
-73.1486
-73.3906
-73.5637
-73.6912
-73.7879
-73.8632
-73.9234
-73.9727
-74.014
-74.0495
-74.0805
-74.1083
-74.1335
-74.1568
-74.1786
-74.2616
-74.4548
-74.6145
-74.7393
-74.8385
-74.9187
-74.9844
-75.039
-75.085
-75.1242
-75.158
-75.1875
-75.2135
-75.2366
-75.2574
-75.2762
-75.2935
-75.3093
-75.3241
-75.3379
-75.3508
-75.3631
-75.3748
-75.3861
-75.3968
-75.4072
-75.4173
-75.427
-75.4366
-75.4459
-75.455
-75.4639
-75.4726
-75.4813
-75.4897
-75.4981
-75.5063
-75.5145
-75.5225
-75.5304
-75.5383
-75.5461
-75.5537
-75.5613
-75.5689
-75.5763
-75.5837
-75.5911
-75.5983
-75.6055
-75.6126
-75.6197
-75.6267
-75.6336
-75.6405
-75.6473
-75.6541
-75.6608
-75.6674
-75.674
-72.87
-68.812
-65.6992
-63.3145
-61.3858
-59.6468
-57.7152
-54.362
31.7791
0.515435
-32.3752
-77.2208
-78.9784
-78.6996
-78.5357
-78.3638
-78.1777
-77.9774
-77.7636
-77.5377
-77.3012
-75.0092
-73.0515
-71.8066
-70.9033
-70.1773
-69.558
-69.0125
-68.5246
-68.0859
-66.3128
-63.9607
-62.6752
-62.4704
-62.3684
-62.288
-62.2271
-62.1846
-62.1595
-62.1511
-62.7247
-63.5035
-63.6839
-64.3683
-65.6396
-66.9789
-67.7679
-68.2284
-68.5141
-68.7025
-68.8344
-68.9326
-69.0104
-69.0755
-69.133
-69.1858
-69.236
-69.285
-69.3337
-69.3826
-69.4322
-69.4826
-69.534
-69.5866
-69.6403
-69.695
-69.7508
-69.8075
-69.8652
-69.9236
-69.9827
-70.0424
-70.1025
-70.1631
-70.224
-70.2851
-70.3463
-70.4076
-70.4688
-70.53
-70.591
-70.6518
-70.7124
-70.7726
-70.8325
-70.8919
-70.9509
-71.0094
-71.0673
-71.1247
-69.5249
-66.0162
-63.24
-61.0671
-59.1701
-57.1032
-53.421
43.3518
-4.93065
-36.3663
-77.8653
-78.8304
-78.6191
-78.4523
-78.273
-78.0792
-77.8715
-77.6506
-77.4181
-76.9103
-74.4318

