-70
-70.0758
-70.1508
-70.225
-70.2983
-70.3706
-70.4419
-70.5122
-70.5814
-70.6496
-70.7168
-70.7829
-70.848
-70.9121
-70.9752
-71.0373
-71.0984
-71.1586
-71.2178
-71.2761
-71.3334
-71.3899
-71.4455
-71.5003
-71.5543
-71.6074
-71.6598
-71.7114
-71.7623
-71.8124
-71.8619
-71.9106
-71.9587
-72.006
-72.0527
-72.0988
-72.1442
-72.1889
-72.2331
-72.2766
-72.3196
-72.362
-72.4038
-72.445
-72.4857
-72.5258
-72.5654
-72.6045
-72.6431
-72.6812
-72.7188
-72.756
-72.7927
-72.8289
-72.8647
-72.9
-72.9349
-72.9694
-73.0035
-73.0371
-73.0704
-73.1032
-73.1357
-73.1678
-73.1994
-73.2307
-73.2617
-73.2922
-73.3224
-73.3523
-73.3817
-73.4109
-73.4397
-73.4682
-73.4963
-73.5241
-73.5516
-73.5788
-73.6057
-73.6323
-73.6585
-73.6845
-73.7102
-73.7356
-73.7608
-73.7857
-73.8103
-73.8346
-73.8587
-73.8825
-73.9061
-73.9294
-73.9524
-73.9753
-73.9979
-74.0202
-74.0423
-74.0642
-74.0859
-74.1073
-74.1285
-74.1495
-74.1703
-74.1909
-74.2112
-74.2313
-74.2513
-74.271
-74.2905
-74.3098
-74.329
-74.3479
-74.3666
-74.3852
-74.4036
-74.4217
-74.4397
-74.4575
-74.4752
-74.4926
-74.5099
-74.527
-74.544
-74.5607
-74.5774
-74.5938
-74.6101
-74.6262
-74.6422
-74.658
-74.6736
-74.6891
-74.7045
-74.7197
-74.7347
-74.7496
-74.7644
-74.779
-74.7935
-74.8079
-74.8221
-74.8362
-74.8501
-74.864
-74.8777
-74.8913
-74.9047
-74.918
-74.9313
-74.9443
-74.9573
-74.9701
-74.9829
-74.9955
-75.008
-75.0204
-75.0327
-75.0448
-75.0569
-75.0688
-75.0806
-75.0924
-75.104
-75.1155
-75.1269
-75.1382
-75.1495
-75.1606
-75.1716
-75.1825
-75.1933
-75.204
-75.2147
-75.2252
-75.2356
-75.246
-75.2562
-75.2664
-75.2764
-75.2864
-75.2963
-75.3061
-75.3158
-75.3255
-75.335
-75.3445
-75.3538
-75.3631
-75.3724
-75.3815
-75.3906
-75.3995
-75.4084
-75.4172
-75.426
-75.4346
-75.4432
-75.4518
-75.4602
-75.4686
-75.4769
-75.4851
-75.4932
-75.5013
-75.5093
-75.5173
-75.5251
-75.533
-75.5407
-75.5484
-75.556
-75.5635
-75.571
-75.5784
-75.5858
-75.593
-75.6003
-75.6074
-75.6145
-75.6216
-75.6285
-75.6355
-75.6423
-75.6491
-75.6559
-75.6626
-75.6692
-75.6758
-75.6823
-75.6888
-75.6952
-75.7015
-75.7078
-75.7141
-75.7203
-75.7264
-75.7325
-75.7386
-75.7446
-75.7505
-75.7564
-75.7622
-75.768
-75.7738
-75.7795
-75.7851
-75.7907
-75.7963
-75.8018
-75.8072
-75.8127
-75.818
-75.8234
-75.8287
-75.8339
-75.8391
-75.8443
-75.8494
-75.8545
-75.8595
-75.8645
-75.8695
-75.8744
-75.8793
-75.8841
-75.8889
-75.8937
-75.8984
-75.9031
-75.9077
-75.9123
-75.9169
-75.9214
-75.9259
-75.9304
-75.9348
-75.9392
-75.9436
-75.9479
-75.9522
-75.9565
-75.9607
-75.9649
-75.969
-75.9731
-75.9772
-75.9813
-75.9853
-75.9893
-75.9933
-75.9972
-76.0011
-76.005
-76.0088
-76.0126
-76.0164
-76.0201
-76.0239
-76.0275
-76.0312
-76.0348
-76.0384
-76.042
-76.0456
-76.0491
-76.0526
-76.056
-76.0595
-76.0629
-76.0663
-76.0696
-76.0729
-76.0762
-76.0795
-76.0828
-76.086
-76.0892
-76.0924
-76.0955
-76.0986
-76.1017
-76.1048
-76.1079
-76.1109
-76.1139
-76.1169
-76.1198
-76.1228
-76.1257
-76.1286
-76.1314
-76.1343
-76.1371
-76.1399
-76.1427
-76.1455
-76.1482
-76.1509
-76.1536
-76.1563
-76.1589
-76.1615
-76.1642
-76.1667
-76.1693
-76.1719
-76.1744
-76.1769
-76.1794
-76.1819
-76.1843
-76.1868
-76.1892
-76.1916
-76.1939
-76.1963
-76.1986
-76.201
-76.2033
-76.2056
-76.2078
-76.2101
-76.2123
-76.2145
-76.2167
-76.2189
-76.2211
-76.2232
-76.2254
-76.2275
-76.2296
-76.2317
-76.2337
-76.2358
-76.2378
-76.2398
-76.2418
-76.2438
-76.2458
-76.2478
-76.2497
-76.2516
-76.2536
-76.2554
-76.2573
-76.2592
-76.2611
-76.2629
-76.2647
-76.2665
-76.2683
-76.2701
-76.2719
-76.2737
-76.2754
-76.2771
-76.2788
-76.2806
-76.2822
-76.2839
-76.2856
-76.2872
-76.2889
-76.2905
-76.2921
-76.2937
-76.2953
-76.2969
-76.2985
-76.3
-76.3016
-76.3031
-76.3046
-76.3061
-76.3076
-76.3091
-76.3106
-76.312
-76.3135
-76.3149
-76.3164
-76.3178
-76.3192
-76.3206
-76.322
-76.3233
-76.3247
-76.3261
-76.3274
-76.3287
-76.33
-76.3314
-76.3327
-76.334
-76.3352
-76.3365
-76.3378
-76.339
-76.3403
-76.3415
-76.3427
-76.3439
-76.3452
-76.3464
-76.3475
-76.3487
-76.3499
-76.351
-76.3522
-76.3533
-76.3545
-76.3556
-76.3567
-76.3578
-76.3589
-76.36
-76.3611
-76.3622
-76.3632
-76.3643
-76.3654
-76.3664
-76.3674
-76.3685
-76.3695
-76.3705
-76.3715
-76.3725
-76.3735
-76.3745
-76.3754
-76.3764
-76.3774
-76.3783
-76.3793
-76.3802
-76.3811
-76.382
-76.383
-76.3839
-76.3848
-76.3857
-76.3866
-76.3874
-76.3883
-76.3892
-76.39
-76.3909
-76.3917
-76.3926
-76.3934
-76.3943
-76.3951
-76.3959
-76.3967
-76.3975
-76.3983
-76.3991
-76.3999
-76.4007
-76.4014
-76.4022
-75.9782
-71.7854
-68.0015
-65.1526
-62.9424
-61.119
-59.4235
-57.4436
-53.6142
46.3418
-5.06449
-36.4119
-78.3973
-79.7416
-79.7278
-78.7612
-77.878
-77.5291
-77.2515
-76.9694
-76.6756
-76.3706
-76.0571
-75.6434
-73.1384
-70.9957
-69.5344
-68.4537
-67.6019
-66.9015
-66.3101
-65.8029
-63.852
-61.8111
-60.146
-58.5926
-59.4496
-61.6203
-63.3067
-64.4931
-65.2404
-65.0639
-65.2136
-66.6645
-67.7599
-68.3565
-68.6983
-68.9075
-69.345
-69.9989
-70.6174
-71.3309
-71.7813
-72.0608
-72.2432
-72.3682
-72.4578
-71.9426
-68.9156
-66.5803
-65.0311
-63.9666
-63.2113
-62.6611
-62.2506
-61.941
-61.7066
-61.5284
-61.3954
-61.3002
-61.2378
-61.2045
-61.1977
-61.2152
-61.2555
-59.9735
-57.8314
-55.2709
-48.0842
24.2819
-21.8483
-62.2973
-79.2136
-79.4213
-79.3585
-79.2807
-79.1951
-79.1022
-78.1772
-75.8491
-74.5549
-73.7612
-73.1463
-72.6091
-72.1147
-71.6507
-71.2133
-70.802
-68.6282
-66.1225
-64.2569
-62.8322
-61.682
-60.6894
-59.7586
-59.196
-59.9171
-62.7871
-65.77
-68.4469
-71.1921
-72.681
-73.766
-74.2912
-74.5371
-74.6612
-74.7282
-74.7667
-74.7943
-74.9017
-74.9868
-75.1034
-75.2014
-75.2629
-75.3027
-75.3299
-75.3493
-75.364
-75.3755
-75.385
-75.3931
-75.4004
-75.407
-75.4133
-75.4193
-75.4253
-75.4311
-75.437
-75.4428
-75.4488
-75.4547
-75.4608
-75.4669
-75.4732
-75.4795
-75.4858
-75.4923
-75.4988
-75.5054
-75.512
-75.5187
-75.5254
-75.5322
-75.539
-75.5458
-75.5527
-75.5595
-75.5664
-75.5732
-75.5801
-75.5869
-75.5938
-75.6006
-75.6074
-75.6142
-75.6209
-75.6277
-75.6343
-75.641
-75.6476
-75.6542
-75.6608
-75.6673
-75.6738
-75.6802
-75.6866
-75.6929
-75.6992
-75.7055
-75.7117
-75.7178
-75.7239
-75.73
-75.736
-74.2169
-70.0036
-66.6114
-64.0389
-62.0022
-60.2451
-58.4552
-55.9204
-45.5531
20.2143
-22.5561
-65.9213
-79.3124
-78.7782
-78.5532
-78.3796
-78.1935
-77.9929
-77.7784
-77.551
-77.3122
-76.5969
-74.1046
-72.3301
-71.1584
-70.2796
-69.564
-68.9523
-68.4156
-67.9386
-67.5323
-66.2638
-65.7659
-65.4821
-65.3811
-66.0963
-66.6769
-67.1295
-68.6605
-69.7952
-70.4597
-70.8665
-71.1278
-71.3036
-69.8266
-67.6659
-66.7149
-66.1933
-65.8812
-65.6938
-65.5849
-65.5277
-65.5063
-65.5106
-65.5341
-65.5723
-66.1431
-67.0873
-67.814
-68.3614
-68.7834
-69.1157
-69.3828
-69.0605
-66.2665
-63.9538
-62.2853
-61.0074
-59.9449
-58.9586
-57.896
-56.4761
-53.6733
-10.9486
0.361143
-32.8084
-76.6038
-79.6988
-79.7252
-79.6927
-79.6544
-79.6122
-79.5662
-79.5164
-77.8006
-75.0849
-73.536
-72.5433
-71.7926
-71.1657
-70.6138
-70.1153
-69.6607
-69.2453
-67.3701
-64.8779
-62.9736
-61.4796
-60.2021
-58.9681
-57.5384
-55.2711
-45.8821
19.0365
-23.7006
-66.9713
-78.9394
-78.8999
-78.7101
-78.5176
-78.3332
-77.9826
-77.6787
-77.399
-77.1246
-76.8657
-76.6265
-76.4419
-76.2889
-76.1524
-76.0275
-75.9124
-75.8065
-75.7094
-75.6208
-75.5404
-75.4678
-75.4025
-75.3442
-75.2925
-75.2468
-75.2067
-75.1718
-75.1982
-75.2443
-75.279
-75.305
-75.3252
-75.3412
-75.3543
-75.3654
-75.3751
-75.3838
-75.3918
-75.3993
-75.4065
-75.4135
-75.4204
-75.4272
-75.434
-75.4407
-75.4475
-75.4543
-75.4612
-75.4681
-75.4751
-75.482
-75.4891
-75.4961
-75.5032
-75.5103
-75.5174
-75.5246
-75.5317
-75.5388
-75.546
-75.5531
-75.5602
-75.5673
-75.5744
-75.5814
-75.5884
-75.5954
-75.6024
-75.6093
-75.6162
-75.623
-75.6299
-75.6366
-75.6434
-75.65
-75.6567
-75.6633
-75.6698
-75.6763
-75.6828
-75.6892
-75.6955
-75.7018
-75.7081
-75.7143
-75.7205
-75.7266
-75.7327
-75.7387
-75.7446
-75.7506
-75.7564
-75.7623
-75.768
-75.7738
-75.7795
-75.7851
-72.0943
-68.1811
-65.2221
-62.9383
-61.0631
-59.3224
-57.2735
-53.1226
45.1577
-7.76167
-38.901
-78.7463
-79.1643
-78.6006
-78.3858
-78.1963
-77.9936
-77.7763
-77.5451
-77.3015
-77.0473
-76.083
-73.5329
-71.7505
-70.5463
-69.6377
-68.9007
-68.276
-67.8042
-68.098
-68.7293
-67.3517
-66.1189
-65.4194
-65.7488
-66.0887
-66.3074
-66.8232
-68.3611
-69.385
-70.1453
-70.9896
-71.5264
-71.8572
-72.0713
-72.2162
-71.2472
-68.8972
-67.4307
-66.5653
-66.036
-65.7055
-65.4988
-65.3733
-65.3032
-65.2723
-65.2701
-65.2898
-65.3264
-65.3766
-65.4379
-65.5084
-65.5866
-65.6714
-65.7619
-65.8572
-65.9567
-66.0598
-66.1661
-66.275
-66.3862
-66.499
-66.6132
-66.7283
-66.844
-66.9601
-67.0763
-67.1925
-67.3084
-67.4239
-67.5389
-67.653
-67.6516
-64.8531
-62.1213
-59.9584
-57.9863
-55.5504
-48.7894
26.9325
-20.5832
-59.8689
-79.3311
-79.5839
-79.5407
-79.4841
-78.8958
-77.0455
-76.179
-75.6759
-75.2502
-74.8426
-74.4401
-74.0414
-73.6484
-73.1708
-70.5166
-68.0994
-66.3643
-65.0632
-64.0451

