-70
-70.0758
-70.1508
-70.225
-70.2983
-70.3706
-70.4419
-70.5122
-70.5814
-70.6496
-70.7168
-70.7829
-70.848
-70.9121
-70.9752
-71.0373
-71.0984
-71.1586
-71.2178
-71.2761
-71.3334
-71.3899
-71.4455
-71.5003
-71.5543
-71.6074
-71.6598
-71.7114
-71.7623
-71.8124
-71.8619
-71.9106
-71.9587
-72.006
-72.0527
-72.0988
-72.1442
-72.1889
-72.2331
-72.2766
-72.3196
-72.362
-72.4038
-72.445
-72.4857
-72.5258
-72.5654
-72.6045
-72.6431
-72.6812
-72.7188
-72.756
-72.7927
-72.8289
-72.8647
-72.9
-72.9349
-72.9694
-73.0035
-73.0371
-73.0704
-73.1032
-73.1357
-73.1678
-73.1994
-73.2307
-73.2617
-73.2922
-73.3224
-73.3523
-73.3817
-73.4109
-73.4397
-73.4682
-73.4963
-73.5241
-73.5516
-73.5788
-73.6057
-73.6323
-73.6585
-73.6845
-73.7102
-73.7356
-73.7608
-73.7857
-73.8103
-73.8346
-73.8587
-73.8825
-73.9061
-73.9294
-73.9524
-73.9753
-73.9979
-74.0202
-74.0423
-74.0642
-74.0859
-74.1073
-74.1285
-74.1495
-74.1703
-74.1909
-74.2112
-74.2313
-74.2513
-74.271
-74.2905
-74.3098
-74.329
-74.3479
-74.3666
-74.3852
-74.4036
-74.4217
-74.4397
-74.4575
-74.4752
-74.4926
-74.5099
-74.527
-74.544
-74.5607
-74.5774
-74.5938
-74.6101
-74.6262
-74.6422
-74.658
-74.6736
-74.6891
-74.7045
-74.7197
-74.7347
-74.7496
-74.7644
-74.779
-74.7935
-74.8079
-74.8221
-74.8362
-74.8501
-74.864
-74.8777
-74.8913
-74.9047
-74.918
-74.9313
-74.9443
-74.9573
-74.9701
-74.9829
-74.9955
-75.008
-75.0204
-75.0327
-75.0448
-75.0569
-75.0688
-75.0806
-75.0924
-75.104
-75.1155
-75.1269
-75.1382
-75.1495
-75.1606
-75.1716
-75.1825
-75.1933
-75.204
-75.2147
-75.2252
-75.2356
-75.246
-75.2562
-75.2664
-75.2764
-75.2864
-75.2963
-75.3061
-75.3158
-75.3255
-75.335
-75.3445
-75.3538
-75.3631
-75.3724
-75.3815
-75.3906
-75.3995
-75.4084
-75.4172
-75.426
-75.4346
-75.4432
-75.4518
-75.4602
-75.4686
-75.4769
-75.4851
-75.4932
-75.5013
-75.5093
-75.5173
-75.5251
-75.533
-75.5407
-75.5484
-75.556
-75.5635
-75.571
-75.5784
-75.5858
-75.593
-75.6003
-75.6074
-75.6145
-75.6216
-75.6285
-75.6355
-75.6423
-75.6491
-75.6559
-75.6626
-75.6692
-75.6758
-75.6823
-75.6888
-75.6952
-75.7015
-75.7078
-75.7141
-75.7203
-75.7264
-75.7325
-75.7386
-75.7446
-75.7505
-75.7564
-75.7622
-75.768
-75.7738
-75.7795
-75.7851
-75.7907
-75.7963
-75.8018
-75.8072
-75.8127
-75.818
-75.8234
-75.8287
-75.8339
-75.8391
-75.8443
-75.8494
-75.8545
-75.8595
-75.8645
-75.8695
-75.8744
-75.8793
-75.8841
-75.8889
-75.8937
-75.8984
-75.9031
-75.9077
-75.9123
-75.9169
-75.9214
-75.9259
-75.9304
-75.9348
-75.9392
-75.9436
-75.9479
-75.9522
-75.9565
-75.9607
-75.9649
-75.969
-75.9731
-75.9772
-75.9813
-75.9853
-75.9893
-75.9933
-75.9972
-76.0011
-76.005
-76.0088
-76.0126
-76.0164
-76.0201
-76.0239
-76.0275
-76.0312
-76.0348
-76.0384
-76.042
-76.0456
-76.0491
-76.0526
-76.056
-76.0595
-76.0629
-76.0663
-76.0696
-76.0729
-76.0762
-76.0795
-76.0828
-76.086
-76.0892
-76.0924
-76.0955
-76.0986
-76.1017
-76.1048
-76.1079
-76.1109
-76.1139
-76.1169
-76.1198
-76.1228
-76.1257
-76.1286
-76.1314
-76.1343
-76.1371
-76.1399
-76.1427
-76.1455
-76.1482
-76.1509
-76.1536
-76.1563
-76.1589
-76.1615
-76.1642
-76.1667
-76.1693
-76.1719
-76.1744
-76.1769
-76.1794
-76.1819
-76.1843
-76.1868
-76.1892
-76.1916
-76.1939
-76.1963
-76.1986
-76.201
-76.2033
-76.2056
-76.2078
-76.2101
-76.2123
-76.2145
-76.2167
-76.2189
-76.2211
-76.2232
-76.2254
-76.2275
-76.2296
-76.2317
-76.2337
-76.2358
-76.2378
-76.2398
-76.2418
-76.2438
-76.2458
-76.2478
-76.2497
-76.2516
-76.2536
-76.2554
-76.2573
-76.2592
-76.2611
-76.2629
-76.2647
-76.2665
-76.2683
-76.2701
-76.2719
-76.2737
-76.2754
-76.2771
-76.2788
-76.2806
-76.2822
-76.2839
-76.2856
-76.2872
-76.2889
-76.2905
-76.2921
-76.2937
-76.2953
-76.2969
-76.2985
-76.3
-76.3016
-76.3031
-76.3046
-76.3061
-76.3076
-76.3091
-76.3106
-76.312
-76.3135
-76.3149
-76.3164
-76.3178
-76.3192
-76.3206
-76.322
-76.3233
-76.3247
-76.3261
-76.3274
-76.3287
-76.33
-76.3314
-76.3327
-76.334
-76.3352
-76.3365
-76.3378
-76.339
-76.3403
-76.3415
-76.3427
-76.3439
-76.3452
-76.3464
-76.3475
-76.3487
-76.3499
-76.351
-76.3522
-76.3533
-76.3545
-76.3556
-76.3567
-76.3578
-76.3589
-76.36
-76.3611
-76.3622
-76.3632
-76.3643
-76.3654
-76.3664
-76.3674
-76.3685
-76.3695
-76.3705
-76.3715
-76.3725
-76.3735
-76.3745
-76.3754
-76.3764
-76.3774
-76.3783
-76.3793
-76.3802
-76.3811
-76.382
-76.383
-76.3839
-76.3848
-76.3857
-76.3866
-76.3874
-76.3883
-76.3892
-76.39
-76.3909
-76.3917
-76.3926
-76.3934
-76.3943
-76.3951
-76.3959
-76.3967
-76.3975
-76.3983
-76.3991
-76.3999
-76.4007
-76.4014
-76.4022
-76.403
-76.4037
-76.4045
-76.4052
-76.406
-76.4067
-76.4074
-74.8953
-67.0752
-61.2529
-56.804
-46.1042
21.9792
-21.4302
-63.4285
-79.1077
-79.1336
-79.0283
-77.3761
-75.7454
-75.0639
-74.572
-74.0905
-73.6012
-73.1049
-72.6055
-71.8822
-68.6982
-65.1927
-63.0133
-61.5616
-60.4478
-59.4721
-58.494
-57.3419
-55.6046
-52.2899
43.1502
-8.23311
-39.5592
-77.8945
-78.853
-78.7321
-78.5909
-76.8318
-76.0168
-75.5831
-73.9449
-72.2391
-71.3106
-70.655
-70.0978
-69.5896
-69.1156
-68.6717
-68.2572
-67.8725
-67.5184
-67.1953
-66.9033
-66.6758
-67.2893
-67.8962
-68.3249
-68.6336
-68.862
-69.0359
-69.1724
-69.8506
-70.5219
-71.0178
-71.3893
-71.6739
-71.8966
-72.0743
-72.2189
-72.3386
-72.4394
-72.5256
-72.6007
-72.6669
-72.7261
-72.7798
-72.8291
-72.8748
-71.8752
-65.0869
-59.9234
-55.7221
-41.042
13.7488
-25.4535
-70.4399
-79.0526
-79.0325
-78.9161
-76.4254
-75.3584
-74.8295
-74.3502
-73.8662
-73.3734
-72.8751
-72.3758
-71.8804
-69.5448
-67.4191
-65.9716
-65.9908
-66.8361
-67.8595
-68.4327
-68.7152
-68.8518
-68.9129
-68.9349
-68.9374
-68.9312
-68.9227
-68.9154
-68.9116
-68.9124
-68.9183
-68.9297
-68.9466
-68.9687
-68.996
-69.4125
-70.1179
-70.6752
-71.1055
-71.444
-71.7147
-71.9348
-72.1163
-72.2682
-72.3969
-72.5074
-72.6033
-72.6876
-72.7624
-72.8296
-72.8905
-72.9462
-72.9976
-73.0453
-73.0901
-73.1322
-73.1722
-73.2103
-73.2469
-73.282
-73.316
-73.3489
-73.3808
-73.412
-73.4424
-73.4722
-73.5013
-73.53
-73.5581
-73.5857
-73.6129
-73.6398
-73.6662
-73.6923
-73.7181
-73.7435
-73.7686
-73.7935
-73.818
-73.8423
-73.8663
-73.89
-73.9135
-73.9367
-73.9596
-73.9824
-74.0048
-74.0271
-74.0491
-74.0709
-74.0925
-74.1138
-74.1349
-74.1558
-74.1765
-74.197
-70.2146
-63.4047
-58.5703
-53.2235
44.8559
-7.74138
-38.6486
-78.2555
-79.1203
-79.0241
-78.4267
-76.0844
-75.1737
-74.6565
-74.1714
-73.6806
-73.182
-72.679
-72.1765
-70.8631
-66.6257
-63.743
-61.9519
-60.6618
-59.5866
-58.6039
-58.9951
-59.5904
-59.2544
-58.798
-59.5225
-60.0961
-60.4609
-60.7006
-60.8674
-60.9905
-61.088
-61.666
-63.0336
-63.9773
-62.9223
-61.846
-61.1359
-60.6461
-60.291
-60.9995
-62.2076
-63.1191
-63.7884
-64.2909
-64.6784
-64.9862
-65.2384
-65.4511
-65.6354
-65.7991
-65.9479
-66.086
-66.2163
-66.341
-64.563
-61.9688
-59.9642
-58.2715
-56.4985
-53.727
-35.1405
4.34014
-30.8372
-74.6837
-79.4665
-79.5208
-79.4667
-79.4022
-79.3314
-79.2547
-79.1724
-79.0848
-78.9927
-77.765
-74.0417
-70.9511
-66.6368
-63.7738
-61.8975
-60.486
-59.2447
-57.925
-56.0753
-51.2528
37.8316
-14.6088
-47.6919
-77.9474
-78.1983
-77.9946
-77.7651
-77.5169
-77.2508
-76.9677
-75.7773
-73.7265
-71.2753
-68.9216
-67.9904
-67.4564
-67.7175
-68.2858
-68.4709
-68.4639
-68.3781
-68.2622
-68.139
-68.0196
-67.9097
-67.812
-67.7278
-67.6576
-67.6013
-67.5585
-67.5286
-67.5111
-67.505
-67.5097
-67.5243
-67.5481
-67.5802
-67.62
-67.6667
-67.7195
-67.7779
-67.8411
-67.9087
-67.98
-68.0546
-68.1319
-68.2116
-68.2933
-68.3765
-68.4611
-68.5467
-68.633
-69.2365
-69.976
-70.5721
-71.0509
-71.4402
-71.7604
-72.0266
-72.2502
-72.4396
-72.6017
-72.7414
-72.8628
-72.9693
-73.0632
-73.1468
-73.2216
-73.2891
-73.3503
-73.4062
-73.4577
-73.5052
-73.5494
-73.5908
-73.6297
-73.6664
-73.7012
-73.7344
-73.7662
-73.7967
-73.8261
-73.8544
-73.8819
-73.9086
-73.9346
-73.9599
-73.9847
-74.0089
-74.0326
-74.0559
-74.0787
-74.1012
-74.1233
-74.145
-74.1665
-74.1876
-74.2084
-74.229
-74.2493
-74.2693
-74.2891
-72.4547
-68.486
-65.3557
-62.9619
-61.0178
-59.235
-57.1601
-51.6284
38.1902
-13.592
-46.0966
-78.6649
-79.0438
-78.9339
-77.7691
-76.8943
-76.4775
-76.1131
-75.7415
-73.7497
-71.8101
-70.6743
-69.7822
-67.4133
-65.5353
-64.2764
-63.339
-62.5816
-61.0856
-59.0239
-57.0453
-54.1623
-26.7439
3.80621
-30.5322
-74.7181
-78.6945
-77.9444
-77.2604
-76.8932
-76.5489
-75.0656
-73.9082
-73.2952
-72.8139
-72.3691
-71.9424
-71.5314
-71.1373
-70.762
-70.4078
-68.0711
-65.6164
-63.9646
-62.8005
-61.9226
-61.2177
-60.6169
-60.0718
-59.9577
-61.1134
-62.2049
-63.074
-63.76
-64.305
-64.744
-65.1037
-65.4046
-65.6609
-65.8834
-66.0803
-66.2578
-66.4205
-66.5715
-66.7134
-66.8482
-66.9775
-67.1022
-67.2235
-67.3418
-67.4578
-67.5718
-67.6838
-67.7942
-67.9031
-68.0105
-68.1166
-68.2213
-68.3247
-68.4269
-68.5278
-68.6274
-68.7257
-68.5014
-65.4226
-62.6265
-60.4453
-56.9768
-51.1087
37.8751
-15.1738
-48.3044
-78.4777
-78.9155
-78.7971
-78.6544
-77.8151
-75.2532
-73.3902
-72.4817
-71.8199
-71.2199
-70.643
-70.0823
-69.5388
-68.6444
-65.3843
-62.0085

