-70
-70.0758
-70.1508
-70.225
-70.2983
-70.3706
-70.4419
-70.5122
-70.5814
-70.6496
-70.7168
-70.7829
-70.848
-70.9121
-70.9752
-71.0373
-71.0984
-71.1586
-71.2178
-71.2761
-71.3334
-71.3899
-71.4455
-71.5003
-71.5543
-71.6074
-71.6598
-71.7114
-71.7623
-71.8124
-71.8619
-71.9106
-71.9587
-72.006
-72.0527
-72.0988
-72.1442
-72.1889
-72.2331
-72.2766
-72.3196
-72.362
-72.4038
-72.445
-72.4857
-72.5258
-72.5654
-72.6045
-72.6431
-72.6812
-72.7188
-72.756
-72.7927
-72.8289
-72.8647
-72.9
-72.9349
-72.9694
-73.0035
-73.0371
-73.0704
-73.1032
-73.1357
-73.1678
-73.1994
-73.2307
-73.2617
-73.2922
-73.3224
-73.3523
-73.3817
-73.4109
-73.4397
-73.4682
-73.4963
-73.5241
-73.5516
-73.5788
-73.6057
-73.6323
-73.6585
-73.6845
-73.7102
-73.7356
-73.7608
-73.7857
-73.8103
-73.8346
-73.8587
-73.8825
-73.9061
-73.9294
-73.9524
-73.9753
-73.9979
-74.0202
-74.0423
-74.0642
-74.0859
-74.1073
-74.1285
-74.1495
-74.1703
-74.1909
-74.2112
-74.2313
-74.2513
-74.271
-74.2905
-74.3098
-74.329
-74.3479
-74.3666
-74.3852
-74.4036
-74.4217
-74.4397
-74.4575
-74.4752
-74.4926
-74.5099
-74.527
-74.544
-74.5607
-74.5774
-74.5938
-74.6101
-74.6262
-74.6422
-74.658
-74.6736
-74.6891
-74.7045
-74.7197
-74.7347
-74.7496
-74.7644
-74.779
-74.7935
-74.8079
-74.8221
-74.8362
-74.8501
-74.864
-74.8777
-74.8913
-74.9047
-74.918
-74.9313
-74.9443
-74.9573
-74.9701
-74.9829
-74.9955
-75.008
-75.0204
-75.0327
-75.0448
-75.0569
-75.0688
-75.0806
-75.0924
-75.104
-75.1155
-75.1269
-75.1382
-75.1495
-75.1606
-75.1716
-75.1825
-75.1933
-75.204
-75.2147
-75.2252
-75.2356
-75.246
-75.2562
-75.2664
-75.2764
-75.2864
-75.2963
-75.3061
-75.3158
-75.3255
-75.335
-75.3445
-75.3538
-75.3631
-75.3724
-75.3815
-75.3906
-75.3995
-75.4084
-75.4172
-75.426
-75.4346
-75.4432
-75.4518
-75.4602
-75.4686
-75.4769
-75.4851
-75.4932
-75.5013
-75.5093
-75.5173
-75.5251
-75.533
-75.5407
-75.5484
-75.556
-75.5635
-75.571
-75.5784
-75.5858
-75.593
-75.6003
-75.6074
-75.6145
-75.6216
-75.6285
-75.6355
-75.6423
-75.6491
-75.6559
-75.6626
-75.6692
-75.6758
-75.6823
-75.6888
-75.6952
-75.7015
-75.7078
-75.7141
-75.7203
-75.7264
-75.7325
-75.7386
-75.7446
-75.7505
-75.7564
-75.7622
-75.768
-75.7738
-75.7795
-75.7851
-75.7907
-75.7963
-75.8018
-75.8072
-75.8127
-75.818
-75.8234
-75.8287
-75.8339
-75.8391
-75.8443
-75.8494
-75.8545
-75.8595
-75.8645
-75.8695
-75.8744
-75.8793
-75.8841
-75.8889
-75.8937
-75.8984
-75.9031
-75.9077
-75.9123
-75.9169
-75.9214
-75.9259
-75.9304
-75.9348
-75.9392
-75.9436
-75.9479
-75.9522
-75.9565
-75.9607
-75.9649
-75.969
-75.9731
-75.9772
-75.9813
-75.9853
-75.9893
-75.9933
-75.9972
-76.0011
-76.005
-76.0088
-76.0126
-76.0164
-76.0201
-76.0239
-76.0275
-76.0312
-76.0348
-76.0384
-76.042
-76.0456
-76.0491
-76.0526
-76.056
-76.0595
-76.0629
-76.0663
-76.0696
-76.0729
-76.0762
-76.0795
-76.0828
-76.086
-76.0892
-76.0924
-76.0955
-76.0986
-76.1017
-76.1048
-76.1079
-76.1109
-76.1139
-76.1169
-76.1198
-76.1228
-76.1257
-76.1286
-76.1314
-76.1343
-76.1371
-76.1399
-76.1427
-76.1455
-76.1482
-76.1509
-76.1536
-76.1563
-76.1589
-76.1615
-76.1642
-76.1667
-76.1693
-76.1719
-76.1744
-76.1769
-76.1794
-76.1819
-76.1843
-76.1868
-76.1892
-76.1916
-76.1939
-76.1963
-76.1986
-76.201
-76.2033
-76.2056
-76.2078
-76.2101
-76.2123
-76.2145
-76.2167
-76.2189
-76.2211
-76.2232
-76.2254
-76.2275
-76.2296
-76.2317
-76.2337
-76.2358
-76.2378
-76.2398
-76.2418
-76.2438
-76.2458
-76.2478
-76.2497
-76.2516
-76.2536
-76.2554
-76.2573
-76.2592
-76.2611
-76.2629
-76.2647
-76.2665
-76.2683
-76.2701
-76.2719
-76.2737
-76.2754
-76.2771
-76.2788
-76.2806
-76.2822
-76.2839
-76.2856
-76.2872
-76.2889
-76.2905
-76.2921
-76.2937
-76.2953
-76.2969
-76.2985
-76.3
-76.3016
-76.3031
-76.3046
-76.3061
-76.3076
-76.3091
-76.3106
-76.312
-76.3135
-76.3149
-76.3164
-76.3178
-76.3192
-76.3206
-76.322
-76.3233
-76.3247
-76.3261
-76.3274
-76.3287
-76.33
-76.3314
-76.3327
-76.334
-76.3352
-76.3365
-76.3378
-76.339
-76.3403
-76.3415
-76.3427
-76.3439
-76.3452
-76.3464
-76.3475
-76.3487
-76.3499
-76.351
-76.3522
-76.3533
-76.3545
-76.3556
-76.3567
-76.3578
-76.3589
-76.36
-76.3611
-76.3622
-76.3632
-76.3643
-76.3654
-76.3664
-76.3674
-76.3685
-76.3695
-76.3705
-76.3715
-76.3725
-76.3735
-76.3745
-76.3754
-76.3764
-76.3774
-76.3783
-76.3793
-76.3802
-76.3811
-76.382
-76.383
-76.3839
-76.3848
-76.3857
-76.3866
-76.3874
-76.3883
-76.3892
-76.39
-76.3909
-76.3917
-76.3926
-76.3934
-76.3943
-76.3951
-76.3959
-76.3967
-76.3975
-76.3983
-76.3991
-76.3999
-76.4007
-76.4014
-76.4022
-74.8446
-70.5341
-67.0631
-64.4343
-62.3657
-60.6103
-58.888
-56.6535
-50.6465
33.7769
-16.042
-51.0817
-79.4364
-79.7448
-79.718
-78.7039
-77.7425
-77.3594
-77.063
-76.7661
-76.4587
-76.1412
-75.8161
-75.0514
-72.4933
-70.5197
-69.1545
-68.1283
-67.3111
-66.6352
-66.0627
-65.5711
-65.1464
-64.7788
-64.7582
-65.6259
-67.0861
-68.4092
-69.3221
-68.9289
-66.6846
-65.048
-64.6756
-64.9375
-65.1888
-66.2548
-67.1249
-67.6935
-68.0792
-68.3526
-68.5547
-67.3495
-65.2042
-63.6825
-62.6238
-61.8533
-61.2672
-61.9204
-62.9736
-63.794
-64.422
-64.9108
-65.2999
-65.6169
-65.8809
-66.106
-66.3022
-66.4768
-66.6347
-66.7801
-66.9157
-67.0438
-67.1662
-67.2841
-67.3984
-67.5099
-67.6191
-67.7263
-67.8318
-67.9358
-68.0386
-68.1402
-68.2406
-68.34
-66.9803
-63.9334
-61.5012
-59.5246
-57.6264
-55.0782
-45.8976
18.2044
-24.2159
-67.4615
-79.4627
-78.6611
-78.285
-78.0718
-77.8555
-77.625
-77.3804
-77.123
-76.8549
-76.123
-73.667
-72.059
-71.0703
-70.613
-70.6025
-70.8806
-71.0032
-71.3671
-71.6363
-71.7666
-72.2699
-72.8328
-73.148
-73.3215
-73.421
-73.4802
-73.5167
-73.5402
-73.5562
-73.5681
-73.5777
-73.5863
-73.5947
-73.6032
-73.6123
-73.622
-73.6325
-73.6439
-73.656
-73.7665
-73.992
-74.1753
-74.3184
-74.4323
-74.5244
-74.6001
-74.6631
-74.7163
-74.7618
-74.8012
-74.8356
-74.8662
-74.8935
-74.9181
-74.9406
-74.9613
-74.9805
-74.9984
-75.0153
-75.0312
-75.0465
-75.061
-75.075
-75.0885
-75.1016
-75.1143
-75.1267
-75.1388
-75.1507
-75.1624
-75.1738
-75.1851
-75.1961
-75.2071
-75.2179
-75.2285
-75.239
-75.2494
-75.2597
-75.2699
-75.28
-75.29
-75.2998
-75.3096
-75.3193
-75.3289
-72.1416
-68.223
-65.2409
-62.9435
-61.062
-59.322
-57.2876
-53.2399
45.7118
-7.08929
-38.241
-78.6414
-79.7282
-79.7104
-79.6738
-78.1627
-77.3434
-76.9601
-76.6356
-76.311
-75.9783
-75.6383
-75.2936
-74.5057
-71.8572
-69.772
-68.3108
-67.2128
-66.3453
-65.6357
-65.0417
-64.5368
-64.104
-64.5578
-66.0185
-67.3627
-68.2905
-68.9401
-69.4077
-69.7534
-70.0156
-68.3396
-66.4705
-65.3422
-64.6214
-64.6157
-65.2558
-65.7403
-66.0847
-66.3408
-66.5398
-66.701
-66.8368
-66.9553
-67.0622
-67.1612
-67.2549
-67.3451
-67.4331
-67.5198
-67.6058
-67.6915
-67.7772
-67.8631
-67.9492
-68.0357
-68.1226
-68.2097
-68.2972
-68.3849
-68.4727
-68.5606
-68.6485
-68.7362
-68.8235
-68.9106
-68.9972
-69.0832
-69.1687
-69.2534
-69.3375
-69.4208
-69.5033
-69.585
-69.3338
-66.1338
-63.2319
-60.9855
-59.0564
-57.0008
-53.4928
33.3346
-3.63854
-35.398
-77.6433
-79.407
-78.543
-78.2197
-78.0063
-77.7852
-77.4927
-77.1977
-76.9293
-76.6646
-76.3988
-74.9173
-72.4087
-70.7397
-69.7423
-69.4077
-69.1555
-68.9175
-68.9168
-69.2899
-69.5371
-69.6789
-69.7598
-69.8054
-69.9709
-71.0128
-72.1841
-72.8856
-73.3065
-73.5711
-73.8712
-74.1426
-74.3196
-74.4374
-74.5189
-74.5775
-74.621
-74.6546
-74.6813
-74.7033
-74.722
-74.7383
-74.753
-74.7665
-74.7792
-74.7913
-74.803
-74.8144
-74.8256
-74.8368
-74.8479
-74.8589
-74.87
-74.8811
-74.8923
-74.9035
-74.9147
-74.926
-74.9373
-74.9487
-74.96
-74.9714
-74.9828
-74.9943
-75.0057
-75.0171
-75.0285
-75.0398
-75.0512
-75.0625
-75.0738
-75.085
-75.0962
-75.1073
-75.1184
-75.1294
-75.1404
-75.1513
-75.1621
-75.1729
-75.1836
-75.1942
-75.2047
-75.2152
-75.2256
-75.2359
-75.2461
-75.2563
-75.2663
-75.2763
-75.2862
-75.2961
-75.3058
-75.3155
-75.3251
-75.3346
-75.344
-75.3534
-75.3627
-75.3719
-75.381
-75.39
-75.399
-75.4079
-75.4167
-75.4254
-75.4341
-75.4427
-75.4512
-75.4596
-75.468
-75.4763
-75.0724
-71.0125
-67.3483
-64.5867
-62.4311
-60.6202
-58.8633
-56.6076
-50.5865
33.5726
-16.2274
-51.4095
-78.9572
-78.8277
-78.6601
-78.4996
-78.3256
-78.1374
-77.9356
-77.721
-77.495
-75.9016
-73.7621
-72.4106
-71.4702
-70.7291
-70.1009
-69.5471
-69.0496
-69.1347
-68.4897
-67.1991
-66.3426
-65.7823
-65.3986
-65.1278
-64.9336
-65.5301
-66.2918
-66.8356
-67.2265
-67.8606
-67.6558
-66.0705
-64.9701
-64.2667
-63.8043
-63.4954
-63.3333
-64.2644
-65.1671
-65.8216
-66.3059
-66.675
-66.9644
-67.1979
-67.3918
-67.557
-67.7012
-67.8298
-67.947
-68.0555
-68.1576
-68.2548
-68.3484
-68.4392
-68.5279
-68.6151
-68.7009
-68.7857
-68.8696
-68.9527
-69.0353
-69.1172
-69.1985
-69.2792
-69.3594
-69.439
-69.518
-69.5965
-69.6742
-69.7513
-69.8277
-69.9033
-69.9781
-68.4768
-65.1567
-62.5209
-60.4302
-58.5407
-56.3202
-51.4114
39.162
-14.29
-47.2977
-79.0755
-79.6388
-79.6075
-78.2107
-77.596
-77.2812
-76.9918
-76.6945
-76.386
-76.0681
-75.7436
-75.3189
-72.7243
-70.4697
-68.9133
-67.7619
-66.8605

