-70
-70.0758
-70.1508
-70.225
-70.2983
-70.3706
-70.4419
-70.5122
-70.5814
-70.6496
-70.7168
-70.7829
-70.848
-70.9121
-70.9752
-71.0373
-71.0984
-71.1586
-71.2178
-71.2761
-71.3334
-71.3899
-71.4455
-71.5003
-71.5543
-71.6074
-71.6598
-71.7114
-71.7623
-71.8124
-71.8619
-71.9106
-71.9587
-72.006
-72.0527
-72.0988
-72.1442
-72.1889
-72.2331
-72.2766
-72.3196
-72.362
-72.4038
-72.445
-72.4857
-72.5258
-72.5654
-72.6045
-72.6431
-72.6812
-72.7188
-72.756
-72.7927
-72.8289
-72.8647
-72.9
-72.9349
-72.9694
-73.0035
-73.0371
-73.0704
-73.1032
-73.1357
-73.1678
-73.1994
-73.2307
-73.2617
-73.2922
-73.3224
-73.3523
-73.3817
-73.4109
-73.4397
-73.4682
-73.4963
-73.5241
-73.5516
-73.5788
-73.6057
-73.6323
-73.6585
-73.6845
-73.7102
-73.7356
-73.7608
-73.7857
-73.8103
-73.8346
-73.8587
-73.8825
-73.9061
-73.9294
-73.9524
-73.9753
-73.9979
-74.0202
-74.0423
-74.0642
-74.0859
-74.1073
-74.1285
-74.1495
-74.1703
-74.1909
-74.2112
-74.2313
-74.2513
-74.271
-74.2905
-74.3098
-74.329
-74.3479
-74.3666
-74.3852
-74.4036
-74.4217
-74.4397
-74.4575
-74.4752
-74.4926
-74.5099
-74.527
-74.544
-74.5607
-74.5774
-74.5938
-74.6101
-74.6262
-74.6422
-74.658
-74.6736
-74.6891
-74.7045
-74.7197
-74.7347
-74.7496
-74.7644
-74.779
-74.7935
-74.8079
-74.8221
-74.8362
-74.8501
-74.864
-74.8777
-74.8913
-74.9047
-74.918
-74.9313
-74.9443
-74.9573
-74.9701
-74.9829
-74.9955
-75.008
-75.0204
-75.0327
-75.0448
-75.0569
-75.0688
-75.0806
-75.0924
-75.104
-75.1155
-75.1269
-75.1382
-75.1495
-75.1606
-75.1716
-75.1825
-75.1933
-75.204
-75.2147
-75.2252
-75.2356
-75.246
-75.2562
-75.2664
-75.2764
-75.2864
-75.2963
-75.3061
-75.3158
-75.3255
-75.335
-75.3445
-75.3538
-75.3631
-75.3724
-75.3815
-75.3906
-75.3995
-75.4084
-75.4172
-75.426
-75.4346
-75.4432
-75.4518
-75.4602
-75.4686
-75.4769
-75.4851
-75.4932
-75.5013
-75.5093
-75.5173
-75.5251
-75.533
-75.5407
-75.5484
-75.556
-75.5635
-75.571
-75.5784
-75.5858
-75.593
-75.6003
-75.6074
-75.6145
-75.6216
-75.6285
-75.6355
-75.6423
-75.6491
-75.6559
-75.6626
-75.6692
-75.6758
-75.6823
-75.6888
-75.6952
-75.7015
-75.7078
-75.7141
-75.7203
-75.7264
-75.7325
-75.7386
-75.7446
-75.7505
-75.7564
-75.7622
-75.768
-75.7738
-75.7795
-75.7851
-75.7907
-75.7963
-75.8018
-75.8072
-75.8127
-75.818
-75.8234
-75.8287
-75.8339
-75.8391
-75.8443
-75.8494
-75.8545
-75.8595
-75.8645
-75.8695
-75.8744
-75.8793
-75.8841
-75.8889
-75.8937
-75.8984
-75.9031
-75.9077
-75.9123
-75.9169
-75.9214
-75.9259
-75.9304
-75.9348
-75.9392
-75.9436
-75.9479
-75.9522
-75.9565
-75.9607
-75.9649
-75.969
-75.9731
-75.9772
-75.9813
-75.9853
-75.9893
-75.9933
-75.9972
-76.0011
-76.005
-76.0088
-76.0126
-76.0164
-76.0201
-76.0239
-76.0275
-76.0312
-76.0348
-76.0384
-76.042
-76.0456
-76.0491
-76.0526
-76.056
-76.0595
-76.0629
-76.0663
-76.0696
-76.0729
-76.0762
-76.0795
-76.0828
-76.086
-76.0892
-76.0924
-76.0955
-76.0986
-76.1017
-76.1048
-76.1079
-76.1109
-76.1139
-76.1169
-76.1198
-76.1228
-76.1257
-76.1286
-76.1314
-76.1343
-76.1371
-76.1399
-76.1427
-76.1455
-76.1482
-76.1509
-76.1536
-76.1563
-76.1589
-76.1615
-76.1642
-76.1667
-76.1693
-76.1719
-76.1744
-76.1769
-76.1794
-76.1819
-76.1843
-76.1868
-76.1892
-76.1916
-76.1939
-76.1963
-76.1986
-76.201
-76.2033
-76.2056
-76.2078
-76.2101
-76.2123
-76.2145
-76.2167
-76.2189
-76.2211
-76.2232
-76.2254
-76.2275
-76.2296
-76.2317
-76.2337
-76.2358
-76.2378
-76.2398
-76.2418
-76.2438
-76.2458
-76.2478
-76.2497
-76.2516
-76.2536
-76.2554
-76.2573
-76.2592
-76.2611
-76.2629
-76.2647
-76.2665
-76.2683
-76.2701
-76.2719
-76.2737
-76.2754
-76.2771
-76.2788
-76.2806
-76.2822
-76.2839
-76.2856
-76.2872
-76.2889
-76.2905
-76.2921
-76.2937
-76.2953
-76.2969
-76.2985
-76.3
-76.3016
-76.3031
-76.3046
-76.3061
-76.3076
-76.3091
-76.3106
-76.312
-76.3135
-76.3149
-76.3164
-76.3178
-76.3192
-76.3206
-76.322
-76.3233
-76.3247
-76.3261
-76.3274
-76.3287
-76.33
-76.3314
-76.3327
-76.334
-76.3352
-76.3365
-76.3378
-76.339
-76.3403
-76.3415
-76.3427
-76.3439
-76.3452
-76.3464
-76.3475
-76.3487
-76.3499
-76.351
-76.3522
-76.3533
-76.3545
-76.3556
-76.3567
-76.3578
-76.3589
-76.36
-76.3611
-76.3622
-76.3632
-76.3643
-76.3654
-76.3664
-76.3674
-76.3685
-76.3695
-76.3705
-76.3715
-76.3725
-76.3735
-76.3745
-76.3754
-76.3764
-76.3774
-76.3783
-76.3793
-76.3802
-76.3811
-76.382
-76.383
-76.3839
-76.3848
-76.3857
-76.3866
-76.3874
-76.3883
-76.3892
-76.39
-76.3909
-76.3917
-76.3926
-76.3934
-76.3943
-76.3951
-76.3959
-76.3967
-76.3975
-76.3983
-76.3991
-76.3999
-76.4007
-76.4014
-76.4022
-75.9782
-71.7854
-68.0015
-65.1526
-62.9424
-61.119
-59.4235
-57.4436
-53.6142
46.3418
-5.06449
-36.4119
-78.3973
-79.7416
-79.7278
-79.053
-77.9079
-77.4784
-77.1845
-76.8943
-76.5937
-76.2823
-75.9624
-75.3937
-72.8836
-70.8652
-69.4832
-68.4515
-67.6318
-66.9533
-66.3775
-65.8819
-65.4522
-65.0796
-64.7569
-64.4791
-64.2427
-64.0447
-64.1961
-65.2816
-64.4858
-64.1653
-65.0494
-66.4358
-67.4983
-68.1055
-68.4679
-68.6981
-68.8536
-68.9653
-69.0507
-69.1201
-69.1796
-69.2333
-69.2835
-69.3319
-69.3795
-69.4272
-69.4754
-69.5243
-69.5742
-69.6251
-69.6772
-69.7304
-69.7846
-69.8398
-69.8959
-69.9529
-70.0107
-70.069
-70.128
-70.1874
-70.2471
-70.3072
-70.3674
-70.4278
-70.4881
-70.5485
-70.6088
-70.6689
-68.0389
-64.7896
-62.2958
-60.2847
-58.4136
-56.0949
-50.0813
31.9803
-17.7959
-54.1983
-79.3382
-79.0618
-78.4088
-78.1565
-77.9431
-77.7179
-77.4783
-77.2251
-76.9602
-76.6859
-76.1354
-73.4739
-71.3852
-69.9782
-68.9368
-68.112
-67.4294
-66.9288
-67.2167
-67.5034
-68.1585
-69.0943
-70.6153
-71.6118
-72.1948
-72.5514
-72.7789
-72.9297
-73.0334
-73.2908
-73.5864
-73.7916
-74.027
-74.3044
-74.4953
-74.6256
-74.7178
-74.7851
-74.8358
-74.8751
-74.9065
-74.9323
-74.954
-74.9726
-74.9891
-75.0039
-75.0175
-75.0301
-75.0421
-75.0535
-75.0646
-75.0753
-75.0858
-75.0962
-75.1064
-75.1165
-75.1266
-75.1366
-75.1466
-75.1566
-75.1665
-75.1764
-75.1863
-75.1961
-75.206
-75.2158
-75.2256
-75.2354
-75.2451
-75.2548
-75.2645
-75.2741
-75.2837
-75.2932
-75.3027
-75.3121
-75.3215
-75.3308
-75.3401
-75.3493
-75.3584
-75.3675
-75.3766
-75.3855
-75.3944
-75.4032
-75.412
-75.4207
-75.4293
-75.4379
-75.4464
-75.4548
-75.4632
-75.4715
-75.4797
-75.4879
-75.496
-75.504
-73.1551
-69.0635
-65.8868
-63.4599
-61.5077
-59.7665
-57.8729
-54.749
-3.46596
4.2591
-30.336
-75.7732
-79.0377
-78.9555
-78.8288
-78.6892
-78.5373
-78.3731
-78.1973
-76.9201
-74.9861
-73.85
-73.0828
-72.4637
-71.9168
-71.4143
-70.9457
-70.5075
-68.2182
-66.0439
-65.2261
-64.756
-64.4025
-65.0965
-67.2061
-68.7618
-69.6466
-70.1703
-70.4954
-70.7067
-70.1239
-67.6563
-65.8389
-64.6478
-63.8384
-63.2719
-62.8679
-62.5762
-62.3658
-62.2177
-62.1188
-62.0602
-62.0354
-62.0394
-62.0686
-62.1201
-62.1913
-62.2804
-62.3854
-62.5047
-62.6368
-62.7804
-62.9341
-63.0966
-63.2659
-63.4404
-63.6188
-63.8004
-63.9843
-64.1697
-64.3557
-64.5411
-64.7255
-64.9083
-65.0894
-65.2685
-65.4452
-65.619
-65.7897
-65.9572
-66.1217
-66.2829
-64.2016
-61.5565
-59.4248
-57.4525
-54.93
-46.9857
20.4988
-23.6365
-65.6866
-79.3482
-78.8285
-78.1706
-77.8942
-77.6558
-77.4067
-77.1437
-76.8681
-76.5819
-76.2878
-75.9888
-74.4224
-71.6475
-69.6711
-68.2663
-67.2009
-66.8698
-66.9346
-66.9477
-67.0731
-68.4087
-69.6793
-70.7427
-71.3886
-71.785
-72.0388
-72.2076
-72.3242
-72.4077
-72.47
-72.5183
-72.5575
-72.5906
-72.6197
-72.7308
-73.0701
-73.3491
-73.5596
-73.7219
-73.8497
-73.9522
-74.1226
-74.3704
-74.561
-74.7043
-74.8145
-74.9009
-74.9699
-75.026
-75.0724
-75.1112
-75.1443
-75.1728
-75.1977
-75.2198
-75.2395
-75.2573
-75.2735
-75.2885
-75.3025
-75.3156
-75.3279
-75.3397
-75.3509
-75.3617
-75.3721
-75.3822
-75.3921
-75.4016
-75.411
-75.4202
-75.4292
-75.4381
-75.4468
-75.4554
-75.4639
-75.4723
-75.4806
-75.4889
-75.497
-75.505
-75.513
-75.5209
-75.5287
-75.5365
-75.5442
-75.5518
-75.5593
-75.5668
-75.5742
-75.5816
-75.5889
-75.5961
-75.6033
-75.6104
-75.6175
-75.6245
-75.6314
-75.6383
-75.6451
-75.6519
-75.6586
-75.6653
-75.6719
-75.6784
-75.6849
-75.6913
-75.6977
-72.4686
-68.4986
-65.477
-63.153
-61.2605
-59.5345
-57.5789
-54.0257
43.7859
-2.17596
-34.1823
-77.513
-78.9086
-78.7591
-78.6092
-78.4457
-78.2684
-78.0775
-77.8737
-77.6583
-76.526
-74.2598
-72.8042
-71.8274
-71.0717
-70.4356
-69.8754
-69.3714
-68.9141
-68.1233
-65.6472
-63.5298
-61.9122
-61.3229
-61.5865
-61.8375
-62.042
-63.2493
-66.3981
-68.4845
-69.7082
-70.4588
-70.9401
-71.2616
-71.4846
-71.6451
-71.7646
-71.8569
-71.9305
-71.9913
-72.0431
-72.0886
-72.1297
-72.1677
-72.2035
-72.2378
-72.2711
-72.3038
-72.3361
-72.3681
-72.4001
-72.432
-72.4641
-72.4961
-72.5283
-72.5606
-72.593
-72.6255
-72.6581
-72.6907
-72.7233
-72.756
-72.7886
-72.8211
-72.8536
-72.8861
-72.9184
-72.9505
-72.9826
-73.0144
-73.0461
-73.0775
-73.1088
-73.1398
-73.1706
-73.2012
-73.2315
-72.8798
-69.1416
-65.7677
-63.2132
-61.1742
-59.3532
-57.321
-53.605
45.1754
-4.49663
-35.9706
-78.139
-78.9347
-78.6315
-78.4588
-78.2793
-78.0854
-77.8772
-77.6557
-77.4222
-77.0794
-74.6853
-72.8015
-71.5891

