-70
-70.0758
-70.1508
-70.225
-70.2983
-70.3706
-70.4419
-70.5122
-70.5814
-70.6496
-70.7168
-70.7829
-70.848
-70.9121
-70.9752
-71.0373
-71.0984
-71.1586
-71.2178
-71.2761
-71.3334
-71.3899
-71.4455
-71.5003
-71.5543
-71.6074
-71.6598
-71.7114
-71.7623
-71.8124
-71.8619
-71.9106
-71.9587
-72.006
-72.0527
-72.0988
-72.1442
-72.1889
-72.2331
-72.2766
-72.3196
-72.362
-72.4038
-72.445
-72.4857
-72.5258
-72.5654
-72.6045
-72.6431
-72.6812
-72.7188
-72.756
-72.7927
-72.8289
-72.8647
-72.9
-72.9349
-72.9694
-73.0035
-73.0371
-73.0704
-73.1032
-73.1357
-73.1678
-73.1994
-73.2307
-73.2617
-73.2922
-73.3224
-73.3523
-73.3817
-73.4109
-73.4397
-73.4682
-73.4963
-73.5241
-73.5516
-73.5788
-73.6057
-73.6323
-73.6585
-73.6845
-73.7102
-73.7356
-73.7608
-73.7857
-73.8103
-73.8346
-73.8587
-73.8825
-73.9061
-73.9294
-73.9524
-73.9753
-73.9979
-74.0202
-74.0423
-74.0642
-74.0859
-74.1073
-74.1285
-74.1495
-74.1703
-74.1909
-74.2112
-74.2313
-74.2513
-74.271
-74.2905
-74.3098
-74.329
-74.3479
-74.3666
-74.3852
-74.4036
-74.4217
-74.4397
-74.4575
-74.4752
-74.4926
-74.5099
-74.527
-74.544
-74.5607
-74.5774
-74.5938
-74.6101
-74.6262
-74.6422
-74.658
-74.6736
-74.6891
-74.7045
-74.7197
-74.7347
-74.7496
-74.7644
-74.779
-74.7935
-74.8079
-74.8221
-74.8362
-74.8501
-74.864
-74.8777
-74.8913
-74.9047
-74.918
-74.9313
-74.9443
-74.9573
-74.9701
-74.9829
-74.9955
-75.008
-75.0204
-75.0327
-75.0448
-75.0569
-75.0688
-75.0806
-75.0924
-75.104
-75.1155
-75.1269
-75.1382
-75.1495
-75.1606
-75.1716
-75.1825
-75.1933
-75.204
-75.2147
-75.2252
-75.2356
-75.246
-75.2562
-75.2664
-75.2764
-75.2864
-75.2963
-75.3061
-75.3158
-75.3255
-75.335
-75.3445
-75.3538
-75.3631
-75.3724
-75.3815
-75.3906
-75.3995
-75.4084
-75.4172
-75.426
-75.4346
-75.4432
-75.4518
-75.4602
-75.4686
-75.4769
-75.4851
-75.4932
-75.5013
-75.5093
-75.5173
-75.5251
-75.533
-75.5407
-75.5484
-75.556
-75.5635
-75.571
-75.5784
-75.5858
-75.593
-75.6003
-75.6074
-75.6145
-75.6216
-75.6285
-75.6355
-75.6423
-75.6491
-75.6559
-75.6626
-75.6692
-75.6758
-75.6823
-75.6888
-75.6952
-75.7015
-75.7078
-75.7141
-75.7203
-75.7264
-75.7325
-75.7386
-75.7446
-75.7505
-75.7564
-75.7622
-75.768
-75.7738
-75.7795
-75.7851
-75.7907
-75.7963
-75.8018
-75.8072
-75.8127
-75.818
-75.8234
-75.8287
-75.8339
-75.8391
-75.8443
-75.8494
-75.8545
-75.8595
-75.8645
-75.8695
-75.8744
-75.8793
-75.8841
-75.8889
-75.8937
-75.8984
-75.9031
-75.9077
-75.9123
-75.9169
-75.9214
-75.9259
-75.9304
-75.9348
-75.9392
-75.9436
-75.9479
-75.9522
-75.9565
-75.9607
-75.9649
-75.969
-75.9731
-75.9772
-75.9813
-75.9853
-75.9893
-75.9933
-75.9972
-76.0011
-76.005
-76.0088
-76.0126
-76.0164
-76.0201
-76.0239
-76.0275
-76.0312
-76.0348
-76.0384
-76.042
-76.0456
-76.0491
-76.0526
-76.056
-76.0595
-76.0629
-76.0663
-76.0696
-76.0729
-76.0762
-76.0795
-76.0828
-76.086
-76.0892
-76.0924
-76.0955
-76.0986
-76.1017
-76.1048
-76.1079
-76.1109
-76.1139
-76.1169
-76.1198
-76.1228
-76.1257
-76.1286
-76.1314
-76.1343
-76.1371
-76.1399
-76.1427
-76.1455
-76.1482
-76.1509
-76.1536
-76.1563
-76.1589
-76.1615
-76.1642
-76.1667
-76.1693
-76.1719
-76.1744
-76.1769
-76.1794
-76.1819
-76.1843
-76.1868
-76.1892
-76.1916
-76.1939
-76.1963
-76.1986
-76.201
-76.2033
-76.2056
-76.2078
-76.2101
-76.2123
-76.2145
-76.2167
-76.2189
-76.2211
-76.2232
-76.2254
-76.2275
-76.2296
-76.2317
-76.2337
-76.2358
-76.2378
-76.2398
-76.2418
-76.2438
-76.2458
-76.2478
-76.2497
-76.2516
-76.2536
-76.2554
-76.2573
-76.2592
-76.2611
-76.2629
-76.2647
-76.2665
-76.2683
-76.2701
-76.2719
-76.2737
-76.2754
-76.2771
-76.2788
-76.2806
-76.2822
-76.2839
-76.2856
-76.2872
-76.2889
-76.2905
-76.2921
-76.2937
-76.2953
-76.2969
-76.2985
-76.3
-76.3016
-76.3031
-76.3046
-76.3061
-76.3076
-76.3091
-76.3106
-76.312
-76.3135
-76.3149
-76.3164
-76.3178
-76.3192
-76.3206
-76.322
-76.3233
-76.3247
-76.3261
-76.3274
-76.3287
-76.33
-76.3314
-76.3327
-76.334
-76.3352
-76.3365
-76.3378
-76.339
-76.3403
-76.3415
-76.3427
-76.3439
-76.3452
-76.3464
-76.3475
-76.3487
-76.3499
-76.351
-76.3522
-76.3533
-76.3545
-76.3556
-76.3567
-76.3578
-76.3589
-76.36
-76.3611
-76.3622
-76.3632
-76.3643
-76.3654
-76.3664
-76.3674
-76.3685
-76.3695
-76.3705
-76.3715
-76.3725
-76.3735
-76.3745
-76.3754
-76.3764
-76.3774
-76.3783
-76.3793
-76.3802
-76.3811
-76.382
-76.383
-76.3839
-76.3848
-76.3857
-76.3866
-76.3874
-76.3883
-76.3892
-76.39
-76.3909
-76.3917
-76.3926
-76.3934
-76.3943
-76.3951
-76.3959
-76.3967
-76.3975
-76.3983
-76.3991
-76.3999
-76.4007
-76.4014
-76.4022
-76.403
-76.4037
-76.4045
-76.4052
-76.406
-75.9818
-71.7886
-68.0041
-65.1549
-62.9445
-61.1211
-59.4257
-57.4468
-53.6233
46.3408
-5.00849
-36.5335
-77.8894
-79.0176
-78.9118
-78.78
-78.6355
-78.4783
-78.3089
-78.1277
-76.6415
-74.785
-73.6945
-72.9403
-72.3251
-71.7798
-71.2785
-70.8115
-70.3755
-69.9696
-69.5942
-69.2496
-68.9362
-68.6538
-68.4295
-69.1633
-70.8286
-70.0572
-68.9276
-68.9421
-69.6379
-70.0152
-70.2043
-70.3085
-70.3719
-70.6042
-71.0885
-71.405
-71.6026
-71.7331
-71.8242
-71.8913
-71.9435
-71.9863
-72.0228
-72.0555
-72.0857
-72.1144
-72.1422
-72.1695
-72.1968
-72.2242
-72.2518
-72.2798
-72.3081
-72.3369
-72.3661
-72.3958
-72.4259
-72.4563
-72.4871
-72.5182
-72.5496
-71.2278
-67.5307
-64.572
-62.3177
-60.4712
-58.7302
-56.586
-51.5719
38.6982
-13.7947
-46.6856
-79.1909
-79.6961
-78.592
-78.1668
-77.937
-77.7081
-77.4656
-77.2091
-76.9403
-76.6613
-76.3749
-73.9504
-71.7346
-70.2517
-69.1709
-68.3227
-67.624
-67.0313
-66.5198
-66.075
-66.6054
-68.3832
-69.8177
-70.7873
-71.7622
-72.885
-73.827
-74.3504
-74.6955
-74.8707
-75.0228
-75.1371
-75.2488
-75.3274
-75.3703
-75.3949
-75.41
-75.42
-75.4271
-75.4326
-75.4372
-75.4413
-75.4451
-75.4489
-75.4527
-75.4809
-75.5357
-75.5782
-75.61
-75.6346
-75.6542
-75.6701
-75.6833
-75.6946
-75.7044
-75.7132
-75.721
-75.7283
-75.735
-75.7414
-75.7475
-75.7533
-75.759
-75.7645
-75.7699
-75.7752
-75.7804
-75.7856
-75.7908
-75.7959
-75.8009
-75.806
-75.811
-75.816
-75.821
-75.826
-75.831
-75.8359
-75.8408
-75.8457
-75.8506
-75.8555
-75.8603
-75.8651
-75.8699
-75.8747
-75.8794
-75.8841
-75.8888
-75.8935
-75.8981
-75.9027
-75.9073
-75.9119
-75.9164
-75.9209
-75.9253
-72.2365
-68.3229
-65.3621
-63.0787
-61.2115
-59.4977
-57.5369
-53.9054
45.2949
-3.07532
-34.8928
-77.5464
-78.9825
-78.8758
-78.74
-78.5909
-78.429
-78.2544
-78.0677
-77.4143
-75.1914
-73.7465
-72.8311
-72.1305
-71.5338
-70.9985
-70.507
-70.0525
-68.2283
-65.8361
-64.0297
-62.6462
-62.2673
-63.6904
-64.9015
-66.4773
-67.6808
-67.6976
-66.4159
-66.8553
-67.3258
-67.5921
-67.8815
-68.6125
-69.114
-69.4217
-69.6218
-69.7597
-69.8603
-69.938
-70.0015
-70.056
-70.1048
-70.1502
-70.4852
-71.021
-71.4302
-71.7374
-71.9735
-72.1592
-72.3082
-72.4302
-72.532
-72.6184
-72.693
-72.7584
-72.8166
-72.8692
-72.9172
-72.9616
-73.003
-73.0421
-73.0792
-73.1146
-73.1488
-73.1818
-73.2139
-70.6894
-67.0412
-64.2584
-62.1166
-60.337
-58.6255
-56.4588
-51.0648
36.2531
-15.2428
-49.2442
-79.2915
-79.3384
-78.5011
-78.2032
-77.9907
-77.7688
-77.5324
-77.2823
-77.0201
-76.748
-76.4685
-76.0769
-73.2934
-70.9118
-69.2866
-68.0942
-67.166
-66.4134
-65.7865
-65.2553
-64.801
-64.6729
-65.5964
-67.026
-68.098
-69.6728
-71.3392
-72.5236
-73.199
-73.5967
-73.9453
-74.3163
-74.7165
-74.9596
-75.0938
-75.1721
-75.2204
-75.2518
-75.2732
-75.3065
-75.3796
-75.4336
-75.4707
-75.4972
-75.517
-75.5324
-75.5446
-75.5548
-75.5636
-75.5713
-75.5783
-75.5848
-75.591
-75.5969
-75.6026
-75.6082
-75.6137
-75.6192
-75.6247
-75.6302
-75.6358
-75.6413
-75.6469
-75.6525
-75.6581
-75.6637
-75.6694
-75.6751
-75.6808
-75.6865
-75.6923
-75.698
-75.7038
-75.7095
-75.7153
-75.7211
-75.7268
-75.7325
-75.7382
-75.7439
-75.7496
-75.7553
-75.7609
-75.7665
-75.7721
-75.7777
-75.7832
-75.7887
-75.7941
-75.7995
-75.8049
-75.8103
-75.8156
-75.8209
-75.8262
-75.8314
-75.8365
-75.8417
-75.8468
-75.8519
-75.8569
-75.8619
-75.8668
-75.8717
-75.8766
-75.8815
-75.8863
-75.891
-75.8958
-72.6439
-68.6463
-65.6041
-63.2663
-61.3684
-59.6501
-57.735
-54.4119
29.4015
0.906427
-32.1263
-77.1231
-79.2737
-78.6726
-78.4509
-78.2672
-78.0708
-77.8599
-77.635
-77.3975
-77.1491
-75.318
-73.1957
-71.8317
-70.8636
-70.0989
-69.4546
-68.8919
-68.3916
-67.9437
-65.9953
-63.7293
-61.9816
-60.5563
-59.2525
-57.8382
-55.803
-49.9334
31.9526
-17.9634
-54.3288
-78.7177
-78.8682
-78.7252
-78.4125
-78.1516
-77.967
-77.7363
-77.5012
-77.3053
-77.1208
-76.9411
-76.7658
-76.5957
-76.4319
-76.2755
-76.1274
-75.9881
-75.8581
-75.7376
-75.6268
-75.5255
-75.4335
-75.3505
-75.2761
-75.2098
-75.1511
-75.0995
-75.0545
-75.0155
-74.982
-74.9536
-74.9298
-74.9101
-74.8941
-74.8814
-74.8718
-74.8648
-74.8602
-74.8577
-74.857
-74.858
-74.8605
-74.8643
-74.8691
-74.875
-74.8817
-74.8891
-74.8972
-74.9059
-74.915
-74.9246
-74.9345
-74.9447
-74.9551
-74.2394
-70.1719
-66.6771
-64.0396
-61.9614
-60.1755
-58.3575
-55.7606
-44.2578
18.1014
-23.6771
-67.9218
-79.0091
-78.9956
-78.8744
-78.7395
-78.5923
-78.4329
-78.2619
-77.6207

