-70
-70.0758
-70.1508
-70.225
-70.2983
-70.3706
-70.4419
-70.5122
-70.5814
-70.6496
-70.7168
-70.7829
-70.848
-70.9121
-70.9752
-71.0373
-71.0984
-71.1586
-71.2178
-71.2761
-71.3334
-71.3899
-71.4455
-71.5003
-71.5543
-71.6074
-71.6598
-71.7114
-71.7623
-71.8124
-71.8619
-71.9106
-71.9587
-72.006
-72.0527
-72.0988
-72.1442
-72.1889
-72.2331
-72.2766
-72.3196
-72.362
-72.4038
-72.445
-72.4857
-72.5258
-72.5654
-72.6045
-72.6431
-72.6812
-72.7188
-72.756
-72.7927
-72.8289
-72.8647
-72.9
-72.9349
-72.9694
-73.0035
-73.0371
-73.0704
-73.1032
-73.1357
-73.1678
-73.1994
-73.2307
-73.2617
-73.2922
-73.3224
-73.3523
-73.3817
-73.4109
-73.4397
-73.4682
-73.4963
-73.5241
-73.5516
-73.5788
-73.6057
-73.6323
-73.6585
-73.6845
-73.7102
-73.7356
-73.7608
-73.7857
-73.8103
-73.8346
-73.8587
-73.8825
-73.9061
-73.9294
-73.9524
-73.9753
-73.9979
-74.0202
-74.0423
-74.0642
-74.0859
-74.1073
-74.1285
-74.1495
-74.1703
-74.1909
-74.2112
-74.2313
-74.2513
-74.271
-74.2905
-74.3098
-74.329
-74.3479
-74.3666
-74.3852
-74.4036
-74.4217
-74.4397
-74.4575
-74.4752
-74.4926
-74.5099
-74.527
-74.544
-74.5607
-74.5774
-74.5938
-74.6101
-74.6262
-74.6422
-74.658
-74.6736
-74.6891
-74.7045
-74.7197
-74.7347
-74.7496
-74.7644
-74.779
-74.7935
-74.8079
-74.8221
-74.8362
-74.8501
-74.864
-74.8777
-74.8913
-74.9047
-74.918
-74.9313
-74.9443
-74.9573
-74.9701
-74.9829
-74.9955
-75.008
-75.0204
-75.0327
-75.0448
-75.0569
-75.0688
-75.0806
-75.0924
-75.104
-75.1155
-75.1269
-75.1382
-75.1495
-75.1606
-75.1716
-75.1825
-75.1933
-75.204
-75.2147
-75.2252
-75.2356
-75.246
-75.2562
-75.2664
-75.2764
-75.2864
-75.2963
-75.3061
-75.3158
-75.3255
-75.335
-75.3445
-75.3538
-75.3631
-75.3724
-75.3815
-75.3906
-75.3995
-75.4084
-75.4172
-75.426
-75.4346
-75.4432
-75.4518
-75.4602
-75.4686
-75.4769
-75.4851
-75.4932
-75.5013
-75.5093
-75.5173
-75.5251
-75.533
-75.5407
-75.5484
-75.556
-75.5635
-75.571
-75.5784
-75.5858
-75.593
-75.6003
-75.6074
-75.6145
-75.6216
-75.6285
-75.6355
-75.6423
-75.6491
-75.6559
-75.6626
-75.6692
-75.6758
-75.6823
-75.6888
-75.6952
-75.7015
-75.7078
-75.7141
-75.7203
-75.7264
-75.7325
-75.7386
-75.7446
-75.7505
-75.7564
-75.7622
-75.768
-75.7738
-75.7795
-75.7851
-75.7907
-75.7963
-75.8018
-75.8072
-75.8127
-75.818
-75.8234
-75.8287
-75.8339
-75.8391
-75.8443
-75.8494
-75.8545
-75.8595
-75.8645
-75.8695
-75.8744
-75.8793
-75.8841
-75.8889
-75.8937
-75.8984
-75.9031
-75.9077
-75.9123
-75.9169
-75.9214
-75.9259
-75.9304
-75.9348
-75.9392
-75.9436
-75.9479
-75.9522
-75.9565
-75.9607
-75.9649
-75.969
-75.9731
-75.9772
-75.9813
-75.9853
-75.9893
-75.9933
-75.9972
-76.0011
-76.005
-76.0088
-76.0126
-76.0164
-76.0201
-76.0239
-76.0275
-76.0312
-76.0348
-76.0384
-76.042
-76.0456
-76.0491
-76.0526
-76.056
-76.0595
-76.0629
-76.0663
-76.0696
-76.0729
-76.0762
-76.0795
-76.0828
-76.086
-76.0892
-76.0924
-76.0955
-76.0986
-76.1017
-76.1048
-76.1079
-76.1109
-76.1139
-76.1169
-76.1198
-76.1228
-76.1257
-76.1286
-76.1314
-76.1343
-76.1371
-76.1399
-76.1427
-76.1455
-76.1482
-76.1509
-76.1536
-76.1563
-76.1589
-76.1615
-76.1642
-76.1667
-76.1693
-76.1719
-76.1744
-76.1769
-76.1794
-76.1819
-76.1843
-76.1868
-76.1892
-76.1916
-76.1939
-76.1963
-76.1986
-76.201
-76.2033
-76.2056
-76.2078
-76.2101
-76.2123
-76.2145
-76.2167
-76.2189
-76.2211
-76.2232
-76.2254
-76.2275
-76.2296
-76.2317
-76.2337
-76.2358
-76.2378
-76.2398
-76.2418
-76.2438
-76.2458
-76.2478
-76.2497
-76.2516
-76.2536
-76.2554
-76.2573
-76.2592
-76.2611
-76.2629
-76.2647
-76.2665
-76.2683
-76.2701
-76.2719
-76.2737
-76.2754
-76.2771
-76.2788
-76.2806
-76.2822
-76.2839
-76.2856
-76.2872
-76.2889
-76.2905
-76.2921
-76.2937
-76.2953
-76.2969
-76.2985
-76.3
-76.3016
-76.3031
-76.3046
-76.3061
-76.3076
-76.3091
-76.3106
-76.312
-76.3135
-76.3149
-76.3164
-76.3178
-76.3192
-76.3206
-76.322
-76.3233
-76.3247
-76.3261
-76.3274
-76.3287
-76.33
-76.3314
-76.3327
-76.334
-76.3352
-76.3365
-76.3378
-76.339
-76.3403
-76.3415
-76.3427
-76.3439
-76.3452
-76.3464
-76.3475
-76.3487
-76.3499
-76.351
-76.3522
-76.3533
-76.3545
-76.3556
-76.3567
-76.3578
-76.3589
-76.36
-76.3611
-76.3622
-76.3632
-76.3643
-76.3654
-76.3664
-76.3674
-76.3685
-76.3695
-76.3705
-76.3715
-76.3725
-76.3735
-76.3745
-76.3754
-76.3764
-76.3774
-76.3783
-76.3793
-76.3802
-76.3811
-76.382
-76.383
-76.3839
-76.3848
-76.3857
-76.3866
-76.3874
-76.3883
-76.3892
-76.39
-76.3909
-76.3917
-76.3926
-76.3934
-76.3943
-76.3951
-76.3959
-76.3967
-76.3975
-76.3983
-76.3991
-76.3999
-76.4007
-76.4014
-76.4022
-76.403
-76.4037
-76.4045
-76.4052
-76.406
-76.4067
-76.4074
-76.4082
-76.4089
-76.4096
-76.4103
-76.411
-76.4117
-73.1002
-69.0304
-65.9337
-63.559
-61.6448
-59.9422
-58.1173
-55.256
-31.589
9.72996
-27.2264
-73.2679
-79.2295
-79.1955
-79.0971
-78.9876
-78.8679
-78.7381
-78.5985
-78.4497
-78.2926
-78.1284
-77.9587
-77.7852
-77.5244
-77.2279
-76.9845
-76.7776
-76.5957
-76.402
-76.2256
-76.0752
-75.9568
-75.8842
-75.8362
-75.8017
-72.5817
-69.8434
-68.2386
-67.2671
-66.6557
-66.2608
-66.0027
-65.8347
-65.729
-65.668
-65.64
-65.6372
-65.6543
-65.6873
-65.7333
-65.7901
-65.8561
-65.9298
-66.0103
-66.0965
-66.1878
-66.2834
-66.3826
-66.485
-66.5898
-66.6966
-66.805
-66.9147
-67.0253
-67.1366
-67.2482
-67.3601
-67.4719
-67.5834
-67.6944
-67.8047
-67.9142
-68.0227
-66.361
-63.3713
-60.991
-58.9771
-56.8487
-53.1519
41.4623
-5.84505
-37.1661
-77.9126
-78.7913
-78.5434
-78.3665
-78.1787
-77.9763
-77.7597
-77.53
-77.2888
-77.0379
-76.7484
-76.4461
-76.176
-75.9261
-75.691
-75.5001
-75.3387
-75.1914
-75.1354
-75.1685
-75.2359
-75.2713
-75.2822
-75.2811
-75.2743
-75.2651
-75.2553
-75.2459
-75.2996
-75.3547
-75.3928
-75.4196
-75.4393
-75.4541
-75.4658
-75.4753
-75.4834
-75.4905
-75.4969
-75.5029
-75.5087
-75.5143
-75.5198
-75.5253
-75.5308
-75.5364
-75.542
-75.5477
-75.5534
-75.5592
-75.5651
-75.5711
-75.5771
-75.5832
-75.5893
-75.5955
-75.6017
-75.608
-75.6143
-75.6205
-75.6269
-75.6332
-75.6395
-75.6458
-75.6521
-75.6584
-75.6647
-75.671
-75.6773
-75.6835
-75.6897
-75.6959
-75.7021
-75.7082
-75.7143
-75.7203
-75.7263
-75.7323
-75.7383
-75.7442
-75.75
-75.7559
-75.7616
-75.7674
-75.7731
-75.7787
-75.7843
-75.7899
-75.7954
-75.3843
-71.2774
-67.5712
-64.7795
-62.6054
-60.7911
-59.0581
-56.9093
-51.8677
39.2848
-12.828
-45.2755
-78.7288
-78.8616
-78.7121
-78.5577
-78.3895
-78.2074
-78.0118
-77.8035
-77.5838
-75.7848
-73.7682
-72.5134
-71.628
-70.9204
-70.3136
-69.7739
-69.2858
-68.4805
-66.564
-65.3381
-64.5166
-63.9247
-63.4817
-63.1415
-63.0822
-64.0206
-64.8413
-65.6117
-67.6605
-69.8208
-69.188
-67.9719
-67.2758
-66.8811
-66.6514
-66.5178
-66.4437
-66.4084
-66.3995
-66.4098
-66.4343
-66.47
-66.5148
-66.567
-66.6256
-66.6897
-66.7587
-66.8319
-66.9088
-66.9892
-67.0725
-67.1584
-67.2467
-67.3371
-67.4292
-67.5228
-67.6176
-67.7132
-67.8096
-67.9064
-68.0034
-68.1006
-68.1977
-68.2946
-68.3912
-68.4873
-68.583
-68.6779
-68.7721
-68.8654
-68.6357
-65.5452
-62.7366
-60.5445
-58.6174
-56.4509
-52.1545
43.6497
-11.3043
-42.8602
-78.7361
-78.9629
-78.4256
-78.197
-77.9894
-77.7686
-77.5334
-77.2847
-77.0243
-76.7544
-75.7733
-73.1558
-71.2841
-70.0049
-69.2936
-69.0653
-68.8513
-68.6327
-68.4216
-68.2244
-68.0444
-68.0673
-68.6118
-69.0511
-69.3644
-69.5943
-69.7679
-70.4822
-71.6707
-72.6534
-73.2689
-73.662
-73.9233
-74.1035
-74.2319
-74.3263
-74.3976
-74.453
-74.4971
-74.5333
-74.5635
-74.5895
-74.6122
-74.6325
-74.651
-74.6681
-74.6842
-74.6995
-74.7141
-74.7283
-74.7421
-74.7556
-74.7689
-74.7821
-74.7951
-74.8081
-74.8209
-74.8337
-74.8464
-74.8591
-74.8717
-74.8843
-74.8969
-74.9094
-74.9218
-74.9342
-74.9466
-74.9589
-74.9711
-74.9833
-74.9954
-75.0075
-75.0195
-75.0314
-75.0432
-75.055
-75.0667
-75.0783
-75.0898
-75.1013
-75.1127
-75.1239
-75.1351
-75.1463
-75.1573
-75.1682
-75.1791
-75.1898
-75.2005
-75.2111
-75.2216
-75.232
-75.2423
-75.2526
-75.2627
-75.2728
-75.2828
-75.2927
-75.3025
-75.3122
-75.3219
-75.3314
-75.3409
-75.3503
-75.3596
-75.3689
-75.378
-75.3871
-75.3961
-75.405
-72.6371
-68.6285
-65.5517
-63.1912
-61.2753
-59.5351
-57.5723
-54.0235
43.4576
-2.13526
-34.1555
-77.562
-78.9116
-78.7409
-78.5884
-78.4227
-78.243
-78.0496
-77.8432
-77.625
-76.7162
-74.3733
-72.8208
-71.7949
-71.0114
-70.358
-69.7864
-69.2745
-68.8114
-68.2658
-66.5013
-65.1202
-64.1638
-63.4698
-62.9467
-62.5405
-63.1368
-64.0248
-64.6983
-65.2997
-67.4049
-69.6106
-70.9081
-71.6801
-71.0753
-68.6935
-67.1016
-66.1277
-65.5108
-65.1116
-64.8516
-64.6845
-64.5825
-64.5278
-64.5084
-64.5162
-64.5457
-64.5925
-64.6537
-64.7269
-64.8101
-64.902
-65.0013
-65.107
-65.2182
-65.334
-65.4535
-65.576
-65.701
-65.8278
-65.9562
-66.0857
-66.2159
-66.3466
-66.4775
-66.6079
-66.7378
-66.8669
-66.9949
-67.1219
-67.2477
-67.3721
-67.4951
-67.6165
-67.7362
-67.8542
-67.9703
-68.0846
-66.4174
-63.4148
-61.033
-59.0451
-57.02
-53.8669
-16.9527
1.1247
-32.342
-76.2218
-79.5633
-79.3378
-78.1813
-77.7329
-77.4593
-77.1899
-76.9086
-76.6151
-76.3114
-76.0003
-75.0071
-72.3754
-70.4295

