-70
-69.8623
-69.7285
-69.5983
-69.4718
-69.3487
-69.2291
-69.1128
-68.9997
-68.8897
-68.7828
-68.6789
-68.5778
-68.4795
-68.3839
-68.291
-68.2007
-68.1128
-68.0274
-67.9443
-67.8636
-67.7851
-67.7087
-67.6345
-67.5623
-67.4921
-67.4238
-67.3574
-67.2929
-67.2301
-67.1691
-67.1098
-67.0521
-66.996
-66.9414
-66.8884
-66.8368
-66.7866
-66.7378
-66.6904
-66.6443
-66.5994
-66.5558
-66.5133
-66.4721
-66.432
-66.393
-66.355
-66.3181
-66.2823
-66.2474
-66.2134
-66.1805
-66.1484
-66.1172
-66.0868
-66.0573
-66.0286
-66.0007
-65.9736
-65.9472
-65.9215
-65.8966
-65.8723
-65.8487
-65.8257
-65.8034
-65.7817
-65.7606
-65.74
-65.72
-65.7006
-65.6817
-65.6633
-65.6455
-65.6281
-65.6112
-65.5948
-65.5788
-65.5632
-65.5481
-65.5334
-65.5191
-65.5052
-65.4917
-65.4785
-65.4657
-65.4533
-65.4412
-65.4294
-65.418
-65.4068
-65.396
-65.3855
-65.3752
-65.3653
-65.3556
-65.3462
-65.337
-65.3281
-65.3194
-65.311
-65.3028
-65.2948
-65.2871
-65.2795
-65.2722
-65.2651
-65.2581
-65.2514
-65.2448
-65.2385
-65.2322
-65.2262
-65.2203
-65.2146
-65.2091
-65.2037
-65.1984
-65.1933
-65.1884
-65.1835
-65.1788
-65.1743
-65.1698
-65.1655
-65.1613
-65.1572
-65.1532
-65.1493
-65.1456
-65.1419
-65.1384
-65.1349
-65.1315
-65.1283
-65.1251
-65.122
-65.119
-65.1161
-65.1132
-65.1104
-65.1077
-65.1051
-65.1026
-65.1001
-65.0977
-65.0953
-65.0931
-65.0908
-65.0887
-65.0866
-65.0845
-65.0826
-65.0806
-65.0788
-65.0769
-65.0752
-65.0734
-65.0718
-65.0701
-65.0685
-65.067
-65.0655
-65.064
-65.0626
-65.0612
-65.0599
-65.0586
-65.0573
-65.0561
-65.0549
-65.0537
-65.0526
-65.0514
-65.0504
-65.0493
-65.0483
-65.0473
-65.0464
-65.0454
-65.0445
-65.0436
-65.0428
-65.0419
-65.0411
-65.0403
-65.0395
-65.0388
-65.0381
-65.0374
-65.0367
-65.036
-65.0353
-65.0347
-65.0341
-65.0335
-65.0329
-65.0323
-65.0318
-65.0313
-65.0307
-65.0302
-65.0297
-65.0293
-65.0288
-65.0283
-65.0279
-65.0275
-65.027
-65.0266
-65.0262
-65.0259
-65.0255
-65.0251
-65.0248
-65.0244
-65.0241
-65.0238
-65.0234
-65.0231
-65.0228
-65.0225
-65.0223
-65.022
-65.0217
-65.0215
-65.0212
-65.021
-65.0207
-65.0205
-65.0203
-65.02
-65.0198
-65.0196
-65.0194
-65.0192
-65.019
-65.0188
-65.0187
-65.0185
-65.0183
-65.0181
-65.018
-65.0178
-65.0177
-65.0175
-65.0174
-65.0172
-65.0171
-65.017
-65.0168
-65.0167
-65.0166
-65.0165
-65.0163
-65.0162
-65.0161
-65.016
-65.0159
-65.0158
-65.0157
-65.0156
-65.0155
-65.0154
-65.0153
-65.0153
-65.0152
-65.0151
-65.015
-65.0149
-65.0149
-65.0148
-65.0147
-65.0147
-65.0146
-65.0145
-65.0145
-65.0144
-65.0143
-65.0143
-65.0142
-65.0142
-65.0141
-65.0141
-65.014
-65.014
-65.0139
-65.0139
-65.0138
-65.0138
-65.0137
-65.0137
-65.0137
-65.0136
-65.0136
-65.0135
-65.0135
-65.0135
-65.0134
-65.0134
-65.0134
-65.0133
-65.0133
-65.0133
-65.0133
-65.0132
-65.0132
-65.0132
-65.0131
-65.0131
-65.0131
-65.0131
-65.0131
-65.013
-65.013
-65.013
-65.013
-65.0129
-65.0129
-65.0129
-65.0129
-65.0129
-65.0129
-65.0128
-65.0128
-65.0128
-65.0128
-65.0128
-65.0128
-65.0127
-65.0127
-65.0127
-65.0127
-65.0127
-65.0127
-65.0127
-65.0127
-65.0126
-65.0126
-65.0126
-65.0126
-65.0126
-65.0126
-65.0126
-65.0126
-65.0126
-65.0126
-65.0125
-65.0125
-65.0125
-65.0125
-65.0125
-65.0125
-65.0125
-65.0125
-65.0125
-65.0125
-65.0125
-65.0125
-65.0125
-65.0124
-65.0124
-65.0124
-65.0124
-65.0124
-65.0124
-65.0124
-65.0124
-65.0124
-65.0124
-65.0124
-65.0124
-65.0124
-65.0124
-65.0124
-65.0124
-65.0124
-65.0124
-65.0124
-65.0124
-65.0124
-65.0124
-65.0124
-65.0123
-65.0123
-65.0123
-65.0123
-65.0123
-65.0123
-65.0123
-65.0123
-65.0123
-65.0123
-65.0123
-65.0123
-65.0123
-65.0123
-65.0123
-65.0123
-65.0123
-65.0123
-65.0123
-65.0123
-65.0123
-65.0123
-65.0123
-65.0123
-65.0123
-65.0123
-65.0123
-65.0123
-65.0123
-65.0123
-65.0123
-65.0123
-65.0123
-65.0123
-65.0123
-65.0123
-65.0123
-65.0123
-65.0123
-65.0123
-65.0123
-65.0123
-65.0123
-65.0123
-65.0123
-65.0123
-65.0123
-65.0123
-65.0123
-65.0123
-65.0123
-65.0123
-65.0123
-65.0123
-65.0123
-65.0123
-65.0123
-65.0123
-65.0123
-65.0123
-65.0123
-65.0123
-65.0123
-65.0123
-65.0123
-65.0123
-65.0123
-65.0123
-65.0123
-65.0123
-65.0123
-65.0123
-65.0123
-65.0123
-64.9505
-64.8995
-64.8615
-64.8344
-64.8133
-64.7964
-64.7828
-64.772
-64.7634
-64.7568
-64.7518
-64.7482
-64.7458
-64.7444
-64.7439
-64.7441
-64.745
-64.7465
-64.7484
-64.7508
-64.7534
-64.7564
-64.7596
-64.763
-64.7666
-64.7703
-64.7742
-64.7781
-64.7821
-64.7861
-64.7902
-64.7942
-64.7983
-64.8024
-64.6497
-64.2766
-64.0262
-63.8388
-63.7033
-63.5966
-63.5117
-63.4444
-63.3916
-63.3511
-63.3208
-63.2993
-63.2853
-63.2777
-63.2756
-63.2781
-63.2847
-63.2946
-63.3075
-63.125
-62.9999
-62.8729
-62.3622
-62.0096
-61.6772
-61.2541
-60.8176
-59.8654
-59.0498
-57.9821
-57.0875
-56.1842
-55.4882
-54.9625
-54.2405
-53.544
-52.9855
-52.2364
-51.681
-51.158
-50.7339
-50.3905
-50.1078
-49.8439
-49.6124
-49.4128
-49.1955
-48.9799
-48.7911
-48.6196
-48.4469
-48.1817
-47.9361
-47.6783
-47.39
-47.0833
-46.7354
-46.3188
-45.7951
-45.0639
-43.9682
-41.9823
-36.4804
33.7228
11.7844
-26.9156
-52.0362
-59.6966
-61.7949
-62.477
-62.7137
-62.7466
-62.6696
-62.4956
-62.3574
-62.2444
-62.1553
-62.0832
-62.0253
-61.9795
-61.9443
-61.9182
-61.8999
-61.8884
-61.8247
-61.7267
-61.6077
-61.4472
-61.304
-61.1583
-61.0444
-60.8804
-60.7249
-60.5789
-60.4343
-60.2812
-59.9384
-59.6735
-59.4285
-59.215
-58.8201
-58.4052
-57.7933
-57.1505
-56.672
-56.0934
-55.3166
-54.5323
-53.613
-52.8285
-52.2085
-51.7047
-51.2798
-50.9442
-50.6209
-50.3067
-50.0376
-49.7881
-49.5412
-49.2881
-49.0589
-48.8099
-48.5787
-48.3695
-48.1737
-47.9826
-47.7873
-47.5808
-47.3563
-47.1054
-46.8139
-46.4599
-46.0161
-45.425
-44.5789
-43.2068
-40.3426
-25.4908
37.8267
-10.49
-43.2758
-59.0416
-63.3
-64.6293
-65.1333
-65.33
-65.3971
-65.4074
-65.3921
-65.365
-65.3324
-65.2972
-65.2609
-65.2243
-65.1878
-65.1516
-65.1159
-65.0808
-65.0463
-65.0126
-64.9796
-64.9474
-64.9159
-64.8853
-64.8554
-64.8264
-64.7981
-64.7706
-64.7439
-64.7179
-64.6927
-64.6683
-64.6446
-64.6215
-64.5992
-64.5775
-64.5566
-64.5362
-64.5165
-64.4974
-64.4789
-64.461
-64.4437
-64.4269
-64.4107
-64.395
-64.3798
-64.3652
-64.351
-64.3373
-64.2942
-64.1012
-63.9676
-63.8639
-63.7867
-63.72
-63.502
-63.3303
-63.1985
-63.1002
-63.0153
-62.8066
-62.1834
-61.6209
-61.2043
-60.5975
-59.6029
-58.408
-57.466
-56.4812
-55.6955
-55.0882
-54.3815
-53.8544
-53.2561
-52.7525
-52.3707
-52.0787
-51.8536
-51.6387
-51.4031
-51.2328
-51.0827
-50.975
-50.9016
-50.8257
-50.6189
-50.4183
-50.2589
-50.1181
-50.0123
-49.8668
-49.6421
-49.4723
-49.3332
-49.1336
-48.93
-48.7332
-48.5682
-48.4037
-48.2331
-47.9996
-47.777
-47.5511
-47.279
-46.9482
-46.5694
-46.1139
-45.4923
-44.642
-43.3079
-40.6326
-28.8543
40.0489
-7.64265
-41.9563
-59.5299
-64.2236
-65.6115
-66.0825
-66.2275
-66.2432
-66.2067
-66.1494
-66.0845
-66.0177
-65.9038
-65.8044
-65.7154
-65.5111
-65.253
-64.9029
-64.5225
-64.1336
-63.6126
-63.0992
-62.651
-62.1865
-61.8244
-61.5119
-61.1724
-60.6691
-60.1466
-59.6091
-59.1249
-58.4739
-57.8356
-57.3002
-56.8067
-56.3545
-55.9356
-55.4156
-54.9017
-54.52
-54.1712
-53.8925
-53.6871
-53.5411
-53.3746
-53.2299
-53.0913
-52.9504
-52.8674
-52.7704
-52.622
-52.3586
-52.1615
-52.0157
-51.8883
-51.7957
-51.7266
-51.6983
-51.6509
-51.5944
-51.5679
-51.5765
-51.6128
-51.6707
-51.7466
-51.8383
-51.9442
-52.0626
-52.1921
-52.3316
-52.48
-52.6363
-52.7991
-52.9676
-53.1408
-53.3181
-53.4989
-53.6825
-53.8682
-54.0553
-54.2432
-54.4315
-54.6199
-54.8081
-54.9956
-55.1819
-55.367
-55.5505
-55.7323
-55.9123
-56.09
-56.2654
-56.4384
-56.609
-56.777
-56.9424
-57.105
-57.2647
-57.4217
-57.5758
-57.7271
-57.8755
-58.0211
-58.1638
-58.3035
-58.4405
-58.5746
-58.7059
-58.8345
-58.9603
-59.0835
-59.2039
-59.3216
-59.4368
-59.5494
-59.6595
-59.7672
-59.8724
-59.9752
-60.0757
-60.1738
-60.2697
-60.3633
-60.4548
-60.5442
-60.6315
-60.7167
-60.8
-60.8813
-60.9607
-61.0383
-61.114
-61.1879
-61.26
-61.3305
-61.3992
-61.4664
-61.5319
-61.5959
-61.5872
-61.2971
-60.6472
-60.2075
-59.7964
-59.4423
-59.1857
-58.9959
-58.7065
-58.3904
-58.1623
-57.823
-57.5508
-57.35
-57.0624
-56.0059
-54.7688
-53.884
-53.2487
-52.7729
-52.2565
-51.8633
-51.4739
-51.1615
-50.8459
-50.554
-50.2914
-50.0874
-49.9255
-49.7968
-49.6937
-49.5129
-49.1293
-48.7941
-48.4649
-48.1166
-47.7951
-47.463
-47.0415
-46.5621
-45.9522
-45.1495
-44.0574
-42.2452
-37.6935
20.1401
18.3712
-24.2079
-53.0961
-62.3936
-64.7504
-65.2836
-65.3109
-65.1768
-64.9614
-64.7482
-64.5536
-64.3819
-64.228
-64.0508
-63.8561
-63.6917
-63.5571
-63.4459
-63.352
-63.2721
-63.2041
-63.1465
-63.0979
-63.0571
-63.0232
-62.9571
-62.8979
-62.853
-62.82
-62.7668
-62.7085
-62.667
-62.6373
-62.6168
-62.5701
-62.5202
-62.4319
-62.3695
-62.2742
-62.2105
-62.1651
-62.135
-62.1151
-62.1034
-62.0491
-61.932
-61.8127
-61.7332
-61.6548
-61.4928
-61.1879
-60.8781
-60.4603
-59.9366
-59.3686
-58.6926
-58.0647
-57.4173
-56.7707
-56.1961
-55.5591
-54.6372
-53.8536
-53.2695
-52.8378
-52.4639
-52.1324
-51.8802
-51.6877

