-70
-69.8623
-69.7285
-69.5983
-69.4718
-69.3487
-69.2291
-69.1128
-68.9997
-68.8897
-68.7828
-68.6789
-68.5778
-68.4795
-68.3839
-68.291
-68.2007
-68.1128
-68.0274
-67.9443
-67.8636
-67.7851
-67.7087
-67.6345
-67.5623
-67.4921
-67.4238
-67.3574
-67.2929
-67.2301
-67.1691
-67.1098
-67.0521
-66.996
-66.9414
-66.8884
-66.8368
-66.7866
-66.7378
-66.6904
-66.6443
-66.5994
-66.5558
-66.5133
-66.4721
-66.432
-66.393
-66.355
-66.3181
-66.2823
-66.2474
-66.2134
-66.1805
-66.1484
-66.1172
-66.0868
-66.0573
-66.0286
-66.0007
-65.9736
-65.9472
-65.9215
-65.8966
-65.8723
-65.8487
-65.8257
-65.8034
-65.7817
-65.7606
-65.74
-65.72
-65.7006
-65.6817
-65.6633
-65.6455
-65.6281
-65.6112
-65.5948
-65.5788
-65.5632
-65.5481
-65.5334
-65.5191
-65.5052
-65.4917
-65.4785
-65.4657
-65.4533
-65.4412
-65.4294
-65.418
-65.4068
-65.396
-65.3855
-65.3752
-65.3653
-65.3556
-65.3462
-65.337
-65.3281
-65.3194
-65.311
-65.3028
-65.2948
-65.2871
-65.2795
-65.2722
-65.2651
-65.2581
-65.2514
-65.2448
-65.2385
-65.2322
-65.2262
-65.2203
-65.2146
-65.2091
-65.2037
-65.1984
-65.1933
-65.1884
-65.1835
-65.1788
-65.1743
-65.1698
-65.1655
-65.1613
-65.1572
-65.1532
-65.1493
-65.1456
-65.1419
-65.1384
-65.1349
-65.1315
-65.1283
-65.1251
-65.122
-65.119
-65.1161
-65.1132
-65.1104
-65.1077
-65.1051
-65.1026
-65.1001
-65.0977
-65.0953
-65.0931
-65.0908
-65.0887
-65.0866
-65.0845
-65.0826
-65.0806
-65.0788
-65.0769
-65.0752
-65.0734
-65.0718
-65.0701
-65.0685
-65.067
-65.0655
-65.064
-65.0626
-65.0612
-65.0599
-65.0586
-65.0573
-65.0561
-65.0549
-65.0537
-65.0526
-65.0514
-65.0504
-65.0493
-65.0483
-65.0473
-65.0464
-65.0454
-65.0445
-65.0436
-65.0428
-65.0419
-65.0411
-65.0403
-65.0395
-65.0388
-65.0381
-65.0374
-65.0367
-65.036
-65.0353
-65.0347
-65.0341
-65.0335
-65.0329
-65.0323
-65.0318
-65.0313
-65.0307
-65.0302
-65.0297
-65.0293
-65.0288
-65.0283
-65.0279
-65.0275
-65.027
-65.0266
-65.0262
-65.0259
-65.0255
-65.0251
-65.0248
-65.0244
-65.0241
-65.0238
-65.0234
-65.0231
-65.0228
-65.0225
-65.0223
-65.022
-65.0217
-65.0215
-65.0212
-65.021
-65.0207
-65.0205
-65.0203
-65.02
-65.0198
-65.0196
-65.0194
-65.0192
-65.019
-65.0188
-65.0187
-65.0185
-65.0183
-65.0181
-65.018
-65.0178
-65.0177
-65.0175
-65.0174
-65.0172
-65.0171
-65.017
-65.0168
-65.0167
-65.0166
-65.0165
-65.0163
-65.0162
-65.0161
-65.016
-65.0159
-65.0158
-65.0157
-65.0156
-65.0155
-65.0154
-65.0153
-65.0153
-65.0152
-65.0151
-65.015
-65.0149
-65.0149
-65.0148
-65.0147
-65.0147
-65.0146
-65.0145
-65.0145
-65.0144
-65.0143
-65.0143
-65.0142
-65.0142
-65.0141
-65.0141
-65.014
-65.014
-65.0139
-65.0139
-65.0138
-65.0138
-65.0137
-65.0137
-65.0137
-65.0136
-65.0136
-65.0135
-65.0135
-65.0135
-65.0134
-65.0134
-65.0134
-65.0133
-65.0133
-65.0133
-65.0133
-65.0132
-65.0132
-65.0132
-65.0131
-65.0131
-65.0131
-65.0131
-65.0131
-65.013
-65.013
-65.013
-65.013
-65.0129
-65.0129
-65.0129
-65.0129
-65.0129
-65.0129
-65.0128
-65.0128
-65.0128
-65.0128
-65.0128
-65.0128
-65.0127
-65.0127
-65.0127
-65.0127
-65.0127
-65.0127
-65.0127
-65.0127
-65.0126
-65.0126
-65.0126
-65.0126
-65.0126
-65.0126
-65.0126
-65.0126
-65.0126
-65.0126
-65.0125
-65.0125
-65.0125
-65.0125
-65.0125
-65.0125
-65.0125
-65.0125
-65.0125
-65.0125
-65.0125
-65.0125
-65.0125
-65.0124
-65.0124
-65.0124
-65.0124
-65.0124
-65.0124
-65.0124
-65.0124
-65.0124
-65.0124
-65.0124
-65.0124
-65.0124
-65.0124
-65.0124
-65.0124
-65.0124
-65.0124
-65.0124
-65.0124
-65.0124
-65.0124
-65.0124
-65.0123
-65.0123
-65.0123
-65.0123
-65.0123
-65.0123
-65.0123
-65.0123
-65.0123
-65.0123
-65.0123
-65.0123
-65.0123
-65.0123
-65.0123
-65.0123
-65.0123
-65.0123
-65.0123
-65.0123
-65.0123
-65.0123
-65.0123
-65.0123
-65.0123
-65.0123
-65.0123
-65.0123
-65.0123
-65.0123
-65.0123
-65.0123
-65.0123
-65.0123
-65.0123
-65.0123
-65.0123
-65.0123
-65.0123
-65.0123
-65.0123
-65.0123
-65.0123
-65.0123
-65.0123
-65.0123
-65.0123
-65.0123
-65.0123
-65.0123
-65.0123
-65.0123
-65.0123
-65.0123
-65.0123
-65.0123
-65.0123
-65.0123
-65.0123
-65.0123
-65.0123
-65.0123
-65.0123
-65.0123
-65.0123
-65.0123
-65.0123
-65.0123
-65.0123
-65.0123
-65.0123
-65.0123
-65.0123
-65.0123
-64.8272
-64.6749
-64.5616
-64.4807
-64.4179
-64.3677
-64.3273
-64.2951
-64.2696
-64.2499
-64.2351
-64.2244
-64.2173
-64.2132
-64.2117
-64.2125
-64.2152
-64.2195
-64.2252
-64.2321
-64.2401
-64.2489
-64.2584
-64.2685
-64.2792
-64.2902
-64.3016
-64.3133
-64.3251
-64.3371
-64.3491
-64.3613
-64.3734
-64.3855
-64.3197
-64.1436
-64.0281
-63.9438
-63.8854
-63.8412
-63.8079
-63.7833
-63.7658
-63.7543
-63.7479
-63.7457
-63.7472
-63.7518
-63.7589
-63.7682
-63.7795
-63.7922
-63.8063
-63.6409
-63.5069
-63.2694
-62.7232
-62.339
-61.9451
-61.4543
-61.0147
-60.0827
-59.3686
-58.6327
-57.9761
-57.2178
-56.6589
-56.2361
-55.6724
-55.1255
-54.6755
-53.9419
-53.4204
-52.9816
-52.6502
-52.3971
-52.2013
-51.9546
-51.7737
-51.639
-51.4946
-51.3773
-51.3018
-51.2605
-51.2337
-51.1297
-51.073
-51.0323
-51.007
-51.0127
-51.042
-51.092
-51.1591
-51.2416
-51.3382
-51.4477
-51.5662
-51.6084
-51.6828
-51.7177
-51.7408
-51.7844
-51.8579
-51.9533
-52.0078
-51.9609
-51.9671
-52.0099
-52.0835
-52.116
-52.098
-52.028
-52.0188
-52.0486
-52.1086
-52.1892
-52.2866
-52.3984
-52.5228
-52.5928
-52.5447
-52.5386
-52.5753
-52.6457
-52.724
-52.7826
-52.839
-52.9012
-52.8358
-52.7893
-52.7661
-52.7478
-52.6231
-52.4575
-52.2211
-52.0242
-51.7352
-51.3559
-50.9616
-50.641
-50.2799
-49.8157
-49.205
-48.62
-48.023
-47.4302
-46.8433
-46.2221
-45.4921
-44.414
-42.7738
-39.396
-15.6494
32.8444
-13.6426
-43.5688
-57.0114
-60.4881
-61.446
-61.7142
-61.7371
-61.669
-61.5736
-61.478
-61.3929
-61.3217
-61.2649
-61.2215
-61.1904
-61.17
-61.1589
-61.1561
-61.1605
-61.1709
-61.1868
-61.2073
-61.2319
-61.2599
-61.2909
-61.3246
-61.3603
-61.3979
-61.4371
-61.4775
-61.519
-61.5614
-61.6044
-61.6478
-61.6917
-61.7357
-61.7798
-61.824
-61.868
-61.9118
-61.9554
-61.9986
-62.0415
-62.084
-62.1259
-62.1674
-62.2084
-62.2488
-62.2886
-62.3278
-62.3664
-62.4044
-62.4417
-62.4785
-62.5145
-62.55
-62.5847
-62.6189
-62.6524
-62.6853
-62.7175
-62.7491
-62.7801
-62.8105
-62.8402
-62.8694
-62.898
-62.926
-62.9534
-62.9803
-62.9929
-62.9699
-62.9624
-62.9622
-62.9684
-62.9779
-62.8842
-62.8101
-62.7601
-62.714
-62.6391
-62.4731
-62.1122
-61.8198
-61.5551
-61.125
-60.1216
-58.7735
-57.7136
-56.75
-56.0223
-55.467
-54.9744
-54.5814
-54.0479
-53.5785
-53.2329
-52.9782
-52.79
-52.6398
-52.5116
-52.4275
-52.3784
-52.3103
-52.2655
-52.2463
-52.1959
-52.1819
-52.1689
-52.1901
-52.202
-52.22
-52.1986
-52.2058
-52.2317
-52.2032
-52.176
-52.1914
-52.216
-52.2485
-52.2629
-52.2815
-52.3023
-52.3197
-52.3369
-52.2989
-52.2951
-52.3003
-52.3301
-52.3896
-52.4715
-52.5553
-52.6293
-52.7271
-52.8414
-52.9699
-53.109
-53.2569
-53.4123
-53.574
-53.7412
-53.886
-54.0296
-54.1838
-54.3455
-54.5126
-54.683
-54.8271
-54.9211
-54.918
-54.9185
-54.9007
-54.8176
-54.5928
-54.3776
-54.2588
-54.1535
-54.0016
-53.8842
-53.8009
-53.7183
-53.5292
-53.39
-53.254
-53.056
-52.7676
-52.3207
-51.9242
-51.4982
-51.1605
-50.8412
-50.5278
-50.2048
-49.8616
-49.5921
-49.3546
-49.1346
-48.8514
-48.5258
-48.2266
-47.921
-47.6287
-47.2895
-46.8104
-46.2578
-45.6107
-44.7541
-43.4444
-40.9316
-31.544
41.8497
-2.67305
-37.0557
-56.8147
-62.1041
-63.6024
-64.0758
-64.1956
-64.1786
-64.1113
-64.0297
-63.9485
-63.8734
-63.8062
-63.7472
-63.6957
-63.6513
-63.613
-63.5803
-63.5525
-63.529
-63.5094
-63.4933
-63.4802
-63.4698
-63.4619
-63.4561
-63.4522
-63.4501
-63.4494
-63.4501
-63.4521
-63.455
-63.459
-63.4638
-63.4693
-63.4755
-63.4822
-63.4895
-63.4971
-63.5052
-63.5135
-63.5221
-63.531
-63.54
-63.5492
-63.5585
-63.5678
-63.5773
-63.5868
-63.5963
-63.6059
-63.6154
-63.6249
-63.6344
-63.6438
-63.6532
-63.6625
-63.6718
-63.681
-63.6901
-63.6991
-63.708
-63.7169
-63.7257
-63.7343
-63.7429
-63.7514
-63.7597
-63.768
-63.7762
-63.7843
-63.7923
-63.8002
-63.808
-63.8157
-63.8233
-63.8308
-63.8382
-63.8455
-63.833
-63.7925
-63.7673
-63.7462
-63.5404
-63.0674
-62.7298
-62.4157
-62.1414
-61.9357
-61.7772
-61.5364
-61.248
-60.8676
-60.2559
-59.7855
-59.4268
-59.079
-58.0466
-57.0231
-56.2864
-55.7555
-55.3426
-54.788
-54.3817
-54.0068
-53.7213
-53.5099
-53.3571
-53.2506
-53.1703
-53.1037
-53.0735
-53.0613
-52.9498
-52.6797
-52.4556
-52.2472
-52.0564
-51.9
-51.7847
-51.6625
-51.5395
-51.3985
-51.2222
-51.1165
-51.0568
-50.9815
-50.9258
-50.8788
-50.8669
-50.8462
-50.8596
-50.8976
-50.9577
-51.0013
-51.0651
-51.149
-51.2338
-51.3245
-51.4341
-51.5333
-51.6336
-51.7539
-51.8892
-52.0302
-52.1439
-52.2788
-52.4271
-52.5875
-52.7561
-52.9312
-53.1116
-53.2963
-53.4845
-53.6757
-53.869
-54.0636
-54.259
-54.4547
-54.6503
-54.805
-54.8927
-54.9935
-55.1157
-55.2149
-55.3236
-55.4468
-55.5811
-55.7223
-55.8681
-56.0172
-56.1217
-56.1332
-56.1384
-56.1326
-56.1714
-56.2355
-56.2532
-56.1235
-56.0153
-55.8347
-55.3621
-54.9634
-54.5152
-54.0357
-53.6374
-53.1801
-52.7505
-52.2516
-51.639
-51.143
-50.7348
-50.4273
-50.1812
-49.9503
-49.7651
-49.5766

