-70
-70.0758
-70.1508
-70.225
-70.2983
-70.3706
-70.4419
-70.5122
-70.5814
-70.6496
-70.7168
-70.7829
-70.848
-70.9121
-70.9752
-71.0373
-71.0984
-71.1586
-71.2178
-71.2761
-71.3334
-71.3899
-71.4455
-71.5003
-71.5543
-71.6074
-71.6598
-71.7114
-71.7623
-71.8124
-71.8619
-71.9106
-71.9587
-72.006
-72.0527
-72.0988
-72.1442
-72.1889
-72.2331
-72.2766
-72.3196
-72.362
-72.4038
-72.445
-72.4857
-72.5258
-72.5654
-72.6045
-72.6431
-72.6812
-72.7188
-72.756
-72.7927
-72.8289
-72.8647
-72.9
-72.9349
-72.9694
-73.0035
-73.0371
-73.0704
-73.1032
-73.1357
-73.1678
-73.1994
-73.2307
-73.2617
-73.2922
-73.3224
-73.3523
-73.3817
-73.4109
-73.4397
-73.4682
-73.4963
-73.5241
-73.5516
-73.5788
-73.6057
-73.6323
-73.6585
-73.6845
-73.7102
-73.7356
-73.7608
-73.7857
-73.8103
-73.8346
-73.8587
-73.8825
-73.9061
-73.9294
-73.9524
-73.9753
-73.9979
-74.0202
-74.0423
-74.0642
-74.0859
-74.1073
-74.1285
-74.1495
-74.1703
-74.1909
-74.2112
-74.2313
-74.2513
-74.271
-74.2905
-74.3098
-74.329
-74.3479
-74.3666
-74.3852
-74.4036
-74.4217
-74.4397
-74.4575
-74.4752
-74.4926
-74.5099
-74.527
-74.544
-74.5607
-74.5774
-74.5938
-74.6101
-74.6262
-74.6422
-74.658
-74.6736
-74.6891
-74.7045
-74.7197
-74.7347
-74.7496
-74.7644
-74.779
-74.7935
-74.8079
-74.8221
-74.8362
-74.8501
-74.864
-74.8777
-74.8913
-74.9047
-74.918
-74.9313
-74.9443
-74.9573
-74.9701
-74.9829
-74.9955
-75.008
-75.0204
-75.0327
-75.0448
-75.0569
-75.0688
-75.0806
-75.0924
-75.104
-75.1155
-75.1269
-75.1382
-75.1495
-75.1606
-75.1716
-75.1825
-75.1933
-75.204
-75.2147
-75.2252
-75.2356
-75.246
-75.2562
-75.2664
-75.2764
-75.2864
-75.2963
-75.3061
-75.3158
-75.3255
-75.335
-75.3445
-75.3538
-75.3631
-75.3724
-75.3815
-75.3906
-75.3995
-75.4084
-75.4172
-75.426
-75.4346
-75.4432
-75.4518
-75.4602
-75.4686
-75.4769
-75.4851
-75.4932
-75.5013
-75.5093
-75.5173
-75.5251
-75.533
-75.5407
-75.5484
-75.556
-75.5635
-75.571
-75.5784
-75.5858
-75.593
-75.6003
-75.6074
-75.6145
-75.6216
-75.6285
-75.6355
-75.6423
-75.6491
-75.6559
-75.6626
-75.6692
-75.6758
-75.6823
-75.6888
-75.6952
-75.7015
-75.7078
-75.7141
-75.7203
-75.7264
-75.7325
-75.7386
-75.7446
-75.7505
-75.7564
-75.7622
-75.768
-75.7738
-75.7795
-75.7851
-75.7907
-75.7963
-75.8018
-75.8072
-75.8127
-75.818
-75.8234
-75.8287
-75.8339
-75.8391
-75.8443
-75.8494
-75.8545
-75.8595
-75.8645
-75.8695
-75.8744
-75.8793
-75.8841
-75.8889
-75.8937
-75.8984
-75.9031
-75.9077
-75.9123
-75.9169
-75.9214
-75.9259
-75.9304
-75.9348
-75.9392
-75.9436
-75.9479
-75.9522
-75.9565
-75.9607
-75.9649
-75.969
-75.9731
-75.9772
-75.9813
-75.9853
-75.9893
-75.9933
-75.9972
-76.0011
-76.005
-76.0088
-76.0126
-76.0164
-76.0201
-76.0239
-76.0275
-76.0312
-76.0348
-76.0384
-76.042
-76.0456
-76.0491
-76.0526
-76.056
-76.0595
-76.0629
-76.0663
-76.0696
-76.0729
-76.0762
-76.0795
-76.0828
-76.086
-76.0892
-76.0924
-76.0955
-76.0986
-76.1017
-76.1048
-76.1079
-76.1109
-76.1139
-76.1169
-76.1198
-76.1228
-76.1257
-76.1286
-76.1314
-76.1343
-76.1371
-76.1399
-76.1427
-76.1455
-76.1482
-76.1509
-76.1536
-76.1563
-76.1589
-76.1615
-76.1642
-76.1667
-76.1693
-76.1719
-76.1744
-76.1769
-76.1794
-76.1819
-76.1843
-76.1868
-76.1892
-76.1916
-76.1939
-76.1963
-76.1986
-76.201
-76.2033
-76.2056
-76.2078
-76.2101
-76.2123
-76.2145
-76.2167
-76.2189
-76.2211
-76.2232
-76.2254
-76.2275
-76.2296
-76.2317
-76.2337
-76.2358
-76.2378
-76.2398
-76.2418
-76.2438
-76.2458
-76.2478
-76.2497
-76.2516
-76.2536
-76.2554
-76.2573
-76.2592
-76.2611
-76.2629
-76.2647
-76.2665
-76.2683
-76.2701
-76.2719
-76.2737
-76.2754
-76.2771
-76.2788
-76.2806
-76.2822
-76.2839
-76.2856
-76.2872
-76.2889
-76.2905
-76.2921
-76.2937
-76.2953
-76.2969
-76.2985
-76.3
-76.3016
-76.3031
-76.3046
-76.3061
-76.3076
-76.3091
-76.3106
-76.312
-76.3135
-76.3149
-76.3164
-76.3178
-76.3192
-76.3206
-76.322
-76.3233
-76.3247
-76.3261
-76.3274
-76.3287
-76.33
-76.3314
-76.3327
-76.334
-76.3352
-76.3365
-76.3378
-76.339
-76.3403
-76.3415
-76.3427
-76.3439
-76.3452
-76.3464
-76.3475
-76.3487
-76.3499
-72.6061
-68.6339
-65.6289
-63.3156
-61.4358
-59.7365
-57.8577
-54.6849
8.05685
3.35182
-30.6725
-76.4181
-79.7264
-79.7322
-79.6987
-79.6605
-79.6184
-79.5723
-79.5222
-79.4682
-79.4105
-79.3496
-79.2858
-79.2199
-79.1523
-79.0838
-79.0152
-78.9471
-78.8801
-78.8147
-78.7515
-78.6909
-78.633
-78.5781
-78.5263
-78.4777
-78.4321
-78.3896
-78.35
-78.3132
-78.2789
-78.2471
-78.2175
-78.19
-78.1643
-78.1404
-78.1181
-78.0972
-78.0775
-78.059
-78.0416
-78.0251
-78.0093
-77.9944
-77.9801
-77.9664
-77.9532
-76.3063
-71.7725
-68.1204
-65.3598
-63.2104
-61.4416
-59.8236
-58.0272
-55.064
-18.9936
7.06617
-28.6475
-75.0709
-79.7366
-79.3551
-78.4183
-78.0926
-77.867
-77.634
-77.3868
-77.126
-76.8535
-76.5716
-75.5957
-73.0106
-71.1494
-69.872
-68.9086
-68.134
-67.4856
-66.9298
-66.4471
-64.9807
-62.7578
-60.9588
-59.4079
-57.8017
-56.956
-56.6184
-56.6245
-58.2203
-60.5231
-62.2672
-63.2047
-63.79
-64.1725
-64.6334
-65.8238
-66.6926
-67.2582
-67.6426
-68.3472
-69.2144
-69.8057
-70.2082
-70.4925
-70.7007
-70.8584
-70.9818
-71.0814
-71.1643
-71.2354
-71.2979
-71.3542
-71.406
-71.4545
-71.8855
-72.3353
-72.6807
-72.9484
-73.1597
-73.5596
-73.9212
-74.1872
-74.3861
-74.5381
-74.6567
-74.7509
-74.827
-74.8894
-74.9414
-74.9852
-75.0227
-75.0552
-75.0836
-73.6277
-69.6188
-66.472
-64.1464
-62.3567
-60.8829
-59.527
-58.0352
-55.7868
-47.3925
23.2271
-21.5266
-62.9369
-79.0045
-79.0592
-78.947
-78.8205
-78.5963
-78.3812
-78.2013
-78.022
-77.8372
-77.506
-77.1608
-76.9107
-76.7045
-76.5207
-76.3219
-76.1387
-75.9926
-75.8776
-75.7823
-75.7054
-75.662
-75.6261
-75.5932
-75.5637
-75.5374
-75.5142
-75.494
-75.4933
-75.5243
-75.5482
-75.5649
-75.5769
-75.5859
-75.593
-75.5989
-75.6039
-75.6085
-75.6127
-75.6169
-75.621
-75.6251
-75.6292
-75.6335
-75.6379
-75.6423
-75.6469
-75.6516
-75.6565
-75.6614
-75.6664
-75.6715
-75.6767
-75.682
-75.6873
-75.6927
-75.6981
-75.7036
-75.7091
-75.7146
-75.7202
-75.7258
-75.7313
-75.7369
-75.7425
-75.7481
-75.7536
-75.7592
-75.7647
-75.7703
-75.7758
-75.7813
-75.7867
-75.7921
-75.7975
-75.8029
-75.8083
-75.8136
-75.8188
-75.8241
-75.8293
-75.8345
-75.8396
-75.8447
-75.8498
-75.8548
-75.8598
-75.8648
-73.0504
-68.9766
-65.8505
-63.457
-61.5273
-59.8033
-57.9294
-54.8654
-11.4647
5.36629
-29.5674
-75.3416
-78.9601
-78.8676
-78.7308
-78.5802
-78.4165
-78.2398
-78.0506
-77.85
-76.0706
-74.1252
-72.9428
-72.1108
-71.44
-70.8574
-70.3328
-69.8531
-69.4125
-67.3733
-65.0158
-63.729
-63.6697
-64.5499
-65.2342
-65.6839
-65.9903
-66.2402
-67.1733
-67.9727
-68.526
-68.4699
-66.3283
-64.6089
-63.4498
-62.6353
-62.9971
-64.7794
-66.605
-68.1372
-69.07
-69.65
-70.0281
-70.2859
-70.4694
-70.6055
-70.7106
-70.7951
-70.9128
-71.4246
-72.0734
-72.7039
-73.1362
-73.4353
-73.649
-73.8063
-73.9253
-74.0176
-74.0909
-74.1504
-74.1997
-74.2415
-74.2775
-74.3091
-74.3373
-74.3629
-74.3864
-74.4082
-74.4287
-74.4482
-74.4668
-74.4848
-74.5022
-74.5192
-73.4642
-69.4658
-66.1858
-63.7242
-61.7894
-60.1295
-58.458
-56.1871
-49.2652
28.6583
-18.8818
-57.4179
-78.8547
-78.953
-78.8289
-78.6887
-78.5358
-78.3702
-78.1924
-78.0033
-77.8041
-77.5962
-75.489
-73.0023
-71.3948
-70.4289
-70.1437
-70.2513
-70.2671
-70.2075
-70.1143
-70.0089
-69.9946
-70.39
-70.7004
-70.9039
-71.0585
-71.57
-72.0038
-72.3026
-72.5142
-72.6685
-72.7845
-72.8742
-72.9455
-73.0038
-73.0527
-73.0949
-73.1989
-73.4825
-73.7193
-73.9013
-74.044
-74.158
-74.2506
-74.327
-74.391
-74.4453
-74.4921
-74.5328
-74.5687
-74.6007
-74.6296
-74.6558
-74.68
-74.7024
-74.7233
-74.743
-74.7617
-74.7795
-74.7965
-74.813
-74.8289
-74.8443
-74.8593
-74.8739
-74.8883
-74.9023
-74.9161
-74.9297
-74.9431
-74.9563
-74.9693
-74.9822
-74.9949
-75.0074
-75.0198
-75.0321
-75.0443
-75.0564
-75.0683
-75.0801
-75.0918
-75.1034
-75.1149
-75.1263
-75.1376
-75.1488
-75.1599
-75.1709
-75.1818
-75.1926
-75.2033
-75.2139
-75.2244
-75.2348
-75.2451
-75.2554
-75.2655
-75.2756
-75.2856
-75.2955
-75.3053
-75.315
-75.3246
-75.3342
-74.6076
-70.4825
-66.9362
-64.2603
-62.1579
-60.3669
-58.5791
-56.141
-47.7411
24.5264
-20.6404
-61.5222
-79.0908
-78.7846
-78.607
-78.4408
-78.2611
-78.0672
-77.8594
-77.639
-77.4073
-76.6918
-74.1801
-72.4008
-71.2295
-70.3521
-69.6377
-69.0267
-68.4902
-68.013
-67.5869
-65.4263
-63.19
-61.6782
-62.4004
-63.5856
-64.4067
-64.9689
-65.3661
-65.6567
-65.8776
-66.8043
-67.6883
-68.3197
-69.0866
-70.0232
-70.6867
-71.1507
-71.4854
-72.0796
-72.7007
-73.3093
-73.7738
-74.2212
-74.5125
-74.6996
-74.8249
-74.912
-74.9748
-75.0215
-75.0573
-75.1009
-75.2057
-75.2903
-75.352
-75.3984
-75.4342
-75.4625
-75.4854
-75.5043
-75.5204
-75.5342
-75.5464
-75.5573
-75.5672
-75.5763
-75.5848
-75.5928
-75.6005
-75.6078
-75.615
-75.6219
-75.6286
-75.6353
-75.6418
-75.6483
-75.6546
-75.6609
-75.6672
-75.6734
-75.6796
-75.6858
-75.6919
-73.758
-69.5988
-66.328
-63.8465
-61.8764
-60.1667
-58.4113
-55.9073
-45.7476
20.4599
-22.5927
-65.6893
-79.0469
-79.0587
-78.9452
-78.8181
-78.6793
-78.5289

