-70
-70.0758
-70.1508
-70.225
-70.2983
-70.3706
-70.4419
-70.5122
-70.5814
-70.6496
-70.7168
-70.7829
-70.848
-70.9121
-70.9752
-71.0373
-71.0984
-71.1586
-71.2178
-71.2761
-71.3334
-71.3899
-71.4455
-71.5003
-71.5543
-71.6074
-71.6598
-71.7114
-71.7623
-71.8124
-71.8619
-71.9106
-71.9587
-72.006
-72.0527
-72.0988
-72.1442
-72.1889
-72.2331
-72.2766
-72.3196
-72.362
-72.4038
-72.445
-72.4857
-72.5258
-72.5654
-72.6045
-72.6431
-72.6812
-72.7188
-72.756
-72.7927
-72.8289
-72.8647
-72.9
-72.9349
-72.9694
-73.0035
-73.0371
-73.0704
-73.1032
-73.1357
-73.1678
-73.1994
-73.2307
-73.2617
-73.2922
-73.3224
-73.3523
-73.3817
-73.4109
-73.4397
-73.4682
-73.4963
-73.5241
-73.5516
-73.5788
-73.6057
-73.6323
-73.6585
-73.6845
-73.7102
-73.7356
-73.7608
-73.7857
-73.8103
-73.8346
-73.8587
-73.8825
-73.9061
-73.9294
-73.9524
-73.9753
-73.9979
-74.0202
-74.0423
-74.0642
-74.0859
-74.1073
-74.1285
-74.1495
-74.1703
-74.1909
-74.2112
-74.2313
-74.2513
-74.271
-74.2905
-74.3098
-74.329
-74.3479
-74.3666
-74.3852
-74.4036
-74.4217
-74.4397
-74.4575
-74.4752
-74.4926
-74.5099
-74.527
-74.544
-74.5607
-74.5774
-74.5938
-74.6101
-74.6262
-74.6422
-74.658
-74.6736
-74.6891
-74.7045
-74.7197
-74.7347
-74.7496
-74.7644
-74.779
-74.7935
-74.8079
-74.8221
-74.8362
-74.8501
-74.864
-74.8777
-74.8913
-74.9047
-74.918
-74.9313
-74.9443
-74.9573
-74.9701
-74.9829
-74.9955
-75.008
-75.0204
-75.0327
-75.0448
-75.0569
-75.0688
-75.0806
-75.0924
-75.104
-75.1155
-75.1269
-75.1382
-75.1495
-75.1606
-75.1716
-75.1825
-75.1933
-75.204
-75.2147
-75.2252
-75.2356
-75.246
-75.2562
-75.2664
-75.2764
-75.2864
-75.2963
-75.3061
-75.3158
-75.3255
-75.335
-75.3445
-75.3538
-75.3631
-75.3724
-75.3815
-75.3906
-75.3995
-75.4084
-75.4172
-75.426
-75.4346
-75.4432
-75.4518
-75.4602
-75.4686
-75.4769
-75.4851
-75.4932
-75.5013
-75.5093
-75.5173
-75.5251
-75.533
-75.5407
-75.5484
-75.556
-75.5635
-75.571
-75.5784
-75.5858
-75.593
-75.6003
-75.6074
-75.6145
-75.6216
-75.6285
-75.6355
-75.6423
-75.6491
-75.6559
-75.6626
-75.6692
-75.6758
-75.6823
-75.6888
-75.6952
-75.7015
-75.7078
-75.7141
-75.7203
-75.7264
-75.7325
-75.7386
-75.7446
-75.7505
-75.7564
-75.7622
-75.768
-75.7738
-75.7795
-75.7851
-75.7907
-75.7963
-75.8018
-75.8072
-75.8127
-75.818
-75.8234
-75.8287
-75.8339
-75.8391
-75.8443
-75.8494
-75.8545
-75.8595
-75.8645
-75.8695
-75.8744
-75.8793
-75.8841
-75.8889
-75.8937
-75.8984
-75.9031
-75.9077
-75.9123
-75.9169
-75.9214
-75.9259
-75.9304
-75.9348
-75.9392
-75.9436
-75.9479
-75.9522
-75.9565
-75.9607
-75.9649
-75.969
-75.9731
-75.9772
-75.9813
-75.9853
-75.9893
-75.9933
-75.9972
-76.0011
-76.005
-76.0088
-76.0126
-76.0164
-76.0201
-76.0239
-76.0275
-76.0312
-76.0348
-76.0384
-76.042
-76.0456
-76.0491
-76.0526
-76.056
-76.0595
-76.0629
-76.0663
-76.0696
-76.0729
-76.0762
-76.0795
-76.0828
-76.086
-76.0892
-76.0924
-76.0955
-76.0986
-76.1017
-76.1048
-76.1079
-76.1109
-76.1139
-76.1169
-76.1198
-76.1228
-76.1257
-76.1286
-76.1314
-76.1343
-76.1371
-76.1399
-76.1427
-76.1455
-76.1482
-76.1509
-76.1536
-76.1563
-76.1589
-76.1615
-76.1642
-76.1667
-76.1693
-76.1719
-76.1744
-76.1769
-76.1794
-76.1819
-76.1843
-76.1868
-76.1892
-76.1916
-76.1939
-76.1963
-76.1986
-76.201
-76.2033
-76.2056
-76.2078
-76.2101
-76.2123
-76.2145
-76.2167
-76.2189
-76.2211
-76.2232
-76.2254
-76.2275
-76.2296
-76.2317
-76.2337
-76.2358
-76.2378
-76.2398
-76.2418
-76.2438
-76.2458
-76.2478
-76.2497
-76.2516
-76.2536
-76.2554
-76.2573
-76.2592
-76.2611
-76.2629
-76.2647
-76.2665
-76.2683
-76.2701
-76.2719
-76.2737
-76.2754
-76.2771
-76.2788
-76.2806
-76.2822
-76.2839
-76.2856
-76.2872
-76.2889
-76.2905
-76.2921
-76.2937
-76.2953
-76.2969
-76.2985
-76.3
-76.3016
-76.3031
-76.3046
-76.3061
-76.3076
-76.3091
-76.3106
-76.312
-76.3135
-76.3149
-76.3164
-76.3178
-76.3192
-76.3206
-76.322
-76.3233
-76.3247
-76.3261
-76.3274
-76.3287
-76.33
-76.3314
-76.3327
-76.334
-76.3352
-76.3365
-76.3378
-76.339
-76.3403
-76.3415
-76.3427
-76.3439
-76.3452
-76.3464
-76.3475
-76.3487
-76.3499
-76.351
-76.3522
-76.3533
-76.3545
-76.3556
-76.3567
-76.3578
-76.3589
-76.36
-76.3611
-76.3622
-76.3632
-76.3643
-76.3654
-76.3664
-76.3674
-76.3685
-76.3695
-76.3705
-76.3715
-76.3725
-76.3735
-76.3745
-76.3754
-76.3764
-76.3774
-76.3783
-76.3793
-76.3802
-76.3811
-76.382
-76.383
-76.3839
-76.3848
-76.3857
-76.3866
-76.3874
-76.3883
-76.3892
-76.39
-76.3909
-76.3917
-76.3926
-76.3934
-76.3943
-76.3951
-76.3959
-76.3967
-76.3975
-76.3983
-76.3991
-76.3999
-76.4007
-76.4014
-76.4022
-76.403
-76.4037
-76.4045
-76.4052
-76.406
-76.4067
-76.4074
-76.4082
-76.4089
-76.4096
-76.4103
-76.411
-76.4117
-76.4124
-76.4131
-76.4137
-76.4144
-76.4151
-72.663
-68.6821
-65.6705
-63.3528
-61.4712
-59.7744
-57.908
-54.8005
-3.08847
4.51303
-30.173
-75.7291
-79.0914
-79.0157
-78.8959
-78.7637
-78.571
-78.3199
-78.1225
-77.9345
-76.3011
-74.3219
-73.2933
-72.6484
-72.1576
-71.7431
-71.3753
-71.0423
-70.7885
-70.9855
-71.1421
-71.2106
-71.2302
-71.5666
-71.9763
-72.748
-73.3946
-73.7713
-73.9964
-74.1372
-74.2289
-74.3505
-74.5424
-74.6767
-74.7672
-74.8305
-74.8763
-74.9108
-74.9375
-74.959
-74.9768
-74.9921
-75.0055
-75.0176
-75.0288
-73.5761
-69.6401
-66.595
-64.3771
-62.6969
-61.3453
-60.1548
-58.9556
-57.4741
-54.8196
-29.6626
7.81663
-28.4172
-74.4997
-79.7346
-79.7692
-79.7412
-79.7084
-78.8589
-77.0664
-76.2879
-75.8181
-75.4108
-75.0165
-74.625
-74.2359
-73.8516
-73.4754
-72.6417
-69.7491
-67.3708
-66.0456
-65.6429
-65.7958
-66.9302
-68.0769
-68.7743
-69.201
-69.4731
-69.6539
-69.7792
-69.8701
-69.9395
-70.0905
-70.6542
-71.1173
-71.6414
-72.2537
-72.6889
-72.9951
-73.2172
-73.3829
-73.5097
-73.6092
-73.7644
-74.0951
-74.4544
-74.7039
-74.8758
-74.9982
-75.0879
-75.1555
-75.2076
-75.2488
-75.2821
-75.3095
-75.3325
-75.3522
-75.3693
-75.3845
-75.3981
-75.4105
-75.422
-75.4326
-75.4427
-75.4522
-75.4614
-75.4702
-75.4787
-75.487
-75.4952
-75.5032
-75.511
-75.5188
-75.5264
-75.5339
-75.5414
-75.5488
-75.5562
-75.5635
-75.5707
-75.5779
-75.585
-75.5921
-75.5992
-75.6062
-75.6131
-75.62
-75.6269
-75.6337
-75.6404
-75.6471
-75.6538
-75.6604
-75.667
-75.6735
-75.68
-75.6864
-75.6928
-75.6991
-75.7054
-75.7116
-75.7178
-75.7239
-75.73
-75.736
-75.742
-75.748
-75.7538
-75.7597
-72.0916
-68.1994
-65.2542
-62.9804
-61.1154
-59.3913
-57.3863
-53.4891
46.2461
-5.74193
-37.2095
-78.0075
-79.0684
-78.9684
-78.8432
-78.7058
-78.5563
-78.3951
-78.2226
-78.0399
-76.989
-74.5026
-73.0024
-72.2155
-71.8258
-71.4942
-71.1882
-70.9056
-70.6458
-70.4084
-70.193
-69.9994
-69.827
-67.9295
-66.0013
-65.5265
-65.7262
-65.8845
-65.9944
-66.0776
-66.4582
-67.3164
-67.9414
-68.3726
-68.6816
-68.9113
-69.0882
-69.2292
-69.3456
-69.4446
-69.5315
-69.6097
-69.8872
-70.5172
-71.281
-72.0585
-72.6133
-73.0108
-73.3034
-73.5239
-73.694
-73.8278
-73.935
-74.0225
-74.0951
-72.7458
-69.0047
-66.1264
-64.0426
-62.5999
-62.6836
-62.9909
-63.2525
-63.4785
-63.6788
-63.8607
-64.0294
-64.1888
-64.341
-64.4877
-64.6306
-64.7708
-64.9092
-63.9177
-61.5859
-59.6321
-57.8772
-57.5675
-57.5373
-57.449
-57.2717
-56.9501
-56.3747
-55.2325
-51.9401
43.4314
-10.7723
-41.9454
-77.9376
-78.83
-78.7047
-78.5593
-78.4027
-78.2356
-78.0587
-77.8733
-77.6808
-77.4829
-77.2817
-77.0792
-76.8775
-76.6787
-76.4848
-76.287
-76.0914
-75.9232
-75.777
-75.6483
-75.5345
-75.4336
-75.3442
-75.2653
-75.1957
-75.1347
-75.0814
-75.0353
-74.9955
-74.9616
-74.9329
-74.9089
-74.8892
-74.8732
-74.8606
-74.8511
-74.8443
-74.8398
-74.8375
-74.8371
-74.8383
-74.8409
-74.8449
-74.8499
-74.856
-74.8629
-74.8705
-74.8788
-74.8876
-74.897
-74.9067
-74.9167
-74.9271
-74.9377
-74.9485
-74.9595
-74.9706
-74.9984
-75.1046
-75.2007
-75.2778
-75.3406
-75.3924
-75.4356
-75.4721
-75.5033
-75.5302
-75.5536
-75.5742
-75.5925
-75.6089
-75.6236
-75.637
-75.6493
-75.6607
-75.6712
-75.6811
-75.6904
-75.6991
-75.7075
-75.7154
-75.7231
-75.7304
-75.7376
-75.7445
-75.7512
-75.7577
-75.7641
-75.7703
-75.7765
-75.7825
-75.7884
-75.7942
-75.7999
-75.8056
-75.8112
-75.8167
-75.8221
-75.8275
-75.8329
-75.8381
-75.8434
-75.8485
-72.6025
-68.6127
-65.5769
-63.2441
-61.3496
-59.6326
-57.715
-54.3715
31.6946
0.57429
-32.5268
-76.8444
-79.0561
-78.966
-78.8405
-78.7024
-78.5521
-78.3897
-78.2159
-78.0315
-77.8377
-77.4215
-74.626
-72.5653
-71.3876
-70.9051
-70.5646
-70.264
-69.9949
-70.1125
-70.3782
-70.5238
-70.5936
-70.6217
-70.7147
-71.4961
-72.167
-72.7322
-73.2553
-73.5843
-73.7923
-73.9295
-74.0236
-74.0906
-74.14
-74.1778
-74.2078
-74.2325
-74.2536
-74.2721
-74.2889
-74.3045
-74.3194
-74.3337
-74.3477
-74.3615
-71.7476
-68.03
-65.2469
-63.16
-61.5081
-60.0737
-58.6241
-56.7307
-52.3524
42.5939
-10.9226
-42.5228
-79.0179
-79.7436
-79.7244
-79.6897
-79.6507
-79.6079
-79.5612
-79.5106
-79.4563
-79.3986
-79.3379
-79.2747
-79.2096
-79.1433
-79.0764
-79.0096
-78.9436
-78.8789
-78.816
-78.7554
-78.6974
-78.6421
-75.5792
-71.2192
-67.9075
-65.4084
-63.4653
-61.8801
-60.4785
-59.0621
-57.2662
-53.5681
46.1712
-5.14136
-36.319
-77.932

