-70
-70.0758
-70.1508
-70.225
-70.2983
-70.3706
-70.4419
-70.5122
-70.5814
-70.6496
-70.7168
-70.7829
-70.848
-70.9121
-70.9752
-71.0373
-71.0984
-71.1586
-71.2178
-71.2761
-71.3334
-71.3899
-71.4455
-71.5003
-71.5543
-71.6074
-71.6598
-71.7114
-71.7623
-71.8124
-71.8619
-71.9106
-71.9587
-72.006
-72.0527
-72.0988
-72.1442
-72.1889
-72.2331
-72.2766
-72.3196
-72.362
-72.4038
-72.445
-72.4857
-72.5258
-72.5654
-72.6045
-72.6431
-72.6812
-72.7188
-72.756
-72.7927
-72.8289
-72.8647
-72.9
-72.9349
-72.9694
-73.0035
-73.0371
-73.0704
-73.1032
-73.1357
-73.1678
-73.1994
-73.2307
-73.2617
-73.2922
-73.3224
-73.3523
-73.3817
-73.4109
-73.4397
-73.4682
-73.4963
-73.5241
-73.5516
-73.5788
-73.6057
-73.6323
-73.6585
-73.6845
-73.7102
-73.7356
-73.7608
-73.7857
-73.8103
-73.8346
-73.8587
-73.8825
-73.9061
-73.9294
-73.9524
-73.9753
-73.9979
-74.0202
-74.0423
-74.0642
-74.0859
-74.1073
-74.1285
-74.1495
-74.1703
-74.1909
-74.2112
-74.2313
-74.2513
-74.271
-74.2905
-74.3098
-74.329
-74.3479
-74.3666
-74.3852
-74.4036
-74.4217
-74.4397
-74.4575
-74.4752
-74.4926
-74.5099
-74.527
-74.544
-74.5607
-74.5774
-74.5938
-74.6101
-74.6262
-74.6422
-74.658
-74.6736
-74.6891
-74.7045
-74.7197
-74.7347
-74.7496
-74.7644
-74.779
-74.7935
-74.8079
-74.8221
-74.8362
-74.8501
-74.864
-74.8777
-74.8913
-74.9047
-74.918
-74.9313
-74.9443
-74.9573
-74.9701
-74.9829
-74.9955
-75.008
-75.0204
-75.0327
-75.0448
-75.0569
-75.0688
-75.0806
-75.0924
-75.104
-75.1155
-75.1269
-75.1382
-75.1495
-75.1606
-75.1716
-75.1825
-75.1933
-75.204
-75.2147
-75.2252
-75.2356
-75.246
-75.2562
-75.2664
-75.2764
-75.2864
-75.2963
-75.3061
-75.3158
-75.3255
-75.335
-75.3445
-75.3538
-75.3631
-75.3724
-75.3815
-75.3906
-75.3995
-75.4084
-75.4172
-75.426
-75.4346
-75.4432
-75.4518
-75.4602
-75.4686
-75.4769
-75.4851
-75.4932
-75.5013
-75.5093
-75.5173
-75.5251
-75.533
-75.5407
-75.5484
-75.556
-75.5635
-75.571
-75.5784
-75.5858
-75.593
-75.6003
-75.6074
-75.6145
-75.6216
-75.6285
-75.6355
-75.6423
-75.6491
-75.6559
-75.6626
-75.6692
-75.6758
-75.6823
-75.6888
-75.6952
-75.7015
-75.7078
-75.7141
-75.7203
-75.7264
-75.7325
-75.7386
-75.7446
-75.7505
-75.7564
-75.7622
-75.768
-75.7738
-75.7795
-75.7851
-75.7907
-75.7963
-75.8018
-75.8072
-75.8127
-75.818
-75.8234
-75.8287
-75.8339
-75.8391
-75.8443
-75.8494
-75.8545
-75.8595
-75.8645
-75.8695
-75.8744
-75.8793
-75.8841
-75.8889
-75.8937
-75.8984
-75.9031
-75.9077
-75.9123
-75.9169
-75.9214
-75.9259
-75.9304
-75.9348
-75.9392
-75.9436
-75.9479
-75.9522
-75.9565
-75.9607
-75.9649
-75.969
-75.9731
-75.9772
-75.9813
-75.9853
-75.9893
-75.9933
-75.9972
-76.0011
-76.005
-76.0088
-76.0126
-76.0164
-76.0201
-76.0239
-76.0275
-76.0312
-76.0348
-76.0384
-76.042
-76.0456
-76.0491
-76.0526
-76.056
-76.0595
-76.0629
-76.0663
-76.0696
-76.0729
-76.0762
-76.0795
-76.0828
-76.086
-76.0892
-76.0924
-76.0955
-76.0986
-76.1017
-76.1048
-76.1079
-76.1109
-76.1139
-76.1169
-76.1198
-76.1228
-76.1257
-76.1286
-76.1314
-76.1343
-76.1371
-76.1399
-76.1427
-76.1455
-76.1482
-76.1509
-76.1536
-76.1563
-76.1589
-76.1615
-76.1642
-76.1667
-76.1693
-76.1719
-76.1744
-76.1769
-76.1794
-76.1819
-76.1843
-76.1868
-76.1892
-76.1916
-76.1939
-76.1963
-76.1986
-76.201
-76.2033
-76.2056
-76.2078
-76.2101
-76.2123
-76.2145
-76.2167
-76.2189
-76.2211
-76.2232
-76.2254
-76.2275
-76.2296
-76.2317
-76.2337
-76.2358
-76.2378
-76.2398
-76.2418
-76.2438
-76.2458
-76.2478
-76.2497
-76.2516
-76.2536
-76.2554
-76.2573
-76.2592
-76.2611
-76.2629
-76.2647
-76.2665
-76.2683
-76.2701
-76.2719
-76.2737
-76.2754
-76.2771
-76.2788
-76.2806
-76.2822
-76.2839
-76.2856
-76.2872
-76.2889
-76.2905
-76.2921
-76.2937
-76.2953
-76.2969
-76.2985
-76.3
-76.3016
-76.3031
-76.3046
-76.3061
-76.3076
-76.3091
-76.3106
-76.312
-76.3135
-76.3149
-76.3164
-76.3178
-76.3192
-76.3206
-76.322
-76.3233
-76.3247
-76.3261
-76.3274
-76.3287
-76.33
-76.3314
-76.3327
-76.334
-76.3352
-76.3365
-76.3378
-76.339
-76.3403
-76.3415
-76.3427
-76.3439
-76.3452
-76.3464
-76.3475
-76.3487
-76.3499
-76.351
-76.3522
-76.3533
-76.3545
-76.3556
-76.3567
-76.3578
-76.3589
-76.36
-76.3611
-76.3622
-76.3632
-76.3643
-76.3654
-76.3664
-76.3674
-76.3685
-76.3695
-76.3705
-76.3715
-76.3725
-76.3735
-76.3745
-76.3754
-76.3764
-76.3774
-76.3783
-76.3793
-76.3802
-76.3811
-76.382
-76.383
-76.3839
-76.3848
-76.3857
-76.3866
-76.3874
-76.3883
-76.3892
-76.39
-76.3909
-76.3917
-76.3926
-76.3934
-76.3943
-76.3951
-76.3959
-76.3967
-76.3975
-76.3983
-76.3991
-76.3999
-76.4007
-76.4014
-76.4022
-75.9782
-71.7854
-68.0015
-65.1526
-62.9424
-61.119
-59.4235
-57.4436
-53.6142
46.3418
-5.06449
-36.4119
-78.3973
-79.7416
-79.7278
-78.7612
-77.878
-77.5291
-77.2515
-76.9694
-76.6756
-76.3706
-76.0571
-75.6434
-73.1384
-70.9957
-69.5344
-68.4537
-67.6019
-66.9015
-66.3101
-65.8029
-63.852
-61.8111
-60.146
-58.5926
-56.7459
-53.1517
44.0174
-6.31905
-37.9351
-77.7928
-78.7263
-78.5827
-78.4258
-78.2577
-78.0785
-77.8093
-77.561
-77.3453
-77.1361
-76.9283
-76.7221
-76.519
-76.3175
-76.1039
-75.9227
-75.1422
-71.9396
-69.7679
-68.4786
-67.662
-67.1173
-66.7394
-66.4704
-66.2764
-66.1365
-66.0374
-65.9702
-65.9289
-65.9091
-65.9074
-65.9214
-65.949
-65.9885
-64.3384
-61.9058
-60.6334
-60.6103
-60.6834
-60.7651
-60.856
-60.9549
-61.0609
-61.1745
-61.2958
-61.4252
-61.5627
-61.2171
-59.4121
-57.5925
-55.3518
-49.4408
30.1364
-19.5091
-57.0809
-79.1382
-79.4621
-78.405
-77.8489
-77.5672
-77.3038
-77.0297
-76.743
-76.4454
-76.1395
-75.8282
-75.515
-75.2032
-74.896
-74.6196
-74.5655
-74.6622
-74.7798
-74.854
-74.8768
-74.8742
-74.8954
-74.966
-75.009
-75.0315
-75.0934
-75.1774
-75.2321
-75.2673
-75.2907
-75.307
-75.3188
-75.3278
-75.335
-75.3411
-75.3737
-75.4358
-75.4843
-75.521
-75.5494
-75.5721
-75.5905
-75.6059
-75.619
-75.6303
-75.6404
-75.6495
-75.6578
-75.6655
-75.6727
-75.6796
-75.6862
-75.6926
-75.6988
-75.7049
-75.7108
-75.7166
-75.7224
-75.7281
-75.7338
-75.7394
-75.745
-75.7506
-75.7561
-75.7616
-75.7671
-75.7725
-75.778
-75.7834
-75.7887
-75.7941
-75.7994
-75.8047
-75.81
-75.8152
-75.8204
-75.8256
-75.8308
-75.8359
-75.841
-75.846
-75.8511
-75.8561
-75.861
-75.866
-75.8708
-75.8757
-75.8805
-74.3531
-70.1191
-66.7105
-64.1265
-62.0839
-60.3288
-58.5568
-56.1024
-47.2341
23.3774
-21.1238
-62.7148
-79.2878
-78.7946
-78.5741
-78.4027
-78.2188
-78.0205
-77.8083
-77.5831
-77.3465
-76.6334
-74.1494
-72.3861
-71.2237
-70.3516
-69.6405
-69.0317
-68.4966
-68.0204
-67.0621
-64.6685
-62.676
-61.1131
-59.7583
-58.398
-57.3086
-59.5458
-63.1162
-66.1005
-68.3093
-69.6233
-70.4262
-70.9391
-69.7037
-67.4381
-65.9339
-64.9637
-64.3562
-64.8627
-65.4648
-66.7078
-67.6773
-68.3117
-68.7423
-69.0466
-69.2702
-69.4408
-69.5758
-69.6864
-69.7802
-69.862
-69.9353
-69.4511
-66.8877
-65.2779
-64.2676
-63.5938
-63.133
-62.8149
-62.5949
-62.4467
-62.3531
-62.3027
-62.2873
-62.3011
-62.3398
-62.3998
-62.4784
-62.5735
-62.6832
-62.8057
-62.9398
-63.084
-62.168
-59.9345
-57.9012
-55.5811
-50.2974
35.0485
-17.5549
-52.8014
-79.0089
-79.4779
-78.4757
-77.8438
-77.5453
-77.2769
-76.9992
-76.7089
-76.4075
-76.0976
-75.7823
-75.4649
-73.6103
-70.8376
-68.8604
-67.4345
-66.3475
-65.4843
-65.1501
-65.6048
-65.9676
-66.212
-67.2812
-68.7711
-69.7503
-70.3865
-70.8595
-71.5532
-72.0688
-72.4155
-72.6566
-72.8299
-72.9583
-73.0562
-73.1331
-73.1952
-73.2467
-73.2905
-73.3287
-73.3627
-73.3938
-73.4226
-73.4497
-73.4755
-73.5004
-73.5247
-73.5484
-73.743
-73.9809
-74.2138
-74.5151
-74.7465
-74.9176
-75.0472
-75.1473
-75.2261
-75.2892
-75.3405
-75.3829
-75.4184
-75.4485
-75.4743
-75.4967
-75.5164
-75.5338
-75.5495
-75.5636
-75.5765
-75.5884
-75.5995
-75.6098
-75.6195
-75.6287
-75.6374
-75.6458
-75.6538
-75.6616
-75.6691
-75.6765
-75.6836
-75.6905
-75.6974
-75.7041
-75.7106
-75.7171
-75.7235
-75.7297
-75.7359
-75.7421
-75.7481
-75.7541
-75.76
-75.7659
-75.7717
-75.7774
-75.7831
-75.7887
-75.7943
-75.7999
-75.8053
-75.8108
-75.8162
-75.8215
-75.8268
-75.8321
-75.8373
-75.8425
-75.8476
-75.8527
-75.8577
-75.8628
-72.1622
-68.2388
-65.2723
-62.9838
-61.1075
-59.3718
-57.345
-53.3365
45.9288
-6.63693
-37.8105
-78.5989
-79.1665
-78.6083
-78.3951
-78.2066
-78.0048
-77.7884
-77.5582
-77.3155
-77.0622
-76.0988
-73.552
-71.7739
-70.5731
-69.667
-68.9317
-68.3081
-67.7659
-67.2887
-66.6705
-64.3573
-62.2585
-60.5932
-59.1003
-57.5286
-57.7075
-60.4165
-63.5365
-65.6449
-67.0083
-67.9122
-68.5311
-68.9689
-69.6348
-70.4199
-69.8992
-67.5292
-65.9444
-65.7039
-65.7116
-65.7361
-65.771
-65.8137
-65.8626
-65.9169
-65.9758
-66.0391
-66.1065
-66.1777
-66.2525
-66.3308
-67.0155
-67.9611
-68.6917
-69.7872
-70.7212
-71.3877
-71.8731
-72.2355
-72.5123
-72.728
-72.8995
-73.0383
-73.1525
-73.248
-73.329
-73.3988
-73.4597
-73.5135
-73.5616
-73.6052
-73.5009
-69.9095
-66.4994
-63.9718
-62.0298
-60.4226
-58.9064
-57.1152
-53.7737
35.9707
-2.38083
-34.4221
-77.6502
-79.7089
-79.2884
-78.2454
-77.8703
-77.6193
-77.3648
-77.0972
-76.8167
-76.5254
-76.226
-75.8207
-73.1867
-70.9393
-69.4097
-68.2842
-67.4028

