-70
-70.0758
-70.1508
-70.225
-70.2983
-70.3706
-70.4419
-70.5122
-70.5814
-70.6496
-70.7168
-70.7829
-70.848
-70.9121
-70.9752
-71.0373
-71.0984
-71.1586
-71.2178
-71.2761
-71.3334
-71.3899
-71.4455
-71.5003
-71.5543
-71.6074
-71.6598
-71.7114
-71.7623
-71.8124
-71.8619
-71.9106
-71.9587
-72.006
-72.0527
-72.0988
-72.1442
-72.1889
-72.2331
-72.2766
-72.3196
-72.362
-72.4038
-72.445
-72.4857
-72.5258
-72.5654
-72.6045
-72.6431
-72.6812
-72.7188
-72.756
-72.7927
-72.8289
-72.8647
-72.9
-72.9349
-72.9694
-73.0035
-73.0371
-73.0704
-73.1032
-73.1357
-73.1678
-73.1994
-73.2307
-73.2617
-73.2922
-73.3224
-73.3523
-73.3817
-73.4109
-73.4397
-73.4682
-73.4963
-73.5241
-73.5516
-73.5788
-73.6057
-73.6323
-73.6585
-73.6845
-73.7102
-73.7356
-73.7608
-73.7857
-73.8103
-73.8346
-73.8587
-73.8825
-73.9061
-73.9294
-73.9524
-73.9753
-73.9979
-74.0202
-74.0423
-74.0642
-74.0859
-74.1073
-74.1285
-74.1495
-74.1703
-74.1909
-74.2112
-74.2313
-74.2513
-74.271
-74.2905
-74.3098
-74.329
-74.3479
-74.3666
-74.3852
-74.4036
-74.4217
-74.4397
-74.4575
-74.4752
-74.4926
-74.5099
-74.527
-74.544
-74.5607
-74.5774
-74.5938
-74.6101
-74.6262
-74.6422
-74.658
-74.6736
-74.6891
-74.7045
-74.7197
-74.7347
-74.7496
-74.7644
-74.779
-74.7935
-74.8079
-74.8221
-74.8362
-74.8501
-74.864
-74.8777
-74.8913
-74.9047
-74.918
-74.9313
-74.9443
-74.9573
-74.9701
-74.9829
-74.9955
-75.008
-75.0204
-75.0327
-75.0448
-75.0569
-75.0688
-75.0806
-75.0924
-75.104
-75.1155
-75.1269
-75.1382
-75.1495
-75.1606
-75.1716
-75.1825
-75.1933
-75.204
-75.2147
-75.2252
-75.2356
-75.246
-75.2562
-75.2664
-75.2764
-75.2864
-75.2963
-75.3061
-75.3158
-75.3255
-75.335
-75.3445
-75.3538
-75.3631
-75.3724
-75.3815
-75.3906
-75.3995
-75.4084
-75.4172
-75.426
-75.4346
-75.4432
-75.4518
-75.4602
-75.4686
-75.4769
-75.4851
-75.4932
-75.5013
-75.5093
-75.5173
-75.5251
-75.533
-75.5407
-75.5484
-75.556
-75.5635
-75.571
-75.5784
-75.5858
-75.593
-75.6003
-75.6074
-75.6145
-75.6216
-75.6285
-75.6355
-75.6423
-75.6491
-75.6559
-75.6626
-75.6692
-75.6758
-75.6823
-75.6888
-75.6952
-75.7015
-75.7078
-75.7141
-75.7203
-75.7264
-75.7325
-75.7386
-75.7446
-75.7505
-75.7564
-75.7622
-75.768
-75.7738
-75.7795
-75.7851
-75.7907
-75.7963
-75.8018
-75.8072
-75.8127
-75.818
-75.8234
-75.8287
-75.8339
-75.8391
-75.8443
-75.8494
-75.8545
-75.8595
-75.8645
-75.8695
-75.8744
-75.8793
-75.8841
-75.8889
-75.8937
-75.8984
-75.9031
-75.9077
-75.9123
-75.9169
-75.9214
-75.9259
-75.9304
-75.9348
-75.9392
-75.9436
-75.9479
-75.9522
-75.9565
-75.9607
-75.9649
-75.969
-75.9731
-75.9772
-75.9813
-75.9853
-75.9893
-75.9933
-75.9972
-76.0011
-76.005
-76.0088
-76.0126
-76.0164
-76.0201
-76.0239
-76.0275
-76.0312
-76.0348
-76.0384
-76.042
-76.0456
-76.0491
-76.0526
-76.056
-76.0595
-76.0629
-76.0663
-76.0696
-76.0729
-76.0762
-76.0795
-76.0828
-76.086
-76.0892
-76.0924
-76.0955
-76.0986
-76.1017
-76.1048
-76.1079
-76.1109
-76.1139
-76.1169
-76.1198
-76.1228
-76.1257
-76.1286
-76.1314
-76.1343
-76.1371
-76.1399
-76.1427
-76.1455
-76.1482
-76.1509
-76.1536
-76.1563
-76.1589
-76.1615
-76.1642
-76.1667
-76.1693
-76.1719
-76.1744
-76.1769
-76.1794
-76.1819
-76.1843
-76.1868
-76.1892
-76.1916
-76.1939
-76.1963
-76.1986
-76.201
-76.2033
-76.2056
-76.2078
-76.2101
-76.2123
-76.2145
-76.2167
-76.2189
-76.2211
-76.2232
-76.2254
-76.2275
-76.2296
-76.2317
-76.2337
-76.2358
-76.2378
-76.2398
-76.2418
-76.2438
-76.2458
-76.2478
-76.2497
-76.2516
-76.2536
-76.2554
-76.2573
-76.2592
-76.2611
-76.2629
-76.2647
-76.2665
-76.2683
-76.2701
-76.2719
-76.2737
-76.2754
-76.2771
-76.2788
-76.2806
-76.2822
-76.2839
-76.2856
-76.2872
-76.2889
-76.2905
-76.2921
-76.2937
-76.2953
-76.2969
-76.2985
-76.3
-76.3016
-76.3031
-76.3046
-76.3061
-76.3076
-76.3091
-76.3106
-76.312
-76.3135
-76.3149
-76.3164
-76.3178
-76.3192
-76.3206
-76.322
-76.3233
-76.3247
-76.3261
-76.3274
-76.3287
-76.33
-76.3314
-76.3327
-76.334
-76.3352
-76.3365
-76.3378
-76.339
-76.3403
-76.3415
-76.3427
-76.3439
-76.3452
-76.3464
-76.3475
-76.3487
-76.3499
-76.351
-76.3522
-76.3533
-76.3545
-76.3556
-76.3567
-76.3578
-76.3589
-76.36
-76.3611
-76.3622
-76.3632
-76.3643
-76.3654
-76.3664
-76.3674
-76.3685
-76.3695
-76.3705
-76.3715
-76.3725
-76.3735
-76.3745
-76.3754
-76.3764
-76.3774
-76.3783
-76.3793
-76.3802
-76.3811
-76.382
-76.383
-76.3839
-76.3848
-76.3857
-76.3866
-76.3874
-76.3883
-76.3892
-76.39
-76.3909
-76.3917
-76.3926
-76.3934
-76.3943
-76.3951
-76.3959
-76.3967
-76.3975
-76.3983
-76.3991
-76.3999
-76.4007
-76.4014
-76.4022
-76.403
-76.4037
-76.4045
-76.4052
-76.406
-76.4067
-76.4074
-75.6458
-71.3644
-67.6835
-64.9104
-62.7495
-60.9512
-59.2514
-57.2021
-52.8667
43.9686
-9.01768
-40.3284
-78.3431
-78.9732
-78.8568
-78.7189
-78.5679
-78.4039
-78.2273
-78.0388
-76.9591
-74.8756
-73.6035
-72.7604
-72.0952
-71.519
-70.9971
-70.5157
-70.0694
-68.229
-65.8106
-63.9841
-62.5843
-61.8141
-62.3036
-63.6306
-66.1505
-68.588
-69.9709
-70.7526
-69.8167
-67.9487
-66.8606
-66.9526
-67.1468
-67.2761
-67.3695
-67.4431
-67.5057
-67.5624
-67.6163
-67.6693
-67.7225
-67.7767
-67.8324
-67.8898
-67.9491
-68.0104
-68.0736
-68.1388
-68.2059
-68.2747
-68.3453
-68.4173
-68.4908
-68.5655
-68.6414
-68.7181
-68.7955
-68.8735
-68.952
-69.0308
-69.1098
-69.1888
-69.2678
-69.3466
-69.4253
-69.5036
-69.2516
-66.0718
-63.1902
-60.9593
-59.0397
-56.9848
-53.4409
36.3509
-4.06562
-35.7178
-77.7412
-78.8344
-78.561
-78.3836
-78.197
-77.996
-77.7807
-77.5522
-77.3119
-77.0618
-76.8043
-76.5418
-76.2774
-76.0138
-75.7629
-75.5402
-75.3929
-75.3169
-75.2463
-75.1776
-75.169
-75.1755
-75.1697
-75.1602
-75.2122
-75.256
-75.282
-75.2974
-75.3066
-75.3123
-75.3159
-75.3184
-75.3204
-75.3223
-75.3243
-75.3266
-75.3291
-75.3321
-75.3354
-75.3391
-75.3432
-75.3477
-75.3526
-75.3577
-75.3632
-75.3689
-75.3749
-75.3811
-75.3875
-75.3941
-75.4009
-75.4078
-75.4148
-75.422
-75.4292
-75.4365
-75.4439
-75.4514
-75.4588
-75.4664
-75.4739
-75.4814
-75.489
-75.4965
-75.5041
-75.5116
-75.5191
-75.5266
-75.5341
-75.5416
-75.549
-75.5563
-75.5637
-75.571
-75.5782
-75.5854
-75.5926
-75.5997
-75.6067
-75.6138
-75.6207
-75.6276
-75.6345
-75.6413
-75.6481
-75.6548
-75.6615
-75.6681
-75.6746
-75.6811
-75.6876
-75.694
-75.7003
-72.9022
-68.8512
-65.7423
-63.3604
-61.4354
-59.7054
-57.8004
-54.5734
15.0978
2.44076
-31.2399
-76.2823
-78.9849
-78.8907
-78.7566
-78.6091
-78.4487
-78.2756
-78.0904
-77.6337
-75.39
-73.8655
-72.9184
-72.2039
-71.6001
-71.06
-70.5648
-70.1069
-69.2983
-66.7676
-65.1421
-64.5176
-64.0982
-64.0776
-65.7684
-67.0364
-67.8181
-68.8225
-69.663
-70.1954
-70.5421
-70.7775
-71.3222
-71.7961
-72.1172
-72.3405
-72.5014
-72.6213
-72.7135
-72.7866
-72.8463
-72.8966
-72.94
-72.9785
-73.0133
-73.0455
-73.0757
-73.1045
-73.1323
-73.1593
-70.6745
-67.1195
-64.4438
-62.4162
-60.7727
-59.2751
-57.6074
-54.9017
-35.0718
9.2954
-27.7473
-73.6349
-79.6727
-79.7133
-79.6788
-79.6384
-79.5938
-79.545
-79.4921
-79.4351
-79.3745
-78.5913
-75.1058
-72.7106
-71.1745
-70.0703
-69.2098
-68.5029
-67.9029
-67.3843
-66.9318
-66.3324
-63.9706
-61.8121
-60.0545
-58.3781
-56.2547
-51.0041
36.4616
-15.4198
-49.4177
-79.199
-78.9232
-78.458
-78.2474
-78.0457
-77.8303
-77.6003
-77.33
-77.0138
-76.71
-76.3767
-76.1119
-75.884
-75.6763
-75.4831
-75.3222
-75.2132
-75.1109
-75.0133
-74.9223
-74.8829
-74.9017
-74.9079
-74.9037
-74.8944
-74.8829
-74.8709
-74.8595
-74.8492
-74.8403
-74.833
-74.8273
-74.8233
-74.8207
-74.8196
-74.8199
-74.8214
-74.8241
-74.8278
-74.8325
-74.838
-74.8443
-74.8513
-74.859
-74.8671
-74.8758
-74.8849
-74.8944
-74.9042
-74.9143
-74.9246
-74.9352
-74.9459
-74.9568
-74.9677
-74.9788
-74.99
-75.0012
-75.0125
-75.0238
-75.0351
-75.0464
-75.0577
-75.069
-75.0802
-75.0915
-75.1026
-75.1137
-75.1248
-75.1358
-75.1468
-75.1576
-75.1685
-75.1792
-75.1899
-75.2005
-75.211
-75.2214
-75.2318
-75.242
-75.2522
-75.2624
-75.2724
-75.2824
-75.2922
-75.302
-75.3117
-75.3214
-75.3309
-75.3404
-75.3498
-73.438
-69.3146
-66.0629
-63.5861
-61.6036
-59.8507
-57.9729
-54.9745
-21.1365
6.80098
-28.8333
-75.057
-79.7021
-79.72
-78.6901
-77.969
-77.6677
-77.4078
-77.1393
-76.8577
-76.5645
-76.262
-75.8575
-73.3481
-71.2191
-69.7757
-68.7101
-67.869
-67.1755
-66.588
-66.0827
-65.6444
-63.6436
-61.5342
-59.7907
-58.1049
-55.9031
-49.8536
31.1311
-18.2551
-55.1609
-78.7077
-78.6804
-78.4579
-78.2334
-77.9927
-77.7843
-77.5698
-77.2803
-77.0319
-76.8048
-76.5847
-76.3658
-76.1379
-75.9374
-75.7576
-75.5931
-75.4417
-75.3024
-75.1748
-75.0583
-74.9527
-74.8574
-74.7719
-74.6958
-74.6285
-74.5694
-74.5179
-74.4735
-74.4355
-74.4035
-74.3768
-74.3551
-74.3377
-74.3244
-74.3146
-74.3081
-74.3043
-74.3032
-74.3043
-74.3074
-74.3122
-74.3187
-74.3265
-74.3354
-74.3455
-74.3564
-74.3682
-74.3806
-74.3936
-74.407
-74.421
-74.4352
-74.052
-70.1423
-66.617
-63.9579
-61.8652
-60.0643
-58.2176
-55.5149
-41.1784
14.5339
-25.154
-70.6292
-79.6543
-79.1986
-78.4118
-78.1293
-77.9108
-77.6823
-77.4394
-77.1829
-76.9147
-76.637
-75.8825
-73.2457
-71.2732

