-70
-69.8623
-69.7285
-69.5983
-69.4718
-69.3487
-69.2291
-69.1128
-68.9997
-68.8897
-68.7828
-68.6789
-68.5778
-68.4795
-68.3839
-68.291
-68.2007
-68.1128
-68.0274
-67.9443
-67.8636
-67.7851
-67.7087
-67.6345
-67.5623
-67.4921
-67.4238
-67.3574
-67.2929
-67.2301
-67.1691
-67.1098
-67.0521
-66.996
-66.9414
-66.8884
-66.8368
-66.7866
-66.7378
-66.6904
-66.6443
-66.5994
-66.5558
-66.5133
-66.4721
-66.432
-66.393
-66.355
-66.3181
-66.2823
-66.2474
-66.2134
-66.1805
-66.1484
-66.1172
-66.0868
-66.0573
-66.0286
-66.0007
-65.9736
-65.9472
-65.9215
-65.8966
-65.8723
-65.8487
-65.8257
-65.8034
-65.7817
-65.7606
-65.74
-65.72
-65.7006
-65.6817
-65.6633
-65.6455
-65.6281
-65.6112
-65.5948
-65.5788
-65.5632
-65.5481
-65.5334
-65.5191
-65.5052
-65.4917
-65.4785
-65.4657
-65.4533
-65.4412
-65.4294
-65.418
-65.4068
-65.396
-65.3855
-65.3752
-65.3653
-65.3556
-65.3462
-65.337
-65.3281
-65.3194
-65.311
-65.3028
-65.2948
-65.2871
-65.2795
-65.2722
-65.2651
-65.2581
-65.2514
-65.2448
-65.2385
-65.2322
-65.2262
-65.2203
-65.2146
-65.2091
-65.2037
-65.1984
-65.1933
-65.1884
-65.1835
-65.1788
-65.1743
-65.1698
-65.1655
-65.1613
-65.1572
-65.1532
-65.1493
-65.1456
-65.1419
-65.1384
-65.1349
-65.1315
-65.1283
-65.1251
-65.122
-65.119
-65.1161
-65.1132
-65.1104
-65.1077
-65.1051
-65.1026
-65.1001
-65.0977
-65.0953
-65.0931
-65.0908
-65.0887
-65.0866
-65.0845
-65.0826
-65.0806
-65.0788
-65.0769
-65.0752
-65.0734
-65.0718
-65.0701
-65.0685
-65.067
-65.0655
-65.064
-65.0626
-65.0612
-65.0599
-65.0586
-65.0573
-65.0561
-65.0549
-65.0537
-65.0526
-65.0514
-65.0504
-65.0493
-65.0483
-65.0473
-65.0464
-65.0454
-65.0445
-65.0436
-65.0428
-65.0419
-65.0411
-65.0403
-65.0395
-65.0388
-65.0381
-65.0374
-65.0367
-65.036
-65.0353
-65.0347
-65.0341
-65.0335
-65.0329
-65.0323
-65.0318
-65.0313
-65.0307
-65.0302
-65.0297
-65.0293
-65.0288
-65.0283
-65.0279
-65.0275
-65.027
-65.0266
-65.0262
-65.0259
-65.0255
-65.0251
-65.0248
-65.0244
-65.0241
-65.0238
-65.0234
-65.0231
-65.0228
-65.0225
-65.0223
-65.022
-65.0217
-65.0215
-65.0212
-65.021
-65.0207
-65.0205
-65.0203
-65.02
-65.0198
-65.0196
-65.0194
-65.0192
-65.019
-65.0188
-65.0187
-65.0185
-65.0183
-65.0181
-65.018
-65.0178
-65.0177
-65.0175
-65.0174
-65.0172
-65.0171
-65.017
-65.0168
-65.0167
-65.0166
-65.0165
-65.0163
-65.0162
-65.0161
-65.016
-65.0159
-65.0158
-65.0157
-65.0156
-65.0155
-65.0154
-65.0153
-65.0153
-65.0152
-65.0151
-65.015
-65.0149
-65.0149
-65.0148
-65.0147
-65.0147
-65.0146
-65.0145
-65.0145
-65.0144
-65.0143
-65.0143
-65.0142
-65.0142
-65.0141
-65.0141
-65.014
-65.014
-65.0139
-65.0139
-65.0138
-65.0138
-65.0137
-65.0137
-65.0137
-65.0136
-65.0136
-65.0135
-65.0135
-65.0135
-65.0134
-65.0134
-65.0134
-65.0133
-65.0133
-65.0133
-65.0133
-65.0132
-65.0132
-65.0132
-65.0131
-65.0131
-65.0131
-65.0131
-65.0131
-65.013
-65.013
-65.013
-65.013
-65.0129
-65.0129
-65.0129
-65.0129
-65.0129
-65.0129
-65.0128
-65.0128
-65.0128
-65.0128
-65.0128
-65.0128
-65.0127
-65.0127
-65.0127
-65.0127
-65.0127
-65.0127
-65.0127
-65.0127
-65.0126
-65.0126
-65.0126
-65.0126
-65.0126
-65.0126
-65.0126
-65.0126
-65.0126
-65.0126
-65.0125
-65.0125
-65.0125
-65.0125
-65.0125
-65.0125
-65.0125
-65.0125
-65.0125
-65.0125
-65.0125
-65.0125
-65.0125
-65.0124
-65.0124
-65.0124
-65.0124
-65.0124
-65.0124
-65.0124
-65.0124
-65.0124
-65.0124
-65.0124
-65.0124
-65.0124
-65.0124
-65.0124
-65.0124
-65.0124
-65.0124
-65.0124
-65.0124
-65.0124
-65.0124
-65.0124
-65.0123
-65.0123
-65.0123
-65.0123
-65.0123
-65.0123
-65.0123
-65.0123
-65.0123
-65.0123
-65.0123
-65.0123
-65.0123
-65.0123
-65.0123
-65.0123
-65.0123
-65.0123
-65.0123
-65.0123
-65.0123
-65.0123
-65.0123
-65.0123
-65.0123
-65.0123
-65.0123
-65.0123
-65.0123
-65.0123
-65.0123
-65.0123
-65.0123
-65.0123
-65.0123
-65.0123
-65.0123
-65.0123
-65.0123
-65.0123
-65.0123
-65.0123
-65.0123
-65.0123
-65.0123
-65.0123
-65.0123
-65.0123
-65.0123
-65.0123
-65.0123
-65.0123
-65.0123
-65.0123
-65.0123
-65.0123
-65.0123
-65.0123
-65.0123
-65.0123
-65.0123
-65.0123
-65.0123
-65.0123
-65.0123
-65.0123
-65.0123
-65.0123
-65.0123
-65.0123
-65.0123
-65.0123
-65.0123
-65.0123
-64.6429
-64.3402
-64.1155
-63.9555
-63.8313
-63.7321
-63.6525
-63.5889
-63.5388
-63.5
-63.4707
-63.4497
-63.4356
-63.4276
-63.4246
-63.4261
-63.4313
-63.4398
-63.451
-63.4646
-63.4802
-63.4976
-63.5163
-63.5362
-63.5572
-63.5789
-63.6013
-63.6243
-63.6476
-63.6712
-63.695
-63.7189
-63.7428
-63.7667
-63.6877
-63.4632
-63.3188
-63.2154
-63.146
-63.0954
-63.0588
-63.0336
-63.0177
-63.0096
-63.0081
-63.012
-63.0206
-63.0331
-63.0489
-63.0675
-63.0884
-63.1113
-63.1358
-62.9641
-62.8485
-62.6861
-62.0051
-61.5303
-60.9063
-60.3579
-59.8964
-59.0555
-58.3402
-57.5952
-56.9633
-56.3148
-55.8491
-55.4954
-55.1082
-54.7414
-54.4431
-54.0955
-53.8452
-53.3933
-53.0117
-52.7372
-52.5453
-52.3968
-52.2696
-52.1721
-52.0486
-51.9776
-51.9415
-51.9275
-51.9086
-51.7962
-51.7011
-51.6253
-51.5514
-51.5254
-51.531
-51.5637
-51.6172
-51.6886
-51.7758
-51.8773
-51.9917
-52.1174
-52.2533
-52.3984
-52.5517
-52.7119
-52.878
-52.9792
-53.0774
-53.1548
-53.2211
-53.2594
-53.3362
-53.4065
-53.4824
-53.5818
-53.6976
-53.8263
-53.9488
-54.0553
-54.1729
-54.2648
-54.3796
-54.4998
-54.5916
-54.6333
-54.6829
-54.7626
-54.8631
-54.935
-54.9795
-55.0541
-54.9867
-54.8504
-54.7233
-54.6632
-54.5926
-54.4582
-54.2988
-54.0767
-53.8208
-53.5827
-53.2445
-52.923
-52.4092
-51.7673
-51.1112
-50.5114
-49.9768
-49.5267
-49.1559
-48.8352
-48.5439
-48.2373
-47.9168
-47.5765
-47.2178
-46.8332
-46.3902
-45.8279
-45.0704
-43.9557
-42.0301
-36.8173
31.4724
13.5906
-25.8787
-51.5801
-59.6967
-61.9895
-62.7754
-63.0805
-63.1914
-63.2201
-63.2153
-63.1982
-63.1783
-63.1595
-63.1434
-63.1305
-63.1208
-63.1141
-63.1101
-63.1084
-63.109
-63.1113
-63.1154
-63.1209
-63.1277
-63.1357
-63.1446
-63.1544
-63.1649
-63.1761
-63.1879
-63.2001
-63.2127
-63.2257
-63.239
-63.2524
-63.2661
-63.2798
-63.2937
-63.3076
-63.3216
-63.3355
-63.3494
-63.3633
-63.3771
-63.3908
-63.4044
-63.4179
-63.4312
-63.4445
-63.4576
-63.4705
-63.4833
-63.496
-63.5084
-63.5208
-63.5329
-63.5449
-63.5567
-63.5683
-63.5798
-63.5911
-63.6023
-63.6132
-63.5835
-63.4236
-63.3201
-63.244
-63.192
-63.1318
-62.9753
-62.8232
-62.7139
-62.635
-62.5616
-62.3798
-62.0479
-61.8046
-61.5758
-61.1049
-60.3099
-59.4093
-58.4747
-57.5409
-56.8147
-56.274
-55.7632
-55.3681
-54.7546
-54.2601
-53.8807
-53.6048
-53.4005
-53.2178
-53.0494
-52.9363
-52.8652
-52.8031
-52.7639
-52.7295
-52.6711
-52.6381
-52.6337
-52.6348
-52.6679
-52.7235
-52.7991
-52.8903
-52.9951
-53.0465
-53.0775
-53.1425
-53.1958
-53.2538
-53.2792
-53.2573
-53.2512
-53.2481
-53.2287
-53.2378
-53.2613
-53.3177
-53.3705
-53.4372
-53.5255
-53.6307
-53.7493
-53.8784
-54.0163
-54.1613
-54.3124
-54.4686
-54.629
-54.7926
-54.9587
-55.1266
-55.2957
-55.4655
-55.6356
-55.8057
-55.9753
-56.137
-56.2612
-56.39
-56.4497
-56.5255
-56.4796
-56.42
-56.3282
-56.1628
-56.0117
-55.9017
-55.8219
-55.7057
-55.5591
-55.4163
-55.2805
-55.1251
-54.9671
-54.751
-54.5344
-54.3137
-53.9737
-53.5948
-53.3347
-52.9108
-52.456
-52.0215
-51.6599
-51.3755
-51.128
-50.9281
-50.7333
-50.5901
-50.4207
-50.3029
-50.2091
-50.1113
-50.0076
-49.8283
-49.6624
-49.5145
-49.4048
-49.3252
-49.2687
-49.2303
-49.2072
-49.198
-49.2021
-49.2188
-49.2476
-49.2881
-49.3403
-49.4041
-49.4793
-49.5661
-49.664
-49.7726
-49.8917
-50.0215
-50.1613
-50.3111
-50.4707
-50.6398
-50.8179
-51.0038
-51.1964
-51.3953
-51.6
-51.8102
-52.0247
-52.2423
-52.4625
-52.685
-52.9093
-53.1342
-53.3591
-53.5838
-53.8078
-54.0308
-54.252
-54.4711
-54.6881
-54.9027
-55.1146
-55.3234
-55.5291
-55.7316
-55.9309
-56.1267
-56.3188
-56.5074
-56.6924
-56.8739
-57.0517
-57.2259
-57.3963
-57.5632
-57.7264
-57.8862
-58.0425
-58.1952
-58.3445
-58.4904
-58.633
-58.7722
-58.9083
-59.0413
-59.1711
-59.2978
-59.4215
-59.5422
-59.6601
-59.7752
-59.8875
-59.9972
-60.1042
-60.2086
-60.3104
-60.4098
-60.5067
-60.6013
-60.6936
-60.7837
-60.8715
-60.9573
-61.0409
-61.0933
-60.9519
-60.5643
-60.2939
-60.0401
-59.8336
-59.6915
-59.5739
-59.424
-59.2905
-59.1671
-58.853
-58.6107
-58.445
-58.2549
-57.2464
-56.1324
-55.3541
-54.8016
-54.3991
-54.0914
-53.8398
-53.3782
-53.0326
-52.7553
-52.5341
-52.3304
-52.1891
-52.0942
-52.0388
-52.0142
-51.9047
-51.6612
-51.4797
-51.301
-51.1588
-51.0629
-51.0006
-50.945
-50.9126
-50.8459
-50.747
-50.7003
-50.6885
-50.5886
-50.4364
-50.3479
-50.3026
-50.2919
-50.3052
-50.339
-50.3911
-50.4413
-50.4977
-50.5745
-50.6683
-50.7774
-50.8883
-50.9933
-51.1168
-51.2539
-51.4039
-51.5641
-51.7335
-51.8748
-52.0228
-52.1843
-52.357
-52.5377
-52.7247
-52.9165
-53.112
-53.3103
-53.5108
-53.713
-53.892
-54.0608
-54.2389
-54.404
-54.4069
-54.3946
-54.3604
-54.3806
-54.4373
-54.5204
-54.6207
-54.7341
-54.8581
-54.9905
-55.1298
-55.2747
-55.424
-55.5769
-55.6877
-55.763
-55.8511
-55.7857
-55.583
-55.2794
-54.9967
-54.6898
-54.3998
-54.0948
-53.8276
-53.5699
-53.3132
-53.0149
-52.609
-52.0866
-51.5866
-51.2206
-50.8876
-50.6212
-50.4142
-50.08

