-70
-70.0758
-70.1508
-70.225
-70.2983
-70.3706
-70.4419
-70.5122
-70.5814
-70.6496
-70.7168
-70.7829
-70.848
-70.9121
-70.9752
-71.0373
-71.0984
-71.1586
-71.2178
-71.2761
-71.3334
-71.3899
-71.4455
-71.5003
-71.5543
-71.6074
-71.6598
-71.7114
-71.7623
-71.8124
-71.8619
-71.9106
-71.9587
-72.006
-72.0527
-72.0988
-72.1442
-72.1889
-72.2331
-72.2766
-72.3196
-72.362
-72.4038
-72.445
-72.4857
-72.5258
-72.5654
-72.6045
-72.6431
-72.6812
-72.7188
-72.756
-72.7927
-72.8289
-72.8647
-72.9
-72.9349
-72.9694
-73.0035
-73.0371
-73.0704
-73.1032
-73.1357
-73.1678
-73.1994
-73.2307
-73.2617
-73.2922
-73.3224
-73.3523
-73.3817
-73.4109
-73.4397
-73.4682
-73.4963
-73.5241
-73.5516
-73.5788
-73.6057
-73.6323
-73.6585
-73.6845
-73.7102
-73.7356
-73.7608
-73.7857
-73.8103
-73.8346
-73.8587
-73.8825
-73.9061
-73.9294
-73.9524
-73.9753
-73.9979
-74.0202
-74.0423
-74.0642
-74.0859
-74.1073
-74.1285
-74.1495
-74.1703
-74.1909
-74.2112
-74.2313
-74.2513
-74.271
-74.2905
-74.3098
-74.329
-74.3479
-74.3666
-74.3852
-74.4036
-74.4217
-74.4397
-74.4575
-74.4752
-74.4926
-74.5099
-74.527
-74.544
-74.5607
-74.5774
-74.5938
-74.6101
-74.6262
-74.6422
-74.658
-74.6736
-74.6891
-74.7045
-74.7197
-74.7347
-74.7496
-74.7644
-74.779
-74.7935
-74.8079
-74.8221
-74.8362
-74.8501
-74.864
-74.8777
-74.8913
-74.9047
-74.918
-74.9313
-74.9443
-74.9573
-74.9701
-74.9829
-74.9955
-75.008
-75.0204
-75.0327
-75.0448
-75.0569
-75.0688
-75.0806
-75.0924
-75.104
-75.1155
-75.1269
-75.1382
-75.1495
-75.1606
-75.1716
-75.1825
-75.1933
-75.204
-75.2147
-75.2252
-75.2356
-75.246
-75.2562
-75.2664
-75.2764
-75.2864
-75.2963
-75.3061
-75.3158
-75.3255
-75.335
-75.3445
-75.3538
-75.3631
-75.3724
-75.3815
-75.3906
-75.3995
-75.4084
-75.4172
-75.426
-75.4346
-75.4432
-75.4518
-75.4602
-75.4686
-75.4769
-75.4851
-75.4932
-75.5013
-75.5093
-75.5173
-75.5251
-75.533
-75.5407
-75.5484
-75.556
-75.5635
-75.571
-75.5784
-75.5858
-75.593
-75.6003
-75.6074
-75.6145
-75.6216
-75.6285
-75.6355
-75.6423
-75.6491
-75.6559
-75.6626
-75.6692
-75.6758
-75.6823
-75.6888
-75.6952
-75.7015
-75.7078
-75.7141
-75.7203
-75.7264
-75.7325
-75.7386
-75.7446
-75.7505
-75.7564
-75.7622
-75.768
-75.7738
-75.7795
-75.7851
-75.7907
-75.7963
-75.8018
-75.8072
-75.8127
-75.818
-75.8234
-75.8287
-75.8339
-75.8391
-75.8443
-75.8494
-75.8545
-75.8595
-75.8645
-75.8695
-75.8744
-75.8793
-75.8841
-75.8889
-75.8937
-75.8984
-75.9031
-75.9077
-75.9123
-75.9169
-75.9214
-75.9259
-75.9304
-75.9348
-75.9392
-75.9436
-75.9479
-75.9522
-75.9565
-75.9607
-75.9649
-75.969
-75.9731
-75.9772
-75.9813
-75.9853
-75.9893
-75.9933
-75.9972
-76.0011
-76.005
-76.0088
-76.0126
-76.0164
-76.0201
-76.0239
-76.0275
-76.0312
-76.0348
-76.0384
-76.042
-76.0456
-76.0491
-76.0526
-76.056
-76.0595
-76.0629
-76.0663
-76.0696
-76.0729
-76.0762
-76.0795
-76.0828
-76.086
-76.0892
-76.0924
-76.0955
-76.0986
-76.1017
-76.1048
-76.1079
-76.1109
-76.1139
-76.1169
-76.1198
-76.1228
-76.1257
-76.1286
-76.1314
-76.1343
-76.1371
-76.1399
-76.1427
-76.1455
-76.1482
-76.1509
-76.1536
-76.1563
-76.1589
-76.1615
-76.1642
-76.1667
-76.1693
-76.1719
-76.1744
-76.1769
-76.1794
-76.1819
-76.1843
-76.1868
-76.1892
-76.1916
-76.1939
-76.1963
-76.1986
-76.201
-76.2033
-76.2056
-76.2078
-76.2101
-76.2123
-76.2145
-76.2167
-76.2189
-76.2211
-76.2232
-76.2254
-76.2275
-76.2296
-76.2317
-76.2337
-76.2358
-76.2378
-76.2398
-76.2418
-76.2438
-76.2458
-76.2478
-76.2497
-76.2516
-76.2536
-76.2554
-76.2573
-76.2592
-76.2611
-76.2629
-76.2647
-76.2665
-76.2683
-76.2701
-76.2719
-76.2737
-76.2754
-76.2771
-76.2788
-76.2806
-76.2822
-76.2839
-76.2856
-76.2872
-76.2889
-76.2905
-76.2921
-76.2937
-76.2953
-76.2969
-76.2985
-76.3
-76.3016
-76.3031
-76.3046
-76.3061
-76.3076
-76.3091
-76.3106
-76.312
-76.3135
-76.3149
-76.3164
-76.3178
-76.3192
-76.3206
-76.322
-76.3233
-76.3247
-76.3261
-76.3274
-76.3287
-76.33
-76.3314
-76.3327
-76.334
-76.3352
-76.3365
-76.3378
-76.339
-76.3403
-76.3415
-76.3427
-76.3439
-76.3452
-76.3464
-76.3475
-76.3487
-76.3499
-76.351
-76.3522
-76.3533
-76.3545
-76.3556
-76.3567
-76.3578
-76.3589
-76.36
-76.3611
-76.3622
-76.3632
-76.3643
-76.3654
-76.3664
-76.3674
-76.3685
-76.3695
-76.3705
-76.3715
-76.3725
-76.3735
-76.3745
-76.3754
-76.3764
-76.3774
-76.3783
-76.3793
-76.3802
-76.3811
-76.382
-76.383
-76.3839
-76.3848
-76.3857
-76.3866
-76.3874
-76.3883
-76.3892
-76.39
-76.3909
-76.3917
-76.3926
-76.3934
-76.3943
-76.3951
-76.3959
-76.3967
-76.3975
-76.3983
-76.3991
-76.3999
-76.4007
-76.4014
-76.4022
-76.403
-76.4037
-76.4045
-76.4052
-76.406
-76.4067
-76.4074
-76.4082
-76.4089
-76.4096
-76.4103
-76.411
-76.4117
-76.4124
-76.4131
-75.6512
-71.369
-67.6874
-64.9138
-62.7527
-60.9543
-59.2548
-57.2071
-52.8833
44.04
-9.08953
-40.214
-78.4238
-79.1288
-79.0318
-78.9139
-78.7844
-78.6436
-78.4917
-78.062
-75.9035
-74.5298
-73.7674
-73.3209
-72.9275
-72.5662
-72.4999
-72.4222
-72.2932
-72.3073
-72.377
-70.2717
-68.925
-68.7751
-68.8089
-69.181
-69.6885
-69.9783
-70.1431
-70.243
-70.3078
-70.3533
-70.3882
-70.4175
-70.444
-70.4695
-70.4951
-70.5215
-70.549
-70.578
-70.6086
-70.6407
-70.6744
-70.7097
-70.7465
-70.8035
-71.3207
-71.8243
-72.2142
-72.5199
-72.7636
-72.9609
-73.1229
-73.2577
-71.9945
-68.3712
-65.565
-63.5162
-61.9487
-60.6605
-59.482
-58.2192
-56.481
-52.4107
43.7705
-10.3875
-41.8235
-78.8962
-78.88
-78.5347
-78.3494
-78.1593
-77.9549
-77.7363
-77.5045
-77.2609
-77.0077
-75.7871
-73.23
-71.4799
-70.2806
-69.3713
-68.9759
-68.9464
-68.979
-69.4452
-69.7696
-69.9512
-70.342
-70.8558
-71.1985
-71.4238
-71.5768
-72.1765
-72.8572
-73.2908
-73.5695
-73.7917
-74.0993
-74.3189
-74.4652
-74.5665
-74.6392
-74.693
-74.7342
-74.7666
-74.8355
-74.9704
-75.0746
-75.1513
-75.2094
-75.2545
-75.2903
-75.3194
-75.3435
-75.3639
-75.3815
-75.3969
-75.4106
-75.423
-75.4344
-75.4449
-75.4549
-75.4643
-75.4732
-75.4819
-75.4903
-75.4984
-75.5064
-75.5142
-75.5219
-75.5294
-75.5369
-75.5443
-75.5516
-75.5589
-75.5661
-75.5733
-75.5804
-75.5875
-75.5945
-75.6015
-75.6084
-75.6153
-75.6221
-75.6289
-75.6357
-75.6424
-75.649
-75.6557
-75.6622
-75.6688
-75.6752
-75.6817
-75.6881
-75.6944
-75.7007
-75.707
-75.7132
-75.7193
-75.7254
-75.7315
-75.7375
-75.7435
-75.7494
-75.7553
-75.7611
-75.7669
-74.246
-70.0282
-66.6323
-64.0571
-62.0188
-60.2617
-58.475
-55.9553
-45.9077
20.8031
-22.4319
-65.4123
-79.0394
-79.0511
-78.9365
-78.8084
-78.6685
-78.5169
-78.3539
-78.1803
-76.7797
-74.5708
-73.3058
-72.6262
-72.1956
-72.0439
-71.8656
-71.6612
-71.4527
-71.2507
-71.376
-71.5679
-70.9372
-68.402
-66.5344
-65.3028
-64.4565
-64.236
-65.0095
-66.371
-67.3371
-67.9678
-68.7882
-69.6774
-70.269
-70.6645
-70.9843
-71.5874
-72.0506
-72.3657
-72.5877
-72.7493
-72.8708
-72.9649
-73.0399
-73.1013
-73.153
-73.1975
-73.2367
-73.272
-70.8279
-67.3738
-64.8243
-62.936
-61.459
-60.2017
-58.987
-57.5651
-55.2469
-44.3363
16.8326
-24.3888
-68.7792
-79.647
-79.7478
-79.719
-79.6836
-79.6443
-79.6013
-78.3335
-76.0052
-74.8094
-74.074
-73.4959
-72.9835
-72.5065
-72.055
-71.6265
-71.2212
-70.8404
-69.0671
-66.3123
-64.2113
-62.6123
-61.3175
-60.1794
-59.0595
-57.7617
-55.8535
-53.4239
8.58177
-0.659204
-33.4159
-77.2333
-79.6436
-79.6394
-79.5963
-79.5477
-79.4947
-79.394
-79.1716
-79.0278
-78.9178
-78.8166
-78.718
-78.6205
-78.5241
-78.4295
-78.3371
-78.159
-77.7686
-77.4354
-77.1993
-77.0251
-76.8913
-76.7854
-76.6994
-76.6284
-76.569
-76.5189
-76.4762
-76.4396
-76.4083
-76.3814
-76.3582
-76.3382
-76.321
-76.3062
-76.2936
-76.2827
-76.2735
-76.2656
-76.259
-76.2535
-76.2489
-76.2451
-76.2421
-76.2396
-76.2378
-76.2364
-76.2354
-76.2348
-76.2346
-76.2346
-76.2348
-76.2353
-76.236
-76.2368
-76.2378
-76.2388
-76.24
-76.2413
-76.2427
-76.2441
-76.2456
-76.2471
-76.2487
-76.2503
-76.2519
-76.2536
-76.2553
-76.257
-76.2587
-76.2604
-76.2621
-76.2638
-76.2655
-76.2672
-76.2689
-76.2707
-76.2724
-76.2741
-76.2758
-76.2774
-76.2791
-76.2808
-76.2825
-76.2841
-76.2858
-76.2874
-76.289
-76.2906
-76.2922
-76.2938
-76.2954
-76.297
-76.2985
-76.3001
-76.1435
-72.1311
-68.2618
-65.3445
-63.0893
-61.2413
-59.5432
-57.6048
-54.0618
43.9204
-2.01739
-34.2667
-77.4115
-79.062
-78.967
-78.8416
-78.7037
-78.5537
-78.3918
-78.2184
-78.0346
-77.5461
-74.919
-73.0448
-71.8554
-71.0546
-70.7567
-70.502
-70.2367
-70.2102
-70.4423
-70.5687
-70.6174
-69.1803
-67.4697
-67.1826
-67.1353
-67.1078
-67.0933
-67.089
-67.0931
-67.1048
-67.1523
-68.141
-69.399
-70.2298
-70.7715
-71.1392
-71.3982
-71.5871
-71.7296
-71.8404
-72.1827
-72.6019
-72.9096
-73.1356
-73.3062
-73.438
-73.5423
-73.6265
-73.696
-73.7544
-73.8044
-73.848
-73.8865
-73.9212
-73.9527
-73.9818
-74.009
-74.0346
-74.0589
-73.692
-69.8893
-66.4992
-63.9757
-62.0183
-60.3752
-58.7842
-56.7968
-52.3724
42.6782
-10.877
-42.4542
-78.9939
-79.7255
-79.7042
-79.6669
-79.6253
-79.5794
-79.5295
-79.4754
-79.4174
-78.9539
-75.5789
-73.2195
-71.7498
-70.705
-69.8886
-69.2115
-68.6295
-68.1198
-67.6694
-66.7125
-64.2492
-62.1852
-60.5301
-59.0181

