-70
-70.0758
-70.1508
-70.225
-70.2983
-70.3706
-70.4419
-70.5122
-70.5814
-70.6496
-70.7168
-70.7829
-70.848
-70.9121
-70.9752
-71.0373
-71.0984
-71.1586
-71.2178
-71.2761
-71.3334
-71.3899
-71.4455
-71.5003
-71.5543
-71.6074
-71.6598
-71.7114
-71.7623
-71.8124
-71.8619
-71.9106
-71.9587
-72.006
-72.0527
-72.0988
-72.1442
-72.1889
-72.2331
-72.2766
-72.3196
-72.362
-72.4038
-72.445
-72.4857
-72.5258
-72.5654
-72.6045
-72.6431
-72.6812
-72.7188
-72.756
-72.7927
-72.8289
-72.8647
-72.9
-72.9349
-72.9694
-73.0035
-73.0371
-73.0704
-73.1032
-73.1357
-73.1678
-73.1994
-73.2307
-73.2617
-73.2922
-73.3224
-73.3523
-73.3817
-73.4109
-73.4397
-73.4682
-73.4963
-73.5241
-73.5516
-73.5788
-73.6057
-73.6323
-73.6585
-73.6845
-73.7102
-73.7356
-73.7608
-73.7857
-73.8103
-73.8346
-73.8587
-73.8825
-73.9061
-73.9294
-73.9524
-73.9753
-73.9979
-74.0202
-74.0423
-74.0642
-74.0859
-74.1073
-74.1285
-74.1495
-74.1703
-74.1909
-74.2112
-74.2313
-74.2513
-74.271
-74.2905
-74.3098
-74.329
-74.3479
-74.3666
-74.3852
-74.4036
-74.4217
-74.4397
-74.4575
-74.4752
-74.4926
-74.5099
-74.527
-74.544
-74.5607
-74.5774
-74.5938
-74.6101
-74.6262
-74.6422
-74.658
-74.6736
-74.6891
-74.7045
-74.7197
-74.7347
-74.7496
-74.7644
-74.779
-74.7935
-74.8079
-74.8221
-74.8362
-74.8501
-74.864
-74.8777
-74.8913
-74.9047
-74.918
-74.9313
-74.9443
-74.9573
-74.9701
-74.9829
-74.9955
-75.008
-75.0204
-75.0327
-75.0448
-75.0569
-75.0688
-75.0806
-75.0924
-75.104
-75.1155
-75.1269
-75.1382
-75.1495
-75.1606
-75.1716
-75.1825
-75.1933
-75.204
-75.2147
-75.2252
-75.2356
-75.246
-75.2562
-75.2664
-75.2764
-75.2864
-75.2963
-75.3061
-75.3158
-75.3255
-75.335
-75.3445
-75.3538
-75.3631
-75.3724
-75.3815
-75.3906
-75.3995
-75.4084
-75.4172
-75.426
-75.4346
-75.4432
-75.4518
-75.4602
-75.4686
-75.4769
-75.4851
-75.4932
-75.5013
-75.5093
-75.5173
-75.5251
-75.533
-75.5407
-75.5484
-75.556
-75.5635
-75.571
-75.5784
-75.5858
-75.593
-75.6003
-75.6074
-75.6145
-75.6216
-75.6285
-75.6355
-75.6423
-75.6491
-75.6559
-75.6626
-75.6692
-75.6758
-75.6823
-75.6888
-75.6952
-75.7015
-75.7078
-75.7141
-75.7203
-75.7264
-75.7325
-75.7386
-75.7446
-75.7505
-75.7564
-75.7622
-75.768
-75.7738
-75.7795
-75.7851
-75.7907
-75.7963
-75.8018
-75.8072
-75.8127
-75.818
-75.8234
-75.8287
-75.8339
-75.8391
-75.8443
-75.8494
-75.8545
-75.8595
-75.8645
-75.8695
-75.8744
-75.8793
-75.8841
-75.8889
-75.8937
-75.8984
-75.9031
-75.9077
-75.9123
-75.9169
-75.9214
-75.9259
-75.9304
-75.9348
-75.9392
-75.9436
-75.9479
-75.9522
-75.9565
-75.9607
-75.9649
-75.969
-75.9731
-75.9772
-75.9813
-75.9853
-75.9893
-75.9933
-75.9972
-76.0011
-76.005
-76.0088
-76.0126
-76.0164
-76.0201
-76.0239
-76.0275
-76.0312
-76.0348
-76.0384
-76.042
-76.0456
-76.0491
-76.0526
-76.056
-76.0595
-76.0629
-76.0663
-76.0696
-76.0729
-76.0762
-76.0795
-76.0828
-76.086
-76.0892
-76.0924
-76.0955
-76.0986
-76.1017
-76.1048
-76.1079
-76.1109
-76.1139
-76.1169
-76.1198
-76.1228
-76.1257
-76.1286
-76.1314
-76.1343
-76.1371
-76.1399
-76.1427
-76.1455
-76.1482
-76.1509
-76.1536
-76.1563
-76.1589
-76.1615
-76.1642
-76.1667
-76.1693
-76.1719
-76.1744
-76.1769
-76.1794
-76.1819
-76.1843
-76.1868
-76.1892
-76.1916
-76.1939
-76.1963
-76.1986
-76.201
-76.2033
-76.2056
-76.2078
-76.2101
-76.2123
-76.2145
-76.2167
-76.2189
-76.2211
-76.2232
-76.2254
-76.2275
-76.2296
-76.2317
-76.2337
-76.2358
-76.2378
-76.2398
-76.2418
-76.2438
-76.2458
-76.2478
-76.2497
-76.2516
-76.2536
-76.2554
-76.2573
-76.2592
-76.2611
-76.2629
-76.2647
-76.2665
-76.2683
-76.2701
-76.2719
-76.2737
-76.2754
-76.2771
-76.2788
-76.2806
-76.2822
-76.2839
-76.2856
-76.2872
-76.2889
-76.2905
-76.2921
-76.2937
-76.2953
-76.2969
-76.2985
-76.3
-76.3016
-76.3031
-76.3046
-76.3061
-76.3076
-76.3091
-76.3106
-76.312
-76.3135
-76.3149
-76.3164
-76.3178
-76.3192
-76.3206
-76.322
-76.3233
-76.3247
-76.3261
-76.3274
-76.3287
-76.33
-76.3314
-76.3327
-76.334
-76.3352
-76.3365
-76.3378
-76.339
-76.3403
-76.3415
-76.3427
-76.3439
-76.3452
-76.3464
-76.3475
-76.3487
-76.3499
-76.351
-76.3522
-76.3533
-76.3545
-76.3556
-76.3567
-76.3578
-76.3589
-76.36
-76.3611
-76.3622
-76.3632
-76.3643
-76.3654
-76.3664
-76.3674
-76.3685
-76.3695
-76.3705
-76.3715
-76.3725
-76.3735
-76.3745
-76.3754
-76.3764
-76.3774
-76.3783
-76.3793
-76.3802
-76.3811
-76.382
-76.383
-76.3839
-76.3848
-76.3857
-76.3866
-76.3874
-76.3883
-76.3892
-76.39
-76.3909
-76.3917
-76.3926
-76.3934
-76.3943
-76.3951
-76.3959
-76.3967
-76.3975
-76.3983
-76.3991
-76.3999
-76.4007
-76.4014
-76.4022
-76.403
-76.4037
-76.4045
-76.4052
-76.406
-76.4067
-76.4074
-76.4082
-76.4089
-76.4096
-76.4103
-76.411
-76.4117
-76.4124
-73.9857
-69.7641
-66.4866
-63.9897
-62.0028
-60.2797
-58.5179
-56.0299
-46.3611
21.6001
-21.8092
-63.9917
-79.1502
-79.1926
-79.095
-78.9849
-78.8645
-78.7336
-78.5927
-78.4423
-78.2832
-78.1166
-77.9441
-77.7081
-77.3959
-77.1391
-76.9215
-76.7287
-76.5219
-76.3226
-76.1615
-76.028
-75.915
-75.818
-75.734
-75.6609
-75.5972
-75.5418
-75.53
-75.5369
-75.5411
-75.5433
-75.1382
-71.2989
-68.0879
-65.8616
-64.2685
-63.0834
-62.1603
-61.4016
-60.7365
-60.1089
-59.4623
-58.7163
-57.7251
-56.0604
-51.0386
36.4786
-15.3024
-49.3944
-79.4071
-79.8571
-79.8488
-78.5808
-77.6407
-77.2612
-76.9587
-76.6556
-76.3428
-76.0207
-75.6919
-75.3596
-75.0274
-74.6988
-74.3771
-71.8151
-68.8998
-66.7896
-65.2264
-64.0192
-63.0499
-62.2415
-61.54
-60.9025
-59.0021
-56.4586
-51.1347
37.1825
-15.0498
-48.5876
-79.0043
-79.4419
-79.3828
-79.2218
-79.0781
-78.9663
-78.8536
-78.7351
-78.6026
-78.3119
-78.0751
-77.7474
-77.4802
-77.2778
-77.1101
-76.9635
-76.832
-76.7126
-76.5696
-76.3958
-76.2547
-76.1531
-76.0769
-76.0175
-75.97
-75.9311
-75.899
-75.8723
-75.8499
-75.8311
-75.8153
-75.8022
-75.7914
-75.7825
-75.7753
-75.7696
-75.7652
-75.762
-75.7598
-75.7585
-75.758
-75.7583
-75.7591
-75.7605
-75.7623
-75.7646
-75.7672
-75.7702
-75.7735
-75.777
-75.7807
-75.7846
-75.7887
-75.7929
-75.7972
-75.8016
-75.8061
-75.8107
-75.8154
-75.82
-75.8248
-75.8295
-75.8343
-75.8391
-75.8439
-75.8487
-75.8535
-75.8583
-75.8631
-75.8678
-75.8726
-75.8773
-75.882
-75.8867
-75.8914
-75.8961
-75.9007
-75.9053
-75.9098
-75.9144
-75.9189
-75.5051
-71.3808
-67.659
-64.8558
-62.6748
-60.8591
-59.135
-57.0254
-52.2957
41.3691
-11.3534
-43.1351
-78.5641
-78.891
-78.7571
-78.6079
-78.445
-78.2685
-78.0787
-77.8765
-77.663
-75.4723
-73.675
-72.5629
-71.7534
-71.0906
-70.5124
-69.992
-69.5176
-68.5306
-66.3524
-65.2199
-64.4988
-63.9767
-63.5849
-63.2838
-63.0504
-62.8694
-62.7297
-62.7722
-62.2131
-61.6251
-61.2059
-60.8963
-60.6614
-60.4761
-60.3275
-60.2076
-60.1114
-60.0357
-59.9784
-59.9383
-61.0514
-62.5679
-63.8147
-64.8053
-65.5936
-66.2267
-66.7415
-67.1655
-67.5196
-67.8193
-68.0763
-68.2996
-68.496
-68.6708
-68.8282
-68.9713
-66.3287
-63.5188
-61.3891
-59.6654
-58.0599
-56.1414
-52.2813
44.151
-10.0341
-41.3122
-78.4689
-79.6256
-79.6105
-79.5632
-79.5097
-79.4512
-79.3877
-79.176
-76.2538
-74.2742
-73.1239
-72.3095
-71.651
-71.0783
-70.5623
-70.0904
-69.5761
-67.1529
-64.8747
-63.1728
-61.835
-60.7049
-59.6575
-58.5568
-57.1656
-54.7099
-39.2111
10.4038
-27.3706
-72.9048
-79.0308
-78.9946
-78.8765
-78.7457
-78.6039
-78.4515
-78.2891
-78.1178
-77.9388
-77.7536
-77.5271
-77.1293
-76.8274
-76.5973
-76.4061
-76.2397
-76.0912
-75.9573
-75.8362
-75.7265
-75.6275
-75.5612
-75.527
-75.4972
-75.4702
-75.446
-75.4248
-75.4062
-75.3903
-75.3769
-75.3656
-75.3565
-75.3492
-75.3436
-75.3396
-75.3369
-75.3356
-75.3353
-75.3361
-75.3377
-75.3402
-75.3434
-75.3472
-75.3515
-75.3564
-75.3617
-75.3674
-75.3734
-75.3797
-75.4082
-75.4767
-75.5347
-75.5811
-75.6187
-75.6498
-75.6758
-75.6978
-75.7168
-75.7332
-75.7476
-75.7604
-75.7719
-75.7824
-75.7919
-75.8007
-75.8088
-75.8164
-75.8236
-75.8305
-75.837
-75.8432
-75.8493
-75.8551
-75.8607
-75.8662
-75.8716
-75.8768
-75.882
-75.887
-75.892
-75.8969
-75.9017
-75.9065
-75.9112
-75.9158
-75.9204
-75.925
-75.9295
-75.9339
-75.9383
-75.9427
-75.9471
-75.9514
-75.9556
-75.9599
-73.1329
-69.0425
-65.9047
-63.5038
-61.5709
-59.8488
-57.9886
-54.9927
-20.0117
6.77843
-28.8297
-74.8192
-78.9343
-78.8283
-78.6867
-78.5312
-78.3622
-78.1798
-77.9847
-77.7779
-76.6494
-74.4047
-72.9808
-72.0294
-71.2917
-70.6675
-70.1149
-69.6152
-69.2643
-68.8663
-66.9254
-65.4045
-64.3511
-63.5864
-63.0089
-62.5594
-62.1998
-61.9086
-62.2812
-63.6415
-65.5965
-67.0411
-68.0349
-68.7375
-69.2482
-69.6293
-69.9211
-70.1499
-70.3335
-70.4842
-70.6106
-70.7189
-70.8135
-70.8977
-70.9738
-71.0437
-71.1088
-71.1701
-71.2285
-71.2844
-71.3385
-71.391
-71.4423
-71.4926
-71.542
-69.1925
-65.7831
-63.1722
-61.1296
-59.3566
-57.4779
-54.494
-23.9729
4.91463
-30.025
-75.3951
-79.6417
-79.6628
-79.6219
-79.5747
-79.5228
-79.4661
-79.4048
-79.339
-79.2692
-79.1957
-79.1193
-79.0406
-78.2036
-74.1801
-71.0565
-68.8845
-67.2897
-66.0681
-65.1002
-64.3124
-63.6569
-63.1004
-62.6208
-60.6743
-58.3899
-55.5849
-45.063
18.2334
-23.6587
-67.398
-79.4144
-79.4087
-78.4236
-78.0223

