-70
-69.8623
-69.7285
-69.5983
-69.4718
-69.3487
-69.2291
-69.1128
-68.9997
-68.8897
-68.7828
-68.6789
-68.5778
-68.4795
-68.3839
-68.291
-68.2007
-68.1128
-68.0274
-67.9443
-67.8636
-67.7851
-67.7087
-67.6345
-67.5623
-67.4921
-67.4238
-67.3574
-67.2929
-67.2301
-67.1691
-67.1098
-67.0521
-66.996
-66.9414
-66.8884
-66.8368
-66.7866
-66.7378
-66.6904
-66.6443
-66.5994
-66.5558
-66.5133
-66.4721
-66.432
-66.393
-66.355
-66.3181
-66.2823
-66.2474
-66.2134
-66.1805
-66.1484
-66.1172
-66.0868
-66.0573
-66.0286
-66.0007
-65.9736
-65.9472
-65.9215
-65.8966
-65.8723
-65.8487
-65.8257
-65.8034
-65.7817
-65.7606
-65.74
-65.72
-65.7006
-65.6817
-65.6633
-65.6455
-65.6281
-65.6112
-65.5948
-65.5788
-65.5632
-65.5481
-65.5334
-65.5191
-65.5052
-65.4917
-65.4785
-65.4657
-65.4533
-65.4412
-65.4294
-65.418
-65.4068
-65.396
-65.3855
-65.3752
-65.3653
-65.3556
-65.3462
-65.337
-65.3281
-65.3194
-65.311
-65.3028
-65.2948
-65.2871
-65.2795
-65.2722
-65.2651
-65.2581
-65.2514
-65.2448
-65.2385
-65.2322
-65.2262
-65.2203
-65.2146
-65.2091
-65.2037
-65.1984
-65.1933
-65.1884
-65.1835
-65.1788
-65.1743
-65.1698
-65.1655
-65.1613
-65.1572
-65.1532
-65.1493
-65.1456
-65.1419
-65.1384
-65.1349
-65.1315
-65.1283
-65.1251
-65.122
-65.119
-65.1161
-65.1132
-65.1104
-65.1077
-65.1051
-65.1026
-65.1001
-65.0977
-65.0953
-65.0931
-65.0908
-65.0887
-65.0866
-65.0845
-65.0826
-65.0806
-65.0788
-65.0769
-65.0752
-65.0734
-65.0718
-65.0701
-65.0685
-65.067
-65.0655
-65.064
-65.0626
-65.0612
-65.0599
-65.0586
-65.0573
-65.0561
-65.0549
-65.0537
-65.0526
-65.0514
-65.0504
-65.0493
-65.0483
-65.0473
-65.0464
-65.0454
-65.0445
-65.0436
-65.0428
-65.0419
-65.0411
-65.0403
-65.0395
-65.0388
-65.0381
-65.0374
-65.0367
-65.036
-65.0353
-65.0347
-65.0341
-65.0335
-65.0329
-65.0323
-65.0318
-65.0313
-65.0307
-65.0302
-65.0297
-65.0293
-65.0288
-65.0283
-65.0279
-65.0275
-65.027
-65.0266
-65.0262
-65.0259
-65.0255
-65.0251
-65.0248
-65.0244
-65.0241
-65.0238
-65.0234
-65.0231
-65.0228
-65.0225
-65.0223
-65.022
-65.0217
-65.0215
-65.0212
-65.021
-65.0207
-65.0205
-65.0203
-65.02
-65.0198
-65.0196
-65.0194
-65.0192
-65.019
-65.0188
-65.0187
-65.0185
-65.0183
-65.0181
-65.018
-65.0178
-65.0177
-65.0175
-65.0174
-65.0172
-65.0171
-65.017
-65.0168
-65.0167
-65.0166
-65.0165
-65.0163
-65.0162
-65.0161
-65.016
-65.0159
-65.0158
-65.0157
-65.0156
-65.0155
-65.0154
-65.0153
-65.0153
-65.0152
-65.0151
-65.015
-65.0149
-65.0149
-65.0148
-65.0147
-65.0147
-65.0146
-65.0145
-65.0145
-65.0144
-65.0143
-65.0143
-65.0142
-65.0142
-65.0141
-65.0141
-65.014
-65.014
-65.0139
-65.0139
-65.0138
-65.0138
-65.0137
-65.0137
-65.0137
-65.0136
-65.0136
-65.0135
-65.0135
-65.0135
-65.0134
-65.0134
-65.0134
-65.0133
-65.0133
-65.0133
-65.0133
-65.0132
-65.0132
-65.0132
-65.0131
-65.0131
-65.0131
-65.0131
-65.0131
-65.013
-65.013
-65.013
-65.013
-65.0129
-65.0129
-65.0129
-65.0129
-65.0129
-65.0129
-65.0128
-65.0128
-65.0128
-65.0128
-65.0128
-65.0128
-65.0127
-65.0127
-65.0127
-65.0127
-65.0127
-65.0127
-65.0127
-65.0127
-65.0126
-65.0126
-65.0126
-65.0126
-65.0126
-65.0126
-65.0126
-65.0126
-65.0126
-65.0126
-65.0125
-65.0125
-65.0125
-65.0125
-65.0125
-65.0125
-65.0125
-65.0125
-65.0125
-65.0125
-65.0125
-65.0125
-65.0125
-65.0124
-65.0124
-65.0124
-65.0124
-65.0124
-65.0124
-65.0124
-65.0124
-65.0124
-65.0124
-65.0124
-65.0124
-65.0124
-65.0124
-65.0124
-65.0124
-65.0124
-65.0124
-65.0124
-65.0124
-65.0124
-65.0124
-65.0124
-65.0123
-65.0123
-65.0123
-65.0123
-65.0123
-65.0123
-65.0123
-65.0123
-65.0123
-65.0123
-65.0123
-65.0123
-65.0123
-65.0123
-65.0123
-65.0123
-65.0123
-65.0123
-65.0123
-65.0123
-65.0123
-65.0123
-65.0123
-65.0123
-65.0123
-65.0123
-65.0123
-65.0123
-65.0123
-65.0123
-65.0123
-65.0123
-65.0123
-65.0123
-65.0123
-65.0123
-65.0123
-65.0123
-65.0123
-65.0123
-65.0123
-65.0123
-65.0123
-65.0123
-65.0123
-65.0123
-65.0123
-65.0123
-65.0123
-65.0123
-65.0123
-65.0123
-65.0123
-65.0123
-65.0123
-65.0123
-65.0123
-65.0123
-65.0123
-65.0123
-65.0123
-65.0123
-65.0123
-65.0123
-65.0123
-65.0123
-65.0123
-65.0123
-65.0123
-65.0123
-65.0123
-65.0123
-65.0123
-65.0123
-64.7043
-64.4515
-64.2637
-64.1299
-64.026
-63.943
-63.8763
-63.8231
-63.7811
-63.7486
-63.7241
-63.7065
-63.6948
-63.688
-63.6856
-63.6868
-63.6912
-63.6983
-63.7077
-63.7191
-63.7322
-63.7467
-63.7624
-63.7792
-63.7967
-63.8149
-63.8337
-63.8529
-63.8724
-63.8922
-63.9121
-63.9321
-63.9522
-63.9722
-63.9405
-63.8356
-63.7707
-63.7264
-63.699
-63.681
-63.6701
-63.6648
-63.6641
-63.6672
-63.6735
-63.6824
-63.6936
-63.7067
-63.7213
-63.7372
-63.7541
-63.7719
-63.786
-63.5378
-63.3674
-63.1367
-62.5427
-62.1124
-61.5188
-60.9541
-60.4117
-59.1559
-58.2212
-57.1587
-56.3452
-55.5604
-54.965
-54.5071
-53.757
-52.8749
-52.0491
-51.3379
-50.7926
-50.2671
-49.8162
-49.4317
-49.0961
-48.7917
-48.5074
-48.2242
-47.9112
-47.5664
-47.1979
-46.7591
-46.2397
-45.5719
-44.6876
-43.3241
-40.6367
-28.8479
40.7247
-5.68348
-37.916
-55.7393
-60.4023
-61.6874
-62.0938
-62.2024
-62.1935
-62.1104
-61.9882
-61.8427
-61.645
-61.4727
-61.3156
-61.0953
-60.8671
-60.677
-60.5385
-60.4358
-60.3595
-60.3035
-60.2378
-60.1747
-60.1345
-60.1115
-60.0809
-59.9811
-59.9153
-59.8759
-59.8227
-59.6788
-59.5782
-59.469
-59.3518
-59.2017
-59.056
-58.9509
-58.7043
-58.5134
-58.2478
-57.9809
-57.6526
-57.2581
-56.944
-56.6897
-56.4828
-56.157
-55.7852
-55.2973
-54.4532
-53.5044
-52.5468
-51.7511
-51.0956
-50.5274
-49.9819
-49.4603
-48.9388
-48.4691
-48.0216
-47.5944
-47.1585
-46.6432
-45.9971
-45.1885
-44.0838
-42.2662
-37.7111
21.4991
19.0831
-22.6012
-50.799
-60.386
-62.8996
-63.5962
-63.7821
-63.7817
-63.7116
-63.6196
-63.5255
-63.4372
-63.3574
-63.2868
-63.225
-63.1715
-63.1253
-63.0858
-63.0521
-63.0237
-62.9999
-62.9803
-62.9644
-62.9517
-62.942
-62.9349
-62.9301
-62.9274
-62.9265
-62.9273
-62.9296
-62.9332
-62.9379
-62.9437
-62.9504
-62.9579
-62.9662
-62.975
-62.9844
-62.9942
-63.0045
-63.015
-63.0259
-63.0371
-63.0484
-63.0599
-63.0716
-63.0833
-63.0951
-63.107
-63.1189
-63.1308
-63.1428
-63.1547
-63.1665
-63.1783
-63.1901
-63.2018
-63.2134
-63.2249
-63.2364
-63.2477
-63.259
-63.2702
-63.2504
-63.151
-63.0879
-63.0425
-63.0125
-62.9909
-62.7825
-62.6006
-62.4681
-62.3747
-62.2422
-61.8175
-61.3105
-60.9059
-60.5509
-60.1507
-59.3021
-57.7512
-56.4921
-55.317
-54.4067
-53.7111
-52.9314
-52.338
-51.7054
-51.1597
-50.728
-50.3788
-50.09
-49.8284
-49.5687
-49.3353
-49.1342
-48.9584
-48.8005
-48.6244
-48.3433
-48.0702
-47.8131
-47.5549
-47.1929
-46.7962
-46.2956
-45.6934
-44.9012
-43.6988
-41.4211
-33.9491
41.1779
2.52649
-33.8892
-56.5988
-62.6794
-64.1295
-64.382
-64.2969
-64.1101
-63.9021
-63.6634
-63.3962
-63.1771
-62.994
-62.8419
-62.7136
-62.6054
-62.5144
-62.4383
-62.3751
-62.3231
-62.2809
-62.2473
-62.2212
-62.2017
-62.188
-62.1794
-62.1752
-62.1751
-62.1784
-62.1513
-62.1134
-62.0643
-61.9923
-61.8591
-61.5549
-61.1147
-60.7317
-60.4567
-60.2129
-59.9387
-59.6892
-59.3644
-58.9973
-58.6462
-58.2175
-57.8008
-57.4448
-57.013
-56.3953
-55.7704
-55.1079
-54.5597
-53.7997
-53.1278
-52.4874
-51.9987
-51.6253
-51.3363
-51.0422
-50.7532
-50.5304
-50.3251
-50.1168
-49.9237
-49.7041
-49.4237
-49.159
-48.918
-48.6958
-48.4678
-48.2424
-48.0042
-47.7037
-47.4082
-47.0958
-46.7501
-46.3393
-45.8284
-45.144
-44.1423
-42.4236
-38.1701
13.657
20.4752
-23.5324
-53.4311
-63.3395
-66.0042
-66.7918
-67.0282
-67.0642
-67.0229
-66.9514
-66.8688
-66.7829
-66.6969
-66.6124
-66.53
-66.4499
-66.3721
-66.2968
-66.2238
-66.1531
-66.0846
-66.0182
-65.954
-65.8917
-65.8314
-65.773
-65.7164
-65.6615
-65.6084
-65.5569
-65.507
-65.4586
-65.4118
-65.3663
-65.3223
-65.2797
-65.2384
-65.1983
-65.1595
-65.1218
-65.0854
-65.05
-65.0158
-64.9826
-64.9504
-64.9193
-64.889
-64.8598
-64.8314
-64.804
-64.7774
-64.7516
-64.7266
-64.7025
-64.679
-64.6564
-64.6344
-64.6132
-64.5927
-64.5728
-64.5535
-64.5349
-64.5169
-64.4995
-64.4827
-64.4665
-64.4508
-64.4356
-64.4209
-64.4068
-64.3353
-64.2501
-64.0185
-63.6395
-63.3682
-63.0651
-62.7624
-62.5357
-62.3591
-62.1177
-61.8059
-61.5214
-61.0141
-60.6089
-60.2936
-59.862
-58.3256
-56.5351
-55.2328
-54.2962
-53.5983
-52.951
-52.4407
-51.9505
-51.5365
-51.154
-50.8253
-50.5627
-50.351
-50.1795
-50.0406
-49.9295
-49.8186
-49.5978
-49.3961
-49.1038
-48.7577
-48.4625
-48.196
-47.916
-47.5867
-47.2064
-46.7355
-46.2221
-45.603
-44.7042
-43.1091
-40.0674
-24.9632
37.555
-10.6809
-44.7817
-60.9913
-65.0385
-65.9269
-66.0222
-65.8878
-65.6878
-65.4412
-65.1999
-64.9452
-64.6703
-64.4379
-64.2436
-64.0798
-63.9387
-63.8165
-63.7102
-63.6177
-63.5373
-63.4673
-63.4066
-63.354
-63.3086
-63.2695
-63.2361
-63.2076
-63.1836
-63.1635
-63.1237
-63.003
-62.9119
-62.6751
-62.4021
-62.2053
-62.0602
-61.9245
-61.7916
-61.6925
-61.6173
-61.5406
-61.434
-61.3171
-61.2367
-61.1809
-61.1083
-60.9367
-60.8217
-60.6363
-60.2339
-59.7335
-59.2886
-58.6083
-58.0037
-57.2879
-56.577
-56.0156
-55.3869
-54.4588
-53.606
-52.907
-52.3918
-51.8738
-51.4166
-51.0578
-50.701

