-70
-69.8623
-69.7285
-69.5983
-69.4718
-69.3487
-69.2291
-69.1128
-68.9997
-68.8897
-68.7828
-68.6789
-68.5778
-68.4795
-68.3839
-68.291
-68.2007
-68.1128
-68.0274
-67.9443
-67.8636
-67.7851
-67.7087
-67.6345
-67.5623
-67.4921
-67.4238
-67.3574
-67.2929
-67.2301
-67.1691
-67.1098
-67.0521
-66.996
-66.9414
-66.8884
-66.8368
-66.7866
-66.7378
-66.6904
-66.6443
-66.5994
-66.5558
-66.5133
-66.4721
-66.432
-66.393
-66.355
-66.3181
-66.2823
-66.2474
-66.2134
-66.1805
-66.1484
-66.1172
-66.0868
-66.0573
-66.0286
-66.0007
-65.9736
-65.9472
-65.9215
-65.8966
-65.8723
-65.8487
-65.8257
-65.8034
-65.7817
-65.7606
-65.74
-65.72
-65.7006
-65.6817
-65.6633
-65.6455
-65.6281
-65.6112
-65.5948
-65.5788
-65.5632
-65.5481
-65.5334
-65.5191
-65.5052
-65.4917
-65.4785
-65.4657
-65.4533
-65.4412
-65.4294
-65.418
-65.4068
-65.396
-65.3855
-65.3752
-65.3653
-65.3556
-65.3462
-65.337
-65.3281
-65.3194
-65.311
-65.3028
-65.2948
-65.2871
-65.2795
-65.2722
-65.2651
-65.2581
-65.2514
-65.2448
-65.2385
-65.2322
-65.2262
-65.2203
-65.2146
-65.2091
-65.2037
-65.1984
-65.1933
-65.1884
-65.1835
-65.1788
-65.1743
-65.1698
-65.1655
-65.1613
-65.1572
-65.1532
-65.1493
-65.1456
-65.1419
-65.1384
-65.1349
-65.1315
-65.1283
-65.1251
-65.122
-65.119
-65.1161
-65.1132
-65.1104
-65.1077
-65.1051
-65.1026
-65.1001
-65.0977
-65.0953
-65.0931
-65.0908
-65.0887
-65.0866
-65.0845
-65.0826
-65.0806
-65.0788
-65.0769
-65.0752
-65.0734
-65.0718
-65.0701
-65.0685
-65.067
-65.0655
-65.064
-65.0626
-65.0612
-65.0599
-65.0586
-65.0573
-65.0561
-65.0549
-65.0537
-65.0526
-65.0514
-65.0504
-65.0493
-65.0483
-65.0473
-65.0464
-65.0454
-65.0445
-65.0436
-65.0428
-65.0419
-65.0411
-65.0403
-65.0395
-65.0388
-65.0381
-65.0374
-65.0367
-65.036
-65.0353
-65.0347
-65.0341
-65.0335
-65.0329
-65.0323
-65.0318
-65.0313
-65.0307
-65.0302
-65.0297
-65.0293
-65.0288
-65.0283
-65.0279
-65.0275
-65.027
-65.0266
-65.0262
-65.0259
-65.0255
-65.0251
-65.0248
-65.0244
-65.0241
-65.0238
-65.0234
-65.0231
-65.0228
-65.0225
-65.0223
-65.022
-65.0217
-65.0215
-65.0212
-65.021
-65.0207
-65.0205
-65.0203
-65.02
-65.0198
-65.0196
-65.0194
-65.0192
-65.019
-65.0188
-65.0187
-65.0185
-65.0183
-65.0181
-65.018
-65.0178
-65.0177
-65.0175
-65.0174
-65.0172
-65.0171
-65.017
-65.0168
-65.0167
-65.0166
-65.0165
-65.0163
-65.0162
-65.0161
-65.016
-65.0159
-65.0158
-65.0157
-65.0156
-65.0155
-65.0154
-65.0153
-65.0153
-65.0152
-65.0151
-65.015
-65.0149
-65.0149
-65.0148
-65.0147
-65.0147
-65.0146
-65.0145
-65.0145
-65.0144
-65.0143
-65.0143
-65.0142
-65.0142
-65.0141
-65.0141
-65.014
-65.014
-65.0139
-65.0139
-65.0138
-65.0138
-65.0137
-65.0137
-65.0137
-65.0136
-65.0136
-65.0135
-65.0135
-65.0135
-65.0134
-65.0134
-65.0134
-65.0133
-65.0133
-65.0133
-65.0133
-65.0132
-65.0132
-65.0132
-65.0131
-65.0131
-65.0131
-65.0131
-65.0131
-65.013
-65.013
-65.013
-65.013
-65.0129
-65.0129
-65.0129
-65.0129
-65.0129
-65.0129
-65.0128
-65.0128
-65.0128
-65.0128
-65.0128
-65.0128
-65.0127
-65.0127
-65.0127
-65.0127
-65.0127
-65.0127
-65.0127
-65.0127
-65.0126
-65.0126
-65.0126
-65.0126
-65.0126
-65.0126
-65.0126
-65.0126
-65.0126
-65.0126
-65.0125
-65.0125
-65.0125
-65.0125
-65.0125
-65.0125
-65.0125
-65.0125
-65.0125
-65.0125
-65.0125
-65.0125
-65.0125
-65.0124
-65.0124
-65.0124
-65.0124
-65.0124
-65.0124
-65.0124
-65.0124
-65.0124
-65.0124
-65.0124
-65.0124
-65.0124
-65.0124
-65.0124
-65.0124
-65.0124
-65.0124
-65.0124
-65.0124
-65.0124
-65.0124
-65.0124
-65.0123
-65.0123
-65.0123
-65.0123
-65.0123
-65.0123
-65.0123
-65.0123
-65.0123
-65.0123
-65.0123
-65.0123
-65.0123
-65.0123
-65.0123
-65.0123
-65.0123
-65.0123
-65.0123
-65.0123
-65.0123
-65.0123
-65.0123
-65.0123
-65.0123
-65.0123
-65.0123
-65.0123
-65.0123
-65.0123
-65.0123
-65.0123
-65.0123
-65.0123
-65.0123
-65.0123
-65.0123
-65.0123
-65.0123
-65.0123
-65.0123
-65.0123
-65.0123
-65.0123
-65.0123
-65.0123
-65.0123
-65.0123
-65.0123
-65.0123
-65.0123
-65.0123
-65.0123
-65.0123
-65.0123
-65.0123
-65.0123
-65.0123
-65.0123
-65.0123
-65.0123
-65.0123
-65.0123
-65.0123
-65.0123
-65.0123
-65.0123
-65.0123
-65.0123
-65.0123
-65.0123
-65.0123
-65.0123
-65.0123
-64.8888
-64.7871
-64.7113
-64.6572
-64.6152
-64.5815
-64.5545
-64.5329
-64.5159
-64.5027
-64.4927
-64.4856
-64.4808
-64.478
-64.477
-64.4776
-64.4793
-64.4822
-64.4861
-64.4907
-64.496
-64.5019
-64.5083
-64.5151
-64.5223
-64.5297
-64.5373
-64.5451
-64.553
-64.5611
-64.5691
-64.5773
-64.5854
-64.5935
-64.5495
-64.4315
-64.3542
-64.2976
-64.2584
-64.2288
-64.2064
-64.1898
-64.1781
-64.1704
-64.1661
-64.1647
-64.1657
-64.1688
-64.1736
-64.1799
-64.1874
-64.196
-64.183
-63.9379
-63.7673
-63.6063
-63.1944
-62.9035
-62.5978
-62.3006
-62.026
-61.3895
-60.8243
-59.9452
-59.2292
-58.5277
-58.0077
-57.6137
-57.1881
-56.8163
-56.5324
-56.1638
-55.9023
-55.6171
-55.3963
-55.2415
-55.1144
-55.0216
-54.9676
-54.9456
-54.9499
-54.9757
-55.0198
-55.0798
-55.1121
-55.0853
-55.0974
-55.1382
-55.2029
-55.2833
-55.3758
-55.4784
-55.5893
-55.7071
-55.8306
-55.959
-56.0914
-56.227
-56.3651
-56.4775
-56.5788
-56.6213
-56.672
-56.7025
-56.727
-56.7154
-56.7376
-56.7798
-56.8009
-56.8044
-56.8372
-56.8427
-56.8809
-56.9386
-57.0125
-57.0973
-57.1905
-57.2905
-57.3959
-57.5056
-57.5747
-57.6538
-57.744
-57.8434
-57.948
-58.0141
-58.0895
-58.1753
-58.2249
-58.0552
-57.9147
-57.8413
-57.8172
-57.7876
-57.7033
-57.6099
-57.4339
-57.2501
-57.0075
-56.5453
-55.874
-55.2403
-54.6578
-54.173
-53.7505
-53.4504
-53.2315
-53.0767
-52.9705
-52.8718
-52.8116
-52.7867
-52.7879
-52.7843
-52.8121
-52.8308
-52.8753
-52.9426
-53.03
-53.1328
-53.2485
-53.3754
-53.5119
-53.6567
-53.8084
-53.9661
-54.1286
-54.2953
-54.4653
-54.6381
-54.813
-54.9892
-55.1662
-55.3437
-55.5214
-55.6988
-55.8756
-56.0515
-56.226
-56.3991
-56.5705
-56.74
-56.9076
-57.073
-57.2359
-57.3965
-57.5546
-57.7102
-57.8633
-58.0137
-58.1613
-58.3063
-58.4485
-58.5879
-58.7247
-58.8587
-58.99
-59.1186
-59.2445
-59.3677
-59.4882
-59.6061
-59.7215
-59.8343
-59.9447
-60.0525
-60.1579
-60.2608
-60.3614
-60.4597
-60.5557
-60.6495
-60.7411
-60.8305
-60.9179
-61.0032
-61.0864
-61.1677
-61.247
-61.3244
-61.3999
-61.4737
-61.5456
-61.6158
-61.6603
-61.6161
-61.6069
-61.614
-61.6354
-61.66
-61.5519
-61.4541
-61.3957
-61.3665
-61.3426
-61.2234
-61.048
-60.8927
-60.7265
-60.3882
-59.8382
-59.0613
-58.4458
-57.6845
-57.0876
-56.649
-56.2751
-55.9939
-55.6116
-55.3034
-55.0832
-54.9316
-54.83
-54.7345
-54.6342
-54.5822
-54.5648
-54.5771
-54.6118
-54.6568
-54.6226
-54.6095
-54.6011
-54.5618
-54.5671
-54.6031
-54.6108
-54.631
-54.6798
-54.722
-54.7622
-54.8055
-54.8758
-54.9644
-55.0456
-55.1195
-55.1639
-55.1647
-55.1572
-55.1536
-55.1715
-55.1396
-55.1567
-55.2029
-55.2737
-55.3607
-55.4605
-55.5325
-55.6229
-55.7268
-55.7997
-55.8874
-55.9897
-56.1042
-56.1931
-56.2928
-56.4036
-56.5238
-56.65
-56.7803
-56.9137
-56.9506
-56.9185
-56.9376
-56.987
-57.0403
-57.0036
-56.9155
-56.8748
-56.877
-56.9098
-56.9623
-57.0012
-57.013
-56.9363
-56.8255
-56.6999
-56.6011
-56.5038
-56.3726
-56.1575
-55.8733
-55.6263
-55.2816
-54.939
-54.4654
-54.0968
-53.7856
-53.5714
-53.4259
-53.3338
-53.1924
-53.093
-53.0409
-53.0291
-53.0474
-53.082
-53.0643
-53.0561
-53.0856
-53.1444
-53.2033
-53.2696
-53.3583
-53.4643
-53.5844
-53.7154
-53.8331
-53.9487
-54.0797
-54.2216
-54.3722
-54.5289
-54.6905
-54.8559
-55.0241
-55.1945
-55.3664
-55.5394
-55.713
-55.8866
-56.0599
-56.2323
-56.4038
-56.5739
-56.7427
-56.9097
-57.0747
-57.2377
-57.3984
-57.5568
-57.7129
-57.8666
-58.0177
-58.1661
-58.312
-58.4551
-58.5956
-58.7334
-58.8685
-59.001
-59.1307
-59.2577
-59.3821
-59.5038
-59.623
-59.7395
-59.8535
-59.965
-60.074
-60.1805
-60.2846
-60.3863
-60.4856
-60.5827
-60.6775
-60.7701
-60.8605
-60.9488
-61.035
-61.1192
-61.2013
-61.2814
-61.3597
-61.436
-61.5105
-61.5832
-61.6542
-61.7234
-61.791
-61.8569
-61.9212
-61.9839
-62.0451
-62.1048
-62.1631
-62.2199
-62.2753
-62.3293
-62.382
-62.4335
-62.4836
-62.5326
-62.5803
-62.6269
-62.6723
-62.7166
-62.7598
-62.6158
-62.3661
-62.1984
-61.9819
-61.7619
-61.6082
-61.4831
-61.2481
-61.0782
-60.9519
-60.7556
-60.5656
-60.4193
-60.1538
-59.1592
-58.2502
-57.6018
-57.1429
-56.8039
-56.4552
-56.178
-55.8838
-55.6676
-55.5061
-55.3384
-55.2283
-55.1604
-55.1297
-55.1268
-55.147
-55.1564
-55.0533
-54.9825
-54.8815
-54.7928
-54.7342
-54.6848
-54.6366
-54.598
-54.55
-54.5143
-54.5207
-54.5573
-54.5827
-54.5503
-54.5648
-54.6089
-54.6787
-54.7656
-54.8264
-54.8662
-54.936
-54.9953
-55.0445
-55.0966
-55.1752
-55.2715
-55.3813
-55.5007
-55.6277
-55.7609
-55.8702
-55.9789
-56.0614
-56.1536
-56.2611
-56.346
-56.4328
-56.5351
-56.6483
-56.7691
-56.8948
-57.0241
-57.1561
-57.29
-57.4252
-57.5611
-57.6974
-57.7829
-57.8746
-57.9368
-58.0205
-58.1142
-58.2161
-58.3224
-58.4316
-58.5428
-58.6554
-58.7604
-58.822
-58.8839
-58.9297
-58.9952
-59.0406
-58.9563
-58.8349
-58.685
-58.5065
-58.1798
-57.8142
-57.3433
-56.9333
-56.4809
-56.0492
-55.7065
-55.3938
-55.0182
-54.7266
-54.4718
-54.2483
-54.0885
-53.9866
-53.9295
-53.8672

