-70
-70.0758
-70.1508
-70.225
-70.2983
-70.3706
-70.4419
-70.5122
-70.5814
-70.6496
-70.7168
-70.7829
-70.848
-70.9121
-70.9752
-71.0373
-71.0984
-71.1586
-71.2178
-71.2761
-71.3334
-71.3899
-71.4455
-71.5003
-71.5543
-71.6074
-71.6598
-71.7114
-71.7623
-71.8124
-71.8619
-71.9106
-71.9587
-72.006
-72.0527
-72.0988
-72.1442
-72.1889
-72.2331
-72.2766
-72.3196
-72.362
-72.4038
-72.445
-72.4857
-72.5258
-72.5654
-72.6045
-72.6431
-72.6812
-72.7188
-72.756
-72.7927
-72.8289
-72.8647
-72.9
-72.9349
-72.9694
-73.0035
-73.0371
-73.0704
-73.1032
-73.1357
-73.1678
-73.1994
-73.2307
-73.2617
-73.2922
-73.3224
-73.3523
-73.3817
-73.4109
-73.4397
-73.4682
-73.4963
-73.5241
-73.5516
-73.5788
-73.6057
-73.6323
-73.6585
-73.6845
-73.7102
-73.7356
-73.7608
-73.7857
-73.8103
-73.8346
-73.8587
-73.8825
-73.9061
-73.9294
-73.9524
-73.9753
-73.9979
-74.0202
-74.0423
-74.0642
-74.0859
-74.1073
-74.1285
-74.1495
-74.1703
-74.1909
-74.2112
-74.2313
-74.2513
-74.271
-74.2905
-74.3098
-74.329
-74.3479
-74.3666
-74.3852
-74.4036
-74.4217
-74.4397
-74.4575
-74.4752
-74.4926
-74.5099
-74.527
-74.544
-74.5607
-74.5774
-74.5938
-74.6101
-74.6262
-74.6422
-74.658
-74.6736
-74.6891
-74.7045
-74.7197
-74.7347
-74.7496
-74.7644
-74.779
-74.7935
-74.8079
-74.8221
-74.8362
-74.8501
-74.864
-74.8777
-74.8913
-74.9047
-74.918
-74.9313
-74.9443
-74.9573
-74.9701
-74.9829
-74.9955
-75.008
-75.0204
-75.0327
-75.0448
-75.0569
-75.0688
-75.0806
-75.0924
-75.104
-75.1155
-75.1269
-75.1382
-75.1495
-75.1606
-75.1716
-75.1825
-75.1933
-75.204
-75.2147
-75.2252
-75.2356
-75.246
-75.2562
-75.2664
-75.2764
-75.2864
-75.2963
-75.3061
-75.3158
-75.3255
-75.335
-75.3445
-75.3538
-75.3631
-75.3724
-75.3815
-75.3906
-75.3995
-75.4084
-75.4172
-75.426
-75.4346
-75.4432
-75.4518
-75.4602
-75.4686
-75.4769
-75.4851
-75.4932
-75.5013
-75.5093
-75.5173
-75.5251
-75.533
-75.5407
-75.5484
-75.556
-75.5635
-75.571
-75.5784
-75.5858
-75.593
-75.6003
-75.6074
-75.6145
-75.6216
-75.6285
-75.6355
-75.6423
-75.6491
-75.6559
-75.6626
-75.6692
-75.6758
-75.6823
-75.6888
-75.6952
-75.7015
-75.7078
-75.7141
-75.7203
-75.7264
-75.7325
-75.7386
-75.7446
-75.7505
-75.7564
-75.7622
-75.768
-75.7738
-75.7795
-75.7851
-75.7907
-75.7963
-75.8018
-75.8072
-75.8127
-75.818
-75.8234
-75.8287
-75.8339
-75.8391
-75.8443
-75.8494
-75.8545
-75.8595
-75.8645
-75.8695
-75.8744
-75.8793
-75.8841
-75.8889
-75.8937
-75.8984
-75.9031
-75.9077
-75.9123
-75.9169
-75.9214
-75.9259
-75.9304
-75.9348
-75.9392
-75.9436
-75.9479
-75.9522
-75.9565
-75.9607
-75.9649
-75.969
-75.9731
-75.9772
-75.9813
-75.9853
-75.9893
-75.9933
-75.9972
-76.0011
-76.005
-76.0088
-76.0126
-76.0164
-76.0201
-76.0239
-76.0275
-76.0312
-76.0348
-76.0384
-76.042
-76.0456
-76.0491
-76.0526
-76.056
-76.0595
-76.0629
-76.0663
-76.0696
-76.0729
-76.0762
-76.0795
-76.0828
-76.086
-76.0892
-76.0924
-76.0955
-76.0986
-76.1017
-76.1048
-76.1079
-76.1109
-76.1139
-76.1169
-76.1198
-76.1228
-76.1257
-76.1286
-76.1314
-76.1343
-76.1371
-76.1399
-76.1427
-76.1455
-76.1482
-76.1509
-76.1536
-76.1563
-76.1589
-76.1615
-76.1642
-76.1667
-76.1693
-76.1719
-76.1744
-76.1769
-76.1794
-76.1819
-76.1843
-76.1868
-76.1892
-76.1916
-76.1939
-76.1963
-76.1986
-76.201
-76.2033
-76.2056
-76.2078
-76.2101
-76.2123
-76.2145
-76.2167
-76.2189
-76.2211
-76.2232
-76.2254
-76.2275
-76.2296
-76.2317
-76.2337
-76.2358
-76.2378
-76.2398
-76.2418
-76.2438
-76.2458
-76.2478
-76.2497
-76.2516
-76.2536
-76.2554
-76.2573
-76.2592
-76.2611
-76.2629
-76.2647
-76.2665
-76.2683
-76.2701
-76.2719
-76.2737
-76.2754
-76.2771
-76.2788
-76.2806
-76.2822
-76.2839
-76.2856
-76.2872
-76.2889
-76.2905
-76.2921
-76.2937
-76.2953
-76.2969
-76.2985
-76.3
-76.3016
-76.3031
-76.3046
-76.3061
-76.3076
-76.3091
-76.3106
-76.312
-76.3135
-76.3149
-76.3164
-76.3178
-76.3192
-76.3206
-76.322
-76.3233
-76.3247
-76.3261
-76.3274
-76.3287
-76.33
-76.3314
-76.3327
-76.334
-76.3352
-76.3365
-76.3378
-76.339
-76.3403
-76.3415
-76.3427
-76.3439
-76.3452
-76.3464
-76.3475
-76.3487
-76.3499
-76.351
-76.3522
-76.3533
-76.3545
-76.3556
-76.3567
-76.3578
-76.3589
-76.36
-76.3611
-76.3622
-76.3632
-76.3643
-76.3654
-76.3664
-76.3674
-76.3685
-76.3695
-76.3705
-76.3715
-76.3725
-76.3735
-76.3745
-76.3754
-76.3764
-76.3774
-76.3783
-76.3793
-76.3802
-76.3811
-76.382
-76.383
-76.3839
-76.3848
-76.3857
-76.3866
-76.3874
-76.3883
-76.3892
-76.39
-76.3909
-76.3917
-76.3926
-76.3934
-76.3943
-76.3951
-76.3959
-76.3967
-76.3975
-76.3983
-76.3991
-76.3999
-76.4007
-76.4014
-76.4022
-76.403
-76.4037
-76.4045
-76.4052
-73.0945
-69.0255
-65.9295
-63.5553
-61.6413
-59.9385
-58.1125
-55.246
-31.2515
9.69463
-27.3558
-73.7447
-79.0249
-78.7511
-78.5907
-78.4241
-78.2434
-78.0487
-77.8404
-77.6198
-77.3884
-75.137
-73.2319
-72.0281
-71.1533
-70.4465
-69.8396
-69.3018
-68.8181
-68.3811
-67.9865
-67.6319
-67.3156
-67.0358
-67.472
-68.1198
-68.6107
-68.8752
-66.8268
-65.535
-64.783
-64.3006
-63.9856
-63.7791
-64.1904
-65.2284
-66.0065
-66.5638
-66.9755
-67.2893
-67.5359
-67.7357
-67.9021
-68.0446
-68.1697
-68.2821
-68.3851
-68.4813
-68.5723
-68.6595
-68.7439
-68.8261
-68.9067
-68.9861
-69.0645
-68.289
-65.1603
-62.5729
-60.5573
-58.7879
-56.8426
-53.4217
31.0851
-3.69564
-35.463
-77.6118
-79.6208
-79.6144
-79.5674
-79.514
-79.4554
-79.3918
-77.3306
-75.3614
-74.3166
-73.611
-73.0342
-72.5174
-72.0367
-71.5838
-71.1566
-70.1112
-68.0683
-66.6159
-65.6225
-64.9093
-64.3775
-63.9707
-63.6536
-63.4044
-61.9596
-60.1545
-58.541
-57.1809
-56.8459
-58.8808
-63.0143
-67.871
-70.9872
-72.3472
-73.1763
-73.5963
-73.7921
-73.8901
-73.9498
-74.1308
-74.2628
-74.34
-74.3878
-74.5438
-74.7687
-74.9364
-75.0348
-75.0953
-75.1345
-75.1613
-75.1807
-75.1954
-75.2071
-75.2169
-75.2254
-75.2332
-75.2404
-75.2472
-75.2539
-75.2606
-75.2672
-75.2738
-75.2805
-75.2873
-75.2941
-75.3011
-75.3082
-75.3153
-75.3292
-75.4017
-75.4689
-75.5218
-75.5642
-75.5987
-75.6273
-75.6513
-75.6717
-75.6893
-75.7046
-75.7182
-75.7303
-75.7413
-75.7512
-75.7604
-75.7689
-75.7769
-75.7844
-75.7915
-75.7983
-75.8048
-75.8111
-75.8172
-75.8231
-75.8288
-75.8344
-75.8399
-75.8453
-75.8506
-75.8558
-75.861
-75.8661
-75.8711
-75.876
-75.8809
-75.8858
-73.0705
-68.9983
-65.8761
-63.488
-61.5657
-59.854
-58.0086
-55.0588
-24.3147
7.63171
-28.4006
-74.7145
-79.0179
-78.7318
-78.5687
-78.3998
-78.2169
-78.0198
-77.8092
-77.5863
-77.3526
-75.2856
-73.2552
-71.9686
-71.0469
-70.3114
-69.6861
-69.1359
-68.6439
-68.0018
-65.6427
-64.1026
-63.5773
-63.2288
-62.9656
-62.763
-62.606
-63.5145
-64.5081
-65.2454
-64.4833
-63.0188
-61.9496
-61.1627
-61.169
-62.0549
-62.7984
-63.3713
-63.8193
-64.1783
-64.4731
-64.7212
-64.9354
-65.1251
-65.2968
-65.455
-65.6032
-65.7438
-65.8788
-66.0098
-66.1377
-66.2635
-66.3875
-66.5102
-66.6317
-66.7522
-67.1011
-68.093
-68.9449
-69.6161
-69.2664
-66.4491
-64.2258
-62.6433
-61.4616
-60.5245
-59.7236
-58.9748
-58.1909
-57.2389
-55.8104
-52.5297
39.3599
-7.76135
-39.0317
-78.1867
-79.7563
-79.7695
-78.6409
-77.5163
-77.068
-76.7384
-76.4168
-76.0882
-75.7519
-75.4101
-75.0662
-73.3237
-70.7461
-68.9084
-67.5807
-66.5637
-65.7514
-65.0832
-64.5223
-64.0456
-63.6373
-63.2192
-61.3201
-61.3311
-64.4308
-67.0131
-68.8394
-70.1488
-70.9789
-71.9419
-72.468
-72.7188
-72.8475
-72.9189
-72.9618
-72.9898
-73.01
-73.026
-73.0398
-73.0526
-73.065
-73.3114
-73.5564
-73.7315
-73.8591
-73.9551
-74.1602
-74.3676
-74.5177
-74.6278
-74.7109
-74.7751
-74.8261
-74.8673
-74.9015
-74.9303
-74.9551
-74.9768
-74.9962
-75.0137
-75.0297
-75.0446
-75.0586
-75.0806
-75.1799
-75.2713
-75.343
-75.4001
-75.4464
-75.4845
-75.5164
-75.5433
-75.5664
-75.5864
-75.6039
-75.6195
-75.6335
-75.6461
-75.6576
-75.6682
-75.6781
-75.6873
-75.696
-75.7042
-75.712
-75.7195
-75.7268
-75.7337
-75.7405
-75.7471
-75.7535
-75.7598
-75.766
-75.772
-75.778
-75.7838
-75.7896
-75.7953
-75.8009
-75.8064
-75.8119
-75.8173
-75.8227
-75.828
-75.8333
-75.8385
-75.8437
-75.8489
-75.8539
-75.859
-75.864
-75.8689
-75.8739
-75.8787
-75.8836
-75.8884
-73.063
-68.9751
-65.8398
-63.44
-61.5052
-59.7741
-57.8848
-54.7535
-1.38351
4.16747
-30.2183
-76.1204
-78.9868
-78.7245
-78.564
-78.3949
-78.2116
-78.0143
-77.8035
-77.5805
-77.3469
-75.0634
-73.1216
-71.8906
-70.9974
-70.2783
-69.6634
-69.1206
-68.6341
-68.1959
-66.4164
-64.6856
-63.8782
-63.3282
-62.9218
-62.6125
-62.3722
-62.4007
-63.4703
-64.414
-65.12
-64.9061
-63.2558
-61.9555
-60.9976
-60.2374
-59.8361
-60.7621
-61.7146
-62.4871
-63.1081
-63.6109
-64.0231
-64.8702
-66.1938
-67.1997
-67.9409
-68.4994
-68.9297
-69.2681
-69.5398
-69.7622
-69.9476
-70.105
-70.2408
-70.3598
-70.4658
-70.5615
-70.6491
-70.7301
-70.8058
-70.8773
-70.9452
-71.0102
-71.0729
-71.1334
-71.1923
-71.2497
-71.3058
-71.3608
-71.4147
-71.4678
-71.52
-71.5715
-71.6223
-71.6724
-71.7219
-71.7708
-71.8191
-71.8668
-70.2107
-66.5946
-63.74
-61.5264
-59.6423
-57.7093
-54.7826
-31.8875
7.5407
-28.6358
-74.2424
-78.8682
-78.7124
-78.5571
-78.3881
-78.2049
-78.0079
-77.7977
-77.5756
-77.0781
-74.6387

