-70
-69.8623
-69.7285
-69.5983
-69.4718
-69.3487
-69.2291
-69.1128
-68.9997
-68.8897
-68.7828
-68.6789
-68.5778
-68.4795
-68.3839
-68.291
-68.2007
-68.1128
-68.0274
-67.9443
-67.8636
-67.7851
-67.7087
-67.6345
-67.5623
-67.4921
-67.4238
-67.3574
-67.2929
-67.2301
-67.1691
-67.1098
-67.0521
-66.996
-66.9414
-66.8884
-66.8368
-66.7866
-66.7378
-66.6904
-66.6443
-66.5994
-66.5558
-66.5133
-66.4721
-66.432
-66.393
-66.355
-66.3181
-66.2823
-66.2474
-66.2134
-66.1805
-66.1484
-66.1172
-66.0868
-66.0573
-66.0286
-66.0007
-65.9736
-65.9472
-65.9215
-65.8966
-65.8723
-65.8487
-65.8257
-65.8034
-65.7817
-65.7606
-65.74
-65.72
-65.7006
-65.6817
-65.6633
-65.6455
-65.6281
-65.6112
-65.5948
-65.5788
-65.5632
-65.5481
-65.5334
-65.5191
-65.5052
-65.4917
-65.4785
-65.4657
-65.4533
-65.4412
-65.4294
-65.418
-65.4068
-65.396
-65.3855
-65.3752
-65.3653
-65.3556
-65.3462
-65.337
-65.3281
-65.3194
-65.311
-65.3028
-65.2948
-65.2871
-65.2795
-65.2722
-65.2651
-65.2581
-65.2514
-65.2448
-65.2385
-65.2322
-65.2262
-65.2203
-65.2146
-65.2091
-65.2037
-65.1984
-65.1933
-65.1884
-65.1835
-65.1788
-65.1743
-65.1698
-65.1655
-65.1613
-65.1572
-65.1532
-65.1493
-65.1456
-65.1419
-65.1384
-65.1349
-65.1315
-65.1283
-65.1251
-65.122
-65.119
-65.1161
-65.1132
-65.1104
-65.1077
-65.1051
-65.1026
-65.1001
-65.0977
-65.0953
-65.0931
-65.0908
-65.0887
-65.0866
-65.0845
-65.0826
-65.0806
-65.0788
-65.0769
-65.0752
-65.0734
-65.0718
-65.0701
-65.0685
-65.067
-65.0655
-65.064
-65.0626
-65.0612
-65.0599
-65.0586
-65.0573
-65.0561
-65.0549
-65.0537
-65.0526
-65.0514
-65.0504
-65.0493
-65.0483
-65.0473
-65.0464
-65.0454
-65.0445
-65.0436
-65.0428
-65.0419
-65.0411
-65.0403
-65.0395
-65.0388
-65.0381
-65.0374
-65.0367
-65.036
-65.0353
-65.0347
-65.0341
-65.0335
-65.0329
-65.0323
-65.0318
-65.0313
-65.0307
-65.0302
-65.0297
-65.0293
-65.0288
-65.0283
-65.0279
-65.0275
-65.027
-65.0266
-65.0262
-65.0259
-65.0255
-65.0251
-65.0248
-65.0244
-65.0241
-65.0238
-65.0234
-65.0231
-65.0228
-65.0225
-65.0223
-65.022
-65.0217
-65.0215
-65.0212
-65.021
-65.0207
-65.0205
-65.0203
-65.02
-65.0198
-65.0196
-65.0194
-65.0192
-65.019
-65.0188
-65.0187
-65.0185
-65.0183
-65.0181
-65.018
-65.0178
-65.0177
-65.0175
-65.0174
-65.0172
-65.0171
-65.017
-65.0168
-65.0167
-65.0166
-65.0165
-65.0163
-65.0162
-65.0161
-65.016
-65.0159
-65.0158
-65.0157
-65.0156
-65.0155
-65.0154
-65.0153
-65.0153
-65.0152
-65.0151
-65.015
-65.0149
-65.0149
-65.0148
-65.0147
-65.0147
-65.0146
-65.0145
-65.0145
-65.0144
-65.0143
-65.0143
-65.0142
-65.0142
-65.0141
-65.0141
-65.014
-65.014
-65.0139
-65.0139
-65.0138
-65.0138
-65.0137
-65.0137
-65.0137
-65.0136
-65.0136
-65.0135
-65.0135
-65.0135
-65.0134
-65.0134
-65.0134
-65.0133
-65.0133
-65.0133
-65.0133
-65.0132
-65.0132
-65.0132
-65.0131
-65.0131
-65.0131
-65.0131
-65.0131
-65.013
-65.013
-65.013
-65.013
-65.0129
-65.0129
-65.0129
-65.0129
-65.0129
-65.0129
-65.0128
-65.0128
-65.0128
-65.0128
-65.0128
-65.0128
-65.0127
-65.0127
-65.0127
-65.0127
-65.0127
-65.0127
-65.0127
-65.0127
-65.0126
-65.0126
-65.0126
-65.0126
-65.0126
-65.0126
-65.0126
-65.0126
-65.0126
-65.0126
-65.0125
-65.0125
-65.0125
-65.0125
-65.0125
-65.0125
-65.0125
-65.0125
-65.0125
-65.0125
-65.0125
-65.0125
-65.0125
-65.0124
-65.0124
-65.0124
-65.0124
-65.0124
-65.0124
-65.0124
-65.0124
-65.0124
-65.0124
-65.0124
-65.0124
-65.0124
-65.0124
-65.0124
-65.0124
-65.0124
-65.0124
-65.0124
-65.0124
-65.0124
-65.0124
-65.0124
-65.0123
-65.0123
-65.0123
-65.0123
-65.0123
-65.0123
-65.0123
-65.0123
-65.0123
-65.0123
-65.0123
-65.0123
-65.0123
-65.0123
-65.0123
-65.0123
-65.0123
-65.0123
-65.0123
-65.0123
-65.0123
-65.0123
-65.0123
-65.0123
-65.0123
-65.0123
-65.0123
-65.0123
-65.0123
-65.0123
-65.0123
-65.0123
-65.0123
-65.0123
-65.0123
-65.0123
-65.0123
-65.0123
-65.0123
-65.0123
-65.0123
-65.0123
-65.0123
-65.0123
-65.0123
-65.0123
-65.0123
-65.0123
-65.0123
-65.0123
-65.0123
-65.0123
-65.0123
-65.0123
-65.0123
-65.0123
-65.0123
-65.0123
-65.0123
-65.0123
-65.0123
-65.0123
-65.0123
-65.0123
-65.0123
-65.0123
-65.0123
-65.0123
-65.0123
-65.0123
-65.0123
-65.0123
-65.0123
-65.0123
-64.7043
-64.4515
-64.2637
-64.1299
-64.026
-63.943
-63.8763
-63.8231
-63.7811
-63.7486
-63.7241
-63.7065
-63.6948
-63.688
-63.6856
-63.6868
-63.6912
-63.6983
-63.7077
-63.7191
-63.7322
-63.7467
-63.7624
-63.7792
-63.7967
-63.8149
-63.8337
-63.8529
-63.8724
-63.8922
-63.9121
-63.9321
-63.9522
-63.9722
-63.9405
-63.8356
-63.7707
-63.7264
-63.699
-63.681
-63.6701
-63.6648
-63.6641
-63.6672
-63.6735
-63.6824
-63.6936
-63.7067
-63.7213
-63.7372
-63.7541
-63.7719
-63.768
-63.5332
-63.3723
-63.1593
-62.4015
-61.8293
-61.2321
-60.6422
-60.1187
-59.1956
-58.4319
-57.5383
-56.8705
-56.3269
-55.9035
-55.5803
-55.2508
-54.9143
-54.609
-54.3483
-54.1621
-53.9872
-53.8588
-53.7763
-53.7077
-53.6641
-53.6526
-53.6587
-53.6458
-53.6399
-53.6375
-53.649
-53.6574
-53.6251
-53.6112
-53.5939
-53.5918
-53.6249
-53.6836
-53.7624
-53.8564
-53.9254
-54.0057
-54.1042
-54.2178
-54.3423
-54.4752
-54.5775
-54.6792
-54.758
-54.8614
-54.9787
-55.078
-55.1717
-55.276
-55.3494
-55.4122
-55.4995
-55.6032
-55.7192
-55.8429
-55.9725
-56.1067
-56.2444
-56.3848
-56.5135
-56.6073
-56.7066
-56.7831
-56.8534
-56.8845
-56.9001
-56.8699
-56.8792
-56.9179
-56.9788
-57.0072
-57.0029
-56.9827
-57.0025
-57.0468
-57.0715
-56.9971
-56.9311
-56.7061
-56.3521
-55.9657
-55.6402
-55.2014
-54.6938
-53.9181
-53.3291
-52.9059
-52.586
-52.2995
-52.0791
-51.7939
-51.5644
-51.3922
-51.254
-51.141
-51.0186
-50.9254
-50.8414
-50.7997
-50.7877
-50.8018
-50.8373
-50.8919
-50.9638
-51.0516
-51.1539
-51.2695
-51.3973
-51.5364
-51.6855
-51.8435
-52.0095
-52.1826
-52.362
-52.5472
-52.7374
-52.9314
-53.1286
-53.3281
-53.5296
-53.7326
-53.9364
-54.1402
-54.3437
-54.5467
-54.7487
-54.9495
-55.1486
-55.3457
-55.5408
-55.7336
-55.924
-56.1117
-56.2966
-56.4786
-56.6578
-56.834
-57.0071
-57.1771
-57.3438
-57.5074
-57.6679
-57.8252
-57.9794
-58.1304
-58.2782
-58.4228
-58.5644
-58.703
-58.8385
-58.9711
-59.1007
-59.2274
-59.3512
-59.4722
-59.5905
-59.706
-59.8188
-59.9291
-60.0368
-60.1419
-60.2445
-60.3447
-60.4426
-60.5381
-60.6313
-60.7187
-60.7033
-60.7057
-60.7275
-60.7648
-60.8101
-60.7406
-60.6569
-60.6146
-60.6008
-60.5218
-60.2146
-59.9084
-59.5968
-59.2979
-58.9784
-58.5682
-57.7245
-56.9249
-56.0363
-55.3433
-54.8386
-54.4151
-54.0975
-53.8062
-53.5922
-53.4365
-53.3299
-53.2624
-53.2181
-53.1378
-53.1025
-53.0999
-53.1153
-53.1055
-53.1263
-53.0336
-52.9373
-52.8751
-52.8059
-52.7879
-52.8045
-52.8235
-52.8632
-52.9268
-52.9785
-53.0134
-52.9977
-53.0278
-53.0884
-53.1742
-53.2375
-53.2558
-53.2978
-53.3544
-53.409
-53.4503
-53.523
-53.6176
-53.7298
-53.8544
-53.9891
-54.1322
-54.2821
-54.4306
-54.545
-54.6778
-54.8205
-54.9717
-55.1278
-55.2547
-55.389
-55.5317
-55.6815
-55.8353
-55.9914
-56.1085
-56.237
-56.3492
-56.4048
-56.4744
-56.4702
-56.4476
-56.3451
-56.206
-56.1139
-56.0314
-55.9711
-55.9566
-55.9433
-55.8723
-55.7315
-55.6353
-55.575
-55.4892
-55.3869
-55.2169
-55.0556
-54.7988
-54.4836
-54.0932
-53.7339
-53.3848
-53.0591
-52.7215
-52.4635
-52.2552
-52.0813
-51.8911
-51.7405
-51.6221
-51.508
-51.4191
-51.344
-51.2914
-51.2442
-51.2341
-51.2534
-51.2977
-51.3623
-51.4448
-51.543
-51.6554
-51.7806
-51.9174
-52.0646
-52.2209
-52.3855
-52.5575
-52.7358
-52.9192
-53.107
-53.2982
-53.4924
-53.6891
-53.8875
-54.0868
-54.2866
-54.4864
-54.6859
-54.8848
-55.0825
-55.2786
-55.473
-55.6656
-55.8561
-56.0443
-56.2298
-56.4127
-56.593
-56.7704
-56.945
-57.1165
-57.285
-57.4504
-57.6127
-57.7719
-57.9281
-58.0811
-58.231
-58.3778
-58.5215
-58.6621
-58.7998
-58.9345
-59.0662
-59.195
-59.3209
-59.4439
-59.5642
-59.6817
-59.7965
-59.9087
-60.0183
-60.1253
-60.2298
-60.3318
-60.4314
-60.5286
-60.6235
-60.7162
-60.8066
-60.8949
-60.9811
-61.0651
-61.1472
-61.2272
-61.3053
-61.3815
-61.4558
-61.5283
-61.5991
-61.6681
-61.7355
-61.8012
-61.8653
-61.9278
-61.9889
-62.0484
-62.1064
-62.1631
-62.2183
-62.2722
-62.2494
-62.1515
-62.0415
-61.9762
-61.8423
-61.6768
-61.5678
-61.4945
-61.3271
-61.1677
-61.0554
-60.657
-60.3239
-60.0826
-59.6925
-58.4734
-57.2809
-56.4239
-55.8103
-55.3548
-55.003
-54.7308
-54.4761
-54.2834
-54.0993
-53.9287
-53.8042
-53.7279
-53.6901
-53.6828
-53.7005
-53.7259
-53.7493
-53.794
-53.7171
-53.5703
-53.4856
-53.4539
-53.429
-53.4425
-53.4676
-53.4557
-53.4496
-53.4782
-53.5103
-53.5101
-53.4981
-53.5047
-53.5486
-53.6187
-53.7085
-53.7884
-53.8699
-53.9714
-54.0878
-54.2161
-54.3532
-54.4975
-54.6455
-54.7623
-54.8944
-55.0354
-55.1771
-55.2847
-55.4102
-55.5452
-55.6883
-55.8359
-55.9865
-56.1393
-56.2936
-56.4486
-56.6041
-56.7594
-56.9143
-57.0427
-57.1593
-57.2849
-57.4155
-57.5186
-57.5578
-57.5354
-57.5522
-57.5981
-57.6651
-57.7442
-57.8321
-57.9266
-58.0263
-58.13
-58.2048
-58.2772
-58.3147
-58.3732
-58.408
-58.4007
-58.3407
-58.1991
-58.0329
-57.8532
-57.6425
-57.3002
-56.7794
-56.2612
-55.7771
-55.3418
-54.8965
-54.3906
-53.8793
-53.4976
-53.2031
-52.9459
-52.759
-52.6282
-52.5043

