-70
-69.8623
-69.7285
-69.5983
-69.4718
-69.3487
-69.2291
-69.1128
-68.9997
-68.8897
-68.7828
-68.6789
-68.5778
-68.4795
-68.3839
-68.291
-68.2007
-68.1128
-68.0274
-67.9443
-67.8636
-67.7851
-67.7087
-67.6345
-67.5623
-67.4921
-67.4238
-67.3574
-67.2929
-67.2301
-67.1691
-67.1098
-67.0521
-66.996
-66.9414
-66.8884
-66.8368
-66.7866
-66.7378
-66.6904
-66.6443
-66.5994
-66.5558
-66.5133
-66.4721
-66.432
-66.393
-66.355
-66.3181
-66.2823
-66.2474
-66.2134
-66.1805
-66.1484
-66.1172
-66.0868
-66.0573
-66.0286
-66.0007
-65.9736
-65.9472
-65.9215
-65.8966
-65.8723
-65.8487
-65.8257
-65.8034
-65.7817
-65.7606
-65.74
-65.72
-65.7006
-65.6817
-65.6633
-65.6455
-65.6281
-65.6112
-65.5948
-65.5788
-65.5632
-65.5481
-65.5334
-65.5191
-65.5052
-65.4917
-65.4785
-65.4657
-65.4533
-65.4412
-65.4294
-65.418
-65.4068
-65.396
-65.3855
-65.3752
-65.3653
-65.3556
-65.3462
-65.337
-65.3281
-65.3194
-65.311
-65.3028
-65.2948
-65.2871
-65.2795
-65.2722
-65.2651
-65.2581
-65.2514
-65.2448
-65.2385
-65.2322
-65.2262
-65.2203
-65.2146
-65.2091
-65.2037
-65.1984
-65.1933
-65.1884
-65.1835
-65.1788
-65.1743
-65.1698
-65.1655
-65.1613
-65.1572
-65.1532
-65.1493
-65.1456
-65.1419
-65.1384
-65.1349
-65.1315
-65.1283
-65.1251
-65.122
-65.119
-65.1161
-65.1132
-65.1104
-65.1077
-65.1051
-65.1026
-65.1001
-65.0977
-65.0953
-65.0931
-65.0908
-65.0887
-65.0866
-65.0845
-65.0826
-65.0806
-65.0788
-65.0769
-65.0752
-65.0734
-65.0718
-65.0701
-65.0685
-65.067
-65.0655
-65.064
-65.0626
-65.0612
-65.0599
-65.0586
-65.0573
-65.0561
-65.0549
-65.0537
-65.0526
-65.0514
-65.0504
-65.0493
-65.0483
-65.0473
-65.0464
-65.0454
-65.0445
-65.0436
-65.0428
-65.0419
-65.0411
-65.0403
-65.0395
-65.0388
-65.0381
-65.0374
-65.0367
-65.036
-65.0353
-65.0347
-65.0341
-65.0335
-65.0329
-65.0323
-65.0318
-65.0313
-65.0307
-65.0302
-65.0297
-65.0293
-65.0288
-65.0283
-65.0279
-65.0275
-65.027
-65.0266
-65.0262
-65.0259
-65.0255
-65.0251
-65.0248
-65.0244
-65.0241
-65.0238
-65.0234
-65.0231
-65.0228
-65.0225
-65.0223
-65.022
-65.0217
-65.0215
-65.0212
-65.021
-65.0207
-65.0205
-65.0203
-65.02
-65.0198
-65.0196
-65.0194
-65.0192
-65.019
-65.0188
-65.0187
-65.0185
-65.0183
-65.0181
-65.018
-65.0178
-65.0177
-65.0175
-65.0174
-65.0172
-65.0171
-65.017
-65.0168
-65.0167
-65.0166
-65.0165
-65.0163
-65.0162
-65.0161
-65.016
-65.0159
-65.0158
-65.0157
-65.0156
-65.0155
-65.0154
-65.0153
-65.0153
-65.0152
-65.0151
-65.015
-65.0149
-65.0149
-65.0148
-65.0147
-65.0147
-65.0146
-65.0145
-65.0145
-65.0144
-65.0143
-65.0143
-65.0142
-65.0142
-65.0141
-65.0141
-65.014
-65.014
-65.0139
-65.0139
-65.0138
-65.0138
-65.0137
-65.0137
-65.0137
-65.0136
-65.0136
-65.0135
-65.0135
-65.0135
-65.0134
-65.0134
-65.0134
-65.0133
-65.0133
-65.0133
-65.0133
-65.0132
-65.0132
-65.0132
-65.0131
-65.0131
-65.0131
-65.0131
-65.0131
-65.013
-65.013
-65.013
-65.013
-65.0129
-65.0129
-65.0129
-65.0129
-65.0129
-65.0129
-65.0128
-65.0128
-65.0128
-65.0128
-65.0128
-65.0128
-65.0127
-65.0127
-65.0127
-65.0127
-65.0127
-65.0127
-65.0127
-65.0127
-65.0126
-65.0126
-65.0126
-65.0126
-65.0126
-65.0126
-65.0126
-65.0126
-65.0126
-65.0126
-65.0125
-65.0125
-65.0125
-65.0125
-65.0125
-65.0125
-65.0125
-65.0125
-65.0125
-65.0125
-65.0125
-65.0125
-65.0125
-65.0124
-65.0124
-65.0124
-65.0124
-65.0124
-65.0124
-65.0124
-65.0124
-65.0124
-65.0124
-65.0124
-65.0124
-65.0124
-65.0124
-65.0124
-65.0124
-65.0124
-65.0124
-65.0124
-65.0124
-65.0124
-65.0124
-65.0124
-65.0123
-65.0123
-65.0123
-65.0123
-65.0123
-65.0123
-65.0123
-65.0123
-65.0123
-65.0123
-65.0123
-65.0123
-65.0123
-65.0123
-65.0123
-65.0123
-65.0123
-65.0123
-65.0123
-65.0123
-65.0123
-65.0123
-65.0123
-65.0123
-65.0123
-65.0123
-65.0123
-65.0123
-65.0123
-65.0123
-65.0123
-65.0123
-65.0123
-65.0123
-65.0123
-65.0123
-65.0123
-65.0123
-65.0123
-65.0123
-65.0123
-65.0123
-65.0123
-65.0123
-65.0123
-65.0123
-65.0123
-65.0123
-65.0123
-65.0123
-65.0123
-65.0123
-65.0123
-65.0123
-65.0123
-65.0123
-65.0123
-65.0123
-65.0123
-65.0123
-65.0123
-65.0123
-65.0123
-65.0123
-65.0123
-65.0123
-65.0123
-65.0123
-65.0123
-65.0123
-65.0123
-65.0123
-65.0123
-65.0123
-64.8272
-64.6749
-64.5616
-64.4807
-64.4179
-64.3677
-64.3273
-64.2951
-64.2696
-64.2499
-64.2351
-64.2244
-64.2173
-64.2132
-64.2117
-64.2125
-64.2152
-64.2195
-64.2252
-64.2321
-64.2401
-64.2489
-64.2584
-64.2685
-64.2792
-64.2902
-64.3016
-64.3133
-64.3251
-64.3371
-64.3491
-64.3613
-64.3734
-64.3855
-64.2678
-63.967
-63.7677
-63.6204
-63.516
-63.4354
-63.3729
-63.3248
-63.2887
-63.2626
-63.245
-63.2345
-63.2302
-63.231
-63.2362
-63.2452
-63.2037
-63.167
-63.1463
-62.9409
-62.766
-62.5706
-62.1047
-61.7297
-61.2633
-60.7997
-60.3446
-59.0359
-58.0467
-57.1091
-56.359
-55.6599
-55.1437
-54.7451
-54.2787
-53.8056
-53.3855
-52.7448
-52.2569
-51.6996
-51.246
-50.8948
-50.6196
-50.3705
-50.1014
-49.8643
-49.6043
-49.3962
-49.1935
-49.0153
-48.8105
-48.604
-48.4181
-48.2266
-48.0231
-47.8216
-47.6108
-47.3833
-47.1281
-46.7652
-46.3393
-45.8136
-45.11
-44.0701
-42.2465
-37.4471
25.0289
16.4407
-24.414
-50.8812
-59.4838
-61.8811
-62.669
-62.8704
-62.9044
-62.8705
-62.8179
-62.7616
-62.7092
-62.6635
-62.6072
-62.5315
-62.4687
-62.3774
-62.314
-62.2257
-62.0653
-61.8637
-61.6486
-61.4637
-61.3313
-61.1918
-60.9885
-60.8326
-60.6429
-60.3853
-60.0694
-59.8226
-59.5356
-59.1912
-58.8078
-58.3385
-57.7609
-57.1453
-56.4906
-55.782
-55.0739
-54.3424
-53.6561
-53.1499
-52.6879
-52.2608
-51.8665
-51.5488
-51.2973
-51.0009
-50.7427
-50.4929
-50.3022
-50.156
-50.0462
-49.9344
-49.8516
-49.7929
-49.7567
-49.7391
-49.7383
-49.7532
-49.7828
-49.8264
-49.8835
-49.9536
-50.0362
-50.1306
-50.2366
-50.3538
-50.4818
-50.6201
-50.7675
-50.9236
-51.0878
-51.2595
-51.4382
-51.6234
-51.8145
-52.0101
-52.2096
-52.4122
-52.6177
-52.8256
-53.035
-53.245
-53.4554
-53.6659
-53.8761
-54.0853
-54.293
-54.4992
-54.7037
-54.9062
-55.1063
-55.3037
-55.4985
-55.6906
-55.8798
-56.066
-56.249
-56.4288
-56.6054
-56.7789
-56.9491
-57.116
-57.2796
-57.4399
-57.5969
-57.7508
-57.9014
-58.0489
-58.1931
-58.3342
-58.4722
-58.6072
-58.7392
-58.8683
-58.9945
-59.1178
-59.2383
-59.356
-59.471
-59.5834
-59.6653
-59.6261
-59.6166
-59.6334
-59.6711
-59.6537
-59.5339
-59.4507
-59.4094
-59.3992
-59.4085
-59.3879
-58.7538
-58.2452
-57.8869
-57.3743
-56.6571
-55.5809
-54.7355
-53.915
-53.2656
-52.7747
-52.303
-51.9028
-51.2796
-50.7949
-50.4151
-50.1098
-49.8358
-49.5597
-49.2701
-49.0282
-48.8165
-48.601
-48.3895
-48.1329
-47.7672
-47.3482
-46.928
-46.4698
-45.929
-45.1791
-44.0721
-42.2391
-37.6068
22.1684
17.9834
-23.7282
-51.4038
-60.4471
-62.8345
-63.4318
-63.52
-63.4068
-63.1952
-62.8959
-62.579
-62.3287
-62.1284
-61.9676
-61.8361
-61.6466
-61.4495
-61.279
-61.1531
-61.0583
-60.9406
-60.8493
-60.783
-60.7379
-60.7084
-60.6915
-60.6852
-60.688
-60.6985
-60.7125
-60.6645
-60.5743
-60.4642
-60.3993
-60.2786
-60.1118
-59.9307
-59.6866
-59.4655
-59.2062
-58.9839
-58.8062
-58.6341
-58.4773
-58.307
-57.9167
-57.6105
-57.3245
-57.0409
-56.7082
-56.4091
-56.1555
-55.861
-55.4339
-54.8895
-54.233
-53.6649
-53.119
-52.6552
-52.2536
-51.9308
-51.6417
-51.4188
-51.2346
-51.0776
-50.8954
-50.7323
-50.6172
-50.5187
-50.3942
-50.2752
-50.1268
-49.9482
-49.8278
-49.7134
-49.6324
-49.5292
-49.4372
-49.3746
-49.3351
-49.3144
-49.3091
-49.3177
-49.3395
-49.3738
-49.4203
-49.4789
-49.5492
-49.6308
-49.6901
-49.7637
-49.8528
-49.9569
-50.0732
-50.2006
-50.3388
-50.4873
-50.6459
-50.8137
-50.9895
-51.1725
-51.3622
-51.5581
-51.7597
-51.9662
-52.1763
-52.3894
-52.605
-52.8228
-53.0418
-53.2611
-53.4805
-53.6995
-53.9179
-54.135
-54.3502
-54.5636
-54.7748
-54.9837
-55.1898
-55.3928
-55.593
-55.79
-55.984
-56.1745
-56.3615
-56.5451
-56.7253
-56.902
-57.0753
-57.2449
-57.4111
-57.5737
-57.733
-57.8888
-58.0413
-58.1903
-58.3361
-58.4785
-58.6178
-58.7539
-58.8869
-59.0168
-59.1437
-59.2677
-59.3887
-59.5069
-59.6223
-59.735
-59.8451
-59.9525
-60.0574
-60.1597
-60.2596
-60.3571
-60.4522
-60.5451
-60.5746
-60.2239
-59.5416
-59.0733
-58.6672
-58.3418
-58.0811
-57.8804
-57.6676
-57.4356
-57.2397
-57.0072
-56.846
-56.7397
-56.6199
-55.7876
-54.6731
-53.8761
-53.3097
-52.8867
-52.4419
-52.0982
-51.6524
-51.3051
-50.9928
-50.6753
-50.3427
-50.0861
-49.8827
-49.7212
-49.564
-49.2979
-48.7941
-48.34
-47.9013
-47.4644
-47.0238
-46.5493
-45.9971
-45.3014
-44.3201
-42.669
-38.9917
-5.1012
27.8269
-18.1493
-48.8971
-60.6371
-63.6052
-64.3524
-64.4461
-64.2889
-64.0773
-63.7898
-63.5461
-63.3377
-63.1235
-62.9236
-62.7358
-62.5865
-62.4284
-62.2882
-62.1775
-62.09
-62.0208
-61.9661
-61.9238
-61.8549
-61.7898
-61.7446
-61.7144
-61.6583
-61.6123
-61.5829
-61.567
-61.533
-61.4831
-61.4192
-61.3528
-61.2284
-61.1186
-60.9738
-60.8779
-60.7736
-60.6606
-60.5864
-60.5378
-60.5102
-60.4973
-60.4757
-60.4349
-60.4013
-60.3358
-60.2701
-60.1911
-60.103
-59.9298
-59.6957
-59.4813
-59.2098
-58.7447
-58.2828
-57.8416
-57.4429
-56.9877
-56.5532
-56.0004
-55.0628
-54.223
-53.5776
-53.0472
-52.6311
-52.3132
-52.0407
-51.7286

