-70
-70.0758
-70.1508
-70.225
-70.2983
-70.3706
-70.4419
-70.5122
-70.5814
-70.6496
-70.7168
-70.7829
-70.848
-70.9121
-70.9752
-71.0373
-71.0984
-71.1586
-71.2178
-71.2761
-71.3334
-71.3899
-71.4455
-71.5003
-71.5543
-71.6074
-71.6598
-71.7114
-71.7623
-71.8124
-71.8619
-71.9106
-71.9587
-72.006
-72.0527
-72.0988
-72.1442
-72.1889
-72.2331
-72.2766
-72.3196
-72.362
-72.4038
-72.445
-72.4857
-72.5258
-72.5654
-72.6045
-72.6431
-72.6812
-72.7188
-72.756
-72.7927
-72.8289
-72.8647
-72.9
-72.9349
-72.9694
-73.0035
-73.0371
-73.0704
-73.1032
-73.1357
-73.1678
-73.1994
-73.2307
-73.2617
-73.2922
-73.3224
-73.3523
-73.3817
-73.4109
-73.4397
-73.4682
-73.4963
-73.5241
-73.5516
-73.5788
-73.6057
-73.6323
-73.6585
-73.6845
-73.7102
-73.7356
-73.7608
-73.7857
-73.8103
-73.8346
-73.8587
-73.8825
-73.9061
-73.9294
-73.9524
-73.9753
-73.9979
-74.0202
-74.0423
-74.0642
-74.0859
-74.1073
-74.1285
-74.1495
-74.1703
-74.1909
-74.2112
-74.2313
-74.2513
-74.271
-74.2905
-74.3098
-74.329
-74.3479
-74.3666
-74.3852
-74.4036
-74.4217
-74.4397
-74.4575
-74.4752
-74.4926
-74.5099
-74.527
-74.544
-74.5607
-74.5774
-74.5938
-74.6101
-74.6262
-74.6422
-74.658
-74.6736
-74.6891
-74.7045
-74.7197
-74.7347
-74.7496
-74.7644
-74.779
-74.7935
-74.8079
-74.8221
-74.8362
-74.8501
-74.864
-74.8777
-74.8913
-74.9047
-74.918
-74.9313
-74.9443
-74.9573
-74.9701
-74.9829
-74.9955
-75.008
-75.0204
-75.0327
-75.0448
-75.0569
-75.0688
-75.0806
-75.0924
-75.104
-75.1155
-75.1269
-75.1382
-75.1495
-75.1606
-75.1716
-75.1825
-75.1933
-75.204
-75.2147
-75.2252
-75.2356
-75.246
-75.2562
-75.2664
-75.2764
-75.2864
-75.2963
-75.3061
-75.3158
-75.3255
-75.335
-75.3445
-75.3538
-75.3631
-75.3724
-75.3815
-75.3906
-75.3995
-75.4084
-75.4172
-75.426
-75.4346
-75.4432
-75.4518
-75.4602
-75.4686
-75.4769
-75.4851
-75.4932
-75.5013
-75.5093
-75.5173
-75.5251
-75.533
-75.5407
-75.5484
-75.556
-75.5635
-75.571
-75.5784
-75.5858
-75.593
-75.6003
-75.6074
-75.6145
-75.6216
-75.6285
-75.6355
-75.6423
-75.6491
-75.6559
-75.6626
-75.6692
-75.6758
-75.6823
-75.6888
-75.6952
-75.7015
-75.7078
-75.7141
-75.7203
-75.7264
-75.7325
-75.7386
-75.7446
-75.7505
-75.7564
-75.7622
-75.768
-75.7738
-75.7795
-75.7851
-75.7907
-75.7963
-75.8018
-75.8072
-75.8127
-75.818
-75.8234
-75.8287
-75.8339
-75.8391
-75.8443
-75.8494
-75.8545
-75.8595
-75.8645
-75.8695
-75.8744
-75.8793
-75.8841
-75.8889
-75.8937
-75.8984
-75.9031
-75.9077
-75.9123
-75.9169
-75.9214
-75.9259
-75.9304
-75.9348
-75.9392
-75.9436
-75.9479
-75.9522
-75.9565
-75.9607
-75.9649
-75.969
-75.9731
-75.9772
-75.9813
-75.9853
-75.9893
-75.9933
-75.9972
-76.0011
-76.005
-76.0088
-76.0126
-76.0164
-76.0201
-76.0239
-76.0275
-76.0312
-76.0348
-76.0384
-76.042
-76.0456
-76.0491
-76.0526
-76.056
-76.0595
-76.0629
-76.0663
-76.0696
-76.0729
-76.0762
-76.0795
-76.0828
-76.086
-76.0892
-76.0924
-76.0955
-76.0986
-76.1017
-76.1048
-76.1079
-76.1109
-76.1139
-76.1169
-76.1198
-76.1228
-76.1257
-76.1286
-76.1314
-76.1343
-76.1371
-76.1399
-76.1427
-76.1455
-76.1482
-76.1509
-76.1536
-76.1563
-76.1589
-76.1615
-76.1642
-76.1667
-76.1693
-76.1719
-76.1744
-76.1769
-76.1794
-76.1819
-76.1843
-76.1868
-76.1892
-76.1916
-76.1939
-76.1963
-76.1986
-76.201
-76.2033
-76.2056
-76.2078
-76.2101
-76.2123
-76.2145
-76.2167
-76.2189
-76.2211
-76.2232
-76.2254
-76.2275
-76.2296
-76.2317
-76.2337
-76.2358
-76.2378
-76.2398
-76.2418
-76.2438
-76.2458
-76.2478
-76.2497
-76.2516
-76.2536
-76.2554
-76.2573
-76.2592
-76.2611
-76.2629
-76.2647
-76.2665
-76.2683
-76.2701
-76.2719
-76.2737
-76.2754
-76.2771
-76.2788
-76.2806
-76.2822
-76.2839
-76.2856
-76.2872
-76.2889
-76.2905
-76.2921
-76.2937
-76.2953
-76.2969
-76.2985
-76.3
-76.3016
-76.3031
-76.3046
-76.3061
-76.3076
-76.3091
-76.3106
-76.312
-76.3135
-76.3149
-76.3164
-76.3178
-76.3192
-76.3206
-76.322
-76.3233
-76.3247
-76.3261
-76.3274
-76.3287
-76.33
-76.3314
-76.3327
-76.334
-76.3352
-76.3365
-76.3378
-76.339
-76.3403
-76.3415
-76.3427
-76.3439
-76.3452
-76.3464
-76.3475
-76.3487
-76.3499
-72.6061
-68.6339
-65.6289
-63.3156
-61.4358
-59.7365
-57.8577
-54.6849
8.05685
3.35182
-30.6725
-76.4181
-79.7264
-79.7322
-79.6987
-79.6605
-79.6184
-79.5723
-79.5222
-79.4682
-79.4105
-79.3496
-79.2858
-79.2199
-79.1523
-79.0838
-79.0152
-78.9471
-78.8801
-78.8147
-78.7515
-78.6909
-78.633
-78.5781
-78.5263
-78.4777
-78.4321
-78.3896
-78.35
-78.3132
-78.2789
-78.2471
-78.2175
-78.19
-78.1643
-78.1404
-78.1181
-78.0972
-78.0775
-78.059
-78.0416
-78.0251
-78.0093
-77.9944
-77.9801
-77.9664
-77.9532
-76.3063
-71.7725
-68.1204
-65.3598
-63.2104
-61.4416
-59.8236
-58.0272
-55.064
-18.9936
7.06617
-28.6475
-75.0709
-79.7366
-79.3551
-78.4183
-78.0926
-77.867
-77.634
-77.3868
-77.126
-76.8535
-76.5716
-75.5957
-73.0106
-71.1494
-69.872
-68.9086
-68.134
-67.4856
-66.9298
-66.4471
-64.9807
-62.7578
-60.9588
-59.4079
-59.186
-59.6129
-60.0357
-60.4224
-60.7761
-60.9545
-59.7201
-58.3363
-56.8276
-54.4107
-41.5182
11.1543
-27.2406
-71.974
-79.4274
-79.4902
-79.4312
-79.362
-79.2862
-79.2039
-79.1154
-79.0211
-78.9216
-78.8177
-78.7104
-78.6008
-78.4901
-78.3794
-78.2699
-78.1626
-78.0586
-77.9587
-77.8634
-77.7733
-77.6887
-77.6098
-77.5367
-77.4692
-77.4072
-77.3506
-77.299
-77.2521
-77.2096
-77.1713
-77.1367
-77.1055
-77.0774
-77.0522
-77.0295
-75.4259
-71.0292
-67.4902
-64.8135
-62.7185
-60.9669
-59.3063
-57.3126
-53.2318
45.4692
-7.25067
-38.634
-78.2194
-79.0687
-78.966
-78.8405
-78.7027
-78.553
-78.3914
-78.2187
-77.9933
-77.6908
-77.4409
-77.2171
-77.0046
-76.799
-76.5997
-76.4074
-76.223
-76.0478
-75.8824
-75.7277
-75.5907
-75.5047
-75.4357
-75.375
-75.3217
-75.275
-75.2344
-75.1992
-75.1689
-75.143
-75.1212
-75.1029
-75.088
-75.0759
-75.0665
-75.0594
-75.0545
-75.0514
-75.05
-75.05
-75.0514
-75.0539
-75.0575
-75.0619
-75.0672
-75.0731
-75.0797
-75.0868
-75.0943
-75.1023
-75.1106
-75.1192
-75.128
-75.137
-75.1463
-75.1557
-75.1651
-75.1747
-75.1844
-75.1941
-75.2039
-75.2137
-75.2235
-75.2332
-75.243
-75.2528
-75.2625
-75.2722
-75.2819
-75.2915
-75.3011
-75.3106
-75.3201
-75.3295
-75.3388
-75.3481
-75.3573
-75.3665
-75.3755
-75.3846
-75.3935
-75.4024
-75.4112
-75.4199
-75.4286
-75.4372
-75.4457
-75.4542
-72.6807
-68.6644
-65.5819
-63.2175
-61.2999
-59.561
-57.6066
-54.1076
41.794
-1.5063
-33.7134
-77.2453
-78.9365
-78.8234
-78.6816
-78.526
-78.3571
-78.1751
-77.9806
-77.7748
-75.9803
-74.0007
-72.7877
-71.9341
-71.2487
-70.6565
-70.1259
-69.6427
-69.2007
-67.5562
-65.9883
-64.9248
-64.1744
-63.6225
-63.2029
-62.8779
-62.622
-62.4195
-62.2607
-62.1391
-62.0499
-61.6657
-59.7232
-57.7066
-55.1403
-46.161
18.9821
-23.7777
-66.7113
-79.3445
-79.4654
-79.4045
-79.3318
-79.252
-79.1652
-79.0717
-78.9719
-78.8665
-78.7562
-78.642
-78.5251
-78.4068
-78.2884
-78.171
-78.0559
-77.9442
-77.8367
-77.7341
-77.6371
-77.546
-77.4611
-77.3823
-77.3097
-77.2432
-77.1824
-77.1271
-77.0771
-77.0318
-76.9911
-76.9545
-76.9217
-76.8923
-76.866
-76.8426
-75.6651
-71.2906
-67.67
-64.9375
-62.8056
-61.0322
-59.3646
-57.3883
-53.4684
46.2125
-5.93713
-37.3987
-78.0484
-79.0614
-78.9597
-78.8334
-78.6949
-78.5442
-78.3816
-78.2077
-78.0235
-77.8301
-75.7571
-73.4717
-72.1608
-71.3011
-70.6577
-70.1343
-69.6878
-69.2973
-68.9519
-68.6456
-68.3746
-68.136
-67.9277
-67.7481
-67.5954
-67.468
-67.3642
-67.2823
-67.2208
-67.1779
-67.1523
-67.4475
-68.3122
-69.0397
-69.6116
-70.0681
-70.4377
-70.7409
-70.993
-71.2051
-71.3855
-71.5408
-71.6758
-71.7944
-71.8996
-71.9938
-72.0789
-72.1564
-72.2275
-72.2933
-72.3545
-72.4119
-72.466
-72.5173
-72.5662
-72.6129
-72.6579
-72.7012
-72.7431
-72.7837
-72.8232
-72.8618
-72.8994
-72.9362
-72.9722
-73.0075
-73.0422
-73.0763
-73.1098
-73.1428
-73.1753
-73.2073
-73.2389
-73.27
-73.3007
-73.331
-73.3609
-73.3904
-73.4196
-73.4484
-73.4768
-73.5049
-73.5327
-73.5601
-73.5872
-73.614
-73.6405
-73.6667
-73.6926
-73.7182
-73.7436
-73.7686
-73.7934
-73.8179
-73.8422
-73.8662
-73.8899
-73.9134
-73.9366
-73.9596
-73.9824
-74.0049
-74.0271
-74.0492
-73.366
-69.4272
-66.0407
-63.4774
-61.436
-59.6316
-57.674
-54.3798
19.7267
1.26346
-31.9506
-76.9074
-79.1602
-78.6483
-78.4434
-78.2599
-78.0632
-77.8519
-77.6268
-77.3892
-77.1409
-76.4092
-73.8369
-71.9731
-70.7313
-69.803
-69.0541
-68.4211
-67.8717
-67.3886
-66.9616
-65.429
-64.1844
-63.3304
-62.7136
-62.2482
-61.8862
-61.5973
-61.3608
-61.1656
-61.0044
-60.8723
-60.7656
-60.68
-60.6135
-60.5655
-60.5357
-60.5241
-60.5311
-60.5571
-60.6025
-60.6679
-60.7536
-60.86
-60.9854
-61.1282
-61.2874
-61.4617
-61.6501
-61.8511
-62.063
-62.2824
-62.5071
-62.7357
-62.9671
-63.1999
-63.4317
-63.6617
-63.889
-64.1134
-64.3341
-64.5503
-64.7616
-64.9681
-65.1697
-65.3664
-65.558
-65.7444
-65.9258
-66.1022
-66.274
-66.4413
-66.604
-66.7622
-66.9161
-67.066
-67.2118
-67.354
-67.4925
-67.6275
-67.7591
-67.8873
-68.0124
-66.6758
-63.6424
-61.2113
-59.224
-57.2941
-54.6342
-43.5932
13.3253
-26.4726
-70.6625
-78.7808
-78.5431
-78.3588
-78.1692
-77.9651
-77.7465
-77.5145
-77.2706

