-70
-70.0758
-70.1508
-70.225
-70.2983
-70.3706
-70.4419
-70.5122
-70.5814
-70.6496
-70.7168
-70.7829
-70.848
-70.9121
-70.9752
-71.0373
-71.0984
-71.1586
-71.2178
-71.2761
-71.3334
-71.3899
-71.4455
-71.5003
-71.5543
-71.6074
-71.6598
-71.7114
-71.7623
-71.8124
-71.8619
-71.9106
-71.9587
-72.006
-72.0527
-72.0988
-72.1442
-72.1889
-72.2331
-72.2766
-72.3196
-72.362
-72.4038
-72.445
-72.4857
-72.5258
-72.5654
-72.6045
-72.6431
-72.6812
-72.7188
-72.756
-72.7927
-72.8289
-72.8647
-72.9
-72.9349
-72.9694
-73.0035
-73.0371
-73.0704
-73.1032
-73.1357
-73.1678
-73.1994
-73.2307
-73.2617
-73.2922
-73.3224
-73.3523
-73.3817
-73.4109
-73.4397
-73.4682
-73.4963
-73.5241
-73.5516
-73.5788
-73.6057
-73.6323
-73.6585
-73.6845
-73.7102
-73.7356
-73.7608
-73.7857
-73.8103
-73.8346
-73.8587
-73.8825
-73.9061
-73.9294
-73.9524
-73.9753
-73.9979
-74.0202
-74.0423
-74.0642
-74.0859
-74.1073
-74.1285
-74.1495
-74.1703
-74.1909
-74.2112
-74.2313
-74.2513
-74.271
-74.2905
-74.3098
-74.329
-74.3479
-74.3666
-74.3852
-74.4036
-74.4217
-74.4397
-74.4575
-74.4752
-74.4926
-74.5099
-74.527
-74.544
-74.5607
-74.5774
-74.5938
-74.6101
-74.6262
-74.6422
-74.658
-74.6736
-74.6891
-74.7045
-74.7197
-74.7347
-74.7496
-74.7644
-74.779
-74.7935
-74.8079
-74.8221
-74.8362
-74.8501
-74.864
-74.8777
-74.8913
-74.9047
-74.918
-74.9313
-74.9443
-74.9573
-74.9701
-74.9829
-74.9955
-75.008
-75.0204
-75.0327
-75.0448
-75.0569
-75.0688
-75.0806
-75.0924
-75.104
-75.1155
-75.1269
-75.1382
-75.1495
-75.1606
-75.1716
-75.1825
-75.1933
-75.204
-75.2147
-75.2252
-75.2356
-75.246
-75.2562
-75.2664
-75.2764
-75.2864
-75.2963
-75.3061
-75.3158
-75.3255
-75.335
-75.3445
-75.3538
-75.3631
-75.3724
-75.3815
-75.3906
-75.3995
-75.4084
-75.4172
-75.426
-75.4346
-75.4432
-75.4518
-75.4602
-75.4686
-75.4769
-75.4851
-75.4932
-75.5013
-75.5093
-75.5173
-75.5251
-75.533
-75.5407
-75.5484
-75.556
-75.5635
-75.571
-75.5784
-75.5858
-75.593
-75.6003
-75.6074
-75.6145
-75.6216
-75.6285
-75.6355
-75.6423
-75.6491
-75.6559
-75.6626
-75.6692
-75.6758
-75.6823
-75.6888
-75.6952
-75.7015
-75.7078
-75.7141
-75.7203
-75.7264
-75.7325
-75.7386
-75.7446
-75.7505
-75.7564
-75.7622
-75.768
-75.7738
-75.7795
-75.7851
-75.7907
-75.7963
-75.8018
-75.8072
-75.8127
-75.818
-75.8234
-75.8287
-75.8339
-75.8391
-75.8443
-75.8494
-75.8545
-75.8595
-75.8645
-75.8695
-75.8744
-75.8793
-75.8841
-75.8889
-75.8937
-75.8984
-75.9031
-75.9077
-75.9123
-75.9169
-75.9214
-75.9259
-75.9304
-75.9348
-75.9392
-75.9436
-75.9479
-75.9522
-75.9565
-75.9607
-75.9649
-75.969
-75.9731
-75.9772
-75.9813
-75.9853
-75.9893
-75.9933
-75.9972
-76.0011
-76.005
-76.0088
-76.0126
-76.0164
-76.0201
-76.0239
-76.0275
-76.0312
-76.0348
-76.0384
-76.042
-76.0456
-76.0491
-76.0526
-76.056
-76.0595
-76.0629
-76.0663
-76.0696
-76.0729
-76.0762
-76.0795
-76.0828
-76.086
-76.0892
-76.0924
-76.0955
-76.0986
-76.1017
-76.1048
-76.1079
-76.1109
-76.1139
-76.1169
-76.1198
-76.1228
-76.1257
-76.1286
-76.1314
-76.1343
-76.1371
-76.1399
-76.1427
-76.1455
-76.1482
-76.1509
-76.1536
-76.1563
-76.1589
-76.1615
-76.1642
-76.1667
-76.1693
-76.1719
-76.1744
-76.1769
-76.1794
-76.1819
-76.1843
-76.1868
-76.1892
-76.1916
-76.1939
-76.1963
-76.1986
-76.201
-76.2033
-76.2056
-76.2078
-76.2101
-76.2123
-76.2145
-76.2167
-76.2189
-76.2211
-76.2232
-76.2254
-76.2275
-76.2296
-76.2317
-76.2337
-76.2358
-76.2378
-76.2398
-76.2418
-76.2438
-76.2458
-76.2478
-76.2497
-76.2516
-76.2536
-76.2554
-76.2573
-76.2592
-76.2611
-76.2629
-76.2647
-76.2665
-76.2683
-76.2701
-76.2719
-76.2737
-76.2754
-76.2771
-76.2788
-76.2806
-76.2822
-76.2839
-76.2856
-76.2872
-76.2889
-76.2905
-76.2921
-76.2937
-76.2953
-76.2969
-76.2985
-76.3
-76.3016
-76.3031
-76.3046
-76.3061
-76.3076
-76.3091
-76.3106
-76.312
-76.3135
-76.3149
-76.3164
-76.3178
-76.3192
-76.3206
-76.322
-76.3233
-76.3247
-76.3261
-76.3274
-76.3287
-76.33
-76.3314
-76.3327
-76.334
-76.3352
-76.3365
-76.3378
-76.339
-76.3403
-76.3415
-76.3427
-76.3439
-76.3452
-76.3464
-76.3475
-76.3487
-76.3499
-76.351
-76.3522
-76.3533
-76.3545
-76.3556
-76.3567
-76.3578
-76.3589
-76.36
-76.3611
-76.3622
-76.3632
-76.3643
-76.3654
-76.3664
-76.3674
-76.3685
-76.3695
-76.3705
-76.3715
-76.3725
-76.3735
-76.3745
-76.3754
-76.3764
-76.3774
-76.3783
-76.3793
-76.3802
-76.3811
-76.382
-76.383
-76.3839
-76.3848
-76.3857
-76.3866
-76.3874
-76.3883
-76.3892
-76.39
-76.3909
-76.3917
-76.3926
-76.3934
-76.3943
-76.3951
-76.3959
-76.3967
-76.3975
-76.3983
-76.3991
-76.3999
-76.4007
-76.4014
-76.4022
-76.403
-76.4037
-76.4045
-76.4052
-76.406
-76.4067
-76.4074
-76.4082
-76.4089
-76.4096
-76.4103
-76.411
-76.4117
-76.4124
-76.4131
-76.4137
-76.4144
-76.4151
-76.4158
-76.4164
-76.4171
-76.4177
-76.4184
-76.419
-76.4196
-76.4203
-76.4209
-76.4215
-76.4221
-76.4227
-76.4234
-76.424
-76.4246
-76.4251
-76.4257
-76.4263
-76.4269
-76.4275
-76.428
-76.4286
-76.425
-76.3799
-76.3074
-76.2447
-76.1842
-76.1431
-76.1157
-76.0969
-76.0838
-76.0746
-76.068
-76.0635
-76.0603
-76.0582
-76.057
-76.0564
-76.0564
-76.0568
-76.0575
-76.0585
-76.0598
-76.0613
-76.063
-76.0648
-76.0668
-76.0689
-76.0711
-76.0734
-76.0758
-76.0782
-76.0807
-76.0833
-76.0859
-76.0885
-76.0912
-76.0939
-76.0967
-76.0994
-76.1022
-76.1049
-76.1077
-76.1105
-76.1133
-76.1161
-76.1189
-76.1217
-76.1245
-76.1273
-76.13
-76.1328
-76.1355
-76.1383
-76.141
-76.1437
-76.1464
-76.1491
-76.1517
-76.1544
-76.157
-76.1596
-76.1622
-76.1648
-76.1674
-76.1699
-76.1629
-76.148
-76.1361
-76.1271
-76.119
-76.1028
-76.084
-76.0625
-76.0479
-76.0389
-76.0333
-76.0279
-76.0239
-76.0216
-76.0205
-76.0198
-76.0181
-76.0172
-76.0171
-76.0174
-76.018
-76.0189
-76.02
-76.0213
-76.0228
-76.0244
-76.0261
-76.0279
-76.0298
-76.0318
-76.0339
-76.0361
-76.0384
-76.0408
-76.0432
-76.0457
-76.0482
-76.0508
-76.0535
-76.0562
-76.0589
-76.0617
-76.0645
-76.0673
-76.0702
-76.073
-76.0759
-76.0788
-76.0818
-76.0847
-76.0876
-76.0906
-76.0935
-76.0964
-76.0994
-76.1023
-76.1052
-76.1081
-76.111
-76.1139
-76.1168
-76.1197
-76.1226
-76.1254
-76.1282
-76.131
-76.1338
-76.1366
-76.1394
-76.1421
-76.1449
-76.1476
-76.1503
-76.1529
-76.1556
-76.1582
-76.1609
-76.1635
-76.166
-76.1686
-76.1711
-76.1737
-76.1762
-76.1787
-76.1811
-76.1836
-76.186
-76.1884
-76.1908
-76.1932
-76.1956
-76.1979
-76.2003
-76.2026
-76.2049
-76.2071
-76.2094
-76.2116
-76.2138
-76.216
-76.2182
-76.2204
-76.2226
-76.2247
-76.2268
-76.2289
-76.231
-76.2331
-76.2351
-76.2372
-76.2392
-76.2412
-76.2432
-76.2452
-76.2471
-76.2491
-76.251
-76.2231
-76.1836
-76.1547
-76.1339
-76.1104
-76.0905
-76.0769
-76.0674
-76.0609
-76.0563
-76.0533
-76.0513
-76.0502
-76.0497
-76.0497
-76.0502
-76.051
-76.0521
-76.0534
-76.0549
-76.0566
-76.0585
-76.0605
-76.0626
-76.0642
-76.0604
-76.0569
-76.0545
-76.0531
-76.0524
-76.0522
-76.0525
-76.0531
-76.054
-76.0553
-76.0567
-76.0583
-76.0601
-76.0621
-76.0641
-76.0663
-76.0679
-76.0635
-76.0594
-76.0566
-76.0548
-76.0538
-76.0534
-76.0535
-76.054
-76.0549
-76.056
-76.0573
-76.0589
-76.0606
-76.0625
-76.0645
-76.0666
-76.0689
-76.0712
-76.0736
-76.0761
-76.0786
-76.0812
-76.0838
-76.0864
-76.0891
-76.0919
-76.0946
-76.0974
-76.1002
-76.103
-76.1058
-76.1086
-76.1114
-76.1058
-76.0928
-76.079
-76.0692
-76.0598
-76.0503
-76.0438
-76.0396
-76.0358
-76.0313
-76.0285
-76.0268
-76.0261
-76.026
-76.0263
-76.027
-76.028
-76.0292
-76.0296
-76.0282
-76.0274
-76.0273
-76.0276
-76.0283
-76.0292
-76.0304
-76.0318
-76.0334
-76.0351
-76.037
-76.039
-76.0411
-76.0433
-76.0456
-76.0479
-76.0504
-76.0529
-76.0554
-76.0581
-76.0607
-76.0634
-76.0662
-76.069
-76.0718
-76.0746
-76.0775
-76.0803
-76.0832
-76.0861
-76.089
-76.0919
-76.0949
-76.0978
-76.1007
-76.1036
-76.1065
-76.1094
-76.1123
-76.1152
-76.118
-76.1209
-76.1237
-76.1266
-76.1294
-76.1322
-76.135
-76.1377
-76.1405
-76.1432
-76.146
-76.1487
-76.1513
-76.154
-76.1567
-76.1593
-76.1619
-76.1645
-76.1671
-76.1696
-76.1722
-76.1747
-76.1772
-76.1797
-76.1821
-76.1846
-76.187
-76.1894
-76.1918
-76.1942
-76.1965
-76.1988
-76.2012
-76.2035
-76.2058
-76.208
-76.2103
-76.2125
-76.2147
-76.2169
-76.2191
-76.2213
-76.2234
-76.2255
-76.2276
-76.2297
-76.2318
-76.2339
-76.2359
-76.238
-76.24
-76.242
-76.244
-76.246
-76.2479
-76.2499
-76.2518
-76.2537
-76.2556
-76.2575
-76.2593
-76.2612
-76.263
-76.2649
-76.2667
-76.2685
-76.2703
-76.272
-76.2624
-76.2265
-76.1877
-76.1594
-76.1385
-76.1129
-76.0932
-76.0797
-76.0702
-76.0636
-76.059
-76.0559
-76.0539
-76.0527
-76.0522
-76.0521
-76.0526
-76.0533
-76.0544
-76.0557
-76.0572
-76.0589
-76.0607
-76.0627
-76.0648
-76.0659
-76.0617
-76.0581
-76.0556
-76.0541
-76.0533
-76.0531
-76.0533
-76.0539
-76.0549
-76.0561
-76.0575
-76.0591
-76.0609
-76.0628
-76.0648
-76.067
-76.0693
-76.0716
-76.074
-76.0765
-76.0791
-76.0817
-76.0843
-76.087
-76.0897
-76.0924
-76.0952
-76.0979
-76.1007
-76.1035
-76.1063
-76.1091
-76.1119
-76.1148
-76.1176
-76.1204
-76.1232
-76.1259
-76.1287
-76.1315
-76.1343
-76.137
-76.1397
-76.1425
-76.1452
-76.1478
-76.1505
-76.1532
-76.1558

