-70
-70.0758
-70.1508
-70.225
-70.2983
-70.3706
-70.4419
-70.5122
-70.5814
-70.6496
-70.7168
-70.7829
-70.848
-70.9121
-70.9752
-71.0373
-71.0984
-71.1586
-71.2178
-71.2761
-71.3334
-71.3899
-71.4455
-71.5003
-71.5543
-71.6074
-71.6598
-71.7114
-71.7623
-71.8124
-71.8619
-71.9106
-71.9587
-72.006
-72.0527
-72.0988
-72.1442
-72.1889
-72.2331
-72.2766
-72.3196
-72.362
-72.4038
-72.445
-72.4857
-72.5258
-72.5654
-72.6045
-72.6431
-72.6812
-72.7188
-72.756
-72.7927
-72.8289
-72.8647
-72.9
-72.9349
-72.9694
-73.0035
-73.0371
-73.0704
-73.1032
-73.1357
-73.1678
-73.1994
-73.2307
-73.2617
-73.2922
-73.3224
-73.3523
-73.3817
-73.4109
-73.4397
-73.4682
-73.4963
-73.5241
-73.5516
-73.5788
-73.6057
-73.6323
-73.6585
-73.6845
-73.7102
-73.7356
-73.7608
-73.7857
-73.8103
-73.8346
-73.8587
-73.8825
-73.9061
-73.9294
-73.9524
-73.9753
-73.9979
-74.0202
-74.0423
-74.0642
-74.0859
-74.1073
-74.1285
-74.1495
-74.1703
-74.1909
-74.2112
-74.2313
-74.2513
-74.271
-74.2905
-74.3098
-74.329
-74.3479
-74.3666
-74.3852
-74.4036
-74.4217
-74.4397
-74.4575
-74.4752
-74.4926
-74.5099
-74.527
-74.544
-74.5607
-74.5774
-74.5938
-74.6101
-74.6262
-74.6422
-74.658
-74.6736
-74.6891
-74.7045
-74.7197
-74.7347
-74.7496
-74.7644
-74.779
-74.7935
-74.8079
-74.8221
-74.8362
-74.8501
-74.864
-74.8777
-74.8913
-74.9047
-74.918
-74.9313
-74.9443
-74.9573
-74.9701
-74.9829
-74.9955
-75.008
-75.0204
-75.0327
-75.0448
-75.0569
-75.0688
-75.0806
-75.0924
-75.104
-75.1155
-75.1269
-75.1382
-75.1495
-75.1606
-75.1716
-75.1825
-75.1933
-75.204
-75.2147
-75.2252
-75.2356
-75.246
-75.2562
-75.2664
-75.2764
-75.2864
-75.2963
-75.3061
-75.3158
-75.3255
-75.335
-75.3445
-75.3538
-75.3631
-75.3724
-75.3815
-75.3906
-75.3995
-75.4084
-75.4172
-75.426
-75.4346
-75.4432
-75.4518
-75.4602
-75.4686
-75.4769
-75.4851
-75.4932
-75.5013
-75.5093
-75.5173
-75.5251
-75.533
-75.5407
-75.5484
-75.556
-75.5635
-75.571
-75.5784
-75.5858
-75.593
-75.6003
-75.6074
-75.6145
-75.6216
-75.6285
-75.6355
-75.6423
-75.6491
-75.6559
-75.6626
-75.6692
-75.6758
-75.6823
-75.6888
-75.6952
-75.7015
-75.7078
-75.7141
-75.7203
-75.7264
-75.7325
-75.7386
-75.7446
-75.7505
-75.7564
-75.7622
-75.768
-75.7738
-75.7795
-75.7851
-75.7907
-75.7963
-75.8018
-75.8072
-75.8127
-75.818
-75.8234
-75.8287
-75.8339
-75.8391
-75.8443
-75.8494
-75.8545
-75.8595
-75.8645
-75.8695
-75.8744
-75.8793
-75.8841
-75.8889
-75.8937
-75.8984
-75.9031
-75.9077
-75.9123
-75.9169
-75.9214
-75.9259
-75.9304
-75.9348
-75.9392
-75.9436
-75.9479
-75.9522
-75.9565
-75.9607
-75.9649
-75.969
-75.9731
-75.9772
-75.9813
-75.9853
-75.9893
-75.9933
-75.9972
-76.0011
-76.005
-76.0088
-76.0126
-76.0164
-76.0201
-76.0239
-76.0275
-76.0312
-76.0348
-76.0384
-76.042
-76.0456
-76.0491
-76.0526
-76.056
-76.0595
-76.0629
-76.0663
-76.0696
-76.0729
-76.0762
-76.0795
-76.0828
-76.086
-76.0892
-76.0924
-76.0955
-76.0986
-76.1017
-76.1048
-76.1079
-76.1109
-76.1139
-76.1169
-76.1198
-76.1228
-76.1257
-76.1286
-76.1314
-76.1343
-76.1371
-76.1399
-76.1427
-76.1455
-76.1482
-76.1509
-76.1536
-76.1563
-76.1589
-76.1615
-76.1642
-76.1667
-76.1693
-76.1719
-76.1744
-76.1769
-76.1794
-76.1819
-76.1843
-76.1868
-76.1892
-76.1916
-76.1939
-76.1963
-76.1986
-76.201
-76.2033
-76.2056
-76.2078
-76.2101
-76.2123
-76.2145
-76.2167
-76.2189
-76.2211
-76.2232
-76.2254
-76.2275
-76.2296
-76.2317
-76.2337
-76.2358
-76.2378
-76.2398
-76.2418
-76.2438
-76.2458
-76.2478
-76.2497
-76.2516
-76.2536
-76.2554
-76.2573
-76.2592
-76.2611
-76.2629
-76.2647
-76.2665
-76.2683
-76.2701
-76.2719
-76.2737
-76.2754
-76.2771
-76.2788
-76.2806
-76.2822
-76.2839
-76.2856
-76.2872
-76.2889
-76.2905
-76.2921
-76.2937
-76.2953
-76.2969
-76.2985
-76.3
-76.3016
-76.3031
-76.3046
-76.3061
-76.3076
-76.3091
-76.3106
-76.312
-76.3135
-76.3149
-76.3164
-76.3178
-76.3192
-76.3206
-76.322
-76.3233
-76.3247
-76.3261
-76.3274
-76.3287
-76.33
-76.3314
-76.3327
-76.334
-76.3352
-76.3365
-76.3378
-76.339
-76.3403
-76.3415
-76.3427
-76.3439
-76.3452
-76.3464
-76.3475
-76.3487
-76.3499
-76.351
-76.3522
-76.3533
-76.3545
-76.3556
-76.3567
-76.3578
-76.3589
-76.36
-76.3611
-76.3622
-76.3632
-76.3643
-76.3654
-76.3664
-76.3674
-76.3685
-76.3695
-76.3705
-76.3715
-76.3725
-76.3735
-76.3745
-76.3754
-76.3764
-76.3774
-76.3783
-76.3793
-76.3802
-76.3811
-76.382
-76.383
-76.3839
-76.3848
-76.3857
-76.3866
-76.3874
-76.3883
-76.3892
-76.39
-76.3909
-76.3917
-76.3926
-76.3934
-76.3943
-76.3951
-76.3959
-76.3967
-76.3975
-76.3983
-76.3991
-76.3999
-76.4007
-76.4014
-76.4022
-76.403
-76.4037
-76.4045
-76.4052
-76.406
-76.4067
-76.4074
-76.4082
-76.4089
-76.4096
-76.4103
-76.411
-76.4117
-76.4124
-76.4131
-76.4137
-76.4144
-76.4151
-76.4158
-76.4164
-76.4171
-76.4177
-76.4184
-76.419
-76.4196
-76.4203
-76.4209
-76.4215
-76.4221
-76.4227
-76.4234
-76.424
-76.4246
-76.4251
-76.4257
-76.4263
-76.3987
-76.357
-76.3236
-76.2974
-76.2767
-76.2601
-76.2469
-76.2362
-76.2276
-76.2207
-76.2152
-76.2072
-76.171
-76.136
-76.1118
-76.0951
-76.0833
-76.075
-76.069
-76.0631
-76.0518
-76.0411
-76.0343
-76.0302
-76.0277
-76.0264
-76.0259
-76.0259
-76.0264
-76.0272
-76.0282
-76.0295
-76.031
-76.0326
-76.0344
-76.0363
-76.0383
-76.0404
-76.0426
-76.0449
-76.0473
-76.0498
-76.0523
-76.0549
-76.0575
-76.0602
-76.0629
-76.0657
-76.0684
-76.0713
-76.0741
-76.077
-76.0798
-76.0827
-76.0856
-76.0886
-76.0915
-76.0944
-76.0973
-76.1002
-76.1031
-76.106
-76.1089
-76.1118
-76.1147
-76.1176
-76.1205
-76.1233
-76.1204
-76.1077
-76.0903
-76.0776
-76.0687
-76.0571
-76.0479
-76.042
-76.0381
-76.0357
-76.0344
-76.0337
-76.0336
-76.0312
-76.0292
-76.0282
-76.026
-76.024
-76.023
-76.0227
-76.0229
-76.0234
-76.0243
-76.0254
-76.0268
-76.0283
-76.0299
-76.0304
-76.0282
-76.0252
-76.0235
-76.0228
-76.0226
-76.023
-76.0236
-76.0246
-76.0258
-76.0272
-76.0287
-76.0304
-76.0322
-76.0341
-76.0362
-76.0383
-76.0406
-76.0429
-76.0453
-76.0477
-76.0502
-76.0528
-76.0554
-76.0581
-76.0608
-76.0636
-76.0664
-76.0692
-76.0721
-76.0749
-76.0778
-76.0807
-76.0836
-76.0865
-76.0895
-76.0924
-76.0953
-76.0982
-76.1012
-76.1041
-76.107
-76.1099
-76.1128
-76.1157
-76.1185
-76.1214
-76.1242
-76.1271
-76.1299
-76.1327
-76.1355
-76.1382
-76.141
-76.1437
-76.1465
-76.1492
-76.1518
-76.1545
-76.1571
-76.1598
-76.1624
-76.165
-76.1675
-76.1701
-76.1726
-76.1751
-76.1776
-76.1801
-76.1826
-76.185
-76.1874
-76.1898
-76.1922
-76.1946
-76.197
-76.1993
-76.2016
-76.2039
-76.2062
-76.2084
-76.2107
-76.2129
-76.2151
-76.2083
-76.1901
-76.1752
-76.1636
-76.1546
-76.1477
-76.1423
-76.1382
-76.1351
-76.1329
-76.1314
-76.1305
-76.1301
-76.1198
-76.1089
-76.1007
-76.0946
-76.0902
-76.087
-76.0847
-76.0833
-76.0825
-76.0823
-76.0825
-76.083
-76.0839
-76.085
-76.0864
-76.081
-76.0749
-76.0705
-76.0664
-76.0585
-76.0498
-76.0417
-76.0365
-76.0332
-76.0312
-76.0302
-76.0299
-76.0301
-76.0306
-76.0315
-76.0326
-76.034
-76.0337
-76.0321
-76.0311
-76.0309
-76.0311
-76.0317
-76.0326
-76.0338
-76.0352
-76.0367
-76.0384
-76.0403
-76.0423
-76.0444
-76.0466
-76.0489
-76.0513
-76.0537
-76.0562
-76.0588
-76.0614
-76.0641
-76.0668
-76.0696
-76.0724
-76.0752
-76.078
-76.0809
-76.0837
-76.0866
-76.0895
-76.0863
-76.081
-76.0771
-76.0711
-76.0625
-76.0563
-76.0521
-76.0493
-76.0475
-76.0465
-76.0462
-76.0463
-76.0469
-76.0478
-76.0489
-76.0503
-76.0519
-76.0524
-76.0494
-76.0471
-76.0458
-76.0451
-76.045
-76.0454
-76.0461
-76.0471
-76.0484
-76.0498
-76.0515
-76.0533
-76.0553
-76.0573
-76.0595
-76.0618
-76.0642
-76.0666
-76.0691
-76.0717
-76.0743
-76.077
-76.0797
-76.0824
-76.0852
-76.0879
-76.0907
-76.0936
-76.0964
-76.0992
-76.1021
-76.1049
-76.1078
-76.1106
-76.1135
-76.1163
-76.1191
-76.1219
-76.1248
-76.1276
-76.1304
-76.1331
-76.1359
-76.1386
-76.1414
-76.1441
-76.1468
-76.1495
-76.1522
-76.1548
-76.1574
-76.1601
-76.1627
-76.1652
-76.1678
-76.1704
-76.1729
-76.1754
-76.1779
-76.1804
-76.1828
-76.1853
-76.1877
-76.1901
-76.1925
-76.1948
-76.1972
-76.1995
-76.2018
-76.2041
-76.2064
-76.2086
-76.2109
-76.2131
-76.2153
-76.2175
-76.2197
-76.2219
-76.224
-76.2261
-76.2282
-76.2303
-76.2324
-76.2345
-76.2365
-76.2385
-76.2406
-76.2426
-76.2445
-76.2465
-76.2485
-76.2504
-76.2523
-76.2542
-76.2561
-76.258
-76.2599
-76.2617
-76.2636
-76.2654
-76.2672
-76.269
-76.2708
-76.2725
-76.2743
-76.276
-76.2777
-76.277
-76.2537
-76.2314
-76.2141
-76.2004
-76.1896
-76.1811
-76.1744
-76.1692
-76.1652
-76.1621
-76.1514
-76.1349
-76.1222
-76.1127
-76.0939
-76.0681
-76.0497
-76.0388
-76.0322
-76.0282
-76.0259
-76.0247
-76.0243
-76.0244
-76.0249
-76.0258
-76.0268
-76.0281
-76.0296
-76.0313
-76.0331
-76.035
-76.037
-76.0391
-76.0413
-76.0435
-76.0419
-76.0401
-76.0392
-76.0389
-76.0391
-76.0397
-76.0406
-76.0417
-76.0431
-76.0447
-76.0464
-76.0483
-76.0503
-76.0525
-76.0547
-76.057
-76.0594
-76.0619
-76.0645
-76.0671
-76.0697
-76.0724
-76.0751
-76.0779
-76.0807
-76.0835
-76.0863
-76.0891
-76.092
-76.0948
-76.0977
-76.1006
-76.1035
-76.1063
-76.1092
-76.1121
-76.1149
-76.1178
-76.1206
-76.1234
-76.1263
-76.1291
-76.1319
-76.1346
-76.1374

