-70
-70.0758
-70.1508
-70.225
-70.2983
-70.3706
-70.4419
-70.5122
-70.5814
-70.6496
-70.7168
-70.7829
-70.848
-70.9121
-70.9752
-71.0373
-71.0984
-71.1586
-71.2178
-71.2761
-71.3334
-71.3899
-71.4455
-71.5003
-71.5543
-71.6074
-71.6598
-71.7114
-71.7623
-71.8124
-71.8619
-71.9106
-71.9587
-72.006
-72.0527
-72.0988
-72.1442
-72.1889
-72.2331
-72.2766
-72.3196
-72.362
-72.4038
-72.445
-72.4857
-72.5258
-72.5654
-72.6045
-72.6431
-72.6812
-72.7188
-72.756
-72.7927
-72.8289
-72.8647
-72.9
-72.9349
-72.9694
-73.0035
-73.0371
-73.0704
-73.1032
-73.1357
-73.1678
-73.1994
-73.2307
-73.2617
-73.2922
-73.3224
-73.3523
-73.3817
-73.4109
-73.4397
-73.4682
-73.4963
-73.5241
-73.5516
-73.5788
-73.6057
-73.6323
-73.6585
-73.6845
-73.7102
-73.7356
-73.7608
-73.7857
-73.8103
-73.8346
-73.8587
-73.8825
-73.9061
-73.9294
-73.9524
-73.9753
-73.9979
-74.0202
-74.0423
-74.0642
-74.0859
-74.1073
-74.1285
-74.1495
-74.1703
-74.1909
-74.2112
-74.2313
-74.2513
-74.271
-74.2905
-74.3098
-74.329
-74.3479
-74.3666
-74.3852
-74.4036
-74.4217
-74.4397
-74.4575
-74.4752
-74.4926
-74.5099
-74.527
-74.544
-74.5607
-74.5774
-74.5938
-74.6101
-74.6262
-74.6422
-74.658
-74.6736
-74.6891
-74.7045
-74.7197
-74.7347
-74.7496
-74.7644
-74.779
-74.7935
-74.8079
-74.8221
-74.8362
-74.8501
-74.864
-74.8777
-74.8913
-74.9047
-74.918
-74.9313
-74.9443
-74.9573
-74.9701
-74.9829
-74.9955
-75.008
-75.0204
-75.0327
-75.0448
-75.0569
-75.0688
-75.0806
-75.0924
-75.104
-75.1155
-75.1269
-75.1382
-75.1495
-75.1606
-75.1716
-75.1825
-75.1933
-75.204
-75.2147
-75.2252
-75.2356
-75.246
-75.2562
-75.2664
-75.2764
-75.2864
-75.2963
-75.3061
-75.3158
-75.3255
-75.335
-75.3445
-75.3538
-75.3631
-75.3724
-75.3815
-75.3906
-75.3995
-75.4084
-75.4172
-75.426
-75.4346
-75.4432
-75.4518
-75.4602
-75.4686
-75.4769
-75.4851
-75.4932
-75.5013
-75.5093
-75.5173
-75.5251
-75.533
-75.5407
-75.5484
-75.556
-75.5635
-75.571
-75.5784
-75.5858
-75.593
-75.6003
-75.6074
-75.6145
-75.6216
-75.6285
-75.6355
-75.6423
-75.6491
-75.6559
-75.6626
-75.6692
-75.6758
-75.6823
-75.6888
-75.6952
-75.7015
-75.7078
-75.7141
-75.7203
-75.7264
-75.7325
-75.7386
-75.7446
-75.7505
-75.7564
-75.7622
-75.768
-75.7738
-75.7795
-75.7851
-75.7907
-75.7963
-75.8018
-75.8072
-75.8127
-75.818
-75.8234
-75.8287
-75.8339
-75.8391
-75.8443
-75.8494
-75.8545
-75.8595
-75.8645
-75.8695
-75.8744
-75.8793
-75.8841
-75.8889
-75.8937
-75.8984
-75.9031
-75.9077
-75.9123
-75.9169
-75.9214
-75.9259
-75.9304
-75.9348
-75.9392
-75.9436
-75.9479
-75.9522
-75.9565
-75.9607
-75.9649
-75.969
-75.9731
-75.9772
-75.9813
-75.9853
-75.9893
-75.9933
-75.9972
-76.0011
-76.005
-76.0088
-76.0126
-76.0164
-76.0201
-76.0239
-76.0275
-76.0312
-76.0348
-76.0384
-76.042
-76.0456
-76.0491
-76.0526
-76.056
-76.0595
-76.0629
-76.0663
-76.0696
-76.0729
-76.0762
-76.0795
-76.0828
-76.086
-76.0892
-76.0924
-76.0955
-76.0986
-76.1017
-76.1048
-76.1079
-76.1109
-76.1139
-76.1169
-76.1198
-76.1228
-76.1257
-76.1286
-76.1314
-76.1343
-76.1371
-76.1399
-76.1427
-76.1455
-76.1482
-76.1509
-76.1536
-76.1563
-76.1589
-76.1615
-76.1642
-76.1667
-76.1693
-76.1719
-76.1744
-76.1769
-76.1794
-76.1819
-76.1843
-76.1868
-76.1892
-76.1916
-76.1939
-76.1963
-76.1986
-76.201
-76.2033
-76.2056
-76.2078
-76.2101
-76.2123
-76.2145
-76.2167
-76.2189
-76.2211
-76.2232
-76.2254
-76.2275
-76.2296
-76.2317
-76.2337
-76.2358
-76.2378
-76.2398
-76.2418
-76.2438
-76.2458
-76.2478
-76.2497
-76.2516
-76.2536
-76.2554
-76.2573
-76.2592
-76.2611
-76.2629
-76.2647
-76.2665
-76.2683
-76.2701
-76.2719
-76.2737
-76.2754
-76.2771
-76.2788
-76.2806
-76.2822
-76.2839
-76.2856
-76.2872
-76.2889
-76.2905
-76.2921
-76.2937
-76.2953
-76.2969
-76.2985
-76.3
-76.3016
-76.3031
-76.3046
-76.3061
-76.3076
-76.3091
-76.3106
-76.312
-76.3135
-76.3149
-76.3164
-76.3178
-76.3192
-76.3206
-76.322
-76.3233
-76.3247
-76.3261
-76.3274
-76.3287
-76.33
-76.3314
-76.3327
-76.334
-76.3352
-76.3365
-76.3378
-76.339
-76.3403
-76.3415
-76.3427
-76.3439
-76.3452
-76.3464
-76.3475
-76.3487
-76.3499
-76.351
-76.3522
-76.3533
-76.3545
-76.3556
-76.3567
-76.3578
-76.3589
-76.36
-76.3611
-76.3622
-76.3632
-76.3643
-76.3654
-76.3664
-76.3674
-76.3685
-76.3695
-76.3705
-76.3715
-76.3725
-76.3735
-76.3745
-76.3754
-76.3764
-76.3774
-76.3783
-76.3793
-76.3802
-76.3811
-76.382
-76.383
-76.3839
-76.3848
-76.3857
-76.3866
-76.3874
-76.3883
-76.3892
-76.39
-76.3909
-76.3917
-76.3926
-76.3934
-76.3943
-76.3951
-76.3959
-76.3967
-76.3975
-76.3983
-76.3991
-76.3999
-76.4007
-76.4014
-76.4022
-76.403
-76.4037
-76.4045
-76.4052
-76.406
-76.4067
-76.4074
-76.4082
-76.4089
-76.4096
-76.4103
-76.411
-76.4117
-73.1002
-69.0304
-65.9337
-63.559
-61.6448
-59.9422
-58.1173
-55.256
-31.589
9.72996
-27.2264
-73.2679
-79.2295
-79.1955
-79.0971
-78.9876
-78.8679
-78.7381
-78.5985
-78.4497
-78.2926
-78.1284
-77.9587
-77.6773
-77.3801
-77.1377
-76.9294
-76.7434
-76.5532
-76.328
-76.1473
-76.0145
-75.9122
-75.8303
-75.7631
-75.7071
-72.2736
-68.9681
-66.7243
-65.1675
-64.0489
-63.2164
-63.6746
-64.3754
-64.9142
-65.33
-65.6591
-65.9263
-66.1494
-66.3405
-66.5082
-66.6583
-66.7954
-66.9228
-67.0429
-67.1575
-67.268
-67.3754
-67.4806
-67.5839
-67.6857
-67.7862
-67.8858
-67.9846
-68.0825
-68.1798
-68.2763
-68.3723
-68.4675
-68.5621
-68.656
-68.749
-68.8411
-68.9324
-67.1849
-64.0669
-61.6082
-59.5877
-57.599
-54.7418
-37.8169
9.31343
-27.9226
-73.203
-78.8268
-78.6598
-78.498
-78.3231
-78.1337
-77.9303
-77.7137
-77.472
-77.1186
-76.7775
-76.5064
-76.2686
-76.0431
-75.8422
-75.6834
-75.5526
-75.4364
-75.332
-75.2379
-75.1533
-75.0774
-75.0097
-74.9496
-74.8966
-74.9117
-74.9791
-75.0283
-75.0626
-75.0871
-75.1053
-75.1193
-75.1304
-75.1398
-75.1479
-75.2219
-75.2991
-75.3583
-75.4043
-75.4409
-75.4704
-75.4948
-75.5153
-75.5329
-75.5481
-75.5616
-75.5736
-75.5845
-75.5946
-75.6039
-75.6126
-75.6209
-75.6288
-75.6364
-75.6437
-75.6508
-75.6578
-75.6645
-75.6712
-75.6777
-75.6842
-75.6905
-75.6968
-75.703
-75.7092
-75.7153
-75.7213
-75.7273
-75.7333
-75.7392
-75.7451
-75.7509
-75.7567
-75.7624
-75.7681
-75.7737
-75.7794
-75.7849
-75.7905
-75.796
-75.8014
-75.8068
-75.8122
-75.8175
-75.8228
-75.8281
-75.8333
-75.8385
-75.8436
-75.4315
-71.3178
-67.6058
-64.8098
-62.6334
-60.8189
-59.0902
-56.9587
-52.0583
40.1857
-12.1996
-44.338
-78.6893
-78.8667
-78.7186
-78.5648
-78.3973
-78.216
-78.0211
-77.8136
-77.5946
-75.7974
-73.785
-72.5342
-71.6515
-70.9459
-70.3404
-69.8014
-69.3138
-68.5082
-66.4463
-65.2569
-64.4829
-63.9247
-63.7005
-64.4433
-65.2501
-66.56
-67.5054
-68.131
-68.5601
-68.8652
-67.1806
-65.1283
-63.714
-62.7252
-62.0031
-61.4546
-61.0201
-60.6659
-60.3646
-60.0987
-60.1122
-61.4229
-62.7125
-63.76
-64.6008
-65.2776
-65.8279
-66.2807
-66.6587
-66.9783
-67.2524
-67.4909
-67.701
-67.8883
-68.0573
-68.2115
-68.3537
-68.4859
-68.61
-68.7273
-68.8388
-68.9454
-69.0478
-69.1465
-69.2422
-69.335
-69.4254
-69.5136
-69.5999
-69.6843
-69.4342
-66.2289
-63.3273
-61.0926
-59.1987
-57.2467
-54.2247
-25.6791
3.84498
-30.7305
-75.5138
-78.9843
-78.5452
-78.3392
-78.146
-77.9392
-77.7179
-77.4829
-77.2357
-76.9784
-75.9926
-73.5312
-71.9477
-70.9492
-70.555
-70.3668
-70.1679
-69.968
-69.7768
-69.5993
-69.5851
-70.1151
-70.8648
-71.3676
-71.6892
-71.9023
-72.0485
-72.1521
-72.2281
-72.286
-72.332
-72.3699
-72.4026
-72.4319
-72.459
-72.4849
-72.5101
-72.5351
-72.5601
-72.5853
-72.6109
-72.6368
-72.6633
-72.6902
-72.7175
-72.7452
-72.7734
-72.8019
-72.8307
-72.8598
-72.8891
-72.9185
-72.9482
-72.9779
-73.0077
-73.0376
-73.0674
-73.0972
-73.127
-73.1566
-73.1862
-73.2156
-73.2449
-73.274
-73.303
-73.3318
-73.3603
-73.3887
-73.4168
-73.4447
-73.4724
-73.4998
-73.527
-73.5539
-73.5806
-73.607
-73.6332
-73.6592
-73.6848
-73.7103
-73.7355
-73.7604
-73.7851
-73.8095
-73.8337
-73.8577
-73.8814
-73.9049
-73.9281
-73.9511
-73.9739
-73.9964
-74.0187
-74.0408
-74.0627
-74.0843
-74.1057
-74.1269
-74.1479
-74.1687
-74.1893
-74.2096
-74.2297
-74.2497
-74.2694
-74.2889
-74.3083
-74.3274
-74.3463
-74.3651
-71.7019
-67.8398
-64.8737
-62.5855
-60.6944
-58.8998
-56.6634
-51.1026
35.9554
-15.0658
-49.0367
-79.0353
-78.829
-78.6215
-78.4556
-78.2768
-78.0837
-77.8767
-77.6567
-77.4252
-76.5005
-74.0961
-72.4698
-71.3862
-70.5623
-69.8819
-69.2933
-68.7714
-68.3038
-67.4132
-65.7804
-64.6061
-63.7925
-63.2008
-63.5065
-64.2335
-65.5084
-66.6762
-67.4525
-67.9783
-68.3473
-68.9279
-69.7431
-70.3241
-69.6857
-67.2712
-65.5441
-64.4065
-63.631
-63.0873
-62.6997
-62.4202
-62.2203
-62.0816
-61.9916
-61.9414
-61.9246
-61.9363
-61.9731
-62.0319
-62.1103
-62.2062
-62.3177
-62.4433
-62.5813
-62.7303
-62.8891
-63.0564
-63.2304
-63.4091
-63.5914
-63.7765
-63.9635
-64.1517
-64.3403
-64.528
-64.7144
-64.899
-65.0817
-65.2622
-65.4401
-65.6149
-65.7865
-65.9549
-66.1201
-66.2819
-66.4406
-66.5958
-65.0806
-62.2988
-60.0587
-58.1076
-55.9186
-51.5325
42.4334
-13.4072
-45.5977
-78.7092
-79.5496
-79.2702
-77.9797
-77.4545
-77.1434
-76.8465
-76.5409
-76.2248
-75.9002
-75.5701
-74.5641
-71.8983
-69.8949

