-70
-70.0758
-70.1508
-70.225
-70.2983
-70.3706
-70.4419
-70.5122
-70.5814
-70.6496
-70.7168
-70.7829
-70.848
-70.9121
-70.9752
-71.0373
-71.0984
-71.1586
-71.2178
-71.2761
-71.3334
-71.3899
-71.4455
-71.5003
-71.5543
-71.6074
-71.6598
-71.7114
-71.7623
-71.8124
-71.8619
-71.9106
-71.9587
-72.006
-72.0527
-72.0988
-72.1442
-72.1889
-72.2331
-72.2766
-72.3196
-72.362
-72.4038
-72.445
-72.4857
-72.5258
-72.5654
-72.6045
-72.6431
-72.6812
-72.7188
-72.756
-72.7927
-72.8289
-72.8647
-72.9
-72.9349
-72.9694
-73.0035
-73.0371
-73.0704
-73.1032
-73.1357
-73.1678
-73.1994
-73.2307
-73.2617
-73.2922
-73.3224
-73.3523
-73.3817
-73.4109
-73.4397
-73.4682
-73.4963
-73.5241
-73.5516
-73.5788
-73.6057
-73.6323
-73.6585
-73.6845
-73.7102
-73.7356
-73.7608
-73.7857
-73.8103
-73.8346
-73.8587
-73.8825
-73.9061
-73.9294
-73.9524
-73.9753
-73.9979
-74.0202
-74.0423
-74.0642
-74.0859
-74.1073
-74.1285
-74.1495
-74.1703
-74.1909
-74.2112
-74.2313
-74.2513
-74.271
-74.2905
-74.3098
-74.329
-74.3479
-74.3666
-74.3852
-74.4036
-74.4217
-74.4397
-74.4575
-74.4752
-74.4926
-74.5099
-74.527
-74.544
-74.5607
-74.5774
-74.5938
-74.6101
-74.6262
-74.6422
-74.658
-74.6736
-74.6891
-74.7045
-74.7197
-74.7347
-74.7496
-74.7644
-74.779
-74.7935
-74.8079
-74.8221
-74.8362
-74.8501
-74.864
-74.8777
-74.8913
-74.9047
-74.918
-74.9313
-74.9443
-74.9573
-74.9701
-74.9829
-74.9955
-75.008
-75.0204
-75.0327
-75.0448
-75.0569
-75.0688
-75.0806
-75.0924
-75.104
-75.1155
-75.1269
-75.1382
-75.1495
-75.1606
-75.1716
-75.1825
-75.1933
-75.204
-75.2147
-75.2252
-75.2356
-75.246
-75.2562
-75.2664
-75.2764
-75.2864
-75.2963
-75.3061
-75.3158
-75.3255
-75.335
-75.3445
-75.3538
-75.3631
-75.3724
-75.3815
-75.3906
-75.3995
-75.4084
-75.4172
-75.426
-75.4346
-75.4432
-75.4518
-75.4602
-75.4686
-75.4769
-75.4851
-75.4932
-75.5013
-75.5093
-75.5173
-75.5251
-75.533
-75.5407
-75.5484
-75.556
-75.5635
-75.571
-75.5784
-75.5858
-75.593
-75.6003
-75.6074
-75.6145
-75.6216
-75.6285
-75.6355
-75.6423
-75.6491
-75.6559
-75.6626
-75.6692
-75.6758
-75.6823
-75.6888
-75.6952
-75.7015
-75.7078
-75.7141
-75.7203
-75.7264
-75.7325
-75.7386
-75.7446
-75.7505
-75.7564
-75.7622
-75.768
-75.7738
-75.7795
-75.7851
-75.7907
-75.7963
-75.8018
-75.8072
-75.8127
-75.818
-75.8234
-75.8287
-75.8339
-75.8391
-75.8443
-75.8494
-75.8545
-75.8595
-75.8645
-75.8695
-75.8744
-75.8793
-75.8841
-75.8889
-75.8937
-75.8984
-75.9031
-75.9077
-75.9123
-75.9169
-75.9214
-75.9259
-75.9304
-75.9348
-75.9392
-75.9436
-75.9479
-75.9522
-75.9565
-75.9607
-75.9649
-75.969
-75.9731
-75.9772
-75.9813
-75.9853
-75.9893
-75.9933
-75.9972
-76.0011
-76.005
-76.0088
-76.0126
-76.0164
-76.0201
-76.0239
-76.0275
-76.0312
-76.0348
-76.0384
-76.042
-76.0456
-76.0491
-76.0526
-76.056
-76.0595
-76.0629
-76.0663
-76.0696
-76.0729
-76.0762
-76.0795
-76.0828
-76.086
-76.0892
-76.0924
-76.0955
-76.0986
-76.1017
-76.1048
-76.1079
-76.1109
-76.1139
-76.1169
-76.1198
-76.1228
-76.1257
-76.1286
-76.1314
-76.1343
-76.1371
-76.1399
-76.1427
-76.1455
-76.1482
-76.1509
-76.1536
-76.1563
-76.1589
-76.1615
-76.1642
-76.1667
-76.1693
-76.1719
-76.1744
-76.1769
-76.1794
-76.1819
-76.1843
-76.1868
-76.1892
-76.1916
-76.1939
-76.1963
-76.1986
-76.201
-76.2033
-76.2056
-76.2078
-76.2101
-76.2123
-76.2145
-76.2167
-76.2189
-76.2211
-76.2232
-76.2254
-76.2275
-76.2296
-76.2317
-76.2337
-76.2358
-76.2378
-76.2398
-76.2418
-76.2438
-76.2458
-76.2478
-76.2497
-76.2516
-76.2536
-76.2554
-76.2573
-76.2592
-76.2611
-76.2629
-76.2647
-76.2665
-76.2683
-76.2701
-76.2719
-76.2737
-76.2754
-76.2771
-76.2788
-76.2806
-76.2822
-76.2839
-76.2856
-76.2872
-76.2889
-76.2905
-76.2921
-76.2937
-76.2953
-76.2969
-76.2985
-76.3
-76.3016
-76.3031
-76.3046
-76.3061
-76.3076
-76.3091
-76.3106
-76.312
-76.3135
-76.3149
-76.3164
-76.3178
-76.3192
-76.3206
-76.322
-76.3233
-76.3247
-76.3261
-76.3274
-76.3287
-76.33
-76.3314
-76.3327
-76.334
-76.3352
-76.3365
-76.3378
-76.339
-76.3403
-76.3415
-76.3427
-76.3439
-76.3452
-76.3464
-76.3475
-76.3487
-76.3499
-76.351
-76.3522
-76.3533
-76.3545
-76.3556
-76.3567
-76.3578
-76.3589
-76.36
-76.3611
-76.3622
-76.3632
-76.3643
-76.3654
-76.3664
-76.3674
-76.3685
-76.3695
-76.3705
-76.3715
-76.3725
-76.3735
-76.3745
-76.3754
-76.3764
-76.3774
-76.3783
-76.3793
-76.3802
-76.3811
-76.382
-76.383
-76.3839
-76.3848
-76.3857
-76.3866
-76.3874
-76.3883
-76.3892
-76.39
-76.3909
-76.3917
-76.3926
-76.3934
-76.3943
-76.3951
-76.3959
-76.3967
-76.3975
-76.3983
-76.3991
-76.3999
-76.4007
-76.4014
-76.4022
-76.403
-76.4037
-76.4045
-76.4052
-76.406
-76.4067
-76.4074
-76.4082
-76.4089
-74.8509
-70.5394
-67.0677
-64.4383
-62.3694
-60.6139
-58.8923
-56.6604
-50.6804
33.9118
-16.0888
-50.9472
-78.9028
-79.1134
-79.0087
-78.8884
-78.7566
-78.6135
-78.2127
-76.3092
-75.1594
-74.474
-73.9313
-73.4415
-72.978
-72.5331
-72.1058
-71.6976
-71.4276
-71.5118
-71.5557
-71.5449
-71.5047
-71.4502
-71.3904
-71.3307
-71.2747
-69.7382
-66.5654
-64.1439
-62.34
-60.9025
-59.6336
-58.3267
-56.6082
-53.104
38.0724
-3.59837
-35.9772
-78.0674
-79.5939
-79.5685
-79.5169
-79.4597
-79.3976
-79.3305
-79.2589
-79.1831
-79.1035
-79.0209
-78.936
-78.8497
-78.7629
-78.6764
-78.5911
-78.5078
-78.427
-78.3495
-78.2756
-78.2057
-78.1398
-78.0782
-78.0209
-76.7792
-72.2913
-68.6206
-65.883
-63.7835
-62.1003
-60.6435
-59.2097
-57.452
-54.0675
42.0952
-1.59242
-33.9626
-77.3148
-79.0802
-78.9891
-78.8663
-78.7313
-78.5843
-78.4257
-78.0013
-75.94
-74.63
-73.9502
-73.471
-73.0466
-72.6515
-72.4906
-72.4287
-72.3119
-72.1679
-72.0163
-71.8671
-71.7258
-71.5952
-71.4767
-71.371
-71.2782
-71.4588
-72.0726
-72.7085
-73.2178
-73.7523
-74.1115
-74.3473
-74.5081
-74.6337
-74.8266
-74.9737
-75.0752
-75.1476
-75.2009
-75.2412
-75.2726
-75.2977
-75.3183
-75.3356
-75.3504
-75.3635
-75.3752
-75.3859
-75.3958
-75.4051
-75.4139
-75.4224
-75.4306
-75.4386
-75.4464
-75.4542
-75.4618
-75.4693
-75.4768
-75.4843
-75.4917
-75.4991
-75.5064
-75.5138
-75.5211
-75.5284
-75.5356
-75.5429
-75.5501
-75.5573
-75.5644
-75.5716
-75.5787
-75.5857
-75.5928
-75.5998
-75.6067
-75.6136
-75.6205
-75.6273
-75.6341
-75.6409
-75.6476
-75.6542
-75.6608
-75.6674
-75.6739
-75.6804
-75.6868
-75.6932
-72.0339
-68.1513
-65.2134
-62.9447
-61.082
-59.356
-57.3382
-53.3545
46.0031
-6.50909
-37.6925
-78.5766
-78.9574
-78.6509
-78.4804
-78.303
-78.1112
-77.9053
-77.6859
-77.4545
-77.2127
-74.9099
-72.9246
-71.6536
-70.7308
-69.9916
-69.3638
-68.8132
-68.3229
-67.9871
-66.3285
-64.9477
-63.9922
-63.2984
-62.7747
-62.366
-62.7654
-63.7801
-64.5698
-65.159
-65.2451
-63.5665
-62.1227
-61.0646
-60.2259
-59.4983
-58.7966
-58.0335
-57.0574
-55.4766
-51.1076
39.6118
-14.9432
-48.2229
-79.0885
-79.7388
-79.7257
-79.5746
-79.4783
-79.4116
-79.3458
-79.2768
-79.2044
-79.1289
-79.0509
-78.9712
-78.8905
-78.8098
-78.7298
-78.6512
-78.5747
-78.5009
-78.4302
-78.363
-78.2995
-78.2398
-78.184
-78.132
-78.0837
-78.0391
-75.4704
-71.0652
-67.6715
-65.1126
-63.1214
-61.4841
-59.9992
-58.4053
-56.0661
-47.3066
23.5679
-21.1976
-62.7617
-79.0064
-79.0391
-78.9234
-78.7937
-78.5713
-78.358
-78.176
-77.993
-76.8491
-74.6566
-73.3614
-72.7074
-72.2866
-71.9131
-71.5687
-71.2493
-70.9538
-70.6817
-70.4329
-70.2072
-70.0043
-69.8237
-69.6649
-69.5268
-69.4085
-69.3089
-69.2268
-69.1612
-69.1108
-69.0744
-69.0509
-69.0391
-69.6791
-70.8557
-71.764
-72.4085
-72.8778
-73.2278
-73.4946
-73.702
-73.8661
-73.9981
-74.1059
-74.1952
-74.2701
-74.4515
-74.6475
-74.799
-74.9168
-75.01
-75.085
-75.1463
-75.197
-75.2395
-75.2757
-75.3067
-75.3337
-75.3574
-75.3785
-75.3973
-75.4143
-75.4298
-75.4441
-75.4574
-75.4697
-75.4813
-75.4923
-75.5027
-75.5127
-75.5222
-75.5314
-75.5403
-75.549
-75.5574
-75.5656
-75.5737
-75.5815
-75.5892
-75.5968
-75.6043
-75.6117
-75.6189
-75.6261
-75.6332
-75.6402
-75.6471
-75.6539
-75.6607
-75.6674
-75.674
-75.6806
-75.6871
-75.6935
-75.6999
-75.7062
-75.7125
-72.0516
-68.1672
-65.228
-62.9587
-61.0963
-59.3728
-57.3636
-53.4334
46.1721
-6.05641
-37.2802
-78.5156
-79.7329
-79.717
-79.6813
-79.6411
-79.5969
-79.5486
-79.4962
-76.7716
-74.8451
-73.7775
-73.0319
-72.4221
-71.8818
-71.3859
-70.9246
-70.1034
-67.5408
-65.3842
-63.7866
-62.5397
-61.5096
-60.6001
-59.7285
-58.8015
-57.5438
-54.1904
-8.94666
1.75132
-31.7289
-76.1559
-79.254
-79.2073
-79.1131
-78.9154
-77.4062
-76.6416
-76.2191
-75.8539
-75.496
-75.1372
-74.778
-74.4209
-74.0988
-73.9275
-73.7547
-73.5702
-73.386
-73.2084
-73.0412
-72.8864
-72.7448
-72.617
-72.5028
-72.402
-72.314
-72.2382
-72.1739
-72.1204
-72.0767
-72.0422
-72.016
-71.9974
-71.9857
-71.9802
-71.9802
-71.9852
-72.316
-72.6829
-72.9761
-73.2116
-73.4032
-73.5612
-73.693
-73.8408
-74.1364
-74.384
-74.5738
-74.722
-74.8397
-74.9345
-75.0121
-75.0763
-75.1301
-75.1757
-75.2148
-73.3515
-69.3796
-66.3375
-64.0898
-62.3585
-60.9307
-59.6169
-58.1798
-56.0623
-49.1746
28.3412
-19.0527
-57.5578
-79.5429
-78.8329
-78.5097
-78.3247
-78.1326
-77.9261
-77.7054
-77.4716
-77.2262
-76.9714
-74.615
-72.5417
-71.1947
-70.2174

