-70
-70.0758
-70.1508
-70.225
-70.2983
-70.3706
-70.4419
-70.5122
-70.5814
-70.6496
-70.7168
-70.7829
-70.848
-70.9121
-70.9752
-71.0373
-71.0984
-71.1586
-71.2178
-71.2761
-71.3334
-71.3899
-71.4455
-71.5003
-71.5543
-71.6074
-71.6598
-71.7114
-71.7623
-71.8124
-71.8619
-71.9106
-71.9587
-72.006
-72.0527
-72.0988
-72.1442
-72.1889
-72.2331
-72.2766
-72.3196
-72.362
-72.4038
-72.445
-72.4857
-72.5258
-72.5654
-72.6045
-72.6431
-72.6812
-72.7188
-72.756
-72.7927
-72.8289
-72.8647
-72.9
-72.9349
-72.9694
-73.0035
-73.0371
-73.0704
-73.1032
-73.1357
-73.1678
-73.1994
-73.2307
-73.2617
-73.2922
-73.3224
-73.3523
-73.3817
-73.4109
-73.4397
-73.4682
-73.4963
-73.5241
-73.5516
-73.5788
-73.6057
-73.6323
-73.6585
-73.6845
-73.7102
-73.7356
-73.7608
-73.7857
-73.8103
-73.8346
-73.8587
-73.8825
-73.9061
-73.9294
-73.9524
-73.9753
-73.9979
-74.0202
-74.0423
-74.0642
-74.0859
-74.1073
-74.1285
-74.1495
-74.1703
-74.1909
-74.2112
-74.2313
-74.2513
-74.271
-74.2905
-74.3098
-74.329
-74.3479
-74.3666
-74.3852
-74.4036
-74.4217
-74.4397
-74.4575
-74.4752
-74.4926
-74.5099
-74.527
-74.544
-74.5607
-74.5774
-74.5938
-74.6101
-74.6262
-74.6422
-74.658
-74.6736
-74.6891
-74.7045
-74.7197
-74.7347
-74.7496
-74.7644
-74.779
-74.7935
-74.8079
-74.8221
-74.8362
-74.8501
-74.864
-74.8777
-74.8913
-74.9047
-74.918
-74.9313
-74.9443
-74.9573
-74.9701
-74.9829
-74.9955
-75.008
-75.0204
-75.0327
-75.0448
-75.0569
-75.0688
-75.0806
-75.0924
-75.104
-75.1155
-75.1269
-75.1382
-75.1495
-75.1606
-75.1716
-75.1825
-75.1933
-75.204
-75.2147
-75.2252
-75.2356
-75.246
-75.2562
-75.2664
-75.2764
-75.2864
-75.2963
-75.3061
-75.3158
-75.3255
-75.335
-75.3445
-75.3538
-75.3631
-75.3724
-75.3815
-75.3906
-75.3995
-75.4084
-75.4172
-75.426
-75.4346
-75.4432
-75.4518
-75.4602
-75.4686
-75.4769
-75.4851
-75.4932
-75.5013
-75.5093
-75.5173
-75.5251
-75.533
-75.5407
-75.5484
-75.556
-75.5635
-75.571
-75.5784
-75.5858
-75.593
-75.6003
-75.6074
-75.6145
-75.6216
-75.6285
-75.6355
-75.6423
-75.6491
-75.6559
-75.6626
-75.6692
-75.6758
-75.6823
-75.6888
-75.6952
-75.7015
-75.7078
-75.7141
-75.7203
-75.7264
-75.7325
-75.7386
-75.7446
-75.7505
-75.7564
-75.7622
-75.768
-75.7738
-75.7795
-75.7851
-75.7907
-75.7963
-75.8018
-75.8072
-75.8127
-75.818
-75.8234
-75.8287
-75.8339
-75.8391
-75.8443
-75.8494
-75.8545
-75.8595
-75.8645
-75.8695
-75.8744
-75.8793
-75.8841
-75.8889
-75.8937
-75.8984
-75.9031
-75.9077
-75.9123
-75.9169
-75.9214
-75.9259
-75.9304
-75.9348
-75.9392
-75.9436
-75.9479
-75.9522
-75.9565
-75.9607
-75.9649
-75.969
-75.9731
-75.9772
-75.9813
-75.9853
-75.9893
-75.9933
-75.9972
-76.0011
-76.005
-76.0088
-76.0126
-76.0164
-76.0201
-76.0239
-76.0275
-76.0312
-76.0348
-76.0384
-76.042
-76.0456
-76.0491
-76.0526
-76.056
-76.0595
-76.0629
-76.0663
-76.0696
-76.0729
-76.0762
-76.0795
-76.0828
-76.086
-76.0892
-76.0924
-76.0955
-76.0986
-76.1017
-76.1048
-76.1079
-76.1109
-76.1139
-76.1169
-76.1198
-76.1228
-76.1257
-76.1286
-76.1314
-76.1343
-76.1371
-76.1399
-76.1427
-76.1455
-76.1482
-76.1509
-76.1536
-76.1563
-76.1589
-76.1615
-76.1642
-76.1667
-76.1693
-76.1719
-76.1744
-76.1769
-76.1794
-76.1819
-76.1843
-76.1868
-76.1892
-76.1916
-76.1939
-76.1963
-76.1986
-76.201
-76.2033
-76.2056
-76.2078
-76.2101
-76.2123
-76.2145
-76.2167
-76.2189
-76.2211
-76.2232
-76.2254
-76.2275
-76.2296
-76.2317
-76.2337
-76.2358
-76.2378
-76.2398
-76.2418
-76.2438
-76.2458
-76.2478
-76.2497
-76.2516
-76.2536
-76.2554
-76.2573
-76.2592
-76.2611
-76.2629
-76.2647
-76.2665
-76.2683
-76.2701
-76.2719
-76.2737
-76.2754
-76.2771
-76.2788
-76.2806
-76.2822
-76.2839
-76.2856
-76.2872
-76.2889
-76.2905
-76.2921
-76.2937
-76.2953
-76.2969
-76.2985
-76.3
-76.3016
-76.3031
-76.3046
-76.3061
-76.3076
-76.3091
-76.3106
-76.312
-76.3135
-76.3149
-76.3164
-76.3178
-76.3192
-76.3206
-76.322
-76.3233
-76.3247
-76.3261
-76.3274
-76.3287
-76.33
-76.3314
-76.3327
-76.334
-76.3352
-76.3365
-76.3378
-76.339
-76.3403
-76.3415
-76.3427
-76.3439
-76.3452
-76.3464
-76.3475
-76.3487
-76.3499
-72.6061
-68.6339
-65.6289
-63.3156
-61.4358
-59.7365
-57.8577
-54.6849
8.05685
3.35182
-30.6725
-76.4181
-79.7264
-79.7322
-79.6987
-79.6605
-79.6184
-79.5723
-79.5222
-79.4682
-79.4105
-79.3496
-79.2858
-79.2199
-79.1523
-79.0838
-79.0152
-78.9471
-78.8801
-78.8147
-78.7515
-78.6909
-78.633
-78.5781
-78.5263
-78.4777
-78.4321
-78.3896
-78.35
-78.3132
-78.2789
-78.2471
-78.2175
-78.19
-78.1643
-78.1404
-78.1181
-78.0972
-78.0775
-78.059
-78.0416
-78.0251
-78.0093
-77.9944
-77.9801
-77.9664
-77.9532
-76.3063
-71.7725
-68.1204
-65.3598
-63.2104
-61.4416
-59.8236
-58.0272
-55.064
-18.9936
7.06617
-28.6475
-75.0709
-79.7366
-79.3551
-78.4183
-78.0926
-77.867
-77.634
-77.3868
-77.126
-76.8535
-76.5716
-75.5957
-73.0106
-71.1494
-69.872
-68.9086
-68.134
-67.4856
-66.9298
-66.4471
-64.9807
-62.7578
-61.3362
-61.3565
-61.4967
-61.6065
-61.7506
-63.1055
-64.362
-65.0826
-63.9464
-62.854
-62.102
-61.562
-61.1569
-60.8445
-60.5979
-60.3968
-60.2305
-60.0923
-60.1319
-61.6267
-63.1063
-64.2737
-65.1866
-65.9058
-66.4796
-67.1806
-68.4085
-69.3725
-70.0838
-70.6203
-71.0333
-71.3575
-71.6163
-71.8264
-72.2218
-72.7366
-73.1296
-73.4264
-73.6552
-73.8349
-73.9785
-74.095
-74.1909
-74.271
-74.3386
-74.3966
-74.4467
-74.4906
-74.5294
-74.5641
-74.5954
-73.164
-69.1907
-66.0414
-63.688
-61.8486
-60.2901
-58.7704
-56.8792
-52.878
45.183
-8.43422
-39.866
-78.1864
-79.0136
-78.9072
-78.7757
-78.6315
-78.4751
-78.263
-77.9842
-77.7571
-77.5464
-77.3082
-77.0186
-76.7744
-76.5599
-76.3634
-76.1805
-76.0096
-75.8503
-75.7022
-75.583
-75.5057
-75.4834
-75.4685
-75.4791
-75.5066
-75.555
-75.5962
-75.6197
-75.6525
-75.6892
-75.7121
-75.7264
-75.7357
-75.7422
-75.7468
-75.7505
-75.7536
-75.7563
-75.7589
-75.7615
-75.7641
-75.7667
-75.7695
-75.7724
-75.7755
-75.7787
-75.782
-75.7854
-75.789
-75.7927
-75.7965
-75.8004
-75.8044
-75.8085
-75.8127
-75.8169
-75.8213
-75.8256
-75.83
-75.8345
-75.839
-75.8435
-75.848
-75.8526
-75.8572
-75.8617
-75.8663
-75.8709
-75.8755
-75.8801
-75.8847
-75.8892
-75.8938
-75.8983
-75.9028
-75.9073
-75.9118
-75.9163
-75.9207
-75.9251
-75.9295
-75.9339
-75.9382
-75.9425
-75.9468
-75.951
-75.9553
-75.9594
-73.1357
-69.0489
-65.9129
-63.5128
-61.5804
-59.8596
-58.0033
-55.025
-21.8565
7.14473
-28.6424
-74.6288
-78.9607
-78.875
-78.739
-78.5893
-78.4264
-78.2506
-78.0624
-77.8627
-76.0858
-74.1464
-72.9692
-72.141
-71.4726
-70.8917
-70.4532
-70.449
-70.4186
-68.6594
-66.6029
-65.1607
-64.4004
-64.6511
-65.4664
-66.5028
-67.188
-68.2869
-69.158
-69.713
-70.0783
-69.8527
-67.5011
-65.6723
-64.4738
-63.6589
-63.0876
-62.6788
-62.3818
-62.1667
-62.1439
-63.3258
-64.44
-65.2886
-65.9419
-66.4535
-66.8618
-67.194
-67.4696
-67.7026
-67.903
-68.0783
-68.2342
-68.3749
-68.5036
-68.6229
-68.7345
-68.84
-68.9404
-69.0367
-69.1296
-69.2196
-69.3071
-69.3926
-69.4763
-69.5584
-69.6391
-69.7185
-69.7966
-69.8736
-69.9495
-70.0244
-70.0982
-70.171
-69.327
-65.946
-63.1376
-60.9535
-59.062
-57.0276
-53.5245
34.3786
-3.561
-35.329
-77.6658
-78.8669
-78.5561
-78.3744
-78.1866
-77.9843
-77.7677
-77.5378
-77.296
-77.0066
-76.6985
-76.4229
-74.2772
-71.7104
-70.0409
-68.9198
-68.6313
-68.501
-68.3592
-68.2174
-68.0834
-67.9614
-67.8535
-67.7608
-67.6834
-67.6211
-67.5735
-67.5399
-67.5194
-67.5113
-68.0509
-69.4428
-70.5928
-71.6425
-72.5584
-73.1695
-73.5836
-74.0016
-74.3624
-74.6066
-74.7751
-74.8951
-75.0538
-75.195
-75.2938
-75.3642
-75.4161
-75.4605
-75.5382
-75.6001
-75.6446
-75.6775
-75.7026
-75.7222
-75.738
-75.751
-75.7619
-75.7713
-75.7796
-75.7871
-75.7939
-75.8001
-75.806
-75.8116
-75.817
-75.8222
-75.8272
-75.8321
-75.837
-75.8417
-75.8465
-75.8511
-75.8558
-75.8604
-75.865
-75.8696
-75.8741
-75.8787
-75.8832
-75.8877
-75.8922
-75.8967
-75.9012
-75.9056
-75.91
-75.9145
-75.9188
-75.9232
-75.9276
-75.9319
-75.9362
-75.9405
-75.9447
-75.949
-75.9532
-75.9574
-75.9615
-75.9656
-75.9697
-75.9738
-75.9779
-75.9819
-75.9859
-75.9898
-75.9938
-75.9977
-75.2494
-71.0289
-67.4006
-64.6659
-62.5291
-60.7365
-59.0103
-56.8421
-51.5685
37.8926
-13.7351
-46.7426
-78.8368
-78.8493
-78.6871
-78.5295
-78.3584
-78.1732
-77.9744
-77.7628
-77.5398
-76.8333
-74.357
-72.625
-71.4925
-70.6427
-69.9469
-69.3479
-69.2698
-69.3516
-69.3525
-67.4266
-65.4533
-64.0603
-63.0444
-62.9297
-63.4921
-63.9392
-64.2738
-64.5322
-64.7391
-64.9112
-65.06
-65.1931
-65.3159
-65.4319
-65.5435
-65.6528
-65.7609
-65.8687
-65.9769
-66.0859
-66.1958
-66.3067
-66.4522
-67.4168
-68.3635
-69.1073
-69.6972
-70.1716
-70.558
-70.8766
-71.1424
-71.3665
-71.5575
-72.067
-72.5687
-72.9576
-73.2619
-73.5038
-73.6988
-73.9702
-74.2852
-74.526
-74.709
-74.8509
-74.9628
-75.0526
-75.1255
-75.1857
-75.2359
-75.2783
-75.3146
-75.3458
-75.3731
-75.397
-75.4183
-75.4374
-75.4546
-75.4703
-75.4848
-75.4981
-75.5105
-73.596
-69.486
-66.271
-63.8448
-61.9302
-60.2866
-58.6408
-56.45
-50.363
32.7551
-16.9018
-52.5229
-78.8973
-79.0906
-78.9836
-78.8607
-78.7262
-78.5802

