-70
-70.0758
-70.1508
-70.225
-70.2983
-70.3706
-70.4419
-70.5122
-70.5814
-70.6496
-70.7168
-70.7829
-70.848
-70.9121
-70.9752
-71.0373
-71.0984
-71.1586
-71.2178
-71.2761
-71.3334
-71.3899
-71.4455
-71.5003
-71.5543
-71.6074
-71.6598
-71.7114
-71.7623
-71.8124
-71.8619
-71.9106
-71.9587
-72.006
-72.0527
-72.0988
-72.1442
-72.1889
-72.2331
-72.2766
-72.3196
-72.362
-72.4038
-72.445
-72.4857
-72.5258
-72.5654
-72.6045
-72.6431
-72.6812
-72.7188
-72.756
-72.7927
-72.8289
-72.8647
-72.9
-72.9349
-72.9694
-73.0035
-73.0371
-73.0704
-73.1032
-73.1357
-73.1678
-73.1994
-73.2307
-73.2617
-73.2922
-73.3224
-73.3523
-73.3817
-73.4109
-73.4397
-73.4682
-73.4963
-73.5241
-73.5516
-73.5788
-73.6057
-73.6323
-73.6585
-73.6845
-73.7102
-73.7356
-73.7608
-73.7857
-73.8103
-73.8346
-73.8587
-73.8825
-73.9061
-73.9294
-73.9524
-73.9753
-73.9979
-74.0202
-74.0423
-74.0642
-74.0859
-74.1073
-74.1285
-74.1495
-74.1703
-74.1909
-74.2112
-74.2313
-74.2513
-74.271
-74.2905
-74.3098
-74.329
-74.3479
-74.3666
-74.3852
-74.4036
-74.4217
-74.4397
-74.4575
-74.4752
-74.4926
-74.5099
-74.527
-74.544
-74.5607
-74.5774
-74.5938
-74.6101
-74.6262
-74.6422
-74.658
-74.6736
-74.6891
-74.7045
-74.7197
-74.7347
-74.7496
-74.7644
-74.779
-74.7935
-74.8079
-74.8221
-74.8362
-74.8501
-74.864
-74.8777
-74.8913
-74.9047
-74.918
-74.9313
-74.9443
-74.9573
-74.9701
-74.9829
-74.9955
-75.008
-75.0204
-75.0327
-75.0448
-75.0569
-75.0688
-75.0806
-75.0924
-75.104
-75.1155
-75.1269
-75.1382
-75.1495
-75.1606
-75.1716
-75.1825
-75.1933
-75.204
-75.2147
-75.2252
-75.2356
-75.246
-75.2562
-75.2664
-75.2764
-75.2864
-75.2963
-75.3061
-75.3158
-75.3255
-75.335
-75.3445
-75.3538
-75.3631
-75.3724
-75.3815
-75.3906
-75.3995
-75.4084
-75.4172
-75.426
-75.4346
-75.4432
-75.4518
-75.4602
-75.4686
-75.4769
-75.4851
-75.4932
-75.5013
-75.5093
-75.5173
-75.5251
-75.533
-75.5407
-75.5484
-75.556
-75.5635
-75.571
-75.5784
-75.5858
-75.593
-75.6003
-75.6074
-75.6145
-75.6216
-75.6285
-75.6355
-75.6423
-75.6491
-75.6559
-75.6626
-75.6692
-75.6758
-75.6823
-75.6888
-75.6952
-75.7015
-75.7078
-75.7141
-75.7203
-75.7264
-75.7325
-75.7386
-75.7446
-75.7505
-75.7564
-75.7622
-75.768
-75.7738
-75.7795
-75.7851
-75.7907
-75.7963
-75.8018
-75.8072
-75.8127
-75.818
-75.8234
-75.8287
-75.8339
-75.8391
-75.8443
-75.8494
-75.8545
-75.8595
-75.8645
-75.8695
-75.8744
-75.8793
-75.8841
-75.8889
-75.8937
-75.8984
-75.9031
-75.9077
-75.9123
-75.9169
-75.9214
-75.9259
-75.9304
-75.9348
-75.9392
-75.9436
-75.9479
-75.9522
-75.9565
-75.9607
-75.9649
-75.969
-75.9731
-75.9772
-75.9813
-75.9853
-75.9893
-75.9933
-75.9972
-76.0011
-76.005
-76.0088
-76.0126
-76.0164
-76.0201
-76.0239
-76.0275
-76.0312
-76.0348
-76.0384
-76.042
-76.0456
-76.0491
-76.0526
-76.056
-76.0595
-76.0629
-76.0663
-76.0696
-76.0729
-76.0762
-76.0795
-76.0828
-76.086
-76.0892
-76.0924
-76.0955
-76.0986
-76.1017
-76.1048
-76.1079
-76.1109
-76.1139
-76.1169
-76.1198
-76.1228
-76.1257
-76.1286
-76.1314
-76.1343
-76.1371
-76.1399
-76.1427
-76.1455
-76.1482
-76.1509
-76.1536
-76.1563
-76.1589
-76.1615
-76.1642
-76.1667
-76.1693
-76.1719
-76.1744
-76.1769
-76.1794
-76.1819
-76.1843
-76.1868
-76.1892
-76.1916
-76.1939
-76.1963
-76.1986
-76.201
-76.2033
-76.2056
-76.2078
-76.2101
-76.2123
-76.2145
-76.2167
-76.2189
-76.2211
-76.2232
-76.2254
-76.2275
-76.2296
-76.2317
-76.2337
-76.2358
-76.2378
-76.2398
-76.2418
-76.2438
-76.2458
-76.2478
-76.2497
-76.2516
-76.2536
-76.2554
-76.2573
-76.2592
-76.2611
-76.2629
-76.2647
-76.2665
-76.2683
-76.2701
-76.2719
-76.2737
-76.2754
-76.2771
-76.2788
-76.2806
-76.2822
-76.2839
-76.2856
-76.2872
-76.2889
-76.2905
-76.2921
-76.2937
-76.2953
-76.2969
-76.2985
-76.3
-76.3016
-76.3031
-76.3046
-76.3061
-76.3076
-76.3091
-76.3106
-76.312
-76.3135
-76.3149
-76.3164
-76.3178
-76.3192
-76.3206
-76.322
-76.3233
-76.3247
-76.3261
-76.3274
-76.3287
-76.33
-76.3314
-76.3327
-76.334
-76.3352
-76.3365
-76.3378
-76.339
-76.3403
-76.3415
-76.3427
-76.3439
-76.3452
-76.3464
-76.3475
-76.3487
-76.3499
-76.351
-76.3522
-76.3533
-76.3545
-76.3556
-76.3567
-76.3578
-76.3589
-76.36
-76.3611
-76.3622
-76.3632
-76.3643
-76.3654
-76.3664
-76.3674
-76.3685
-76.3695
-76.3705
-76.3715
-76.3725
-76.3735
-76.3745
-76.3754
-76.3764
-76.3774
-76.3783
-76.3793
-76.3802
-76.3811
-76.382
-76.383
-76.3839
-76.3848
-76.3857
-76.3866
-76.3874
-76.3883
-76.3892
-76.39
-76.3909
-76.3917
-76.3926
-76.3934
-76.3943
-76.3951
-76.3959
-76.3967
-76.3975
-76.3983
-76.3991
-76.3999
-76.4007
-76.4014
-76.4022
-74.8446
-70.5341
-67.0631
-64.4343
-62.3657
-60.6103
-58.888
-56.6535
-50.6465
33.7769
-16.042
-51.0817
-79.4364
-79.7448
-79.718
-78.7039
-77.7425
-77.3594
-77.063
-76.7661
-76.4587
-76.1412
-75.8161
-75.0514
-72.4933
-70.5197
-69.1545
-68.1283
-67.3111
-66.6352
-66.0627
-65.5711
-65.1464
-64.7788
-64.4612
-64.189
-63.9582
-63.7646
-63.6054
-62.6876
-60.3161
-58.7004
-58.4936
-59.9681
-61.5556
-62.7695
-63.6623
-64.3219
-64.8189
-65.203
-65.5084
-64.5552
-62.6789
-61.2555
-60.1604
-59.2327
-58.3451
-57.3527
-55.9747
-53.1305
-3.22088
-2.44662
-34.7644
-77.0207
-79.6549
-79.6799
-79.6427
-79.5988
-79.5505
-79.498
-79.4415
-79.3811
-79.3173
-79.2506
-79.1816
-79.1109
-79.0393
-78.9675
-78.8962
-78.8262
-78.7579
-78.6919
-78.6286
-78.5683
-76.4315
-71.9521
-68.4622
-65.8454
-63.8272
-62.2022
-60.7972
-59.4326
-57.8246
-55.0834
-30.4506
8.87219
-27.6974
-73.6306
-79.1903
-79.1506
-79.047
-78.9319
-78.8063
-78.2505
-76.527
-75.5832
-75.0068
-74.5277
-74.08
-73.6806
-73.4503
-73.2104
-73.1605
-73.1122
-73.0175
-72.9025
-72.7817
-72.6631
-72.5509
-72.4475
-72.3538
-72.2705
-72.1974
-72.1345
-72.0812
-72.037
-72.0014
-71.9737
-71.9533
-72.2459
-72.6219
-72.9165
-73.1471
-73.3307
-73.4794
-73.6015
-73.7032
-73.789
-73.8624
-73.9258
-73.9813
-74.0304
-74.0743
-74.1139
-74.1499
-74.183
-74.2137
-74.2423
-74.2692
-74.2946
-74.3188
-74.3419
-74.3641
-74.3855
-74.4062
-74.4262
-74.4458
-74.4649
-74.4835
-74.5018
-74.5197
-74.5374
-74.5547
-74.5718
-74.5886
-74.6052
-74.6216
-74.6377
-74.6537
-74.6695
-74.6851
-74.7006
-74.7159
-74.731
-74.746
-74.7608
-74.7755
-74.79
-74.8044
-74.8186
-71.6896
-67.8409
-64.9105
-62.6462
-60.7739
-59.0029
-56.8228
-51.686
38.606
-13.4124
-46.1851
-79.2439
-79.7234
-79.6969
-79.6585
-78.1052
-77.2424
-76.8382
-76.5012
-76.1669
-75.8258
-75.4783
-75.1271
-74.3352
-71.6805
-69.5803
-68.1037
-66.9936
-66.1174
-65.4017
-64.8035
-64.2956
-63.8607
-63.4857
-63.1621
-62.8843
-62.6458
-62.4424
-62.2718
-62.7067
-63.9071
-63.3845
-61.9445
-61.4401
-61.9119
-62.3345
-62.6641
-62.9308
-63.1547
-63.3482
-63.5207
-63.6789
-63.8277
-63.9704
-64.1094
-64.2463
-64.3818
-64.5167
-64.6516
-64.7869
-64.9228
-65.0595
-65.197
-65.3353
-65.4739
-65.6126
-65.7513
-65.8898
-66.0281
-66.1659
-66.3031
-66.4397
-66.5751
-66.7093
-66.8422
-66.9736
-67.1034
-67.2316
-67.3582
-67.4831
-67.6063
-67.7274
-67.8467
-67.964
-67.7688
-64.8101
-62.111
-59.9825
-58.0622
-55.7765
-50.4102
34.9308
-17.2761
-52.5013
-79.1368
-79.3648
-78.3545
-77.9706
-77.7273
-77.4813
-77.2218
-76.949
-76.6648
-76.3718
-76.0728
-74.5398
-71.849
-69.9468
-68.5987
-67.5742
-66.7564
-66.0817
-65.513
-65.0281
-64.6114
-64.4306
-65.1449
-65.803
-66.3019
-66.6882
-66.9937
-67.241
-67.4732
-68.3292
-69.1241
-69.7273
-70.1921
-70.557
-70.8486
-71.0855
-71.281
-71.4448
-71.584
-71.7039
-71.8086
-71.9011
-71.9839
-72.0587
-72.1271
-72.1902
-72.5269
-72.9278
-73.2453
-73.4967
-73.6987
-73.8633
-73.999
-74.1123
-74.2078
-74.2891
-74.3591
-74.4199
-74.4731
-74.52
-74.5618
-74.5993
-74.6332
-74.664
-74.6923
-74.7184
-74.7426
-74.7653
-74.7866
-74.8067
-74.8258
-74.844
-74.8614
-74.8782
-74.8944
-74.91
-74.9252
-74.94
-74.9544
-74.9684
-74.9822
-74.9957
-75.0089
-75.022
-75.0348
-75.0474
-75.0598
-75.0721
-75.0842
-75.0961
-75.108
-75.1196
-75.1312
-75.1426
-75.1539
-75.165
-75.1761
-75.187
-75.1979
-75.2086
-75.2192
-75.2298
-75.2402
-75.2505
-75.2607
-75.2709
-75.2809
-75.2909
-75.3008
-75.3105
-75.3202
-75.3298
-74.9292
-70.89
-67.2446
-64.4966
-62.3492
-60.5394
-58.7704
-56.4601
-49.8472
30.7924
-17.6863
-54.5566
-79.0076
-78.8116
-78.6403
-78.4778
-78.3016
-78.1113
-77.9072
-77.6904
-77.4623
-75.8646
-73.7137
-72.3507
-71.4019
-70.6551
-70.0231
-69.4669
-68.9682
-68.5178
-66.7427
-64.3977
-62.5929
-61.1594
-59.9098
-58.9372
-59.3076
-59.8568
-60.3784
-61.6243
-63.3714
-64.7157
-64.7309
-63.3916
-62.3756
-61.6571
-61.1229
-60.7096
-60.3761
-60.0959
-59.8543
-59.641
-59.4438
-59.2531
-59.0627
-58.8667
-58.6587
-58.4287
-58.1548
-57.8121
-57.3636
-56.7163
-55.6514
-53.3393
-35.7017
3.60798
-31.5059
-75.0313
-79.8074
-79.9262
-79.9237
-79.9139
-79.9024
-79.8894
-79.875
-79.8593
-79.8421
-79.8237
-79.8039
-79.783
-79.7611
-79.7383
-79.7148
-79.6907
-79.6663
-77.4871
-72.9255
-69.4148
-66.8065
-64.8148
-63.2428
-61.9422
-60.7896
-59.6592
-58.368
-56.462
-51.1574
36.3716
-15.0123
-48.6699
-78.8186
-79.1209
-79.0191
-78.9002
-78.77
-78.6285
-78.378
-76.4015
-75.1241
-74.3818
-73.8113
-73.3055

