-70
-69.8623
-69.7285
-69.5983
-69.4718
-69.3487
-69.2291
-69.1128
-68.9997
-68.8897
-68.7828
-68.6789
-68.5778
-68.4795
-68.3839
-68.291
-68.2007
-68.1128
-68.0274
-67.9443
-67.8636
-67.7851
-67.7087
-67.6345
-67.5623
-67.4921
-67.4238
-67.3574
-67.2929
-67.2301
-67.1691
-67.1098
-67.0521
-66.996
-66.9414
-66.8884
-66.8368
-66.7866
-66.7378
-66.6904
-66.6443
-66.5994
-66.5558
-66.5133
-66.4721
-66.432
-66.393
-66.355
-66.3181
-66.2823
-66.2474
-66.2134
-66.1805
-66.1484
-66.1172
-66.0868
-66.0573
-66.0286
-66.0007
-65.9736
-65.9472
-65.9215
-65.8966
-65.8723
-65.8487
-65.8257
-65.8034
-65.7817
-65.7606
-65.74
-65.72
-65.7006
-65.6817
-65.6633
-65.6455
-65.6281
-65.6112
-65.5948
-65.5788
-65.5632
-65.5481
-65.5334
-65.5191
-65.5052
-65.4917
-65.4785
-65.4657
-65.4533
-65.4412
-65.4294
-65.418
-65.4068
-65.396
-65.3855
-65.3752
-65.3653
-65.3556
-65.3462
-65.337
-65.3281
-65.3194
-65.311
-65.3028
-65.2948
-65.2871
-65.2795
-65.2722
-65.2651
-65.2581
-65.2514
-65.2448
-65.2385
-65.2322
-65.2262
-65.2203
-65.2146
-65.2091
-65.2037
-65.1984
-65.1933
-65.1884
-65.1835
-65.1788
-65.1743
-65.1698
-65.1655
-65.1613
-65.1572
-65.1532
-65.1493
-65.1456
-65.1419
-65.1384
-65.1349
-65.1315
-65.1283
-65.1251
-65.122
-65.119
-65.1161
-65.1132
-65.1104
-65.1077
-65.1051
-65.1026
-65.1001
-65.0977
-65.0953
-65.0931
-65.0908
-65.0887
-65.0866
-65.0845
-65.0826
-65.0806
-65.0788
-65.0769
-65.0752
-65.0734
-65.0718
-65.0701
-65.0685
-65.067
-65.0655
-65.064
-65.0626
-65.0612
-65.0599
-65.0586
-65.0573
-65.0561
-65.0549
-65.0537
-65.0526
-65.0514
-65.0504
-65.0493
-65.0483
-65.0473
-65.0464
-65.0454
-65.0445
-65.0436
-65.0428
-65.0419
-65.0411
-65.0403
-65.0395
-65.0388
-65.0381
-65.0374
-65.0367
-65.036
-65.0353
-65.0347
-65.0341
-65.0335
-65.0329
-65.0323
-65.0318
-65.0313
-65.0307
-65.0302
-65.0297
-65.0293
-65.0288
-65.0283
-65.0279
-65.0275
-65.027
-65.0266
-65.0262
-65.0259
-65.0255
-65.0251
-65.0248
-65.0244
-65.0241
-65.0238
-65.0234
-65.0231
-65.0228
-65.0225
-65.0223
-65.022
-65.0217
-65.0215
-65.0212
-65.021
-65.0207
-65.0205
-65.0203
-65.02
-65.0198
-65.0196
-65.0194
-65.0192
-65.019
-65.0188
-65.0187
-65.0185
-65.0183
-65.0181
-65.018
-65.0178
-65.0177
-65.0175
-65.0174
-65.0172
-65.0171
-65.017
-65.0168
-65.0167
-65.0166
-65.0165
-65.0163
-65.0162
-65.0161
-65.016
-65.0159
-65.0158
-65.0157
-65.0156
-65.0155
-65.0154
-65.0153
-65.0153
-65.0152
-65.0151
-65.015
-65.0149
-65.0149
-65.0148
-65.0147
-65.0147
-65.0146
-65.0145
-65.0145
-65.0144
-65.0143
-65.0143
-65.0142
-65.0142
-65.0141
-65.0141
-65.014
-65.014
-65.0139
-65.0139
-65.0138
-65.0138
-65.0137
-65.0137
-65.0137
-65.0136
-65.0136
-65.0135
-65.0135
-65.0135
-65.0134
-65.0134
-65.0134
-65.0133
-65.0133
-65.0133
-65.0133
-65.0132
-65.0132
-65.0132
-65.0131
-65.0131
-65.0131
-65.0131
-65.0131
-65.013
-65.013
-65.013
-65.013
-65.0129
-65.0129
-65.0129
-65.0129
-65.0129
-65.0129
-65.0128
-65.0128
-65.0128
-65.0128
-65.0128
-65.0128
-65.0127
-65.0127
-65.0127
-65.0127
-65.0127
-65.0127
-65.0127
-65.0127
-65.0126
-65.0126
-65.0126
-65.0126
-65.0126
-65.0126
-65.0126
-65.0126
-65.0126
-65.0126
-65.0125
-65.0125
-65.0125
-65.0125
-65.0125
-65.0125
-65.0125
-65.0125
-65.0125
-65.0125
-65.0125
-65.0125
-65.0125
-65.0124
-65.0124
-65.0124
-65.0124
-65.0124
-65.0124
-65.0124
-65.0124
-65.0124
-65.0124
-65.0124
-65.0124
-65.0124
-65.0124
-65.0124
-65.0124
-65.0124
-65.0124
-65.0124
-65.0124
-65.0124
-65.0124
-65.0124
-65.0123
-65.0123
-65.0123
-65.0123
-65.0123
-65.0123
-65.0123
-65.0123
-65.0123
-65.0123
-65.0123
-65.0123
-65.0123
-65.0123
-65.0123
-65.0123
-65.0123
-65.0123
-65.0123
-65.0123
-65.0123
-65.0123
-65.0123
-65.0123
-65.0123
-65.0123
-65.0123
-65.0123
-65.0123
-65.0123
-65.0123
-65.0123
-65.0123
-65.0123
-65.0123
-65.0123
-65.0123
-65.0123
-65.0123
-65.0123
-65.0123
-65.0123
-65.0123
-65.0123
-65.0123
-65.0123
-65.0123
-65.0123
-65.0123
-65.0123
-65.0123
-65.0123
-65.0123
-65.0123
-65.0123
-65.0123
-65.0123
-65.0123
-65.0123
-65.0123
-65.0123
-65.0123
-65.0123
-65.0123
-65.0123
-65.0123
-65.0123
-65.0123
-65.0123
-65.0123
-65.0123
-65.0123
-65.0123
-65.0123
-64.9505
-64.8995
-64.8615
-64.8344
-64.8133
-64.7964
-64.7828
-64.772
-64.7634
-64.7568
-64.7518
-64.7482
-64.7458
-64.7444
-64.7439
-64.7441
-64.745
-64.7465
-64.7484
-64.7508
-64.7534
-64.7564
-64.7596
-64.763
-64.7666
-64.7703
-64.7742
-64.7781
-64.7821
-64.7861
-64.7902
-64.7942
-64.7983
-64.8024
-64.8065
-64.8105
-64.8146
-64.8185
-64.8225
-64.8264
-64.8303
-64.8341
-64.8378
-64.8415
-64.8451
-64.8487
-64.8522
-64.8556
-64.859
-64.8623
-64.8655
-64.8686
-64.8717
-64.8748
-64.8777
-64.8438
-64.4453
-64.1669
-63.9102
-63.6686
-63.4656
-63.3112
-63.1915
-63.0979
-62.9708
-62.723
-62.553
-62.4257
-62.3351
-62.1702
-61.9481
-61.795
-61.6843
-61.5553
-61.4509
-61.3776
-61.3293
-61.2994
-61.2839
-61.2804
-61.287
-61.3021
-61.3245
-61.3529
-61.3866
-61.378
-61.385
-61.4032
-61.432
-61.467
-61.5067
-61.5501
-61.5965
-61.6453
-61.6961
-61.7483
-61.8018
-61.8561
-61.911
-61.9663
-62.0218
-62.0773
-62.1327
-62.1879
-62.2428
-62.2972
-62.3511
-62.4044
-62.4571
-62.4943
-62.4914
-62.5054
-62.5273
-62.5563
-62.5491
-62.5382
-62.5417
-62.5552
-62.5755
-62.6002
-62.6281
-62.6585
-62.6909
-62.7249
-62.7601
-62.7668
-62.7506
-62.7008
-62.6743
-62.6253
-62.4772
-62.3643
-62.2894
-62.1978
-62.0005
-61.869
-61.7418
-61.522
-61.3639
-61.2529
-61.1799
-61.0932
-60.9589
-60.8223
-60.7343
-60.6533
-60.5856
-60.5467
-60.529
-60.5284
-60.5406
-60.5634
-60.5949
-60.6338
-60.6675
-60.6745
-60.6996
-60.7351
-60.78
-60.8305
-60.8546
-60.8772
-60.9123
-60.9567
-61.0075
-61.0625
-61.1207
-61.1814
-61.244
-61.308
-61.3731
-61.4389
-61.5052
-61.5716
-61.6381
-61.7043
-61.7703
-61.8358
-61.9007
-61.965
-62.0285
-62.0912
-62.153
-62.2138
-62.2737
-62.3326
-62.3905
-62.4473
-62.5031
-62.5578
-62.6115
-62.6641
-62.7156
-62.766
-62.8153
-62.8636
-62.9109
-62.9571
-63.0023
-63.0464
-63.0895
-63.1317
-63.1728
-63.213
-63.2523
-63.2906
-63.328
-63.3645
-63.4001
-63.4349
-63.4688
-63.5019
-63.5342
-63.5657
-63.5964
-63.6264
-63.6556
-63.6841
-63.7118
-63.7389
-63.7654
-63.7911
-63.8162
-63.8407
-63.8646
-63.8879
-63.9106
-63.9327
-63.9543
-63.9753
-63.9958
-64.0158
-64.0353
-64.0543
-64.0651
-63.9599
-63.8937
-63.8475
-63.8192
-63.7643
-63.4564
-63.0692
-62.7423
-62.3529
-62.046
-61.8175
-61.6475
-61.518
-61.3612
-61.2463
-61.1628
-61.1061
-61.0692
-61.0484
-61.0412
-61.0453
-61.0591
-61.0812
-61.1102
-61.1451
-61.185
-61.2291
-61.2767
-61.3273
-61.3803
-61.4352
-61.4918
-61.5495
-61.6082
-61.6676
-61.6936
-61.7204
-61.7557
-61.7981
-61.8444
-61.8932
-61.9438
-61.9956
-62.0483
-62.1016
-62.1552
-62.209
-62.2177
-62.2338
-62.259
-62.2918
-62.3287
-62.3682
-62.4094
-62.452
-62.4955
-62.5397
-62.5843
-62.6291
-62.674
-62.7187
-62.7632
-62.8074
-62.8512
-62.8945
-62.9373
-62.9796
-63.0212
-63.0621
-63.0673
-63.0728
-63.0864
-63.1065
-63.0308
-62.9139
-62.8405
-62.795
-62.7691
-62.7209
-62.6682
-62.637
-62.6051
-62.5446
-62.4939
-62.3013
-62.1785
-62.0649
-61.9282
-61.7044
-61.553
-61.3611
-61.2019
-61.091
-61.0162
-60.9675
-60.9384
-60.9251
-60.9251
-60.9362
-60.9185
-60.9189
-60.9217
-60.9069
-60.9103
-60.8848
-60.8772
-60.8473
-60.8442
-60.8564
-60.8817
-60.9156
-60.9563
-61.0024
-61.053
-61.1072
-61.1644
-61.2238
-61.2851
-61.3479
-61.4117
-61.4763
-61.5414
-61.6067
-61.6721
-61.7373
-61.8023
-61.8669
-61.931
-61.9944
-62.0571
-62.1191
-62.1802
-62.2404
-62.2997
-62.358
-62.4153
-62.4717
-62.527
-62.5813
-62.6345
-62.6867
-62.7378
-62.7879
-62.8369
-62.8849
-62.9319
-62.9778
-63.0227
-63.0666
-63.1095
-63.1515
-63.1924
-63.2324
-63.2714
-63.3096
-63.3468
-63.3831
-63.4186
-63.4532
-63.4869
-63.5199
-63.552
-63.5834
-63.6139
-63.6438
-63.6728
-63.7012
-63.7289
-63.7558
-63.7821
-63.8078
-63.8328
-63.8572
-63.8809
-63.9041
-63.9267
-63.9487
-63.9702
-63.9911
-64.0115
-64.0314
-64.0508
-64.0697
-64.0882
-64.1061
-64.1236
-64.1407
-64.1573
-64.1736
-64.1894
-64.2048
-64.2198
-64.2345
-64.2292
-64.0659
-63.9573
-63.8785
-63.8257
-63.7868
-63.758
-63.7372
-63.7229
-63.714
-63.7097
-63.7093
-63.712
-63.6395
-63.2314
-62.7687
-62.4044
-62.1458
-61.9559
-61.8108
-61.6992
-61.5613
-61.4554
-61.3794
-61.3285
-61.2961
-61.2786
-61.2735
-61.2788
-61.2931
-61.3083
-61.2219
-61.1559
-61.1196
-61.1085
-61.113
-61.1286
-61.1528
-61.1842
-61.2215
-61.2636
-61.3098
-61.3593
-61.374
-61.3966
-61.4287
-61.4692
-61.5146
-61.5634
-61.6149
-61.6684
-61.7234
-61.7795
-61.8365
-61.894
-61.9518
-62.0097
-62.0675
-62.1252
-62.1825
-62.2034
-62.2185
-62.2445
-62.2778
-62.3157
-62.3562
-62.3985
-62.442
-62.4865
-62.5315
-62.5769
-62.6225
-62.668
-62.7134
-62.7586
-62.8033
-62.8477
-62.8915
-62.9012
-62.8694
-62.8259
-62.7518
-62.6608
-62.5978
-62.5597
-62.5395
-62.531
-62.5314
-62.539
-62.5524
-62.5706
-62.5928
-62.6183
-62.6465
-62.6738
-62.6561
-62.6335
-62.5817
-62.3762
-62.2087
-62.0865
-61.853
-61.6824
-61.561
-61.4798
-61.3858
-61.3129
-61.2376
-61.1613
-61.1004
-61.0256
-60.9496
-60.8683
-60.7748

